Prop_landscape_lost  cost_needed_for_top_fraction  min_prop_rem  ave_prop_rem  weighted_ave_prop_rem   prop_remaining_at_level_of_removal_for_each_ssi_feature...
0.0000  2.0234e+005  1.0000 1.0000 1.0000   1.000 1.000 
0.0010  2.0213e+005  1.0000 1.0000 1.0000   1.000 1.000 
0.0020  2.0193e+005  1.0000 1.0000 1.0000   1.000 1.000 
0.0030  2.0173e+005  1.0000 1.0000 1.0000   1.000 1.000 
0.0040  2.0153e+005  1.0000 1.0000 1.0000   1.000 1.000 
0.0050  2.0133e+005  1.0000 1.0000 1.0000   1.000 1.000 
0.0060  2.0112e+005  1.0000 1.0000 1.0000   1.000 1.000 
0.0070  2.0092e+005  1.0000 1.0000 1.0000   1.000 1.000 
0.0080  2.0072e+005  1.0000 1.0000 1.0000   1.000 1.000 
0.0090  2.0052e+005  1.0000 1.0000 1.0000   1.000 1.000 
0.0100  2.0032e+005  1.0000 1.0000 1.0000   1.000 1.000 
0.0110  2.0011e+005  1.0000 1.0000 1.0000   1.000 1.000 
0.0120  1.9991e+005  1.0000 1.0000 1.0000   1.000 1.000 
0.0130  1.9971e+005  1.0000 1.0000 1.0000   1.000 1.000 
0.0140  1.9951e+005  1.0000 1.0000 1.0000   1.000 1.000 
0.0150  1.9931e+005  1.0000 1.0000 1.0000   1.000 1.000 
0.0160  1.991e+005  1.0000 1.0000 1.0000   1.000 1.000 
0.0170  1.989e+005  1.0000 1.0000 1.0000   1.000 1.000 
0.0180  1.987e+005  1.0000 1.0000 1.0000   1.000 1.000 
0.0190  1.985e+005  1.0000 1.0000 1.0000   1.000 1.000 
0.0200  1.983e+005  1.0000 1.0000 1.0000   1.000 1.000 
0.0210  1.9809e+005  1.0000 1.0000 1.0000   1.000 1.000 
0.0220  1.9789e+005  1.0000 1.0000 1.0000   1.000 1.000 
0.0230  1.9769e+005  1.0000 1.0000 1.0000   1.000 1.000 
0.0240  1.9749e+005  1.0000 1.0000 1.0000   1.000 1.000 
0.0250  1.9729e+005  1.0000 1.0000 1.0000   1.000 1.000 
0.0260  1.9708e+005  1.0000 1.0000 1.0000   1.000 1.000 
0.0270  1.9688e+005  1.0000 1.0000 1.0000   1.000 1.000 
0.0280  1.9668e+005  1.0000 1.0000 1.0000   1.000 1.000 
0.0290  1.9648e+005  1.0000 1.0000 1.0000   1.000 1.000 
0.0300  1.9628e+005  1.0000 1.0000 1.0000   1.000 1.000 
0.0310  1.9607e+005  1.0000 1.0000 1.0000   1.000 1.000 
0.0320  1.9587e+005  1.0000 1.0000 1.0000   1.000 1.000 
0.0330  1.9567e+005  1.0000 1.0000 1.0000   1.000 1.000 
0.0340  1.9547e+005  1.0000 1.0000 1.0000   1.000 1.000 
0.0350  1.9527e+005  1.0000 1.0000 1.0000   1.000 1.000 
0.0359  1.9506e+005  1.0000 1.0000 1.0000   1.000 1.000 
0.0369  1.9486e+005  1.0000 1.0000 1.0000   1.000 1.000 
0.0379  1.9466e+005  1.0000 1.0000 1.0000   1.000 1.000 
0.0389  1.9446e+005  1.0000 1.0000 1.0000   1.000 1.000 
0.0399  1.9426e+005  1.0000 1.0000 1.0000   1.000 1.000 
0.0409  1.9405e+005  1.0000 1.0000 1.0000   1.000 1.000 
0.0419  1.9385e+005  1.0000 1.0000 1.0000   1.000 1.000 
0.0429  1.9365e+005  1.0000 1.0000 1.0000   1.000 1.000 
0.0439  1.9345e+005  1.0000 1.0000 1.0000   1.000 1.000 
0.0449  1.9325e+005  1.0000 1.0000 1.0000   1.000 1.000 
0.0459  1.9304e+005  1.0000 1.0000 1.0000   1.000 1.000 
0.0469  1.9284e+005  1.0000 1.0000 1.0000   1.000 1.000 
0.0479  1.9264e+005  1.0000 1.0000 1.0000   1.000 1.000 
0.0489  1.9244e+005  1.0000 1.0000 1.0000   1.000 1.000 
0.0499  1.9224e+005  1.0000 1.0000 1.0000   1.000 1.000 
0.0509  1.9203e+005  1.0000 1.0000 1.0000   1.000 1.000 
0.0519  1.9183e+005  1.0000 1.0000 1.0000   1.000 1.000 
0.0529  1.9163e+005  1.0000 1.0000 1.0000   1.000 1.000 
0.0539  1.9143e+005  1.0000 1.0000 1.0000   1.000 1.000 
0.0549  1.9123e+005  1.0000 1.0000 1.0000   1.000 1.000 
0.0559  1.9102e+005  1.0000 1.0000 1.0000   1.000 1.000 
0.0569  1.9082e+005  1.0000 1.0000 1.0000   1.000 1.000 
0.0579  1.9062e+005  1.0000 1.0000 1.0000   1.000 1.000 
0.0589  1.9042e+005  1.0000 1.0000 1.0000   1.000 1.000 
0.0599  1.9022e+005  1.0000 1.0000 1.0000   1.000 1.000 
0.0609  1.9001e+005  1.0000 1.0000 1.0000   1.000 1.000 
0.0619  1.8981e+005  1.0000 1.0000 1.0000   1.000 1.000 
0.0629  1.8961e+005  1.0000 1.0000 1.0000   1.000 1.000 
0.0639  1.8941e+005  1.0000 1.0000 1.0000   1.000 1.000 
0.0649  1.8921e+005  1.0000 1.0000 1.0000   1.000 1.000 
0.0659  1.89e+005   1.0000 1.0000 1.0000   1.000 1.000 
0.0669  1.888e+005  1.0000 1.0000 1.0000   1.000 1.000 
0.0679  1.886e+005  1.0000 1.0000 1.0000   1.000 1.000 
0.0689  1.884e+005  1.0000 1.0000 1.0000   1.000 1.000 
0.0699  1.882e+005  1.0000 1.0000 1.0000   1.000 1.000 
0.0709  1.8799e+005  1.0000 1.0000 1.0000   1.000 1.000 
0.0719  1.8779e+005  1.0000 1.0000 1.0000   1.000 1.000 
0.0729  1.8759e+005  1.0000 1.0000 1.0000   1.000 1.000 
0.0739  1.8739e+005  1.0000 1.0000 1.0000   1.000 1.000 
0.0749  1.8719e+005  1.0000 1.0000 1.0000   1.000 1.000 
0.0759  1.8698e+005  1.0000 1.0000 1.0000   1.000 1.000 
0.0769  1.8678e+005  1.0000 1.0000 1.0000   1.000 1.000 
0.0779  1.8658e+005  1.0000 1.0000 1.0000   1.000 1.000 
0.0789  1.8638e+005  1.0000 1.0000 1.0000   1.000 1.000 
0.0799  1.8618e+005  1.0000 1.0000 1.0000   1.000 1.000 
0.0809  1.8597e+005  1.0000 1.0000 1.0000   1.000 1.000 
0.0819  1.8577e+005  1.0000 1.0000 1.0000   1.000 1.000 
0.0829  1.8557e+005  1.0000 1.0000 1.0000   1.000 1.000 
0.0839  1.8537e+005  1.0000 1.0000 1.0000   1.000 1.000 
0.0849  1.8517e+005  1.0000 1.0000 1.0000   1.000 1.000 
0.0859  1.8496e+005  1.0000 1.0000 1.0000   1.000 1.000 
0.0869  1.8476e+005  1.0000 1.0000 1.0000   1.000 1.000 
0.0879  1.8456e+005  1.0000 1.0000 1.0000   1.000 1.000 
0.0889  1.8436e+005  1.0000 1.0000 1.0000   1.000 1.000 
0.0899  1.8416e+005  1.0000 1.0000 1.0000   1.000 1.000 
0.0909  1.8395e+005  1.0000 1.0000 1.0000   1.000 1.000 
0.0919  1.8375e+005  1.0000 1.0000 1.0000   1.000 1.000 
0.0929  1.8355e+005  1.0000 1.0000 1.0000   1.000 1.000 
0.0939  1.8335e+005  1.0000 1.0000 1.0000   1.000 1.000 
0.0949  1.8315e+005  1.0000 1.0000 1.0000   1.000 1.000 
0.0958  1.8294e+005  1.0000 1.0000 1.0000   1.000 1.000 
0.0968  1.8274e+005  1.0000 1.0000 1.0000   1.000 1.000 
0.0978  1.8254e+005  1.0000 1.0000 1.0000   1.000 1.000 
0.0988  1.8234e+005  1.0000 1.0000 1.0000   1.000 1.000 
0.0998  1.8214e+005  1.0000 1.0000 1.0000   1.000 1.000 
0.1008  1.8193e+005  1.0000 1.0000 1.0000   1.000 1.000 
0.1018  1.8173e+005  1.0000 1.0000 1.0000   1.000 1.000 
0.1028  1.8153e+005  1.0000 1.0000 1.0000   1.000 1.000 
0.1038  1.8133e+005  1.0000 1.0000 1.0000   1.000 1.000 
0.1048  1.8113e+005  1.0000 1.0000 1.0000   1.000 1.000 
0.1058  1.8092e+005  1.0000 1.0000 1.0000   1.000 1.000 
0.1068  1.8072e+005  1.0000 1.0000 1.0000   1.000 1.000 
0.1078  1.8052e+005  1.0000 1.0000 1.0000   1.000 1.000 
0.1088  1.8032e+005  1.0000 1.0000 1.0000   1.000 1.000 
0.1098  1.8012e+005  1.0000 1.0000 1.0000   1.000 1.000 
0.1108  1.7991e+005  1.0000 1.0000 1.0000   1.000 1.000 
0.1118  1.7971e+005  1.0000 1.0000 1.0000   1.000 1.000 
0.1128  1.7951e+005  1.0000 1.0000 1.0000   1.000 1.000 
0.1138  1.7931e+005  1.0000 1.0000 1.0000   1.000 1.000 
0.1148  1.7911e+005  1.0000 1.0000 1.0000   1.000 1.000 
0.1158  1.789e+005  1.0000 1.0000 1.0000   1.000 1.000 
0.1168  1.787e+005  1.0000 1.0000 1.0000   1.000 1.000 
0.1178  1.785e+005  1.0000 1.0000 1.0000   1.000 1.000 
0.1188  1.783e+005  1.0000 1.0000 1.0000   1.000 1.000 
0.1198  1.781e+005  1.0000 1.0000 1.0000   1.000 1.000 
0.1208  1.7789e+005  1.0000 1.0000 1.0000   1.000 1.000 
0.1218  1.7769e+005  1.0000 1.0000 1.0000   1.000 1.000 
0.1228  1.7749e+005  1.0000 1.0000 1.0000   1.000 1.000 
0.1238  1.7729e+005  1.0000 1.0000 1.0000   1.000 1.000 
0.1248  1.7709e+005  1.0000 1.0000 1.0000   1.000 1.000 
0.1258  1.7688e+005  1.0000 1.0000 1.0000   1.000 1.000 
0.1268  1.7668e+005  1.0000 1.0000 1.0000   1.000 1.000 
0.1278  1.7648e+005  1.0000 1.0000 1.0000   1.000 1.000 
0.1288  1.7628e+005  1.0000 1.0000 1.0000   1.000 1.000 
0.1298  1.7608e+005  1.0000 1.0000 1.0000   1.000 1.000 
0.1308  1.7587e+005  1.0000 1.0000 1.0000   1.000 1.000 
0.1318  1.7567e+005  1.0000 1.0000 1.0000   1.000 1.000 
0.1328  1.7547e+005  1.0000 1.0000 1.0000   1.000 1.000 
0.1338  1.7527e+005  1.0000 1.0000 1.0000   1.000 1.000 
0.1348  1.7507e+005  1.0000 1.0000 1.0000   1.000 1.000 
0.1358  1.7486e+005  1.0000 1.0000 1.0000   1.000 1.000 
0.1368  1.7466e+005  1.0000 1.0000 1.0000   1.000 1.000 
0.1378  1.7446e+005  1.0000 1.0000 1.0000   1.000 1.000 
0.1388  1.7426e+005  1.0000 1.0000 1.0000   1.000 1.000 
0.1398  1.7406e+005  1.0000 1.0000 1.0000   1.000 1.000 
0.1408  1.7385e+005  1.0000 1.0000 1.0000   1.000 1.000 
0.1418  1.7365e+005  1.0000 1.0000 1.0000   1.000 1.000 
0.1428  1.7345e+005  1.0000 1.0000 1.0000   1.000 1.000 
0.1438  1.7325e+005  1.0000 1.0000 1.0000   1.000 1.000 
0.1448  1.7305e+005  1.0000 1.0000 1.0000   1.000 1.000 
0.1458  1.7284e+005  1.0000 1.0000 1.0000   1.000 1.000 
0.1468  1.7264e+005  1.0000 1.0000 1.0000   1.000 1.000 
0.1478  1.7244e+005  1.0000 1.0000 1.0000   1.000 1.000 
0.1488  1.7224e+005  1.0000 1.0000 1.0000   1.000 1.000 
0.1498  1.7204e+005  1.0000 1.0000 1.0000   1.000 1.000 
0.1508  1.7183e+005  1.0000 1.0000 1.0000   1.000 1.000 
0.1518  1.7163e+005  1.0000 1.0000 1.0000   1.000 1.000 
0.1528  1.7143e+005  1.0000 1.0000 1.0000   1.000 1.000 
0.1538  1.7123e+005  1.0000 1.0000 1.0000   1.000 1.000 
0.1548  1.7103e+005  1.0000 1.0000 1.0000   1.000 1.000 
0.1557  1.7082e+005  1.0000 1.0000 1.0000   1.000 1.000 
0.1567  1.7062e+005  1.0000 1.0000 1.0000   1.000 1.000 
0.1577  1.7042e+005  1.0000 1.0000 1.0000   1.000 1.000 
0.1587  1.7022e+005  1.0000 1.0000 1.0000   1.000 1.000 
0.1597  1.7002e+005  1.0000 1.0000 1.0000   1.000 1.000 
0.1607  1.6981e+005  1.0000 1.0000 1.0000   1.000 1.000 
0.1617  1.6961e+005  1.0000 1.0000 1.0000   1.000 1.000 
0.1627  1.6941e+005  1.0000 1.0000 1.0000   1.000 1.000 
0.1637  1.6921e+005  1.0000 1.0000 1.0000   1.000 1.000 
0.1647  1.6901e+005  1.0000 1.0000 1.0000   1.000 1.000 
0.1657  1.688e+005  1.0000 1.0000 1.0000   1.000 1.000 
0.1667  1.686e+005  1.0000 1.0000 1.0000   1.000 1.000 
0.1677  1.684e+005  1.0000 1.0000 1.0000   1.000 1.000 
0.1687  1.682e+005  1.0000 1.0000 1.0000   1.000 1.000 
0.1697  1.68e+005   1.0000 1.0000 1.0000   1.000 1.000 
0.1707  1.6779e+005  1.0000 1.0000 1.0000   1.000 1.000 
0.1717  1.6759e+005  1.0000 1.0000 1.0000   1.000 1.000 
0.1727  1.6739e+005  1.0000 1.0000 1.0000   1.000 1.000 
0.1737  1.6719e+005  1.0000 1.0000 1.0000   1.000 1.000 
0.1747  1.6699e+005  1.0000 1.0000 1.0000   1.000 1.000 
0.1757  1.6678e+005  1.0000 1.0000 1.0000   1.000 1.000 
0.1767  1.6658e+005  1.0000 1.0000 1.0000   1.000 1.000 
0.1777  1.6638e+005  1.0000 1.0000 1.0000   1.000 1.000 
0.1787  1.6618e+005  1.0000 1.0000 1.0000   1.000 1.000 
0.1797  1.6598e+005  1.0000 1.0000 1.0000   1.000 1.000 
0.1807  1.6577e+005  1.0000 1.0000 1.0000   1.000 1.000 
0.1817  1.6557e+005  1.0000 1.0000 1.0000   1.000 1.000 
0.1827  1.6537e+005  1.0000 1.0000 1.0000   1.000 1.000 
0.1837  1.6517e+005  1.0000 1.0000 1.0000   1.000 1.000 
0.1847  1.6497e+005  1.0000 1.0000 1.0000   1.000 1.000 
0.1857  1.6476e+005  1.0000 1.0000 1.0000   1.000 1.000 
0.1867  1.6456e+005  1.0000 1.0000 1.0000   1.000 1.000 
0.1877  1.6436e+005  1.0000 1.0000 1.0000   1.000 1.000 
0.1887  1.6416e+005  1.0000 1.0000 1.0000   1.000 1.000 
0.1897  1.6396e+005  1.0000 1.0000 1.0000   1.000 1.000 
0.1907  1.6375e+005  1.0000 1.0000 1.0000   1.000 1.000 
0.1917  1.6355e+005  1.0000 1.0000 1.0000   1.000 1.000 
0.1927  1.6335e+005  1.0000 1.0000 1.0000   1.000 1.000 
0.1937  1.6315e+005  1.0000 1.0000 1.0000   1.000 1.000 
0.1947  1.6295e+005  1.0000 1.0000 1.0000   1.000 1.000 
0.1957  1.6274e+005  1.0000 1.0000 1.0000   1.000 1.000 
0.1967  1.6254e+005  1.0000 1.0000 1.0000   1.000 1.000 
0.1977  1.6234e+005  1.0000 1.0000 1.0000   1.000 1.000 
0.1987  1.6214e+005  1.0000 1.0000 1.0000   1.000 1.000 
0.1997  1.6194e+005  1.0000 1.0000 1.0000   1.000 1.000 
0.2007  1.6173e+005  1.0000 1.0000 1.0000   1.000 1.000 
0.2017  1.6153e+005  1.0000 1.0000 1.0000   1.000 1.000 
0.2027  1.6133e+005  1.0000 1.0000 1.0000   1.000 1.000 
0.2037  1.6113e+005  1.0000 1.0000 1.0000   1.000 1.000 
0.2047  1.6093e+005  1.0000 1.0000 1.0000   1.000 1.000 
0.2057  1.6072e+005  1.0000 1.0000 1.0000   1.000 1.000 
0.2067  1.6052e+005  1.0000 1.0000 1.0000   1.000 1.000 
0.2077  1.6032e+005  1.0000 1.0000 1.0000   1.000 1.000 
0.2087  1.6012e+005  1.0000 1.0000 1.0000   1.000 1.000 
0.2097  1.5992e+005  1.0000 1.0000 1.0000   1.000 1.000 
0.2107  1.5971e+005  1.0000 1.0000 1.0000   1.000 1.000 
0.2117  1.5951e+005  1.0000 1.0000 1.0000   1.000 1.000 
0.2127  1.5931e+005  1.0000 1.0000 1.0000   1.000 1.000 
0.2137  1.5911e+005  1.0000 1.0000 1.0000   1.000 1.000 
0.2147  1.5891e+005  1.0000 1.0000 1.0000   1.000 1.000 
0.2156  1.587e+005  1.0000 1.0000 1.0000   1.000 1.000 
0.2166  1.585e+005  1.0000 1.0000 1.0000   1.000 1.000 
0.2176  1.583e+005  1.0000 1.0000 1.0000   1.000 1.000 
0.2186  1.581e+005  1.0000 1.0000 1.0000   1.000 1.000 
0.2196  1.579e+005  1.0000 1.0000 1.0000   1.000 1.000 
0.2206  1.5769e+005  1.0000 1.0000 1.0000   1.000 1.000 
0.2216  1.5749e+005  1.0000 1.0000 1.0000   1.000 1.000 
0.2226  1.5729e+005  1.0000 1.0000 1.0000   1.000 1.000 
0.2236  1.5709e+005  1.0000 1.0000 1.0000   1.000 1.000 
0.2246  1.5689e+005  1.0000 1.0000 1.0000   1.000 1.000 
0.2256  1.5668e+005  1.0000 1.0000 1.0000   1.000 1.000 
0.2266  1.5648e+005  1.0000 1.0000 1.0000   1.000 1.000 
0.2276  1.5628e+005  1.0000 1.0000 1.0000   1.000 1.000 
0.2286  1.5608e+005  1.0000 1.0000 1.0000   1.000 1.000 
0.2296  1.5588e+005  1.0000 1.0000 1.0000   1.000 1.000 
0.2306  1.5567e+005  1.0000 1.0000 1.0000   1.000 1.000 
0.2316  1.5547e+005  1.0000 1.0000 1.0000   1.000 1.000 
0.2326  1.5527e+005  1.0000 1.0000 1.0000   1.000 1.000 
0.2336  1.5507e+005  1.0000 1.0000 1.0000   1.000 1.000 
0.2346  1.5487e+005  1.0000 1.0000 1.0000   1.000 1.000 
0.2356  1.5466e+005  1.0000 1.0000 1.0000   1.000 1.000 
0.2366  1.5446e+005  1.0000 1.0000 1.0000   1.000 1.000 
0.2376  1.5426e+005  1.0000 1.0000 1.0000   1.000 1.000 
0.2386  1.5406e+005  1.0000 1.0000 1.0000   1.000 1.000 
0.2396  1.5386e+005  1.0000 1.0000 1.0000   1.000 1.000 
0.2406  1.5365e+005  1.0000 1.0000 1.0000   1.000 1.000 
0.2416  1.5345e+005  1.0000 1.0000 1.0000   1.000 1.000 
0.2426  1.5325e+005  1.0000 1.0000 1.0000   1.000 1.000 
0.2436  1.5305e+005  1.0000 1.0000 1.0000   1.000 1.000 
0.2446  1.5285e+005  1.0000 1.0000 1.0000   1.000 1.000 
0.2456  1.5264e+005  1.0000 1.0000 1.0000   1.000 1.000 
0.2466  1.5244e+005  1.0000 1.0000 1.0000   1.000 1.000 
0.2476  1.5224e+005  1.0000 1.0000 1.0000   1.000 1.000 
0.2486  1.5204e+005  1.0000 1.0000 1.0000   1.000 1.000 
0.2496  1.5184e+005  1.0000 1.0000 1.0000   1.000 1.000 
0.2506  1.5163e+005  1.0000 1.0000 1.0000   1.000 1.000 
0.2516  1.5143e+005  1.0000 1.0000 1.0000   1.000 1.000 
0.2526  1.5123e+005  1.0000 1.0000 1.0000   1.000 1.000 
0.2536  1.5103e+005  1.0000 1.0000 1.0000   1.000 1.000 
0.2546  1.5083e+005  1.0000 1.0000 1.0000   1.000 1.000 
0.2556  1.5062e+005  1.0000 1.0000 1.0000   1.000 1.000 
0.2566  1.5042e+005  1.0000 1.0000 1.0000   1.000 1.000 
0.2576  1.5022e+005  1.0000 1.0000 1.0000   1.000 1.000 
0.2586  1.5002e+005  1.0000 1.0000 1.0000   1.000 1.000 
0.2596  1.4982e+005  1.0000 1.0000 1.0000   1.000 1.000 
0.2606  1.4961e+005  1.0000 1.0000 1.0000   1.000 1.000 
0.2616  1.4941e+005  1.0000 1.0000 1.0000   1.000 1.000 
0.2626  1.4921e+005  1.0000 1.0000 1.0000   1.000 1.000 
0.2636  1.4901e+005  1.0000 1.0000 1.0000   1.000 1.000 
0.2646  1.4881e+005  1.0000 1.0000 1.0000   1.000 1.000 
0.2656  1.486e+005  1.0000 1.0000 1.0000   1.000 1.000 
0.2666  1.484e+005  1.0000 1.0000 1.0000   1.000 1.000 
0.2676  1.482e+005  1.0000 1.0000 1.0000   1.000 1.000 
0.2686  1.48e+005   1.0000 1.0000 1.0000   1.000 1.000 
0.2696  1.478e+005  1.0000 1.0000 1.0000   1.000 1.000 
0.2706  1.4759e+005  1.0000 1.0000 1.0000   1.000 1.000 
0.2716  1.4739e+005  1.0000 1.0000 1.0000   1.000 1.000 
0.2726  1.4719e+005  1.0000 1.0000 1.0000   1.000 1.000 
0.2736  1.4699e+005  1.0000 1.0000 1.0000   1.000 1.000 
0.2746  1.4679e+005  1.0000 1.0000 1.0000   1.000 1.000 
0.2755  1.4658e+005  1.0000 1.0000 1.0000   1.000 1.000 
0.2765  1.4638e+005  1.0000 1.0000 1.0000   1.000 1.000 
0.2775  1.4618e+005  1.0000 1.0000 1.0000   1.000 1.000 
0.2785  1.4598e+005  1.0000 1.0000 1.0000   1.000 1.000 
0.2795  1.4578e+005  1.0000 1.0000 1.0000   1.000 1.000 
0.2805  1.4557e+005  1.0000 1.0000 1.0000   1.000 1.000 
0.2815  1.4537e+005  1.0000 1.0000 1.0000   1.000 1.000 
0.2825  1.4517e+005  1.0000 1.0000 1.0000   1.000 1.000 
0.2835  1.4497e+005  1.0000 1.0000 1.0000   1.000 1.000 
0.2845  1.4477e+005  1.0000 1.0000 1.0000   1.000 1.000 
0.2855  1.4456e+005  1.0000 1.0000 1.0000   1.000 1.000 
0.2865  1.4436e+005  1.0000 1.0000 1.0000   1.000 1.000 
0.2875  1.4416e+005  1.0000 1.0000 1.0000   1.000 1.000 
0.2885  1.4396e+005  1.0000 1.0000 1.0000   1.000 1.000 
0.2895  1.4376e+005  1.0000 1.0000 1.0000   1.000 1.000 
0.2905  1.4355e+005  1.0000 1.0000 1.0000   1.000 1.000 
0.2915  1.4335e+005  1.0000 1.0000 1.0000   1.000 1.000 
0.2925  1.4315e+005  1.0000 1.0000 1.0000   1.000 1.000 
0.2935  1.4295e+005  1.0000 1.0000 1.0000   1.000 1.000 
0.2945  1.4275e+005  1.0000 1.0000 1.0000   1.000 1.000 
0.2955  1.4254e+005  1.0000 1.0000 1.0000   1.000 1.000 
0.2965  1.4234e+005  1.0000 1.0000 1.0000   1.000 1.000 
0.2975  1.4214e+005  1.0000 1.0000 1.0000   1.000 1.000 
0.2985  1.4194e+005  1.0000 1.0000 1.0000   1.000 1.000 
0.2995  1.4174e+005  1.0000 1.0000 1.0000   1.000 1.000 
0.3005  1.4153e+005  1.0000 1.0000 1.0000   1.000 1.000 
0.3015  1.4133e+005  1.0000 1.0000 1.0000   1.000 1.000 
0.3025  1.4113e+005  1.0000 1.0000 1.0000   1.000 1.000 
0.3035  1.4093e+005  1.0000 1.0000 1.0000   1.000 1.000 
0.3045  1.4073e+005  1.0000 1.0000 1.0000   1.000 1.000 
0.3055  1.4052e+005  1.0000 1.0000 1.0000   1.000 1.000 
0.3065  1.4032e+005  1.0000 1.0000 1.0000   1.000 1.000 
0.3075  1.4012e+005  1.0000 1.0000 1.0000   1.000 1.000 
0.3085  1.3992e+005  1.0000 1.0000 1.0000   1.000 1.000 
0.3095  1.3972e+005  1.0000 1.0000 1.0000   1.000 1.000 
0.3105  1.3951e+005  1.0000 1.0000 1.0000   1.000 1.000 
0.3115  1.3931e+005  1.0000 1.0000 1.0000   1.000 1.000 
0.3125  1.3911e+005  1.0000 1.0000 1.0000   1.000 1.000 
0.3135  1.3891e+005  1.0000 1.0000 1.0000   1.000 1.000 
0.3145  1.3871e+005  1.0000 1.0000 1.0000   1.000 1.000 
0.3155  1.385e+005  1.0000 1.0000 1.0000   1.000 1.000 
0.3165  1.383e+005  1.0000 1.0000 1.0000   1.000 1.000 
0.3175  1.381e+005  1.0000 1.0000 1.0000   1.000 1.000 
0.3185  1.379e+005  1.0000 1.0000 1.0000   1.000 1.000 
0.3195  1.377e+005  1.0000 1.0000 1.0000   1.000 1.000 
0.3205  1.3749e+005  1.0000 1.0000 1.0000   1.000 1.000 
0.3215  1.3729e+005  1.0000 1.0000 1.0000   1.000 1.000 
0.3225  1.3709e+005  1.0000 1.0000 1.0000   1.000 1.000 
0.3235  1.3689e+005  1.0000 1.0000 1.0000   1.000 1.000 
0.3245  1.3669e+005  1.0000 1.0000 1.0000   1.000 1.000 
0.3255  1.3648e+005  1.0000 1.0000 1.0000   1.000 1.000 
0.3265  1.3628e+005  1.0000 1.0000 1.0000   1.000 1.000 
0.3275  1.3608e+005  1.0000 1.0000 1.0000   1.000 1.000 
0.3285  1.3588e+005  1.0000 1.0000 1.0000   1.000 1.000 
0.3295  1.3568e+005  1.0000 1.0000 1.0000   1.000 1.000 
0.3305  1.3547e+005  1.0000 1.0000 1.0000   1.000 1.000 
0.3315  1.3527e+005  1.0000 1.0000 1.0000   1.000 1.000 
0.3325  1.3507e+005  1.0000 1.0000 1.0000   1.000 1.000 
0.3335  1.3487e+005  1.0000 1.0000 1.0000   1.000 1.000 
0.3345  1.3467e+005  1.0000 1.0000 1.0000   1.000 1.000 
0.3354  1.3446e+005  1.0000 1.0000 1.0000   1.000 1.000 
0.3364  1.3426e+005  1.0000 1.0000 1.0000   1.000 1.000 
0.3374  1.3406e+005  1.0000 1.0000 1.0000   1.000 1.000 
0.3384  1.3386e+005  1.0000 1.0000 1.0000   1.000 1.000 
0.3394  1.3366e+005  1.0000 1.0000 1.0000   1.000 1.000 
0.3404  1.3345e+005  1.0000 1.0000 1.0000   1.000 1.000 
0.3414  1.3325e+005  1.0000 1.0000 1.0000   1.000 1.000 
0.3424  1.3305e+005  1.0000 1.0000 1.0000   1.000 1.000 
0.3434  1.3285e+005  1.0000 1.0000 1.0000   1.000 1.000 
0.3444  1.3265e+005  1.0000 1.0000 1.0000   1.000 1.000 
0.3454  1.3244e+005  1.0000 1.0000 1.0000   1.000 1.000 
0.3464  1.3224e+005  1.0000 1.0000 1.0000   1.000 1.000 
0.3474  1.3204e+005  1.0000 1.0000 1.0000   1.000 1.000 
0.3484  1.3184e+005  1.0000 1.0000 1.0000   1.000 1.000 
0.3494  1.3164e+005  1.0000 1.0000 1.0000   1.000 1.000 
0.3504  1.3143e+005  1.0000 1.0000 1.0000   1.000 1.000 
0.3514  1.3123e+005  1.0000 1.0000 1.0000   1.000 1.000 
0.3524  1.3103e+005  1.0000 1.0000 1.0000   1.000 1.000 
0.3534  1.3083e+005  1.0000 1.0000 1.0000   1.000 1.000 
0.3544  1.3063e+005  1.0000 1.0000 1.0000   1.000 1.000 
0.3554  1.3042e+005  1.0000 1.0000 1.0000   1.000 1.000 
0.3564  1.3022e+005  1.0000 1.0000 1.0000   1.000 1.000 
0.3574  1.3002e+005  1.0000 1.0000 1.0000   1.000 1.000 
0.3584  1.2982e+005  1.0000 1.0000 1.0000   1.000 1.000 
0.3594  1.2962e+005  1.0000 1.0000 1.0000   1.000 1.000 
0.3604  1.2941e+005  1.0000 1.0000 1.0000   1.000 1.000 
0.3614  1.2921e+005  1.0000 1.0000 1.0000   1.000 1.000 
0.3624  1.2901e+005  1.0000 1.0000 1.0000   1.000 1.000 
0.3634  1.2881e+005  1.0000 1.0000 1.0000   1.000 1.000 
0.3644  1.2861e+005  1.0000 1.0000 1.0000   1.000 1.000 
0.3654  1.284e+005  1.0000 1.0000 1.0000   1.000 1.000 
0.3664  1.282e+005  1.0000 1.0000 1.0000   1.000 1.000 
0.3674  1.28e+005   1.0000 1.0000 1.0000   1.000 1.000 
0.3684  1.278e+005  1.0000 1.0000 1.0000   1.000 1.000 
0.3694  1.276e+005  1.0000 1.0000 1.0000   1.000 1.000 
0.3704  1.2739e+005  1.0000 1.0000 1.0000   1.000 1.000 
0.3714  1.2719e+005  1.0000 1.0000 1.0000   1.000 1.000 
0.3724  1.2699e+005  1.0000 1.0000 1.0000   1.000 1.000 
0.3734  1.2679e+005  1.0000 1.0000 1.0000   1.000 1.000 
0.3744  1.2659e+005  1.0000 1.0000 1.0000   1.000 1.000 
0.3754  1.2638e+005  1.0000 1.0000 1.0000   1.000 1.000 
0.3764  1.2618e+005  1.0000 1.0000 1.0000   1.000 1.000 
0.3774  1.2598e+005  1.0000 1.0000 1.0000   1.000 1.000 
0.3784  1.2578e+005  1.0000 1.0000 1.0000   1.000 1.000 
0.3794  1.2558e+005  1.0000 1.0000 1.0000   1.000 1.000 
0.3804  1.2537e+005  1.0000 1.0000 1.0000   1.000 1.000 
0.3814  1.2517e+005  1.0000 1.0000 1.0000   1.000 1.000 
0.3824  1.2497e+005  1.0000 1.0000 1.0000   1.000 1.000 
0.3834  1.2477e+005  1.0000 1.0000 1.0000   1.000 1.000 
0.3844  1.2457e+005  1.0000 1.0000 1.0000   1.000 1.000 
0.3854  1.2436e+005  1.0000 1.0000 1.0000   1.000 1.000 
0.3864  1.2416e+005  1.0000 1.0000 1.0000   1.000 1.000 
0.3874  1.2396e+005  1.0000 1.0000 1.0000   1.000 1.000 
0.3884  1.2376e+005  1.0000 1.0000 1.0000   1.000 1.000 
0.3894  1.2356e+005  1.0000 1.0000 1.0000   1.000 1.000 
0.3904  1.2335e+005  1.0000 1.0000 1.0000   1.000 1.000 
0.3914  1.2315e+005  1.0000 1.0000 1.0000   1.000 1.000 
0.3924  1.2295e+005  1.0000 1.0000 1.0000   1.000 1.000 
0.3934  1.2275e+005  1.0000 1.0000 1.0000   1.000 1.000 
0.3944  1.2255e+005  1.0000 1.0000 1.0000   1.000 1.000 
0.3953  1.2234e+005  1.0000 1.0000 1.0000   1.000 1.000 
0.3963  1.2214e+005  1.0000 1.0000 1.0000   1.000 1.000 
0.3973  1.2194e+005  1.0000 1.0000 1.0000   1.000 1.000 
0.3983  1.2174e+005  1.0000 1.0000 1.0000   1.000 1.000 
0.3993  1.2154e+005  1.0000 1.0000 1.0000   1.000 1.000 
0.4003  1.2133e+005  1.0000 1.0000 1.0000   1.000 1.000 
0.4013  1.2113e+005  1.0000 1.0000 1.0000   1.000 1.000 
0.4023  1.2093e+005  1.0000 1.0000 1.0000   1.000 1.000 
0.4033  1.2073e+005  1.0000 1.0000 1.0000   1.000 1.000 
0.4043  1.2053e+005  1.0000 1.0000 1.0000   1.000 1.000 
0.4053  1.2032e+005  1.0000 1.0000 1.0000   1.000 1.000 
0.4063  1.2012e+005  1.0000 1.0000 1.0000   1.000 1.000 
0.4073  1.1992e+005  1.0000 1.0000 1.0000   1.000 1.000 
0.4083  1.1972e+005  1.0000 1.0000 1.0000   1.000 1.000 
0.4093  1.1952e+005  1.0000 1.0000 1.0000   1.000 1.000 
0.4103  1.1931e+005  1.0000 1.0000 1.0000   1.000 1.000 
0.4113  1.1911e+005  1.0000 1.0000 1.0000   1.000 1.000 
0.4123  1.1891e+005  1.0000 1.0000 1.0000   1.000 1.000 
0.4133  1.1871e+005  1.0000 1.0000 1.0000   1.000 1.000 
0.4143  1.1851e+005  1.0000 1.0000 1.0000   1.000 1.000 
0.4153  1.183e+005  1.0000 1.0000 1.0000   1.000 1.000 
0.4163  1.181e+005  1.0000 1.0000 1.0000   1.000 1.000 
0.4173  1.179e+005  1.0000 1.0000 1.0000   1.000 1.000 
0.4183  1.177e+005  1.0000 1.0000 1.0000   1.000 1.000 
0.4193  1.175e+005  1.0000 1.0000 1.0000   1.000 1.000 
0.4203  1.1729e+005  1.0000 1.0000 1.0000   1.000 1.000 
0.4213  1.1709e+005  1.0000 1.0000 1.0000   1.000 1.000 
0.4223  1.1689e+005  1.0000 1.0000 1.0000   1.000 1.000 
0.4233  1.1669e+005  1.0000 1.0000 1.0000   1.000 1.000 
0.4243  1.1649e+005  1.0000 1.0000 1.0000   1.000 1.000 
0.4253  1.1628e+005  1.0000 1.0000 1.0000   1.000 1.000 
0.4263  1.1608e+005  1.0000 1.0000 1.0000   1.000 1.000 
0.4273  1.1588e+005  1.0000 1.0000 1.0000   1.000 1.000 
0.4283  1.1568e+005  1.0000 1.0000 1.0000   1.000 1.000 
0.4293  1.1548e+005  1.0000 1.0000 1.0000   1.000 1.000 
0.4303  1.1527e+005  1.0000 1.0000 1.0000   1.000 1.000 
0.4313  1.1507e+005  1.0000 1.0000 1.0000   1.000 1.000 
0.4323  1.1487e+005  1.0000 1.0000 1.0000   1.000 1.000 
0.4333  1.1467e+005  1.0000 1.0000 1.0000   1.000 1.000 
0.4343  1.1447e+005  1.0000 1.0000 1.0000   1.000 1.000 
0.4353  1.1426e+005  1.0000 1.0000 1.0000   1.000 1.000 
0.4363  1.1406e+005  1.0000 1.0000 1.0000   1.000 1.000 
0.4373  1.1386e+005  1.0000 1.0000 1.0000   1.000 1.000 
0.4383  1.1366e+005  1.0000 1.0000 1.0000   1.000 1.000 
0.4393  1.1346e+005  1.0000 1.0000 1.0000   1.000 1.000 
0.4403  1.1325e+005  1.0000 1.0000 1.0000   1.000 1.000 
0.4413  1.1305e+005  1.0000 1.0000 1.0000   1.000 1.000 
0.4423  1.1285e+005  1.0000 1.0000 1.0000   1.000 1.000 
0.4433  1.1265e+005  1.0000 1.0000 1.0000   1.000 1.000 
0.4443  1.1245e+005  1.0000 1.0000 1.0000   1.000 1.000 
0.4453  1.1224e+005  1.0000 1.0000 1.0000   1.000 1.000 
0.4463  1.1204e+005  1.0000 1.0000 1.0000   1.000 1.000 
0.4473  1.1184e+005  1.0000 1.0000 1.0000   1.000 1.000 
0.4483  1.1164e+005  1.0000 1.0000 1.0000   1.000 1.000 
0.4493  1.1144e+005  1.0000 1.0000 1.0000   1.000 1.000 
0.4503  1.1123e+005  1.0000 1.0000 1.0000   1.000 1.000 
0.4513  1.1103e+005  1.0000 1.0000 1.0000   1.000 1.000 
0.4523  1.1083e+005  1.0000 1.0000 1.0000   1.000 1.000 
0.4533  1.1063e+005  1.0000 1.0000 1.0000   1.000 1.000 
0.4542  1.1043e+005  1.0000 1.0000 1.0000   1.000 1.000 
0.4552  1.1022e+005  1.0000 1.0000 1.0000   1.000 1.000 
0.4562  1.1002e+005  1.0000 1.0000 1.0000   1.000 1.000 
0.4572  1.0982e+005  1.0000 1.0000 1.0000   1.000 1.000 
0.4582  1.0962e+005  1.0000 1.0000 1.0000   1.000 1.000 
0.4592  1.0942e+005  1.0000 1.0000 1.0000   1.000 1.000 
0.4602  1.0921e+005  1.0000 1.0000 1.0000   1.000 1.000 
0.4612  1.0901e+005  1.0000 1.0000 1.0000   1.000 1.000 
0.4622  1.0881e+005  1.0000 1.0000 1.0000   1.000 1.000 
0.4632  1.0861e+005  1.0000 1.0000 1.0000   1.000 1.000 
0.4642  1.0841e+005  1.0000 1.0000 1.0000   1.000 1.000 
0.4652  1.082e+005  1.0000 1.0000 1.0000   1.000 1.000 
0.4662  1.08e+005   1.0000 1.0000 1.0000   1.000 1.000 
0.4672  1.078e+005  1.0000 1.0000 1.0000   1.000 1.000 
0.4682  1.076e+005  1.0000 1.0000 1.0000   1.000 1.000 
0.4692  1.074e+005  1.0000 1.0000 1.0000   1.000 1.000 
0.4702  1.0719e+005  1.0000 1.0000 1.0000   1.000 1.000 
0.4712  1.0699e+005  1.0000 1.0000 1.0000   1.000 1.000 
0.4722  1.0679e+005  1.0000 1.0000 1.0000   1.000 1.000 
0.4732  1.0659e+005  1.0000 1.0000 1.0000   1.000 1.000 
0.4742  1.0639e+005  1.0000 1.0000 1.0000   1.000 1.000 
0.4752  1.0618e+005  1.0000 1.0000 1.0000   1.000 1.000 
0.4762  1.0598e+005  1.0000 1.0000 1.0000   1.000 1.000 
0.4772  1.0578e+005  1.0000 1.0000 1.0000   1.000 1.000 
0.4782  1.0558e+005  1.0000 1.0000 1.0000   1.000 1.000 
0.4792  1.0538e+005  1.0000 1.0000 1.0000   1.000 1.000 
0.4802  1.0517e+005  1.0000 1.0000 1.0000   1.000 1.000 
0.4812  1.0497e+005  1.0000 1.0000 1.0000   1.000 1.000 
0.4822  1.0477e+005  1.0000 1.0000 1.0000   1.000 1.000 
0.4832  1.0457e+005  1.0000 1.0000 1.0000   1.000 1.000 
0.4842  1.0437e+005  1.0000 1.0000 1.0000   1.000 1.000 
0.4852  1.0416e+005  1.0000 1.0000 1.0000   1.000 1.000 
0.4862  1.0396e+005  1.0000 1.0000 1.0000   1.000 1.000 
0.4872  1.0376e+005  1.0000 1.0000 1.0000   1.000 1.000 
0.4882  1.0356e+005  1.0000 1.0000 1.0000   1.000 1.000 
0.4892  1.0336e+005  1.0000 1.0000 1.0000   1.000 1.000 
0.4902  1.0315e+005  1.0000 1.0000 1.0000   1.000 1.000 
0.4912  1.0295e+005  1.0000 1.0000 1.0000   1.000 1.000 
0.4922  1.0275e+005  1.0000 1.0000 1.0000   1.000 1.000 
0.4932  1.0255e+005  1.0000 1.0000 1.0000   1.000 1.000 
0.4942  1.0235e+005  1.0000 1.0000 1.0000   1.000 1.000 
0.4952  1.0214e+005  1.0000 1.0000 1.0000   1.000 1.000 
0.4962  1.0194e+005  1.0000 1.0000 1.0000   1.000 1.000 
0.4972  1.0174e+005  1.0000 1.0000 1.0000   1.000 1.000 
0.4982  1.0154e+005  1.0000 1.0000 1.0000   1.000 1.000 
0.4992  1.0134e+005  1.0000 1.0000 1.0000   1.000 1.000 
0.5002  1.0113e+005  1.0000 1.0000 1.0000   1.000 1.000 
0.5012  1.0093e+005  1.0000 1.0000 1.0000   1.000 1.000 
0.5022  1.0073e+005  1.0000 1.0000 1.0000   1.000 1.000 
0.5032  1.0053e+005  1.0000 1.0000 1.0000   1.000 1.000 
0.5042  1.0033e+005  1.0000 1.0000 1.0000   1.000 1.000 
0.5052  1.0012e+005  1.0000 1.0000 1.0000   1.000 1.000 
0.5062  99922       1.0000 1.0000 1.0000   1.000 1.000 
0.5072  99720       1.0000 1.0000 1.0000   1.000 1.000 
0.5082  99518       1.0000 1.0000 1.0000   1.000 1.000 
0.5092  99316       1.0000 1.0000 1.0000   1.000 1.000 
0.5102  99114       1.0000 1.0000 1.0000   1.000 1.000 
0.5112  98912       1.0000 1.0000 1.0000   1.000 1.000 
0.5122  98710       1.0000 1.0000 1.0000   1.000 1.000 
0.5132  98508       1.0000 1.0000 1.0000   1.000 1.000 
0.5141  98306       1.0000 1.0000 1.0000   1.000 1.000 
0.5151  98104       1.0000 1.0000 1.0000   1.000 1.000 
0.5161  97902       1.0000 1.0000 1.0000   1.000 1.000 
0.5171  97700       1.0000 1.0000 1.0000   1.000 1.000 
0.5181  97498       1.0000 1.0000 1.0000   1.000 1.000 
0.5191  97296       1.0000 1.0000 1.0000   1.000 1.000 
0.5201  97094       1.0000 1.0000 1.0000   1.000 1.000 
0.5211  96892       1.0000 1.0000 1.0000   1.000 1.000 
0.5221  96690       1.0000 1.0000 1.0000   1.000 1.000 
0.5231  96488       1.0000 1.0000 1.0000   1.000 1.000 
0.5241  96286       1.0000 1.0000 1.0000   1.000 1.000 
0.5251  96084       1.0000 1.0000 1.0000   1.000 1.000 
0.5261  95882       1.0000 1.0000 1.0000   1.000 1.000 
0.5271  95680       1.0000 1.0000 1.0000   1.000 1.000 
0.5281  95478       1.0000 1.0000 1.0000   1.000 1.000 
0.5291  95276       1.0000 1.0000 1.0000   1.000 1.000 
0.5301  95074       1.0000 1.0000 1.0000   1.000 1.000 
0.5311  94872       1.0000 1.0000 1.0000   1.000 1.000 
0.5321  94670       1.0000 1.0000 1.0000   1.000 1.000 
0.5331  94468       1.0000 1.0000 1.0000   1.000 1.000 
0.5341  94266       1.0000 1.0000 1.0000   1.000 1.000 
0.5351  94064       1.0000 1.0000 1.0000   1.000 1.000 
0.5361  93862       1.0000 1.0000 1.0000   1.000 1.000 
0.5371  93660       1.0000 1.0000 1.0000   1.000 1.000 
0.5381  93458       1.0000 1.0000 1.0000   1.000 1.000 
0.5391  93256       1.0000 1.0000 1.0000   1.000 1.000 
0.5401  93054       1.0000 1.0000 1.0000   1.000 1.000 
0.5411  92852       1.0000 1.0000 1.0000   1.000 1.000 
0.5421  92650       1.0000 1.0000 1.0000   1.000 1.000 
0.5431  92448       1.0000 1.0000 1.0000   1.000 1.000 
0.5441  92246       1.0000 1.0000 1.0000   1.000 1.000 
0.5451  92044       1.0000 1.0000 1.0000   1.000 1.000 
0.5461  91842       1.0000 1.0000 1.0000   1.000 1.000 
0.5471  91640       1.0000 1.0000 1.0000   1.000 1.000 
0.5481  91438       1.0000 1.0000 1.0000   1.000 1.000 
0.5491  91236       1.0000 1.0000 1.0000   1.000 1.000 
0.5501  91034       1.0000 1.0000 1.0000   1.000 1.000 
0.5511  90832       1.0000 1.0000 1.0000   1.000 1.000 
0.5521  90630       1.0000 1.0000 1.0000   1.000 1.000 
0.5531  90428       1.0000 1.0000 1.0000   1.000 1.000 
0.5541  90226       1.0000 1.0000 1.0000   1.000 1.000 
0.5551  90024       1.0000 1.0000 1.0000   1.000 1.000 
0.5561  89822       1.0000 1.0000 1.0000   1.000 1.000 
0.5571  89620       1.0000 1.0000 1.0000   1.000 1.000 
0.5581  89418       1.0000 1.0000 1.0000   1.000 1.000 
0.5591  89216       1.0000 1.0000 1.0000   1.000 1.000 
0.5601  89014       1.0000 1.0000 1.0000   1.000 1.000 
0.5611  88812       1.0000 1.0000 1.0000   1.000 1.000 
0.5621  88610       1.0000 1.0000 1.0000   1.000 1.000 
0.5631  88408       1.0000 1.0000 1.0000   1.000 1.000 
0.5641  88206       1.0000 1.0000 1.0000   1.000 1.000 
0.5651  88004       1.0000 1.0000 1.0000   1.000 1.000 
0.5661  87802       1.0000 1.0000 1.0000   1.000 1.000 
0.5671  87600       1.0000 1.0000 1.0000   1.000 1.000 
0.5681  87398       1.0000 1.0000 1.0000   1.000 1.000 
0.5691  87196       1.0000 1.0000 1.0000   1.000 1.000 
0.5701  86994       1.0000 1.0000 1.0000   1.000 1.000 
0.5711  86792       1.0000 1.0000 1.0000   1.000 1.000 
0.5721  86590       1.0000 1.0000 1.0000   1.000 1.000 
0.5731  86388       1.0000 1.0000 1.0000   1.000 1.000 
0.5740  86186       1.0000 1.0000 1.0000   1.000 1.000 
0.5750  85984       1.0000 1.0000 1.0000   1.000 1.000 
0.5760  85782       1.0000 1.0000 1.0000   1.000 1.000 
0.5770  85580       1.0000 1.0000 1.0000   1.000 1.000 
0.5780  85378       1.0000 1.0000 1.0000   1.000 1.000 
0.5790  85176       1.0000 1.0000 1.0000   1.000 1.000 
0.5800  84974       1.0000 1.0000 1.0000   1.000 1.000 
0.5810  84772       1.0000 1.0000 1.0000   1.000 1.000 
0.5820  84570       1.0000 1.0000 1.0000   1.000 1.000 
0.5830  84368       1.0000 1.0000 1.0000   1.000 1.000 
0.5840  84166       1.0000 1.0000 1.0000   1.000 1.000 
0.5850  83964       1.0000 1.0000 1.0000   1.000 1.000 
0.5860  83762       1.0000 1.0000 1.0000   1.000 1.000 
0.5870  83560       1.0000 1.0000 1.0000   1.000 1.000 
0.5880  83358       1.0000 1.0000 1.0000   1.000 1.000 
0.5890  83156       1.0000 1.0000 1.0000   1.000 1.000 
0.5900  82954       1.0000 1.0000 1.0000   1.000 1.000 
0.5910  82752       1.0000 1.0000 1.0000   1.000 1.000 
0.5920  82550       1.0000 1.0000 1.0000   1.000 1.000 
0.5930  82348       1.0000 1.0000 1.0000   1.000 1.000 
0.5940  82146       1.0000 1.0000 1.0000   1.000 1.000 
0.5950  81944       1.0000 1.0000 1.0000   1.000 1.000 
0.5960  81742       1.0000 1.0000 1.0000   1.000 1.000 
0.5970  81540       1.0000 1.0000 1.0000   1.000 1.000 
0.5980  81338       1.0000 1.0000 1.0000   1.000 1.000 
0.5990  81136       1.0000 1.0000 1.0000   1.000 1.000 
0.6000  80934       1.0000 1.0000 1.0000   1.000 1.000 
0.6010  80732       1.0000 1.0000 1.0000   1.000 1.000 
0.6020  80530       1.0000 1.0000 1.0000   1.000 1.000 
0.6030  80328       1.0000 1.0000 1.0000   1.000 1.000 
0.6040  80126       1.0000 1.0000 1.0000   1.000 1.000 
0.6050  79924       1.0000 1.0000 1.0000   1.000 1.000 
0.6060  79722       1.0000 1.0000 1.0000   1.000 1.000 
0.6070  79520       1.0000 1.0000 1.0000   1.000 1.000 
0.6080  79318       1.0000 1.0000 1.0000   1.000 1.000 
0.6090  79116       1.0000 1.0000 1.0000   1.000 1.000 
0.6100  78914       1.0000 1.0000 1.0000   1.000 1.000 
0.6110  78712       1.0000 1.0000 1.0000   1.000 1.000 
0.6120  78510       1.0000 1.0000 1.0000   1.000 1.000 
0.6130  78308       1.0000 1.0000 1.0000   1.000 1.000 
0.6140  78106       1.0000 1.0000 1.0000   1.000 1.000 
0.6150  77904       1.0000 1.0000 1.0000   1.000 1.000 
0.6160  77702       1.0000 1.0000 1.0000   1.000 1.000 
0.6170  77500       1.0000 1.0000 1.0000   1.000 1.000 
0.6180  77298       1.0000 1.0000 1.0000   1.000 1.000 
0.6190  77096       1.0000 1.0000 1.0000   1.000 1.000 
0.6200  76894       1.0000 1.0000 1.0000   1.000 1.000 
0.6210  76692       1.0000 1.0000 1.0000   1.000 1.000 
0.6220  76490       1.0000 1.0000 1.0000   1.000 1.000 
0.6230  76288       1.0000 1.0000 1.0000   1.000 1.000 
0.6240  76086       1.0000 1.0000 1.0000   1.000 1.000 
0.6250  75884       1.0000 1.0000 1.0000   1.000 1.000 
0.6260  75682       1.0000 1.0000 1.0000   1.000 1.000 
0.6270  75480       1.0000 1.0000 1.0000   1.000 1.000 
0.6280  75278       1.0000 1.0000 1.0000   1.000 1.000 
0.6290  75076       1.0000 1.0000 1.0000   1.000 1.000 
0.6300  74874       1.0000 1.0000 1.0000   1.000 1.000 
0.6310  74672       1.0000 1.0000 1.0000   1.000 1.000 
0.6320  74470       1.0000 1.0000 1.0000   1.000 1.000 
0.6330  74268       1.0000 1.0000 1.0000   1.000 1.000 
0.6339  74066       1.0000 1.0000 1.0000   1.000 1.000 
0.6349  73864       1.0000 1.0000 1.0000   1.000 1.000 
0.6359  73662       1.0000 1.0000 1.0000   1.000 1.000 
0.6369  73460       1.0000 1.0000 1.0000   1.000 1.000 
0.6379  73258       1.0000 1.0000 1.0000   1.000 1.000 
0.6389  73056       1.0000 1.0000 1.0000   1.000 1.000 
0.6399  72854       1.0000 1.0000 1.0000   1.000 1.000 
0.6409  72652       1.0000 1.0000 1.0000   1.000 1.000 
0.6419  72450       1.0000 1.0000 1.0000   1.000 1.000 
0.6429  72248       1.0000 1.0000 1.0000   1.000 1.000 
0.6439  72046       1.0000 1.0000 1.0000   1.000 1.000 
0.6449  71844       1.0000 1.0000 1.0000   1.000 1.000 
0.6459  71642       1.0000 1.0000 1.0000   1.000 1.000 
0.6469  71440       1.0000 1.0000 1.0000   1.000 1.000 
0.6479  71238       1.0000 1.0000 1.0000   1.000 1.000 
0.6489  71036       1.0000 1.0000 1.0000   1.000 1.000 
0.6499  70834       1.0000 1.0000 1.0000   1.000 1.000 
0.6509  70632       1.0000 1.0000 1.0000   1.000 1.000 
0.6519  70430       1.0000 1.0000 1.0000   1.000 1.000 
0.6529  70228       1.0000 1.0000 1.0000   1.000 1.000 
0.6539  70026       1.0000 1.0000 1.0000   1.000 1.000 
0.6549  69824       1.0000 1.0000 1.0000   1.000 1.000 
0.6559  69622       1.0000 1.0000 1.0000   1.000 1.000 
0.6569  69420       1.0000 1.0000 1.0000   1.000 1.000 
0.6579  69218       1.0000 1.0000 1.0000   1.000 1.000 
0.6589  69016       1.0000 1.0000 1.0000   1.000 1.000 
0.6599  68814       1.0000 1.0000 1.0000   1.000 1.000 
0.6609  68612       1.0000 1.0000 1.0000   1.000 1.000 
0.6619  68410       1.0000 1.0000 1.0000   1.000 1.000 
0.6629  68208       1.0000 1.0000 1.0000   1.000 1.000 
0.6639  68006       1.0000 1.0000 1.0000   1.000 1.000 
0.6649  67804       1.0000 1.0000 1.0000   1.000 1.000 
0.6659  67602       1.0000 1.0000 1.0000   1.000 1.000 
0.6669  67400       1.0000 1.0000 1.0000   1.000 1.000 
0.6679  67198       1.0000 1.0000 1.0000   1.000 1.000 
0.6689  66996       1.0000 1.0000 1.0000   1.000 1.000 
0.6699  66794       1.0000 1.0000 1.0000   1.000 1.000 
0.6709  66592       1.0000 1.0000 1.0000   1.000 1.000 
0.6719  66390       1.0000 1.0000 1.0000   1.000 1.000 
0.6729  66188       1.0000 1.0000 1.0000   1.000 1.000 
0.6739  65986       1.0000 1.0000 1.0000   1.000 1.000 
0.6749  65784       1.0000 1.0000 1.0000   1.000 1.000 
0.6759  65582       1.0000 1.0000 1.0000   1.000 1.000 
0.6769  65380       1.0000 1.0000 1.0000   1.000 1.000 
0.6779  65178       1.0000 1.0000 1.0000   1.000 1.000 
0.6789  64976       1.0000 1.0000 1.0000   1.000 1.000 
0.6799  64774       1.0000 1.0000 1.0000   1.000 1.000 
0.6809  64572       1.0000 1.0000 1.0000   1.000 1.000 
0.6819  64370       1.0000 1.0000 1.0000   1.000 1.000 
0.6829  64168       1.0000 1.0000 1.0000   1.000 1.000 
0.6839  63966       1.0000 1.0000 1.0000   1.000 1.000 
0.6849  63764       1.0000 1.0000 1.0000   1.000 1.000 
0.6859  63562       1.0000 1.0000 1.0000   1.000 1.000 
0.6869  63360       1.0000 1.0000 1.0000   1.000 1.000 
0.6879  63158       1.0000 1.0000 1.0000   1.000 1.000 
0.6889  62956       1.0000 1.0000 1.0000   1.000 1.000 
0.6899  62754       1.0000 1.0000 1.0000   1.000 1.000 
0.6909  62552       1.0000 1.0000 1.0000   1.000 1.000 
0.6919  62350       1.0000 1.0000 1.0000   1.000 1.000 
0.6929  62148       1.0000 1.0000 1.0000   1.000 1.000 
0.6938  61946       1.0000 1.0000 1.0000   1.000 1.000 
0.6948  61744       1.0000 1.0000 1.0000   1.000 1.000 
0.6958  61542       1.0000 1.0000 1.0000   1.000 1.000 
0.6968  61340       1.0000 1.0000 1.0000   1.000 1.000 
0.6978  61138       1.0000 1.0000 1.0000   1.000 1.000 
0.6988  60936       1.0000 1.0000 1.0000   1.000 1.000 
0.6998  60734       1.0000 1.0000 1.0000   1.000 1.000 
0.7008  60532       1.0000 1.0000 1.0000   1.000 1.000 
0.7018  60330       1.0000 1.0000 1.0000   1.000 1.000 
0.7028  60128       1.0000 1.0000 1.0000   1.000 1.000 
0.7038  59926       1.0000 1.0000 1.0000   1.000 1.000 
0.7048  59724       1.0000 1.0000 1.0000   1.000 1.000 
0.7058  59522       1.0000 1.0000 1.0000   1.000 1.000 
0.7068  59320       1.0000 1.0000 1.0000   1.000 1.000 
0.7078  59118       1.0000 1.0000 1.0000   1.000 1.000 
0.7088  58916       1.0000 1.0000 1.0000   1.000 1.000 
0.7098  58714       1.0000 1.0000 1.0000   1.000 1.000 
0.7108  58512       1.0000 1.0000 1.0000   1.000 1.000 
0.7118  58310       1.0000 1.0000 1.0000   1.000 1.000 
0.7128  58108       1.0000 1.0000 1.0000   1.000 1.000 
0.7138  57906       1.0000 1.0000 1.0000   1.000 1.000 
0.7148  57704       1.0000 1.0000 1.0000   1.000 1.000 
0.7158  57502       1.0000 1.0000 1.0000   1.000 1.000 
0.7168  57300       1.0000 1.0000 1.0000   1.000 1.000 
0.7178  57098       1.0000 1.0000 1.0000   1.000 1.000 
0.7188  56896       1.0000 1.0000 1.0000   1.000 1.000 
0.7198  56694       1.0000 1.0000 1.0000   1.000 1.000 
0.7208  56492       1.0000 1.0000 1.0000   1.000 1.000 
0.7218  56290       1.0000 1.0000 1.0000   1.000 1.000 
0.7228  56088       1.0000 1.0000 1.0000   1.000 1.000 
0.7238  55886       1.0000 1.0000 1.0000   1.000 1.000 
0.7248  55684       1.0000 1.0000 1.0000   1.000 1.000 
0.7258  55482       1.0000 1.0000 1.0000   1.000 1.000 
0.7268  55280       1.0000 1.0000 1.0000   1.000 1.000 
0.7278  55078       1.0000 1.0000 1.0000   1.000 1.000 
0.7288  54876       1.0000 1.0000 1.0000   1.000 1.000 
0.7298  54674       1.0000 1.0000 1.0000   1.000 1.000 
0.7308  54472       1.0000 1.0000 1.0000   1.000 1.000 
0.7318  54270       1.0000 1.0000 1.0000   1.000 1.000 
0.7328  54068       1.0000 1.0000 1.0000   1.000 1.000 
0.7338  53866       1.0000 1.0000 1.0000   1.000 1.000 
0.7348  53664       1.0000 1.0000 1.0000   1.000 1.000 
0.7358  53462       1.0000 1.0000 1.0000   1.000 1.000 
0.7368  53260       1.0000 1.0000 1.0000   1.000 1.000 
0.7378  53058       1.0000 1.0000 1.0000   1.000 1.000 
0.7388  52856       1.0000 1.0000 1.0000   1.000 1.000 
0.7398  52654       1.0000 1.0000 1.0000   1.000 1.000 
0.7408  52452       1.0000 1.0000 1.0000   1.000 1.000 
0.7418  52250       1.0000 1.0000 1.0000   1.000 1.000 
0.7428  52048       1.0000 1.0000 1.0000   1.000 1.000 
0.7438  51846       1.0000 1.0000 1.0000   1.000 1.000 
0.7448  51644       1.0000 1.0000 1.0000   1.000 1.000 
0.7458  51442       1.0000 1.0000 1.0000   1.000 1.000 
0.7468  51240       1.0000 1.0000 1.0000   1.000 1.000 
0.7478  51038       1.0000 1.0000 1.0000   1.000 1.000 
0.7488  50836       1.0000 1.0000 1.0000   1.000 1.000 
0.7498  50634       1.0000 1.0000 1.0000   1.000 1.000 
0.7508  50432       1.0000 1.0000 1.0000   1.000 1.000 
0.7518  50230       1.0000 1.0000 1.0000   1.000 1.000 
0.7528  50028       1.0000 1.0000 1.0000   1.000 1.000 
0.7537  49826       1.0000 1.0000 1.0000   1.000 1.000 
0.7547  49624       1.0000 1.0000 1.0000   1.000 1.000 
0.7557  49422       1.0000 1.0000 1.0000   1.000 1.000 
0.7567  49220       1.0000 1.0000 1.0000   1.000 1.000 
0.7577  49018       1.0000 1.0000 1.0000   1.000 1.000 
0.7587  48816       1.0000 1.0000 1.0000   1.000 1.000 
0.7597  48614       1.0000 1.0000 1.0000   1.000 1.000 
0.7607  48412       1.0000 1.0000 1.0000   1.000 1.000 
0.7617  48210       1.0000 1.0000 1.0000   1.000 1.000 
0.7627  48008       1.0000 1.0000 1.0000   1.000 1.000 
0.7637  47806       1.0000 1.0000 1.0000   1.000 1.000 
0.7647  47604       1.0000 1.0000 1.0000   1.000 1.000 
0.7657  47402       1.0000 1.0000 1.0000   1.000 1.000 
0.7667  47200       1.0000 1.0000 1.0000   1.000 1.000 
0.7677  46998       1.0000 1.0000 1.0000   1.000 1.000 
0.7687  46796       1.0000 1.0000 1.0000   1.000 1.000 
0.7697  46594       1.0000 1.0000 1.0000   1.000 1.000 
0.7707  46392       1.0000 1.0000 1.0000   1.000 1.000 
0.7717  46190       1.0000 1.0000 1.0000   1.000 1.000 
0.7727  45988       1.0000 1.0000 1.0000   1.000 1.000 
0.7737  45786       1.0000 1.0000 1.0000   1.000 1.000 
0.7747  45584       1.0000 1.0000 1.0000   1.000 1.000 
0.7757  45382       1.0000 1.0000 1.0000   1.000 1.000 
0.7767  45180       1.0000 1.0000 1.0000   1.000 1.000 
0.7777  44978       1.0000 1.0000 1.0000   1.000 1.000 
0.7787  44776       1.0000 1.0000 1.0000   1.000 1.000 
0.7797  44574       1.0000 1.0000 1.0000   1.000 1.000 
0.7807  44372       1.0000 1.0000 1.0000   1.000 1.000 
0.7817  44170       1.0000 1.0000 1.0000   1.000 1.000 
0.7827  43968       1.0000 1.0000 1.0000   1.000 1.000 
0.7837  43766       1.0000 1.0000 1.0000   1.000 1.000 
0.7847  43564       1.0000 1.0000 1.0000   1.000 1.000 
0.7857  43362       1.0000 1.0000 1.0000   1.000 1.000 
0.7867  43160       1.0000 1.0000 1.0000   1.000 1.000 
0.7877  42958       1.0000 1.0000 1.0000   1.000 1.000 
0.7887  42756       1.0000 1.0000 1.0000   1.000 1.000 
0.7897  42554       1.0000 1.0000 1.0000   1.000 1.000 
0.7907  42352       1.0000 1.0000 1.0000   1.000 1.000 
0.7917  42150       1.0000 1.0000 1.0000   1.000 1.000 
0.7927  41948       1.0000 1.0000 1.0000   1.000 1.000 
0.7937  41746       1.0000 1.0000 1.0000   1.000 1.000 
0.7947  41544       1.0000 1.0000 1.0000   1.000 1.000 
0.7957  41342       1.0000 1.0000 1.0000   1.000 1.000 
0.7967  41140       1.0000 1.0000 1.0000   1.000 1.000 
0.7977  40938       1.0000 1.0000 1.0000   1.000 1.000 
0.7987  40736       1.0000 1.0000 1.0000   1.000 1.000 
0.7997  40534       1.0000 1.0000 1.0000   1.000 1.000 
0.8007  40332       1.0000 1.0000 1.0000   1.000 1.000 
0.8017  40130       1.0000 1.0000 1.0000   1.000 1.000 
0.8027  39928       1.0000 1.0000 1.0000   1.000 1.000 
0.8037  39726       1.0000 1.0000 1.0000   1.000 1.000 
0.8047  39524       1.0000 1.0000 1.0000   1.000 1.000 
0.8057  39322       1.0000 1.0000 1.0000   1.000 1.000 
0.8067  39120       1.0000 1.0000 1.0000   1.000 1.000 
0.8077  38918       1.0000 1.0000 1.0000   1.000 1.000 
0.8087  38716       1.0000 1.0000 1.0000   1.000 1.000 
0.8097  38514       1.0000 1.0000 1.0000   1.000 1.000 
0.8107  38312       1.0000 1.0000 1.0000   1.000 1.000 
0.8117  38110       1.0000 1.0000 1.0000   1.000 1.000 
0.8127  37908       1.0000 1.0000 1.0000   1.000 1.000 
0.8136  37706       1.0000 1.0000 1.0000   1.000 1.000 
0.8146  37504       1.0000 1.0000 1.0000   1.000 1.000 
0.8156  37302       1.0000 1.0000 1.0000   1.000 1.000 
0.8166  37100       1.0000 1.0000 1.0000   1.000 1.000 
0.8176  36898       1.0000 1.0000 1.0000   1.000 1.000 
0.8186  36696       1.0000 1.0000 1.0000   1.000 1.000 
0.8196  36494       1.0000 1.0000 1.0000   1.000 1.000 
0.8206  36292       1.0000 1.0000 1.0000   1.000 1.000 
0.8216  36090       1.0000 1.0000 1.0000   1.000 1.000 
0.8226  35888       1.0000 1.0000 1.0000   1.000 1.000 
0.8236  35686       1.0000 1.0000 1.0000   1.000 1.000 
0.8246  35484       1.0000 1.0000 1.0000   1.000 1.000 
0.8256  35282       1.0000 1.0000 1.0000   1.000 1.000 
0.8266  35080       1.0000 1.0000 1.0000   1.000 1.000 
0.8276  34878       1.0000 1.0000 1.0000   1.000 1.000 
0.8286  34676       1.0000 1.0000 1.0000   1.000 1.000 
0.8296  34474       1.0000 1.0000 1.0000   1.000 1.000 
0.8306  34272       1.0000 1.0000 1.0000   1.000 1.000 
0.8316  34070       1.0000 1.0000 1.0000   1.000 1.000 
0.8326  33868       1.0000 1.0000 1.0000   1.000 1.000 
0.8336  33666       1.0000 1.0000 1.0000   1.000 1.000 
0.8346  33464       1.0000 1.0000 1.0000   1.000 1.000 
0.8356  33262       1.0000 1.0000 1.0000   1.000 1.000 
0.8366  33060       1.0000 1.0000 1.0000   1.000 1.000 
0.8376  32858       1.0000 1.0000 1.0000   1.000 1.000 
0.8386  32656       1.0000 1.0000 1.0000   1.000 1.000 
0.8396  32454       1.0000 1.0000 1.0000   1.000 1.000 
0.8406  32252       1.0000 1.0000 1.0000   1.000 1.000 
0.8416  32050       1.0000 1.0000 1.0000   1.000 1.000 
0.8426  31848       1.0000 1.0000 1.0000   1.000 1.000 
0.8436  31646       1.0000 1.0000 1.0000   1.000 1.000 
0.8446  31444       1.0000 1.0000 1.0000   1.000 1.000 
0.8456  31242       1.0000 1.0000 1.0000   1.000 1.000 
0.8466  31040       1.0000 1.0000 1.0000   1.000 1.000 
0.8476  30838       1.0000 1.0000 1.0000   1.000 1.000 
0.8486  30636       1.0000 1.0000 1.0000   1.000 1.000 
0.8496  30434       1.0000 1.0000 1.0000   1.000 1.000 
0.8506  30232       1.0000 1.0000 1.0000   1.000 1.000 
0.8516  30030       1.0000 1.0000 1.0000   1.000 1.000 
0.8526  29828       1.0000 1.0000 1.0000   1.000 1.000 
0.8536  29626       1.0000 1.0000 1.0000   1.000 1.000 
0.8546  29424       1.0000 1.0000 1.0000   1.000 1.000 
0.8556  29222       1.0000 1.0000 1.0000   1.000 1.000 
0.8566  29020       1.0000 1.0000 1.0000   1.000 1.000 
0.8576  28818       1.0000 1.0000 1.0000   1.000 1.000 
0.8586  28616       1.0000 1.0000 1.0000   1.000 1.000 
0.8596  28414       1.0000 1.0000 1.0000   1.000 1.000 
0.8606  28212       1.0000 1.0000 1.0000   1.000 1.000 
0.8616  28010       1.0000 1.0000 1.0000   1.000 1.000 
0.8626  27808       1.0000 1.0000 1.0000   1.000 1.000 
0.8636  27606       1.0000 1.0000 1.0000   1.000 1.000 
0.8646  27404       1.0000 1.0000 1.0000   1.000 1.000 
0.8656  27202       1.0000 1.0000 1.0000   1.000 1.000 
0.8666  27000       1.0000 1.0000 1.0000   1.000 1.000 
0.8676  26798       1.0000 1.0000 1.0000   1.000 1.000 
0.8686  26596       1.0000 1.0000 1.0000   1.000 1.000 
0.8696  26394       1.0000 1.0000 1.0000   1.000 1.000 
0.8706  26192       1.0000 1.0000 1.0000   1.000 1.000 
0.8716  25990       1.0000 1.0000 1.0000   1.000 1.000 
0.8725  25788       1.0000 1.0000 1.0000   1.000 1.000 
0.8735  25586       1.0000 1.0000 1.0000   1.000 1.000 
0.8745  25384       1.0000 1.0000 1.0000   1.000 1.000 
0.8755  25182       1.0000 1.0000 1.0000   1.000 1.000 
0.8765  24980       1.0000 1.0000 1.0000   1.000 1.000 
0.8775  24778       1.0000 1.0000 1.0000   1.000 1.000 
0.8785  24576       1.0000 1.0000 1.0000   1.000 1.000 
0.8795  24374       1.0000 1.0000 1.0000   1.000 1.000 
0.8805  24172       1.0000 1.0000 1.0000   1.000 1.000 
0.8815  23970       1.0000 1.0000 1.0000   1.000 1.000 
0.8825  23768       1.0000 1.0000 1.0000   1.000 1.000 
0.8835  23566       1.0000 1.0000 1.0000   1.000 1.000 
0.8845  23364       1.0000 1.0000 1.0000   1.000 1.000 
0.8855  23162       1.0000 1.0000 1.0000   1.000 1.000 
0.8865  22960       1.0000 1.0000 1.0000   1.000 1.000 
0.8875  22758       1.0000 1.0000 1.0000   1.000 1.000 
0.8885  22556       1.0000 1.0000 1.0000   1.000 1.000 
0.8895  22354       1.0000 1.0000 1.0000   1.000 1.000 
0.8905  22152       1.0000 1.0000 1.0000   1.000 1.000 
0.8915  21950       1.0000 1.0000 1.0000   1.000 1.000 
0.8925  21748       1.0000 1.0000 1.0000   1.000 1.000 
0.8935  21546       1.0000 1.0000 1.0000   1.000 1.000 
0.8945  21344       1.0000 1.0000 1.0000   1.000 1.000 
0.8955  21142       1.0000 1.0000 1.0000   1.000 1.000 
0.8965  20940       1.0000 1.0000 1.0000   1.000 1.000 
0.8975  20738       1.0000 1.0000 1.0000   1.000 1.000 
0.8985  20536       1.0000 1.0000 1.0000   1.000 1.000 
0.8995  20334       1.0000 1.0000 1.0000   1.000 1.000 
0.9005  20132       1.0000 1.0000 1.0000   1.000 1.000 
0.9015  19930       1.0000 1.0000 1.0000   1.000 1.000 
0.9025  19728       1.0000 1.0000 1.0000   1.000 1.000 
0.9035  19526       1.0000 1.0000 1.0000   1.000 1.000 
0.9045  19324       1.0000 1.0000 1.0000   1.000 1.000 
0.9055  19122       1.0000 1.0000 1.0000   1.000 1.000 
0.9065  18920       1.0000 1.0000 1.0000   1.000 1.000 
0.9075  18718       1.0000 1.0000 1.0000   1.000 1.000 
0.9085  18516       1.0000 1.0000 1.0000   1.000 1.000 
0.9095  18314       1.0000 1.0000 1.0000   1.000 1.000 
0.9105  18112       1.0000 1.0000 1.0000   1.000 1.000 
0.9115  17910       1.0000 1.0000 1.0000   1.000 1.000 
0.9125  17708       1.0000 1.0000 1.0000   1.000 1.000 
0.9135  17506       1.0000 1.0000 1.0000   1.000 1.000 
0.9145  17304       1.0000 1.0000 1.0000   1.000 1.000 
0.9155  17102       1.0000 1.0000 1.0000   1.000 1.000 
0.9165  16900       1.0000 1.0000 1.0000   1.000 1.000 
0.9175  16698       1.0000 1.0000 1.0000   1.000 1.000 
0.9185  16496       1.0000 1.0000 1.0000   1.000 1.000 
0.9195  16294       1.0000 1.0000 1.0000   1.000 1.000 
0.9205  16092       1.0000 1.0000 1.0000   1.000 1.000 
0.9215  15890       1.0000 1.0000 1.0000   1.000 1.000 
0.9225  15688       1.0000 1.0000 1.0000   1.000 1.000 
0.9235  15486       1.0000 1.0000 1.0000   1.000 1.000 
0.9245  15284       1.0000 1.0000 1.0000   1.000 1.000 
0.9255  15082       1.0000 1.0000 1.0000   1.000 1.000 
0.9265  14880       1.0000 1.0000 1.0000   1.000 1.000 
0.9275  14678       1.0000 1.0000 1.0000   1.000 1.000 
0.9285  14476       1.0000 1.0000 1.0000   1.000 1.000 
0.9295  14274       1.0000 1.0000 1.0000   1.000 1.000 
0.9305  14072       1.0000 1.0000 1.0000   1.000 1.000 
0.9315  13870       1.0000 1.0000 1.0000   1.000 1.000 
0.9324  13668       1.0000 1.0000 1.0000   1.000 1.000 
0.9334  13466       1.0000 1.0000 1.0000   1.000 1.000 
0.9344  13264       1.0000 1.0000 1.0000   1.000 1.000 
0.9354  13062       1.0000 1.0000 1.0000   1.000 1.000 
0.9364  12860       1.0000 1.0000 1.0000   1.000 1.000 
0.9374  12658       1.0000 1.0000 1.0000   1.000 1.000 
0.9384  12456       1.0000 1.0000 1.0000   1.000 1.000 
0.9394  12254       1.0000 1.0000 1.0000   1.000 1.000 
0.9404  12052       1.0000 1.0000 1.0000   1.000 1.000 
0.9414  11850       1.0000 1.0000 1.0000   1.000 1.000 
0.9424  11648       1.0000 1.0000 1.0000   1.000 1.000 
0.9434  11446       1.0000 1.0000 1.0000   1.000 1.000 
0.9444  11244       1.0000 1.0000 1.0000   1.000 1.000 
0.9454  11042       1.0000 1.0000 1.0000   1.000 1.000 
0.9464  10840       1.0000 1.0000 1.0000   1.000 1.000 
0.9474  10638       1.0000 1.0000 1.0000   1.000 1.000 
0.9484  10436       1.0000 1.0000 1.0000   1.000 1.000 
0.9494  10234       1.0000 1.0000 1.0000   1.000 1.000 
0.9504  10032       1.0000 1.0000 1.0000   1.000 1.000 
0.9514  9830        1.0000 1.0000 1.0000   1.000 1.000 
0.9524  9628        1.0000 1.0000 1.0000   1.000 1.000 
0.9534  9426        1.0000 1.0000 1.0000   1.000 1.000 
0.9544  9224        1.0000 1.0000 1.0000   1.000 1.000 
0.9554  9022        1.0000 1.0000 1.0000   1.000 1.000 
0.9564  8820        1.0000 1.0000 1.0000   1.000 1.000 
0.9574  8618        1.0000 1.0000 1.0000   1.000 1.000 
0.9584  8416        1.0000 1.0000 1.0000   1.000 1.000 
0.9594  8214        1.0000 1.0000 1.0000   1.000 1.000 
0.9604  8012        1.0000 1.0000 1.0000   1.000 1.000 
0.9614  7810        1.0000 1.0000 1.0000   1.000 1.000 
0.9624  7608        1.0000 1.0000 1.0000   1.000 1.000 
0.9634  7406        1.0000 1.0000 1.0000   1.000 1.000 
0.9644  7204        1.0000 1.0000 1.0000   1.000 1.000 
0.9654  7002        1.0000 1.0000 1.0000   1.000 1.000 
0.9664  6800        1.0000 1.0000 1.0000   1.000 1.000 
0.9674  6598        1.0000 1.0000 1.0000   1.000 1.000 
0.9684  6396        1.0000 1.0000 1.0000   1.000 1.000 
0.9694  6194        1.0000 1.0000 1.0000   1.000 1.000 
0.9704  5992        1.0000 1.0000 1.0000   1.000 1.000 
0.9714  5790        1.0000 1.0000 1.0000   1.000 1.000 
0.9724  5588        1.0000 1.0000 1.0000   1.000 1.000 
0.9734  5386        1.0000 1.0000 1.0000   1.000 1.000 
0.9744  5184        1.0000 1.0000 1.0000   1.000 1.000 
0.9754  4982        1.0000 1.0000 1.0000   1.000 1.000 
0.9764  4780        1.0000 1.0000 1.0000   1.000 1.000 
0.9774  4578        1.0000 1.0000 1.0000   1.000 1.000 
0.9784  4376        1.0000 1.0000 1.0000   1.000 1.000 
0.9794  4174        1.0000 1.0000 1.0000   1.000 1.000 
0.9804  3972        1.0000 1.0000 1.0000   1.000 1.000 
0.9814  3770        1.0000 1.0000 1.0000   1.000 1.000 
0.9824  3568        1.0000 1.0000 1.0000   1.000 1.000 
0.9834  3366        1.0000 1.0000 1.0000   1.000 1.000 
0.9844  3164        1.0000 1.0000 1.0000   1.000 1.000 
0.9854  2962        1.0000 1.0000 1.0000   1.000 1.000 
0.9864  2760        1.0000 1.0000 1.0000   1.000 1.000 
0.9874  2558        1.0000 1.0000 1.0000   1.000 1.000 
0.9884  2356        0.9603 0.9802 0.9802   0.960 1.000 
0.9894  2154        0.8829 0.9415 0.9415   0.883 1.000 
0.9904  1952        0.8036 0.9018 0.9018   0.804 1.000 
0.9914  1750        0.7242 0.8621 0.8621   0.724 1.000 
0.9923  1548        0.6448 0.8224 0.8224   0.645 1.000 
0.9933  1346        0.5675 0.7837 0.7837   0.567 1.000 
0.9943  1144        0.5040 0.7520 0.7520   0.504 1.000 
0.9953  942         0.4544 0.7272 0.7272   0.454 1.000 
0.9963  740         0.3948 0.6974 0.6974   0.395 1.000 
0.9973  538         0.3194 0.5746 0.5746   0.319 0.830 
0.9983  336         0.2163 0.3776 0.3776   0.216 0.539 
0.9993  134         0.1071 0.1706 0.1706   0.107 0.234 
1.0000  0           0.0000 0.0000 0.0000   0.000 0.000 


Feature  lost_at_fraction_removed  file_name
0      1.00000 ../data/ssi_CAWA2005.txt
1      1.00000 ../data/ssi_CAWA2010.txt
