# Prop_landscape_lost  cost_needed_for_top_fraction  min_prop_rem  ave_prop_rem  W_prop_rem  ext-1  ext-2  prop_for_each_biodiversity_feature_(e.g._species)_remaining_at_level_of_removal...
0.00001  2.0234e+005  1.00001 1.00008 1.00001   -0.00002 -0.00000   1.000 1.000 1.000 
0.00101  2.0213e+005  0.99121 0.99484 1.00001   0.00065 -0.00000   1.000 0.991 0.993 
0.00201  2.0193e+005  0.98627 0.99176 1.00001   0.00069 -0.00000   1.000 0.986 0.989 
0.00300  2.0173e+005  0.98603 0.99086 1.00001   0.00057 -0.00000   1.000 0.986 0.987 
0.00400  2.0153e+005  0.98420 0.98995 1.00001   0.00051 -0.00000   1.000 0.986 0.984 
0.00500  2.0133e+005  0.98180 0.98913 1.00001   0.00046 -0.00000   1.000 0.986 0.982 
0.00600  2.0112e+005  0.97962 0.98837 1.00001   0.00042 -0.00000   1.000 0.985 0.980 
0.00700  2.0092e+005  0.97842 0.98789 1.00001   0.00038 -0.00000   1.000 0.985 0.978 
0.00800  2.0072e+005  0.97715 0.98721 1.00001   0.00036 -0.00000   1.000 0.984 0.977 
0.00899  2.0052e+005  0.97630 0.98672 1.00001   0.00033 -0.00000   1.000 0.984 0.976 
0.00999  2.0032e+005  0.97503 0.98600 1.00001   0.00032 -0.00000   1.000 0.983 0.975 
0.01099  2.0011e+005  0.97404 0.98539 1.00001   0.00031 -0.00000   1.000 0.982 0.974 
0.01199  1.9991e+005  0.97270 0.98465 1.00001   0.00030 -0.00000   1.000 0.981 0.973 
0.01299  1.9971e+005  0.97101 0.98391 1.00001   0.00029 -0.00000   1.000 0.981 0.971 
0.01399  1.9951e+005  0.96925 0.98326 1.00001   0.00028 -0.00000   1.000 0.981 0.969 
0.01498  1.9931e+005  0.96812 0.98284 1.00001   0.00027 -0.00000   1.000 0.980 0.968 
0.01598  1.991e+005  0.96685 0.98241 1.00001   0.00026 -0.00000   1.000 0.980 0.967 
0.01698  1.989e+005  0.96579 0.98203 1.00001   0.00025 -0.00000   1.000 0.980 0.966 
0.01798  1.987e+005  0.96516 0.98177 1.00001   0.00024 -0.00000   1.000 0.980 0.965 
0.01898  1.985e+005  0.96452 0.98153 1.00001   0.00023 -0.00000   1.000 0.980 0.965 
0.01998  1.983e+005  0.96374 0.98125 1.00001   0.00023 -0.00000   1.000 0.980 0.964 
0.02097  1.9809e+005  0.96226 0.98070 1.00001   0.00022 -0.00000   1.000 0.980 0.962 
0.02197  1.9789e+005  0.96142 0.98036 1.00000   0.00022 -0.00000   1.000 0.980 0.961 
0.02297  1.9769e+005  0.96050 0.98001 1.00000   0.00021 -0.00000   1.000 0.980 0.960 
0.02397  1.9749e+005  0.95951 0.97957 1.00000   0.00021 0.00000   1.000 0.979 0.960 
0.02497  1.9729e+005  0.95866 0.97913 1.00000   0.00020 0.00000   1.000 0.979 0.959 
0.02597  1.9708e+005  0.95768 0.97872 1.00000   0.00020 0.00000   1.000 0.978 0.958 
0.02696  1.9688e+005  0.95655 0.97829 0.99999   0.00020 0.00000   1.000 0.978 0.957 
0.02796  1.9668e+005  0.95584 0.97800 0.99999   0.00019 0.00000   1.000 0.978 0.956 
0.02896  1.9648e+005  0.95542 0.97778 0.99999   0.00019 0.00000   1.000 0.978 0.955 
0.02996  1.9628e+005  0.95464 0.97745 0.99998   0.00018 0.00000   1.000 0.978 0.955 
0.03096  1.9607e+005  0.95337 0.97692 0.99998   0.00018 0.00001   1.000 0.977 0.953 
0.03196  1.9587e+005  0.95260 0.97663 0.99998   0.00018 0.00001   1.000 0.977 0.953 
0.03295  1.9567e+005  0.95182 0.97627 0.99997   0.00018 0.00001   1.000 0.977 0.952 
0.03395  1.9547e+005  0.95098 0.97590 0.99997   0.00017 0.00001   1.000 0.977 0.951 
0.03495  1.9527e+005  0.94971 0.97535 0.99996   0.00017 0.00001   1.000 0.976 0.950 
0.03595  1.9506e+005  0.94844 0.97479 0.99996   0.00017 0.00001   1.000 0.976 0.948 
0.03695  1.9486e+005  0.94766 0.97445 0.99995   0.00017 0.00001   1.000 0.976 0.948 
0.03795  1.9466e+005  0.94639 0.97392 0.99995   0.00017 0.00001   1.000 0.975 0.946 
0.03894  1.9446e+005  0.94554 0.97359 0.99994   0.00017 0.00001   1.000 0.975 0.946 
0.03994  1.9426e+005  0.94449 0.97321 0.99994   0.00017 0.00002   1.000 0.975 0.944 
0.04094  1.9405e+005  0.94307 0.97265 0.99993   0.00017 0.00002   1.000 0.975 0.943 
0.04194  1.9385e+005  0.94202 0.97225 0.99992   0.00016 0.00002   1.000 0.975 0.942 
0.04294  1.9365e+005  0.94096 0.97187 0.99992   0.00016 0.00002   1.000 0.975 0.941 
0.04394  1.9345e+005  0.93983 0.97138 0.99991   0.00016 0.00002   1.000 0.974 0.940 
0.04493  1.9325e+005  0.93891 0.97100 0.99990   0.00016 0.00002   1.000 0.974 0.939 
0.04593  1.9304e+005  0.93785 0.97059 0.99989   0.00016 0.00003   1.000 0.974 0.938 
0.04693  1.9284e+005  0.93658 0.97006 0.99988   0.00016 0.00003   1.000 0.974 0.937 
0.04793  1.9264e+005  0.93531 0.96953 0.99987   0.00016 0.00003   1.000 0.973 0.935 
0.04893  1.9244e+005  0.93440 0.96906 0.99986   0.00016 0.00003   1.000 0.973 0.934 
0.04993  1.9224e+005  0.93355 0.96864 0.99985   0.00016 0.00004   1.000 0.973 0.934 
0.05092  1.9203e+005  0.93256 0.96815 0.99984   0.00016 0.00004   1.000 0.972 0.933 
0.05192  1.9183e+005  0.93136 0.96765 0.99983   0.00016 0.00004   1.000 0.972 0.931 
0.05292  1.9163e+005  0.93002 0.96706 0.99982   0.00016 0.00004   1.000 0.971 0.930 
0.05392  1.9143e+005  0.92868 0.96638 0.99981   0.00016 0.00005   1.000 0.971 0.929 
0.05492  1.9123e+005  0.92769 0.96591 0.99980   0.00016 0.00005   1.000 0.970 0.928 
0.05592  1.9102e+005  0.92664 0.96545 0.99978   0.00016 0.00005   1.000 0.970 0.927 
0.05691  1.9082e+005  0.92516 0.96485 0.99977   0.00016 0.00006   1.000 0.970 0.925 
0.05791  1.9062e+005  0.92459 0.96458 0.99976   0.00015 0.00006   1.000 0.969 0.925 
0.05891  1.9042e+005  0.92381 0.96418 0.99974   0.00015 0.00006   1.000 0.969 0.924 
0.05991  1.9022e+005  0.92276 0.96380 0.99973   0.00015 0.00007   1.000 0.969 0.923 
0.06091  1.9001e+005  0.92198 0.96338 0.99971   0.00015 0.00007   1.000 0.968 0.922 
0.06191  1.8981e+005  0.92029 0.96260 0.99969   0.00015 0.00008   1.000 0.968 0.920 
0.06290  1.8961e+005  0.91909 0.96201 0.99968   0.00015 0.00008   1.000 0.967 0.919 
0.06390  1.8941e+005  0.91732 0.96108 0.99966   0.00015 0.00009   1.000 0.966 0.917 
0.06490  1.8921e+005  0.91605 0.96025 0.99964   0.00015 0.00009   1.000 0.965 0.916 
0.06590  1.89e+005   0.91535 0.95978 0.99962   0.00015 0.00010   1.000 0.964 0.915 
0.06690  1.888e+005  0.91464 0.95935 0.99960   0.00015 0.00010   1.000 0.964 0.915 
0.06790  1.886e+005  0.91394 0.95882 0.99958   0.00015 0.00011   1.000 0.963 0.914 
0.06889  1.884e+005  0.91267 0.95810 0.99955   0.00015 0.00011   1.000 0.962 0.913 
0.06989  1.882e+005  0.91182 0.95760 0.99953   0.00015 0.00012   1.000 0.961 0.912 
0.07089  1.8799e+005  0.91069 0.95693 0.99951   0.00015 0.00012   1.000 0.961 0.911 
0.07189  1.8779e+005  0.90949 0.95623 0.99948   0.00015 0.00013   0.999 0.960 0.909 
0.07289  1.8759e+005  0.90872 0.95578 0.99946   0.00015 0.00014   0.999 0.959 0.909 
0.07389  1.8739e+005  0.90724 0.95497 0.99943   0.00015 0.00014   0.999 0.958 0.907 
0.07488  1.8719e+005  0.90632 0.95439 0.99941   0.00015 0.00015   0.999 0.957 0.906 
0.07588  1.8698e+005  0.90533 0.95376 0.99938   0.00015 0.00016   0.999 0.957 0.905 
0.07688  1.8678e+005  0.90470 0.95328 0.99935   0.00015 0.00016   0.999 0.956 0.905 
0.07788  1.8658e+005  0.90385 0.95283 0.99932   0.00015 0.00017   0.999 0.955 0.904 
0.07888  1.8638e+005  0.90258 0.95211 0.99929   0.00015 0.00018   0.999 0.954 0.903 
0.07988  1.8618e+005  0.90152 0.95154 0.99926   0.00015 0.00019   0.999 0.954 0.902 
0.08087  1.8597e+005  0.90004 0.95072 0.99923   0.00016 0.00019   0.999 0.953 0.900 
0.08187  1.8577e+005  0.89941 0.95031 0.99919   0.00015 0.00020   0.999 0.952 0.899 
0.08287  1.8557e+005  0.89835 0.94948 0.99916   0.00016 0.00021   0.999 0.951 0.898 
0.08387  1.8537e+005  0.89771 0.94902 0.99912   0.00015 0.00022   0.999 0.950 0.898 
0.08487  1.8517e+005  0.89694 0.94854 0.99909   0.00015 0.00023   0.999 0.950 0.897 
0.08587  1.8496e+005  0.89602 0.94791 0.99905   0.00015 0.00024   0.999 0.949 0.896 
0.08686  1.8476e+005  0.89482 0.94744 0.99902   0.00015 0.00025   0.999 0.948 0.895 
0.08786  1.8456e+005  0.89362 0.94693 0.99898   0.00015 0.00025   0.999 0.948 0.894 
0.08886  1.8436e+005  0.89263 0.94648 0.99895   0.00015 0.00026   0.999 0.948 0.893 
0.08986  1.8416e+005  0.89263 0.94646 0.99895   0.00015 0.00026   0.999 0.948 0.893 
0.09086  1.8395e+005  0.89256 0.94643 0.99895   0.00015 0.00026   0.999 0.948 0.893 
0.09186  1.8375e+005  0.89256 0.94643 0.99895   0.00015 0.00026   0.999 0.948 0.893 
0.09285  1.8355e+005  0.89242 0.94639 0.99895   0.00015 0.00026   0.999 0.948 0.892 
0.09385  1.8335e+005  0.89242 0.94636 0.99895   0.00015 0.00026   0.999 0.948 0.892 
0.09485  1.8315e+005  0.89235 0.94634 0.99895   0.00014 0.00026   0.999 0.948 0.892 
0.09585  1.8294e+005  0.89235 0.94634 0.99895   0.00014 0.00026   0.999 0.948 0.892 
0.09685  1.8274e+005  0.89235 0.94634 0.99895   0.00014 0.00026   0.999 0.948 0.892 
0.09785  1.8254e+005  0.89235 0.94634 0.99895   0.00014 0.00026   0.999 0.948 0.892 
0.09884  1.8234e+005  0.89235 0.94634 0.99895   0.00014 0.00026   0.999 0.948 0.892 
0.09984  1.8214e+005  0.89235 0.94634 0.99895   0.00014 0.00026   0.999 0.948 0.892 
0.10084  1.8193e+005  0.89235 0.94634 0.99895   0.00014 0.00026   0.999 0.948 0.892 
0.10184  1.8173e+005  0.89228 0.94626 0.99895   0.00014 0.00026   0.999 0.948 0.892 
0.10284  1.8153e+005  0.89214 0.94593 0.99895   0.00013 0.00026   0.999 0.947 0.892 
0.10384  1.8133e+005  0.89200 0.94535 0.99894   0.00013 0.00026   0.999 0.945 0.892 
0.10483  1.8113e+005  0.89200 0.94491 0.99894   0.00013 0.00026   0.999 0.944 0.892 
0.10583  1.8092e+005  0.89200 0.94459 0.99894   0.00013 0.00026   0.999 0.943 0.892 
0.10683  1.8072e+005  0.89200 0.94425 0.99894   0.00013 0.00026   0.999 0.942 0.892 
0.10783  1.8052e+005  0.89200 0.94389 0.99894   0.00013 0.00027   0.999 0.941 0.892 
0.10883  1.8032e+005  0.89200 0.94357 0.99894   0.00013 0.00027   0.999 0.940 0.892 
0.10983  1.8012e+005  0.89200 0.94326 0.99893   0.00013 0.00027   0.999 0.939 0.892 
0.11082  1.7991e+005  0.89179 0.94180 0.99893   0.00013 0.00027   0.999 0.935 0.892 
0.11182  1.7971e+005  0.89165 0.93861 0.99892   0.00014 0.00027   0.999 0.925 0.892 
0.11282  1.7951e+005  0.89143 0.93854 0.99892   0.00014 0.00027   0.999 0.925 0.891 
0.11382  1.7931e+005  0.89080 0.93832 0.99891   0.00014 0.00027   0.999 0.925 0.891 
0.11482  1.7911e+005  0.88974 0.93762 0.99890   0.00014 0.00028   0.999 0.924 0.890 
0.11582  1.789e+005  0.88946 0.93571 0.99887   0.00014 0.00028   0.999 0.919 0.889 
0.11681  1.787e+005  0.88946 0.93563 0.99887   0.00014 0.00028   0.999 0.919 0.889 
0.11781  1.785e+005  0.88903 0.93541 0.99885   0.00014 0.00029   0.999 0.918 0.889 
0.11881  1.783e+005  0.88868 0.93516 0.99884   0.00014 0.00029   0.999 0.918 0.889 
0.11981  1.781e+005  0.88826 0.93381 0.99882   0.00014 0.00030   0.999 0.914 0.888 
0.12081  1.7789e+005  0.88805 0.93355 0.99880   0.00014 0.00030   0.999 0.914 0.888 
0.12181  1.7769e+005  0.88720 0.93305 0.99878   0.00014 0.00030   0.999 0.913 0.887 
0.12280  1.7749e+005  0.88671 0.93280 0.99876   0.00014 0.00031   0.999 0.913 0.887 
0.12380  1.7729e+005  0.88614 0.93234 0.99874   0.00014 0.00031   0.999 0.912 0.886 
0.12480  1.7709e+005  0.88593 0.93213 0.99872   0.00014 0.00032   0.999 0.912 0.886 
0.12580  1.7688e+005  0.88537 0.93178 0.99870   0.00014 0.00032   0.999 0.911 0.885 
0.12680  1.7668e+005  0.88473 0.93146 0.99868   0.00014 0.00033   0.999 0.911 0.885 
0.12780  1.7648e+005  0.88417 0.93100 0.99866   0.00014 0.00034   0.999 0.910 0.884 
0.12879  1.7628e+005  0.88381 0.93072 0.99864   0.00014 0.00034   0.999 0.910 0.884 
0.12979  1.7608e+005  0.88325 0.93029 0.99862   0.00014 0.00035   0.999 0.909 0.883 
0.13079  1.7587e+005  0.88311 0.93021 0.99859   0.00014 0.00035   0.999 0.909 0.883 
0.13179  1.7567e+005  0.88269 0.92988 0.99857   0.00014 0.00036   0.999 0.908 0.883 
0.13279  1.7547e+005  0.88120 0.92916 0.99854   0.00014 0.00037   0.999 0.908 0.881 
0.13379  1.7527e+005  0.87986 0.92828 0.99849   0.00014 0.00038   0.998 0.906 0.880 
0.13478  1.7507e+005  0.87895 0.92772 0.99844   0.00014 0.00039   0.998 0.906 0.879 
0.13578  1.7486e+005  0.87782 0.92707 0.99840   0.00014 0.00040   0.998 0.905 0.878 
0.13678  1.7466e+005  0.87711 0.92661 0.99835   0.00014 0.00041   0.998 0.904 0.877 
0.13778  1.7446e+005  0.87669 0.92629 0.99830   0.00014 0.00043   0.998 0.904 0.877 
0.13878  1.7426e+005  0.87563 0.92559 0.99825   0.00014 0.00044   0.998 0.903 0.876 
0.13978  1.7406e+005  0.87450 0.92501 0.99820   0.00014 0.00045   0.998 0.902 0.875 
0.14077  1.7385e+005  0.87394 0.92457 0.99815   0.00014 0.00046   0.998 0.902 0.874 
0.14177  1.7365e+005  0.87302 0.92401 0.99809   0.00014 0.00048   0.998 0.901 0.873 
0.14277  1.7345e+005  0.87246 0.92354 0.99804   0.00014 0.00049   0.998 0.900 0.872 
0.14377  1.7325e+005  0.87161 0.92301 0.99799   0.00014 0.00050   0.998 0.899 0.872 
0.14477  1.7305e+005  0.87076 0.92247 0.99793   0.00014 0.00052   0.998 0.899 0.871 
0.14577  1.7284e+005  0.86985 0.92199 0.99788   0.00014 0.00053   0.998 0.898 0.870 
0.14676  1.7264e+005  0.86851 0.92113 0.99782   0.00014 0.00055   0.998 0.897 0.869 
0.14776  1.7244e+005  0.86766 0.92041 0.99776   0.00014 0.00056   0.998 0.896 0.868 
0.14876  1.7224e+005  0.86688 0.91995 0.99770   0.00014 0.00057   0.998 0.895 0.867 
0.14976  1.7204e+005  0.86618 0.91946 0.99764   0.00014 0.00059   0.998 0.895 0.866 
0.15076  1.7183e+005  0.86519 0.91890 0.99758   0.00014 0.00060   0.998 0.894 0.865 
0.15176  1.7163e+005  0.86399 0.91811 0.99752   0.00014 0.00062   0.998 0.893 0.864 
0.15275  1.7143e+005  0.86350 0.91788 0.99749   0.00014 0.00063   0.997 0.893 0.863 
0.15375  1.7123e+005  0.86300 0.91766 0.99746   0.00014 0.00064   0.997 0.893 0.863 
0.15475  1.7103e+005  0.86272 0.91740 0.99743   0.00014 0.00064   0.997 0.892 0.863 
0.15575  1.7082e+005  0.86223 0.91712 0.99740   0.00014 0.00065   0.997 0.892 0.862 
0.15675  1.7062e+005  0.86180 0.91683 0.99737   0.00014 0.00066   0.997 0.891 0.862 
0.15775  1.7042e+005  0.86131 0.91653 0.99733   0.00014 0.00067   0.997 0.891 0.861 
0.15874  1.7022e+005  0.86082 0.91622 0.99729   0.00014 0.00068   0.997 0.891 0.861 
0.15974  1.7002e+005  0.86053 0.91596 0.99726   0.00014 0.00069   0.997 0.890 0.861 
0.16074  1.6981e+005  0.85976 0.91553 0.99722   0.00014 0.00070   0.997 0.890 0.860 
0.16174  1.6961e+005  0.85941 0.91526 0.99718   0.00014 0.00071   0.997 0.889 0.859 
0.16274  1.6941e+005  0.85926 0.91510 0.99714   0.00014 0.00072   0.997 0.889 0.859 
0.16374  1.6921e+005  0.85905 0.91496 0.99710   0.00014 0.00073   0.997 0.889 0.859 
0.16473  1.6901e+005  0.85877 0.91470 0.99707   0.00014 0.00073   0.997 0.888 0.859 
0.16573  1.688e+005  0.85877 0.91470 0.99706   0.00013 0.00074   0.997 0.888 0.859 
0.16673  1.686e+005  0.85821 0.91425 0.99700   0.00013 0.00075   0.997 0.888 0.858 
0.16773  1.684e+005  0.85743 0.91350 0.99693   0.00013 0.00077   0.997 0.886 0.857 
0.16873  1.682e+005  0.85644 0.91310 0.99685   0.00013 0.00079   0.997 0.886 0.856 
0.16973  1.68e+005   0.85531 0.91233 0.99678   0.00013 0.00081   0.997 0.885 0.855 
0.17072  1.6779e+005  0.85475 0.91178 0.99671   0.00014 0.00082   0.997 0.884 0.855 
0.17172  1.6759e+005  0.85397 0.91118 0.99663   0.00014 0.00084   0.997 0.883 0.854 
0.17272  1.6739e+005  0.85256 0.91040 0.99657   0.00014 0.00086   0.997 0.882 0.853 
0.17372  1.6719e+005  0.85157 0.90983 0.99649   0.00014 0.00088   0.996 0.881 0.852 
0.17472  1.6699e+005  0.85016 0.90905 0.99641   0.00014 0.00090   0.996 0.881 0.850 
0.17572  1.6678e+005  0.84946 0.90845 0.99635   0.00014 0.00091   0.996 0.880 0.849 
0.17671  1.6658e+005  0.84854 0.90808 0.99630   0.00014 0.00093   0.996 0.879 0.849 
0.17771  1.6638e+005  0.84776 0.90748 0.99622   0.00014 0.00095   0.996 0.878 0.848 
0.17871  1.6618e+005  0.84650 0.90669 0.99614   0.00014 0.00097   0.996 0.877 0.846 
0.17971  1.6598e+005  0.84586 0.90616 0.99606   0.00014 0.00099   0.996 0.877 0.846 
0.18071  1.6577e+005  0.84466 0.90568 0.99598   0.00014 0.00101   0.996 0.876 0.845 
0.18171  1.6557e+005  0.84388 0.90527 0.99589   0.00014 0.00103   0.996 0.876 0.844 
0.18270  1.6537e+005  0.84283 0.90465 0.99581   0.00014 0.00105   0.996 0.875 0.843 
0.18370  1.6517e+005  0.84184 0.90403 0.99573   0.00014 0.00107   0.996 0.875 0.842 
0.18470  1.6497e+005  0.84106 0.90359 0.99564   0.00014 0.00109   0.996 0.874 0.841 
0.18570  1.6476e+005  0.83937 0.90289 0.99555   0.00014 0.00111   0.996 0.874 0.839 
0.18670  1.6456e+005  0.83859 0.90208 0.99546   0.00014 0.00114   0.995 0.872 0.839 
0.18770  1.6436e+005  0.83704 0.90121 0.99537   0.00014 0.00116   0.995 0.871 0.837 
0.18869  1.6416e+005  0.83584 0.90063 0.99528   0.00014 0.00118   0.995 0.871 0.836 
0.18969  1.6396e+005  0.83478 0.89980 0.99519   0.00014 0.00121   0.995 0.869 0.835 
0.19069  1.6375e+005  0.83358 0.89910 0.99509   0.00014 0.00123   0.995 0.869 0.834 
0.19169  1.6355e+005  0.83274 0.89819 0.99500   0.00014 0.00125   0.995 0.867 0.833 
0.19269  1.6335e+005  0.83189 0.89769 0.99490   0.00014 0.00128   0.995 0.866 0.832 
0.19369  1.6315e+005  0.83041 0.89688 0.99480   0.00014 0.00130   0.995 0.865 0.830 
0.19468  1.6295e+005  0.82928 0.89626 0.99470   0.00014 0.00133   0.995 0.865 0.829 
0.19568  1.6274e+005  0.82794 0.89544 0.99460   0.00014 0.00135   0.995 0.864 0.828 
0.19668  1.6254e+005  0.82695 0.89476 0.99450   0.00014 0.00138   0.994 0.863 0.827 
0.19768  1.6234e+005  0.82604 0.89422 0.99442   0.00014 0.00140   0.994 0.862 0.826 
0.19868  1.6214e+005  0.82575 0.89403 0.99437   0.00014 0.00141   0.994 0.862 0.826 
0.19968  1.6194e+005  0.82526 0.89353 0.99431   0.00014 0.00143   0.994 0.861 0.825 
0.20067  1.6173e+005  0.82470 0.89322 0.99425   0.00014 0.00144   0.994 0.861 0.825 
0.20167  1.6153e+005  0.82448 0.89302 0.99419   0.00014 0.00146   0.994 0.860 0.824 
0.20267  1.6133e+005  0.82392 0.89261 0.99413   0.00014 0.00147   0.994 0.860 0.824 
0.20367  1.6113e+005  0.82350 0.89226 0.99407   0.00014 0.00148   0.994 0.859 0.823 
0.20467  1.6093e+005  0.82286 0.89179 0.99401   0.00014 0.00150   0.994 0.859 0.823 
0.20567  1.6072e+005  0.82251 0.89155 0.99395   0.00014 0.00152   0.994 0.858 0.823 
0.20666  1.6052e+005  0.82202 0.89123 0.99388   0.00014 0.00153   0.994 0.858 0.822 
0.20766  1.6032e+005  0.82124 0.89076 0.99378   0.00014 0.00156   0.994 0.857 0.821 
0.20866  1.6012e+005  0.82011 0.89006 0.99367   0.00014 0.00159   0.994 0.856 0.820 
0.20966  1.5992e+005  0.81891 0.88925 0.99356   0.00014 0.00161   0.994 0.855 0.819 
0.21066  1.5971e+005  0.81814 0.88786 0.99345   0.00014 0.00164   0.993 0.852 0.818 
0.21166  1.5951e+005  0.81722 0.88725 0.99333   0.00014 0.00167   0.993 0.851 0.817 
0.21265  1.5931e+005  0.81552 0.88647 0.99322   0.00014 0.00170   0.993 0.851 0.816 
0.21365  1.5911e+005  0.81482 0.88601 0.99311   0.00014 0.00173   0.993 0.850 0.815 
0.21465  1.5891e+005  0.81418 0.88547 0.99299   0.00014 0.00176   0.993 0.849 0.814 
0.21565  1.587e+005  0.81299 0.88469 0.99287   0.00014 0.00179   0.993 0.848 0.813 
0.21665  1.585e+005  0.81221 0.88395 0.99274   0.00014 0.00182   0.993 0.847 0.812 
0.21765  1.583e+005  0.81066 0.88318 0.99262   0.00014 0.00185   0.993 0.846 0.811 
0.21864  1.581e+005  0.80925 0.88238 0.99249   0.00014 0.00188   0.992 0.845 0.809 
0.21964  1.579e+005  0.80798 0.88165 0.99237   0.00014 0.00191   0.992 0.845 0.808 
0.22064  1.5769e+005  0.80741 0.88131 0.99230   0.00014 0.00193   0.992 0.844 0.807 
0.22164  1.5749e+005  0.80713 0.88104 0.99223   0.00014 0.00195   0.992 0.844 0.807 
0.22264  1.5729e+005  0.80657 0.88066 0.99215   0.00014 0.00197   0.992 0.843 0.807 
0.22364  1.5709e+005  0.80628 0.88031 0.99207   0.00014 0.00199   0.992 0.843 0.806 
0.22463  1.5689e+005  0.80579 0.87999 0.99200   0.00014 0.00201   0.992 0.842 0.806 
0.22563  1.5668e+005  0.80551 0.87971 0.99192   0.00014 0.00203   0.992 0.842 0.806 
0.22663  1.5648e+005  0.80501 0.87936 0.99184   0.00014 0.00205   0.992 0.841 0.805 
0.22763  1.5628e+005  0.80459 0.87903 0.99174   0.00014 0.00207   0.992 0.841 0.805 
0.22863  1.5608e+005  0.80410 0.87840 0.99161   0.00014 0.00210   0.992 0.840 0.804 
0.22963  1.5588e+005  0.80297 0.87767 0.99147   0.00014 0.00214   0.991 0.839 0.803 
0.23062  1.5567e+005  0.80226 0.87707 0.99134   0.00014 0.00217   0.991 0.838 0.802 
0.23162  1.5547e+005  0.80092 0.87613 0.99120   0.00014 0.00221   0.991 0.836 0.801 
0.23262  1.5527e+005  0.79951 0.87528 0.99105   0.00014 0.00224   0.991 0.835 0.800 
0.23362  1.5507e+005  0.79824 0.87444 0.99091   0.00014 0.00228   0.991 0.834 0.798 
0.23462  1.5487e+005  0.79718 0.87370 0.99077   0.00014 0.00232   0.991 0.833 0.797 
0.23562  1.5466e+005  0.79612 0.87314 0.99063   0.00014 0.00235   0.991 0.833 0.796 
0.23661  1.5446e+005  0.79549 0.87257 0.99049   0.00014 0.00239   0.990 0.832 0.795 
0.23761  1.5426e+005  0.79436 0.87191 0.99034   0.00014 0.00242   0.990 0.831 0.794 
0.23861  1.5406e+005  0.79387 0.87160 0.99023   0.00014 0.00245   0.990 0.831 0.794 
0.23961  1.5386e+005  0.79344 0.87122 0.99014   0.00014 0.00247   0.990 0.830 0.793 
0.24061  1.5365e+005  0.79309 0.87100 0.99005   0.00014 0.00250   0.990 0.830 0.793 
0.24161  1.5345e+005  0.79260 0.87072 0.98995   0.00014 0.00252   0.990 0.830 0.793 
0.24260  1.5325e+005  0.79196 0.87016 0.98986   0.00014 0.00255   0.990 0.829 0.792 
0.24360  1.5305e+005  0.79126 0.86984 0.98975   0.00014 0.00257   0.990 0.829 0.791 
0.24460  1.5285e+005  0.79076 0.86956 0.98965   0.00014 0.00260   0.990 0.828 0.791 
0.24560  1.5264e+005  0.78978 0.86900 0.98951   0.00014 0.00263   0.990 0.828 0.790 
0.24660  1.5244e+005  0.78865 0.86821 0.98935   0.00014 0.00267   0.989 0.827 0.789 
0.24760  1.5224e+005  0.78738 0.86763 0.98919   0.00014 0.00271   0.989 0.826 0.787 
0.24859  1.5204e+005  0.78632 0.86711 0.98903   0.00014 0.00275   0.989 0.826 0.786 
0.24959  1.5184e+005  0.78547 0.86654 0.98886   0.00014 0.00280   0.989 0.825 0.785 
0.25059  1.5163e+005  0.78300 0.86546 0.98870   0.00014 0.00284   0.989 0.825 0.783 
0.25159  1.5143e+005  0.78209 0.86496 0.98853   0.00014 0.00288   0.989 0.824 0.782 
0.25259  1.5123e+005  0.78075 0.86417 0.98836   0.00014 0.00292   0.988 0.823 0.781 
0.25359  1.5103e+005  0.77962 0.86353 0.98819   0.00014 0.00296   0.988 0.823 0.780 
0.25458  1.5083e+005  0.77877 0.86298 0.98802   0.00015 0.00301   0.988 0.822 0.779 
0.25558  1.5062e+005  0.77785 0.86207 0.98785   0.00015 0.00305   0.988 0.821 0.778 
0.25658  1.5042e+005  0.77447 0.85944 0.98773   0.00015 0.00308   0.988 0.816 0.774 
0.25758  1.5022e+005  0.77221 0.85594 0.98767   0.00015 0.00310   0.988 0.808 0.772 
0.25858  1.5002e+005  0.77059 0.85393 0.98751   0.00015 0.00314   0.988 0.804 0.771 
0.25958  1.4982e+005  0.76995 0.85345 0.98733   0.00015 0.00318   0.987 0.803 0.770 
0.26057  1.4961e+005  0.76910 0.85282 0.98715   0.00015 0.00323   0.987 0.802 0.769 
0.26157  1.4941e+005  0.76826 0.85229 0.98697   0.00015 0.00327   0.987 0.802 0.768 
0.26257  1.4921e+005  0.76727 0.85167 0.98678   0.00015 0.00332   0.987 0.801 0.767 
0.26357  1.4901e+005  0.76607 0.85086 0.98659   0.00015 0.00337   0.987 0.800 0.766 
0.26457  1.4881e+005  0.76522 0.85036 0.98641   0.00015 0.00342   0.986 0.799 0.765 
0.26557  1.486e+005  0.76424 0.84977 0.98623   0.00015 0.00346   0.986 0.799 0.764 
0.26656  1.484e+005  0.76403 0.84961 0.98614   0.00015 0.00348   0.986 0.799 0.764 
0.26756  1.482e+005  0.76381 0.84949 0.98607   0.00015 0.00350   0.986 0.799 0.764 
0.26856  1.48e+005   0.76353 0.84916 0.98597   0.00015 0.00353   0.986 0.798 0.764 
0.26956  1.478e+005  0.76283 0.84878 0.98585   0.00015 0.00356   0.986 0.798 0.763 
0.27056  1.4759e+005  0.76198 0.84832 0.98573   0.00015 0.00359   0.986 0.797 0.762 
0.27156  1.4739e+005  0.76177 0.84798 0.98562   0.00015 0.00362   0.986 0.797 0.762 
0.27255  1.4719e+005  0.76127 0.84764 0.98549   0.00015 0.00365   0.985 0.796 0.761 
0.27355  1.4699e+005  0.76015 0.84699 0.98530   0.00015 0.00370   0.985 0.796 0.760 
0.27455  1.4679e+005  0.75937 0.84635 0.98510   0.00015 0.00375   0.985 0.795 0.759 
0.27555  1.4658e+005  0.75789 0.84550 0.98489   0.00015 0.00380   0.985 0.794 0.758 
0.27655  1.4638e+005  0.75711 0.84499 0.98469   0.00015 0.00385   0.985 0.793 0.757 
0.27755  1.4618e+005  0.75641 0.84429 0.98448   0.00015 0.00390   0.984 0.792 0.756 
0.27854  1.4598e+005  0.75542 0.84363 0.98427   0.00015 0.00396   0.984 0.791 0.755 
0.27954  1.4578e+005  0.75485 0.84314 0.98406   0.00015 0.00401   0.984 0.791 0.755 
0.28054  1.4557e+005  0.75415 0.84244 0.98385   0.00015 0.00406   0.984 0.789 0.754 
0.28154  1.4537e+005  0.75387 0.84220 0.98372   0.00015 0.00409   0.984 0.789 0.754 
0.28254  1.4517e+005  0.75330 0.84174 0.98360   0.00015 0.00413   0.984 0.788 0.753 
0.28354  1.4497e+005  0.75281 0.84140 0.98347   0.00015 0.00416   0.983 0.788 0.753 
0.28453  1.4477e+005  0.75203 0.84083 0.98334   0.00015 0.00419   0.983 0.787 0.752 
0.28553  1.4456e+005  0.75140 0.84043 0.98322   0.00015 0.00422   0.983 0.787 0.751 
0.28653  1.4436e+005  0.75069 0.84007 0.98309   0.00015 0.00425   0.983 0.786 0.751 
0.28753  1.4416e+005  0.75013 0.83941 0.98286   0.00015 0.00431   0.983 0.785 0.750 
0.28853  1.4396e+005  0.74836 0.83849 0.98264   0.00015 0.00437   0.983 0.784 0.748 
0.28953  1.4376e+005  0.74773 0.83799 0.98241   0.00015 0.00443   0.982 0.784 0.748 
0.29052  1.4355e+005  0.74667 0.83717 0.98218   0.00015 0.00448   0.982 0.783 0.747 
0.29152  1.4335e+005  0.74589 0.83663 0.98196   0.00015 0.00454   0.982 0.782 0.746 
0.29252  1.4315e+005  0.74533 0.83623 0.98172   0.00015 0.00460   0.982 0.782 0.745 
0.29352  1.4295e+005  0.74498 0.83576 0.98153   0.00015 0.00465   0.982 0.781 0.745 
0.29452  1.4275e+005  0.74434 0.83516 0.98132   0.00015 0.00470   0.981 0.780 0.744 
0.29552  1.4254e+005  0.74392 0.83476 0.98118   0.00015 0.00474   0.981 0.779 0.744 
0.29651  1.4234e+005  0.74321 0.83417 0.98105   0.00015 0.00477   0.981 0.778 0.743 
0.29751  1.4214e+005  0.74293 0.83390 0.98092   0.00015 0.00480   0.981 0.778 0.743 
0.29851  1.4194e+005  0.74244 0.83356 0.98078   0.00015 0.00484   0.981 0.777 0.742 
0.29951  1.4174e+005  0.74201 0.83327 0.98064   0.00015 0.00487   0.981 0.777 0.742 
0.30051  1.4153e+005  0.74159 0.83290 0.98043   0.00015 0.00493   0.980 0.777 0.742 
0.30151  1.4133e+005  0.74096 0.83222 0.98019   0.00015 0.00499   0.980 0.776 0.741 
0.30250  1.4113e+005  0.74011 0.83167 0.97994   0.00015 0.00505   0.980 0.775 0.740 
0.30350  1.4093e+005  0.73933 0.83104 0.97969   0.00015 0.00512   0.980 0.774 0.739 
0.30450  1.4073e+005  0.73877 0.83035 0.97944   0.00015 0.00518   0.979 0.773 0.739 
0.30550  1.4052e+005  0.73849 0.83006 0.97924   0.00015 0.00523   0.979 0.772 0.738 
0.30650  1.4032e+005  0.73778 0.82932 0.97899   0.00015 0.00529   0.979 0.771 0.738 
0.30750  1.4012e+005  0.73729 0.82900 0.97875   0.00015 0.00535   0.979 0.771 0.737 
0.30849  1.3992e+005  0.73644 0.82816 0.97849   0.00015 0.00542   0.978 0.770 0.736 
0.30949  1.3972e+005  0.73574 0.82742 0.97823   0.00015 0.00549   0.978 0.768 0.736 
0.31049  1.3951e+005  0.73503 0.82688 0.97797   0.00015 0.00555   0.978 0.768 0.735 
0.31149  1.3931e+005  0.73411 0.82607 0.97770   0.00015 0.00562   0.978 0.766 0.734 
0.31249  1.3911e+005  0.73362 0.82548 0.97743   0.00015 0.00569   0.977 0.765 0.734 
0.31349  1.3891e+005  0.73235 0.82457 0.97716   0.00015 0.00576   0.977 0.764 0.732 
0.31448  1.3871e+005  0.73150 0.82372 0.97688   0.00015 0.00583   0.977 0.763 0.732 
0.31548  1.385e+005  0.73087 0.82307 0.97664   0.00015 0.00589   0.977 0.762 0.731 
0.31648  1.383e+005  0.73037 0.82262 0.97649   0.00015 0.00593   0.976 0.761 0.730 
0.31748  1.381e+005  0.73002 0.82223 0.97632   0.00015 0.00597   0.976 0.760 0.730 
0.31848  1.379e+005  0.72974 0.82161 0.97616   0.00015 0.00602   0.976 0.759 0.730 
0.31948  1.377e+005  0.72946 0.82123 0.97600   0.00015 0.00605   0.976 0.758 0.729 
0.32047  1.3749e+005  0.72918 0.82089 0.97581   0.00015 0.00610   0.976 0.758 0.729 
0.32147  1.3729e+005  0.72833 0.81978 0.97552   0.00015 0.00618   0.976 0.755 0.728 
0.32247  1.3709e+005  0.72805 0.81914 0.97523   0.00015 0.00625   0.975 0.754 0.728 
0.32347  1.3689e+005  0.72734 0.81834 0.97494   0.00016 0.00632   0.975 0.753 0.727 
0.32447  1.3669e+005  0.72649 0.81770 0.97465   0.00016 0.00640   0.975 0.752 0.726 
0.32547  1.3648e+005  0.72551 0.81685 0.97436   0.00016 0.00647   0.974 0.751 0.726 
0.32646  1.3628e+005  0.72466 0.81600 0.97406   0.00016 0.00655   0.974 0.749 0.725 
0.32746  1.3608e+005  0.72403 0.81536 0.97386   0.00016 0.00660   0.974 0.748 0.724 
0.32846  1.3588e+005  0.72353 0.81479 0.97367   0.00016 0.00665   0.974 0.747 0.724 
0.32946  1.3568e+005  0.72318 0.81427 0.97349   0.00016 0.00669   0.973 0.746 0.723 
0.33046  1.3547e+005  0.72233 0.81374 0.97329   0.00016 0.00675   0.973 0.746 0.722 
0.33146  1.3527e+005  0.72170 0.81285 0.97306   0.00016 0.00680   0.973 0.744 0.722 
0.33245  1.3507e+005  0.72036 0.81167 0.97275   0.00016 0.00688   0.973 0.742 0.720 
0.33345  1.3487e+005  0.71979 0.81098 0.97244   0.00016 0.00696   0.972 0.741 0.720 
0.33445  1.3467e+005  0.71923 0.81014 0.97212   0.00016 0.00704   0.972 0.739 0.719 
0.33545  1.3446e+005  0.71852 0.80938 0.97182   0.00016 0.00712   0.972 0.738 0.719 
0.33645  1.3426e+005  0.71746 0.80859 0.97151   0.00016 0.00720   0.972 0.737 0.717 
0.33745  1.3406e+005  0.71655 0.80755 0.97119   0.00016 0.00728   0.971 0.735 0.717 
0.33844  1.3386e+005  0.71577 0.80664 0.97088   0.00016 0.00736   0.971 0.733 0.716 
0.33944  1.3366e+005  0.71485 0.80578 0.97055   0.00016 0.00744   0.971 0.732 0.715 
0.34044  1.3345e+005  0.71408 0.80496 0.97022   0.00016 0.00753   0.970 0.731 0.714 
0.34144  1.3325e+005  0.71316 0.80408 0.96989   0.00016 0.00762   0.970 0.729 0.713 
0.34244  1.3305e+005  0.71238 0.80342 0.96955   0.00016 0.00770   0.970 0.728 0.712 
0.34344  1.3285e+005  0.71147 0.80253 0.96923   0.00016 0.00778   0.969 0.727 0.711 
0.34443  1.3265e+005  0.71062 0.80203 0.96904   0.00016 0.00783   0.969 0.726 0.711 
0.34543  1.3244e+005  0.71006 0.80162 0.96884   0.00016 0.00788   0.969 0.726 0.710 
0.34643  1.3224e+005  0.70970 0.80125 0.96863   0.00016 0.00794   0.969 0.725 0.710 
0.34743  1.3204e+005  0.70907 0.80064 0.96840   0.00016 0.00800   0.968 0.724 0.709 
0.34843  1.3184e+005  0.70822 0.79991 0.96805   0.00016 0.00809   0.968 0.723 0.708 
0.34943  1.3164e+005  0.70731 0.79904 0.96770   0.00016 0.00818   0.968 0.722 0.707 
0.35042  1.3143e+005  0.70604 0.79811 0.96735   0.00016 0.00826   0.967 0.721 0.706 
0.35142  1.3123e+005  0.70547 0.79778 0.96718   0.00016 0.00831   0.967 0.721 0.705 
0.35242  1.3103e+005  0.70526 0.79763 0.96693   0.00016 0.00837   0.967 0.721 0.705 
0.35342  1.3083e+005  0.70477 0.79725 0.96659   0.00016 0.00846   0.967 0.720 0.705 
0.35442  1.3063e+005  0.70328 0.79593 0.96624   0.00016 0.00855   0.966 0.718 0.703 
0.35542  1.3042e+005  0.70216 0.79504 0.96588   0.00016 0.00864   0.966 0.717 0.702 
0.35641  1.3022e+005  0.70124 0.79414 0.96560   0.00016 0.00871   0.966 0.716 0.701 
0.35741  1.3002e+005  0.70096 0.79387 0.96539   0.00016 0.00877   0.965 0.715 0.701 
0.35841  1.2982e+005  0.70046 0.79343 0.96519   0.00016 0.00882   0.965 0.715 0.700 
0.35941  1.2962e+005  0.69976 0.79288 0.96495   0.00016 0.00888   0.965 0.714 0.700 
0.36041  1.2941e+005  0.69926 0.79234 0.96466   0.00016 0.00895   0.965 0.713 0.699 
0.36141  1.2921e+005  0.69820 0.79157 0.96429   0.00016 0.00905   0.964 0.712 0.698 
0.36240  1.2901e+005  0.69715 0.79054 0.96392   0.00016 0.00915   0.964 0.711 0.697 
0.36340  1.2881e+005  0.69644 0.78971 0.96354   0.00016 0.00924   0.964 0.709 0.696 
0.36440  1.2861e+005  0.69552 0.78892 0.96317   0.00016 0.00934   0.963 0.708 0.696 
0.36540  1.284e+005  0.69440 0.78791 0.96278   0.00016 0.00944   0.963 0.707 0.694 
0.36640  1.282e+005  0.69390 0.78743 0.96252   0.00016 0.00950   0.963 0.706 0.694 
0.36740  1.28e+005   0.69291 0.78676 0.96229   0.00016 0.00956   0.962 0.705 0.693 
0.36839  1.278e+005  0.69242 0.78630 0.96205   0.00016 0.00963   0.962 0.704 0.692 
0.36939  1.276e+005  0.69157 0.78561 0.96175   0.00016 0.00970   0.962 0.704 0.692 
0.37039  1.2739e+005  0.69080 0.78488 0.96136   0.00016 0.00980   0.961 0.702 0.691 
0.37139  1.2719e+005  0.68988 0.78424 0.96098   0.00016 0.00990   0.961 0.702 0.690 
0.37239  1.2699e+005  0.68875 0.78331 0.96058   0.00016 0.01000   0.961 0.701 0.689 
0.37339  1.2679e+005  0.68748 0.78231 0.96019   0.00016 0.01010   0.960 0.699 0.687 
0.37438  1.2659e+005  0.68678 0.78158 0.95981   0.00016 0.01020   0.960 0.698 0.687 
0.37538  1.2638e+005  0.68565 0.78076 0.95941   0.00016 0.01031   0.959 0.697 0.686 
0.37638  1.2618e+005  0.68487 0.77992 0.95900   0.00017 0.01041   0.959 0.696 0.685 
0.37738  1.2598e+005  0.68417 0.77915 0.95859   0.00017 0.01052   0.959 0.695 0.684 
0.37838  1.2578e+005  0.68254 0.77793 0.95818   0.00017 0.01062   0.958 0.693 0.683 
0.37938  1.2558e+005  0.68184 0.77735 0.95777   0.00017 0.01073   0.958 0.692 0.682 
0.38037  1.2537e+005  0.68113 0.77652 0.95735   0.00017 0.01084   0.957 0.691 0.681 
0.38137  1.2517e+005  0.68043 0.77579 0.95702   0.00017 0.01092   0.957 0.690 0.680 
0.38237  1.2497e+005  0.68000 0.77504 0.95677   0.00017 0.01099   0.957 0.688 0.680 
0.38337  1.2477e+005  0.67930 0.77456 0.95650   0.00017 0.01106   0.956 0.688 0.679 
0.38437  1.2457e+005  0.67895 0.77420 0.95625   0.00017 0.01112   0.956 0.687 0.679 
0.38537  1.2436e+005  0.67866 0.77366 0.95587   0.00017 0.01122   0.956 0.686 0.679 
0.38636  1.2416e+005  0.67817 0.77324 0.95549   0.00017 0.01132   0.955 0.686 0.678 
0.38736  1.2396e+005  0.67669 0.77231 0.95505   0.00017 0.01143   0.955 0.685 0.677 
0.38836  1.2376e+005  0.67507 0.77134 0.95461   0.00017 0.01155   0.955 0.684 0.675 
0.38936  1.2356e+005  0.67422 0.77049 0.95417   0.00017 0.01166   0.954 0.683 0.674 
0.39036  1.2335e+005  0.67302 0.76955 0.95373   0.00017 0.01177   0.954 0.682 0.673 
0.39136  1.2315e+005  0.67253 0.76894 0.95339   0.00017 0.01186   0.953 0.681 0.673 
0.39235  1.2295e+005  0.67189 0.76847 0.95310   0.00017 0.01194   0.953 0.680 0.672 
0.39335  1.2275e+005  0.67147 0.76784 0.95280   0.00017 0.01201   0.953 0.679 0.671 
0.39435  1.2255e+005  0.67097 0.76710 0.95250   0.00017 0.01209   0.952 0.678 0.671 
0.39535  1.2234e+005  0.67006 0.76623 0.95205   0.00017 0.01221   0.952 0.677 0.670 
0.39635  1.2214e+005  0.66893 0.76523 0.95159   0.00017 0.01233   0.952 0.675 0.669 
0.39735  1.2194e+005  0.66822 0.76429 0.95114   0.00017 0.01245   0.951 0.674 0.668 
0.39834  1.2174e+005  0.66745 0.76359 0.95067   0.00017 0.01257   0.951 0.673 0.667 
0.39934  1.2154e+005  0.66660 0.76276 0.95023   0.00017 0.01268   0.950 0.671 0.667 
0.40034  1.2133e+005  0.66611 0.76229 0.94992   0.00017 0.01276   0.950 0.671 0.666 
0.40134  1.2113e+005  0.66575 0.76183 0.94961   0.00017 0.01284   0.950 0.670 0.666 
0.40234  1.2093e+005  0.66498 0.76122 0.94927   0.00017 0.01293   0.949 0.669 0.665 
0.40334  1.2073e+005  0.66364 0.76007 0.94879   0.00017 0.01306   0.949 0.668 0.664 
0.40433  1.2053e+005  0.66279 0.75928 0.94831   0.00017 0.01318   0.948 0.667 0.663 
0.40533  1.2032e+005  0.66173 0.75830 0.94783   0.00017 0.01331   0.948 0.665 0.662 
0.40633  1.2012e+005  0.66110 0.75753 0.94734   0.00017 0.01343   0.947 0.664 0.661 
0.40733  1.1992e+005  0.65997 0.75671 0.94686   0.00017 0.01356   0.947 0.663 0.660 
0.40833  1.1972e+005  0.65898 0.75572 0.94637   0.00017 0.01369   0.946 0.662 0.659 
0.40933  1.1952e+005  0.65743 0.75480 0.94588   0.00017 0.01381   0.946 0.661 0.657 
0.41032  1.1931e+005  0.65658 0.75405 0.94540   0.00017 0.01394   0.945 0.660 0.657 
0.41132  1.1911e+005  0.65559 0.75313 0.94490   0.00017 0.01407   0.945 0.659 0.656 
0.41232  1.1891e+005  0.65475 0.75245 0.94448   0.00017 0.01418   0.944 0.658 0.655 
0.41332  1.1871e+005  0.65461 0.75204 0.94417   0.00017 0.01426   0.944 0.657 0.655 
0.41432  1.1851e+005  0.65447 0.75165 0.94385   0.00017 0.01434   0.944 0.657 0.654 
0.41531  1.183e+005  0.65355 0.75078 0.94343   0.00017 0.01445   0.943 0.655 0.654 
0.41631  1.181e+005  0.65263 0.74989 0.94293   0.00017 0.01458   0.943 0.654 0.653 
0.41731  1.179e+005  0.65178 0.74915 0.94242   0.00017 0.01472   0.942 0.653 0.652 
0.41831  1.177e+005  0.65108 0.74819 0.94190   0.00017 0.01485   0.942 0.652 0.651 
0.41931  1.175e+005  0.65003 0.74728 0.94138   0.00017 0.01499   0.941 0.650 0.650 
0.42031  1.1729e+005  0.64924 0.74660 0.94096   0.00017 0.01510   0.941 0.649 0.650 
0.42130  1.1709e+005  0.64861 0.74602 0.94061   0.00017 0.01519   0.941 0.649 0.649 
0.42230  1.1689e+005  0.64798 0.74546 0.94027   0.00017 0.01528   0.940 0.648 0.648 
0.42330  1.1669e+005  0.64681 0.74464 0.93976   0.00017 0.01541   0.940 0.647 0.647 
0.42430  1.1649e+005  0.64586 0.74377 0.93923   0.00017 0.01555   0.939 0.646 0.646 
0.42530  1.1628e+005  0.64359 0.74262 0.93869   0.00017 0.01569   0.939 0.644 0.646 
0.42630  1.1608e+005  0.64233 0.74171 0.93815   0.00017 0.01583   0.938 0.642 0.645 
0.42729  1.1588e+005  0.64139 0.74096 0.93768   0.00018 0.01596   0.938 0.641 0.644 
0.42829  1.1568e+005  0.64013 0.74013 0.93714   0.00018 0.01610   0.937 0.640 0.643 
0.42929  1.1548e+005  0.63856 0.73916 0.93659   0.00018 0.01625   0.937 0.639 0.642 
0.43029  1.1527e+005  0.63644 0.73782 0.93603   0.00018 0.01639   0.936 0.636 0.641 
0.43129  1.1507e+005  0.63511 0.73702 0.93547   0.00018 0.01654   0.935 0.635 0.640 
0.43229  1.1487e+005  0.63440 0.73653 0.93506   0.00018 0.01665   0.935 0.634 0.640 
0.43328  1.1467e+005  0.63354 0.73594 0.93471   0.00018 0.01674   0.935 0.634 0.640 
0.43428  1.1447e+005  0.63204 0.73497 0.93421   0.00018 0.01687   0.934 0.632 0.639 
0.43528  1.1426e+005  0.63055 0.73393 0.93364   0.00018 0.01702   0.934 0.631 0.638 
0.43628  1.1406e+005  0.62922 0.73296 0.93305   0.00018 0.01717   0.933 0.629 0.637 
0.43728  1.1386e+005  0.62804 0.73219 0.93247   0.00018 0.01733   0.932 0.628 0.636 
0.43828  1.1366e+005  0.62710 0.73152 0.93198   0.00018 0.01746   0.932 0.627 0.635 
0.43927  1.1346e+005  0.62608 0.73086 0.93158   0.00018 0.01756   0.932 0.626 0.635 
0.44027  1.1325e+005  0.62482 0.73022 0.93120   0.00018 0.01766   0.931 0.625 0.635 
0.44127  1.1305e+005  0.62325 0.72923 0.93064   0.00018 0.01781   0.931 0.623 0.634 
0.44227  1.1285e+005  0.62191 0.72833 0.93005   0.00018 0.01797   0.930 0.622 0.633 
0.44327  1.1265e+005  0.61971 0.72711 0.92945   0.00018 0.01812   0.929 0.620 0.632 
0.44427  1.1245e+005  0.61814 0.72615 0.92884   0.00018 0.01828   0.929 0.618 0.631 
0.44526  1.1224e+005  0.61705 0.72547 0.92840   0.00018 0.01840   0.928 0.617 0.631 
0.44626  1.1204e+005  0.61610 0.72478 0.92798   0.00018 0.01851   0.928 0.616 0.630 
0.44726  1.1184e+005  0.61516 0.72414 0.92748   0.00018 0.01864   0.927 0.615 0.630 
0.44826  1.1164e+005  0.61375 0.72316 0.92686   0.00018 0.01881   0.927 0.614 0.629 
0.44926  1.1144e+005  0.61163 0.72196 0.92624   0.00018 0.01897   0.926 0.612 0.628 
0.45026  1.1123e+005  0.60982 0.72087 0.92563   0.00018 0.01913   0.926 0.610 0.627 
0.45125  1.1103e+005  0.60817 0.71992 0.92500   0.00018 0.01930   0.925 0.608 0.627 
0.45225  1.1083e+005  0.60692 0.71892 0.92437   0.00018 0.01947   0.924 0.607 0.625 
0.45325  1.1063e+005  0.60558 0.71788 0.92373   0.00018 0.01964   0.924 0.606 0.624 
0.45425  1.1043e+005  0.60432 0.71678 0.92310   0.00018 0.01981   0.923 0.604 0.623 
0.45525  1.1022e+005  0.60338 0.71624 0.92261   0.00018 0.01994   0.923 0.603 0.623 
0.45625  1.1002e+005  0.60260 0.71558 0.92213   0.00018 0.02006   0.922 0.603 0.622 
0.45724  1.0982e+005  0.60173 0.71498 0.92162   0.00018 0.02020   0.922 0.602 0.622 
0.45824  1.0962e+005  0.60079 0.71403 0.92097   0.00018 0.02037   0.921 0.601 0.620 
0.45924  1.0942e+005  0.59922 0.71296 0.92032   0.00018 0.02055   0.920 0.599 0.619 
0.46024  1.0921e+005  0.59804 0.71197 0.91965   0.00018 0.02072   0.920 0.598 0.618 
0.46124  1.0901e+005  0.59734 0.71148 0.91917   0.00018 0.02085   0.919 0.597 0.618 
0.46224  1.0881e+005  0.59686 0.71104 0.91875   0.00018 0.02096   0.919 0.597 0.617 
0.46323  1.0861e+005  0.59577 0.71032 0.91812   0.00018 0.02113   0.918 0.596 0.617 
0.46423  1.0841e+005  0.59380 0.70913 0.91744   0.00018 0.02131   0.917 0.594 0.616 
0.46523  1.082e+005  0.59255 0.70812 0.91677   0.00018 0.02149   0.917 0.593 0.615 
0.46623  1.08e+005   0.59058 0.70697 0.91622   0.00019 0.02164   0.916 0.591 0.614 
0.46723  1.078e+005  0.58980 0.70635 0.91578   0.00019 0.02175   0.916 0.590 0.613 
0.46823  1.076e+005  0.58823 0.70534 0.91517   0.00019 0.02192   0.915 0.588 0.613 
0.46922  1.074e+005  0.58626 0.70418 0.91449   0.00019 0.02210   0.914 0.586 0.612 
0.47022  1.0719e+005  0.58414 0.70302 0.91378   0.00019 0.02229   0.914 0.584 0.611 
0.47122  1.0699e+005  0.58265 0.70194 0.91307   0.00019 0.02248   0.913 0.583 0.610 
0.47222  1.0679e+005  0.58163 0.70097 0.91239   0.00019 0.02266   0.912 0.582 0.609 
0.47322  1.0659e+005  0.57935 0.69955 0.91168   0.00019 0.02285   0.912 0.579 0.608 
0.47422  1.0639e+005  0.57802 0.69876 0.91107   0.00019 0.02302   0.911 0.578 0.607 
0.47521  1.0618e+005  0.57763 0.69823 0.91050   0.00019 0.02317   0.911 0.578 0.607 
0.47621  1.0598e+005  0.57653 0.69735 0.91003   0.00019 0.02330   0.910 0.577 0.606 
0.47721  1.0578e+005  0.57543 0.69642 0.90932   0.00019 0.02348   0.909 0.575 0.605 
0.47821  1.0558e+005  0.57394 0.69533 0.90858   0.00019 0.02368   0.909 0.574 0.603 
0.47921  1.0538e+005  0.57260 0.69424 0.90785   0.00019 0.02388   0.908 0.573 0.602 
0.48021  1.0517e+005  0.57166 0.69353 0.90723   0.00019 0.02405   0.907 0.572 0.602 
0.48120  1.0497e+005  0.57064 0.69285 0.90670   0.00019 0.02419   0.907 0.571 0.601 
0.48220  1.0477e+005  0.56907 0.69191 0.90609   0.00019 0.02435   0.906 0.569 0.601 
0.48320  1.0457e+005  0.56797 0.69103 0.90541   0.00019 0.02454   0.905 0.568 0.600 
0.48420  1.0437e+005  0.56655 0.68996 0.90466   0.00019 0.02474   0.905 0.567 0.599 
0.48520  1.0416e+005  0.56553 0.68918 0.90390   0.00019 0.02494   0.904 0.566 0.598 
0.48620  1.0396e+005  0.56459 0.68859 0.90344   0.00019 0.02507   0.903 0.565 0.598 
0.48719  1.0376e+005  0.56396 0.68783 0.90291   0.00019 0.02521   0.903 0.564 0.597 
0.48819  1.0356e+005  0.56271 0.68676 0.90223   0.00019 0.02539   0.902 0.563 0.595 
0.48919  1.0336e+005  0.56192 0.68598 0.90146   0.00019 0.02560   0.901 0.562 0.595 
0.49019  1.0315e+005  0.56082 0.68510 0.90068   0.00019 0.02581   0.901 0.561 0.594 
0.49119  1.0295e+005  0.55909 0.68410 0.89991   0.00019 0.02602   0.900 0.559 0.593 
0.49219  1.0275e+005  0.55768 0.68297 0.89912   0.00019 0.02623   0.899 0.558 0.592 
0.49318  1.0255e+005  0.55627 0.68200 0.89833   0.00019 0.02645   0.898 0.556 0.591 
0.49418  1.0235e+005  0.55509 0.68130 0.89768   0.00019 0.02662   0.898 0.555 0.591 
0.49518  1.0214e+005  0.55423 0.68069 0.89714   0.00019 0.02677   0.897 0.554 0.591 
0.49618  1.0194e+005  0.55211 0.67949 0.89646   0.00019 0.02695   0.896 0.552 0.590 
0.49718  1.0174e+005  0.55132 0.67873 0.89566   0.00019 0.02717   0.896 0.551 0.589 
0.49818  1.0154e+005  0.55022 0.67786 0.89486   0.00019 0.02739   0.895 0.550 0.589 
0.49917  1.0134e+005  0.54857 0.67688 0.89421   0.00019 0.02757   0.894 0.549 0.588 
0.50017  1.0113e+005  0.54747 0.67609 0.89363   0.00019 0.02773   0.894 0.547 0.587 
0.50117  1.0093e+005  0.54629 0.67535 0.89302   0.00019 0.02789   0.893 0.546 0.587 
0.50217  1.0073e+005  0.54480 0.67427 0.89219   0.00019 0.02811   0.892 0.545 0.586 
0.50317  1.0053e+005  0.54355 0.67320 0.89136   0.00019 0.02834   0.891 0.544 0.585 
0.50417  1.0033e+005  0.54229 0.67233 0.89057   0.00020 0.02856   0.891 0.542 0.584 
0.50516  1.0012e+005  0.54119 0.67140 0.88974   0.00020 0.02878   0.890 0.541 0.583 
0.50616  99922       0.54001 0.67054 0.88889   0.00020 0.02902   0.889 0.540 0.583 
0.50716  99720       0.53923 0.66967 0.88813   0.00020 0.02922   0.888 0.539 0.582 
0.50816  99518       0.53789 0.66885 0.88755   0.00020 0.02938   0.888 0.538 0.581 
0.50916  99316       0.53671 0.66796 0.88683   0.00020 0.02958   0.887 0.537 0.580 
0.51016  99114       0.53546 0.66692 0.88598   0.00020 0.02981   0.886 0.535 0.579 
0.51115  98912       0.53334 0.66572 0.88513   0.00020 0.03004   0.885 0.533 0.579 
0.51215  98710       0.53247 0.66504 0.88451   0.00020 0.03021   0.885 0.532 0.578 
0.51315  98508       0.53169 0.66433 0.88389   0.00020 0.03039   0.884 0.532 0.577 
0.51415  98306       0.53130 0.66362 0.88306   0.00020 0.03061   0.883 0.531 0.577 
0.51515  98104       0.53004 0.66243 0.88222   0.00020 0.03084   0.882 0.530 0.575 
0.51615  97902       0.52878 0.66137 0.88135   0.00020 0.03108   0.881 0.529 0.574 
0.51714  97700       0.52729 0.66039 0.88060   0.00020 0.03129   0.881 0.527 0.573 
0.51814  97498       0.52627 0.65952 0.87993   0.00020 0.03147   0.880 0.526 0.572 
0.51914  97296       0.52454 0.65850 0.87918   0.00020 0.03168   0.879 0.525 0.572 
0.52014  97094       0.52344 0.65760 0.87828   0.00020 0.03193   0.878 0.523 0.571 
0.52114  96892       0.52219 0.65655 0.87738   0.00020 0.03218   0.877 0.522 0.570 
0.52214  96690       0.52077 0.65568 0.87647   0.00020 0.03243   0.876 0.521 0.570 
0.52313  96488       0.51952 0.65480 0.87558   0.00020 0.03267   0.876 0.520 0.569 
0.52413  96286       0.51732 0.65346 0.87467   0.00020 0.03292   0.875 0.517 0.568 
0.52513  96084       0.51646 0.65278 0.87405   0.00020 0.03309   0.874 0.516 0.568 
0.52613  95882       0.51583 0.65209 0.87338   0.00020 0.03328   0.873 0.516 0.567 
0.52713  95680       0.51418 0.65098 0.87247   0.00020 0.03353   0.872 0.514 0.566 
0.52813  95478       0.51284 0.64997 0.87155   0.00020 0.03379   0.872 0.513 0.566 
0.52912  95276       0.51135 0.64896 0.87073   0.00020 0.03401   0.871 0.511 0.565 
0.53012  95074       0.51080 0.64838 0.87009   0.00020 0.03419   0.870 0.511 0.564 
0.53112  94872       0.50907 0.64716 0.86929   0.00020 0.03441   0.869 0.509 0.563 
0.53212  94670       0.50735 0.64591 0.86834   0.00020 0.03468   0.868 0.507 0.562 
0.53312  94468       0.50585 0.64481 0.86745   0.00020 0.03493   0.867 0.506 0.561 
0.53412  94266       0.50554 0.64437 0.86678   0.00020 0.03511   0.867 0.506 0.561 
0.53511  94064       0.50499 0.64388 0.86600   0.00020 0.03533   0.866 0.505 0.561 
0.53611  93862       0.50389 0.64298 0.86504   0.00020 0.03560   0.865 0.504 0.560 
0.53711  93660       0.50311 0.64209 0.86406   0.00020 0.03587   0.864 0.503 0.559 
0.53811  93458       0.50169 0.64101 0.86309   0.00020 0.03614   0.863 0.502 0.558 
0.53911  93256       0.50051 0.64005 0.86210   0.00020 0.03642   0.862 0.501 0.558 
0.54011  93054       0.49989 0.63929 0.86129   0.00020 0.03664   0.861 0.500 0.557 
0.54110  92852       0.49894 0.63851 0.86054   0.00020 0.03685   0.861 0.499 0.556 
0.54210  92650       0.49785 0.63758 0.85954   0.00020 0.03713   0.860 0.498 0.555 
0.54310  92448       0.49651 0.63651 0.85858   0.00020 0.03740   0.859 0.497 0.554 
0.54410  92246       0.49612 0.63600 0.85793   0.00020 0.03758   0.858 0.496 0.554 
0.54510  92044       0.49502 0.63514 0.85709   0.00021 0.03782   0.857 0.495 0.553 
0.54610  91842       0.49360 0.63407 0.85608   0.00021 0.03810   0.856 0.494 0.553 
0.54709  91640       0.49203 0.63273 0.85510   0.00021 0.03838   0.855 0.492 0.551 
0.54809  91438       0.49070 0.63168 0.85407   0.00021 0.03867   0.854 0.491 0.550 
0.54909  91236       0.48929 0.63043 0.85313   0.00021 0.03893   0.853 0.489 0.549 
0.55009  91034       0.48819 0.62968 0.85241   0.00021 0.03914   0.852 0.488 0.548 
0.55109  90832       0.48669 0.62867 0.85138   0.00021 0.03943   0.851 0.487 0.548 
0.55209  90630       0.48591 0.62777 0.85032   0.00021 0.03972   0.850 0.486 0.547 
0.55308  90428       0.48505 0.62713 0.84960   0.00021 0.03993   0.850 0.485 0.547 
0.55408  90226       0.48387 0.62630 0.84872   0.00021 0.04018   0.849 0.484 0.546 
0.55508  90024       0.48230 0.62528 0.84765   0.00021 0.04048   0.848 0.482 0.546 
0.55608  89822       0.48120 0.62442 0.84675   0.00021 0.04074   0.847 0.481 0.545 
0.55708  89620       0.48041 0.62364 0.84602   0.00021 0.04094   0.846 0.480 0.544 
0.55808  89418       0.47900 0.62257 0.84492   0.00021 0.04125   0.845 0.479 0.544 
0.55907  89216       0.47751 0.62145 0.84385   0.00021 0.04156   0.844 0.478 0.543 
0.56007  89014       0.47609 0.62019 0.84273   0.00021 0.04187   0.843 0.476 0.542 
0.56107  88812       0.47515 0.61927 0.84190   0.00021 0.04211   0.842 0.475 0.541 
0.56207  88610       0.47390 0.61843 0.84101   0.00021 0.04237   0.841 0.474 0.540 
0.56307  88408       0.47170 0.61697 0.83988   0.00021 0.04269   0.840 0.472 0.539 
0.56407  88206       0.47068 0.61634 0.83929   0.00021 0.04286   0.839 0.471 0.539 
0.56506  88004       0.46973 0.61558 0.83851   0.00021 0.04308   0.839 0.470 0.538 
0.56606  87802       0.46856 0.61457 0.83737   0.00021 0.04340   0.837 0.469 0.538 
0.56706  87600       0.46706 0.61365 0.83646   0.00021 0.04366   0.836 0.467 0.537 
0.56806  87398       0.46573 0.61282 0.83564   0.00021 0.04390   0.836 0.466 0.537 
0.56906  87196       0.46353 0.61149 0.83449   0.00021 0.04423   0.834 0.464 0.536 
0.57006  86994       0.46188 0.61022 0.83334   0.00021 0.04456   0.833 0.462 0.535 
0.57105  86792       0.45976 0.60882 0.83217   0.00021 0.04489   0.832 0.460 0.535 
0.57205  86590       0.45898 0.60815 0.83143   0.00021 0.04510   0.831 0.459 0.534 
0.57305  86388       0.45709 0.60676 0.83034   0.00021 0.04542   0.830 0.457 0.533 
0.57405  86186       0.45583 0.60563 0.82921   0.00021 0.04574   0.829 0.456 0.532 
0.57505  85984       0.45474 0.60472 0.82840   0.00021 0.04597   0.828 0.455 0.531 
0.57605  85782       0.45309 0.60334 0.82719   0.00021 0.04632   0.827 0.453 0.530 
0.57704  85580       0.45214 0.60253 0.82626   0.00022 0.04659   0.826 0.452 0.529 
0.57804  85378       0.45089 0.60155 0.82529   0.00022 0.04687   0.825 0.451 0.528 
0.57904  85176       0.44971 0.60041 0.82405   0.00022 0.04723   0.824 0.450 0.527 
0.58004  84974       0.44806 0.59912 0.82280   0.00022 0.04759   0.823 0.448 0.526 
0.58104  84772       0.44570 0.59780 0.82198   0.00022 0.04783   0.822 0.446 0.526 
0.58204  84570       0.44390 0.59672 0.82098   0.00022 0.04812   0.821 0.444 0.525 
0.58303  84368       0.44249 0.59556 0.81983   0.00022 0.04845   0.820 0.442 0.524 
0.58403  84166       0.44209 0.59502 0.81901   0.00022 0.04869   0.819 0.442 0.524 
0.58503  83964       0.44037 0.59362 0.81773   0.00022 0.04906   0.818 0.440 0.523 
0.58603  83762       0.43895 0.59235 0.81647   0.00022 0.04943   0.816 0.439 0.522 
0.58703  83560       0.43809 0.59148 0.81530   0.00022 0.04977   0.815 0.438 0.521 
0.58803  83358       0.43707 0.59069 0.81452   0.00022 0.05000   0.815 0.437 0.520 
0.58902  83156       0.43534 0.58932 0.81324   0.00022 0.05037   0.813 0.435 0.519 
0.59002  82954       0.43455 0.58868 0.81247   0.00022 0.05059   0.812 0.435 0.519 
0.59102  82752       0.43455 0.58826 0.81191   0.00022 0.05076   0.812 0.435 0.518 
0.59202  82550       0.43448 0.58780 0.81104   0.00022 0.05101   0.811 0.434 0.518 
0.59302  82348       0.43448 0.58726 0.80997   0.00022 0.05133   0.810 0.434 0.517 
0.59402  82146       0.43448 0.58693 0.80913   0.00022 0.05157   0.809 0.434 0.517 
0.59501  81944       0.43416 0.58624 0.80815   0.00022 0.05186   0.808 0.434 0.516 
0.59601  81742       0.43408 0.58574 0.80703   0.00022 0.05219   0.807 0.434 0.516 
0.59701  81540       0.43377 0.58501 0.80576   0.00022 0.05256   0.806 0.434 0.515 
0.59801  81338       0.43251 0.58409 0.80461   0.00022 0.05290   0.805 0.433 0.515 
0.59901  81136       0.43204 0.58342 0.80357   0.00022 0.05320   0.804 0.432 0.515 
0.60001  80934       0.43024 0.58218 0.80223   0.00022 0.05360   0.802 0.430 0.514 
0.60100  80732       0.42921 0.58122 0.80087   0.00022 0.05400   0.801 0.429 0.514 
0.60200  80530       0.42851 0.58044 0.79994   0.00022 0.05428   0.800 0.429 0.513 
0.60300  80328       0.42733 0.57933 0.79864   0.00022 0.05466   0.799 0.427 0.512 
0.60400  80126       0.42592 0.57843 0.79763   0.00022 0.05496   0.798 0.426 0.512 
0.60500  79924       0.42427 0.57736 0.79649   0.00022 0.05530   0.796 0.424 0.511 
0.60600  79722       0.42340 0.57651 0.79523   0.00022 0.05567   0.795 0.423 0.511 
0.60699  79520       0.42270 0.57580 0.79422   0.00022 0.05597   0.794 0.423 0.510 
0.60799  79318       0.42073 0.57454 0.79282   0.00022 0.05639   0.793 0.421 0.510 
0.60899  79116       0.41909 0.57326 0.79140   0.00022 0.05681   0.791 0.419 0.509 
0.60999  78914       0.41854 0.57259 0.79037   0.00022 0.05712   0.790 0.419 0.509 
0.61099  78712       0.41791 0.57185 0.78908   0.00022 0.05750   0.789 0.418 0.509 
0.61199  78510       0.41712 0.57111 0.78792   0.00022 0.05785   0.788 0.417 0.508 
0.61298  78308       0.41626 0.57033 0.78686   0.00022 0.05817   0.787 0.416 0.508 
0.61398  78106       0.41532 0.56928 0.78557   0.00022 0.05855   0.786 0.415 0.507 
0.61498  77904       0.41532 0.56876 0.78507   0.00022 0.05870   0.785 0.415 0.506 
0.61598  77702       0.41469 0.56772 0.78399   0.00022 0.05903   0.784 0.415 0.504 
0.61698  77500       0.41398 0.56682 0.78271   0.00022 0.05941   0.783 0.414 0.504 
0.61798  77298       0.41280 0.56588 0.78156   0.00022 0.05976   0.782 0.413 0.503 
0.61897  77096       0.41217 0.56499 0.78016   0.00022 0.06018   0.780 0.412 0.503 
0.61997  76894       0.41155 0.56424 0.77924   0.00022 0.06045   0.779 0.412 0.502 
0.62097  76692       0.41005 0.56290 0.77775   0.00022 0.06090   0.778 0.410 0.501 
0.62197  76490       0.40951 0.56231 0.77689   0.00022 0.06116   0.777 0.410 0.501 
0.62297  76288       0.40833 0.56129 0.77543   0.00022 0.06161   0.775 0.408 0.500 
0.62397  76086       0.40691 0.55999 0.77394   0.00023 0.06205   0.774 0.407 0.499 
0.62496  75884       0.40636 0.55926 0.77294   0.00023 0.06236   0.773 0.406 0.498 
0.62596  75682       0.40503 0.55815 0.77165   0.00023 0.06275   0.772 0.405 0.498 
0.62696  75480       0.40503 0.55749 0.77035   0.00023 0.06314   0.770 0.405 0.497 
0.62796  75278       0.40448 0.55669 0.76929   0.00023 0.06347   0.769 0.404 0.496 
0.62896  75076       0.40283 0.55523 0.76775   0.00023 0.06394   0.768 0.403 0.495 
0.62996  74874       0.40228 0.55463 0.76679   0.00023 0.06423   0.767 0.402 0.495 
0.63095  74672       0.40142 0.55354 0.76524   0.00023 0.06470   0.765 0.401 0.494 
0.63195  74470       0.39985 0.55217 0.76374   0.00023 0.06516   0.764 0.400 0.493 
0.63295  74268       0.39906 0.55138 0.76274   0.00023 0.06547   0.763 0.399 0.492 
0.63395  74066       0.39804 0.55033 0.76118   0.00023 0.06595   0.761 0.398 0.492 
0.63495  73864       0.39749 0.54970 0.76017   0.00023 0.06626   0.760 0.397 0.491 
0.63595  73662       0.39616 0.54852 0.75862   0.00023 0.06673   0.759 0.396 0.491 
0.63694  73460       0.39584 0.54798 0.75772   0.00023 0.06701   0.758 0.396 0.490 
0.63794  73258       0.39498 0.54679 0.75609   0.00023 0.06751   0.756 0.395 0.489 
0.63894  73056       0.39380 0.54549 0.75447   0.00023 0.06801   0.754 0.394 0.488 
0.63994  72854       0.39309 0.54477 0.75353   0.00023 0.06830   0.754 0.393 0.488 
0.64094  72652       0.39160 0.54336 0.75193   0.00023 0.06880   0.752 0.392 0.487 
0.64194  72450       0.39035 0.54250 0.75088   0.00023 0.06912   0.751 0.390 0.486 
0.64293  72248       0.38940 0.54140 0.74923   0.00023 0.06963   0.749 0.389 0.486 
0.64393  72046       0.38885 0.54063 0.74781   0.00023 0.07008   0.748 0.389 0.485 
0.64493  71844       0.38768 0.53964 0.74666   0.00023 0.07043   0.747 0.388 0.485 
0.64593  71642       0.38713 0.53880 0.74510   0.00023 0.07092   0.745 0.387 0.484 
0.64693  71440       0.38650 0.53805 0.74391   0.00023 0.07129   0.744 0.386 0.484 
0.64793  71238       0.38556 0.53705 0.74250   0.00023 0.07173   0.743 0.386 0.483 
0.64892  71036       0.38516 0.53642 0.74119   0.00023 0.07214   0.741 0.385 0.483 
0.64992  70834       0.38406 0.53520 0.73948   0.00023 0.07267   0.739 0.384 0.482 
0.65092  70632       0.38367 0.53437 0.73816   0.00023 0.07309   0.738 0.384 0.481 
0.65192  70430       0.38281 0.53327 0.73664   0.00023 0.07357   0.737 0.383 0.480 
0.65292  70228       0.38226 0.53256 0.73550   0.00023 0.07393   0.736 0.382 0.480 
0.65392  70026       0.38163 0.53141 0.73381   0.00023 0.07446   0.734 0.382 0.479 
0.65491  69824       0.38061 0.53054 0.73264   0.00023 0.07483   0.733 0.381 0.478 
0.65591  69622       0.37927 0.52917 0.73085   0.00023 0.07539   0.731 0.379 0.477 
0.65691  69420       0.37849 0.52833 0.72955   0.00023 0.07581   0.730 0.378 0.477 
0.65791  69218       0.37731 0.52716 0.72818   0.00023 0.07624   0.728 0.377 0.476 
0.65891  69016       0.37629 0.52623 0.72692   0.00023 0.07664   0.727 0.376 0.475 
0.65991  68814       0.37503 0.52511 0.72529   0.00023 0.07716   0.725 0.375 0.475 
0.66090  68612       0.37338 0.52374 0.72354   0.00023 0.07771   0.724 0.373 0.474 
0.66190  68410       0.37260 0.52281 0.72225   0.00023 0.07813   0.722 0.373 0.474 
0.66290  68208       0.37095 0.52154 0.72078   0.00024 0.07859   0.721 0.371 0.473 
0.66390  68006       0.36985 0.52041 0.71919   0.00024 0.07910   0.719 0.370 0.472 
0.66490  67804       0.36922 0.51967 0.71812   0.00024 0.07945   0.718 0.369 0.472 
0.66590  67602       0.36836 0.51855 0.71624   0.00024 0.08005   0.716 0.368 0.471 
0.66689  67400       0.36781 0.51787 0.71504   0.00024 0.08043   0.715 0.368 0.471 
0.66789  67198       0.36608 0.51651 0.71333   0.00024 0.08099   0.713 0.366 0.470 
0.66889  66996       0.36537 0.51584 0.71216   0.00024 0.08136   0.712 0.365 0.470 
0.66989  66794       0.36349 0.51443 0.71068   0.00024 0.08184   0.711 0.363 0.469 
0.67089  66592       0.36208 0.51307 0.70926   0.00024 0.08230   0.709 0.362 0.468 
0.67189  66390       0.36043 0.51157 0.70741   0.00024 0.08290   0.707 0.360 0.467 
0.67288  66188       0.35964 0.51061 0.70607   0.00024 0.08333   0.706 0.360 0.466 
0.67388  65986       0.35894 0.50975 0.70486   0.00024 0.08373   0.705 0.359 0.465 
0.67488  65784       0.35752 0.50847 0.70326   0.00024 0.08424   0.703 0.358 0.465 
0.67588  65582       0.35642 0.50726 0.70157   0.00024 0.08480   0.702 0.356 0.464 
0.67688  65380       0.35595 0.50645 0.70020   0.00024 0.08524   0.700 0.356 0.463 
0.67788  65178       0.35501 0.50558 0.69907   0.00024 0.08561   0.699 0.355 0.463 
0.67887  64976       0.35305 0.50422 0.69746   0.00024 0.08614   0.697 0.353 0.462 
0.67987  64774       0.35226 0.50319 0.69599   0.00024 0.08662   0.696 0.352 0.461 
0.68087  64572       0.35077 0.50166 0.69411   0.00024 0.08724   0.694 0.351 0.460 
0.68187  64370       0.34990 0.50076 0.69270   0.00024 0.08770   0.693 0.350 0.460 
0.68287  64168       0.34841 0.49968 0.69131   0.00024 0.08816   0.691 0.348 0.459 
0.68387  63966       0.34653 0.49843 0.68977   0.00024 0.08867   0.690 0.347 0.459 
0.68486  63764       0.34535 0.49745 0.68859   0.00024 0.08906   0.689 0.345 0.458 
0.68586  63562       0.34323 0.49562 0.68649   0.00024 0.08976   0.686 0.343 0.457 
0.68686  63360       0.34150 0.49449 0.68532   0.00024 0.09014   0.685 0.342 0.457 
0.68786  63158       0.34017 0.49331 0.68360   0.00024 0.09071   0.684 0.340 0.456 
0.68886  62956       0.33923 0.49252 0.68240   0.00024 0.09111   0.682 0.339 0.456 
0.68986  62754       0.33813 0.49140 0.68092   0.00024 0.09161   0.681 0.338 0.455 
0.69085  62552       0.33750 0.49052 0.67918   0.00024 0.09219   0.679 0.337 0.455 
0.69185  62350       0.33624 0.48936 0.67752   0.00025 0.09274   0.678 0.336 0.454 
0.69285  62148       0.33530 0.48839 0.67590   0.00025 0.09329   0.676 0.335 0.454 
0.69385  61946       0.32682 0.48407 0.67482   0.00025 0.09365   0.675 0.327 0.451 
0.69485  61744       0.31881 0.48021 0.67369   0.00025 0.09403   0.674 0.319 0.448 
0.69585  61542       0.31692 0.47866 0.67151   0.00025 0.09476   0.672 0.317 0.448 
0.69684  61340       0.31598 0.47791 0.67040   0.00025 0.09514   0.670 0.316 0.447 
0.69784  61138       0.31371 0.47639 0.66863   0.00025 0.09573   0.669 0.314 0.447 
0.69884  60936       0.31371 0.47620 0.66806   0.00025 0.09592   0.668 0.314 0.447 
0.69984  60734       0.31253 0.47533 0.66684   0.00025 0.09634   0.667 0.313 0.447 
0.70084  60532       0.31135 0.47427 0.66533   0.00025 0.09685   0.665 0.311 0.446 
0.70184  60330       0.30986 0.47306 0.66369   0.00025 0.09741   0.664 0.310 0.446 
0.70283  60128       0.30923 0.47205 0.66183   0.00025 0.09804   0.662 0.309 0.445 
0.70383  59926       0.30860 0.47134 0.66063   0.00025 0.09845   0.661 0.309 0.445 
0.70483  59724       0.30789 0.47047 0.65922   0.00025 0.09893   0.659 0.308 0.444 
0.70583  59522       0.30774 0.47014 0.65850   0.00025 0.09918   0.659 0.308 0.444 
0.70683  59320       0.30774 0.46998 0.65802   0.00025 0.09934   0.658 0.308 0.444 
0.70783  59118       0.30672 0.46907 0.65662   0.00025 0.09982   0.657 0.307 0.444 
0.70882  58916       0.30632 0.46847 0.65536   0.00025 0.10026   0.655 0.306 0.444 
0.70982  58714       0.30554 0.46760 0.65380   0.00025 0.10079   0.654 0.306 0.443 
0.71082  58512       0.30475 0.46641 0.65178   0.00025 0.10148   0.652 0.305 0.443 
0.71182  58310       0.30428 0.46581 0.65067   0.00025 0.10187   0.651 0.304 0.442 
0.71282  58108       0.30310 0.46469 0.64905   0.00025 0.10243   0.649 0.303 0.442 
0.71382  57906       0.30193 0.46343 0.64737   0.00025 0.10301   0.647 0.302 0.441 
0.71481  57704       0.30106 0.46256 0.64585   0.00025 0.10354   0.646 0.301 0.441 
0.71581  57502       0.30059 0.46176 0.64460   0.00025 0.10397   0.645 0.301 0.440 
0.71681  57300       0.30020 0.46050 0.64249   0.00026 0.10470   0.642 0.300 0.439 
0.71781  57098       0.29910 0.45973 0.64135   0.00026 0.10510   0.641 0.299 0.439 
0.71881  56896       0.29769 0.45849 0.63968   0.00026 0.10569   0.640 0.298 0.438 
0.71981  56694       0.29651 0.45759 0.63852   0.00026 0.10609   0.639 0.297 0.438 
0.72080  56492       0.29509 0.45608 0.63624   0.00026 0.10689   0.636 0.295 0.437 
0.72180  56290       0.29117 0.45402 0.63490   0.00026 0.10736   0.635 0.291 0.436 
0.72280  56088       0.28544 0.45136 0.63371   0.00026 0.10778   0.634 0.285 0.435 
0.72380  55886       0.28442 0.45031 0.63209   0.00026 0.10835   0.632 0.284 0.434 
0.72480  55684       0.28316 0.44931 0.63064   0.00026 0.10886   0.631 0.283 0.434 
0.72580  55482       0.28214 0.44837 0.62940   0.00026 0.10930   0.629 0.282 0.434 
0.72679  55280       0.28057 0.44682 0.62745   0.00026 0.10999   0.627 0.281 0.432 
0.72779  55078       0.27955 0.44589 0.62617   0.00026 0.11044   0.626 0.280 0.432 
0.72879  54876       0.27868 0.44506 0.62474   0.00026 0.11095   0.625 0.279 0.432 
0.72979  54674       0.27774 0.44417 0.62343   0.00026 0.11142   0.623 0.278 0.431 
0.73079  54472       0.27625 0.44284 0.62165   0.00026 0.11206   0.622 0.276 0.431 
0.73179  54270       0.27562 0.44220 0.62050   0.00026 0.11246   0.621 0.276 0.430 
0.73278  54068       0.27405 0.44058 0.61820   0.00026 0.11329   0.618 0.274 0.429 
0.73378  53866       0.27389 0.44010 0.61704   0.00026 0.11370   0.617 0.274 0.429 
0.73478  53664       0.27264 0.43900 0.61535   0.00026 0.11431   0.615 0.273 0.429 
0.73578  53462       0.27185 0.43801 0.61395   0.00026 0.11482   0.614 0.272 0.428 
0.73678  53260       0.27060 0.43670 0.61178   0.00026 0.11560   0.612 0.271 0.428 
0.73778  53058       0.27060 0.43597 0.60981   0.00026 0.11631   0.610 0.271 0.428 
0.73877  52856       0.26997 0.43514 0.60836   0.00026 0.11684   0.608 0.270 0.427 
0.73977  52654       0.26957 0.43445 0.60702   0.00026 0.11732   0.607 0.270 0.427 
0.74077  52452       0.26855 0.43348 0.60563   0.00026 0.11783   0.606 0.269 0.426 
0.74177  52250       0.26855 0.43330 0.60510   0.00026 0.11802   0.605 0.269 0.426 
0.74277  52048       0.26745 0.43256 0.60405   0.00026 0.11841   0.604 0.267 0.426 
0.74377  51846       0.26698 0.43169 0.60239   0.00026 0.11901   0.602 0.267 0.426 
0.74476  51644       0.26581 0.43054 0.60048   0.00027 0.11971   0.600 0.266 0.425 
0.74576  51442       0.26518 0.42956 0.59873   0.00027 0.12035   0.599 0.265 0.425 
0.74676  51240       0.26463 0.42893 0.59755   0.00027 0.12079   0.598 0.265 0.425 
0.74776  51038       0.26369 0.42793 0.59576   0.00027 0.12145   0.596 0.264 0.424 
0.74876  50836       0.26282 0.42701 0.59437   0.00027 0.12196   0.594 0.263 0.424 
0.74976  50634       0.26141 0.42579 0.59232   0.00027 0.12272   0.592 0.261 0.424 
0.75075  50432       0.26023 0.42485 0.59076   0.00027 0.12330   0.591 0.260 0.424 
0.75175  50230       0.25976 0.42412 0.58939   0.00027 0.12381   0.589 0.260 0.423 
0.75275  50028       0.25866 0.42277 0.58714   0.00027 0.12464   0.587 0.259 0.423 
0.75375  49826       0.25842 0.42218 0.58582   0.00027 0.12514   0.586 0.258 0.422 
0.75475  49624       0.25787 0.42129 0.58420   0.00027 0.12574   0.584 0.258 0.422 
0.75575  49422       0.25677 0.42019 0.58250   0.00027 0.12638   0.582 0.257 0.421 
0.75674  49220       0.25607 0.41950 0.58133   0.00027 0.12682   0.581 0.256 0.421 
0.75774  49018       0.25568 0.41826 0.57907   0.00027 0.12766   0.579 0.256 0.420 
0.75874  48816       0.25520 0.41759 0.57773   0.00027 0.12817   0.578 0.255 0.420 
0.75974  48614       0.25458 0.41680 0.57615   0.00027 0.12877   0.576 0.255 0.420 
0.76074  48412       0.25411 0.41600 0.57450   0.00027 0.12939   0.574 0.254 0.419 
0.76174  48210       0.25356 0.41507 0.57268   0.00027 0.13008   0.573 0.254 0.419 
0.76273  48008       0.25332 0.41438 0.57113   0.00027 0.13067   0.571 0.253 0.419 
0.76373  47806       0.25277 0.41353 0.56946   0.00027 0.13131   0.569 0.253 0.418 
0.76473  47604       0.25120 0.41232 0.56776   0.00027 0.13196   0.568 0.251 0.418 
0.76573  47402       0.25002 0.41134 0.56643   0.00027 0.13247   0.566 0.250 0.418 
0.76673  47200       0.24861 0.40997 0.56422   0.00027 0.13331   0.564 0.249 0.417 
0.76773  46998       0.24806 0.40908 0.56246   0.00027 0.13399   0.562 0.248 0.417 
0.76872  46796       0.24782 0.40844 0.56121   0.00027 0.13447   0.561 0.248 0.416 
0.76972  46594       0.24617 0.40696 0.55913   0.00027 0.13528   0.559 0.246 0.416 
0.77072  46392       0.24570 0.40604 0.55754   0.00027 0.13589   0.558 0.246 0.415 
0.77172  46190       0.24555 0.40557 0.55635   0.00027 0.13635   0.556 0.246 0.415 
0.77272  45988       0.24460 0.40451 0.55460   0.00027 0.13703   0.555 0.245 0.414 
0.77372  45786       0.24335 0.40331 0.55254   0.00027 0.13784   0.553 0.243 0.414 
0.77471  45584       0.24295 0.40254 0.55097   0.00027 0.13845   0.551 0.243 0.414 
0.77571  45382       0.24240 0.40172 0.54928   0.00027 0.13911   0.549 0.242 0.413 
0.77671  45180       0.24178 0.40089 0.54776   0.00027 0.13970   0.548 0.242 0.413 
0.77771  44978       0.24052 0.39954 0.54581   0.00027 0.14047   0.546 0.241 0.412 
0.77871  44776       0.24036 0.39887 0.54405   0.00027 0.14116   0.544 0.240 0.412 
0.77971  44574       0.23997 0.39777 0.54212   0.00027 0.14193   0.542 0.240 0.411 
0.78070  44372       0.23895 0.39674 0.54053   0.00027 0.14256   0.541 0.239 0.411 
0.78170  44170       0.23848 0.39598 0.53880   0.00027 0.14325   0.539 0.238 0.411 
0.78270  43968       0.23785 0.39508 0.53716   0.00027 0.14390   0.537 0.238 0.410 
0.78370  43766       0.23730 0.39413 0.53550   0.00027 0.14456   0.536 0.237 0.410 
0.78470  43564       0.23707 0.39336 0.53362   0.00027 0.14531   0.534 0.237 0.409 
0.78570  43362       0.23652 0.39245 0.53188   0.00027 0.14601   0.532 0.237 0.409 
0.78669  43160       0.23471 0.39123 0.53024   0.00028 0.14667   0.530 0.235 0.409 
0.78769  42958       0.23432 0.39030 0.52819   0.00028 0.14749   0.528 0.234 0.408 
0.78869  42756       0.23314 0.38922 0.52634   0.00028 0.14824   0.526 0.233 0.408 
0.78969  42554       0.23290 0.38842 0.52451   0.00028 0.14898   0.525 0.233 0.408 
0.79069  42352       0.23133 0.38687 0.52237   0.00028 0.14985   0.522 0.231 0.407 
0.79169  42150       0.23031 0.38578 0.52047   0.00028 0.15063   0.520 0.230 0.407 
0.79268  41948       0.23000 0.38479 0.51858   0.00028 0.15140   0.519 0.230 0.406 
0.79368  41746       0.22961 0.38415 0.51706   0.00028 0.15202   0.517 0.230 0.406 
0.79468  41544       0.22890 0.38316 0.51501   0.00028 0.15286   0.515 0.229 0.406 
0.79568  41342       0.22858 0.38237 0.51331   0.00028 0.15356   0.513 0.229 0.405 
0.79668  41140       0.22811 0.38155 0.51159   0.00028 0.15427   0.512 0.228 0.405 
0.79768  40938       0.22725 0.38030 0.50934   0.00028 0.15520   0.509 0.227 0.404 
0.79867  40736       0.22701 0.37948 0.50756   0.00028 0.15594   0.508 0.227 0.404 
0.79967  40534       0.22654 0.37851 0.50575   0.00028 0.15670   0.506 0.227 0.403 
0.80067  40332       0.22576 0.37742 0.50381   0.00028 0.15751   0.504 0.226 0.403 
0.80167  40130       0.22466 0.37623 0.50185   0.00028 0.15833   0.502 0.225 0.402 
0.80267  39928       0.22442 0.37541 0.50011   0.00028 0.15906   0.500 0.224 0.402 
0.80367  39726       0.22411 0.37467 0.49828   0.00028 0.15983   0.498 0.224 0.402 
0.80466  39524       0.22379 0.37389 0.49639   0.00028 0.16062   0.496 0.224 0.401 
0.80566  39322       0.22340 0.37298 0.49441   0.00028 0.16146   0.494 0.223 0.401 
0.80666  39120       0.22254 0.37181 0.49231   0.00028 0.16235   0.492 0.223 0.401 
0.80766  38918       0.22230 0.37096 0.49038   0.00028 0.16318   0.490 0.222 0.400 
0.80866  38716       0.22175 0.37012 0.48846   0.00028 0.16400   0.488 0.222 0.400 
0.80966  38514       0.22097 0.36897 0.48623   0.00028 0.16495   0.486 0.221 0.400 
0.81065  38312       0.22050 0.36808 0.48416   0.00028 0.16585   0.484 0.220 0.400 
0.81165  38110       0.21987 0.36719 0.48220   0.00028 0.16669   0.482 0.220 0.400 
0.81265  37908       0.21916 0.36581 0.47988   0.00028 0.16770   0.480 0.219 0.398 
0.81365  37706       0.21877 0.36470 0.47772   0.00028 0.16863   0.478 0.219 0.398 
0.81465  37504       0.21853 0.36393 0.47616   0.00028 0.16931   0.476 0.219 0.397 
0.81565  37302       0.21853 0.36354 0.47512   0.00028 0.16976   0.475 0.219 0.397 
0.81664  37100       0.21791 0.36244 0.47295   0.00028 0.17071   0.473 0.218 0.396 
0.81764  36898       0.21728 0.36136 0.47081   0.00028 0.17165   0.471 0.217 0.396 
0.81864  36696       0.21657 0.36037 0.46891   0.00028 0.17249   0.469 0.217 0.396 
0.81964  36494       0.21563 0.35918 0.46698   0.00028 0.17334   0.467 0.216 0.395 
0.82064  36292       0.21390 0.35768 0.46478   0.00028 0.17432   0.465 0.214 0.394 
0.82164  36090       0.21351 0.35680 0.46290   0.00028 0.17516   0.463 0.214 0.394 
0.82263  35888       0.21154 0.35515 0.46069   0.00029 0.17614   0.461 0.212 0.393 
0.82363  35686       0.21100 0.35415 0.45872   0.00029 0.17702   0.459 0.211 0.393 
0.82463  35484       0.21005 0.35292 0.45675   0.00029 0.17791   0.457 0.210 0.392 
0.82563  35282       0.20982 0.35202 0.45449   0.00029 0.17893   0.454 0.210 0.392 
0.82663  35080       0.20872 0.35076 0.45218   0.00029 0.17997   0.452 0.209 0.391 
0.82763  34878       0.20770 0.34947 0.44988   0.00029 0.18102   0.450 0.208 0.391 
0.82862  34676       0.20675 0.34844 0.44793   0.00029 0.18190   0.448 0.207 0.391 
0.82962  34474       0.20479 0.34684 0.44575   0.00029 0.18290   0.446 0.205 0.390 
0.83062  34272       0.20424 0.34586 0.44370   0.00029 0.18384   0.444 0.204 0.390 
0.83162  34070       0.20299 0.34451 0.44127   0.00029 0.18497   0.441 0.203 0.389 
0.83262  33868       0.20196 0.34340 0.43916   0.00029 0.18594   0.439 0.202 0.389 
0.83362  33666       0.20134 0.34247 0.43729   0.00029 0.18681   0.437 0.201 0.389 
0.83461  33464       0.20071 0.34151 0.43524   0.00029 0.18777   0.435 0.201 0.389 
0.83561  33262       0.19914 0.34022 0.43323   0.00029 0.18870   0.433 0.199 0.388 
0.83661  33060       0.19890 0.33939 0.43120   0.00029 0.18966   0.431 0.199 0.388 
0.83761  32858       0.19772 0.33816 0.42895   0.00029 0.19072   0.429 0.198 0.388 
0.83861  32656       0.19725 0.33724 0.42696   0.00029 0.19165   0.427 0.197 0.388 
0.83961  32454       0.19623 0.33587 0.42441   0.00029 0.19286   0.424 0.196 0.387 
0.84060  32252       0.19576 0.33495 0.42241   0.00029 0.19382   0.422 0.196 0.387 
0.84160  32050       0.19521 0.33388 0.42010   0.00029 0.19492   0.420 0.195 0.386 
0.84260  31848       0.19466 0.33288 0.41803   0.00029 0.19592   0.418 0.195 0.386 
0.84360  31646       0.19364 0.33161 0.41573   0.00029 0.19702   0.416 0.194 0.385 
0.84460  31444       0.19286 0.33051 0.41341   0.00029 0.19815   0.413 0.193 0.385 
0.84560  31242       0.19176 0.32925 0.41110   0.00029 0.19927   0.411 0.192 0.385 
0.84659  31040       0.19105 0.32808 0.40885   0.00030 0.20037   0.409 0.191 0.384 
0.84759  30838       0.18540 0.32533 0.40654   0.00030 0.20150   0.407 0.185 0.384 
0.84859  30636       0.18061 0.32275 0.40372   0.00030 0.20289   0.404 0.181 0.384 
0.84959  30434       0.17974 0.32168 0.40159   0.00030 0.20394   0.402 0.180 0.384 
0.85059  30232       0.17896 0.32060 0.39926   0.00030 0.20510   0.399 0.179 0.384 
0.85158  30030       0.17707 0.31899 0.39676   0.00030 0.20634   0.397 0.177 0.383 
0.85258  29828       0.17707 0.31805 0.39428   0.00030 0.20759   0.394 0.177 0.383 
0.85358  29626       0.17644 0.31692 0.39196   0.00030 0.20876   0.392 0.176 0.382 
0.85458  29424       0.17393 0.31497 0.38938   0.00030 0.21006   0.389 0.174 0.382 
0.85558  29222       0.17283 0.31385 0.38726   0.00030 0.21114   0.387 0.173 0.381 
0.85658  29020       0.17213 0.31272 0.38473   0.00030 0.21243   0.385 0.172 0.381 
0.85757  28818       0.17103 0.31157 0.38258   0.00030 0.21354   0.383 0.171 0.381 
0.85857  28616       0.16843 0.30975 0.37999   0.00031 0.21487   0.380 0.168 0.381 
0.85957  28414       0.16160 0.30644 0.37755   0.00031 0.21613   0.378 0.162 0.380 
0.86057  28212       0.15493 0.30333 0.37495   0.00031 0.21748   0.375 0.155 0.380 
0.86157  28010       0.15399 0.30218 0.37281   0.00031 0.21860   0.373 0.154 0.380 
0.86257  27808       0.15210 0.30053 0.37050   0.00031 0.21981   0.371 0.152 0.379 
0.86356  27606       0.15108 0.29936 0.36831   0.00031 0.22097   0.368 0.151 0.379 
0.86456  27404       0.14982 0.29797 0.36575   0.00031 0.22233   0.366 0.150 0.378 
0.86556  27202       0.14841 0.29658 0.36321   0.00031 0.22368   0.363 0.148 0.378 
0.86656  27000       0.14739 0.29533 0.36082   0.00032 0.22496   0.361 0.147 0.378 
0.86756  26798       0.14629 0.29418 0.35854   0.00032 0.22619   0.359 0.146 0.378 
0.86856  26596       0.14441 0.29271 0.35608   0.00032 0.22752   0.356 0.144 0.378 
0.86955  26394       0.14315 0.29132 0.35344   0.00032 0.22896   0.353 0.143 0.377 
0.87055  26192       0.14189 0.28998 0.35091   0.00032 0.23034   0.351 0.142 0.377 
0.87155  25990       0.14056 0.28846 0.34831   0.00032 0.23177   0.348 0.141 0.377 
0.87255  25788       0.14017 0.28732 0.34593   0.00032 0.23309   0.346 0.140 0.376 
0.87355  25586       0.13907 0.28596 0.34329   0.00032 0.23456   0.343 0.139 0.376 
0.87455  25384       0.13789 0.28463 0.34075   0.00032 0.23597   0.341 0.138 0.375 
0.87554  25182       0.13663 0.28338 0.33841   0.00032 0.23729   0.338 0.137 0.375 
0.87654  24980       0.13545 0.28188 0.33580   0.00032 0.23876   0.336 0.135 0.374 
0.87754  24778       0.13443 0.28047 0.33320   0.00032 0.24024   0.333 0.134 0.374 
0.87854  24576       0.13278 0.27881 0.33046   0.00032 0.24181   0.330 0.133 0.373 
0.87954  24374       0.13239 0.27768 0.32809   0.00032 0.24317   0.328 0.132 0.373 
0.88054  24172       0.13137 0.27636 0.32557   0.00033 0.24463   0.326 0.131 0.372 
0.88153  23970       0.13027 0.27491 0.32288   0.00033 0.24619   0.323 0.130 0.372 
0.88253  23768       0.12902 0.27353 0.32028   0.00033 0.24771   0.320 0.129 0.371 
0.88353  23566       0.12745 0.27186 0.31756   0.00033 0.24932   0.318 0.127 0.371 
0.88453  23364       0.12635 0.27051 0.31494   0.00033 0.25087   0.315 0.126 0.370 
0.88553  23162       0.12525 0.26910 0.31233   0.00033 0.25243   0.312 0.125 0.370 
0.88653  22960       0.12352 0.26754 0.30965   0.00033 0.25404   0.310 0.124 0.369 
0.88752  22758       0.12273 0.26638 0.30717   0.00033 0.25553   0.307 0.123 0.369 
0.88852  22556       0.12148 0.26493 0.30456   0.00033 0.25712   0.305 0.121 0.369 
0.88952  22354       0.12069 0.26368 0.30208   0.00033 0.25864   0.302 0.121 0.368 
0.89052  22152       0.11975 0.26223 0.29931   0.00033 0.26034   0.299 0.120 0.368 
0.89152  21950       0.11928 0.26135 0.29729   0.00033 0.26160   0.297 0.119 0.367 
0.89252  21748       0.11802 0.25987 0.29461   0.00033 0.26326   0.295 0.118 0.367 
0.89351  21546       0.11700 0.25844 0.29210   0.00034 0.26484   0.292 0.117 0.366 
0.89451  21344       0.11645 0.25739 0.28958   0.00034 0.26643   0.290 0.116 0.366 
0.89551  21142       0.11488 0.25598 0.28700   0.00034 0.26807   0.287 0.115 0.366 
0.89651  20940       0.11394 0.25474 0.28450   0.00034 0.26967   0.284 0.114 0.366 
0.89751  20738       0.11331 0.25354 0.28193   0.00034 0.27132   0.282 0.113 0.365 
0.89851  20536       0.11284 0.25244 0.27933   0.00034 0.27301   0.279 0.113 0.365 
0.89950  20334       0.11080 0.25074 0.27655   0.00034 0.27482   0.277 0.111 0.365 
0.90050  20132       0.11017 0.24960 0.27398   0.00034 0.27652   0.274 0.110 0.365 
0.90150  19930       0.10907 0.24830 0.27125   0.00034 0.27832   0.271 0.109 0.365 
0.90250  19728       0.10829 0.24708 0.26850   0.00034 0.28016   0.269 0.108 0.364 
0.90350  19526       0.10781 0.24593 0.26582   0.00034 0.28196   0.266 0.108 0.364 
0.90450  19324       0.10703 0.24462 0.26310   0.00034 0.28381   0.263 0.107 0.364 
0.90549  19122       0.10671 0.24343 0.26019   0.00034 0.28580   0.260 0.107 0.363 
0.90649  18920       0.10593 0.24222 0.25742   0.00035 0.28771   0.257 0.106 0.363 
0.90749  18718       0.10514 0.24105 0.25467   0.00035 0.28961   0.255 0.105 0.363 
0.90849  18516       0.10444 0.23982 0.25185   0.00035 0.29159   0.252 0.104 0.363 
0.90949  18314       0.10389 0.23866 0.24912   0.00035 0.29352   0.249 0.104 0.363 
0.91049  18112       0.10326 0.23745 0.24619   0.00035 0.29560   0.246 0.103 0.363 
0.91148  17910       0.10271 0.23623 0.24337   0.00035 0.29763   0.243 0.103 0.363 
0.91248  17708       0.10240 0.23518 0.24075   0.00035 0.29953   0.241 0.102 0.362 
0.91348  17506       0.10145 0.23392 0.23811   0.00035 0.30146   0.238 0.101 0.362 
0.91448  17304       0.09957 0.23229 0.23527   0.00035 0.30355   0.235 0.100 0.362 
0.91548  17102       0.09902 0.23113 0.23247   0.00035 0.30563   0.232 0.099 0.362 
0.91648  16900       0.09855 0.23003 0.22978   0.00035 0.30764   0.230 0.099 0.362 
0.91747  16698       0.09745 0.22874 0.22707   0.00035 0.30970   0.227 0.097 0.362 
0.91847  16496       0.09674 0.22756 0.22438   0.00035 0.31175   0.224 0.097 0.362 
0.91947  16294       0.09635 0.22649 0.22155   0.00035 0.31393   0.222 0.096 0.362 
0.92047  16092       0.09596 0.22545 0.21884   0.00036 0.31604   0.219 0.096 0.362 
0.92147  15890       0.09509 0.22420 0.21601   0.00036 0.31826   0.216 0.095 0.361 
0.92247  15688       0.09478 0.22319 0.21339   0.00036 0.32034   0.213 0.095 0.361 
0.92346  15486       0.09431 0.22212 0.21071   0.00036 0.32248   0.211 0.094 0.361 
0.92446  15284       0.09407 0.22112 0.20795   0.00036 0.32471   0.208 0.094 0.361 
0.92546  15082       0.09376 0.22002 0.20516   0.00036 0.32699   0.205 0.094 0.361 
0.92646  14880       0.09266 0.21869 0.20243   0.00036 0.32923   0.202 0.093 0.361 
0.92746  14678       0.09227 0.21763 0.19963   0.00036 0.33157   0.200 0.092 0.361 
0.92846  14476       0.09172 0.21645 0.19670   0.00036 0.33403   0.197 0.092 0.361 
0.92945  14274       0.09132 0.21533 0.19382   0.00036 0.33649   0.194 0.091 0.361 
0.93045  14072       0.09109 0.21425 0.19087   0.00036 0.33902   0.191 0.091 0.361 
0.93145  13870       0.09062 0.21307 0.18788   0.00036 0.34163   0.188 0.091 0.361 
0.93245  13668       0.09022 0.21193 0.18492   0.00036 0.34424   0.185 0.090 0.361 
0.93345  13466       0.09022 0.21089 0.18194   0.00036 0.34690   0.182 0.090 0.360 
0.93445  13264       0.09007 0.20982 0.17891   0.00037 0.34964   0.179 0.090 0.360 
0.93544  13062       0.08960 0.20870 0.17609   0.00037 0.35221   0.176 0.090 0.360 
0.93644  12860       0.08936 0.20758 0.17296   0.00037 0.35511   0.173 0.089 0.360 
0.93744  12658       0.08881 0.20633 0.16974   0.00037 0.35813   0.170 0.089 0.360 
0.93844  12456       0.08865 0.20526 0.16670   0.00037 0.36102   0.167 0.089 0.360 
0.93944  12254       0.08818 0.20396 0.16328   0.00037 0.36433   0.163 0.088 0.360 
0.94044  12052       0.08740 0.20259 0.15994   0.00037 0.36761   0.160 0.087 0.360 
0.94143  11850       0.08677 0.20122 0.15655   0.00037 0.37098   0.157 0.087 0.360 
0.94243  11648       0.08630 0.19997 0.15326   0.00037 0.37431   0.153 0.086 0.360 
0.94343  11446       0.08583 0.19866 0.14986   0.00037 0.37781   0.150 0.086 0.360 
0.94443  11244       0.08528 0.19731 0.14645   0.00038 0.38138   0.146 0.085 0.360 
0.94543  11042       0.08465 0.19585 0.14276   0.00038 0.38532   0.143 0.085 0.360 
0.94643  10840       0.08441 0.19462 0.13931   0.00038 0.38907   0.139 0.084 0.360 
0.94742  10638       0.08441 0.19166 0.13763   0.00038 0.39092   0.138 0.084 0.353 
0.94842  10436       0.08418 0.18857 0.13586   0.00038 0.39288   0.136 0.084 0.346 
0.94942  10234       0.08386 0.18553 0.13404   0.00038 0.39493   0.134 0.084 0.339 
0.95042  10032       0.08386 0.18259 0.13226   0.00038 0.39695   0.132 0.084 0.332 
0.95142  9830        0.08379 0.17954 0.13045   0.00039 0.39901   0.130 0.084 0.324 
0.95242  9628        0.08371 0.17653 0.12864   0.00039 0.40111   0.129 0.084 0.317 
0.95341  9426        0.08371 0.17355 0.12688   0.00039 0.40317   0.127 0.084 0.310 
0.95441  9224        0.08331 0.17044 0.12492   0.00039 0.40549   0.125 0.083 0.303 
0.95541  9022        0.08245 0.16721 0.12287   0.00039 0.40795   0.123 0.082 0.296 
0.95641  8820        0.08198 0.16412 0.12085   0.00040 0.41040   0.121 0.082 0.290 
0.95741  8618        0.08190 0.16109 0.11897   0.00040 0.41270   0.119 0.082 0.282 
0.95841  8416        0.08127 0.15798 0.11689   0.00040 0.41529   0.117 0.081 0.276 
0.95940  8214        0.08119 0.15501 0.11484   0.00040 0.41786   0.115 0.081 0.269 
0.96040  8012        0.08104 0.15197 0.11278   0.00041 0.42049   0.113 0.081 0.262 
0.96140  7810        0.08072 0.14891 0.11057   0.00041 0.42336   0.111 0.081 0.255 
0.96240  7608        0.08072 0.14593 0.10844   0.00041 0.42615   0.108 0.081 0.249 
0.96340  7406        0.08041 0.14279 0.10619   0.00041 0.42915   0.106 0.080 0.242 
0.96440  7204        0.08025 0.13968 0.10393   0.00041 0.43221   0.104 0.080 0.235 
0.96539  7002        0.08017 0.13645 0.10180   0.00042 0.43515   0.102 0.080 0.227 
0.96639  6800        0.08017 0.13331 0.09956   0.00042 0.43827   0.100 0.080 0.220 
0.96739  6598        0.08017 0.13008 0.09736   0.00042 0.44140   0.097 0.080 0.213 
0.96839  6396        0.08017 0.12683 0.09502   0.00043 0.44479   0.095 0.080 0.205 
0.96939  6194        0.08017 0.12355 0.09274   0.00043 0.44815   0.093 0.080 0.198 
0.97039  5992        0.08009 0.12031 0.09030   0.00043 0.45183   0.090 0.080 0.191 
0.97138  5790        0.08002 0.11706 0.08781   0.00043 0.45564   0.088 0.080 0.183 
0.97238  5588        0.07939 0.11363 0.08520   0.00044 0.45973   0.085 0.079 0.176 
0.97338  5386        0.07939 0.11033 0.08271   0.00044 0.46372   0.083 0.079 0.169 
0.97438  5184        0.07939 0.10698 0.08021   0.00044 0.46782   0.080 0.079 0.161 
0.97538  4982        0.07757 0.10370 0.07757   0.00045 0.47226   0.078 0.079 0.154 
0.97638  4780        0.07485 0.10040 0.07485   0.00045 0.47695   0.075 0.079 0.147 
0.97737  4578        0.07217 0.09701 0.07217   0.00046 0.48168   0.072 0.079 0.139 
0.97837  4376        0.06948 0.09355 0.06948   0.00046 0.48660   0.069 0.079 0.132 
0.97937  4174        0.06671 0.09001 0.06671   0.00046 0.49179   0.067 0.079 0.124 
0.98037  3972        0.06379 0.08648 0.06379   0.00047 0.49743   0.064 0.079 0.116 
0.98137  3770        0.06080 0.08292 0.06080   0.00047 0.50344   0.061 0.079 0.109 
0.98237  3568        0.05783 0.07920 0.05783   0.00048 0.50962   0.058 0.079 0.100 
0.98336  3366        0.05472 0.07544 0.05472   0.00048 0.51633   0.055 0.079 0.092 
0.98436  3164        0.05150 0.07156 0.05150   0.00049 0.52361   0.052 0.079 0.084 
0.98536  2962        0.04874 0.06728 0.04874   0.00050 0.53014   0.049 0.076 0.077 
0.98636  2760        0.04630 0.06266 0.04630   0.00051 0.53613   0.046 0.070 0.071 
0.98736  2558        0.04374 0.05814 0.04374   0.00052 0.54267   0.044 0.065 0.066 
0.98836  2356        0.04140 0.05373 0.04140   0.00052 0.54893   0.041 0.060 0.060 
0.98935  2154        0.03888 0.04982 0.03888   0.00053 0.55596   0.039 0.055 0.055 
0.99035  1952        0.03626 0.04573 0.03626   0.00054 0.56364   0.036 0.050 0.051 
0.99135  1750        0.03350 0.04160 0.03350   0.00055 0.57219   0.033 0.046 0.045 
0.99235  1548        0.03053 0.03742 0.03053   0.00056 0.58198   0.031 0.041 0.040 
0.99335  1346        0.02732 0.03318 0.02732   0.00058 0.59344   0.027 0.037 0.036 
0.99435  1144        0.02398 0.02880 0.02398   0.00059 0.60648   0.024 0.032 0.031 
0.99534  942         0.02041 0.02442 0.02041   0.00061 0.62205   0.020 0.027 0.026 
0.99634  740         0.01658 0.01965 0.01658   0.00063 0.64118   0.017 0.022 0.021 
0.99734  538         0.01251 0.01480 0.01251   0.00065 0.66557   0.013 0.017 0.015 
0.99834  336         0.00849 0.00988 0.00849   0.00068 0.69643   0.008 0.011 0.010 
0.99934  134         0.00402 0.00434 0.00430   0.00074 0.74396   0.004 0.005 0.004 
1.00000  0           0.00000 0.00000 0.00000   0.00100 1.00000   0.000 0.000 0.000 
