F-lost	   TF_cost	min-1	mean-1	max-1	w-mean-1	ext2-1	
0.0000	2.0234e+005	1.0000	1.0001	1.0001	1.0000	-0.0000	
0.0010	2.0213e+005	0.9912	0.9948	1.0000	1.0000	-0.0000	
0.0020	2.0193e+005	0.9863	0.9918	1.0000	1.0000	-0.0000	
0.0030	2.0173e+005	0.9860	0.9909	1.0000	1.0000	-0.0000	
0.0040	2.0153e+005	0.9842	0.9900	1.0000	1.0000	-0.0000	
0.0050	2.0133e+005	0.9818	0.9891	1.0000	1.0000	-0.0000	
0.0060	2.0112e+005	0.9796	0.9884	1.0000	1.0000	-0.0000	
0.0070	2.0092e+005	0.9784	0.9879	1.0000	1.0000	-0.0000	
0.0080	2.0072e+005	0.9771	0.9872	1.0000	1.0000	-0.0000	
0.0090	2.0052e+005	0.9763	0.9867	1.0000	1.0000	-0.0000	
0.0100	2.0032e+005	0.9750	0.9860	1.0000	1.0000	-0.0000	
0.0110	2.0011e+005	0.9740	0.9854	1.0000	1.0000	-0.0000	
0.0120	1.9991e+005	0.9727	0.9847	1.0000	1.0000	-0.0000	
0.0130	1.9971e+005	0.9710	0.9839	1.0000	1.0000	-0.0000	
0.0140	1.9951e+005	0.9692	0.9833	1.0000	1.0000	-0.0000	
0.0150	1.9931e+005	0.9681	0.9828	1.0000	1.0000	-0.0000	
0.0160	1.991e+005	0.9668	0.9824	1.0000	1.0000	-0.0000	
0.0170	1.989e+005	0.9658	0.9820	1.0000	1.0000	-0.0000	
0.0180	1.987e+005	0.9652	0.9818	1.0000	1.0000	-0.0000	
0.0190	1.985e+005	0.9645	0.9815	1.0000	1.0000	-0.0000	
0.0200	1.983e+005	0.9637	0.9812	1.0000	1.0000	-0.0000	
0.0210	1.9809e+005	0.9623	0.9807	1.0000	1.0000	-0.0000	
0.0220	1.9789e+005	0.9614	0.9804	1.0000	1.0000	-0.0000	
0.0230	1.9769e+005	0.9605	0.9800	1.0000	1.0000	-0.0000	
0.0240	1.9749e+005	0.9595	0.9796	1.0000	1.0000	0.0000	
0.0250	1.9729e+005	0.9587	0.9791	1.0000	1.0000	0.0000	
0.0260	1.9708e+005	0.9577	0.9787	1.0000	1.0000	0.0000	
0.0270	1.9688e+005	0.9565	0.9783	1.0000	1.0000	0.0000	
0.0280	1.9668e+005	0.9558	0.9780	1.0000	1.0000	0.0000	
0.0290	1.9648e+005	0.9554	0.9778	1.0000	1.0000	0.0000	
0.0300	1.9628e+005	0.9546	0.9774	1.0000	1.0000	0.0000	
0.0310	1.9607e+005	0.9534	0.9769	1.0000	1.0000	0.0000	
0.0320	1.9587e+005	0.9526	0.9766	1.0000	1.0000	0.0000	
0.0330	1.9567e+005	0.9518	0.9763	1.0000	1.0000	0.0000	
0.0340	1.9547e+005	0.9510	0.9759	1.0000	1.0000	0.0000	
0.0350	1.9527e+005	0.9497	0.9753	1.0000	1.0000	0.0000	
0.0359	1.9506e+005	0.9484	0.9748	1.0000	1.0000	0.0000	
0.0369	1.9486e+005	0.9477	0.9745	1.0000	1.0000	0.0000	
0.0379	1.9466e+005	0.9464	0.9739	0.9999	0.9999	0.0000	
0.0389	1.9446e+005	0.9455	0.9736	0.9999	0.9999	0.0000	
0.0399	1.9426e+005	0.9445	0.9732	0.9999	0.9999	0.0000	
0.0409	1.9405e+005	0.9431	0.9727	0.9999	0.9999	0.0000	
0.0419	1.9385e+005	0.9420	0.9722	0.9999	0.9999	0.0000	
0.0429	1.9365e+005	0.9410	0.9719	0.9999	0.9999	0.0000	
0.0439	1.9345e+005	0.9398	0.9714	0.9999	0.9999	0.0000	
0.0449	1.9325e+005	0.9389	0.9710	0.9999	0.9999	0.0000	
0.0459	1.9304e+005	0.9379	0.9706	0.9999	0.9999	0.0000	
0.0469	1.9284e+005	0.9366	0.9701	0.9999	0.9999	0.0000	
0.0479	1.9264e+005	0.9353	0.9695	0.9999	0.9999	0.0000	
0.0489	1.9244e+005	0.9344	0.9691	0.9999	0.9999	0.0000	
0.0499	1.9224e+005	0.9336	0.9686	0.9999	0.9999	0.0000	
0.0509	1.9203e+005	0.9326	0.9682	0.9998	0.9998	0.0000	
0.0519	1.9183e+005	0.9314	0.9676	0.9998	0.9998	0.0000	
0.0529	1.9163e+005	0.9300	0.9671	0.9998	0.9998	0.0000	
0.0539	1.9143e+005	0.9287	0.9664	0.9998	0.9998	0.0000	
0.0549	1.9123e+005	0.9277	0.9659	0.9998	0.9998	0.0001	
0.0559	1.9102e+005	0.9266	0.9655	0.9998	0.9998	0.0001	
0.0569	1.9082e+005	0.9252	0.9648	0.9998	0.9998	0.0001	
0.0579	1.9062e+005	0.9246	0.9646	0.9998	0.9998	0.0001	
0.0589	1.9042e+005	0.9238	0.9642	0.9997	0.9997	0.0001	
0.0599	1.9022e+005	0.9228	0.9638	0.9997	0.9997	0.0001	
0.0609	1.9001e+005	0.9220	0.9634	0.9997	0.9997	0.0001	
0.0619	1.8981e+005	0.9203	0.9626	0.9997	0.9997	0.0001	
0.0629	1.8961e+005	0.9191	0.9620	0.9997	0.9997	0.0001	
0.0639	1.8941e+005	0.9173	0.9611	0.9997	0.9997	0.0001	
0.0649	1.8921e+005	0.9161	0.9603	0.9996	0.9996	0.0001	
0.0659	1.89e+005 	0.9153	0.9598	0.9996	0.9996	0.0001	
0.0669	1.888e+005	0.9146	0.9594	0.9996	0.9996	0.0001	
0.0679	1.886e+005	0.9139	0.9588	0.9996	0.9996	0.0001	
0.0689	1.884e+005	0.9127	0.9581	0.9996	0.9996	0.0001	
0.0699	1.882e+005	0.9118	0.9576	0.9995	0.9995	0.0001	
0.0709	1.8799e+005	0.9107	0.9569	0.9995	0.9995	0.0001	
0.0719	1.8779e+005	0.9095	0.9562	0.9995	0.9995	0.0001	
0.0729	1.8759e+005	0.9087	0.9558	0.9995	0.9995	0.0001	
0.0739	1.8739e+005	0.9072	0.9550	0.9994	0.9994	0.0001	
0.0749	1.8719e+005	0.9063	0.9544	0.9994	0.9994	0.0001	
0.0759	1.8698e+005	0.9053	0.9538	0.9994	0.9994	0.0002	
0.0769	1.8678e+005	0.9047	0.9533	0.9993	0.9993	0.0002	
0.0779	1.8658e+005	0.9038	0.9528	0.9993	0.9993	0.0002	
0.0789	1.8638e+005	0.9026	0.9521	0.9993	0.9993	0.0002	
0.0799	1.8618e+005	0.9015	0.9515	0.9993	0.9993	0.0002	
0.0809	1.8597e+005	0.9000	0.9507	0.9992	0.9992	0.0002	
0.0819	1.8577e+005	0.8994	0.9503	0.9992	0.9992	0.0002	
0.0829	1.8557e+005	0.8983	0.9495	0.9992	0.9992	0.0002	
0.0839	1.8537e+005	0.8977	0.9490	0.9991	0.9991	0.0002	
0.0849	1.8517e+005	0.8969	0.9485	0.9991	0.9991	0.0002	
0.0859	1.8496e+005	0.8960	0.9479	0.9991	0.9991	0.0002	
0.0869	1.8476e+005	0.8948	0.9474	0.9990	0.9990	0.0002	
0.0879	1.8456e+005	0.8936	0.9469	0.9990	0.9990	0.0003	
0.0889	1.8436e+005	0.8926	0.9465	0.9990	0.9990	0.0003	
0.0899	1.8416e+005	0.8926	0.9465	0.9989	0.9989	0.0003	
0.0909	1.8395e+005	0.8926	0.9464	0.9989	0.9989	0.0003	
0.0919	1.8375e+005	0.8926	0.9464	0.9989	0.9989	0.0003	
0.0929	1.8355e+005	0.8924	0.9464	0.9989	0.9989	0.0003	
0.0939	1.8335e+005	0.8924	0.9464	0.9989	0.9989	0.0003	
0.0949	1.8315e+005	0.8924	0.9463	0.9989	0.9989	0.0003	
0.0958	1.8294e+005	0.8924	0.9463	0.9989	0.9989	0.0003	
0.0968	1.8274e+005	0.8924	0.9463	0.9989	0.9989	0.0003	
0.0978	1.8254e+005	0.8924	0.9463	0.9989	0.9989	0.0003	
0.0988	1.8234e+005	0.8924	0.9463	0.9989	0.9989	0.0003	
0.0998	1.8214e+005	0.8924	0.9463	0.9989	0.9989	0.0003	
0.1008	1.8193e+005	0.8924	0.9463	0.9989	0.9989	0.0003	
0.1018	1.8173e+005	0.8923	0.9463	0.9989	0.9989	0.0003	
0.1028	1.8153e+005	0.8921	0.9459	0.9989	0.9989	0.0003	
0.1038	1.8133e+005	0.8920	0.9454	0.9989	0.9989	0.0003	
0.1048	1.8113e+005	0.8920	0.9449	0.9989	0.9989	0.0003	
0.1058	1.8092e+005	0.8920	0.9446	0.9989	0.9989	0.0003	
0.1068	1.8072e+005	0.8920	0.9443	0.9989	0.9989	0.0003	
0.1078	1.8052e+005	0.8920	0.9439	0.9989	0.9989	0.0003	
0.1088	1.8032e+005	0.8920	0.9436	0.9989	0.9989	0.0003	
0.1098	1.8012e+005	0.8920	0.9433	0.9989	0.9989	0.0003	
0.1108	1.7991e+005	0.8918	0.9418	0.9989	0.9989	0.0003	
0.1118	1.7971e+005	0.8916	0.9386	0.9989	0.9989	0.0003	
0.1128	1.7951e+005	0.8914	0.9385	0.9989	0.9989	0.0003	
0.1138	1.7931e+005	0.8908	0.9383	0.9989	0.9989	0.0003	
0.1148	1.7911e+005	0.8897	0.9376	0.9989	0.9989	0.0003	
0.1158	1.789e+005	0.8895	0.9357	0.9989	0.9989	0.0003	
0.1168	1.787e+005	0.8895	0.9356	0.9989	0.9989	0.0003	
0.1178	1.785e+005	0.8890	0.9354	0.9989	0.9989	0.0003	
0.1188	1.783e+005	0.8887	0.9352	0.9988	0.9988	0.0003	
0.1198	1.781e+005	0.8883	0.9338	0.9988	0.9988	0.0003	
0.1208	1.7789e+005	0.8880	0.9335	0.9988	0.9988	0.0003	
0.1218	1.7769e+005	0.8872	0.9330	0.9988	0.9988	0.0003	
0.1228	1.7749e+005	0.8867	0.9328	0.9988	0.9988	0.0003	
0.1238	1.7729e+005	0.8861	0.9323	0.9987	0.9987	0.0003	
0.1248	1.7709e+005	0.8859	0.9321	0.9987	0.9987	0.0003	
0.1258	1.7688e+005	0.8854	0.9318	0.9987	0.9987	0.0003	
0.1268	1.7668e+005	0.8847	0.9315	0.9987	0.9987	0.0003	
0.1278	1.7648e+005	0.8842	0.9310	0.9987	0.9987	0.0003	
0.1288	1.7628e+005	0.8838	0.9307	0.9986	0.9986	0.0003	
0.1298	1.7608e+005	0.8833	0.9303	0.9986	0.9986	0.0003	
0.1308	1.7587e+005	0.8831	0.9302	0.9986	0.9986	0.0004	
0.1318	1.7567e+005	0.8827	0.9299	0.9986	0.9986	0.0004	
0.1328	1.7547e+005	0.8812	0.9292	0.9985	0.9985	0.0004	
0.1338	1.7527e+005	0.8799	0.9283	0.9985	0.9985	0.0004	
0.1348	1.7507e+005	0.8789	0.9277	0.9984	0.9984	0.0004	
0.1358	1.7486e+005	0.8778	0.9271	0.9984	0.9984	0.0004	
0.1368	1.7466e+005	0.8771	0.9266	0.9983	0.9983	0.0004	
0.1378	1.7446e+005	0.8767	0.9263	0.9983	0.9983	0.0004	
0.1388	1.7426e+005	0.8756	0.9256	0.9983	0.9983	0.0004	
0.1398	1.7406e+005	0.8745	0.9250	0.9982	0.9982	0.0005	
0.1408	1.7385e+005	0.8739	0.9246	0.9981	0.9981	0.0005	
0.1418	1.7365e+005	0.8730	0.9240	0.9981	0.9981	0.0005	
0.1428	1.7345e+005	0.8725	0.9235	0.9980	0.9980	0.0005	
0.1438	1.7325e+005	0.8716	0.9230	0.9980	0.9980	0.0005	
0.1448	1.7305e+005	0.8708	0.9225	0.9979	0.9979	0.0005	
0.1458	1.7284e+005	0.8698	0.9220	0.9979	0.9979	0.0005	
0.1468	1.7264e+005	0.8685	0.9211	0.9978	0.9978	0.0005	
0.1478	1.7244e+005	0.8677	0.9204	0.9978	0.9978	0.0006	
0.1488	1.7224e+005	0.8669	0.9199	0.9977	0.9977	0.0006	
0.1498	1.7204e+005	0.8662	0.9195	0.9976	0.9976	0.0006	
0.1508	1.7183e+005	0.8652	0.9189	0.9976	0.9976	0.0006	
0.1518	1.7163e+005	0.8640	0.9181	0.9975	0.9975	0.0006	
0.1528	1.7143e+005	0.8635	0.9179	0.9975	0.9975	0.0006	
0.1538	1.7123e+005	0.8630	0.9177	0.9975	0.9975	0.0006	
0.1548	1.7103e+005	0.8627	0.9174	0.9974	0.9974	0.0006	
0.1557	1.7082e+005	0.8622	0.9171	0.9974	0.9974	0.0007	
0.1567	1.7062e+005	0.8618	0.9168	0.9974	0.9974	0.0007	
0.1577	1.7042e+005	0.8613	0.9165	0.9973	0.9973	0.0007	
0.1587	1.7022e+005	0.8608	0.9162	0.9973	0.9973	0.0007	
0.1597	1.7002e+005	0.8605	0.9160	0.9973	0.9973	0.0007	
0.1607	1.6981e+005	0.8598	0.9155	0.9972	0.9972	0.0007	
0.1617	1.6961e+005	0.8594	0.9153	0.9972	0.9972	0.0007	
0.1627	1.6941e+005	0.8593	0.9151	0.9971	0.9971	0.0007	
0.1637	1.6921e+005	0.8591	0.9150	0.9971	0.9971	0.0007	
0.1647	1.6901e+005	0.8588	0.9147	0.9971	0.9971	0.0007	
0.1657	1.688e+005	0.8588	0.9147	0.9971	0.9971	0.0007	
0.1667	1.686e+005	0.8582	0.9143	0.9970	0.9970	0.0008	
0.1677	1.684e+005	0.8574	0.9135	0.9969	0.9969	0.0008	
0.1687	1.682e+005	0.8564	0.9131	0.9969	0.9969	0.0008	
0.1697	1.68e+005 	0.8553	0.9123	0.9968	0.9968	0.0008	
0.1707	1.6779e+005	0.8547	0.9118	0.9967	0.9967	0.0008	
0.1717	1.6759e+005	0.8540	0.9112	0.9966	0.9966	0.0008	
0.1727	1.6739e+005	0.8526	0.9104	0.9966	0.9966	0.0009	
0.1737	1.6719e+005	0.8516	0.9098	0.9965	0.9965	0.0009	
0.1747	1.6699e+005	0.8502	0.9091	0.9964	0.9964	0.0009	
0.1757	1.6678e+005	0.8495	0.9085	0.9963	0.9963	0.0009	
0.1767	1.6658e+005	0.8485	0.9081	0.9963	0.9963	0.0009	
0.1777	1.6638e+005	0.8478	0.9075	0.9962	0.9962	0.0009	
0.1787	1.6618e+005	0.8465	0.9067	0.9961	0.9961	0.0010	
0.1797	1.6598e+005	0.8459	0.9062	0.9961	0.9961	0.0010	
0.1807	1.6577e+005	0.8447	0.9057	0.9960	0.9960	0.0010	
0.1817	1.6557e+005	0.8439	0.9053	0.9959	0.9959	0.0010	
0.1827	1.6537e+005	0.8428	0.9047	0.9958	0.9958	0.0010	
0.1837	1.6517e+005	0.8418	0.9040	0.9957	0.9957	0.0011	
0.1847	1.6497e+005	0.8411	0.9036	0.9956	0.9956	0.0011	
0.1857	1.6476e+005	0.8394	0.9029	0.9956	0.9956	0.0011	
0.1867	1.6456e+005	0.8386	0.9021	0.9955	0.9955	0.0011	
0.1877	1.6436e+005	0.8370	0.9012	0.9954	0.9954	0.0012	
0.1887	1.6416e+005	0.8358	0.9006	0.9953	0.9953	0.0012	
0.1897	1.6396e+005	0.8348	0.8998	0.9952	0.9952	0.0012	
0.1907	1.6375e+005	0.8336	0.8991	0.9951	0.9951	0.0012	
0.1917	1.6355e+005	0.8327	0.8982	0.9950	0.9950	0.0013	
0.1927	1.6335e+005	0.8319	0.8977	0.9949	0.9949	0.0013	
0.1937	1.6315e+005	0.8304	0.8969	0.9948	0.9948	0.0013	
0.1947	1.6295e+005	0.8293	0.8963	0.9947	0.9947	0.0013	
0.1957	1.6274e+005	0.8279	0.8954	0.9946	0.9946	0.0014	
0.1967	1.6254e+005	0.8270	0.8948	0.9945	0.9945	0.0014	
0.1977	1.6234e+005	0.8260	0.8942	0.9944	0.9944	0.0014	
0.1987	1.6214e+005	0.8258	0.8940	0.9944	0.9944	0.0014	
0.1997	1.6194e+005	0.8253	0.8935	0.9943	0.9943	0.0014	
0.2007	1.6173e+005	0.8247	0.8932	0.9943	0.9943	0.0014	
0.2017	1.6153e+005	0.8245	0.8930	0.9942	0.9942	0.0015	
0.2027	1.6133e+005	0.8239	0.8926	0.9941	0.9941	0.0015	
0.2037	1.6113e+005	0.8235	0.8923	0.9941	0.9941	0.0015	
0.2047	1.6093e+005	0.8229	0.8918	0.9940	0.9940	0.0015	
0.2057	1.6072e+005	0.8225	0.8915	0.9939	0.9939	0.0015	
0.2067	1.6052e+005	0.8220	0.8912	0.9939	0.9939	0.0015	
0.2077	1.6032e+005	0.8212	0.8908	0.9938	0.9938	0.0016	
0.2087	1.6012e+005	0.8201	0.8901	0.9937	0.9937	0.0016	
0.2097	1.5992e+005	0.8189	0.8893	0.9936	0.9936	0.0016	
0.2107	1.5971e+005	0.8181	0.8879	0.9934	0.9934	0.0016	
0.2117	1.5951e+005	0.8172	0.8873	0.9933	0.9933	0.0017	
0.2127	1.5931e+005	0.8155	0.8865	0.9932	0.9932	0.0017	
0.2137	1.5911e+005	0.8148	0.8860	0.9931	0.9931	0.0017	
0.2147	1.5891e+005	0.8142	0.8855	0.9930	0.9930	0.0018	
0.2156	1.587e+005	0.8130	0.8847	0.9929	0.9929	0.0018	
0.2166	1.585e+005	0.8122	0.8839	0.9927	0.9927	0.0018	
0.2176	1.583e+005	0.8107	0.8832	0.9926	0.9926	0.0019	
0.2186	1.581e+005	0.8092	0.8824	0.9925	0.9925	0.0019	
0.2196	1.579e+005	0.8080	0.8817	0.9924	0.9924	0.0019	
0.2206	1.5769e+005	0.8074	0.8813	0.9923	0.9923	0.0019	
0.2216	1.5749e+005	0.8071	0.8810	0.9922	0.9922	0.0019	
0.2226	1.5729e+005	0.8066	0.8807	0.9922	0.9922	0.0020	
0.2236	1.5709e+005	0.8063	0.8803	0.9921	0.9921	0.0020	
0.2246	1.5689e+005	0.8058	0.8800	0.9920	0.9920	0.0020	
0.2256	1.5668e+005	0.8055	0.8797	0.9919	0.9919	0.0020	
0.2266	1.5648e+005	0.8050	0.8794	0.9918	0.9918	0.0020	
0.2276	1.5628e+005	0.8046	0.8790	0.9917	0.9917	0.0021	
0.2286	1.5608e+005	0.8041	0.8784	0.9916	0.9916	0.0021	
0.2296	1.5588e+005	0.8030	0.8777	0.9915	0.9915	0.0021	
0.2306	1.5567e+005	0.8023	0.8771	0.9913	0.9913	0.0022	
0.2316	1.5547e+005	0.8009	0.8761	0.9912	0.9912	0.0022	
0.2326	1.5527e+005	0.7995	0.8753	0.9911	0.9911	0.0022	
0.2336	1.5507e+005	0.7982	0.8744	0.9909	0.9909	0.0023	
0.2346	1.5487e+005	0.7972	0.8737	0.9908	0.9908	0.0023	
0.2356	1.5466e+005	0.7961	0.8731	0.9906	0.9906	0.0024	
0.2366	1.5446e+005	0.7955	0.8726	0.9905	0.9905	0.0024	
0.2376	1.5426e+005	0.7944	0.8719	0.9903	0.9903	0.0024	
0.2386	1.5406e+005	0.7939	0.8716	0.9902	0.9902	0.0025	
0.2396	1.5386e+005	0.7934	0.8712	0.9901	0.9901	0.0025	
0.2406	1.5365e+005	0.7931	0.8710	0.9901	0.9901	0.0025	
0.2416	1.5345e+005	0.7926	0.8707	0.9900	0.9900	0.0025	
0.2426	1.5325e+005	0.7920	0.8702	0.9899	0.9899	0.0025	
0.2436	1.5305e+005	0.7913	0.8698	0.9898	0.9898	0.0026	
0.2446	1.5285e+005	0.7908	0.8696	0.9896	0.9896	0.0026	
0.2456	1.5264e+005	0.7898	0.8690	0.9895	0.9895	0.0026	
0.2466	1.5244e+005	0.7886	0.8682	0.9894	0.9894	0.0027	
0.2476	1.5224e+005	0.7874	0.8676	0.9892	0.9892	0.0027	
0.2486	1.5204e+005	0.7863	0.8671	0.9890	0.9890	0.0028	
0.2496	1.5184e+005	0.7855	0.8665	0.9889	0.9889	0.0028	
0.2506	1.5163e+005	0.7830	0.8655	0.9887	0.9887	0.0028	
0.2516	1.5143e+005	0.7821	0.8650	0.9885	0.9885	0.0029	
0.2526	1.5123e+005	0.7807	0.8642	0.9884	0.9884	0.0029	
0.2536	1.5103e+005	0.7796	0.8635	0.9882	0.9882	0.0030	
0.2546	1.5083e+005	0.7788	0.8630	0.9880	0.9880	0.0030	
0.2556	1.5062e+005	0.7779	0.8621	0.9879	0.9879	0.0031	
0.2566	1.5042e+005	0.7745	0.8594	0.9877	0.9877	0.0031	
0.2576	1.5022e+005	0.7722	0.8559	0.9877	0.9877	0.0031	
0.2586	1.5002e+005	0.7706	0.8539	0.9875	0.9875	0.0031	
0.2596	1.4982e+005	0.7700	0.8535	0.9873	0.9873	0.0032	
0.2606	1.4961e+005	0.7691	0.8528	0.9871	0.9871	0.0032	
0.2616	1.4941e+005	0.7683	0.8523	0.9870	0.9870	0.0033	
0.2626	1.4921e+005	0.7673	0.8517	0.9868	0.9868	0.0033	
0.2636	1.4901e+005	0.7661	0.8509	0.9866	0.9866	0.0034	
0.2646	1.4881e+005	0.7652	0.8504	0.9864	0.9864	0.0034	
0.2656	1.486e+005	0.7642	0.8498	0.9862	0.9862	0.0035	
0.2666	1.484e+005	0.7640	0.8496	0.9861	0.9861	0.0035	
0.2676	1.482e+005	0.7638	0.8495	0.9861	0.9861	0.0035	
0.2686	1.48e+005 	0.7635	0.8492	0.9860	0.9860	0.0035	
0.2696	1.478e+005	0.7628	0.8488	0.9858	0.9858	0.0036	
0.2706	1.4759e+005	0.7620	0.8483	0.9857	0.9857	0.0036	
0.2716	1.4739e+005	0.7618	0.8480	0.9856	0.9856	0.0036	
0.2726	1.4719e+005	0.7613	0.8476	0.9855	0.9855	0.0036	
0.2736	1.4699e+005	0.7601	0.8470	0.9853	0.9853	0.0037	
0.2746	1.4679e+005	0.7594	0.8464	0.9851	0.9851	0.0037	
0.2755	1.4658e+005	0.7579	0.8455	0.9849	0.9849	0.0038	
0.2765	1.4638e+005	0.7571	0.8450	0.9847	0.9847	0.0039	
0.2775	1.4618e+005	0.7564	0.8443	0.9845	0.9845	0.0039	
0.2785	1.4598e+005	0.7554	0.8436	0.9843	0.9843	0.0040	
0.2795	1.4578e+005	0.7549	0.8431	0.9841	0.9841	0.0040	
0.2805	1.4557e+005	0.7541	0.8424	0.9838	0.9838	0.0041	
0.2815	1.4537e+005	0.7539	0.8422	0.9837	0.9837	0.0041	
0.2825	1.4517e+005	0.7533	0.8417	0.9836	0.9836	0.0041	
0.2835	1.4497e+005	0.7528	0.8414	0.9835	0.9835	0.0042	
0.2845	1.4477e+005	0.7520	0.8408	0.9833	0.9833	0.0042	
0.2855	1.4456e+005	0.7514	0.8404	0.9832	0.9832	0.0042	
0.2865	1.4436e+005	0.7507	0.8401	0.9831	0.9831	0.0043	
0.2875	1.4416e+005	0.7501	0.8394	0.9829	0.9829	0.0043	
0.2885	1.4396e+005	0.7484	0.8385	0.9826	0.9826	0.0044	
0.2895	1.4376e+005	0.7477	0.8380	0.9824	0.9824	0.0044	
0.2905	1.4355e+005	0.7467	0.8372	0.9822	0.9822	0.0045	
0.2915	1.4335e+005	0.7459	0.8366	0.9820	0.9820	0.0045	
0.2925	1.4315e+005	0.7453	0.8362	0.9817	0.9817	0.0046	
0.2935	1.4295e+005	0.7450	0.8358	0.9815	0.9815	0.0046	
0.2945	1.4275e+005	0.7443	0.8352	0.9813	0.9813	0.0047	
0.2955	1.4254e+005	0.7439	0.8348	0.9812	0.9812	0.0047	
0.2965	1.4234e+005	0.7432	0.8342	0.9811	0.9811	0.0048	
0.2975	1.4214e+005	0.7429	0.8339	0.9809	0.9809	0.0048	
0.2985	1.4194e+005	0.7424	0.8336	0.9808	0.9808	0.0048	
0.2995	1.4174e+005	0.7420	0.8333	0.9806	0.9806	0.0049	
0.3005	1.4153e+005	0.7416	0.8329	0.9804	0.9804	0.0049	
0.3015	1.4133e+005	0.7410	0.8322	0.9802	0.9802	0.0050	
0.3025	1.4113e+005	0.7401	0.8317	0.9799	0.9799	0.0051	
0.3035	1.4093e+005	0.7393	0.8310	0.9797	0.9797	0.0051	
0.3045	1.4073e+005	0.7388	0.8303	0.9794	0.9794	0.0052	
0.3055	1.4052e+005	0.7385	0.8301	0.9792	0.9792	0.0052	
0.3065	1.4032e+005	0.7378	0.8293	0.9790	0.9790	0.0053	
0.3075	1.4012e+005	0.7373	0.8290	0.9788	0.9788	0.0054	
0.3085	1.3992e+005	0.7364	0.8282	0.9785	0.9785	0.0054	
0.3095	1.3972e+005	0.7357	0.8274	0.9782	0.9782	0.0055	
0.3105	1.3951e+005	0.7350	0.8269	0.9780	0.9780	0.0056	
0.3115	1.3931e+005	0.7341	0.8261	0.9777	0.9777	0.0056	
0.3125	1.3911e+005	0.7336	0.8255	0.9774	0.9774	0.0057	
0.3135	1.3891e+005	0.7323	0.8246	0.9772	0.9772	0.0058	
0.3145	1.3871e+005	0.7315	0.8237	0.9769	0.9769	0.0058	
0.3155	1.385e+005	0.7309	0.8231	0.9766	0.9766	0.0059	
0.3165	1.383e+005	0.7304	0.8226	0.9765	0.9765	0.0059	
0.3175	1.381e+005	0.7300	0.8222	0.9763	0.9763	0.0060	
0.3185	1.379e+005	0.7297	0.8216	0.9762	0.9762	0.0060	
0.3195	1.377e+005	0.7295	0.8212	0.9760	0.9760	0.0061	
0.3205	1.3749e+005	0.7292	0.8209	0.9758	0.9758	0.0061	
0.3215	1.3729e+005	0.7283	0.8198	0.9755	0.9755	0.0062	
0.3225	1.3709e+005	0.7280	0.8191	0.9752	0.9752	0.0063	
0.3235	1.3689e+005	0.7273	0.8183	0.9749	0.9749	0.0063	
0.3245	1.3669e+005	0.7265	0.8177	0.9747	0.9747	0.0064	
0.3255	1.3648e+005	0.7255	0.8169	0.9744	0.9744	0.0065	
0.3265	1.3628e+005	0.7247	0.8160	0.9741	0.9741	0.0065	
0.3275	1.3608e+005	0.7240	0.8154	0.9739	0.9739	0.0066	
0.3285	1.3588e+005	0.7235	0.8148	0.9737	0.9737	0.0066	
0.3295	1.3568e+005	0.7232	0.8143	0.9735	0.9735	0.0067	
0.3305	1.3547e+005	0.7223	0.8137	0.9733	0.9733	0.0067	
0.3315	1.3527e+005	0.7217	0.8128	0.9731	0.9731	0.0068	
0.3325	1.3507e+005	0.7204	0.8117	0.9727	0.9727	0.0069	
0.3335	1.3487e+005	0.7198	0.8110	0.9724	0.9724	0.0070	
0.3345	1.3467e+005	0.7192	0.8101	0.9721	0.9721	0.0070	
0.3354	1.3446e+005	0.7185	0.8094	0.9718	0.9718	0.0071	
0.3364	1.3426e+005	0.7175	0.8086	0.9715	0.9715	0.0072	
0.3374	1.3406e+005	0.7165	0.8075	0.9712	0.9712	0.0073	
0.3384	1.3386e+005	0.7158	0.8066	0.9709	0.9709	0.0074	
0.3394	1.3366e+005	0.7149	0.8058	0.9706	0.9706	0.0074	
0.3404	1.3345e+005	0.7141	0.8050	0.9702	0.9702	0.0075	
0.3414	1.3325e+005	0.7132	0.8041	0.9699	0.9699	0.0076	
0.3424	1.3305e+005	0.7124	0.8034	0.9695	0.9695	0.0077	
0.3434	1.3285e+005	0.7115	0.8025	0.9692	0.9692	0.0078	
0.3444	1.3265e+005	0.7106	0.8020	0.9690	0.9690	0.0078	
0.3454	1.3244e+005	0.7101	0.8016	0.9688	0.9688	0.0079	
0.3464	1.3224e+005	0.7097	0.8012	0.9686	0.9686	0.0079	
0.3474	1.3204e+005	0.7091	0.8006	0.9684	0.9684	0.0080	
0.3484	1.3184e+005	0.7082	0.7999	0.9680	0.9680	0.0081	
0.3494	1.3164e+005	0.7073	0.7990	0.9677	0.9677	0.0082	
0.3504	1.3143e+005	0.7060	0.7981	0.9674	0.9674	0.0083	
0.3514	1.3123e+005	0.7055	0.7978	0.9672	0.9672	0.0083	
0.3524	1.3103e+005	0.7053	0.7976	0.9669	0.9669	0.0084	
0.3534	1.3083e+005	0.7048	0.7972	0.9666	0.9666	0.0085	
0.3544	1.3063e+005	0.7033	0.7959	0.9662	0.9662	0.0085	
0.3554	1.3042e+005	0.7022	0.7950	0.9659	0.9659	0.0086	
0.3564	1.3022e+005	0.7012	0.7941	0.9656	0.9656	0.0087	
0.3574	1.3002e+005	0.7010	0.7939	0.9654	0.9654	0.0088	
0.3584	1.2982e+005	0.7005	0.7934	0.9652	0.9652	0.0088	
0.3594	1.2962e+005	0.6998	0.7929	0.9650	0.9650	0.0089	
0.3604	1.2941e+005	0.6993	0.7923	0.9647	0.9647	0.0090	
0.3614	1.2921e+005	0.6982	0.7916	0.9643	0.9643	0.0090	
0.3624	1.2901e+005	0.6971	0.7905	0.9639	0.9639	0.0091	
0.3634	1.2881e+005	0.6964	0.7897	0.9635	0.9635	0.0092	
0.3644	1.2861e+005	0.6955	0.7889	0.9632	0.9632	0.0093	
0.3654	1.284e+005	0.6944	0.7879	0.9628	0.9628	0.0094	
0.3664	1.282e+005	0.6939	0.7874	0.9625	0.9625	0.0095	
0.3674	1.28e+005 	0.6929	0.7868	0.9623	0.9623	0.0096	
0.3684	1.278e+005	0.6924	0.7863	0.9620	0.9620	0.0096	
0.3694	1.276e+005	0.6916	0.7856	0.9618	0.9618	0.0097	
0.3704	1.2739e+005	0.6908	0.7849	0.9614	0.9614	0.0098	
0.3714	1.2719e+005	0.6899	0.7842	0.9610	0.9610	0.0099	
0.3724	1.2699e+005	0.6888	0.7833	0.9606	0.9606	0.0100	
0.3734	1.2679e+005	0.6875	0.7823	0.9602	0.9602	0.0101	
0.3744	1.2659e+005	0.6868	0.7816	0.9598	0.9598	0.0102	
0.3754	1.2638e+005	0.6856	0.7808	0.9594	0.9594	0.0103	
0.3764	1.2618e+005	0.6849	0.7799	0.9590	0.9590	0.0104	
0.3774	1.2598e+005	0.6842	0.7792	0.9586	0.9586	0.0105	
0.3784	1.2578e+005	0.6825	0.7779	0.9582	0.9582	0.0106	
0.3794	1.2558e+005	0.6818	0.7773	0.9578	0.9578	0.0107	
0.3804	1.2537e+005	0.6811	0.7765	0.9573	0.9573	0.0108	
0.3814	1.2517e+005	0.6804	0.7758	0.9570	0.9570	0.0109	
0.3824	1.2497e+005	0.6800	0.7750	0.9568	0.9568	0.0110	
0.3834	1.2477e+005	0.6793	0.7746	0.9565	0.9565	0.0111	
0.3844	1.2457e+005	0.6789	0.7742	0.9562	0.9562	0.0111	
0.3854	1.2436e+005	0.6787	0.7737	0.9559	0.9559	0.0112	
0.3864	1.2416e+005	0.6782	0.7732	0.9555	0.9555	0.0113	
0.3874	1.2396e+005	0.6767	0.7723	0.9550	0.9550	0.0114	
0.3884	1.2376e+005	0.6751	0.7713	0.9546	0.9546	0.0115	
0.3894	1.2356e+005	0.6742	0.7705	0.9542	0.9542	0.0117	
0.3904	1.2335e+005	0.6730	0.7696	0.9537	0.9537	0.0118	
0.3914	1.2315e+005	0.6725	0.7689	0.9534	0.9534	0.0119	
0.3924	1.2295e+005	0.6719	0.7685	0.9531	0.9531	0.0119	
0.3934	1.2275e+005	0.6715	0.7678	0.9528	0.9528	0.0120	
0.3944	1.2255e+005	0.6710	0.7671	0.9525	0.9525	0.0121	
0.3953	1.2234e+005	0.6701	0.7662	0.9521	0.9521	0.0122	
0.3963	1.2214e+005	0.6689	0.7652	0.9516	0.9516	0.0123	
0.3973	1.2194e+005	0.6682	0.7643	0.9511	0.9511	0.0124	
0.3983	1.2174e+005	0.6674	0.7636	0.9507	0.9507	0.0126	
0.3993	1.2154e+005	0.6666	0.7628	0.9502	0.9502	0.0127	
0.4003	1.2133e+005	0.6661	0.7623	0.9499	0.9499	0.0128	
0.4013	1.2113e+005	0.6658	0.7618	0.9496	0.9496	0.0128	
0.4023	1.2093e+005	0.6650	0.7612	0.9493	0.9493	0.0129	
0.4033	1.2073e+005	0.6636	0.7601	0.9488	0.9488	0.0131	
0.4043	1.2053e+005	0.6628	0.7593	0.9483	0.9483	0.0132	
0.4053	1.2032e+005	0.6617	0.7583	0.9478	0.9478	0.0133	
0.4063	1.2012e+005	0.6611	0.7575	0.9473	0.9473	0.0134	
0.4073	1.1992e+005	0.6600	0.7567	0.9469	0.9469	0.0136	
0.4083	1.1972e+005	0.6590	0.7557	0.9464	0.9464	0.0137	
0.4093	1.1952e+005	0.6574	0.7548	0.9459	0.9459	0.0138	
0.4103	1.1931e+005	0.6566	0.7540	0.9454	0.9454	0.0139	
0.4113	1.1911e+005	0.6556	0.7531	0.9449	0.9449	0.0141	
0.4123	1.1891e+005	0.6547	0.7524	0.9445	0.9445	0.0142	
0.4133	1.1871e+005	0.6546	0.7520	0.9442	0.9442	0.0143	
0.4143	1.1851e+005	0.6545	0.7516	0.9439	0.9439	0.0143	
0.4153	1.183e+005	0.6535	0.7508	0.9434	0.9434	0.0145	
0.4163	1.181e+005	0.6526	0.7499	0.9429	0.9429	0.0146	
0.4173	1.179e+005	0.6518	0.7492	0.9424	0.9424	0.0147	
0.4183	1.177e+005	0.6511	0.7482	0.9419	0.9419	0.0149	
0.4193	1.175e+005	0.6500	0.7473	0.9414	0.9414	0.0150	
0.4203	1.1729e+005	0.6492	0.7466	0.9410	0.9410	0.0151	
0.4213	1.1709e+005	0.6486	0.7460	0.9406	0.9406	0.0152	
0.4223	1.1689e+005	0.6480	0.7455	0.9403	0.9403	0.0153	
0.4233	1.1669e+005	0.6468	0.7446	0.9398	0.9398	0.0154	
0.4243	1.1649e+005	0.6459	0.7438	0.9392	0.9392	0.0156	
0.4253	1.1628e+005	0.6436	0.7426	0.9387	0.9387	0.0157	
0.4263	1.1608e+005	0.6423	0.7417	0.9382	0.9382	0.0158	
0.4273	1.1588e+005	0.6414	0.7410	0.9377	0.9377	0.0160	
0.4283	1.1568e+005	0.6401	0.7401	0.9371	0.9371	0.0161	
0.4293	1.1548e+005	0.6386	0.7392	0.9366	0.9366	0.0162	
0.4303	1.1527e+005	0.6364	0.7378	0.9360	0.9360	0.0164	
0.4313	1.1507e+005	0.6351	0.7370	0.9355	0.9355	0.0165	
0.4323	1.1487e+005	0.6344	0.7365	0.9351	0.9351	0.0166	
0.4333	1.1467e+005	0.6335	0.7359	0.9347	0.9347	0.0167	
0.4343	1.1447e+005	0.6320	0.7350	0.9342	0.9342	0.0169	
0.4353	1.1426e+005	0.6306	0.7339	0.9336	0.9336	0.0170	
0.4363	1.1406e+005	0.6292	0.7330	0.9331	0.9331	0.0172	
0.4373	1.1386e+005	0.6280	0.7322	0.9325	0.9325	0.0173	
0.4383	1.1366e+005	0.6271	0.7315	0.9320	0.9320	0.0175	
0.4393	1.1346e+005	0.6261	0.7309	0.9316	0.9316	0.0176	
0.4403	1.1325e+005	0.6248	0.7302	0.9312	0.9312	0.0177	
0.4413	1.1305e+005	0.6232	0.7292	0.9306	0.9306	0.0178	
0.4423	1.1285e+005	0.6219	0.7283	0.9301	0.9301	0.0180	
0.4433	1.1265e+005	0.6197	0.7271	0.9294	0.9294	0.0181	
0.4443	1.1245e+005	0.6181	0.7262	0.9288	0.9288	0.0183	
0.4453	1.1224e+005	0.6170	0.7255	0.9284	0.9284	0.0184	
0.4463	1.1204e+005	0.6161	0.7248	0.9280	0.9280	0.0185	
0.4473	1.1184e+005	0.6152	0.7241	0.9275	0.9275	0.0186	
0.4483	1.1164e+005	0.6137	0.7232	0.9269	0.9269	0.0188	
0.4493	1.1144e+005	0.6116	0.7220	0.9262	0.9262	0.0190	
0.4503	1.1123e+005	0.6098	0.7209	0.9256	0.9256	0.0191	
0.4513	1.1103e+005	0.6082	0.7199	0.9250	0.9250	0.0193	
0.4523	1.1083e+005	0.6069	0.7189	0.9244	0.9244	0.0195	
0.4533	1.1063e+005	0.6056	0.7179	0.9237	0.9237	0.0196	
0.4542	1.1043e+005	0.6043	0.7168	0.9231	0.9231	0.0198	
0.4552	1.1022e+005	0.6034	0.7162	0.9226	0.9226	0.0199	
0.4562	1.1002e+005	0.6026	0.7156	0.9221	0.9221	0.0201	
0.4572	1.0982e+005	0.6017	0.7150	0.9216	0.9216	0.0202	
0.4582	1.0962e+005	0.6008	0.7140	0.9210	0.9210	0.0204	
0.4592	1.0942e+005	0.5992	0.7130	0.9203	0.9203	0.0205	
0.4602	1.0921e+005	0.5980	0.7120	0.9197	0.9197	0.0207	
0.4612	1.0901e+005	0.5973	0.7115	0.9192	0.9192	0.0209	
0.4622	1.0881e+005	0.5969	0.7110	0.9187	0.9187	0.0210	
0.4632	1.0861e+005	0.5958	0.7103	0.9181	0.9181	0.0211	
0.4642	1.0841e+005	0.5938	0.7091	0.9174	0.9174	0.0213	
0.4652	1.082e+005	0.5925	0.7081	0.9168	0.9168	0.0215	
0.4662	1.08e+005 	0.5906	0.7070	0.9162	0.9162	0.0216	
0.4672	1.078e+005	0.5898	0.7064	0.9158	0.9158	0.0218	
0.4682	1.076e+005	0.5882	0.7053	0.9152	0.9152	0.0219	
0.4692	1.074e+005	0.5863	0.7042	0.9145	0.9145	0.0221	
0.4702	1.0719e+005	0.5841	0.7030	0.9138	0.9138	0.0223	
0.4712	1.0699e+005	0.5827	0.7019	0.9131	0.9131	0.0225	
0.4722	1.0679e+005	0.5816	0.7010	0.9124	0.9124	0.0227	
0.4732	1.0659e+005	0.5794	0.6996	0.9117	0.9117	0.0229	
0.4742	1.0639e+005	0.5780	0.6988	0.9111	0.9111	0.0230	
0.4752	1.0618e+005	0.5776	0.6982	0.9105	0.9105	0.0232	
0.4762	1.0598e+005	0.5765	0.6974	0.9100	0.9100	0.0233	
0.4772	1.0578e+005	0.5754	0.6964	0.9093	0.9093	0.0235	
0.4782	1.0558e+005	0.5739	0.6953	0.9086	0.9086	0.0237	
0.4792	1.0538e+005	0.5726	0.6942	0.9078	0.9078	0.0239	
0.4802	1.0517e+005	0.5717	0.6935	0.9072	0.9072	0.0240	
0.4812	1.0497e+005	0.5706	0.6928	0.9067	0.9067	0.0242	
0.4822	1.0477e+005	0.5691	0.6919	0.9061	0.9061	0.0244	
0.4832	1.0457e+005	0.5680	0.6910	0.9054	0.9054	0.0245	
0.4842	1.0437e+005	0.5666	0.6900	0.9047	0.9047	0.0247	
0.4852	1.0416e+005	0.5655	0.6892	0.9039	0.9039	0.0249	
0.4862	1.0396e+005	0.5646	0.6886	0.9034	0.9034	0.0251	
0.4872	1.0376e+005	0.5640	0.6878	0.9029	0.9029	0.0252	
0.4882	1.0356e+005	0.5627	0.6868	0.9022	0.9022	0.0254	
0.4892	1.0336e+005	0.5619	0.6860	0.9015	0.9015	0.0256	
0.4902	1.0315e+005	0.5608	0.6851	0.9007	0.9007	0.0258	
0.4912	1.0295e+005	0.5591	0.6841	0.8999	0.8999	0.0260	
0.4922	1.0275e+005	0.5577	0.6830	0.8991	0.8991	0.0262	
0.4932	1.0255e+005	0.5563	0.6820	0.8983	0.8983	0.0264	
0.4942	1.0235e+005	0.5551	0.6813	0.8977	0.8977	0.0266	
0.4952	1.0214e+005	0.5542	0.6807	0.8971	0.8971	0.0268	
0.4962	1.0194e+005	0.5521	0.6795	0.8965	0.8965	0.0270	
0.4972	1.0174e+005	0.5513	0.6787	0.8957	0.8957	0.0272	
0.4982	1.0154e+005	0.5502	0.6779	0.8949	0.8949	0.0274	
0.4992	1.0134e+005	0.5486	0.6769	0.8942	0.8942	0.0276	
0.5002	1.0113e+005	0.5475	0.6761	0.8936	0.8936	0.0277	
0.5012	1.0093e+005	0.5463	0.6754	0.8930	0.8930	0.0279	
0.5022	1.0073e+005	0.5448	0.6743	0.8922	0.8922	0.0281	
0.5032	1.0053e+005	0.5435	0.6732	0.8914	0.8914	0.0283	
0.5042	1.0033e+005	0.5423	0.6723	0.8906	0.8906	0.0286	
0.5052	1.0012e+005	0.5412	0.6714	0.8897	0.8897	0.0288	
0.5062	99922     	0.5400	0.6705	0.8889	0.8889	0.0290	
0.5072	99720     	0.5392	0.6697	0.8881	0.8881	0.0292	
0.5082	99518     	0.5379	0.6688	0.8875	0.8875	0.0294	
0.5092	99316     	0.5367	0.6680	0.8868	0.8868	0.0296	
0.5102	99114     	0.5355	0.6669	0.8860	0.8860	0.0298	
0.5112	98912     	0.5333	0.6657	0.8851	0.8851	0.0300	
0.5122	98710     	0.5325	0.6650	0.8845	0.8845	0.0302	
0.5132	98508     	0.5317	0.6643	0.8839	0.8839	0.0304	
0.5141	98306     	0.5313	0.6636	0.8831	0.8831	0.0306	
0.5151	98104     	0.5300	0.6624	0.8822	0.8822	0.0308	
0.5161	97902     	0.5288	0.6614	0.8813	0.8813	0.0311	
0.5171	97700     	0.5273	0.6604	0.8806	0.8806	0.0313	
0.5181	97498     	0.5263	0.6595	0.8799	0.8799	0.0315	
0.5191	97296     	0.5245	0.6585	0.8792	0.8792	0.0317	
0.5201	97094     	0.5234	0.6576	0.8783	0.8783	0.0319	
0.5211	96892     	0.5222	0.6566	0.8774	0.8774	0.0322	
0.5221	96690     	0.5208	0.6557	0.8765	0.8765	0.0324	
0.5231	96488     	0.5195	0.6548	0.8756	0.8756	0.0327	
0.5241	96286     	0.5173	0.6535	0.8747	0.8747	0.0329	
0.5251	96084     	0.5165	0.6528	0.8741	0.8741	0.0331	
0.5261	95882     	0.5158	0.6521	0.8734	0.8734	0.0333	
0.5271	95680     	0.5142	0.6510	0.8725	0.8725	0.0335	
0.5281	95478     	0.5128	0.6500	0.8715	0.8715	0.0338	
0.5291	95276     	0.5114	0.6490	0.8707	0.8707	0.0340	
0.5301	95074     	0.5108	0.6484	0.8701	0.8701	0.0342	
0.5311	94872     	0.5091	0.6472	0.8693	0.8693	0.0344	
0.5321	94670     	0.5073	0.6459	0.8683	0.8683	0.0347	
0.5331	94468     	0.5059	0.6448	0.8674	0.8674	0.0349	
0.5341	94266     	0.5055	0.6444	0.8668	0.8668	0.0351	
0.5351	94064     	0.5050	0.6439	0.8660	0.8660	0.0353	
0.5361	93862     	0.5039	0.6430	0.8650	0.8650	0.0356	
0.5371	93660     	0.5031	0.6421	0.8641	0.8641	0.0359	
0.5381	93458     	0.5017	0.6410	0.8631	0.8631	0.0361	
0.5391	93256     	0.5005	0.6401	0.8621	0.8621	0.0364	
0.5401	93054     	0.4999	0.6393	0.8613	0.8613	0.0366	
0.5411	92852     	0.4989	0.6385	0.8605	0.8605	0.0369	
0.5421	92650     	0.4978	0.6376	0.8595	0.8595	0.0371	
0.5431	92448     	0.4965	0.6365	0.8586	0.8586	0.0374	
0.5441	92246     	0.4961	0.6360	0.8579	0.8579	0.0376	
0.5451	92044     	0.4950	0.6351	0.8571	0.8571	0.0378	
0.5461	91842     	0.4936	0.6341	0.8561	0.8561	0.0381	
0.5471	91640     	0.4920	0.6327	0.8551	0.8551	0.0384	
0.5481	91438     	0.4907	0.6317	0.8541	0.8541	0.0387	
0.5491	91236     	0.4893	0.6304	0.8531	0.8531	0.0389	
0.5501	91034     	0.4882	0.6297	0.8524	0.8524	0.0391	
0.5511	90832     	0.4867	0.6287	0.8514	0.8514	0.0394	
0.5521	90630     	0.4859	0.6278	0.8503	0.8503	0.0397	
0.5531	90428     	0.4850	0.6271	0.8496	0.8496	0.0399	
0.5541	90226     	0.4839	0.6263	0.8487	0.8487	0.0402	
0.5551	90024     	0.4823	0.6253	0.8476	0.8476	0.0405	
0.5561	89822     	0.4812	0.6244	0.8467	0.8467	0.0407	
0.5571	89620     	0.4804	0.6236	0.8460	0.8460	0.0409	
0.5581	89418     	0.4790	0.6226	0.8449	0.8449	0.0413	
0.5591	89216     	0.4775	0.6215	0.8438	0.8438	0.0416	
0.5601	89014     	0.4761	0.6202	0.8427	0.8427	0.0419	
0.5611	88812     	0.4752	0.6193	0.8419	0.8419	0.0421	
0.5621	88610     	0.4739	0.6184	0.8410	0.8410	0.0424	
0.5631	88408     	0.4717	0.6170	0.8399	0.8399	0.0427	
0.5641	88206     	0.4707	0.6163	0.8393	0.8393	0.0429	
0.5651	88004     	0.4697	0.6156	0.8385	0.8385	0.0431	
0.5661	87802     	0.4686	0.6146	0.8374	0.8374	0.0434	
0.5671	87600     	0.4671	0.6137	0.8365	0.8365	0.0437	
0.5681	87398     	0.4657	0.6128	0.8356	0.8356	0.0439	
0.5691	87196     	0.4635	0.6115	0.8345	0.8345	0.0442	
0.5701	86994     	0.4619	0.6102	0.8333	0.8333	0.0446	
0.5711	86792     	0.4598	0.6088	0.8322	0.8322	0.0449	
0.5721	86590     	0.4590	0.6081	0.8314	0.8314	0.0451	
0.5731	86388     	0.4571	0.6068	0.8303	0.8303	0.0454	
0.5740	86186     	0.4558	0.6056	0.8292	0.8292	0.0457	
0.5750	85984     	0.4547	0.6047	0.8284	0.8284	0.0460	
0.5760	85782     	0.4531	0.6033	0.8272	0.8272	0.0463	
0.5770	85580     	0.4521	0.6025	0.8263	0.8263	0.0466	
0.5780	85378     	0.4509	0.6015	0.8253	0.8253	0.0469	
0.5790	85176     	0.4497	0.6004	0.8241	0.8241	0.0472	
0.5800	84974     	0.4481	0.5991	0.8228	0.8228	0.0476	
0.5810	84772     	0.4457	0.5978	0.8220	0.8220	0.0478	
0.5820	84570     	0.4439	0.5967	0.8210	0.8210	0.0481	
0.5830	84368     	0.4425	0.5956	0.8198	0.8198	0.0485	
0.5840	84166     	0.4421	0.5950	0.8190	0.8190	0.0487	
0.5850	83964     	0.4404	0.5936	0.8177	0.8177	0.0491	
0.5860	83762     	0.4390	0.5923	0.8165	0.8165	0.0494	
0.5870	83560     	0.4381	0.5915	0.8153	0.8153	0.0498	
0.5880	83358     	0.4371	0.5907	0.8145	0.8145	0.0500	
0.5890	83156     	0.4353	0.5893	0.8132	0.8132	0.0504	
0.5900	82954     	0.4346	0.5887	0.8125	0.8125	0.0506	
0.5910	82752     	0.4346	0.5883	0.8119	0.8119	0.0508	
0.5920	82550     	0.4345	0.5878	0.8110	0.8110	0.0510	
0.5930	82348     	0.4345	0.5873	0.8100	0.8100	0.0513	
0.5940	82146     	0.4345	0.5869	0.8091	0.8091	0.0516	
0.5950	81944     	0.4342	0.5862	0.8082	0.8082	0.0519	
0.5960	81742     	0.4341	0.5857	0.8070	0.8070	0.0522	
0.5970	81540     	0.4338	0.5850	0.8058	0.8058	0.0526	
0.5980	81338     	0.4325	0.5841	0.8046	0.8046	0.0529	
0.5990	81136     	0.4320	0.5834	0.8036	0.8036	0.0532	
0.6000	80934     	0.4302	0.5822	0.8022	0.8022	0.0536	
0.6010	80732     	0.4292	0.5812	0.8009	0.8009	0.0540	
0.6020	80530     	0.4285	0.5804	0.7999	0.7999	0.0543	
0.6030	80328     	0.4273	0.5793	0.7986	0.7986	0.0547	
0.6040	80126     	0.4259	0.5784	0.7976	0.7976	0.0550	
0.6050	79924     	0.4243	0.5774	0.7965	0.7965	0.0553	
0.6060	79722     	0.4234	0.5765	0.7952	0.7952	0.0557	
0.6070	79520     	0.4227	0.5758	0.7942	0.7942	0.0560	
0.6080	79318     	0.4207	0.5745	0.7928	0.7928	0.0564	
0.6090	79116     	0.4191	0.5733	0.7914	0.7914	0.0568	
0.6100	78914     	0.4185	0.5726	0.7904	0.7904	0.0571	
0.6110	78712     	0.4179	0.5719	0.7891	0.7891	0.0575	
0.6120	78510     	0.4171	0.5711	0.7879	0.7879	0.0578	
0.6130	78308     	0.4163	0.5703	0.7869	0.7869	0.0582	
0.6140	78106     	0.4153	0.5693	0.7856	0.7856	0.0586	
0.6150	77904     	0.4153	0.5688	0.7851	0.7851	0.0587	
0.6160	77702     	0.4147	0.5677	0.7840	0.7840	0.0590	
0.6170	77500     	0.4140	0.5668	0.7827	0.7827	0.0594	
0.6180	77298     	0.4128	0.5659	0.7816	0.7816	0.0598	
0.6190	77096     	0.4122	0.5650	0.7802	0.7802	0.0602	
0.6200	76894     	0.4115	0.5642	0.7792	0.7792	0.0605	
0.6210	76692     	0.4101	0.5629	0.7777	0.7777	0.0609	
0.6220	76490     	0.4095	0.5623	0.7769	0.7769	0.0612	
0.6230	76288     	0.4083	0.5613	0.7754	0.7754	0.0616	
0.6240	76086     	0.4069	0.5600	0.7739	0.7739	0.0621	
0.6250	75884     	0.4064	0.5593	0.7729	0.7729	0.0624	
0.6260	75682     	0.4050	0.5582	0.7716	0.7716	0.0628	
0.6270	75480     	0.4050	0.5575	0.7704	0.7704	0.0631	
0.6280	75278     	0.4045	0.5567	0.7693	0.7693	0.0635	
0.6290	75076     	0.4028	0.5552	0.7678	0.7678	0.0639	
0.6300	74874     	0.4023	0.5546	0.7668	0.7668	0.0642	
0.6310	74672     	0.4014	0.5535	0.7652	0.7652	0.0647	
0.6320	74470     	0.3998	0.5522	0.7637	0.7637	0.0652	
0.6330	74268     	0.3991	0.5514	0.7627	0.7627	0.0655	
0.6339	74066     	0.3980	0.5503	0.7612	0.7612	0.0659	
0.6349	73864     	0.3975	0.5497	0.7602	0.7602	0.0663	
0.6359	73662     	0.3962	0.5485	0.7586	0.7586	0.0667	
0.6369	73460     	0.3958	0.5480	0.7577	0.7577	0.0670	
0.6379	73258     	0.3950	0.5468	0.7561	0.7561	0.0675	
0.6389	73056     	0.3938	0.5455	0.7545	0.7545	0.0680	
0.6399	72854     	0.3931	0.5448	0.7535	0.7535	0.0683	
0.6409	72652     	0.3916	0.5434	0.7519	0.7519	0.0688	
0.6419	72450     	0.3903	0.5425	0.7509	0.7509	0.0691	
0.6429	72248     	0.3894	0.5414	0.7492	0.7492	0.0696	
0.6439	72046     	0.3889	0.5406	0.7478	0.7478	0.0701	
0.6449	71844     	0.3877	0.5396	0.7467	0.7467	0.0704	
0.6459	71642     	0.3871	0.5388	0.7451	0.7451	0.0709	
0.6469	71440     	0.3865	0.5380	0.7439	0.7439	0.0713	
0.6479	71238     	0.3856	0.5371	0.7425	0.7425	0.0717	
0.6489	71036     	0.3852	0.5364	0.7412	0.7412	0.0721	
0.6499	70834     	0.3841	0.5352	0.7395	0.7395	0.0727	
0.6509	70632     	0.3837	0.5344	0.7382	0.7382	0.0731	
0.6519	70430     	0.3828	0.5333	0.7366	0.7366	0.0736	
0.6529	70228     	0.3823	0.5326	0.7355	0.7355	0.0739	
0.6539	70026     	0.3816	0.5314	0.7338	0.7338	0.0745	
0.6549	69824     	0.3806	0.5305	0.7326	0.7326	0.0748	
0.6559	69622     	0.3793	0.5292	0.7309	0.7309	0.0754	
0.6569	69420     	0.3785	0.5283	0.7295	0.7295	0.0758	
0.6579	69218     	0.3773	0.5272	0.7282	0.7282	0.0762	
0.6589	69016     	0.3763	0.5262	0.7269	0.7269	0.0766	
0.6599	68814     	0.3750	0.5251	0.7253	0.7253	0.0772	
0.6609	68612     	0.3734	0.5237	0.7235	0.7235	0.0777	
0.6619	68410     	0.3726	0.5228	0.7222	0.7222	0.0781	
0.6629	68208     	0.3709	0.5215	0.7208	0.7208	0.0786	
0.6639	68006     	0.3699	0.5204	0.7192	0.7192	0.0791	
0.6649	67804     	0.3692	0.5197	0.7181	0.7181	0.0794	
0.6659	67602     	0.3684	0.5185	0.7162	0.7162	0.0800	
0.6669	67400     	0.3678	0.5179	0.7150	0.7150	0.0804	
0.6679	67198     	0.3661	0.5165	0.7133	0.7133	0.0810	
0.6689	66996     	0.3654	0.5158	0.7122	0.7122	0.0814	
0.6699	66794     	0.3635	0.5144	0.7107	0.7107	0.0818	
0.6709	66592     	0.3621	0.5131	0.7093	0.7093	0.0823	
0.6719	66390     	0.3604	0.5116	0.7074	0.7074	0.0829	
0.6729	66188     	0.3596	0.5106	0.7061	0.7061	0.0833	
0.6739	65986     	0.3589	0.5098	0.7049	0.7049	0.0837	
0.6749	65784     	0.3575	0.5085	0.7033	0.7033	0.0842	
0.6759	65582     	0.3564	0.5073	0.7016	0.7016	0.0848	
0.6769	65380     	0.3560	0.5065	0.7002	0.7002	0.0852	
0.6779	65178     	0.3550	0.5056	0.6991	0.6991	0.0856	
0.6789	64976     	0.3530	0.5042	0.6975	0.6975	0.0861	
0.6799	64774     	0.3523	0.5032	0.6960	0.6960	0.0866	
0.6809	64572     	0.3508	0.5017	0.6941	0.6941	0.0872	
0.6819	64370     	0.3499	0.5008	0.6927	0.6927	0.0877	
0.6829	64168     	0.3484	0.4997	0.6913	0.6913	0.0882	
0.6839	63966     	0.3465	0.4984	0.6898	0.6898	0.0887	
0.6849	63764     	0.3454	0.4975	0.6886	0.6886	0.0891	
0.6859	63562     	0.3432	0.4956	0.6865	0.6865	0.0898	
0.6869	63360     	0.3415	0.4945	0.6853	0.6853	0.0901	
0.6879	63158     	0.3402	0.4933	0.6836	0.6836	0.0907	
0.6889	62956     	0.3392	0.4925	0.6824	0.6824	0.0911	
0.6899	62754     	0.3381	0.4914	0.6809	0.6809	0.0916	
0.6909	62552     	0.3375	0.4905	0.6792	0.6792	0.0922	
0.6919	62350     	0.3362	0.4894	0.6775	0.6775	0.0927	
0.6929	62148     	0.3353	0.4884	0.6759	0.6759	0.0933	
0.6938	61946     	0.3268	0.4841	0.6748	0.6748	0.0936	
0.6948	61744     	0.3188	0.4802	0.6737	0.6737	0.0940	
0.6958	61542     	0.3169	0.4787	0.6715	0.6715	0.0948	
0.6968	61340     	0.3160	0.4779	0.6704	0.6704	0.0951	
0.6978	61138     	0.3137	0.4764	0.6686	0.6686	0.0957	
0.6988	60936     	0.3137	0.4762	0.6681	0.6681	0.0959	
0.6998	60734     	0.3125	0.4753	0.6668	0.6668	0.0963	
0.7008	60532     	0.3113	0.4743	0.6653	0.6653	0.0969	
0.7018	60330     	0.3099	0.4731	0.6637	0.6637	0.0974	
0.7028	60128     	0.3092	0.4720	0.6618	0.6618	0.0980	
0.7038	59926     	0.3086	0.4713	0.6606	0.6606	0.0985	
0.7048	59724     	0.3079	0.4705	0.6592	0.6592	0.0989	
0.7058	59522     	0.3077	0.4701	0.6585	0.6585	0.0992	
0.7068	59320     	0.3077	0.4700	0.6580	0.6580	0.0993	
0.7078	59118     	0.3067	0.4691	0.6566	0.6566	0.0998	
0.7088	58916     	0.3063	0.4685	0.6554	0.6554	0.1003	
0.7098	58714     	0.3055	0.4676	0.6538	0.6538	0.1008	
0.7108	58512     	0.3048	0.4664	0.6518	0.6518	0.1015	
0.7118	58310     	0.3043	0.4658	0.6507	0.6507	0.1019	
0.7128	58108     	0.3031	0.4647	0.6490	0.6490	0.1024	
0.7138	57906     	0.3019	0.4634	0.6474	0.6474	0.1030	
0.7148	57704     	0.3011	0.4626	0.6458	0.6458	0.1035	
0.7158	57502     	0.3006	0.4618	0.6446	0.6446	0.1040	
0.7168	57300     	0.3002	0.4605	0.6425	0.6425	0.1047	
0.7178	57098     	0.2991	0.4597	0.6413	0.6413	0.1051	
0.7188	56896     	0.2977	0.4585	0.6397	0.6397	0.1057	
0.7198	56694     	0.2965	0.4576	0.6385	0.6385	0.1061	
0.7208	56492     	0.2951	0.4561	0.6362	0.6362	0.1069	
0.7218	56290     	0.2912	0.4540	0.6349	0.6349	0.1074	
0.7228	56088     	0.2854	0.4514	0.6337	0.6337	0.1078	
0.7238	55886     	0.2844	0.4503	0.6321	0.6321	0.1083	
0.7248	55684     	0.2832	0.4493	0.6306	0.6306	0.1089	
0.7258	55482     	0.2821	0.4484	0.6294	0.6294	0.1093	
0.7268	55280     	0.2806	0.4468	0.6275	0.6275	0.1100	
0.7278	55078     	0.2795	0.4459	0.6262	0.6262	0.1104	
0.7288	54876     	0.2787	0.4451	0.6247	0.6247	0.1110	
0.7298	54674     	0.2777	0.4442	0.6234	0.6234	0.1114	
0.7308	54472     	0.2762	0.4428	0.6216	0.6216	0.1121	
0.7318	54270     	0.2756	0.4422	0.6205	0.6205	0.1125	
0.7328	54068     	0.2741	0.4406	0.6182	0.6182	0.1133	
0.7338	53866     	0.2739	0.4401	0.6170	0.6170	0.1137	
0.7348	53664     	0.2726	0.4390	0.6154	0.6154	0.1143	
0.7358	53462     	0.2719	0.4380	0.6140	0.6140	0.1148	
0.7368	53260     	0.2706	0.4367	0.6118	0.6118	0.1156	
0.7378	53058     	0.2706	0.4360	0.6098	0.6098	0.1163	
0.7388	52856     	0.2700	0.4351	0.6084	0.6084	0.1168	
0.7398	52654     	0.2696	0.4344	0.6070	0.6070	0.1173	
0.7408	52452     	0.2686	0.4335	0.6056	0.6056	0.1178	
0.7418	52250     	0.2686	0.4333	0.6051	0.6051	0.1180	
0.7428	52048     	0.2675	0.4326	0.6040	0.6040	0.1184	
0.7438	51846     	0.2670	0.4317	0.6024	0.6024	0.1190	
0.7448	51644     	0.2658	0.4305	0.6005	0.6005	0.1197	
0.7458	51442     	0.2652	0.4296	0.5987	0.5987	0.1204	
0.7468	51240     	0.2646	0.4289	0.5975	0.5975	0.1208	
0.7478	51038     	0.2637	0.4279	0.5958	0.5958	0.1214	
0.7488	50836     	0.2628	0.4270	0.5944	0.5944	0.1220	
0.7498	50634     	0.2614	0.4258	0.5923	0.5923	0.1227	
0.7508	50432     	0.2602	0.4249	0.5908	0.5908	0.1233	
0.7518	50230     	0.2598	0.4241	0.5894	0.5894	0.1238	
0.7528	50028     	0.2587	0.4228	0.5871	0.5871	0.1246	
0.7537	49826     	0.2584	0.4222	0.5858	0.5858	0.1251	
0.7547	49624     	0.2579	0.4213	0.5842	0.5842	0.1257	
0.7557	49422     	0.2568	0.4202	0.5825	0.5825	0.1264	
0.7567	49220     	0.2561	0.4195	0.5813	0.5813	0.1268	
0.7577	49018     	0.2557	0.4183	0.5791	0.5791	0.1277	
0.7587	48816     	0.2552	0.4176	0.5777	0.5777	0.1282	
0.7597	48614     	0.2546	0.4168	0.5761	0.5761	0.1288	
0.7607	48412     	0.2541	0.4160	0.5745	0.5745	0.1294	
0.7617	48210     	0.2536	0.4151	0.5727	0.5727	0.1301	
0.7627	48008     	0.2533	0.4144	0.5711	0.5711	0.1307	
0.7637	47806     	0.2528	0.4135	0.5695	0.5695	0.1313	
0.7647	47604     	0.2512	0.4123	0.5678	0.5678	0.1320	
0.7657	47402     	0.2500	0.4113	0.5664	0.5664	0.1325	
0.7667	47200     	0.2486	0.4100	0.5642	0.5642	0.1333	
0.7677	46998     	0.2481	0.4091	0.5625	0.5625	0.1340	
0.7687	46796     	0.2478	0.4084	0.5612	0.5612	0.1345	
0.7697	46594     	0.2462	0.4070	0.5591	0.5591	0.1353	
0.7707	46392     	0.2457	0.4060	0.5575	0.5575	0.1359	
0.7717	46190     	0.2455	0.4056	0.5564	0.5564	0.1364	
0.7727	45988     	0.2446	0.4045	0.5546	0.5546	0.1370	
0.7737	45786     	0.2433	0.4033	0.5525	0.5525	0.1378	
0.7747	45584     	0.2430	0.4025	0.5510	0.5510	0.1384	
0.7757	45382     	0.2424	0.4017	0.5493	0.5493	0.1391	
0.7767	45180     	0.2418	0.4009	0.5478	0.5478	0.1397	
0.7777	44978     	0.2405	0.3995	0.5458	0.5458	0.1405	
0.7787	44776     	0.2404	0.3989	0.5441	0.5441	0.1412	
0.7797	44574     	0.2400	0.3978	0.5421	0.5421	0.1419	
0.7807	44372     	0.2389	0.3967	0.5405	0.5405	0.1426	
0.7817	44170     	0.2385	0.3960	0.5388	0.5388	0.1432	
0.7827	43968     	0.2379	0.3951	0.5372	0.5372	0.1439	
0.7837	43766     	0.2373	0.3941	0.5355	0.5355	0.1446	
0.7847	43564     	0.2371	0.3934	0.5336	0.5336	0.1453	
0.7857	43362     	0.2365	0.3925	0.5319	0.5319	0.1460	
0.7867	43160     	0.2347	0.3912	0.5302	0.5302	0.1467	
0.7877	42958     	0.2343	0.3903	0.5282	0.5282	0.1475	
0.7887	42756     	0.2331	0.3892	0.5263	0.5263	0.1482	
0.7897	42554     	0.2329	0.3884	0.5245	0.5245	0.1490	
0.7907	42352     	0.2313	0.3869	0.5224	0.5224	0.1499	
0.7917	42150     	0.2303	0.3858	0.5205	0.5205	0.1506	
0.7927	41948     	0.2300	0.3848	0.5186	0.5186	0.1514	
0.7937	41746     	0.2296	0.3841	0.5171	0.5171	0.1520	
0.7947	41544     	0.2289	0.3832	0.5150	0.5150	0.1529	
0.7957	41342     	0.2286	0.3824	0.5133	0.5133	0.1536	
0.7967	41140     	0.2281	0.3815	0.5116	0.5116	0.1543	
0.7977	40938     	0.2272	0.3803	0.5093	0.5093	0.1552	
0.7987	40736     	0.2270	0.3795	0.5076	0.5076	0.1559	
0.7997	40534     	0.2265	0.3785	0.5058	0.5058	0.1567	
0.8007	40332     	0.2258	0.3774	0.5038	0.5038	0.1575	
0.8017	40130     	0.2247	0.3762	0.5019	0.5019	0.1583	
0.8027	39928     	0.2244	0.3754	0.5001	0.5001	0.1591	
0.8037	39726     	0.2241	0.3747	0.4983	0.4983	0.1598	
0.8047	39524     	0.2238	0.3739	0.4964	0.4964	0.1606	
0.8057	39322     	0.2234	0.3730	0.4944	0.4944	0.1615	
0.8067	39120     	0.2225	0.3718	0.4923	0.4923	0.1624	
0.8077	38918     	0.2223	0.3710	0.4904	0.4904	0.1632	
0.8087	38716     	0.2218	0.3701	0.4885	0.4885	0.1640	
0.8097	38514     	0.2210	0.3690	0.4862	0.4862	0.1650	
0.8107	38312     	0.2205	0.3681	0.4842	0.4842	0.1658	
0.8117	38110     	0.2199	0.3672	0.4822	0.4822	0.1667	
0.8127	37908     	0.2192	0.3658	0.4799	0.4799	0.1677	
0.8136	37706     	0.2188	0.3647	0.4777	0.4777	0.1686	
0.8146	37504     	0.2185	0.3639	0.4762	0.4762	0.1693	
0.8156	37302     	0.2185	0.3635	0.4751	0.4751	0.1698	
0.8166	37100     	0.2179	0.3624	0.4730	0.4730	0.1707	
0.8176	36898     	0.2173	0.3614	0.4708	0.4708	0.1717	
0.8186	36696     	0.2166	0.3604	0.4689	0.4689	0.1725	
0.8196	36494     	0.2156	0.3592	0.4670	0.4670	0.1733	
0.8206	36292     	0.2139	0.3577	0.4648	0.4648	0.1743	
0.8216	36090     	0.2135	0.3568	0.4629	0.4629	0.1752	
0.8226	35888     	0.2115	0.3552	0.4607	0.4607	0.1761	
0.8236	35686     	0.2110	0.3542	0.4587	0.4587	0.1770	
0.8246	35484     	0.2101	0.3529	0.4568	0.4568	0.1779	
0.8256	35282     	0.2098	0.3520	0.4545	0.4545	0.1789	
0.8266	35080     	0.2087	0.3508	0.4522	0.4522	0.1800	
0.8276	34878     	0.2077	0.3495	0.4499	0.4499	0.1810	
0.8286	34676     	0.2068	0.3484	0.4479	0.4479	0.1819	
0.8296	34474     	0.2048	0.3468	0.4457	0.4457	0.1829	
0.8306	34272     	0.2042	0.3459	0.4437	0.4437	0.1838	
0.8316	34070     	0.2030	0.3445	0.4413	0.4413	0.1850	
0.8326	33868     	0.2020	0.3434	0.4392	0.4392	0.1859	
0.8336	33666     	0.2013	0.3425	0.4373	0.4373	0.1868	
0.8346	33464     	0.2007	0.3415	0.4352	0.4352	0.1878	
0.8356	33262     	0.1991	0.3402	0.4332	0.4332	0.1887	
0.8366	33060     	0.1989	0.3394	0.4312	0.4312	0.1897	
0.8376	32858     	0.1977	0.3382	0.4289	0.4289	0.1907	
0.8386	32656     	0.1973	0.3372	0.4270	0.4270	0.1917	
0.8396	32454     	0.1962	0.3359	0.4244	0.4244	0.1929	
0.8406	32252     	0.1958	0.3349	0.4224	0.4224	0.1938	
0.8416	32050     	0.1952	0.3339	0.4201	0.4201	0.1949	
0.8426	31848     	0.1947	0.3329	0.4180	0.4180	0.1959	
0.8436	31646     	0.1936	0.3316	0.4157	0.4157	0.1970	
0.8446	31444     	0.1929	0.3305	0.4134	0.4134	0.1981	
0.8456	31242     	0.1918	0.3293	0.4111	0.4111	0.1993	
0.8466	31040     	0.1910	0.3281	0.4088	0.4088	0.2004	
0.8476	30838     	0.1854	0.3253	0.4065	0.4065	0.2015	
0.8486	30636     	0.1806	0.3227	0.4037	0.4037	0.2029	
0.8496	30434     	0.1797	0.3217	0.4016	0.4016	0.2039	
0.8506	30232     	0.1790	0.3206	0.3993	0.3993	0.2051	
0.8516	30030     	0.1771	0.3190	0.3968	0.3968	0.2063	
0.8526	29828     	0.1771	0.3180	0.3943	0.3943	0.2076	
0.8536	29626     	0.1764	0.3169	0.3920	0.3920	0.2088	
0.8546	29424     	0.1739	0.3150	0.3894	0.3894	0.2101	
0.8556	29222     	0.1728	0.3138	0.3873	0.3873	0.2111	
0.8566	29020     	0.1721	0.3127	0.3847	0.3847	0.2124	
0.8576	28818     	0.1710	0.3116	0.3826	0.3826	0.2135	
0.8586	28616     	0.1684	0.3097	0.3808	0.3800	0.2149	
0.8596	28414     	0.1616	0.3064	0.3802	0.3775	0.2161	
0.8606	28212     	0.1549	0.3033	0.3801	0.3750	0.2175	
0.8616	28010     	0.1540	0.3022	0.3798	0.3728	0.2186	
0.8626	27808     	0.1521	0.3005	0.3790	0.3705	0.2198	
0.8636	27606     	0.1511	0.2994	0.3787	0.3683	0.2210	
0.8646	27404     	0.1498	0.2980	0.3783	0.3658	0.2223	
0.8656	27202     	0.1484	0.2966	0.3781	0.3632	0.2237	
0.8666	27000     	0.1474	0.2953	0.3778	0.3608	0.2250	
0.8676	26798     	0.1463	0.2942	0.3777	0.3585	0.2262	
0.8686	26596     	0.1444	0.2927	0.3776	0.3561	0.2275	
0.8696	26394     	0.1432	0.2913	0.3774	0.3534	0.2290	
0.8706	26192     	0.1419	0.2900	0.3771	0.3509	0.2303	
0.8716	25990     	0.1406	0.2885	0.3765	0.3483	0.2318	
0.8725	25788     	0.1402	0.2873	0.3759	0.3459	0.2331	
0.8735	25586     	0.1391	0.2860	0.3755	0.3433	0.2346	
0.8745	25384     	0.1379	0.2846	0.3752	0.3407	0.2360	
0.8755	25182     	0.1366	0.2834	0.3751	0.3384	0.2373	
0.8765	24980     	0.1355	0.2819	0.3744	0.3358	0.2388	
0.8775	24778     	0.1344	0.2805	0.3738	0.3332	0.2402	
0.8785	24576     	0.1328	0.2788	0.3732	0.3305	0.2418	
0.8795	24374     	0.1324	0.2777	0.3726	0.3281	0.2432	
0.8805	24172     	0.1314	0.2764	0.3721	0.3256	0.2446	
0.8815	23970     	0.1303	0.2749	0.3716	0.3229	0.2462	
0.8825	23768     	0.1290	0.2735	0.3713	0.3203	0.2477	
0.8835	23566     	0.1274	0.2719	0.3706	0.3176	0.2493	
0.8845	23364     	0.1263	0.2705	0.3702	0.3149	0.2509	
0.8855	23162     	0.1252	0.2691	0.3697	0.3123	0.2524	
0.8865	22960     	0.1235	0.2675	0.3695	0.3096	0.2540	
0.8875	22758     	0.1227	0.2664	0.3692	0.3072	0.2555	
0.8885	22556     	0.1215	0.2649	0.3687	0.3046	0.2571	
0.8895	22354     	0.1207	0.2637	0.3683	0.3021	0.2586	
0.8905	22152     	0.1197	0.2622	0.3676	0.2993	0.2603	
0.8915	21950     	0.1193	0.2613	0.3675	0.2973	0.2616	
0.8925	21748     	0.1180	0.2599	0.3670	0.2946	0.2633	
0.8935	21546     	0.1170	0.2584	0.3662	0.2921	0.2648	
0.8945	21344     	0.1165	0.2574	0.3661	0.2896	0.2664	
0.8955	21142     	0.1149	0.2560	0.3661	0.2870	0.2681	
0.8965	20940     	0.1139	0.2547	0.3658	0.2845	0.2697	
0.8975	20738     	0.1133	0.2535	0.3654	0.2819	0.2713	
0.8985	20536     	0.1128	0.2524	0.3652	0.2793	0.2730	
0.8995	20334     	0.1108	0.2507	0.3649	0.2766	0.2748	
0.9005	20132     	0.1102	0.2496	0.3647	0.2740	0.2765	
0.9015	19930     	0.1091	0.2483	0.3646	0.2712	0.2783	
0.9025	19728     	0.1083	0.2471	0.3644	0.2685	0.2802	
0.9035	19526     	0.1078	0.2459	0.3642	0.2658	0.2820	
0.9045	19324     	0.1070	0.2446	0.3637	0.2631	0.2838	
0.9055	19122     	0.1067	0.2434	0.3634	0.2602	0.2858	
0.9065	18920     	0.1059	0.2422	0.3633	0.2574	0.2877	
0.9075	18718     	0.1051	0.2410	0.3633	0.2547	0.2896	
0.9085	18516     	0.1044	0.2398	0.3632	0.2519	0.2916	
0.9095	18314     	0.1039	0.2387	0.3630	0.2491	0.2935	
0.9105	18112     	0.1033	0.2374	0.3629	0.2462	0.2956	
0.9115	17910     	0.1027	0.2362	0.3626	0.2434	0.2976	
0.9125	17708     	0.1024	0.2352	0.3624	0.2408	0.2995	
0.9135	17506     	0.1015	0.2339	0.3622	0.2381	0.3015	
0.9145	17304     	0.0996	0.2323	0.3620	0.2353	0.3035	
0.9155	17102     	0.0990	0.2311	0.3619	0.2325	0.3056	
0.9165	16900     	0.0985	0.2300	0.3618	0.2298	0.3076	
0.9175	16698     	0.0974	0.2287	0.3617	0.2271	0.3097	
0.9185	16496     	0.0967	0.2276	0.3616	0.2244	0.3117	
0.9195	16294     	0.0963	0.2265	0.3616	0.2216	0.3139	
0.9205	16092     	0.0960	0.2255	0.3616	0.2188	0.3160	
0.9215	15890     	0.0951	0.2242	0.3615	0.2160	0.3183	
0.9225	15688     	0.0948	0.2232	0.3614	0.2134	0.3203	
0.9235	15486     	0.0943	0.2221	0.3613	0.2107	0.3225	
0.9245	15284     	0.0941	0.2211	0.3613	0.2079	0.3247	
0.9255	15082     	0.0938	0.2200	0.3611	0.2052	0.3270	
0.9265	14880     	0.0927	0.2187	0.3610	0.2024	0.3292	
0.9275	14678     	0.0923	0.2176	0.3610	0.1996	0.3316	
0.9285	14476     	0.0917	0.2164	0.3609	0.1967	0.3340	
0.9295	14274     	0.0913	0.2153	0.3608	0.1938	0.3365	
0.9305	14072     	0.0911	0.2142	0.3608	0.1909	0.3390	
0.9315	13870     	0.0906	0.2131	0.3607	0.1879	0.3416	
0.9324	13668     	0.0902	0.2119	0.3606	0.1849	0.3442	
0.9334	13466     	0.0902	0.2109	0.3605	0.1819	0.3469	
0.9344	13264     	0.0901	0.2098	0.3605	0.1789	0.3496	
0.9354	13062     	0.0896	0.2087	0.3604	0.1761	0.3522	
0.9364	12860     	0.0894	0.2076	0.3604	0.1730	0.3551	
0.9374	12658     	0.0888	0.2063	0.3604	0.1697	0.3581	
0.9384	12456     	0.0887	0.2053	0.3604	0.1667	0.3610	
0.9394	12254     	0.0882	0.2040	0.3604	0.1633	0.3643	
0.9404	12052     	0.0874	0.2026	0.3604	0.1599	0.3676	
0.9414	11850     	0.0868	0.2012	0.3604	0.1566	0.3710	
0.9424	11648     	0.0863	0.2000	0.3604	0.1533	0.3743	
0.9434	11446     	0.0858	0.1987	0.3603	0.1499	0.3778	
0.9444	11244     	0.0853	0.1973	0.3602	0.1464	0.3814	
0.9454	11042     	0.0846	0.1959	0.3601	0.1428	0.3853	
0.9464	10840     	0.0844	0.1946	0.3601	0.1393	0.3891	
0.9474	10638     	0.0844	0.1917	0.3529	0.1376	0.3909	
0.9484	10436     	0.0842	0.1886	0.3457	0.1359	0.3929	
0.9494	10234     	0.0839	0.1855	0.3387	0.1340	0.3949	
0.9504	10032     	0.0839	0.1826	0.3316	0.1323	0.3969	
0.9514	9830      	0.0838	0.1795	0.3244	0.1305	0.3990	
0.9524	9628      	0.0837	0.1765	0.3173	0.1286	0.4011	
0.9534	9426      	0.0837	0.1735	0.3101	0.1269	0.4032	
0.9544	9224      	0.0833	0.1704	0.3031	0.1249	0.4055	
0.9554	9022      	0.0825	0.1672	0.2963	0.1229	0.4079	
0.9564	8820      	0.0820	0.1641	0.2895	0.1208	0.4104	
0.9574	8618      	0.0819	0.1611	0.2824	0.1190	0.4127	
0.9584	8416      	0.0813	0.1580	0.2758	0.1169	0.4153	
0.9594	8214      	0.0812	0.1550	0.2690	0.1148	0.4179	
0.9604	8012      	0.0810	0.1520	0.2621	0.1128	0.4205	
0.9614	7810      	0.0807	0.1489	0.2555	0.1106	0.4234	
0.9624	7608      	0.0807	0.1459	0.2486	0.1084	0.4261	
0.9634	7406      	0.0804	0.1428	0.2418	0.1062	0.4291	
0.9644	7204      	0.0803	0.1397	0.2349	0.1039	0.4322	
0.9654	7002      	0.0802	0.1364	0.2274	0.1018	0.4351	
0.9664	6800      	0.0802	0.1333	0.2202	0.0996	0.4383	
0.9674	6598      	0.0802	0.1301	0.2127	0.0974	0.4414	
0.9684	6396      	0.0802	0.1268	0.2053	0.0950	0.4448	
0.9694	6194      	0.0802	0.1236	0.1977	0.0927	0.4482	
0.9704	5992      	0.0801	0.1203	0.1905	0.0903	0.4518	
0.9714	5790      	0.0800	0.1171	0.1834	0.0878	0.4556	
0.9724	5588      	0.0794	0.1136	0.1763	0.0852	0.4597	
0.9734	5386      	0.0794	0.1103	0.1689	0.0827	0.4637	
0.9744	5184      	0.0794	0.1070	0.1613	0.0802	0.4678	
0.9754	4982      	0.0776	0.1037	0.1541	0.0776	0.4723	
0.9764	4780      	0.0748	0.1004	0.1469	0.0748	0.4769	
0.9774	4578      	0.0722	0.0970	0.1395	0.0722	0.4817	
0.9784	4376      	0.0695	0.0935	0.1318	0.0695	0.4866	
0.9794	4174      	0.0667	0.0900	0.1240	0.0667	0.4918	
0.9804	3972      	0.0638	0.0865	0.1163	0.0638	0.4974	
0.9814	3770      	0.0608	0.0829	0.1086	0.0608	0.5034	
0.9824	3568      	0.0578	0.0792	0.1005	0.0578	0.5096	
0.9834	3366      	0.0547	0.0754	0.0923	0.0547	0.5163	
0.9844	3164      	0.0515	0.0716	0.0839	0.0515	0.5236	
0.9854	2962      	0.0487	0.0673	0.0772	0.0487	0.5301	
0.9864	2760      	0.0463	0.0627	0.0714	0.0463	0.5361	
0.9874	2558      	0.0437	0.0581	0.0657	0.0437	0.5427	
0.9884	2356      	0.0414	0.0537	0.0601	0.0414	0.5489	
0.9894	2154      	0.0389	0.0498	0.0554	0.0389	0.5560	
0.9904	1952      	0.0363	0.0457	0.0505	0.0363	0.5636	
0.9914	1750      	0.0335	0.0416	0.0459	0.0335	0.5722	
0.9923	1548      	0.0305	0.0374	0.0412	0.0305	0.5820	
0.9933	1346      	0.0273	0.0332	0.0365	0.0273	0.5934	
0.9943	1144      	0.0240	0.0288	0.0318	0.0240	0.6065	
0.9953	942       	0.0204	0.0244	0.0272	0.0204	0.6220	
0.9963	740       	0.0166	0.0196	0.0218	0.0166	0.6412	
0.9973	538       	0.0125	0.0148	0.0166	0.0125	0.6656	
0.9983	336       	0.0085	0.0099	0.0111	0.0085	0.6964	
0.9993	134       	0.0040	0.0043	0.0047	0.0043	0.7440	
1.0000	0         	0.0000	0.0000	0.0000	0.0000	1.0000	
