# Prop_landscape_lost  cost_needed_for_top_fraction  min_prop_rem  ave_prop_rem  W_prop_rem  ext-1  ext-2  prop_for_each_biodiversity_feature_(e.g._species)_remaining_at_level_of_removal...
0.00001  2.0221e+005  1.00001 1.00001 1.00001   -0.00000 -0.00000   1.000 1.000 
0.00101  2.02e+005   0.98635 0.99318 1.00001   0.00086 -0.00000   1.000 0.986 
0.00201  2.018e+005  0.98595 0.99298 1.00001   0.00059 -0.00000   1.000 0.986 
0.00301  2.016e+005  0.98564 0.99283 1.00001   0.00045 -0.00000   1.000 0.986 
0.00401  2.014e+005  0.98532 0.99267 1.00001   0.00037 -0.00000   1.000 0.985 
0.00500  2.012e+005  0.98532 0.99267 1.00001   0.00031 -0.00000   1.000 0.985 
0.00600  2.0099e+005  0.98517 0.99259 1.00001   0.00027 -0.00000   1.000 0.985 
0.00700  2.0079e+005  0.98470 0.99235 1.00001   0.00024 -0.00000   1.000 0.985 
0.00800  2.0059e+005  0.98391 0.99196 1.00001   0.00022 -0.00000   1.000 0.984 
0.00900  2.0039e+005  0.98336 0.99169 1.00001   0.00021 -0.00000   1.000 0.983 
0.01000  2.0019e+005  0.98234 0.99118 1.00001   0.00020 -0.00000   1.000 0.982 
0.01100  1.9998e+005  0.98148 0.99074 1.00001   0.00019 -0.00000   1.000 0.981 
0.01200  1.9978e+005  0.98061 0.99031 1.00001   0.00019 -0.00000   1.000 0.981 
0.01300  1.9958e+005  0.98014 0.99008 1.00001   0.00018 -0.00000   1.000 0.980 
0.01400  1.9938e+005  0.98006 0.99004 1.00001   0.00017 -0.00000   1.000 0.980 
0.01499  1.9918e+005  0.97991 0.98996 1.00001   0.00016 -0.00000   1.000 0.980 
0.01599  1.9897e+005  0.97991 0.98996 1.00001   0.00015 -0.00000   1.000 0.980 
0.01699  1.9877e+005  0.97983 0.98992 1.00001   0.00014 -0.00000   1.000 0.980 
0.01799  1.9857e+005  0.97967 0.98984 1.00001   0.00013 -0.00000   1.000 0.980 
0.01899  1.9837e+005  0.97951 0.98976 1.00001   0.00013 -0.00000   1.000 0.980 
0.01999  1.9817e+005  0.97951 0.98976 1.00001   0.00012 -0.00000   1.000 0.980 
0.02099  1.9796e+005  0.97936 0.98968 1.00000   0.00012 -0.00000   1.000 0.979 
0.02199  1.9776e+005  0.97920 0.98960 1.00000   0.00011 -0.00000   1.000 0.979 
0.02299  1.9756e+005  0.97896 0.98948 1.00000   0.00011 -0.00000   1.000 0.979 
0.02399  1.9736e+005  0.97857 0.98929 1.00000   0.00011 0.00000   1.000 0.979 
0.02498  1.9716e+005  0.97810 0.98905 1.00000   0.00011 0.00000   1.000 0.978 
0.02598  1.9695e+005  0.97787 0.98893 0.99999   0.00010 0.00000   1.000 0.978 
0.02698  1.9675e+005  0.97771 0.98885 0.99999   0.00010 0.00000   1.000 0.978 
0.02798  1.9655e+005  0.97755 0.98877 0.99999   0.00010 0.00000   1.000 0.978 
0.02898  1.9635e+005  0.97732 0.98865 0.99999   0.00010 0.00000   1.000 0.977 
0.02998  1.9615e+005  0.97724 0.98861 0.99998   0.00009 0.00000   1.000 0.977 
0.03098  1.9594e+005  0.97684 0.98841 0.99998   0.00009 0.00001   1.000 0.977 
0.03198  1.9574e+005  0.97677 0.98837 0.99998   0.00009 0.00001   1.000 0.977 
0.03298  1.9554e+005  0.97661 0.98829 0.99997   0.00009 0.00001   1.000 0.977 
0.03397  1.9534e+005  0.97637 0.98817 0.99997   0.00009 0.00001   1.000 0.976 
0.03497  1.9514e+005  0.97606 0.98801 0.99996   0.00008 0.00001   1.000 0.976 
0.03597  1.9493e+005  0.97590 0.98793 0.99996   0.00008 0.00001   1.000 0.976 
0.03697  1.9473e+005  0.97590 0.98793 0.99996   0.00008 0.00001   1.000 0.976 
0.03797  1.9453e+005  0.97590 0.98793 0.99996   0.00008 0.00001   1.000 0.976 
0.03897  1.9433e+005  0.97590 0.98793 0.99996   0.00008 0.00001   1.000 0.976 
0.03997  1.9413e+005  0.97590 0.98793 0.99996   0.00007 0.00001   1.000 0.976 
0.04097  1.9392e+005  0.97582 0.98789 0.99996   0.00007 0.00001   1.000 0.976 
0.04197  1.9372e+005  0.97582 0.98789 0.99996   0.00007 0.00001   1.000 0.976 
0.04297  1.9352e+005  0.97582 0.98789 0.99996   0.00007 0.00001   1.000 0.976 
0.04396  1.9332e+005  0.97582 0.98789 0.99996   0.00007 0.00001   1.000 0.976 
0.04496  1.9312e+005  0.97582 0.98789 0.99996   0.00007 0.00001   1.000 0.976 
0.04596  1.9291e+005  0.97582 0.98789 0.99996   0.00006 0.00001   1.000 0.976 
0.04696  1.9271e+005  0.97574 0.98785 0.99996   0.00006 0.00001   1.000 0.976 
0.04796  1.9251e+005  0.97574 0.98785 0.99996   0.00006 0.00001   1.000 0.976 
0.04896  1.9231e+005  0.97551 0.98773 0.99996   0.00006 0.00001   1.000 0.976 
0.04996  1.9211e+005  0.97441 0.98718 0.99996   0.00006 0.00001   1.000 0.974 
0.05096  1.919e+005  0.97284 0.98640 0.99996   0.00007 0.00001   1.000 0.973 
0.05196  1.917e+005  0.97174 0.98585 0.99996   0.00007 0.00001   1.000 0.972 
0.05296  1.915e+005  0.97064 0.98530 0.99996   0.00007 0.00001   1.000 0.971 
0.05395  1.913e+005  0.96970 0.98483 0.99995   0.00007 0.00001   1.000 0.970 
0.05495  1.911e+005  0.96868 0.98431 0.99995   0.00007 0.00001   1.000 0.969 
0.05595  1.9089e+005  0.96774 0.98384 0.99995   0.00007 0.00001   1.000 0.968 
0.05695  1.9069e+005  0.96679 0.98337 0.99995   0.00007 0.00001   1.000 0.967 
0.05795  1.9049e+005  0.96562 0.98278 0.99994   0.00007 0.00001   1.000 0.966 
0.05895  1.9029e+005  0.96499 0.98246 0.99994   0.00007 0.00002   1.000 0.965 
0.05995  1.9009e+005  0.96483 0.98238 0.99994   0.00007 0.00002   1.000 0.965 
0.06095  1.8988e+005  0.96483 0.98238 0.99994   0.00007 0.00002   1.000 0.965 
0.06195  1.8968e+005  0.96428 0.98211 0.99993   0.00007 0.00002   1.000 0.964 
0.06295  1.8948e+005  0.96365 0.98179 0.99993   0.00007 0.00002   1.000 0.964 
0.06394  1.8928e+005  0.96326 0.98159 0.99992   0.00007 0.00002   1.000 0.963 
0.06494  1.8908e+005  0.96287 0.98139 0.99992   0.00007 0.00002   1.000 0.963 
0.06594  1.8887e+005  0.96240 0.98115 0.99991   0.00007 0.00002   1.000 0.962 
0.06694  1.8867e+005  0.96224 0.98107 0.99991   0.00007 0.00002   1.000 0.962 
0.06794  1.8847e+005  0.96185 0.98087 0.99990   0.00007 0.00002   1.000 0.962 
0.06894  1.8827e+005  0.96137 0.98064 0.99990   0.00007 0.00003   1.000 0.961 
0.06994  1.8807e+005  0.96106 0.98047 0.99989   0.00007 0.00003   1.000 0.961 
0.07094  1.8786e+005  0.96083 0.98035 0.99988   0.00007 0.00003   1.000 0.961 
0.07194  1.8766e+005  0.96059 0.98023 0.99988   0.00007 0.00003   1.000 0.961 
0.07293  1.8746e+005  0.96035 0.98011 0.99987   0.00007 0.00003   1.000 0.960 
0.07393  1.8726e+005  0.96004 0.97995 0.99986   0.00007 0.00003   1.000 0.960 
0.07493  1.8706e+005  0.95973 0.97979 0.99986   0.00007 0.00004   1.000 0.960 
0.07593  1.8685e+005  0.95949 0.97967 0.99985   0.00007 0.00004   1.000 0.959 
0.07693  1.8665e+005  0.95918 0.97951 0.99984   0.00007 0.00004   1.000 0.959 
0.07793  1.8645e+005  0.95894 0.97939 0.99983   0.00007 0.00004   1.000 0.959 
0.07893  1.8625e+005  0.95871 0.97927 0.99983   0.00007 0.00004   1.000 0.959 
0.07993  1.8605e+005  0.95855 0.97918 0.99982   0.00007 0.00005   1.000 0.959 
0.08093  1.8584e+005  0.95792 0.97886 0.99981   0.00007 0.00005   1.000 0.958 
0.08193  1.8564e+005  0.95761 0.97870 0.99980   0.00007 0.00005   1.000 0.958 
0.08292  1.8544e+005  0.95737 0.97858 0.99979   0.00006 0.00005   1.000 0.957 
0.08392  1.8524e+005  0.95690 0.97834 0.99978   0.00006 0.00005   1.000 0.957 
0.08492  1.8504e+005  0.95643 0.97810 0.99977   0.00006 0.00006   1.000 0.956 
0.08592  1.8483e+005  0.95596 0.97786 0.99976   0.00006 0.00006   1.000 0.956 
0.08692  1.8463e+005  0.95556 0.97766 0.99975   0.00006 0.00006   1.000 0.956 
0.08792  1.8443e+005  0.95501 0.97738 0.99974   0.00006 0.00006   1.000 0.955 
0.08892  1.8423e+005  0.95446 0.97710 0.99973   0.00006 0.00007   1.000 0.954 
0.08992  1.8403e+005  0.95407 0.97690 0.99972   0.00006 0.00007   1.000 0.954 
0.09092  1.8382e+005  0.95368 0.97670 0.99971   0.00006 0.00007   1.000 0.954 
0.09192  1.8362e+005  0.95297 0.97634 0.99970   0.00006 0.00007   1.000 0.953 
0.09291  1.8342e+005  0.95234 0.97602 0.99969   0.00006 0.00008   1.000 0.952 
0.09391  1.8322e+005  0.95179 0.97574 0.99968   0.00007 0.00008   1.000 0.952 
0.09491  1.8302e+005  0.95101 0.97534 0.99967   0.00007 0.00008   1.000 0.951 
0.09591  1.8281e+005  0.95062 0.97514 0.99965   0.00007 0.00009   1.000 0.951 
0.09691  1.8261e+005  0.95007 0.97485 0.99964   0.00007 0.00009   1.000 0.950 
0.09791  1.8241e+005  0.94967 0.97465 0.99963   0.00007 0.00009   1.000 0.950 
0.09891  1.8221e+005  0.94936 0.97449 0.99961   0.00007 0.00010   1.000 0.949 
0.09991  1.8201e+005  0.94881 0.97421 0.99960   0.00007 0.00010   1.000 0.949 
0.10091  1.818e+005  0.94850 0.97404 0.99959   0.00006 0.00010   1.000 0.948 
0.10190  1.816e+005  0.94795 0.97376 0.99957   0.00006 0.00011   1.000 0.948 
0.10290  1.814e+005  0.94740 0.97348 0.99956   0.00007 0.00011   1.000 0.947 
0.10390  1.812e+005  0.94732 0.97343 0.99955   0.00006 0.00011   1.000 0.947 
0.10490  1.81e+005   0.94685 0.97319 0.99953   0.00006 0.00012   1.000 0.947 
0.10590  1.8079e+005  0.94661 0.97307 0.99952   0.00006 0.00012   1.000 0.947 
0.10690  1.8059e+005  0.94606 0.97278 0.99950   0.00006 0.00012   1.000 0.946 
0.10790  1.8039e+005  0.94567 0.97258 0.99949   0.00006 0.00013   0.999 0.946 
0.10890  1.8019e+005  0.94488 0.97218 0.99947   0.00006 0.00013   0.999 0.945 
0.10990  1.7999e+005  0.94394 0.97170 0.99945   0.00007 0.00014   0.999 0.944 
0.11090  1.7978e+005  0.94324 0.97134 0.99944   0.00007 0.00014   0.999 0.943 
0.11189  1.7958e+005  0.94261 0.97101 0.99942   0.00007 0.00015   0.999 0.943 
0.11289  1.7938e+005  0.94167 0.97053 0.99940   0.00007 0.00015   0.999 0.942 
0.11389  1.7918e+005  0.94057 0.96997 0.99938   0.00007 0.00015   0.999 0.941 
0.11489  1.7898e+005  0.94002 0.96969 0.99936   0.00007 0.00016   0.999 0.940 
0.11589  1.7877e+005  0.93907 0.96921 0.99934   0.00007 0.00016   0.999 0.939 
0.11689  1.7857e+005  0.93829 0.96881 0.99932   0.00007 0.00017   0.999 0.938 
0.11789  1.7837e+005  0.93766 0.96848 0.99930   0.00007 0.00017   0.999 0.938 
0.11889  1.7817e+005  0.93664 0.96796 0.99928   0.00007 0.00018   0.999 0.937 
0.11989  1.7797e+005  0.93562 0.96744 0.99926   0.00007 0.00018   0.999 0.936 
0.12089  1.7776e+005  0.93452 0.96688 0.99924   0.00007 0.00019   0.999 0.935 
0.12188  1.7756e+005  0.93381 0.96651 0.99922   0.00007 0.00020   0.999 0.934 
0.12288  1.7736e+005  0.93287 0.96603 0.99919   0.00007 0.00020   0.999 0.933 
0.12388  1.7716e+005  0.93224 0.96571 0.99917   0.00007 0.00021   0.999 0.932 
0.12488  1.7696e+005  0.93161 0.96538 0.99915   0.00007 0.00021   0.999 0.932 
0.12588  1.7675e+005  0.93044 0.96478 0.99912   0.00007 0.00022   0.999 0.930 
0.12688  1.7655e+005  0.92997 0.96453 0.99910   0.00007 0.00023   0.999 0.930 
0.12788  1.7635e+005  0.92965 0.96436 0.99907   0.00007 0.00023   0.999 0.930 
0.12888  1.7615e+005  0.92918 0.96411 0.99905   0.00007 0.00024   0.999 0.929 
0.12988  1.7595e+005  0.92839 0.96371 0.99902   0.00007 0.00024   0.999 0.928 
0.13088  1.7574e+005  0.92722 0.96311 0.99900   0.00007 0.00025   0.999 0.927 
0.13187  1.7554e+005  0.92667 0.96282 0.99897   0.00007 0.00026   0.999 0.927 
0.13287  1.7534e+005  0.92580 0.96237 0.99894   0.00007 0.00027   0.999 0.926 
0.13387  1.7514e+005  0.92478 0.96185 0.99891   0.00007 0.00027   0.999 0.925 
0.13487  1.7494e+005  0.92400 0.96144 0.99888   0.00007 0.00028   0.999 0.924 
0.13587  1.7473e+005  0.92321 0.96103 0.99885   0.00007 0.00029   0.999 0.923 
0.13687  1.7453e+005  0.92235 0.96059 0.99882   0.00007 0.00029   0.999 0.922 
0.13787  1.7433e+005  0.92164 0.96022 0.99879   0.00007 0.00030   0.999 0.922 
0.13887  1.7413e+005  0.92109 0.95993 0.99876   0.00007 0.00031   0.999 0.921 
0.13987  1.7393e+005  0.92023 0.95948 0.99873   0.00007 0.00032   0.999 0.920 
0.14086  1.7372e+005  0.91944 0.95907 0.99870   0.00007 0.00033   0.999 0.919 
0.14186  1.7352e+005  0.91842 0.95854 0.99866   0.00007 0.00033   0.999 0.918 
0.14286  1.7332e+005  0.91740 0.95802 0.99863   0.00008 0.00034   0.999 0.917 
0.14386  1.7312e+005  0.91677 0.95769 0.99860   0.00008 0.00035   0.999 0.917 
0.14486  1.7292e+005  0.91646 0.95752 0.99857   0.00008 0.00036   0.999 0.916 
0.14586  1.7271e+005  0.91560 0.95707 0.99854   0.00008 0.00037   0.999 0.916 
0.14686  1.7251e+005  0.91481 0.95666 0.99850   0.00008 0.00037   0.999 0.915 
0.14786  1.7231e+005  0.91426 0.95636 0.99847   0.00008 0.00038   0.998 0.914 
0.14886  1.7211e+005  0.91355 0.95599 0.99843   0.00008 0.00039   0.998 0.914 
0.14986  1.7191e+005  0.91269 0.95554 0.99839   0.00008 0.00040   0.998 0.913 
0.15085  1.717e+005  0.91222 0.95529 0.99835   0.00008 0.00041   0.998 0.912 
0.15185  1.715e+005  0.91190 0.95511 0.99832   0.00008 0.00042   0.998 0.912 
0.15285  1.713e+005  0.91159 0.95494 0.99829   0.00008 0.00043   0.998 0.912 
0.15385  1.711e+005  0.91073 0.95449 0.99825   0.00008 0.00044   0.998 0.911 
0.15485  1.709e+005  0.91018 0.95419 0.99821   0.00008 0.00045   0.998 0.910 
0.15585  1.7069e+005  0.90923 0.95370 0.99817   0.00008 0.00046   0.998 0.909 
0.15685  1.7049e+005  0.90845 0.95329 0.99813   0.00008 0.00047   0.998 0.908 
0.15785  1.7029e+005  0.90735 0.95272 0.99808   0.00008 0.00048   0.998 0.907 
0.15885  1.7009e+005  0.90672 0.95238 0.99804   0.00008 0.00049   0.998 0.907 
0.15985  1.6989e+005  0.90578 0.95189 0.99800   0.00008 0.00050   0.998 0.906 
0.16084  1.6968e+005  0.90484 0.95140 0.99795   0.00008 0.00051   0.998 0.905 
0.16184  1.6948e+005  0.90460 0.95126 0.99791   0.00008 0.00052   0.998 0.905 
0.16284  1.6928e+005  0.90358 0.95072 0.99787   0.00008 0.00053   0.998 0.904 
0.16384  1.6908e+005  0.90303 0.95043 0.99783   0.00008 0.00054   0.998 0.903 
0.16484  1.6888e+005  0.90209 0.94993 0.99778   0.00008 0.00056   0.998 0.902 
0.16584  1.6867e+005  0.90162 0.94968 0.99773   0.00008 0.00057   0.998 0.902 
0.16684  1.6847e+005  0.90115 0.94942 0.99769   0.00008 0.00058   0.998 0.901 
0.16784  1.6827e+005  0.90060 0.94912 0.99764   0.00008 0.00059   0.998 0.901 
0.16884  1.6807e+005  0.90013 0.94886 0.99759   0.00008 0.00060   0.998 0.900 
0.16984  1.6787e+005  0.89965 0.94860 0.99754   0.00008 0.00061   0.998 0.900 
0.17083  1.6766e+005  0.89942 0.94846 0.99749   0.00008 0.00063   0.997 0.899 
0.17183  1.6746e+005  0.89848 0.94796 0.99744   0.00008 0.00064   0.997 0.898 
0.17283  1.6726e+005  0.89801 0.94770 0.99739   0.00008 0.00065   0.997 0.898 
0.17383  1.6706e+005  0.89746 0.94740 0.99734   0.00008 0.00067   0.997 0.897 
0.17483  1.6686e+005  0.89683 0.94706 0.99729   0.00008 0.00068   0.997 0.897 
0.17583  1.6665e+005  0.89596 0.94660 0.99724   0.00008 0.00069   0.997 0.896 
0.17683  1.6645e+005  0.89549 0.94634 0.99718   0.00008 0.00071   0.997 0.895 
0.17783  1.6625e+005  0.89494 0.94604 0.99713   0.00008 0.00072   0.997 0.895 
0.17883  1.6605e+005  0.89432 0.94570 0.99708   0.00008 0.00073   0.997 0.894 
0.17982  1.6585e+005  0.89361 0.94532 0.99702   0.00008 0.00075   0.997 0.894 
0.18082  1.6564e+005  0.89329 0.94513 0.99697   0.00008 0.00076   0.997 0.893 
0.18182  1.6544e+005  0.89274 0.94483 0.99691   0.00008 0.00077   0.997 0.893 
0.18282  1.6524e+005  0.89204 0.94445 0.99685   0.00008 0.00079   0.997 0.892 
0.18382  1.6504e+005  0.89117 0.94398 0.99680   0.00008 0.00080   0.997 0.891 
0.18482  1.6484e+005  0.89031 0.94352 0.99674   0.00008 0.00082   0.997 0.890 
0.18582  1.6463e+005  0.88984 0.94326 0.99668   0.00008 0.00083   0.997 0.890 
0.18682  1.6443e+005  0.88937 0.94299 0.99662   0.00008 0.00085   0.997 0.889 
0.18782  1.6423e+005  0.88874 0.94265 0.99656   0.00008 0.00086   0.997 0.889 
0.18882  1.6403e+005  0.88827 0.94238 0.99649   0.00008 0.00088   0.996 0.888 
0.18981  1.6383e+005  0.88756 0.94200 0.99643   0.00008 0.00089   0.996 0.888 
0.19081  1.6362e+005  0.88670 0.94154 0.99637   0.00008 0.00091   0.996 0.887 
0.19181  1.6342e+005  0.88599 0.94115 0.99631   0.00008 0.00092   0.996 0.886 
0.19281  1.6322e+005  0.88536 0.94080 0.99624   0.00008 0.00094   0.996 0.885 
0.19381  1.6302e+005  0.88474 0.94046 0.99618   0.00008 0.00096   0.996 0.885 
0.19481  1.6282e+005  0.88379 0.93995 0.99611   0.00008 0.00097   0.996 0.884 
0.19581  1.6261e+005  0.88309 0.93957 0.99605   0.00008 0.00099   0.996 0.883 
0.19681  1.6241e+005  0.88261 0.93930 0.99598   0.00008 0.00101   0.996 0.883 
0.19781  1.6221e+005  0.88214 0.93903 0.99591   0.00008 0.00102   0.996 0.882 
0.19881  1.6201e+005  0.88167 0.93876 0.99584   0.00008 0.00104   0.996 0.882 
0.19980  1.6181e+005  0.88081 0.93829 0.99577   0.00008 0.00106   0.996 0.881 
0.20080  1.616e+005  0.87963 0.93767 0.99570   0.00008 0.00108   0.996 0.880 
0.20180  1.614e+005  0.87955 0.93759 0.99563   0.00008 0.00109   0.996 0.880 
0.20280  1.612e+005  0.87869 0.93712 0.99556   0.00008 0.00111   0.996 0.879 
0.20380  1.61e+005   0.87798 0.93673 0.99549   0.00008 0.00113   0.995 0.878 
0.20480  1.608e+005  0.87704 0.93623 0.99541   0.00008 0.00115   0.995 0.877 
0.20580  1.6059e+005  0.87618 0.93576 0.99534   0.00008 0.00117   0.995 0.876 
0.20680  1.6039e+005  0.87570 0.93549 0.99527   0.00008 0.00118   0.995 0.876 
0.20780  1.6019e+005  0.87484 0.93502 0.99519   0.00008 0.00120   0.995 0.875 
0.20879  1.5999e+005  0.87429 0.93470 0.99512   0.00008 0.00122   0.995 0.874 
0.20979  1.5979e+005  0.87366 0.93435 0.99504   0.00008 0.00124   0.995 0.874 
0.21079  1.5958e+005  0.87264 0.93380 0.99496   0.00008 0.00126   0.995 0.873 
0.21179  1.5938e+005  0.87217 0.93354 0.99492   0.00008 0.00127   0.995 0.872 
0.21279  1.5918e+005  0.87146 0.93315 0.99484   0.00008 0.00129   0.995 0.871 
0.21379  1.5898e+005  0.87091 0.93284 0.99477   0.00008 0.00131   0.995 0.871 
0.21479  1.5878e+005  0.87052 0.93261 0.99469   0.00008 0.00133   0.995 0.871 
0.21579  1.5857e+005  0.86934 0.93198 0.99461   0.00008 0.00135   0.995 0.869 
0.21679  1.5837e+005  0.86887 0.93170 0.99453   0.00008 0.00137   0.995 0.869 
0.21779  1.5817e+005  0.86856 0.93150 0.99444   0.00008 0.00139   0.994 0.869 
0.21878  1.5797e+005  0.86817 0.93126 0.99436   0.00008 0.00141   0.994 0.868 
0.21978  1.5777e+005  0.86762 0.93095 0.99428   0.00008 0.00143   0.994 0.868 
0.22078  1.5756e+005  0.86707 0.93063 0.99420   0.00008 0.00145   0.994 0.867 
0.22178  1.5736e+005  0.86636 0.93024 0.99411   0.00008 0.00148   0.994 0.866 
0.22278  1.5716e+005  0.86589 0.92996 0.99402   0.00008 0.00150   0.994 0.866 
0.22378  1.5696e+005  0.86526 0.92960 0.99393   0.00008 0.00152   0.994 0.865 
0.22478  1.5676e+005  0.86503 0.92944 0.99385   0.00008 0.00154   0.994 0.865 
0.22578  1.5655e+005  0.86416 0.92896 0.99376   0.00008 0.00156   0.994 0.864 
0.22678  1.5635e+005  0.86330 0.92848 0.99367   0.00008 0.00159   0.994 0.863 
0.22778  1.5615e+005  0.86267 0.92812 0.99357   0.00008 0.00161   0.994 0.863 
0.22877  1.5595e+005  0.86196 0.92772 0.99348   0.00008 0.00163   0.993 0.862 
0.22977  1.5575e+005  0.86094 0.92717 0.99339   0.00008 0.00166   0.993 0.861 
0.23077  1.5554e+005  0.86000 0.92665 0.99329   0.00008 0.00168   0.993 0.860 
0.23177  1.5534e+005  0.85929 0.92625 0.99320   0.00008 0.00170   0.993 0.859 
0.23277  1.5514e+005  0.85890 0.92600 0.99310   0.00008 0.00173   0.993 0.859 
0.23377  1.5494e+005  0.85819 0.92560 0.99300   0.00008 0.00175   0.993 0.858 
0.23477  1.5474e+005  0.85757 0.92523 0.99290   0.00008 0.00178   0.993 0.858 
0.23577  1.5453e+005  0.85717 0.92499 0.99280   0.00008 0.00180   0.993 0.857 
0.23677  1.5433e+005  0.85631 0.92451 0.99270   0.00008 0.00183   0.993 0.856 
0.23777  1.5413e+005  0.85529 0.92394 0.99260   0.00008 0.00185   0.993 0.855 
0.23876  1.5393e+005  0.85435 0.92342 0.99250   0.00008 0.00188   0.992 0.854 
0.23976  1.5373e+005  0.85356 0.92298 0.99239   0.00008 0.00191   0.992 0.854 
0.24076  1.5352e+005  0.85293 0.92261 0.99229   0.00008 0.00193   0.992 0.853 
0.24176  1.5332e+005  0.85254 0.92236 0.99218   0.00008 0.00196   0.992 0.853 
0.24276  1.5312e+005  0.85160 0.92184 0.99208   0.00008 0.00199   0.992 0.852 
0.24376  1.5292e+005  0.85058 0.92127 0.99197   0.00009 0.00201   0.992 0.851 
0.24476  1.5272e+005  0.84995 0.92090 0.99186   0.00009 0.00204   0.992 0.850 
0.24576  1.5251e+005  0.84940 0.92057 0.99175   0.00009 0.00207   0.992 0.849 
0.24676  1.5231e+005  0.84877 0.92020 0.99164   0.00009 0.00210   0.992 0.849 
0.24775  1.5211e+005  0.84799 0.91976 0.99153   0.00009 0.00213   0.992 0.848 
0.24875  1.5191e+005  0.84712 0.91927 0.99141   0.00009 0.00215   0.991 0.847 
0.24975  1.5171e+005  0.84626 0.91878 0.99130   0.00009 0.00218   0.991 0.846 
0.25075  1.515e+005  0.84571 0.91845 0.99118   0.00009 0.00221   0.991 0.846 
0.25175  1.513e+005  0.84508 0.91808 0.99107   0.00009 0.00224   0.991 0.845 
0.25275  1.511e+005  0.84453 0.91774 0.99096   0.00009 0.00227   0.991 0.845 
0.25375  1.509e+005  0.84406 0.91745 0.99084   0.00009 0.00230   0.991 0.844 
0.25475  1.507e+005  0.84343 0.91708 0.99072   0.00009 0.00233   0.991 0.843 
0.25575  1.5049e+005  0.84288 0.91674 0.99060   0.00009 0.00236   0.991 0.843 
0.25675  1.5029e+005  0.84194 0.91621 0.99048   0.00009 0.00239   0.990 0.842 
0.25774  1.5009e+005  0.84076 0.91556 0.99035   0.00009 0.00242   0.990 0.841 
0.25874  1.4989e+005  0.84029 0.91526 0.99023   0.00009 0.00245   0.990 0.840 
0.25974  1.4969e+005  0.83943 0.91476 0.99010   0.00009 0.00248   0.990 0.839 
0.26074  1.4948e+005  0.83880 0.91439 0.98998   0.00009 0.00252   0.990 0.839 
0.26174  1.4928e+005  0.83817 0.91401 0.98985   0.00009 0.00255   0.990 0.838 
0.26274  1.4908e+005  0.83738 0.91355 0.98972   0.00009 0.00258   0.990 0.837 
0.26374  1.4888e+005  0.83621 0.91290 0.98959   0.00009 0.00261   0.990 0.836 
0.26474  1.4868e+005  0.83542 0.91244 0.98946   0.00009 0.00265   0.989 0.835 
0.26574  1.4847e+005  0.83479 0.91206 0.98933   0.00009 0.00268   0.989 0.835 
0.26674  1.4827e+005  0.83409 0.91164 0.98919   0.00009 0.00271   0.989 0.834 
0.26773  1.4807e+005  0.83291 0.91098 0.98906   0.00009 0.00275   0.989 0.833 
0.26873  1.4787e+005  0.83205 0.91048 0.98892   0.00009 0.00278   0.989 0.832 
0.26973  1.4767e+005  0.83142 0.91010 0.98878   0.00009 0.00282   0.989 0.831 
0.27073  1.4746e+005  0.83047 0.90956 0.98864   0.00009 0.00285   0.989 0.830 
0.27173  1.4726e+005  0.82938 0.90894 0.98850   0.00009 0.00289   0.989 0.829 
0.27273  1.4706e+005  0.82867 0.90851 0.98836   0.00009 0.00292   0.988 0.829 
0.27373  1.4686e+005  0.82780 0.90801 0.98822   0.00009 0.00296   0.988 0.828 
0.27473  1.4666e+005  0.82733 0.90770 0.98807   0.00009 0.00299   0.988 0.827 
0.27573  1.4645e+005  0.82623 0.90708 0.98793   0.00009 0.00303   0.988 0.826 
0.27672  1.4625e+005  0.82600 0.90690 0.98779   0.00009 0.00307   0.988 0.826 
0.27772  1.4605e+005  0.82506 0.90635 0.98765   0.00009 0.00310   0.988 0.825 
0.27872  1.4585e+005  0.82427 0.90588 0.98750   0.00009 0.00314   0.987 0.824 
0.27972  1.4565e+005  0.82396 0.90565 0.98734   0.00009 0.00318   0.987 0.824 
0.28072  1.4544e+005  0.82309 0.90514 0.98719   0.00009 0.00322   0.987 0.823 
0.28172  1.4524e+005  0.82270 0.90487 0.98704   0.00009 0.00326   0.987 0.823 
0.28272  1.4504e+005  0.82168 0.90429 0.98691   0.00009 0.00329   0.987 0.822 
0.28372  1.4484e+005  0.82137 0.90406 0.98675   0.00009 0.00333   0.987 0.821 
0.28472  1.4464e+005  0.82105 0.90382 0.98659   0.00009 0.00337   0.987 0.821 
0.28572  1.4443e+005  0.81995 0.90319 0.98643   0.00009 0.00341   0.986 0.820 
0.28671  1.4423e+005  0.81932 0.90280 0.98628   0.00009 0.00345   0.986 0.819 
0.28771  1.4403e+005  0.81909 0.90260 0.98611   0.00009 0.00349   0.986 0.819 
0.28871  1.4383e+005  0.81877 0.90236 0.98595   0.00009 0.00353   0.986 0.819 
0.28971  1.4363e+005  0.81807 0.90193 0.98579   0.00009 0.00357   0.986 0.818 
0.29071  1.4342e+005  0.81736 0.90149 0.98562   0.00009 0.00361   0.986 0.817 
0.29171  1.4322e+005  0.81697 0.90121 0.98546   0.00009 0.00366   0.985 0.817 
0.29271  1.4302e+005  0.81650 0.90089 0.98529   0.00009 0.00370   0.985 0.816 
0.29371  1.4282e+005  0.81548 0.90030 0.98512   0.00009 0.00374   0.985 0.815 
0.29471  1.4262e+005  0.81493 0.89994 0.98495   0.00009 0.00378   0.985 0.815 
0.29571  1.4241e+005  0.81430 0.89954 0.98477   0.00009 0.00383   0.985 0.814 
0.29670  1.4221e+005  0.81343 0.89902 0.98460   0.00009 0.00387   0.985 0.813 
0.29770  1.4201e+005  0.81273 0.89858 0.98443   0.00009 0.00392   0.984 0.813 
0.29870  1.4181e+005  0.81218 0.89827 0.98435   0.00009 0.00393   0.984 0.812 
0.29970  1.4161e+005  0.80872 0.89652 0.98431   0.00009 0.00395   0.984 0.809 
0.30070  1.414e+005  0.80307 0.89365 0.98423   0.00009 0.00397   0.984 0.803 
0.30170  1.412e+005  0.79569 0.88989 0.98409   0.00010 0.00400   0.984 0.796 
0.30270  1.41e+005   0.79365 0.88878 0.98392   0.00010 0.00405   0.984 0.794 
0.30370  1.408e+005  0.79294 0.88834 0.98374   0.00010 0.00409   0.984 0.793 
0.30470  1.406e+005  0.79247 0.88801 0.98356   0.00010 0.00414   0.984 0.792 
0.30570  1.4039e+005  0.79168 0.88753 0.98337   0.00010 0.00418   0.983 0.792 
0.30669  1.4019e+005  0.79113 0.88716 0.98319   0.00010 0.00423   0.983 0.791 
0.30769  1.3999e+005  0.79043 0.88672 0.98300   0.00010 0.00428   0.983 0.790 
0.30869  1.3979e+005  0.78956 0.88619 0.98282   0.00010 0.00432   0.983 0.790 
0.30969  1.3959e+005  0.78909 0.88586 0.98263   0.00010 0.00437   0.983 0.789 
0.31069  1.3938e+005  0.78831 0.88537 0.98244   0.00010 0.00442   0.982 0.788 
0.31169  1.3918e+005  0.78784 0.88504 0.98225   0.00010 0.00447   0.982 0.788 
0.31269  1.3898e+005  0.78689 0.88448 0.98206   0.00010 0.00452   0.982 0.787 
0.31369  1.3878e+005  0.78634 0.88410 0.98186   0.00010 0.00457   0.982 0.786 
0.31469  1.3858e+005  0.78524 0.88346 0.98167   0.00010 0.00462   0.982 0.785 
0.31568  1.3837e+005  0.78477 0.88312 0.98147   0.00010 0.00467   0.981 0.785 
0.31668  1.3817e+005  0.78415 0.88271 0.98127   0.00010 0.00472   0.981 0.784 
0.31768  1.3797e+005  0.78320 0.88214 0.98107   0.00010 0.00477   0.981 0.783 
0.31868  1.3777e+005  0.78234 0.88160 0.98086   0.00010 0.00482   0.981 0.782 
0.31968  1.3757e+005  0.78140 0.88103 0.98066   0.00010 0.00487   0.981 0.781 
0.32068  1.3736e+005  0.78069 0.88057 0.98045   0.00010 0.00492   0.980 0.781 
0.32168  1.3716e+005  0.77998 0.88011 0.98024   0.00010 0.00498   0.980 0.780 
0.32268  1.3696e+005  0.77896 0.87950 0.98004   0.00010 0.00503   0.980 0.779 
0.32368  1.3676e+005  0.77841 0.87912 0.97982   0.00010 0.00508   0.980 0.778 
0.32468  1.3656e+005  0.77716 0.87838 0.97961   0.00010 0.00514   0.980 0.777 
0.32567  1.3635e+005  0.77653 0.87796 0.97939   0.00010 0.00519   0.979 0.777 
0.32667  1.3615e+005  0.77551 0.87734 0.97918   0.00010 0.00525   0.979 0.776 
0.32767  1.3595e+005  0.77417 0.87657 0.97896   0.00010 0.00530   0.979 0.774 
0.32867  1.3575e+005  0.77362 0.87618 0.97874   0.00010 0.00536   0.979 0.774 
0.32967  1.3555e+005  0.77276 0.87564 0.97852   0.00010 0.00541   0.979 0.773 
0.33067  1.3534e+005  0.77174 0.87502 0.97829   0.00010 0.00547   0.978 0.772 
0.33167  1.3514e+005  0.77111 0.87459 0.97806   0.00010 0.00553   0.978 0.771 
0.33267  1.3494e+005  0.77048 0.87416 0.97784   0.00010 0.00559   0.978 0.770 
0.33367  1.3474e+005  0.76954 0.87357 0.97761   0.00010 0.00565   0.978 0.770 
0.33467  1.3454e+005  0.76883 0.87310 0.97737   0.00010 0.00571   0.977 0.769 
0.33566  1.3433e+005  0.76852 0.87283 0.97715   0.00010 0.00576   0.977 0.769 
0.33666  1.3413e+005  0.76742 0.87216 0.97691   0.00010 0.00582   0.977 0.767 
0.33766  1.3393e+005  0.76711 0.87191 0.97672   0.00010 0.00587   0.977 0.767 
0.33866  1.3373e+005  0.76593 0.87121 0.97649   0.00010 0.00593   0.976 0.766 
0.33966  1.3353e+005  0.76491 0.87058 0.97625   0.00010 0.00599   0.976 0.765 
0.34066  1.3332e+005  0.76428 0.87014 0.97601   0.00010 0.00605   0.976 0.764 
0.34166  1.3312e+005  0.76357 0.86967 0.97576   0.00010 0.00612   0.976 0.764 
0.34266  1.3292e+005  0.76271 0.86911 0.97552   0.00010 0.00618   0.976 0.763 
0.34366  1.3272e+005  0.76169 0.86848 0.97527   0.00010 0.00624   0.975 0.762 
0.34466  1.3252e+005  0.76161 0.86832 0.97503   0.00010 0.00630   0.975 0.762 
0.34565  1.3231e+005  0.76074 0.86776 0.97478   0.00010 0.00637   0.975 0.761 
0.34665  1.3211e+005  0.75965 0.86709 0.97453   0.00010 0.00643   0.975 0.760 
0.34765  1.3191e+005  0.75878 0.86654 0.97430   0.00010 0.00649   0.974 0.759 
0.34865  1.3171e+005  0.75878 0.86644 0.97409   0.00010 0.00654   0.974 0.759 
0.34965  1.3151e+005  0.75808 0.86597 0.97386   0.00010 0.00660   0.974 0.758 
0.35065  1.313e+005  0.75800 0.86582 0.97365   0.00010 0.00665   0.974 0.758 
0.35165  1.311e+005  0.75658 0.86499 0.97339   0.00010 0.00672   0.973 0.757 
0.35265  1.309e+005  0.75627 0.86471 0.97316   0.00010 0.00678   0.973 0.756 
0.35365  1.307e+005  0.75478 0.86384 0.97289   0.00011 0.00685   0.973 0.755 
0.35464  1.305e+005  0.75415 0.86339 0.97263   0.00011 0.00691   0.973 0.754 
0.35564  1.3029e+005  0.75297 0.86267 0.97237   0.00011 0.00698   0.972 0.753 
0.35664  1.3009e+005  0.75211 0.86210 0.97210   0.00011 0.00705   0.972 0.752 
0.35764  1.2989e+005  0.75093 0.86138 0.97183   0.00011 0.00712   0.972 0.751 
0.35864  1.2969e+005  0.74983 0.86070 0.97156   0.00011 0.00719   0.972 0.750 
0.35964  1.2949e+005  0.74842 0.85985 0.97129   0.00011 0.00726   0.971 0.748 
0.36064  1.2928e+005  0.74732 0.85917 0.97102   0.00011 0.00733   0.971 0.747 
0.36164  1.2908e+005  0.74630 0.85852 0.97074   0.00011 0.00740   0.971 0.746 
0.36264  1.2888e+005  0.74512 0.85779 0.97047   0.00011 0.00747   0.970 0.745 
0.36364  1.2868e+005  0.74386 0.85702 0.97018   0.00011 0.00754   0.970 0.744 
0.36463  1.2848e+005  0.74245 0.85618 0.96990   0.00011 0.00761   0.970 0.742 
0.36563  1.2827e+005  0.74143 0.85552 0.96962   0.00011 0.00768   0.970 0.741 
0.36663  1.2807e+005  0.74033 0.85483 0.96933   0.00011 0.00776   0.969 0.740 
0.36763  1.2787e+005  0.73923 0.85414 0.96904   0.00011 0.00783   0.969 0.739 
0.36863  1.2767e+005  0.73844 0.85360 0.96875   0.00011 0.00790   0.969 0.738 
0.36963  1.2747e+005  0.73734 0.85290 0.96846   0.00011 0.00798   0.968 0.737 
0.37063  1.2726e+005  0.73672 0.85244 0.96817   0.00011 0.00805   0.968 0.737 
0.37163  1.2706e+005  0.73570 0.85179 0.96788   0.00011 0.00813   0.968 0.736 
0.37263  1.2686e+005  0.73475 0.85117 0.96758   0.00011 0.00820   0.968 0.735 
0.37363  1.2666e+005  0.73373 0.85051 0.96728   0.00011 0.00828   0.967 0.734 
0.37462  1.2646e+005  0.73208 0.84953 0.96698   0.00011 0.00836   0.967 0.732 
0.37562  1.2625e+005  0.73059 0.84863 0.96668   0.00011 0.00844   0.967 0.731 
0.37662  1.2605e+005  0.72934 0.84785 0.96637   0.00011 0.00852   0.966 0.729 
0.37762  1.2585e+005  0.72761 0.84683 0.96606   0.00011 0.00860   0.966 0.728 
0.37862  1.2565e+005  0.72596 0.84585 0.96575   0.00011 0.00867   0.966 0.726 
0.37962  1.2545e+005  0.72494 0.84519 0.96544   0.00011 0.00876   0.965 0.725 
0.38062  1.2524e+005  0.72368 0.84440 0.96512   0.00011 0.00884   0.965 0.724 
0.38162  1.2504e+005  0.72195 0.84338 0.96480   0.00011 0.00892   0.965 0.722 
0.38262  1.2484e+005  0.72085 0.84267 0.96449   0.00011 0.00900   0.964 0.721 
0.38361  1.2464e+005  0.71983 0.84201 0.96418   0.00011 0.00908   0.964 0.720 
0.38461  1.2444e+005  0.71818 0.84102 0.96385   0.00011 0.00916   0.964 0.718 
0.38561  1.2423e+005  0.71701 0.84027 0.96353   0.00012 0.00925   0.964 0.717 
0.38661  1.2403e+005  0.71591 0.83955 0.96320   0.00012 0.00933   0.963 0.716 
0.38761  1.2383e+005  0.71504 0.83896 0.96287   0.00012 0.00942   0.963 0.715 
0.38861  1.2363e+005  0.71371 0.83812 0.96253   0.00012 0.00950   0.963 0.714 
0.38961  1.2343e+005  0.71285 0.83752 0.96220   0.00012 0.00959   0.962 0.713 
0.39061  1.2322e+005  0.71222 0.83704 0.96186   0.00012 0.00967   0.962 0.712 
0.39161  1.2302e+005  0.71072 0.83612 0.96152   0.00012 0.00976   0.962 0.711 
0.39261  1.2282e+005  0.70963 0.83540 0.96118   0.00012 0.00985   0.961 0.710 
0.39360  1.2262e+005  0.70876 0.83480 0.96083   0.00012 0.00994   0.961 0.709 
0.39460  1.2242e+005  0.70743 0.83396 0.96048   0.00012 0.01003   0.960 0.707 
0.39560  1.2221e+005  0.70656 0.83335 0.96014   0.00012 0.01012   0.960 0.707 
0.39660  1.2201e+005  0.70570 0.83274 0.95978   0.00012 0.01021   0.960 0.706 
0.39760  1.2181e+005  0.70460 0.83202 0.95944   0.00012 0.01030   0.959 0.705 
0.39860  1.2161e+005  0.70350 0.83129 0.95909   0.00012 0.01039   0.959 0.704 
0.39960  1.2141e+005  0.70334 0.83113 0.95892   0.00012 0.01043   0.959 0.703 
0.40060  1.212e+005  0.70334 0.83100 0.95867   0.00012 0.01050   0.959 0.703 
0.40160  1.21e+005   0.70303 0.83068 0.95833   0.00012 0.01059   0.958 0.703 
0.40260  1.208e+005  0.70138 0.82968 0.95797   0.00012 0.01068   0.958 0.701 
0.40359  1.206e+005  0.70028 0.82895 0.95761   0.00012 0.01077   0.958 0.700 
0.40459  1.204e+005  0.69926 0.82826 0.95725   0.00012 0.01086   0.957 0.699 
0.40559  1.2019e+005  0.69793 0.82741 0.95689   0.00012 0.01096   0.957 0.698 
0.40659  1.1999e+005  0.69706 0.82680 0.95653   0.00012 0.01105   0.957 0.697 
0.40759  1.1979e+005  0.69596 0.82606 0.95616   0.00012 0.01114   0.956 0.696 
0.40859  1.1959e+005  0.69518 0.82549 0.95580   0.00012 0.01124   0.956 0.695 
0.40959  1.1939e+005  0.69423 0.82483 0.95543   0.00012 0.01133   0.955 0.694 
0.41059  1.1918e+005  0.69290 0.82397 0.95505   0.00012 0.01143   0.955 0.693 
0.41159  1.1898e+005  0.69164 0.82316 0.95467   0.00012 0.01153   0.955 0.692 
0.41259  1.1878e+005  0.69078 0.82254 0.95429   0.00012 0.01163   0.954 0.691 
0.41358  1.1858e+005  0.68952 0.82172 0.95391   0.00012 0.01173   0.954 0.690 
0.41458  1.1838e+005  0.68866 0.82110 0.95354   0.00012 0.01182   0.954 0.689 
0.41558  1.1817e+005  0.68780 0.82047 0.95315   0.00012 0.01192   0.953 0.688 
0.41658  1.1797e+005  0.68670 0.81973 0.95276   0.00012 0.01202   0.953 0.687 
0.41758  1.1777e+005  0.68536 0.81887 0.95237   0.00012 0.01213   0.952 0.685 
0.41858  1.1757e+005  0.68450 0.81824 0.95198   0.00012 0.01223   0.952 0.684 
0.41958  1.1737e+005  0.68371 0.81765 0.95159   0.00012 0.01233   0.952 0.684 
0.42058  1.1716e+005  0.68340 0.81730 0.95120   0.00012 0.01243   0.951 0.683 
0.42158  1.1696e+005  0.68198 0.81639 0.95080   0.00012 0.01253   0.951 0.682 
0.42257  1.1676e+005  0.68089 0.81564 0.95040   0.00012 0.01264   0.950 0.681 
0.42357  1.1656e+005  0.67979 0.81489 0.95000   0.00012 0.01274   0.950 0.680 
0.42457  1.1636e+005  0.67877 0.81418 0.94959   0.00012 0.01285   0.950 0.679 
0.42557  1.1615e+005  0.67767 0.81343 0.94918   0.00012 0.01295   0.949 0.678 
0.42657  1.1595e+005  0.67680 0.81279 0.94877   0.00012 0.01306   0.949 0.677 
0.42757  1.1575e+005  0.67570 0.81203 0.94836   0.00012 0.01317   0.948 0.676 
0.42857  1.1555e+005  0.67429 0.81112 0.94795   0.00012 0.01328   0.948 0.674 
0.42957  1.1535e+005  0.67319 0.81036 0.94753   0.00012 0.01338   0.948 0.673 
0.43057  1.1514e+005  0.67233 0.80972 0.94711   0.00012 0.01349   0.947 0.672 
0.43157  1.1494e+005  0.67107 0.80888 0.94669   0.00013 0.01360   0.947 0.671 
0.43256  1.1474e+005  0.66981 0.80804 0.94626   0.00013 0.01371   0.946 0.670 
0.43356  1.1454e+005  0.66871 0.80727 0.94583   0.00013 0.01383   0.946 0.669 
0.43456  1.1434e+005  0.66793 0.80666 0.94540   0.00013 0.01394   0.945 0.668 
0.43556  1.1413e+005  0.66699 0.80598 0.94498   0.00013 0.01405   0.945 0.667 
0.43656  1.1393e+005  0.66667 0.80563 0.94459   0.00013 0.01415   0.945 0.667 
0.43756  1.1373e+005  0.66604 0.80510 0.94415   0.00013 0.01427   0.944 0.666 
0.43856  1.1353e+005  0.66510 0.80441 0.94372   0.00013 0.01438   0.944 0.665 
0.43956  1.1333e+005  0.66416 0.80372 0.94328   0.00013 0.01449   0.943 0.664 
0.44056  1.1312e+005  0.66314 0.80299 0.94284   0.00013 0.01461   0.943 0.663 
0.44156  1.1292e+005  0.66220 0.80230 0.94240   0.00013 0.01472   0.942 0.662 
0.44255  1.1272e+005  0.66070 0.80133 0.94195   0.00013 0.01484   0.942 0.661 
0.44355  1.1252e+005  0.65945 0.80050 0.94156   0.00013 0.01494   0.942 0.659 
0.44455  1.1232e+005  0.65882 0.79998 0.94113   0.00013 0.01505   0.941 0.659 
0.44555  1.1211e+005  0.65749 0.79908 0.94068   0.00013 0.01517   0.941 0.657 
0.44655  1.1191e+005  0.65639 0.79831 0.94023   0.00013 0.01529   0.940 0.656 
0.44755  1.1171e+005  0.65482 0.79729 0.93977   0.00013 0.01541   0.940 0.655 
0.44855  1.1151e+005  0.65387 0.79659 0.93931   0.00013 0.01553   0.939 0.654 
0.44955  1.1131e+005  0.65254 0.79569 0.93884   0.00013 0.01565   0.939 0.653 
0.45055  1.111e+005  0.65207 0.79522 0.93838   0.00013 0.01577   0.938 0.652 
0.45154  1.109e+005  0.65089 0.79440 0.93792   0.00013 0.01589   0.938 0.651 
0.45254  1.107e+005  0.65010 0.79378 0.93745   0.00013 0.01602   0.937 0.650 
0.45354  1.105e+005  0.64916 0.79307 0.93698   0.00013 0.01614   0.937 0.649 
0.45454  1.103e+005  0.64845 0.79248 0.93651   0.00013 0.01627   0.937 0.648 
0.45554  1.1009e+005  0.64751 0.79177 0.93603   0.00013 0.01639   0.936 0.648 
0.45654  1.0989e+005  0.64673 0.79114 0.93555   0.00013 0.01652   0.936 0.647 
0.45754  1.0969e+005  0.64594 0.79051 0.93507   0.00013 0.01664   0.935 0.646 
0.45854  1.0949e+005  0.64500 0.78980 0.93459   0.00013 0.01677   0.935 0.645 
0.45954  1.0929e+005  0.64398 0.78904 0.93411   0.00013 0.01690   0.934 0.644 
0.46054  1.0908e+005  0.64272 0.78817 0.93362   0.00013 0.01703   0.934 0.643 
0.46153  1.0888e+005  0.64194 0.78753 0.93313   0.00013 0.01715   0.933 0.642 
0.46253  1.0868e+005  0.64060 0.78662 0.93264   0.00013 0.01728   0.933 0.641 
0.46353  1.0848e+005  0.63974 0.78594 0.93214   0.00013 0.01741   0.932 0.640 
0.46453  1.0828e+005  0.63887 0.78526 0.93165   0.00013 0.01754   0.932 0.639 
0.46553  1.0807e+005  0.63762 0.78439 0.93116   0.00013 0.01767   0.931 0.638 
0.46653  1.0787e+005  0.63668 0.78368 0.93068   0.00013 0.01780   0.931 0.637 
0.46753  1.0767e+005  0.63566 0.78291 0.93017   0.00013 0.01793   0.930 0.636 
0.46853  1.0747e+005  0.63495 0.78231 0.92966   0.00013 0.01807   0.930 0.635 
0.46953  1.0727e+005  0.63393 0.78154 0.92916   0.00013 0.01820   0.929 0.634 
0.47053  1.0706e+005  0.63354 0.78111 0.92869   0.00013 0.01833   0.929 0.634 
0.47152  1.0686e+005  0.63236 0.78026 0.92817   0.00013 0.01846   0.928 0.632 
0.47252  1.0666e+005  0.63118 0.77942 0.92765   0.00013 0.01860   0.928 0.631 
0.47352  1.0646e+005  0.63024 0.77869 0.92714   0.00013 0.01874   0.927 0.630 
0.47452  1.0626e+005  0.62867 0.77764 0.92661   0.00013 0.01888   0.927 0.629 
0.47552  1.0605e+005  0.62741 0.77675 0.92609   0.00014 0.01901   0.926 0.627 
0.47652  1.0585e+005  0.62663 0.77610 0.92557   0.00014 0.01915   0.926 0.627 
0.47752  1.0565e+005  0.62568 0.77536 0.92504   0.00014 0.01929   0.925 0.626 
0.47852  1.0545e+005  0.62450 0.77451 0.92451   0.00014 0.01943   0.925 0.625 
0.47952  1.0525e+005  0.62341 0.77369 0.92398   0.00014 0.01957   0.924 0.623 
0.48052  1.0504e+005  0.62254 0.77299 0.92344   0.00014 0.01972   0.923 0.623 
0.48151  1.0484e+005  0.62160 0.77225 0.92290   0.00014 0.01986   0.923 0.622 
0.48251  1.0464e+005  0.62042 0.77139 0.92236   0.00014 0.02000   0.922 0.620 
0.48351  1.0444e+005  0.61917 0.77050 0.92183   0.00014 0.02014   0.922 0.619 
0.48451  1.0424e+005  0.61862 0.76995 0.92129   0.00014 0.02029   0.921 0.619 
0.48551  1.0403e+005  0.61736 0.76905 0.92075   0.00014 0.02043   0.921 0.617 
0.48651  1.0383e+005  0.61626 0.76823 0.92020   0.00014 0.02058   0.920 0.616 
0.48751  1.0363e+005  0.61524 0.76744 0.91965   0.00014 0.02072   0.920 0.615 
0.48851  1.0343e+005  0.61422 0.76665 0.91909   0.00014 0.02087   0.919 0.614 
0.48951  1.0323e+005  0.61249 0.76551 0.91853   0.00014 0.02102   0.919 0.612 
0.49050  1.0302e+005  0.61123 0.76460 0.91797   0.00014 0.02117   0.918 0.611 
0.49150  1.0282e+005  0.61037 0.76389 0.91741   0.00014 0.02132   0.917 0.610 
0.49250  1.0262e+005  0.60919 0.76302 0.91684   0.00014 0.02147   0.917 0.609 
0.49350  1.0242e+005  0.60856 0.76243 0.91629   0.00014 0.02162   0.916 0.609 
0.49450  1.0222e+005  0.60715 0.76143 0.91572   0.00014 0.02177   0.916 0.607 
0.49550  1.0201e+005  0.60668 0.76094 0.91519   0.00014 0.02191   0.915 0.607 
0.49650  1.0181e+005  0.60621 0.76042 0.91464   0.00014 0.02206   0.915 0.606 
0.49750  1.0161e+005  0.60519 0.75964 0.91409   0.00014 0.02221   0.914 0.605 
0.49850  1.0141e+005  0.60385 0.75868 0.91351   0.00014 0.02236   0.914 0.604 
0.49950  1.0121e+005  0.60307 0.75800 0.91293   0.00014 0.02252   0.913 0.603 
0.50049  1.01e+005   0.60228 0.75731 0.91235   0.00014 0.02267   0.912 0.602 
0.50149  1.008e+005  0.60173 0.75675 0.91176   0.00014 0.02283   0.912 0.602 
0.50249  1.006e+005  0.60095 0.75606 0.91118   0.00014 0.02299   0.911 0.601 
0.50349  1.004e+005  0.59969 0.75514 0.91059   0.00014 0.02314   0.911 0.600 
0.50449  1.002e+005  0.59867 0.75434 0.91000   0.00014 0.02330   0.910 0.599 
0.50549  99994       0.59765 0.75353 0.90941   0.00014 0.02346   0.909 0.598 
0.50649  99792       0.59631 0.75256 0.90881   0.00014 0.02362   0.909 0.596 
0.50749  99590       0.59553 0.75187 0.90821   0.00014 0.02378   0.908 0.596 
0.50849  99388       0.59451 0.75106 0.90762   0.00014 0.02394   0.908 0.595 
0.50949  99186       0.59310 0.75005 0.90701   0.00014 0.02410   0.907 0.593 
0.51048  98984       0.59200 0.74920 0.90641   0.00014 0.02427   0.906 0.592 
0.51148  98782       0.59090 0.74835 0.90580   0.00014 0.02443   0.906 0.591 
0.51248  98580       0.58980 0.74750 0.90519   0.00014 0.02459   0.905 0.590 
0.51348  98378       0.58838 0.74648 0.90458   0.00014 0.02476   0.905 0.588 
0.51448  98176       0.58752 0.74574 0.90397   0.00014 0.02492   0.904 0.588 
0.51548  97974       0.58689 0.74512 0.90335   0.00014 0.02509   0.903 0.587 
0.51648  97772       0.58587 0.74430 0.90273   0.00015 0.02526   0.903 0.586 
0.51748  97570       0.58485 0.74348 0.90211   0.00015 0.02543   0.902 0.585 
0.51848  97368       0.58312 0.74230 0.90149   0.00015 0.02559   0.901 0.583 
0.51947  97166       0.58171 0.74129 0.90087   0.00015 0.02576   0.901 0.582 
0.52047  96964       0.58053 0.74039 0.90025   0.00015 0.02593   0.900 0.581 
0.52147  96762       0.57920 0.73941 0.89962   0.00015 0.02610   0.900 0.579 
0.52247  96560       0.57857 0.73877 0.89898   0.00015 0.02627   0.899 0.579 
0.52347  96358       0.57708 0.73771 0.89834   0.00015 0.02644   0.898 0.577 
0.52447  96156       0.57590 0.73680 0.89771   0.00015 0.02662   0.898 0.576 
0.52547  95954       0.57511 0.73610 0.89708   0.00015 0.02679   0.897 0.575 
0.52647  95752       0.57433 0.73538 0.89644   0.00015 0.02696   0.896 0.574 
0.52747  95550       0.57354 0.73467 0.89581   0.00015 0.02713   0.896 0.574 
0.52847  95348       0.57268 0.73392 0.89516   0.00015 0.02731   0.895 0.573 
0.52946  95146       0.57166 0.73308 0.89451   0.00015 0.02749   0.895 0.572 
0.53046  94944       0.57087 0.73237 0.89386   0.00015 0.02766   0.894 0.571 
0.53146  94742       0.57001 0.73161 0.89320   0.00015 0.02784   0.893 0.570 
0.53246  94540       0.56875 0.73065 0.89255   0.00015 0.02802   0.893 0.569 
0.53346  94338       0.56789 0.72989 0.89189   0.00015 0.02820   0.892 0.568 
0.53446  94136       0.56679 0.72901 0.89122   0.00015 0.02838   0.891 0.567 
0.53546  93934       0.56624 0.72841 0.89058   0.00015 0.02855   0.891 0.566 
0.53646  93732       0.56545 0.72769 0.88992   0.00015 0.02874   0.890 0.565 
0.53746  93530       0.56483 0.72704 0.88925   0.00015 0.02892   0.889 0.565 
0.53846  93328       0.56388 0.72623 0.88858   0.00015 0.02910   0.889 0.564 
0.53945  93126       0.56365 0.72589 0.88813   0.00015 0.02922   0.888 0.564 
0.54045  92924       0.56357 0.72555 0.88753   0.00015 0.02939   0.888 0.564 
0.54145  92722       0.56286 0.72486 0.88685   0.00015 0.02957   0.887 0.563 
0.54245  92520       0.56145 0.72381 0.88617   0.00015 0.02976   0.886 0.561 
0.54345  92318       0.56035 0.72292 0.88549   0.00015 0.02995   0.885 0.560 
0.54445  92116       0.55925 0.72203 0.88482   0.00015 0.03013   0.885 0.559 
0.54545  91914       0.55776 0.72095 0.88413   0.00015 0.03032   0.884 0.558 
0.54645  91712       0.55635 0.71989 0.88344   0.00015 0.03051   0.883 0.556 
0.54745  91510       0.55525 0.71900 0.88275   0.00015 0.03070   0.883 0.555 
0.54845  91308       0.55375 0.71790 0.88205   0.00015 0.03089   0.882 0.554 
0.54944  91106       0.55336 0.71738 0.88139   0.00015 0.03107   0.881 0.553 
0.55044  90904       0.55187 0.71628 0.88070   0.00015 0.03126   0.881 0.552 
0.55144  90702       0.55014 0.71507 0.88000   0.00015 0.03145   0.880 0.550 
0.55244  90500       0.54881 0.71405 0.87929   0.00015 0.03165   0.879 0.549 
0.55344  90298       0.54841 0.71350 0.87859   0.00015 0.03184   0.879 0.548 
0.55444  90096       0.54724 0.71255 0.87787   0.00015 0.03204   0.878 0.547 
0.55544  89894       0.54637 0.71177 0.87716   0.00015 0.03223   0.877 0.546 
0.55644  89692       0.54520 0.71082 0.87645   0.00016 0.03243   0.876 0.545 
0.55744  89490       0.54386 0.70980 0.87573   0.00016 0.03263   0.876 0.544 
0.55843  89288       0.54308 0.70907 0.87506   0.00016 0.03282   0.875 0.543 
0.55943  89086       0.54205 0.70819 0.87433   0.00016 0.03302   0.874 0.542 
0.56043  88884       0.54072 0.70717 0.87361   0.00016 0.03322   0.874 0.541 
0.56143  88682       0.53970 0.70629 0.87288   0.00016 0.03342   0.873 0.540 
0.56243  88480       0.53891 0.70553 0.87215   0.00016 0.03362   0.872 0.539 
0.56343  88278       0.53789 0.70466 0.87142   0.00016 0.03382   0.871 0.538 
0.56443  88076       0.53679 0.70374 0.87069   0.00016 0.03403   0.871 0.537 
0.56543  87874       0.53601 0.70298 0.86996   0.00016 0.03423   0.870 0.536 
0.56643  87672       0.53546 0.70234 0.86921   0.00016 0.03443   0.869 0.535 
0.56743  87470       0.53420 0.70134 0.86847   0.00016 0.03464   0.868 0.534 
0.56842  87268       0.53310 0.70041 0.86773   0.00016 0.03485   0.868 0.533 
0.56942  87066       0.53169 0.69933 0.86698   0.00016 0.03506   0.867 0.532 
0.57042  86864       0.53035 0.69829 0.86622   0.00016 0.03527   0.866 0.530 
0.57142  86662       0.52949 0.69748 0.86547   0.00016 0.03548   0.865 0.529 
0.57242  86460       0.52847 0.69659 0.86471   0.00016 0.03569   0.865 0.528 
0.57342  86258       0.52768 0.69582 0.86395   0.00016 0.03590   0.864 0.528 
0.57442  86056       0.52635 0.69477 0.86319   0.00016 0.03611   0.863 0.526 
0.57542  85854       0.52541 0.69392 0.86243   0.00016 0.03632   0.862 0.525 
0.57642  85652       0.52462 0.69315 0.86167   0.00016 0.03654   0.862 0.525 
0.57742  85450       0.52376 0.69233 0.86090   0.00016 0.03675   0.861 0.524 
0.57841  85248       0.52321 0.69167 0.86013   0.00016 0.03697   0.860 0.523 
0.57941  85046       0.52258 0.69097 0.85935   0.00016 0.03718   0.859 0.523 
0.58041  84844       0.52148 0.69003 0.85857   0.00016 0.03740   0.859 0.521 
0.58141  84642       0.52054 0.68916 0.85779   0.00016 0.03762   0.858 0.521 
0.58241  84440       0.51944 0.68822 0.85700   0.00016 0.03784   0.857 0.519 
0.58341  84238       0.51810 0.68716 0.85621   0.00016 0.03807   0.856 0.518 
0.58441  84036       0.51685 0.68613 0.85542   0.00016 0.03829   0.855 0.517 
0.58541  83834       0.51630 0.68546 0.85462   0.00016 0.03851   0.855 0.516 
0.58641  83632       0.51528 0.68455 0.85383   0.00016 0.03874   0.854 0.515 
0.58741  83430       0.51418 0.68360 0.85303   0.00016 0.03896   0.853 0.514 
0.58840  83228       0.51339 0.68281 0.85222   0.00016 0.03919   0.852 0.513 
0.58940  83026       0.51229 0.68186 0.85142   0.00016 0.03942   0.851 0.512 
0.59040  82824       0.51159 0.68110 0.85061   0.00016 0.03964   0.851 0.512 
0.59140  82622       0.51112 0.68046 0.84980   0.00016 0.03987   0.850 0.511 
0.59240  82420       0.51025 0.67972 0.84918   0.00016 0.04005   0.849 0.510 
0.59340  82218       0.51025 0.67948 0.84871   0.00016 0.04018   0.849 0.510 
0.59440  82016       0.51017 0.67914 0.84810   0.00016 0.04035   0.848 0.510 
0.59540  81814       0.51002 0.67870 0.84738   0.00016 0.04055   0.847 0.510 
0.59640  81612       0.50907 0.67783 0.84658   0.00016 0.04078   0.847 0.509 
0.59739  81410       0.50821 0.67699 0.84577   0.00016 0.04101   0.846 0.508 
0.59839  81208       0.50695 0.67596 0.84496   0.00016 0.04124   0.845 0.507 
0.59939  81006       0.50601 0.67507 0.84414   0.00016 0.04148   0.844 0.506 
0.60039  80804       0.50483 0.67407 0.84331   0.00017 0.04171   0.843 0.505 
0.60139  80602       0.50373 0.67311 0.84248   0.00017 0.04195   0.842 0.504 
0.60239  80400       0.50295 0.67230 0.84165   0.00017 0.04218   0.842 0.503 
0.60339  80198       0.50232 0.67157 0.84081   0.00017 0.04242   0.841 0.502 
0.60439  79996       0.50122 0.67059 0.83997   0.00017 0.04266   0.840 0.501 
0.60539  79794       0.50036 0.66974 0.83912   0.00017 0.04290   0.839 0.500 
0.60639  79592       0.49989 0.66908 0.83828   0.00017 0.04314   0.838 0.500 
0.60738  79390       0.49894 0.66819 0.83743   0.00017 0.04338   0.837 0.499 
0.60838  79188       0.49832 0.66745 0.83659   0.00017 0.04363   0.837 0.498 
0.60938  78986       0.49714 0.66644 0.83573   0.00017 0.04387   0.836 0.497 
0.61038  78784       0.49572 0.66530 0.83488   0.00017 0.04412   0.835 0.496 
0.61138  78582       0.49486 0.66445 0.83404   0.00017 0.04436   0.834 0.495 
0.61238  78380       0.49376 0.66347 0.83317   0.00017 0.04460   0.833 0.494 
0.61338  78178       0.49282 0.66256 0.83230   0.00017 0.04485   0.832 0.493 
0.61438  77976       0.49180 0.66162 0.83144   0.00017 0.04510   0.831 0.492 
0.61538  77774       0.49086 0.66071 0.83057   0.00017 0.04535   0.831 0.491 
0.61638  77572       0.49015 0.65995 0.82975   0.00017 0.04559   0.830 0.490 
0.61737  77370       0.48960 0.65923 0.82887   0.00017 0.04584   0.829 0.490 
0.61837  77168       0.48842 0.65820 0.82798   0.00017 0.04609   0.828 0.488 
0.61937  76966       0.48717 0.65714 0.82711   0.00017 0.04635   0.827 0.487 
0.62037  76764       0.48654 0.65638 0.82622   0.00017 0.04660   0.826 0.487 
0.62137  76562       0.48528 0.65531 0.82535   0.00017 0.04685   0.825 0.485 
0.62237  76360       0.48348 0.65397 0.82446   0.00017 0.04711   0.824 0.483 
0.62337  76158       0.48230 0.65293 0.82357   0.00017 0.04737   0.824 0.482 
0.62437  75956       0.48167 0.65218 0.82269   0.00017 0.04762   0.823 0.482 
0.62537  75754       0.48065 0.65122 0.82179   0.00017 0.04788   0.822 0.481 
0.62636  75552       0.47994 0.65042 0.82089   0.00017 0.04814   0.821 0.480 
0.62736  75350       0.47900 0.64949 0.81998   0.00017 0.04841   0.820 0.479 
0.62836  75148       0.47821 0.64864 0.81907   0.00017 0.04867   0.819 0.478 
0.62936  74946       0.47727 0.64772 0.81817   0.00017 0.04893   0.818 0.477 
0.63036  74744       0.47704 0.64719 0.81735   0.00017 0.04917   0.817 0.477 
0.63136  74542       0.47609 0.64627 0.81644   0.00017 0.04944   0.816 0.476 
0.63236  74340       0.47460 0.64506 0.81552   0.00017 0.04970   0.816 0.475 
0.63336  74138       0.47319 0.64390 0.81460   0.00017 0.04997   0.815 0.473 
0.63436  73936       0.47256 0.64312 0.81369   0.00017 0.05024   0.814 0.473 
0.63536  73734       0.47162 0.64219 0.81277   0.00017 0.05051   0.813 0.472 
0.63635  73532       0.47060 0.64121 0.81183   0.00017 0.05078   0.812 0.471 
0.63735  73330       0.46989 0.64040 0.81091   0.00017 0.05105   0.811 0.470 
0.63835  73128       0.46879 0.63938 0.80997   0.00017 0.05132   0.810 0.469 
0.63935  72926       0.46769 0.63836 0.80903   0.00018 0.05160   0.809 0.468 
0.64035  72724       0.46691 0.63750 0.80810   0.00018 0.05187   0.808 0.467 
0.64135  72522       0.46549 0.63632 0.80715   0.00018 0.05215   0.807 0.465 
0.64235  72320       0.46455 0.63537 0.80620   0.00018 0.05243   0.806 0.465 
0.64335  72118       0.46345 0.63434 0.80524   0.00018 0.05271   0.805 0.463 
0.64435  71916       0.46274 0.63351 0.80428   0.00018 0.05300   0.804 0.463 
0.64535  71714       0.46188 0.63260 0.80332   0.00018 0.05328   0.803 0.462 
0.64634  71512       0.46086 0.63161 0.80235   0.00018 0.05356   0.802 0.461 
0.64734  71310       0.45960 0.63049 0.80138   0.00018 0.05385   0.801 0.460 
0.64834  71108       0.45905 0.62973 0.80041   0.00018 0.05414   0.800 0.459 
0.64934  70906       0.45835 0.62889 0.79942   0.00018 0.05443   0.799 0.458 
0.65034  70704       0.45686 0.62765 0.79844   0.00018 0.05472   0.798 0.457 
0.65134  70502       0.45615 0.62680 0.79746   0.00018 0.05501   0.797 0.456 
0.65234  70300       0.45528 0.62588 0.79648   0.00018 0.05530   0.796 0.455 
0.65334  70098       0.45450 0.62499 0.79548   0.00018 0.05560   0.795 0.454 
0.65434  69896       0.45364 0.62406 0.79449   0.00018 0.05589   0.794 0.454 
0.65534  69694       0.45285 0.62317 0.79349   0.00018 0.05619   0.793 0.453 
0.65633  69492       0.45183 0.62216 0.79248   0.00018 0.05649   0.792 0.452 
0.65733  69290       0.45097 0.62122 0.79147   0.00018 0.05679   0.791 0.451 
0.65833  69088       0.44963 0.62005 0.79047   0.00018 0.05709   0.790 0.450 
0.65933  68886       0.44869 0.61907 0.78946   0.00018 0.05739   0.789 0.449 
0.66033  68684       0.44790 0.61817 0.78844   0.00018 0.05769   0.788 0.448 
0.66133  68482       0.44680 0.61716 0.78751   0.00018 0.05797   0.788 0.447 
0.66233  68280       0.44680 0.61672 0.78663   0.00018 0.05823   0.787 0.447 
0.66333  68078       0.44578 0.61569 0.78561   0.00018 0.05854   0.786 0.446 
0.66433  67876       0.44413 0.61436 0.78459   0.00018 0.05885   0.785 0.444 
0.66532  67674       0.44311 0.61333 0.78355   0.00018 0.05916   0.784 0.443 
0.66632  67472       0.44201 0.61227 0.78252   0.00018 0.05947   0.783 0.442 
0.66732  67270       0.44076 0.61112 0.78148   0.00018 0.05978   0.781 0.441 
0.66832  67068       0.43966 0.61005 0.78043   0.00018 0.06010   0.780 0.440 
0.66932  66866       0.43832 0.60885 0.77938   0.00018 0.06041   0.779 0.438 
0.67032  66664       0.43667 0.60750 0.77833   0.00018 0.06073   0.778 0.437 
0.67132  66462       0.43628 0.60678 0.77727   0.00018 0.06105   0.777 0.436 
0.67232  66260       0.43518 0.60569 0.77621   0.00018 0.06137   0.776 0.435 
0.67332  66058       0.43408 0.60461 0.77514   0.00019 0.06169   0.775 0.434 
0.67432  65856       0.43291 0.60349 0.77407   0.00019 0.06202   0.774 0.433 
0.67531  65654       0.43196 0.60248 0.77300   0.00019 0.06234   0.773 0.432 
0.67631  65452       0.43086 0.60139 0.77192   0.00019 0.06267   0.772 0.431 
0.67731  65250       0.42961 0.60023 0.77086   0.00019 0.06299   0.771 0.430 
0.67831  65048       0.42835 0.59906 0.76977   0.00019 0.06332   0.770 0.428 
0.67931  64846       0.42717 0.59792 0.76868   0.00019 0.06366   0.769 0.427 
0.68031  64644       0.42600 0.59679 0.76759   0.00019 0.06398   0.768 0.426 
0.68131  64442       0.42521 0.59585 0.76649   0.00019 0.06432   0.766 0.425 
0.68231  64240       0.42364 0.59451 0.76538   0.00019 0.06466   0.765 0.424 
0.68331  64038       0.42278 0.59352 0.76426   0.00019 0.06500   0.764 0.423 
0.68431  63836       0.42160 0.59237 0.76315   0.00019 0.06534   0.763 0.422 
0.68530  63634       0.41979 0.59091 0.76203   0.00019 0.06569   0.762 0.420 
0.68630  63432       0.41806 0.58949 0.76091   0.00019 0.06603   0.761 0.418 
0.68730  63230       0.41642 0.58810 0.75978   0.00019 0.06638   0.760 0.416 
0.68830  63028       0.41492 0.58679 0.75865   0.00019 0.06672   0.759 0.415 
0.68930  62826       0.41390 0.58572 0.75753   0.00019 0.06707   0.758 0.414 
0.69030  62624       0.41280 0.58460 0.75639   0.00019 0.06742   0.756 0.413 
0.69130  62422       0.41131 0.58327 0.75524   0.00019 0.06778   0.755 0.411 
0.69230  62220       0.41021 0.58216 0.75411   0.00019 0.06812   0.754 0.410 
0.69330  62018       0.41005 0.58155 0.75305   0.00019 0.06845   0.753 0.410 
0.69429  61816       0.40911 0.58051 0.75190   0.00019 0.06881   0.752 0.409 
0.69529  61614       0.40723 0.57899 0.75075   0.00019 0.06916   0.751 0.407 
0.69629  61412       0.40558 0.57758 0.74958   0.00019 0.06952   0.750 0.406 
0.69729  61210       0.40448 0.57645 0.74841   0.00019 0.06989   0.748 0.404 
0.69829  61008       0.40330 0.57529 0.74727   0.00020 0.07024   0.747 0.403 
0.69929  60806       0.40142 0.57375 0.74608   0.00020 0.07061   0.746 0.401 
0.70029  60604       0.40047 0.57269 0.74490   0.00020 0.07098   0.745 0.400 
0.70129  60402       0.39875 0.57123 0.74371   0.00020 0.07135   0.744 0.399 
0.70229  60200       0.39726 0.56990 0.74254   0.00020 0.07172   0.743 0.397 
0.70329  59998       0.39655 0.56895 0.74135   0.00020 0.07209   0.741 0.397 
0.70428  59796       0.39537 0.56776 0.74015   0.00020 0.07246   0.740 0.395 
0.70528  59594       0.39404 0.56649 0.73894   0.00020 0.07284   0.739 0.394 
0.70628  59392       0.39278 0.56525 0.73773   0.00020 0.07323   0.738 0.393 
0.70728  59190       0.39160 0.56406 0.73652   0.00020 0.07361   0.737 0.392 
0.70828  58988       0.39027 0.56278 0.73530   0.00020 0.07399   0.735 0.390 
0.70928  58786       0.38917 0.56162 0.73408   0.00020 0.07437   0.734 0.389 
0.71028  58584       0.38822 0.56054 0.73285   0.00020 0.07476   0.733 0.388 
0.71128  58382       0.38681 0.55921 0.73161   0.00020 0.07515   0.732 0.387 
0.71228  58180       0.38603 0.55820 0.73037   0.00020 0.07555   0.730 0.386 
0.71328  57978       0.38493 0.55703 0.72913   0.00020 0.07594   0.729 0.385 
0.71427  57776       0.38398 0.55593 0.72788   0.00020 0.07633   0.728 0.384 
0.71527  57574       0.38241 0.55452 0.72663   0.00020 0.07673   0.727 0.382 
0.71627  57372       0.38092 0.55314 0.72536   0.00020 0.07713   0.725 0.381 
0.71727  57170       0.37959 0.55184 0.72409   0.00020 0.07754   0.724 0.380 
0.71827  56968       0.37880 0.55081 0.72283   0.00020 0.07794   0.723 0.379 
0.71927  56766       0.37778 0.54967 0.72155   0.00020 0.07835   0.722 0.378 
0.72027  56564       0.37652 0.54840 0.72027   0.00020 0.07876   0.720 0.377 
0.72127  56362       0.37550 0.54724 0.71898   0.00020 0.07917   0.719 0.376 
0.72227  56160       0.37433 0.54601 0.71769   0.00021 0.07958   0.718 0.374 
0.72327  55958       0.37409 0.54532 0.71654   0.00021 0.07995   0.717 0.374 
0.72426  55756       0.37213 0.54369 0.71525   0.00021 0.08037   0.715 0.372 
0.72526  55554       0.37103 0.54248 0.71393   0.00021 0.08079   0.714 0.371 
0.72626  55352       0.37016 0.54140 0.71263   0.00021 0.08121   0.713 0.370 
0.72726  55150       0.36852 0.53991 0.71131   0.00021 0.08164   0.711 0.369 
0.72826  54948       0.36828 0.53950 0.71072   0.00021 0.08183   0.711 0.368 
0.72926  54746       0.36820 0.53918 0.71016   0.00021 0.08201   0.710 0.368 
0.73026  54544       0.36812 0.53878 0.70944   0.00021 0.08224   0.709 0.368 
0.73126  54342       0.36804 0.53834 0.70863   0.00021 0.08250   0.709 0.368 
0.73226  54140       0.36797 0.53784 0.70772   0.00021 0.08280   0.708 0.368 
0.73325  53938       0.36789 0.53729 0.70669   0.00021 0.08313   0.707 0.368 
0.73425  53736       0.36789 0.53671 0.70554   0.00021 0.08350   0.706 0.368 
0.73525  53534       0.36765 0.53596 0.70427   0.00021 0.08392   0.704 0.368 
0.73625  53332       0.36679 0.53486 0.70294   0.00021 0.08435   0.703 0.367 
0.73725  53130       0.36545 0.53353 0.70161   0.00021 0.08478   0.702 0.365 
0.73825  52928       0.36498 0.53263 0.70027   0.00021 0.08522   0.700 0.365 
0.73925  52726       0.36373 0.53133 0.69893   0.00021 0.08566   0.699 0.364 
0.74025  52524       0.36231 0.52995 0.69758   0.00021 0.08610   0.698 0.362 
0.74125  52322       0.36145 0.52884 0.69623   0.00021 0.08654   0.696 0.361 
0.74225  52120       0.36074 0.52781 0.69488   0.00021 0.08699   0.695 0.361 
0.74324  51918       0.35956 0.52654 0.69351   0.00021 0.08744   0.694 0.360 
0.74424  51716       0.35823 0.52519 0.69215   0.00021 0.08789   0.692 0.358 
0.74524  51514       0.35736 0.52406 0.69076   0.00021 0.08834   0.691 0.357 
0.74624  51312       0.35603 0.52272 0.68940   0.00021 0.08879   0.689 0.356 
0.74724  51110       0.35485 0.52144 0.68802   0.00021 0.08925   0.688 0.355 
0.74824  50908       0.35375 0.52019 0.68663   0.00021 0.08971   0.687 0.354 
0.74924  50706       0.35257 0.51891 0.68524   0.00021 0.09017   0.685 0.353 
0.75024  50504       0.35155 0.51771 0.68386   0.00021 0.09063   0.684 0.352 
0.75124  50302       0.35030 0.51637 0.68245   0.00021 0.09110   0.682 0.350 
0.75224  50100       0.34920 0.51512 0.68103   0.00021 0.09157   0.681 0.349 
0.75323  49898       0.34810 0.51385 0.67961   0.00021 0.09204   0.680 0.348 
0.75423  49696       0.34747 0.51283 0.67819   0.00021 0.09252   0.678 0.347 
0.75523  49494       0.34669 0.51172 0.67676   0.00022 0.09300   0.677 0.347 
0.75623  49292       0.34606 0.51072 0.67539   0.00022 0.09346   0.675 0.346 
0.75723  49090       0.34504 0.50949 0.67395   0.00022 0.09394   0.674 0.345 
0.75823  48888       0.34433 0.50841 0.67250   0.00022 0.09443   0.672 0.344 
0.75923  48686       0.34339 0.50721 0.67104   0.00022 0.09492   0.671 0.343 
0.76023  48484       0.34237 0.50598 0.66960   0.00022 0.09541   0.670 0.342 
0.76123  48282       0.34135 0.50474 0.66814   0.00022 0.09590   0.668 0.341 
0.76223  48080       0.34017 0.50341 0.66666   0.00022 0.09640   0.667 0.340 
0.76322  47878       0.33938 0.50228 0.66518   0.00022 0.09690   0.665 0.339 
0.76422  47676       0.33852 0.50111 0.66369   0.00022 0.09741   0.664 0.339 
0.76522  47474       0.33734 0.49978 0.66222   0.00022 0.09791   0.662 0.337 
0.76622  47272       0.33616 0.49844 0.66072   0.00022 0.09842   0.661 0.336 
0.76722  47070       0.33522 0.49722 0.65922   0.00022 0.09893   0.659 0.335 
0.76822  46868       0.33451 0.49611 0.65770   0.00022 0.09945   0.658 0.335 
0.76922  46666       0.33302 0.49462 0.65622   0.00022 0.09996   0.656 0.333 
0.77022  46464       0.33216 0.49343 0.65471   0.00022 0.10048   0.655 0.332 
0.77122  46262       0.33153 0.49236 0.65318   0.00022 0.10100   0.653 0.332 
0.77221  46060       0.33027 0.49096 0.65165   0.00022 0.10153   0.652 0.330 
0.77321  45858       0.32980 0.49009 0.65038   0.00022 0.10197   0.650 0.330 
0.77421  45656       0.32925 0.48907 0.64888   0.00022 0.10249   0.649 0.329 
0.77521  45454       0.32831 0.48782 0.64734   0.00022 0.10302   0.647 0.328 
0.77621  45252       0.32682 0.48630 0.64577   0.00022 0.10356   0.646 0.327 
0.77721  45050       0.32596 0.48508 0.64421   0.00022 0.10411   0.644 0.326 
0.77821  44848       0.32517 0.48390 0.64264   0.00022 0.10465   0.643 0.325 
0.77921  44646       0.32415 0.48260 0.64106   0.00022 0.10520   0.641 0.324 
0.78021  44444       0.32305 0.48126 0.63946   0.00022 0.10576   0.639 0.323 
0.78121  44242       0.32164 0.47975 0.63786   0.00023 0.10632   0.638 0.322 
0.78220  44040       0.32077 0.47853 0.63630   0.00023 0.10687   0.636 0.321 
0.78320  43838       0.31967 0.47718 0.63469   0.00023 0.10743   0.635 0.320 
0.78420  43636       0.31881 0.47595 0.63308   0.00023 0.10800   0.633 0.319 
0.78520  43434       0.31763 0.47455 0.63146   0.00023 0.10857   0.631 0.318 
0.78620  43232       0.31661 0.47322 0.62984   0.00023 0.10915   0.630 0.317 
0.78720  43030       0.31622 0.47220 0.62819   0.00023 0.10973   0.628 0.316 
0.78820  42828       0.31488 0.47071 0.62654   0.00023 0.11031   0.627 0.315 
0.78920  42626       0.31363 0.46926 0.62489   0.00023 0.11090   0.625 0.314 
0.79020  42424       0.31206 0.46765 0.62325   0.00023 0.11148   0.623 0.312 
0.79120  42222       0.31049 0.46603 0.62158   0.00023 0.11208   0.622 0.310 
0.79219  42020       0.30892 0.46441 0.61991   0.00023 0.11268   0.620 0.309 
0.79319  41818       0.30805 0.46314 0.61823   0.00023 0.11328   0.618 0.308 
0.79419  41616       0.30750 0.46202 0.61654   0.00023 0.11389   0.617 0.308 
0.79519  41414       0.30617 0.46050 0.61483   0.00023 0.11450   0.615 0.306 
0.79619  41212       0.30538 0.45925 0.61311   0.00023 0.11512   0.613 0.305 
0.79719  41010       0.30452 0.45796 0.61141   0.00023 0.11573   0.611 0.305 
0.79819  40808       0.30358 0.45664 0.60970   0.00023 0.11635   0.610 0.304 
0.79919  40606       0.30310 0.45559 0.60809   0.00023 0.11694   0.608 0.303 
0.80019  40404       0.30232 0.45433 0.60635   0.00023 0.11757   0.606 0.302 
0.80118  40202       0.30098 0.45279 0.60460   0.00024 0.11821   0.605 0.301 
0.80218  40000       0.30036 0.45160 0.60285   0.00024 0.11884   0.603 0.300 
0.80318  39798       0.29965 0.45037 0.60109   0.00024 0.11949   0.601 0.300 
0.80418  39596       0.29855 0.44895 0.59935   0.00024 0.12013   0.599 0.299 
0.80518  39394       0.29753 0.44755 0.59758   0.00024 0.12078   0.598 0.298 
0.80618  39192       0.29682 0.44631 0.59579   0.00024 0.12144   0.596 0.297 
0.80718  38990       0.29557 0.44478 0.59399   0.00024 0.12210   0.594 0.296 
0.80818  38788       0.29486 0.44353 0.59220   0.00024 0.12276   0.592 0.295 
0.80918  38586       0.29376 0.44207 0.59038   0.00024 0.12344   0.590 0.294 
0.81018  38384       0.29243 0.44049 0.58856   0.00024 0.12411   0.589 0.292 
0.81117  38182       0.29156 0.43915 0.58673   0.00024 0.12479   0.587 0.292 
0.81217  37980       0.29030 0.43760 0.58490   0.00024 0.12548   0.585 0.290 
0.81317  37778       0.28928 0.43617 0.58306   0.00024 0.12617   0.583 0.289 
0.81417  37576       0.28811 0.43465 0.58120   0.00024 0.12686   0.581 0.288 
0.81517  37374       0.28669 0.43302 0.57935   0.00024 0.12756   0.579 0.287 
0.81617  37172       0.28528 0.43138 0.57749   0.00024 0.12826   0.577 0.285 
0.81717  36970       0.28379 0.42970 0.57561   0.00024 0.12897   0.576 0.284 
0.81817  36768       0.28316 0.42845 0.57373   0.00024 0.12968   0.574 0.283 
0.81917  36566       0.28182 0.42683 0.57184   0.00024 0.13040   0.572 0.282 
0.82017  36364       0.28143 0.42569 0.56995   0.00024 0.13112   0.570 0.281 
0.82116  36162       0.28002 0.42403 0.56804   0.00025 0.13185   0.568 0.280 
0.82216  35960       0.27892 0.42252 0.56612   0.00025 0.13258   0.566 0.279 
0.82316  35758       0.27735 0.42077 0.56419   0.00025 0.13332   0.564 0.277 
0.82416  35556       0.27641 0.41933 0.56225   0.00025 0.13407   0.562 0.276 
0.82516  35354       0.27515 0.41773 0.56031   0.00025 0.13482   0.560 0.275 
0.82616  35152       0.27405 0.41620 0.55834   0.00025 0.13558   0.558 0.274 
0.82716  34950       0.27248 0.41443 0.55637   0.00025 0.13634   0.556 0.272 
0.82816  34748       0.27154 0.41296 0.55439   0.00025 0.13711   0.554 0.272 
0.82916  34546       0.27052 0.41146 0.55241   0.00025 0.13788   0.552 0.271 
0.83016  34344       0.26934 0.40988 0.55042   0.00025 0.13866   0.550 0.269 
0.83115  34142       0.26793 0.40817 0.54842   0.00025 0.13945   0.548 0.268 
0.83215  33940       0.26683 0.40662 0.54641   0.00025 0.14023   0.546 0.267 
0.83315  33738       0.26612 0.40526 0.54440   0.00025 0.14103   0.544 0.266 
0.83415  33536       0.26494 0.40365 0.54236   0.00025 0.14183   0.542 0.265 
0.83515  33334       0.26369 0.40200 0.54031   0.00025 0.14264   0.540 0.264 
0.83615  33132       0.26290 0.40058 0.53826   0.00026 0.14346   0.538 0.263 
0.83715  32930       0.26133 0.39876 0.53618   0.00026 0.14429   0.536 0.261 
0.83815  32728       0.26007 0.39710 0.53412   0.00026 0.14511   0.534 0.260 
0.83915  32526       0.25850 0.39527 0.53204   0.00026 0.14594   0.532 0.259 
0.84014  32324       0.25693 0.39343 0.52994   0.00026 0.14679   0.530 0.257 
0.84114  32122       0.25536 0.39165 0.52794   0.00026 0.14760   0.528 0.255 
0.84214  31920       0.25442 0.39015 0.52587   0.00026 0.14843   0.526 0.254 
0.84314  31718       0.25301 0.38838 0.52375   0.00026 0.14929   0.524 0.253 
0.84414  31516       0.25096 0.38629 0.52162   0.00026 0.15016   0.522 0.251 
0.84514  31314       0.24979 0.38464 0.51949   0.00026 0.15103   0.519 0.250 
0.84614  31112       0.24829 0.38282 0.51735   0.00026 0.15190   0.517 0.248 
0.84714  30910       0.24719 0.38119 0.51518   0.00026 0.15279   0.515 0.247 
0.84814  30708       0.24649 0.37975 0.51301   0.00026 0.15369   0.513 0.246 
0.84914  30506       0.24515 0.37799 0.51083   0.00026 0.15459   0.511 0.245 
0.85013  30304       0.24405 0.37634 0.50863   0.00027 0.15550   0.509 0.244 
0.85113  30102       0.24303 0.37474 0.50644   0.00027 0.15641   0.506 0.243 
0.85213  29900       0.24193 0.37312 0.50430   0.00027 0.15730   0.504 0.242 
0.85313  29698       0.24044 0.37127 0.50210   0.00027 0.15822   0.502 0.240 
0.85413  29496       0.23895 0.36942 0.49988   0.00027 0.15915   0.500 0.239 
0.85513  29294       0.23746 0.36756 0.49766   0.00027 0.16009   0.498 0.237 
0.85613  29092       0.23581 0.36560 0.49540   0.00027 0.16104   0.495 0.236 
0.85713  28890       0.23447 0.36382 0.49316   0.00027 0.16200   0.493 0.234 
0.85813  28688       0.23330 0.36210 0.49090   0.00027 0.16296   0.491 0.233 
0.85913  28486       0.23228 0.36045 0.48862   0.00027 0.16393   0.489 0.232 
0.86012  28284       0.23102 0.35868 0.48635   0.00027 0.16490   0.486 0.231 
0.86112  28082       0.22968 0.35687 0.48405   0.00027 0.16589   0.484 0.230 
0.86212  27880       0.22874 0.35525 0.48176   0.00028 0.16688   0.482 0.229 
0.86312  27678       0.22819 0.35389 0.47958   0.00028 0.16782   0.480 0.228 
0.86412  27476       0.22709 0.35219 0.47729   0.00028 0.16882   0.477 0.227 
0.86512  27274       0.22623 0.35059 0.47496   0.00028 0.16984   0.475 0.226 
0.86612  27072       0.22482 0.34872 0.47263   0.00028 0.17086   0.473 0.225 
0.86712  26870       0.22364 0.34695 0.47027   0.00028 0.17189   0.470 0.224 
0.86812  26668       0.22262 0.34527 0.46793   0.00028 0.17292   0.468 0.223 
0.86911  26466       0.22144 0.34352 0.46560   0.00028 0.17395   0.466 0.221 
0.87011  26264       0.22010 0.34166 0.46322   0.00028 0.17501   0.463 0.220 
0.87111  26062       0.21838 0.33963 0.46088   0.00028 0.17606   0.461 0.218 
0.87211  25860       0.21712 0.33781 0.45849   0.00028 0.17713   0.458 0.217 
0.87311  25658       0.21633 0.33628 0.45623   0.00028 0.17814   0.456 0.216 
0.87411  25456       0.21461 0.33422 0.45382   0.00028 0.17923   0.454 0.215 
0.87511  25254       0.21312 0.33226 0.45140   0.00029 0.18033   0.451 0.213 
0.87611  25052       0.21147 0.33022 0.44897   0.00029 0.18143   0.449 0.211 
0.87711  24850       0.20997 0.32824 0.44651   0.00029 0.18256   0.447 0.210 
0.87811  24648       0.20864 0.32634 0.44404   0.00029 0.18369   0.444 0.209 
0.87910  24446       0.20715 0.32436 0.44158   0.00029 0.18482   0.442 0.207 
0.88010  24244       0.20573 0.32241 0.43909   0.00029 0.18597   0.439 0.206 
0.88110  24042       0.20424 0.32042 0.43661   0.00029 0.18713   0.437 0.204 
0.88210  23840       0.20314 0.31863 0.43412   0.00029 0.18829   0.434 0.203 
0.88310  23638       0.20220 0.31691 0.43162   0.00029 0.18946   0.432 0.202 
0.88410  23436       0.20094 0.31503 0.42912   0.00029 0.19063   0.429 0.201 
0.88510  23234       0.20000 0.31330 0.42659   0.00029 0.19183   0.427 0.200 
0.88610  23032       0.19804 0.31104 0.42405   0.00030 0.19304   0.424 0.198 
0.88710  22830       0.19710 0.30930 0.42150   0.00030 0.19425   0.421 0.197 
0.88810  22628       0.19545 0.30720 0.41895   0.00030 0.19548   0.419 0.195 
0.88909  22426       0.19466 0.30553 0.41639   0.00030 0.19671   0.416 0.195 
0.89009  22224       0.19388 0.30385 0.41383   0.00030 0.19794   0.414 0.194 
0.89109  22022       0.19270 0.30199 0.41127   0.00030 0.19918   0.411 0.193 
0.89209  21820       0.19152 0.30009 0.40866   0.00030 0.20046   0.409 0.192 
0.89309  21618       0.19026 0.29815 0.40604   0.00030 0.20175   0.406 0.190 
0.89409  21416       0.18869 0.29605 0.40340   0.00030 0.20304   0.403 0.189 
0.89509  21214       0.18736 0.29406 0.40076   0.00030 0.20435   0.401 0.187 
0.89609  21012       0.18602 0.29207 0.39811   0.00031 0.20567   0.398 0.186 
0.89709  20810       0.18516 0.29032 0.39547   0.00031 0.20699   0.395 0.185 
0.89809  20608       0.18406 0.28843 0.39280   0.00031 0.20833   0.393 0.184 
0.89908  20406       0.18335 0.28673 0.39010   0.00031 0.20970   0.390 0.183 
0.90008  20204       0.18178 0.28459 0.38740   0.00031 0.21107   0.387 0.182 
0.90108  20002       0.18092 0.28280 0.38468   0.00031 0.21246   0.385 0.181 
0.90208  19800       0.18006 0.28101 0.38196   0.00031 0.21385   0.382 0.180 
0.90308  19598       0.17880 0.27901 0.37921   0.00031 0.21527   0.379 0.179 
0.90408  19396       0.17778 0.27712 0.37645   0.00031 0.21670   0.376 0.178 
0.90508  19194       0.17668 0.27518 0.37368   0.00031 0.21815   0.374 0.177 
0.90608  18992       0.17613 0.27351 0.37089   0.00031 0.21961   0.371 0.176 
0.90708  18790       0.17503 0.27158 0.36813   0.00032 0.22107   0.368 0.175 
0.90807  18588       0.17393 0.26963 0.36533   0.00032 0.22255   0.365 0.174 
0.90907  18386       0.17299 0.26774 0.36250   0.00032 0.22406   0.362 0.173 
0.91007  18184       0.17197 0.26581 0.35966   0.00032 0.22559   0.360 0.172 
0.91107  17982       0.17032 0.26356 0.35681   0.00032 0.22713   0.357 0.170 
0.91207  17780       0.16946 0.26169 0.35393   0.00032 0.22869   0.354 0.169 
0.91307  17578       0.16796 0.25950 0.35103   0.00032 0.23027   0.351 0.168 
0.91407  17376       0.16647 0.25730 0.34813   0.00032 0.23187   0.348 0.166 
0.91507  17174       0.16490 0.25506 0.34522   0.00033 0.23348   0.345 0.165 
0.91607  16972       0.16427 0.25328 0.34228   0.00033 0.23512   0.342 0.164 
0.91707  16770       0.16262 0.25097 0.33931   0.00033 0.23678   0.339 0.163 
0.91806  16568       0.16129 0.24881 0.33633   0.00033 0.23846   0.336 0.161 
0.91906  16366       0.16027 0.24680 0.33334   0.00033 0.24016   0.333 0.160 
0.92006  16164       0.15917 0.24475 0.33033   0.00033 0.24188   0.330 0.159 
0.92106  15962       0.15799 0.24266 0.32732   0.00033 0.24361   0.327 0.158 
0.92206  15760       0.15666 0.24047 0.32429   0.00033 0.24537   0.324 0.157 
0.92306  15558       0.15571 0.23848 0.32124   0.00033 0.24715   0.321 0.156 
0.92406  15356       0.15383 0.23601 0.31819   0.00034 0.24895   0.318 0.154 
0.92506  15154       0.15202 0.23356 0.31510   0.00034 0.25077   0.315 0.152 
0.92606  14952       0.15030 0.23115 0.31200   0.00034 0.25262   0.312 0.150 
0.92706  14750       0.14912 0.22901 0.30891   0.00034 0.25448   0.309 0.149 
0.92805  14548       0.14794 0.22685 0.30576   0.00034 0.25639   0.306 0.148 
0.92905  14346       0.14653 0.22457 0.30260   0.00034 0.25832   0.303 0.147 
0.93005  14144       0.14543 0.22243 0.29943   0.00034 0.26027   0.299 0.145 
0.93105  13942       0.14417 0.22020 0.29624   0.00035 0.26225   0.296 0.144 
0.93205  13740       0.14284 0.21793 0.29303   0.00035 0.26425   0.293 0.143 
0.93305  13538       0.14127 0.21553 0.28979   0.00035 0.26630   0.290 0.141 
0.93405  13336       0.13930 0.21291 0.28652   0.00035 0.26837   0.287 0.139 
0.93505  13134       0.13797 0.21060 0.28323   0.00035 0.27049   0.283 0.138 
0.93605  12932       0.13710 0.20851 0.27992   0.00035 0.27263   0.280 0.137 
0.93705  12730       0.13640 0.20650 0.27661   0.00036 0.27478   0.277 0.136 
0.93804  12528       0.13498 0.20413 0.27328   0.00036 0.27698   0.273 0.135 
0.93904  12326       0.13388 0.20191 0.26994   0.00036 0.27920   0.270 0.134 
0.94004  12124       0.13239 0.19950 0.26661   0.00036 0.28143   0.267 0.132 
0.94104  11922       0.13035 0.19678 0.26322   0.00036 0.28373   0.263 0.130 
0.94204  11720       0.12894 0.19439 0.25985   0.00036 0.28603   0.260 0.129 
0.94304  11518       0.12760 0.19200 0.25639   0.00037 0.28842   0.256 0.128 
0.94404  11316       0.12564 0.18927 0.25291   0.00037 0.29085   0.253 0.126 
0.94504  11114       0.12446 0.18697 0.24948   0.00037 0.29326   0.249 0.124 
0.94604  10912       0.12281 0.18439 0.24596   0.00037 0.29577   0.246 0.123 
0.94703  10710       0.12077 0.18159 0.24241   0.00037 0.29832   0.242 0.121 
0.94803  10508       0.11881 0.17883 0.23885   0.00038 0.30091   0.239 0.119 
0.94903  10306       0.11684 0.17605 0.23526   0.00038 0.30356   0.235 0.117 
0.95003  10104       0.11543 0.17356 0.23168   0.00038 0.30622   0.232 0.115 
0.95103  9902        0.11355 0.17080 0.22805   0.00038 0.30895   0.228 0.114 
0.95203  9700        0.11127 0.16782 0.22437   0.00038 0.31176   0.224 0.111 
0.95303  9498        0.10970 0.16518 0.22066   0.00039 0.31462   0.221 0.110 
0.95403  9296        0.10774 0.16233 0.21693   0.00039 0.31753   0.217 0.108 
0.95503  9094        0.10562 0.15940 0.21319   0.00039 0.32050   0.213 0.106 
0.95603  8892        0.10279 0.15610 0.20940   0.00040 0.32354   0.209 0.103 
0.95702  8690        0.10067 0.15315 0.20562   0.00040 0.32661   0.206 0.101 
0.95802  8488        0.09894 0.15038 0.20181   0.00040 0.32975   0.202 0.099 
0.95902  8286        0.09690 0.14742 0.19794   0.00040 0.33299   0.198 0.097 
0.96002  8084        0.09486 0.14446 0.19406   0.00041 0.33628   0.194 0.095 
0.96102  7882        0.09242 0.14128 0.19013   0.00041 0.33966   0.190 0.092 
0.96202  7680        0.09038 0.13829 0.18620   0.00041 0.34311   0.186 0.090 
0.96302  7478        0.08920 0.13575 0.18231   0.00041 0.34657   0.182 0.089 
0.96402  7276        0.08685 0.13258 0.17831   0.00042 0.35018   0.178 0.087 
0.96502  7074        0.08528 0.12979 0.17430   0.00042 0.35387   0.174 0.085 
0.96602  6872        0.08222 0.12622 0.17023   0.00042 0.35767   0.170 0.082 
0.96701  6670        0.07986 0.12300 0.16614   0.00043 0.36156   0.166 0.080 
0.96801  6468        0.07703 0.11952 0.16200   0.00043 0.36558   0.162 0.077 
0.96901  6266        0.07421 0.11601 0.15782   0.00044 0.36971   0.158 0.074 
0.97001  6064        0.07216 0.11288 0.15359   0.00044 0.37397   0.154 0.072 
0.97101  5862        0.07028 0.10981 0.14934   0.00044 0.37835   0.149 0.070 
0.97201  5660        0.06769 0.10637 0.14504   0.00045 0.38287   0.145 0.068 
0.97301  5458        0.06565 0.10319 0.14073   0.00045 0.38752   0.141 0.066 
0.97401  5256        0.06337 0.09988 0.13639   0.00046 0.39229   0.136 0.063 
0.97501  5054        0.06109 0.09654 0.13199   0.00046 0.39726   0.132 0.061 
0.97600  4852        0.05866 0.09308 0.12750   0.00047 0.40244   0.128 0.059 
0.97700  4650        0.05646 0.08973 0.12299   0.00047 0.40780   0.123 0.056 
0.97800  4448        0.05457 0.08650 0.11843   0.00047 0.41337   0.118 0.055 
0.97900  4246        0.05261 0.08321 0.11382   0.00048 0.41917   0.114 0.053 
0.98000  4044        0.05002 0.07958 0.10914   0.00048 0.42522   0.109 0.050 
0.98100  3842        0.04759 0.07600 0.10442   0.00049 0.43155   0.104 0.048 
0.98200  3640        0.04492 0.07227 0.09962   0.00050 0.43819   0.100 0.045 
0.98300  3438        0.04178 0.06826 0.09474   0.00050 0.44520   0.095 0.042 
0.98400  3236        0.03918 0.06456 0.08993   0.00051 0.45239   0.090 0.039 
0.98500  3034        0.03706 0.06098 0.08489   0.00052 0.46023   0.085 0.037 
0.98599  2832        0.03447 0.05711 0.07974   0.00053 0.46860   0.080 0.034 
0.98699  2630        0.03243 0.05347 0.07452   0.00053 0.47753   0.075 0.032 
0.98799  2428        0.02968 0.04942 0.06916   0.00054 0.48719   0.069 0.030 
0.98899  2226        0.02795 0.04581 0.06366   0.00055 0.49769   0.064 0.028 
0.98999  2024        0.02536 0.04169 0.05801   0.00056 0.50923   0.058 0.025 
0.99099  1822        0.02301 0.03760 0.05220   0.00057 0.52202   0.052 0.023 
0.99199  1620        0.02034 0.03326 0.04618   0.00058 0.53644   0.046 0.020 
0.99299  1418        0.01743 0.02866 0.03990   0.00060 0.55308   0.040 0.017 
0.99399  1216        0.01500 0.02414 0.03328   0.00061 0.57288   0.033 0.015 
0.99499  1014        0.01272 0.01948 0.02625   0.00063 0.59749   0.026 0.013 
0.99598  812         0.01044 0.01472 0.01899   0.00066 0.62877   0.019 0.010 
0.99698  610         0.00832 0.01157 0.01481   0.00068 0.65113   0.015 0.008 
0.99798  408         0.00652 0.00852 0.01052   0.00070 0.67971   0.011 0.007 
0.99898  206         0.00455 0.00487 0.00518   0.00074 0.73178   0.005 0.005 
0.99998  4           0.00012 0.00014 0.00012   0.00089 0.89489   0.000 0.000 
1.00000  0           0.00000 0.00000 0.00000   0.00100 1.00000   0.000 0.000 
