F-lost	   TF_cost	min-1	mean-1	max-1	w-mean-1	ext2-1	
0.0000	2.0221e+005	1.0000	1.0000	1.0000	1.0000	-0.0000	
0.0010	2.02e+005 	0.9863	0.9932	1.0000	1.0000	-0.0000	
0.0020	2.018e+005	0.9860	0.9930	1.0000	1.0000	-0.0000	
0.0030	2.016e+005	0.9856	0.9928	1.0000	1.0000	-0.0000	
0.0040	2.014e+005	0.9853	0.9927	1.0000	1.0000	-0.0000	
0.0050	2.012e+005	0.9853	0.9927	1.0000	1.0000	-0.0000	
0.0060	2.0099e+005	0.9852	0.9926	1.0000	1.0000	-0.0000	
0.0070	2.0079e+005	0.9847	0.9924	1.0000	1.0000	-0.0000	
0.0080	2.0059e+005	0.9839	0.9920	1.0000	1.0000	-0.0000	
0.0090	2.0039e+005	0.9834	0.9917	1.0000	1.0000	-0.0000	
0.0100	2.0019e+005	0.9823	0.9912	1.0000	1.0000	-0.0000	
0.0110	1.9998e+005	0.9815	0.9907	1.0000	1.0000	-0.0000	
0.0120	1.9978e+005	0.9806	0.9903	1.0000	1.0000	-0.0000	
0.0130	1.9958e+005	0.9801	0.9901	1.0000	1.0000	-0.0000	
0.0140	1.9938e+005	0.9801	0.9900	1.0000	1.0000	-0.0000	
0.0150	1.9918e+005	0.9799	0.9900	1.0000	1.0000	-0.0000	
0.0160	1.9897e+005	0.9799	0.9900	1.0000	1.0000	-0.0000	
0.0170	1.9877e+005	0.9798	0.9899	1.0000	1.0000	-0.0000	
0.0180	1.9857e+005	0.9797	0.9898	1.0000	1.0000	-0.0000	
0.0190	1.9837e+005	0.9795	0.9898	1.0000	1.0000	-0.0000	
0.0200	1.9817e+005	0.9795	0.9898	1.0000	1.0000	-0.0000	
0.0210	1.9796e+005	0.9794	0.9897	1.0000	1.0000	-0.0000	
0.0220	1.9776e+005	0.9792	0.9896	1.0000	1.0000	-0.0000	
0.0230	1.9756e+005	0.9790	0.9895	1.0000	1.0000	-0.0000	
0.0240	1.9736e+005	0.9786	0.9893	1.0000	1.0000	0.0000	
0.0250	1.9716e+005	0.9781	0.9890	1.0000	1.0000	0.0000	
0.0260	1.9695e+005	0.9779	0.9889	1.0000	1.0000	0.0000	
0.0270	1.9675e+005	0.9777	0.9889	1.0000	1.0000	0.0000	
0.0280	1.9655e+005	0.9776	0.9888	1.0000	1.0000	0.0000	
0.0290	1.9635e+005	0.9773	0.9887	1.0000	1.0000	0.0000	
0.0300	1.9615e+005	0.9772	0.9886	1.0000	1.0000	0.0000	
0.0310	1.9594e+005	0.9768	0.9884	1.0000	1.0000	0.0000	
0.0320	1.9574e+005	0.9768	0.9884	1.0000	1.0000	0.0000	
0.0330	1.9554e+005	0.9766	0.9883	1.0000	1.0000	0.0000	
0.0340	1.9534e+005	0.9764	0.9882	1.0000	1.0000	0.0000	
0.0350	1.9514e+005	0.9761	0.9880	1.0000	1.0000	0.0000	
0.0360	1.9493e+005	0.9759	0.9879	1.0000	1.0000	0.0000	
0.0370	1.9473e+005	0.9759	0.9879	1.0000	1.0000	0.0000	
0.0380	1.9453e+005	0.9759	0.9879	1.0000	1.0000	0.0000	
0.0390	1.9433e+005	0.9759	0.9879	1.0000	1.0000	0.0000	
0.0400	1.9413e+005	0.9759	0.9879	1.0000	1.0000	0.0000	
0.0410	1.9392e+005	0.9758	0.9879	1.0000	1.0000	0.0000	
0.0420	1.9372e+005	0.9758	0.9879	1.0000	1.0000	0.0000	
0.0430	1.9352e+005	0.9758	0.9879	1.0000	1.0000	0.0000	
0.0440	1.9332e+005	0.9758	0.9879	1.0000	1.0000	0.0000	
0.0450	1.9312e+005	0.9758	0.9879	1.0000	1.0000	0.0000	
0.0460	1.9291e+005	0.9758	0.9879	1.0000	1.0000	0.0000	
0.0470	1.9271e+005	0.9757	0.9879	1.0000	1.0000	0.0000	
0.0480	1.9251e+005	0.9757	0.9879	1.0000	1.0000	0.0000	
0.0490	1.9231e+005	0.9755	0.9877	1.0000	1.0000	0.0000	
0.0500	1.9211e+005	0.9744	0.9872	1.0000	1.0000	0.0000	
0.0510	1.919e+005	0.9728	0.9864	1.0000	1.0000	0.0000	
0.0520	1.917e+005	0.9717	0.9858	1.0000	1.0000	0.0000	
0.0530	1.915e+005	0.9706	0.9853	1.0000	1.0000	0.0000	
0.0540	1.913e+005	0.9697	0.9848	1.0000	1.0000	0.0000	
0.0550	1.911e+005	0.9687	0.9843	1.0000	1.0000	0.0000	
0.0560	1.9089e+005	0.9677	0.9838	0.9999	0.9999	0.0000	
0.0570	1.9069e+005	0.9668	0.9834	0.9999	0.9999	0.0000	
0.0580	1.9049e+005	0.9656	0.9828	0.9999	0.9999	0.0000	
0.0589	1.9029e+005	0.9650	0.9825	0.9999	0.9999	0.0000	
0.0599	1.9009e+005	0.9648	0.9824	0.9999	0.9999	0.0000	
0.0609	1.8988e+005	0.9648	0.9824	0.9999	0.9999	0.0000	
0.0619	1.8968e+005	0.9643	0.9821	0.9999	0.9999	0.0000	
0.0629	1.8948e+005	0.9637	0.9818	0.9999	0.9999	0.0000	
0.0639	1.8928e+005	0.9633	0.9816	0.9999	0.9999	0.0000	
0.0649	1.8908e+005	0.9629	0.9814	0.9999	0.9999	0.0000	
0.0659	1.8887e+005	0.9624	0.9812	0.9999	0.9999	0.0000	
0.0669	1.8867e+005	0.9622	0.9811	0.9999	0.9999	0.0000	
0.0679	1.8847e+005	0.9618	0.9809	0.9999	0.9999	0.0000	
0.0689	1.8827e+005	0.9614	0.9806	0.9999	0.9999	0.0000	
0.0699	1.8807e+005	0.9611	0.9805	0.9999	0.9999	0.0000	
0.0709	1.8786e+005	0.9608	0.9804	0.9999	0.9999	0.0000	
0.0719	1.8766e+005	0.9606	0.9802	0.9999	0.9999	0.0000	
0.0729	1.8746e+005	0.9604	0.9801	0.9999	0.9999	0.0000	
0.0739	1.8726e+005	0.9600	0.9800	0.9999	0.9999	0.0000	
0.0749	1.8706e+005	0.9597	0.9798	0.9999	0.9999	0.0000	
0.0759	1.8685e+005	0.9595	0.9797	0.9998	0.9998	0.0000	
0.0769	1.8665e+005	0.9592	0.9795	0.9998	0.9998	0.0000	
0.0779	1.8645e+005	0.9589	0.9794	0.9998	0.9998	0.0000	
0.0789	1.8625e+005	0.9587	0.9793	0.9998	0.9998	0.0000	
0.0799	1.8605e+005	0.9585	0.9792	0.9998	0.9998	0.0000	
0.0809	1.8584e+005	0.9579	0.9789	0.9998	0.9998	0.0000	
0.0819	1.8564e+005	0.9576	0.9787	0.9998	0.9998	0.0000	
0.0829	1.8544e+005	0.9574	0.9786	0.9998	0.9998	0.0001	
0.0839	1.8524e+005	0.9569	0.9783	0.9998	0.9998	0.0001	
0.0849	1.8504e+005	0.9564	0.9781	0.9998	0.9998	0.0001	
0.0859	1.8483e+005	0.9560	0.9779	0.9998	0.9998	0.0001	
0.0869	1.8463e+005	0.9556	0.9777	0.9998	0.9998	0.0001	
0.0879	1.8443e+005	0.9550	0.9774	0.9997	0.9997	0.0001	
0.0889	1.8423e+005	0.9545	0.9771	0.9997	0.9997	0.0001	
0.0899	1.8403e+005	0.9541	0.9769	0.9997	0.9997	0.0001	
0.0909	1.8382e+005	0.9537	0.9767	0.9997	0.9997	0.0001	
0.0919	1.8362e+005	0.9530	0.9763	0.9997	0.9997	0.0001	
0.0929	1.8342e+005	0.9523	0.9760	0.9997	0.9997	0.0001	
0.0939	1.8322e+005	0.9518	0.9757	0.9997	0.9997	0.0001	
0.0949	1.8302e+005	0.9510	0.9753	0.9997	0.9997	0.0001	
0.0959	1.8281e+005	0.9506	0.9751	0.9997	0.9997	0.0001	
0.0969	1.8261e+005	0.9501	0.9749	0.9996	0.9996	0.0001	
0.0979	1.8241e+005	0.9497	0.9747	0.9996	0.9996	0.0001	
0.0989	1.8221e+005	0.9494	0.9745	0.9996	0.9996	0.0001	
0.0999	1.8201e+005	0.9488	0.9742	0.9996	0.9996	0.0001	
0.1009	1.818e+005	0.9485	0.9740	0.9996	0.9996	0.0001	
0.1019	1.816e+005	0.9479	0.9738	0.9996	0.9996	0.0001	
0.1029	1.814e+005	0.9474	0.9735	0.9996	0.9996	0.0001	
0.1039	1.812e+005	0.9473	0.9734	0.9995	0.9995	0.0001	
0.1049	1.81e+005 	0.9468	0.9732	0.9995	0.9995	0.0001	
0.1059	1.8079e+005	0.9466	0.9731	0.9995	0.9995	0.0001	
0.1069	1.8059e+005	0.9461	0.9728	0.9995	0.9995	0.0001	
0.1079	1.8039e+005	0.9457	0.9726	0.9995	0.9995	0.0001	
0.1089	1.8019e+005	0.9449	0.9722	0.9995	0.9995	0.0001	
0.1099	1.7999e+005	0.9439	0.9717	0.9995	0.9995	0.0001	
0.1109	1.7978e+005	0.9432	0.9713	0.9994	0.9994	0.0001	
0.1119	1.7958e+005	0.9426	0.9710	0.9994	0.9994	0.0001	
0.1129	1.7938e+005	0.9417	0.9705	0.9994	0.9994	0.0002	
0.1139	1.7918e+005	0.9406	0.9700	0.9994	0.9994	0.0002	
0.1149	1.7898e+005	0.9400	0.9697	0.9994	0.9994	0.0002	
0.1159	1.7877e+005	0.9391	0.9692	0.9993	0.9993	0.0002	
0.1169	1.7857e+005	0.9383	0.9688	0.9993	0.9993	0.0002	
0.1179	1.7837e+005	0.9377	0.9685	0.9993	0.9993	0.0002	
0.1189	1.7817e+005	0.9366	0.9680	0.9993	0.9993	0.0002	
0.1199	1.7797e+005	0.9356	0.9674	0.9993	0.9993	0.0002	
0.1209	1.7776e+005	0.9345	0.9669	0.9992	0.9992	0.0002	
0.1219	1.7756e+005	0.9338	0.9665	0.9992	0.9992	0.0002	
0.1229	1.7736e+005	0.9329	0.9660	0.9992	0.9992	0.0002	
0.1239	1.7716e+005	0.9322	0.9657	0.9992	0.9992	0.0002	
0.1249	1.7696e+005	0.9316	0.9654	0.9991	0.9991	0.0002	
0.1259	1.7675e+005	0.9304	0.9648	0.9991	0.9991	0.0002	
0.1269	1.7655e+005	0.9300	0.9645	0.9991	0.9991	0.0002	
0.1279	1.7635e+005	0.9297	0.9644	0.9991	0.9991	0.0002	
0.1289	1.7615e+005	0.9292	0.9641	0.9990	0.9990	0.0002	
0.1299	1.7595e+005	0.9284	0.9637	0.9990	0.9990	0.0002	
0.1309	1.7574e+005	0.9272	0.9631	0.9990	0.9990	0.0003	
0.1319	1.7554e+005	0.9267	0.9628	0.9990	0.9990	0.0003	
0.1329	1.7534e+005	0.9258	0.9624	0.9989	0.9989	0.0003	
0.1339	1.7514e+005	0.9248	0.9618	0.9989	0.9989	0.0003	
0.1349	1.7494e+005	0.9240	0.9614	0.9989	0.9989	0.0003	
0.1359	1.7473e+005	0.9232	0.9610	0.9989	0.9989	0.0003	
0.1369	1.7453e+005	0.9223	0.9606	0.9988	0.9988	0.0003	
0.1379	1.7433e+005	0.9216	0.9602	0.9988	0.9988	0.0003	
0.1389	1.7413e+005	0.9211	0.9599	0.9988	0.9988	0.0003	
0.1399	1.7393e+005	0.9202	0.9595	0.9987	0.9987	0.0003	
0.1409	1.7372e+005	0.9194	0.9591	0.9987	0.9987	0.0003	
0.1419	1.7352e+005	0.9184	0.9585	0.9987	0.9987	0.0003	
0.1429	1.7332e+005	0.9174	0.9580	0.9986	0.9986	0.0003	
0.1439	1.7312e+005	0.9168	0.9577	0.9986	0.9986	0.0003	
0.1449	1.7292e+005	0.9165	0.9575	0.9986	0.9986	0.0004	
0.1459	1.7271e+005	0.9156	0.9571	0.9985	0.9985	0.0004	
0.1469	1.7251e+005	0.9148	0.9567	0.9985	0.9985	0.0004	
0.1479	1.7231e+005	0.9143	0.9564	0.9985	0.9985	0.0004	
0.1489	1.7211e+005	0.9136	0.9560	0.9984	0.9984	0.0004	
0.1499	1.7191e+005	0.9127	0.9555	0.9984	0.9984	0.0004	
0.1509	1.717e+005	0.9122	0.9553	0.9984	0.9984	0.0004	
0.1519	1.715e+005	0.9119	0.9551	0.9983	0.9983	0.0004	
0.1529	1.713e+005	0.9116	0.9549	0.9983	0.9983	0.0004	
0.1539	1.711e+005	0.9107	0.9545	0.9982	0.9982	0.0004	
0.1549	1.709e+005	0.9102	0.9542	0.9982	0.9982	0.0004	
0.1558	1.7069e+005	0.9092	0.9537	0.9982	0.9982	0.0005	
0.1568	1.7049e+005	0.9084	0.9533	0.9981	0.9981	0.0005	
0.1578	1.7029e+005	0.9074	0.9527	0.9981	0.9981	0.0005	
0.1588	1.7009e+005	0.9067	0.9524	0.9980	0.9980	0.0005	
0.1598	1.6989e+005	0.9058	0.9519	0.9980	0.9980	0.0005	
0.1608	1.6968e+005	0.9048	0.9514	0.9980	0.9980	0.0005	
0.1618	1.6948e+005	0.9046	0.9513	0.9979	0.9979	0.0005	
0.1628	1.6928e+005	0.9036	0.9507	0.9979	0.9979	0.0005	
0.1638	1.6908e+005	0.9030	0.9504	0.9978	0.9978	0.0005	
0.1648	1.6888e+005	0.9021	0.9499	0.9978	0.9978	0.0006	
0.1658	1.6867e+005	0.9016	0.9497	0.9977	0.9977	0.0006	
0.1668	1.6847e+005	0.9011	0.9494	0.9977	0.9977	0.0006	
0.1678	1.6827e+005	0.9006	0.9491	0.9976	0.9976	0.0006	
0.1688	1.6807e+005	0.9001	0.9489	0.9976	0.9976	0.0006	
0.1698	1.6787e+005	0.8997	0.9486	0.9975	0.9975	0.0006	
0.1708	1.6766e+005	0.8994	0.9485	0.9975	0.9975	0.0006	
0.1718	1.6746e+005	0.8985	0.9480	0.9974	0.9974	0.0006	
0.1728	1.6726e+005	0.8980	0.9477	0.9974	0.9974	0.0007	
0.1738	1.6706e+005	0.8975	0.9474	0.9973	0.9973	0.0007	
0.1748	1.6686e+005	0.8968	0.9471	0.9973	0.9973	0.0007	
0.1758	1.6665e+005	0.8960	0.9466	0.9972	0.9972	0.0007	
0.1768	1.6645e+005	0.8955	0.9463	0.9972	0.9972	0.0007	
0.1778	1.6625e+005	0.8949	0.9460	0.9971	0.9971	0.0007	
0.1788	1.6605e+005	0.8943	0.9457	0.9971	0.9971	0.0007	
0.1798	1.6585e+005	0.8936	0.9453	0.9970	0.9970	0.0007	
0.1808	1.6564e+005	0.8933	0.9451	0.9970	0.9970	0.0008	
0.1818	1.6544e+005	0.8927	0.9448	0.9969	0.9969	0.0008	
0.1828	1.6524e+005	0.8920	0.9444	0.9969	0.9969	0.0008	
0.1838	1.6504e+005	0.8912	0.9440	0.9968	0.9968	0.0008	
0.1848	1.6484e+005	0.8903	0.9435	0.9967	0.9967	0.0008	
0.1858	1.6463e+005	0.8898	0.9433	0.9967	0.9967	0.0008	
0.1868	1.6443e+005	0.8894	0.9430	0.9966	0.9966	0.0008	
0.1878	1.6423e+005	0.8887	0.9426	0.9966	0.9966	0.0009	
0.1888	1.6403e+005	0.8883	0.9424	0.9965	0.9965	0.0009	
0.1898	1.6383e+005	0.8876	0.9420	0.9964	0.9964	0.0009	
0.1908	1.6362e+005	0.8867	0.9415	0.9964	0.9964	0.0009	
0.1918	1.6342e+005	0.8860	0.9412	0.9963	0.9963	0.0009	
0.1928	1.6322e+005	0.8854	0.9408	0.9962	0.9962	0.0009	
0.1938	1.6302e+005	0.8847	0.9405	0.9962	0.9962	0.0010	
0.1948	1.6282e+005	0.8838	0.9400	0.9961	0.9961	0.0010	
0.1958	1.6261e+005	0.8831	0.9396	0.9960	0.9960	0.0010	
0.1968	1.6241e+005	0.8826	0.9393	0.9960	0.9960	0.0010	
0.1978	1.6221e+005	0.8821	0.9390	0.9959	0.9959	0.0010	
0.1988	1.6201e+005	0.8817	0.9388	0.9958	0.9958	0.0010	
0.1998	1.6181e+005	0.8808	0.9383	0.9958	0.9958	0.0011	
0.2008	1.616e+005	0.8796	0.9377	0.9957	0.9957	0.0011	
0.2018	1.614e+005	0.8796	0.9376	0.9956	0.9956	0.0011	
0.2028	1.612e+005	0.8787	0.9371	0.9956	0.9956	0.0011	
0.2038	1.61e+005 	0.8780	0.9367	0.9955	0.9955	0.0011	
0.2048	1.608e+005	0.8770	0.9362	0.9954	0.9954	0.0011	
0.2058	1.6059e+005	0.8762	0.9358	0.9953	0.9953	0.0012	
0.2068	1.6039e+005	0.8757	0.9355	0.9953	0.9953	0.0012	
0.2078	1.6019e+005	0.8748	0.9350	0.9952	0.9952	0.0012	
0.2088	1.5999e+005	0.8743	0.9347	0.9951	0.9951	0.0012	
0.2098	1.5979e+005	0.8737	0.9344	0.9950	0.9950	0.0012	
0.2108	1.5958e+005	0.8726	0.9338	0.9950	0.9950	0.0013	
0.2118	1.5938e+005	0.8722	0.9335	0.9949	0.9949	0.0013	
0.2128	1.5918e+005	0.8715	0.9332	0.9948	0.9948	0.0013	
0.2138	1.5898e+005	0.8709	0.9328	0.9948	0.9948	0.0013	
0.2148	1.5878e+005	0.8705	0.9326	0.9947	0.9947	0.0013	
0.2158	1.5857e+005	0.8693	0.9320	0.9946	0.9946	0.0014	
0.2168	1.5837e+005	0.8689	0.9317	0.9945	0.9945	0.0014	
0.2178	1.5817e+005	0.8686	0.9315	0.9944	0.9944	0.0014	
0.2188	1.5797e+005	0.8682	0.9313	0.9944	0.9944	0.0014	
0.2198	1.5777e+005	0.8676	0.9309	0.9943	0.9943	0.0014	
0.2208	1.5756e+005	0.8671	0.9306	0.9942	0.9942	0.0015	
0.2218	1.5736e+005	0.8664	0.9302	0.9941	0.9941	0.0015	
0.2228	1.5716e+005	0.8659	0.9300	0.9940	0.9940	0.0015	
0.2238	1.5696e+005	0.8653	0.9296	0.9939	0.9939	0.0015	
0.2248	1.5676e+005	0.8650	0.9294	0.9938	0.9938	0.0015	
0.2258	1.5655e+005	0.8642	0.9290	0.9938	0.9938	0.0016	
0.2268	1.5635e+005	0.8633	0.9285	0.9937	0.9937	0.0016	
0.2278	1.5615e+005	0.8627	0.9281	0.9936	0.9936	0.0016	
0.2288	1.5595e+005	0.8620	0.9277	0.9935	0.9935	0.0016	
0.2298	1.5575e+005	0.8609	0.9272	0.9934	0.9934	0.0017	
0.2308	1.5554e+005	0.8600	0.9266	0.9933	0.9933	0.0017	
0.2318	1.5534e+005	0.8593	0.9262	0.9932	0.9932	0.0017	
0.2328	1.5514e+005	0.8589	0.9260	0.9931	0.9931	0.0017	
0.2338	1.5494e+005	0.8582	0.9256	0.9930	0.9930	0.0018	
0.2348	1.5474e+005	0.8576	0.9252	0.9929	0.9929	0.0018	
0.2358	1.5453e+005	0.8572	0.9250	0.9928	0.9928	0.0018	
0.2368	1.5433e+005	0.8563	0.9245	0.9927	0.9927	0.0018	
0.2378	1.5413e+005	0.8553	0.9239	0.9926	0.9926	0.0019	
0.2388	1.5393e+005	0.8543	0.9234	0.9925	0.9925	0.0019	
0.2398	1.5373e+005	0.8536	0.9230	0.9924	0.9924	0.0019	
0.2408	1.5352e+005	0.8529	0.9226	0.9923	0.9923	0.0019	
0.2418	1.5332e+005	0.8525	0.9224	0.9922	0.9922	0.0020	
0.2428	1.5312e+005	0.8516	0.9218	0.9921	0.9921	0.0020	
0.2438	1.5292e+005	0.8506	0.9213	0.9920	0.9920	0.0020	
0.2448	1.5272e+005	0.8499	0.9209	0.9919	0.9919	0.0020	
0.2458	1.5251e+005	0.8494	0.9206	0.9917	0.9917	0.0021	
0.2468	1.5231e+005	0.8488	0.9202	0.9916	0.9916	0.0021	
0.2478	1.5211e+005	0.8480	0.9198	0.9915	0.9915	0.0021	
0.2488	1.5191e+005	0.8471	0.9193	0.9914	0.9914	0.0022	
0.2498	1.5171e+005	0.8463	0.9188	0.9913	0.9913	0.0022	
0.2508	1.515e+005	0.8457	0.9184	0.9912	0.9912	0.0022	
0.2518	1.513e+005	0.8451	0.9181	0.9911	0.9911	0.0022	
0.2527	1.511e+005	0.8445	0.9177	0.9910	0.9910	0.0023	
0.2537	1.509e+005	0.8441	0.9174	0.9908	0.9908	0.0023	
0.2547	1.507e+005	0.8434	0.9171	0.9907	0.9907	0.0023	
0.2557	1.5049e+005	0.8429	0.9167	0.9906	0.9906	0.0024	
0.2567	1.5029e+005	0.8419	0.9162	0.9905	0.9905	0.0024	
0.2577	1.5009e+005	0.8408	0.9156	0.9904	0.9904	0.0024	
0.2587	1.4989e+005	0.8403	0.9153	0.9902	0.9902	0.0025	
0.2597	1.4969e+005	0.8394	0.9148	0.9901	0.9901	0.0025	
0.2607	1.4948e+005	0.8388	0.9144	0.9900	0.9900	0.0025	
0.2617	1.4928e+005	0.8382	0.9140	0.9899	0.9899	0.0025	
0.2627	1.4908e+005	0.8374	0.9136	0.9897	0.9897	0.0026	
0.2637	1.4888e+005	0.8362	0.9129	0.9896	0.9896	0.0026	
0.2647	1.4868e+005	0.8354	0.9124	0.9895	0.9895	0.0026	
0.2657	1.4847e+005	0.8348	0.9121	0.9893	0.9893	0.0027	
0.2667	1.4827e+005	0.8341	0.9116	0.9892	0.9892	0.0027	
0.2677	1.4807e+005	0.8329	0.9110	0.9891	0.9891	0.0027	
0.2687	1.4787e+005	0.8320	0.9105	0.9889	0.9889	0.0028	
0.2697	1.4767e+005	0.8314	0.9101	0.9888	0.9888	0.0028	
0.2707	1.4746e+005	0.8305	0.9096	0.9886	0.9886	0.0029	
0.2717	1.4726e+005	0.8294	0.9089	0.9885	0.9885	0.0029	
0.2727	1.4706e+005	0.8287	0.9085	0.9884	0.9884	0.0029	
0.2737	1.4686e+005	0.8278	0.9080	0.9882	0.9882	0.0030	
0.2747	1.4666e+005	0.8273	0.9077	0.9881	0.9881	0.0030	
0.2757	1.4645e+005	0.8262	0.9071	0.9879	0.9879	0.0030	
0.2767	1.4625e+005	0.8260	0.9069	0.9878	0.9878	0.0031	
0.2777	1.4605e+005	0.8251	0.9064	0.9876	0.9876	0.0031	
0.2787	1.4585e+005	0.8243	0.9059	0.9875	0.9875	0.0031	
0.2797	1.4565e+005	0.8240	0.9057	0.9873	0.9873	0.0032	
0.2807	1.4544e+005	0.8231	0.9051	0.9872	0.9872	0.0032	
0.2817	1.4524e+005	0.8227	0.9049	0.9870	0.9870	0.0033	
0.2827	1.4504e+005	0.8217	0.9043	0.9869	0.9869	0.0033	
0.2837	1.4484e+005	0.8214	0.9041	0.9868	0.9868	0.0033	
0.2847	1.4464e+005	0.8211	0.9038	0.9866	0.9866	0.0034	
0.2857	1.4443e+005	0.8200	0.9032	0.9864	0.9864	0.0034	
0.2867	1.4423e+005	0.8193	0.9028	0.9863	0.9863	0.0034	
0.2877	1.4403e+005	0.8191	0.9026	0.9861	0.9861	0.0035	
0.2887	1.4383e+005	0.8188	0.9024	0.9859	0.9859	0.0035	
0.2897	1.4363e+005	0.8181	0.9019	0.9858	0.9858	0.0036	
0.2907	1.4342e+005	0.8174	0.9015	0.9856	0.9856	0.0036	
0.2917	1.4322e+005	0.8170	0.9012	0.9855	0.9855	0.0037	
0.2927	1.4302e+005	0.8165	0.9009	0.9853	0.9853	0.0037	
0.2937	1.4282e+005	0.8155	0.9003	0.9851	0.9851	0.0037	
0.2947	1.4262e+005	0.8149	0.8999	0.9849	0.9849	0.0038	
0.2957	1.4241e+005	0.8143	0.8995	0.9848	0.9848	0.0038	
0.2967	1.4221e+005	0.8134	0.8990	0.9846	0.9846	0.0039	
0.2977	1.4201e+005	0.8127	0.8986	0.9844	0.9844	0.0039	
0.2987	1.4181e+005	0.8122	0.8983	0.9844	0.9844	0.0039	
0.2997	1.4161e+005	0.8087	0.8965	0.9843	0.9843	0.0039	
0.3007	1.414e+005	0.8031	0.8936	0.9842	0.9842	0.0040	
0.3017	1.412e+005	0.7957	0.8899	0.9841	0.9841	0.0040	
0.3027	1.41e+005 	0.7936	0.8888	0.9839	0.9839	0.0040	
0.3037	1.408e+005	0.7929	0.8883	0.9837	0.9837	0.0041	
0.3047	1.406e+005	0.7925	0.8880	0.9836	0.9836	0.0041	
0.3057	1.4039e+005	0.7917	0.8875	0.9834	0.9834	0.0042	
0.3067	1.4019e+005	0.7911	0.8872	0.9832	0.9832	0.0042	
0.3077	1.3999e+005	0.7904	0.8867	0.9830	0.9830	0.0043	
0.3087	1.3979e+005	0.7896	0.8862	0.9828	0.9828	0.0043	
0.3097	1.3959e+005	0.7891	0.8859	0.9826	0.9826	0.0044	
0.3107	1.3938e+005	0.7883	0.8854	0.9824	0.9824	0.0044	
0.3117	1.3918e+005	0.7878	0.8850	0.9823	0.9823	0.0045	
0.3127	1.3898e+005	0.7869	0.8845	0.9821	0.9821	0.0045	
0.3137	1.3878e+005	0.7863	0.8841	0.9819	0.9819	0.0046	
0.3147	1.3858e+005	0.7852	0.8835	0.9817	0.9817	0.0046	
0.3157	1.3837e+005	0.7848	0.8831	0.9815	0.9815	0.0047	
0.3167	1.3817e+005	0.7841	0.8827	0.9813	0.9813	0.0047	
0.3177	1.3797e+005	0.7832	0.8821	0.9811	0.9811	0.0048	
0.3187	1.3777e+005	0.7823	0.8816	0.9809	0.9809	0.0048	
0.3197	1.3757e+005	0.7814	0.8810	0.9807	0.9807	0.0049	
0.3207	1.3736e+005	0.7807	0.8806	0.9805	0.9805	0.0049	
0.3217	1.3716e+005	0.7800	0.8801	0.9802	0.9802	0.0050	
0.3227	1.3696e+005	0.7790	0.8795	0.9800	0.9800	0.0050	
0.3237	1.3676e+005	0.7784	0.8791	0.9798	0.9798	0.0051	
0.3247	1.3656e+005	0.7772	0.8784	0.9796	0.9796	0.0051	
0.3257	1.3635e+005	0.7765	0.8780	0.9794	0.9794	0.0052	
0.3267	1.3615e+005	0.7755	0.8773	0.9792	0.9792	0.0052	
0.3277	1.3595e+005	0.7742	0.8766	0.9790	0.9790	0.0053	
0.3287	1.3575e+005	0.7736	0.8762	0.9787	0.9787	0.0054	
0.3297	1.3555e+005	0.7728	0.8756	0.9785	0.9785	0.0054	
0.3307	1.3534e+005	0.7717	0.8750	0.9783	0.9783	0.0055	
0.3317	1.3514e+005	0.7711	0.8746	0.9781	0.9781	0.0055	
0.3327	1.3494e+005	0.7705	0.8742	0.9778	0.9778	0.0056	
0.3337	1.3474e+005	0.7695	0.8736	0.9776	0.9776	0.0056	
0.3347	1.3454e+005	0.7688	0.8731	0.9774	0.9774	0.0057	
0.3357	1.3433e+005	0.7685	0.8728	0.9771	0.9771	0.0058	
0.3367	1.3413e+005	0.7674	0.8722	0.9769	0.9769	0.0058	
0.3377	1.3393e+005	0.7671	0.8719	0.9767	0.9767	0.0059	
0.3387	1.3373e+005	0.7659	0.8712	0.9765	0.9765	0.0059	
0.3397	1.3353e+005	0.7649	0.8706	0.9762	0.9762	0.0060	
0.3407	1.3332e+005	0.7643	0.8701	0.9760	0.9760	0.0061	
0.3417	1.3312e+005	0.7636	0.8697	0.9758	0.9758	0.0061	
0.3427	1.3292e+005	0.7627	0.8691	0.9755	0.9755	0.0062	
0.3437	1.3272e+005	0.7617	0.8685	0.9753	0.9753	0.0062	
0.3447	1.3252e+005	0.7616	0.8683	0.9750	0.9750	0.0063	
0.3457	1.3231e+005	0.7607	0.8678	0.9748	0.9748	0.0064	
0.3467	1.3211e+005	0.7596	0.8671	0.9745	0.9745	0.0064	
0.3477	1.3191e+005	0.7588	0.8665	0.9743	0.9743	0.0065	
0.3487	1.3171e+005	0.7588	0.8664	0.9741	0.9741	0.0065	
0.3496	1.3151e+005	0.7581	0.8660	0.9739	0.9739	0.0066	
0.3506	1.313e+005	0.7580	0.8658	0.9736	0.9736	0.0067	
0.3516	1.311e+005	0.7566	0.8650	0.9734	0.9734	0.0067	
0.3526	1.309e+005	0.7563	0.8647	0.9732	0.9732	0.0068	
0.3536	1.307e+005	0.7548	0.8638	0.9729	0.9729	0.0068	
0.3546	1.305e+005	0.7541	0.8634	0.9726	0.9726	0.0069	
0.3556	1.3029e+005	0.7530	0.8627	0.9724	0.9724	0.0070	
0.3566	1.3009e+005	0.7521	0.8621	0.9721	0.9721	0.0070	
0.3576	1.2989e+005	0.7509	0.8614	0.9718	0.9718	0.0071	
0.3586	1.2969e+005	0.7498	0.8607	0.9716	0.9716	0.0072	
0.3596	1.2949e+005	0.7484	0.8599	0.9713	0.9713	0.0073	
0.3606	1.2928e+005	0.7473	0.8592	0.9710	0.9710	0.0073	
0.3616	1.2908e+005	0.7463	0.8585	0.9707	0.9707	0.0074	
0.3626	1.2888e+005	0.7451	0.8578	0.9705	0.9705	0.0075	
0.3636	1.2868e+005	0.7439	0.8570	0.9702	0.9702	0.0075	
0.3646	1.2848e+005	0.7424	0.8562	0.9699	0.9699	0.0076	
0.3656	1.2827e+005	0.7414	0.8555	0.9696	0.9696	0.0077	
0.3666	1.2807e+005	0.7403	0.8548	0.9693	0.9693	0.0078	
0.3676	1.2787e+005	0.7392	0.8541	0.9690	0.9690	0.0078	
0.3686	1.2767e+005	0.7384	0.8536	0.9688	0.9688	0.0079	
0.3696	1.2747e+005	0.7373	0.8529	0.9685	0.9685	0.0080	
0.3706	1.2726e+005	0.7367	0.8524	0.9682	0.9682	0.0081	
0.3716	1.2706e+005	0.7357	0.8518	0.9679	0.9679	0.0081	
0.3726	1.2686e+005	0.7348	0.8512	0.9676	0.9676	0.0082	
0.3736	1.2666e+005	0.7337	0.8505	0.9673	0.9673	0.0083	
0.3746	1.2646e+005	0.7321	0.8495	0.9670	0.9670	0.0084	
0.3756	1.2625e+005	0.7306	0.8486	0.9667	0.9667	0.0084	
0.3766	1.2605e+005	0.7293	0.8479	0.9664	0.9664	0.0085	
0.3776	1.2585e+005	0.7276	0.8468	0.9661	0.9661	0.0086	
0.3786	1.2565e+005	0.7260	0.8459	0.9658	0.9658	0.0087	
0.3796	1.2545e+005	0.7249	0.8452	0.9654	0.9654	0.0088	
0.3806	1.2524e+005	0.7237	0.8444	0.9651	0.9651	0.0088	
0.3816	1.2504e+005	0.7220	0.8434	0.9648	0.9648	0.0089	
0.3826	1.2484e+005	0.7209	0.8427	0.9645	0.9645	0.0090	
0.3836	1.2464e+005	0.7198	0.8420	0.9642	0.9642	0.0091	
0.3846	1.2444e+005	0.7182	0.8410	0.9639	0.9639	0.0092	
0.3856	1.2423e+005	0.7170	0.8403	0.9635	0.9635	0.0092	
0.3866	1.2403e+005	0.7159	0.8396	0.9632	0.9632	0.0093	
0.3876	1.2383e+005	0.7150	0.8390	0.9629	0.9629	0.0094	
0.3886	1.2363e+005	0.7137	0.8381	0.9625	0.9625	0.0095	
0.3896	1.2343e+005	0.7128	0.8375	0.9622	0.9622	0.0096	
0.3906	1.2322e+005	0.7122	0.8370	0.9619	0.9619	0.0097	
0.3916	1.2302e+005	0.7107	0.8361	0.9615	0.9615	0.0098	
0.3926	1.2282e+005	0.7096	0.8354	0.9612	0.9612	0.0099	
0.3936	1.2262e+005	0.7088	0.8348	0.9608	0.9608	0.0099	
0.3946	1.2242e+005	0.7074	0.8340	0.9605	0.9605	0.0100	
0.3956	1.2221e+005	0.7066	0.8333	0.9601	0.9601	0.0101	
0.3966	1.2201e+005	0.7057	0.8327	0.9598	0.9598	0.0102	
0.3976	1.2181e+005	0.7046	0.8320	0.9594	0.9594	0.0103	
0.3986	1.2161e+005	0.7035	0.8313	0.9591	0.9591	0.0104	
0.3996	1.2141e+005	0.7033	0.8311	0.9589	0.9589	0.0104	
0.4006	1.212e+005	0.7033	0.8310	0.9587	0.9587	0.0105	
0.4016	1.21e+005 	0.7030	0.8307	0.9583	0.9583	0.0106	
0.4026	1.208e+005	0.7014	0.8297	0.9580	0.9580	0.0107	
0.4036	1.206e+005	0.7003	0.8289	0.9576	0.9576	0.0108	
0.4046	1.204e+005	0.6993	0.8283	0.9573	0.9573	0.0109	
0.4056	1.2019e+005	0.6979	0.8274	0.9569	0.9569	0.0110	
0.4066	1.1999e+005	0.6971	0.8268	0.9565	0.9565	0.0110	
0.4076	1.1979e+005	0.6960	0.8261	0.9562	0.9562	0.0111	
0.4086	1.1959e+005	0.6952	0.8255	0.9558	0.9558	0.0112	
0.4096	1.1939e+005	0.6942	0.8248	0.9554	0.9554	0.0113	
0.4106	1.1918e+005	0.6929	0.8240	0.9550	0.9550	0.0114	
0.4116	1.1898e+005	0.6916	0.8232	0.9547	0.9547	0.0115	
0.4126	1.1878e+005	0.6908	0.8225	0.9543	0.9543	0.0116	
0.4136	1.1858e+005	0.6895	0.8217	0.9539	0.9539	0.0117	
0.4146	1.1838e+005	0.6887	0.8211	0.9535	0.9535	0.0118	
0.4156	1.1817e+005	0.6878	0.8205	0.9532	0.9532	0.0119	
0.4166	1.1797e+005	0.6867	0.8197	0.9528	0.9528	0.0120	
0.4176	1.1777e+005	0.6854	0.8189	0.9524	0.9524	0.0121	
0.4186	1.1757e+005	0.6845	0.8182	0.9520	0.9520	0.0122	
0.4196	1.1737e+005	0.6837	0.8177	0.9516	0.9516	0.0123	
0.4206	1.1716e+005	0.6834	0.8173	0.9512	0.9512	0.0124	
0.4216	1.1696e+005	0.6820	0.8164	0.9508	0.9508	0.0125	
0.4226	1.1676e+005	0.6809	0.8156	0.9504	0.9504	0.0126	
0.4236	1.1656e+005	0.6798	0.8149	0.9500	0.9500	0.0127	
0.4246	1.1636e+005	0.6788	0.8142	0.9496	0.9496	0.0128	
0.4256	1.1615e+005	0.6777	0.8134	0.9492	0.9492	0.0130	
0.4266	1.1595e+005	0.6768	0.8128	0.9488	0.9488	0.0131	
0.4276	1.1575e+005	0.6757	0.8120	0.9484	0.9484	0.0132	
0.4286	1.1555e+005	0.6743	0.8111	0.9479	0.9479	0.0133	
0.4296	1.1535e+005	0.6732	0.8104	0.9475	0.9475	0.0134	
0.4306	1.1514e+005	0.6723	0.8097	0.9471	0.9471	0.0135	
0.4316	1.1494e+005	0.6711	0.8089	0.9467	0.9467	0.0136	
0.4326	1.1474e+005	0.6698	0.8080	0.9463	0.9463	0.0137	
0.4336	1.1454e+005	0.6687	0.8073	0.9458	0.9458	0.0138	
0.4346	1.1434e+005	0.6679	0.8067	0.9454	0.9454	0.0139	
0.4356	1.1413e+005	0.6670	0.8060	0.9450	0.9450	0.0140	
0.4366	1.1393e+005	0.6667	0.8056	0.9446	0.9446	0.0142	
0.4376	1.1373e+005	0.6660	0.8051	0.9441	0.9441	0.0143	
0.4386	1.1353e+005	0.6651	0.8044	0.9437	0.9437	0.0144	
0.4396	1.1333e+005	0.6642	0.8037	0.9433	0.9433	0.0145	
0.4406	1.1312e+005	0.6631	0.8030	0.9428	0.9428	0.0146	
0.4416	1.1292e+005	0.6622	0.8023	0.9424	0.9424	0.0147	
0.4426	1.1272e+005	0.6607	0.8013	0.9420	0.9420	0.0148	
0.4436	1.1252e+005	0.6594	0.8005	0.9416	0.9416	0.0149	
0.4446	1.1232e+005	0.6588	0.8000	0.9411	0.9411	0.0151	
0.4456	1.1211e+005	0.6575	0.7991	0.9407	0.9407	0.0152	
0.4466	1.1191e+005	0.6564	0.7983	0.9402	0.9402	0.0153	
0.4475	1.1171e+005	0.6548	0.7973	0.9398	0.9398	0.0154	
0.4485	1.1151e+005	0.6539	0.7966	0.9393	0.9393	0.0155	
0.4495	1.1131e+005	0.6525	0.7957	0.9388	0.9388	0.0157	
0.4505	1.111e+005	0.6521	0.7952	0.9384	0.9384	0.0158	
0.4515	1.109e+005	0.6509	0.7944	0.9379	0.9379	0.0159	
0.4525	1.107e+005	0.6501	0.7938	0.9375	0.9375	0.0160	
0.4535	1.105e+005	0.6492	0.7931	0.9370	0.9370	0.0161	
0.4545	1.103e+005	0.6485	0.7925	0.9365	0.9365	0.0163	
0.4555	1.1009e+005	0.6475	0.7918	0.9360	0.9360	0.0164	
0.4565	1.0989e+005	0.6467	0.7911	0.9356	0.9356	0.0165	
0.4575	1.0969e+005	0.6459	0.7905	0.9351	0.9351	0.0166	
0.4585	1.0949e+005	0.6450	0.7898	0.9346	0.9346	0.0168	
0.4595	1.0929e+005	0.6440	0.7890	0.9341	0.9341	0.0169	
0.4605	1.0908e+005	0.6427	0.7882	0.9336	0.9336	0.0170	
0.4615	1.0888e+005	0.6419	0.7875	0.9331	0.9331	0.0172	
0.4625	1.0868e+005	0.6406	0.7866	0.9326	0.9326	0.0173	
0.4635	1.0848e+005	0.6397	0.7859	0.9321	0.9321	0.0174	
0.4645	1.0828e+005	0.6389	0.7853	0.9316	0.9316	0.0175	
0.4655	1.0807e+005	0.6376	0.7844	0.9312	0.9312	0.0177	
0.4665	1.0787e+005	0.6367	0.7837	0.9307	0.9307	0.0178	
0.4675	1.0767e+005	0.6357	0.7829	0.9302	0.9302	0.0179	
0.4685	1.0747e+005	0.6349	0.7823	0.9297	0.9297	0.0181	
0.4695	1.0727e+005	0.6339	0.7815	0.9292	0.9292	0.0182	
0.4705	1.0706e+005	0.6335	0.7811	0.9287	0.9287	0.0183	
0.4715	1.0686e+005	0.6324	0.7803	0.9282	0.9282	0.0185	
0.4725	1.0666e+005	0.6312	0.7794	0.9277	0.9277	0.0186	
0.4735	1.0646e+005	0.6302	0.7787	0.9271	0.9271	0.0187	
0.4745	1.0626e+005	0.6287	0.7776	0.9266	0.9266	0.0189	
0.4755	1.0605e+005	0.6274	0.7767	0.9261	0.9261	0.0190	
0.4765	1.0585e+005	0.6266	0.7761	0.9256	0.9256	0.0192	
0.4775	1.0565e+005	0.6257	0.7754	0.9250	0.9250	0.0193	
0.4785	1.0545e+005	0.6245	0.7745	0.9245	0.9245	0.0194	
0.4795	1.0525e+005	0.6234	0.7737	0.9240	0.9240	0.0196	
0.4805	1.0504e+005	0.6225	0.7730	0.9234	0.9234	0.0197	
0.4815	1.0484e+005	0.6216	0.7723	0.9229	0.9229	0.0199	
0.4825	1.0464e+005	0.6204	0.7714	0.9224	0.9224	0.0200	
0.4835	1.0444e+005	0.6192	0.7705	0.9218	0.9218	0.0201	
0.4845	1.0424e+005	0.6186	0.7700	0.9213	0.9213	0.0203	
0.4855	1.0403e+005	0.6174	0.7691	0.9207	0.9207	0.0204	
0.4865	1.0383e+005	0.6163	0.7682	0.9202	0.9202	0.0206	
0.4875	1.0363e+005	0.6152	0.7674	0.9196	0.9196	0.0207	
0.4885	1.0343e+005	0.6142	0.7667	0.9191	0.9191	0.0209	
0.4895	1.0323e+005	0.6125	0.7655	0.9185	0.9185	0.0210	
0.4905	1.0302e+005	0.6112	0.7646	0.9180	0.9180	0.0212	
0.4915	1.0282e+005	0.6104	0.7639	0.9174	0.9174	0.0213	
0.4925	1.0262e+005	0.6092	0.7630	0.9168	0.9168	0.0215	
0.4935	1.0242e+005	0.6086	0.7624	0.9163	0.9163	0.0216	
0.4945	1.0222e+005	0.6072	0.7614	0.9157	0.9157	0.0218	
0.4955	1.0201e+005	0.6067	0.7609	0.9152	0.9152	0.0219	
0.4965	1.0181e+005	0.6062	0.7604	0.9146	0.9146	0.0221	
0.4975	1.0161e+005	0.6052	0.7596	0.9141	0.9141	0.0222	
0.4985	1.0141e+005	0.6039	0.7587	0.9135	0.9135	0.0224	
0.4995	1.0121e+005	0.6031	0.7580	0.9129	0.9129	0.0225	
0.5005	1.01e+005 	0.6023	0.7573	0.9123	0.9123	0.0227	
0.5015	1.008e+005	0.6017	0.7567	0.9118	0.9118	0.0228	
0.5025	1.006e+005	0.6009	0.7561	0.9112	0.9112	0.0230	
0.5035	1.004e+005	0.5997	0.7551	0.9106	0.9106	0.0231	
0.5045	1.002e+005	0.5987	0.7543	0.9100	0.9100	0.0233	
0.5055	99994     	0.5976	0.7535	0.9094	0.9094	0.0235	
0.5065	99792     	0.5963	0.7526	0.9088	0.9088	0.0236	
0.5075	99590     	0.5955	0.7519	0.9082	0.9082	0.0238	
0.5085	99388     	0.5945	0.7511	0.9076	0.9076	0.0239	
0.5095	99186     	0.5931	0.7501	0.9070	0.9070	0.0241	
0.5105	98984     	0.5920	0.7492	0.9064	0.9064	0.0243	
0.5115	98782     	0.5909	0.7483	0.9058	0.9058	0.0244	
0.5125	98580     	0.5898	0.7475	0.9052	0.9052	0.0246	
0.5135	98378     	0.5884	0.7465	0.9046	0.9046	0.0248	
0.5145	98176     	0.5875	0.7457	0.9040	0.9040	0.0249	
0.5155	97974     	0.5869	0.7451	0.9033	0.9033	0.0251	
0.5165	97772     	0.5859	0.7443	0.9027	0.9027	0.0253	
0.5175	97570     	0.5849	0.7435	0.9021	0.9021	0.0254	
0.5185	97368     	0.5831	0.7423	0.9015	0.9015	0.0256	
0.5195	97166     	0.5817	0.7413	0.9009	0.9009	0.0258	
0.5205	96964     	0.5805	0.7404	0.9002	0.9002	0.0259	
0.5215	96762     	0.5792	0.7394	0.8996	0.8996	0.0261	
0.5225	96560     	0.5786	0.7388	0.8990	0.8990	0.0263	
0.5235	96358     	0.5771	0.7377	0.8983	0.8983	0.0264	
0.5245	96156     	0.5759	0.7368	0.8977	0.8977	0.0266	
0.5255	95954     	0.5751	0.7361	0.8971	0.8971	0.0268	
0.5265	95752     	0.5743	0.7354	0.8964	0.8964	0.0270	
0.5275	95550     	0.5735	0.7347	0.8958	0.8958	0.0271	
0.5285	95348     	0.5727	0.7339	0.8952	0.8952	0.0273	
0.5295	95146     	0.5717	0.7331	0.8945	0.8945	0.0275	
0.5305	94944     	0.5709	0.7324	0.8939	0.8939	0.0277	
0.5315	94742     	0.5700	0.7316	0.8932	0.8932	0.0278	
0.5325	94540     	0.5688	0.7306	0.8925	0.8925	0.0280	
0.5335	94338     	0.5679	0.7299	0.8919	0.8919	0.0282	
0.5345	94136     	0.5668	0.7290	0.8912	0.8912	0.0284	
0.5355	93934     	0.5662	0.7284	0.8906	0.8906	0.0286	
0.5365	93732     	0.5655	0.7277	0.8899	0.8899	0.0287	
0.5375	93530     	0.5648	0.7270	0.8893	0.8893	0.0289	
0.5385	93328     	0.5639	0.7262	0.8886	0.8886	0.0291	
0.5395	93126     	0.5636	0.7259	0.8881	0.8881	0.0292	
0.5405	92924     	0.5636	0.7255	0.8875	0.8875	0.0294	
0.5415	92722     	0.5629	0.7249	0.8869	0.8869	0.0296	
0.5425	92520     	0.5614	0.7238	0.8862	0.8862	0.0298	
0.5435	92318     	0.5604	0.7229	0.8855	0.8855	0.0299	
0.5444	92116     	0.5593	0.7220	0.8848	0.8848	0.0301	
0.5454	91914     	0.5578	0.7209	0.8841	0.8841	0.0303	
0.5464	91712     	0.5563	0.7199	0.8834	0.8834	0.0305	
0.5474	91510     	0.5552	0.7190	0.8828	0.8828	0.0307	
0.5484	91308     	0.5538	0.7179	0.8821	0.8821	0.0309	
0.5494	91106     	0.5534	0.7174	0.8814	0.8814	0.0311	
0.5504	90904     	0.5519	0.7163	0.8807	0.8807	0.0313	
0.5514	90702     	0.5501	0.7151	0.8800	0.8800	0.0315	
0.5524	90500     	0.5488	0.7141	0.8793	0.8793	0.0316	
0.5534	90298     	0.5484	0.7135	0.8786	0.8786	0.0318	
0.5544	90096     	0.5472	0.7126	0.8779	0.8779	0.0320	
0.5554	89894     	0.5464	0.7118	0.8772	0.8772	0.0322	
0.5564	89692     	0.5452	0.7108	0.8764	0.8764	0.0324	
0.5574	89490     	0.5439	0.7098	0.8757	0.8757	0.0326	
0.5584	89288     	0.5431	0.7091	0.8751	0.8751	0.0328	
0.5594	89086     	0.5421	0.7082	0.8743	0.8743	0.0330	
0.5604	88884     	0.5407	0.7072	0.8736	0.8736	0.0332	
0.5614	88682     	0.5397	0.7063	0.8729	0.8729	0.0334	
0.5624	88480     	0.5389	0.7055	0.8722	0.8722	0.0336	
0.5634	88278     	0.5379	0.7047	0.8714	0.8714	0.0338	
0.5644	88076     	0.5368	0.7037	0.8707	0.8707	0.0340	
0.5654	87874     	0.5360	0.7030	0.8700	0.8700	0.0342	
0.5664	87672     	0.5355	0.7023	0.8692	0.8692	0.0344	
0.5674	87470     	0.5342	0.7013	0.8685	0.8685	0.0346	
0.5684	87268     	0.5331	0.7004	0.8677	0.8677	0.0348	
0.5694	87066     	0.5317	0.6993	0.8670	0.8670	0.0351	
0.5704	86864     	0.5304	0.6983	0.8662	0.8662	0.0353	
0.5714	86662     	0.5295	0.6975	0.8655	0.8655	0.0355	
0.5724	86460     	0.5285	0.6966	0.8647	0.8647	0.0357	
0.5734	86258     	0.5277	0.6958	0.8640	0.8640	0.0359	
0.5744	86056     	0.5263	0.6948	0.8632	0.8632	0.0361	
0.5754	85854     	0.5254	0.6939	0.8624	0.8624	0.0363	
0.5764	85652     	0.5246	0.6931	0.8617	0.8617	0.0365	
0.5774	85450     	0.5238	0.6923	0.8609	0.8609	0.0368	
0.5784	85248     	0.5232	0.6917	0.8601	0.8601	0.0370	
0.5794	85046     	0.5226	0.6910	0.8594	0.8594	0.0372	
0.5804	84844     	0.5215	0.6900	0.8586	0.8586	0.0374	
0.5814	84642     	0.5205	0.6892	0.8578	0.8578	0.0376	
0.5824	84440     	0.5194	0.6882	0.8570	0.8570	0.0378	
0.5834	84238     	0.5181	0.6872	0.8562	0.8562	0.0381	
0.5844	84036     	0.5168	0.6861	0.8554	0.8554	0.0383	
0.5854	83834     	0.5163	0.6855	0.8546	0.8546	0.0385	
0.5864	83632     	0.5153	0.6846	0.8538	0.8538	0.0387	
0.5874	83430     	0.5142	0.6836	0.8530	0.8530	0.0390	
0.5884	83228     	0.5134	0.6828	0.8522	0.8522	0.0392	
0.5894	83026     	0.5123	0.6819	0.8514	0.8514	0.0394	
0.5904	82824     	0.5116	0.6811	0.8506	0.8506	0.0396	
0.5914	82622     	0.5111	0.6805	0.8498	0.8498	0.0399	
0.5924	82420     	0.5103	0.6797	0.8492	0.8492	0.0400	
0.5934	82218     	0.5103	0.6795	0.8487	0.8487	0.0402	
0.5944	82016     	0.5102	0.6791	0.8481	0.8481	0.0404	
0.5954	81814     	0.5100	0.6787	0.8474	0.8474	0.0406	
0.5964	81612     	0.5091	0.6778	0.8466	0.8466	0.0408	
0.5974	81410     	0.5082	0.6770	0.8458	0.8458	0.0410	
0.5984	81208     	0.5070	0.6760	0.8450	0.8450	0.0412	
0.5994	81006     	0.5060	0.6751	0.8441	0.8441	0.0415	
0.6004	80804     	0.5048	0.6741	0.8433	0.8433	0.0417	
0.6014	80602     	0.5037	0.6731	0.8425	0.8425	0.0419	
0.6024	80400     	0.5029	0.6723	0.8416	0.8416	0.0422	
0.6034	80198     	0.5023	0.6716	0.8408	0.8408	0.0424	
0.6044	79996     	0.5012	0.6706	0.8400	0.8400	0.0427	
0.6054	79794     	0.5004	0.6697	0.8391	0.8391	0.0429	
0.6064	79592     	0.4999	0.6691	0.8383	0.8383	0.0431	
0.6074	79390     	0.4989	0.6682	0.8374	0.8374	0.0434	
0.6084	79188     	0.4983	0.6675	0.8366	0.8366	0.0436	
0.6094	78986     	0.4971	0.6664	0.8357	0.8357	0.0439	
0.6104	78784     	0.4957	0.6653	0.8349	0.8349	0.0441	
0.6114	78582     	0.4949	0.6644	0.8340	0.8340	0.0444	
0.6124	78380     	0.4938	0.6635	0.8332	0.8332	0.0446	
0.6134	78178     	0.4928	0.6626	0.8323	0.8323	0.0449	
0.6144	77976     	0.4918	0.6616	0.8314	0.8314	0.0451	
0.6154	77774     	0.4909	0.6607	0.8306	0.8306	0.0454	
0.6164	77572     	0.4901	0.6599	0.8297	0.8297	0.0456	
0.6174	77370     	0.4896	0.6592	0.8289	0.8289	0.0458	
0.6184	77168     	0.4884	0.6582	0.8280	0.8280	0.0461	
0.6194	76966     	0.4872	0.6571	0.8271	0.8271	0.0463	
0.6204	76764     	0.4865	0.6564	0.8262	0.8262	0.0466	
0.6214	76562     	0.4853	0.6553	0.8253	0.8253	0.0469	
0.6224	76360     	0.4835	0.6540	0.8245	0.8245	0.0471	
0.6234	76158     	0.4823	0.6529	0.8236	0.8236	0.0474	
0.6244	75956     	0.4817	0.6522	0.8227	0.8227	0.0476	
0.6254	75754     	0.4806	0.6512	0.8218	0.8218	0.0479	
0.6264	75552     	0.4799	0.6504	0.8209	0.8209	0.0481	
0.6274	75350     	0.4790	0.6495	0.8200	0.8200	0.0484	
0.6284	75148     	0.4782	0.6486	0.8191	0.8191	0.0487	
0.6294	74946     	0.4773	0.6477	0.8182	0.8182	0.0489	
0.6304	74744     	0.4770	0.6472	0.8174	0.8174	0.0492	
0.6314	74542     	0.4761	0.6463	0.8164	0.8164	0.0494	
0.6324	74340     	0.4746	0.6451	0.8155	0.8155	0.0497	
0.6334	74138     	0.4732	0.6439	0.8146	0.8146	0.0500	
0.6344	73936     	0.4726	0.6431	0.8137	0.8137	0.0502	
0.6354	73734     	0.4716	0.6422	0.8128	0.8128	0.0505	
0.6364	73532     	0.4706	0.6412	0.8118	0.8118	0.0508	
0.6374	73330     	0.4699	0.6404	0.8109	0.8109	0.0511	
0.6384	73128     	0.4688	0.6394	0.8100	0.8100	0.0513	
0.6394	72926     	0.4677	0.6384	0.8090	0.8090	0.0516	
0.6404	72724     	0.4669	0.6375	0.8081	0.8081	0.0519	
0.6413	72522     	0.4655	0.6363	0.8072	0.8072	0.0522	
0.6423	72320     	0.4646	0.6354	0.8062	0.8062	0.0524	
0.6433	72118     	0.4635	0.6343	0.8052	0.8052	0.0527	
0.6443	71916     	0.4627	0.6335	0.8043	0.8043	0.0530	
0.6453	71714     	0.4619	0.6326	0.8033	0.8033	0.0533	
0.6463	71512     	0.4609	0.6316	0.8024	0.8024	0.0536	
0.6473	71310     	0.4596	0.6305	0.8014	0.8014	0.0539	
0.6483	71108     	0.4591	0.6297	0.8004	0.8004	0.0541	
0.6493	70906     	0.4583	0.6289	0.7994	0.7994	0.0544	
0.6503	70704     	0.4569	0.6276	0.7984	0.7984	0.0547	
0.6513	70502     	0.4561	0.6268	0.7975	0.7975	0.0550	
0.6523	70300     	0.4553	0.6259	0.7965	0.7965	0.0553	
0.6533	70098     	0.4545	0.6250	0.7955	0.7955	0.0556	
0.6543	69896     	0.4536	0.6241	0.7945	0.7945	0.0559	
0.6553	69694     	0.4529	0.6232	0.7935	0.7935	0.0562	
0.6563	69492     	0.4518	0.6222	0.7925	0.7925	0.0565	
0.6573	69290     	0.4510	0.6212	0.7915	0.7915	0.0568	
0.6583	69088     	0.4496	0.6201	0.7905	0.7905	0.0571	
0.6593	68886     	0.4487	0.6191	0.7895	0.7895	0.0574	
0.6603	68684     	0.4479	0.6182	0.7884	0.7884	0.0577	
0.6613	68482     	0.4468	0.6172	0.7875	0.7875	0.0580	
0.6623	68280     	0.4468	0.6167	0.7866	0.7866	0.0582	
0.6633	68078     	0.4458	0.6157	0.7856	0.7856	0.0585	
0.6643	67876     	0.4441	0.6144	0.7846	0.7846	0.0588	
0.6653	67674     	0.4431	0.6133	0.7836	0.7836	0.0592	
0.6663	67472     	0.4420	0.6123	0.7825	0.7825	0.0595	
0.6673	67270     	0.4408	0.6111	0.7815	0.7815	0.0598	
0.6683	67068     	0.4397	0.6100	0.7804	0.7804	0.0601	
0.6693	66866     	0.4383	0.6089	0.7794	0.7794	0.0604	
0.6703	66664     	0.4367	0.6075	0.7783	0.7783	0.0607	
0.6713	66462     	0.4363	0.6068	0.7773	0.7773	0.0610	
0.6723	66260     	0.4352	0.6057	0.7762	0.7762	0.0614	
0.6733	66058     	0.4341	0.6046	0.7751	0.7751	0.0617	
0.6743	65856     	0.4329	0.6035	0.7741	0.7741	0.0620	
0.6753	65654     	0.4320	0.6025	0.7730	0.7730	0.0623	
0.6763	65452     	0.4309	0.6014	0.7719	0.7719	0.0627	
0.6773	65250     	0.4296	0.6002	0.7709	0.7709	0.0630	
0.6783	65048     	0.4284	0.5991	0.7698	0.7698	0.0633	
0.6793	64846     	0.4272	0.5979	0.7687	0.7687	0.0637	
0.6803	64644     	0.4260	0.5968	0.7676	0.7676	0.0640	
0.6813	64442     	0.4252	0.5958	0.7665	0.7665	0.0643	
0.6823	64240     	0.4236	0.5945	0.7654	0.7654	0.0647	
0.6833	64038     	0.4228	0.5935	0.7643	0.7643	0.0650	
0.6843	63836     	0.4216	0.5924	0.7631	0.7631	0.0653	
0.6853	63634     	0.4198	0.5909	0.7620	0.7620	0.0657	
0.6863	63432     	0.4181	0.5895	0.7609	0.7609	0.0660	
0.6873	63230     	0.4164	0.5881	0.7598	0.7598	0.0664	
0.6883	63028     	0.4149	0.5868	0.7586	0.7586	0.0667	
0.6893	62826     	0.4139	0.5857	0.7575	0.7575	0.0671	
0.6903	62624     	0.4128	0.5846	0.7564	0.7564	0.0674	
0.6913	62422     	0.4113	0.5833	0.7552	0.7552	0.0678	
0.6923	62220     	0.4102	0.5822	0.7541	0.7541	0.0681	
0.6933	62018     	0.4101	0.5816	0.7531	0.7531	0.0684	
0.6943	61816     	0.4091	0.5805	0.7519	0.7519	0.0688	
0.6953	61614     	0.4072	0.5790	0.7508	0.7508	0.0692	
0.6963	61412     	0.4056	0.5776	0.7496	0.7496	0.0695	
0.6973	61210     	0.4045	0.5764	0.7484	0.7484	0.0699	
0.6983	61008     	0.4033	0.5753	0.7473	0.7473	0.0702	
0.6993	60806     	0.4014	0.5738	0.7461	0.7461	0.0706	
0.7003	60604     	0.4005	0.5727	0.7449	0.7449	0.0710	
0.7013	60402     	0.3987	0.5712	0.7437	0.7437	0.0714	
0.7023	60200     	0.3973	0.5699	0.7425	0.7425	0.0717	
0.7033	59998     	0.3965	0.5690	0.7414	0.7414	0.0721	
0.7043	59796     	0.3954	0.5678	0.7402	0.7402	0.0725	
0.7053	59594     	0.3940	0.5665	0.7389	0.7389	0.0728	
0.7063	59392     	0.3928	0.5653	0.7377	0.7377	0.0732	
0.7073	59190     	0.3916	0.5641	0.7365	0.7365	0.0736	
0.7083	58988     	0.3903	0.5628	0.7353	0.7353	0.0740	
0.7093	58786     	0.3892	0.5616	0.7341	0.7341	0.0744	
0.7103	58584     	0.3882	0.5605	0.7328	0.7328	0.0748	
0.7113	58382     	0.3868	0.5592	0.7316	0.7316	0.0752	
0.7123	58180     	0.3860	0.5582	0.7304	0.7304	0.0755	
0.7133	57978     	0.3849	0.5570	0.7291	0.7291	0.0759	
0.7143	57776     	0.3840	0.5559	0.7279	0.7279	0.0763	
0.7153	57574     	0.3824	0.5545	0.7266	0.7266	0.0767	
0.7163	57372     	0.3809	0.5531	0.7254	0.7254	0.0771	
0.7173	57170     	0.3796	0.5518	0.7241	0.7241	0.0775	
0.7183	56968     	0.3788	0.5508	0.7228	0.7228	0.0779	
0.7193	56766     	0.3778	0.5497	0.7216	0.7216	0.0783	
0.7203	56564     	0.3765	0.5484	0.7203	0.7203	0.0788	
0.7213	56362     	0.3755	0.5472	0.7190	0.7190	0.0792	
0.7223	56160     	0.3743	0.5460	0.7177	0.7177	0.0796	
0.7233	55958     	0.3741	0.5453	0.7165	0.7165	0.0800	
0.7243	55756     	0.3721	0.5437	0.7152	0.7152	0.0804	
0.7253	55554     	0.3710	0.5425	0.7139	0.7139	0.0808	
0.7263	55352     	0.3702	0.5414	0.7126	0.7126	0.0812	
0.7273	55150     	0.3685	0.5399	0.7113	0.7113	0.0816	
0.7283	54948     	0.3683	0.5395	0.7107	0.7107	0.0818	
0.7293	54746     	0.3682	0.5392	0.7102	0.7102	0.0820	
0.7303	54544     	0.3681	0.5388	0.7094	0.7094	0.0822	
0.7313	54342     	0.3680	0.5383	0.7086	0.7086	0.0825	
0.7323	54140     	0.3680	0.5378	0.7077	0.7077	0.0828	
0.7333	53938     	0.3679	0.5373	0.7067	0.7067	0.0831	
0.7343	53736     	0.3679	0.5367	0.7055	0.7055	0.0835	
0.7353	53534     	0.3677	0.5360	0.7043	0.7043	0.0839	
0.7363	53332     	0.3668	0.5349	0.7029	0.7029	0.0843	
0.7373	53130     	0.3655	0.5335	0.7016	0.7016	0.0848	
0.7382	52928     	0.3650	0.5326	0.7003	0.7003	0.0852	
0.7392	52726     	0.3637	0.5313	0.6989	0.6989	0.0857	
0.7402	52524     	0.3623	0.5299	0.6976	0.6976	0.0861	
0.7412	52322     	0.3614	0.5288	0.6962	0.6962	0.0865	
0.7422	52120     	0.3607	0.5278	0.6949	0.6949	0.0870	
0.7432	51918     	0.3596	0.5265	0.6935	0.6935	0.0874	
0.7442	51716     	0.3582	0.5252	0.6921	0.6921	0.0879	
0.7452	51514     	0.3574	0.5241	0.6908	0.6908	0.0883	
0.7462	51312     	0.3560	0.5227	0.6894	0.6894	0.0888	
0.7472	51110     	0.3549	0.5214	0.6880	0.6880	0.0892	
0.7482	50908     	0.3538	0.5202	0.6866	0.6866	0.0897	
0.7492	50706     	0.3526	0.5189	0.6852	0.6852	0.0902	
0.7502	50504     	0.3516	0.5177	0.6839	0.6839	0.0906	
0.7512	50302     	0.3503	0.5164	0.6825	0.6825	0.0911	
0.7522	50100     	0.3492	0.5151	0.6810	0.6810	0.0916	
0.7532	49898     	0.3481	0.5139	0.6796	0.6796	0.0920	
0.7542	49696     	0.3475	0.5128	0.6782	0.6782	0.0925	
0.7552	49494     	0.3467	0.5117	0.6768	0.6768	0.0930	
0.7562	49292     	0.3461	0.5107	0.6754	0.6754	0.0935	
0.7572	49090     	0.3450	0.5095	0.6739	0.6739	0.0939	
0.7582	48888     	0.3443	0.5084	0.6725	0.6725	0.0944	
0.7592	48686     	0.3434	0.5072	0.6710	0.6710	0.0949	
0.7602	48484     	0.3424	0.5060	0.6696	0.6696	0.0954	
0.7612	48282     	0.3413	0.5047	0.6681	0.6681	0.0959	
0.7622	48080     	0.3402	0.5034	0.6667	0.6667	0.0964	
0.7632	47878     	0.3394	0.5023	0.6652	0.6652	0.0969	
0.7642	47676     	0.3385	0.5011	0.6637	0.6637	0.0974	
0.7652	47474     	0.3373	0.4998	0.6622	0.6622	0.0979	
0.7662	47272     	0.3362	0.4984	0.6607	0.6607	0.0984	
0.7672	47070     	0.3352	0.4972	0.6592	0.6592	0.0989	
0.7682	46868     	0.3345	0.4961	0.6577	0.6577	0.0995	
0.7692	46666     	0.3330	0.4946	0.6562	0.6562	0.1000	
0.7702	46464     	0.3322	0.4934	0.6547	0.6547	0.1005	
0.7712	46262     	0.3315	0.4924	0.6532	0.6532	0.1010	
0.7722	46060     	0.3303	0.4910	0.6516	0.6516	0.1015	
0.7732	45858     	0.3298	0.4901	0.6504	0.6504	0.1020	
0.7742	45656     	0.3293	0.4891	0.6489	0.6489	0.1025	
0.7752	45454     	0.3283	0.4878	0.6473	0.6473	0.1030	
0.7762	45252     	0.3268	0.4863	0.6458	0.6458	0.1036	
0.7772	45050     	0.3260	0.4851	0.6442	0.6442	0.1041	
0.7782	44848     	0.3252	0.4839	0.6426	0.6426	0.1047	
0.7792	44646     	0.3241	0.4826	0.6411	0.6411	0.1052	
0.7802	44444     	0.3230	0.4813	0.6395	0.6395	0.1058	
0.7812	44242     	0.3216	0.4797	0.6379	0.6379	0.1063	
0.7822	44040     	0.3208	0.4785	0.6363	0.6363	0.1069	
0.7832	43838     	0.3197	0.4772	0.6347	0.6347	0.1074	
0.7842	43636     	0.3188	0.4759	0.6331	0.6331	0.1080	
0.7852	43434     	0.3176	0.4745	0.6315	0.6315	0.1086	
0.7862	43232     	0.3166	0.4732	0.6298	0.6298	0.1091	
0.7872	43030     	0.3162	0.4722	0.6282	0.6282	0.1097	
0.7882	42828     	0.3149	0.4707	0.6265	0.6265	0.1103	
0.7892	42626     	0.3136	0.4693	0.6249	0.6249	0.1109	
0.7902	42424     	0.3121	0.4677	0.6232	0.6232	0.1115	
0.7912	42222     	0.3105	0.4660	0.6216	0.6216	0.1121	
0.7922	42020     	0.3089	0.4644	0.6199	0.6199	0.1127	
0.7932	41818     	0.3081	0.4631	0.6182	0.6182	0.1133	
0.7942	41616     	0.3075	0.4620	0.6165	0.6165	0.1139	
0.7952	41414     	0.3062	0.4605	0.6148	0.6148	0.1145	
0.7962	41212     	0.3054	0.4592	0.6131	0.6131	0.1151	
0.7972	41010     	0.3045	0.4580	0.6114	0.6114	0.1157	
0.7982	40808     	0.3036	0.4566	0.6097	0.6097	0.1164	
0.7992	40606     	0.3031	0.4556	0.6081	0.6081	0.1169	
0.8002	40404     	0.3023	0.4543	0.6063	0.6063	0.1176	
0.8012	40202     	0.3010	0.4528	0.6046	0.6046	0.1182	
0.8022	40000     	0.3004	0.4516	0.6029	0.6029	0.1188	
0.8032	39798     	0.2996	0.4504	0.6011	0.6011	0.1195	
0.8042	39596     	0.2985	0.4489	0.5993	0.5993	0.1201	
0.8052	39394     	0.2975	0.4476	0.5976	0.5976	0.1208	
0.8062	39192     	0.2968	0.4463	0.5958	0.5958	0.1214	
0.8072	38990     	0.2956	0.4448	0.5940	0.5940	0.1221	
0.8082	38788     	0.2949	0.4435	0.5922	0.5922	0.1228	
0.8092	38586     	0.2938	0.4421	0.5904	0.5904	0.1234	
0.8102	38384     	0.2924	0.4405	0.5886	0.5886	0.1241	
0.8112	38182     	0.2916	0.4391	0.5867	0.5867	0.1248	
0.8122	37980     	0.2903	0.4376	0.5849	0.5849	0.1255	
0.8132	37778     	0.2893	0.4362	0.5831	0.5831	0.1262	
0.8142	37576     	0.2881	0.4347	0.5812	0.5812	0.1269	
0.8152	37374     	0.2867	0.4330	0.5793	0.5793	0.1276	
0.8162	37172     	0.2853	0.4314	0.5775	0.5775	0.1283	
0.8172	36970     	0.2838	0.4297	0.5756	0.5756	0.1290	
0.8182	36768     	0.2832	0.4284	0.5737	0.5737	0.1297	
0.8192	36566     	0.2818	0.4268	0.5718	0.5718	0.1304	
0.8202	36364     	0.2814	0.4257	0.5699	0.5699	0.1311	
0.8212	36162     	0.2800	0.4240	0.5680	0.5680	0.1319	
0.8222	35960     	0.2789	0.4225	0.5661	0.5661	0.1326	
0.8232	35758     	0.2773	0.4208	0.5642	0.5642	0.1333	
0.8242	35556     	0.2764	0.4193	0.5623	0.5623	0.1341	
0.8252	35354     	0.2751	0.4177	0.5603	0.5603	0.1348	
0.8262	35152     	0.2741	0.4162	0.5583	0.5583	0.1356	
0.8272	34950     	0.2725	0.4144	0.5564	0.5564	0.1363	
0.8282	34748     	0.2715	0.4130	0.5544	0.5544	0.1371	
0.8292	34546     	0.2705	0.4115	0.5524	0.5524	0.1379	
0.8302	34344     	0.2693	0.4099	0.5504	0.5504	0.1387	
0.8312	34142     	0.2679	0.4082	0.5484	0.5484	0.1394	
0.8322	33940     	0.2668	0.4066	0.5464	0.5464	0.1402	
0.8332	33738     	0.2661	0.4053	0.5444	0.5444	0.1410	
0.8342	33536     	0.2649	0.4037	0.5424	0.5424	0.1418	
0.8351	33334     	0.2637	0.4020	0.5403	0.5403	0.1426	
0.8361	33132     	0.2629	0.4006	0.5383	0.5383	0.1435	
0.8371	32930     	0.2613	0.3988	0.5362	0.5362	0.1443	
0.8381	32728     	0.2601	0.3971	0.5341	0.5341	0.1451	
0.8391	32526     	0.2585	0.3953	0.5320	0.5320	0.1459	
0.8401	32324     	0.2569	0.3934	0.5299	0.5299	0.1468	
0.8411	32122     	0.2554	0.3917	0.5279	0.5279	0.1476	
0.8421	31920     	0.2544	0.3901	0.5259	0.5259	0.1484	
0.8431	31718     	0.2530	0.3884	0.5237	0.5237	0.1493	
0.8441	31516     	0.2510	0.3863	0.5216	0.5216	0.1502	
0.8451	31314     	0.2498	0.3846	0.5195	0.5195	0.1510	
0.8461	31112     	0.2483	0.3828	0.5173	0.5173	0.1519	
0.8471	30910     	0.2472	0.3812	0.5152	0.5152	0.1528	
0.8481	30708     	0.2465	0.3797	0.5130	0.5130	0.1537	
0.8491	30506     	0.2452	0.3780	0.5108	0.5108	0.1546	
0.8501	30304     	0.2441	0.3763	0.5086	0.5086	0.1555	
0.8511	30102     	0.2430	0.3747	0.5064	0.5064	0.1564	
0.8521	29900     	0.2419	0.3731	0.5043	0.5043	0.1573	
0.8531	29698     	0.2404	0.3713	0.5021	0.5021	0.1582	
0.8541	29496     	0.2389	0.3694	0.4999	0.4999	0.1592	
0.8551	29294     	0.2375	0.3676	0.4977	0.4977	0.1601	
0.8561	29092     	0.2358	0.3656	0.4954	0.4954	0.1610	
0.8571	28890     	0.2345	0.3638	0.4932	0.4932	0.1620	
0.8581	28688     	0.2333	0.3621	0.4909	0.4909	0.1630	
0.8591	28486     	0.2323	0.3604	0.4886	0.4886	0.1639	
0.8601	28284     	0.2310	0.3587	0.4863	0.4863	0.1649	
0.8611	28082     	0.2297	0.3569	0.4841	0.4841	0.1659	
0.8621	27880     	0.2287	0.3552	0.4818	0.4818	0.1669	
0.8631	27678     	0.2282	0.3539	0.4796	0.4796	0.1678	
0.8641	27476     	0.2271	0.3522	0.4773	0.4773	0.1688	
0.8651	27274     	0.2262	0.3506	0.4750	0.4750	0.1698	
0.8661	27072     	0.2248	0.3487	0.4726	0.4726	0.1709	
0.8671	26870     	0.2236	0.3470	0.4703	0.4703	0.1719	
0.8681	26668     	0.2226	0.3453	0.4679	0.4679	0.1729	
0.8691	26466     	0.2214	0.3435	0.4656	0.4656	0.1740	
0.8701	26264     	0.2201	0.3417	0.4632	0.4632	0.1750	
0.8711	26062     	0.2184	0.3396	0.4609	0.4609	0.1761	
0.8721	25860     	0.2171	0.3378	0.4585	0.4585	0.1771	
0.8731	25658     	0.2163	0.3363	0.4562	0.4562	0.1781	
0.8741	25456     	0.2146	0.3342	0.4538	0.4538	0.1792	
0.8751	25254     	0.2131	0.3323	0.4514	0.4514	0.1803	
0.8761	25052     	0.2115	0.3302	0.4490	0.4490	0.1814	
0.8771	24850     	0.2100	0.3282	0.4465	0.4465	0.1826	
0.8781	24648     	0.2086	0.3263	0.4440	0.4440	0.1837	
0.8791	24446     	0.2071	0.3244	0.4416	0.4416	0.1848	
0.8801	24244     	0.2057	0.3224	0.4391	0.4391	0.1860	
0.8811	24042     	0.2042	0.3204	0.4366	0.4366	0.1871	
0.8821	23840     	0.2031	0.3186	0.4341	0.4341	0.1883	
0.8831	23638     	0.2022	0.3169	0.4316	0.4316	0.1895	
0.8841	23436     	0.2009	0.3150	0.4291	0.4291	0.1906	
0.8851	23234     	0.2000	0.3133	0.4266	0.4266	0.1918	
0.8861	23032     	0.1980	0.3110	0.4240	0.4240	0.1930	
0.8871	22830     	0.1971	0.3093	0.4215	0.4215	0.1943	
0.8881	22628     	0.1954	0.3072	0.4189	0.4189	0.1955	
0.8891	22426     	0.1947	0.3055	0.4164	0.4164	0.1967	
0.8901	22224     	0.1939	0.3039	0.4138	0.4138	0.1979	
0.8911	22022     	0.1927	0.3020	0.4113	0.4113	0.1992	
0.8921	21820     	0.1915	0.3001	0.4087	0.4087	0.2005	
0.8931	21618     	0.1903	0.2982	0.4060	0.4060	0.2017	
0.8941	21416     	0.1887	0.2960	0.4034	0.4034	0.2030	
0.8951	21214     	0.1874	0.2941	0.4008	0.4008	0.2044	
0.8961	21012     	0.1860	0.2921	0.3981	0.3981	0.2057	
0.8971	20810     	0.1852	0.2903	0.3955	0.3955	0.2070	
0.8981	20608     	0.1841	0.2884	0.3928	0.3928	0.2083	
0.8991	20406     	0.1834	0.2867	0.3901	0.3901	0.2097	
0.9001	20204     	0.1818	0.2846	0.3874	0.3874	0.2111	
0.9011	20002     	0.1809	0.2828	0.3847	0.3847	0.2125	
0.9021	19800     	0.1801	0.2810	0.3820	0.3820	0.2139	
0.9031	19598     	0.1788	0.2790	0.3792	0.3792	0.2153	
0.9041	19396     	0.1778	0.2771	0.3765	0.3765	0.2167	
0.9051	19194     	0.1767	0.2752	0.3737	0.3737	0.2181	
0.9061	18992     	0.1761	0.2735	0.3709	0.3709	0.2196	
0.9071	18790     	0.1750	0.2716	0.3681	0.3681	0.2211	
0.9081	18588     	0.1739	0.2696	0.3653	0.3653	0.2226	
0.9091	18386     	0.1730	0.2677	0.3625	0.3625	0.2241	
0.9101	18184     	0.1720	0.2658	0.3597	0.3597	0.2256	
0.9111	17982     	0.1703	0.2636	0.3568	0.3568	0.2271	
0.9121	17780     	0.1695	0.2617	0.3539	0.3539	0.2287	
0.9131	17578     	0.1680	0.2595	0.3510	0.3510	0.2303	
0.9141	17376     	0.1665	0.2573	0.3481	0.3481	0.2319	
0.9151	17174     	0.1649	0.2551	0.3452	0.3452	0.2335	
0.9161	16972     	0.1643	0.2533	0.3423	0.3423	0.2351	
0.9171	16770     	0.1626	0.2510	0.3393	0.3393	0.2368	
0.9181	16568     	0.1613	0.2488	0.3363	0.3363	0.2385	
0.9191	16366     	0.1603	0.2468	0.3333	0.3333	0.2402	
0.9201	16164     	0.1592	0.2448	0.3303	0.3303	0.2419	
0.9211	15962     	0.1580	0.2427	0.3273	0.3273	0.2436	
0.9221	15760     	0.1567	0.2405	0.3243	0.3243	0.2454	
0.9231	15558     	0.1557	0.2385	0.3212	0.3212	0.2471	
0.9241	15356     	0.1538	0.2360	0.3182	0.3182	0.2489	
0.9251	15154     	0.1520	0.2336	0.3151	0.3151	0.2508	
0.9261	14952     	0.1503	0.2312	0.3120	0.3120	0.2526	
0.9271	14750     	0.1491	0.2290	0.3089	0.3089	0.2545	
0.9281	14548     	0.1479	0.2268	0.3058	0.3058	0.2564	
0.9291	14346     	0.1465	0.2246	0.3026	0.3026	0.2583	
0.9301	14144     	0.1454	0.2224	0.2994	0.2994	0.2603	
0.9311	13942     	0.1442	0.2202	0.2962	0.2962	0.2622	
0.9321	13740     	0.1428	0.2179	0.2930	0.2930	0.2643	
0.9330	13538     	0.1413	0.2155	0.2898	0.2898	0.2663	
0.9340	13336     	0.1393	0.2129	0.2865	0.2865	0.2684	
0.9350	13134     	0.1380	0.2106	0.2832	0.2832	0.2705	
0.9360	12932     	0.1371	0.2085	0.2799	0.2799	0.2726	
0.9370	12730     	0.1364	0.2065	0.2766	0.2766	0.2748	
0.9380	12528     	0.1350	0.2041	0.2733	0.2733	0.2770	
0.9390	12326     	0.1339	0.2019	0.2699	0.2699	0.2792	
0.9400	12124     	0.1324	0.1995	0.2666	0.2666	0.2814	
0.9410	11922     	0.1304	0.1968	0.2632	0.2632	0.2837	
0.9420	11720     	0.1289	0.1944	0.2598	0.2598	0.2860	
0.9430	11518     	0.1276	0.1920	0.2564	0.2564	0.2884	
0.9440	11316     	0.1256	0.1893	0.2529	0.2529	0.2908	
0.9450	11114     	0.1245	0.1870	0.2495	0.2495	0.2933	
0.9460	10912     	0.1228	0.1844	0.2460	0.2460	0.2958	
0.9470	10710     	0.1208	0.1816	0.2424	0.2424	0.2983	
0.9480	10508     	0.1188	0.1788	0.2389	0.2389	0.3009	
0.9490	10306     	0.1168	0.1761	0.2353	0.2353	0.3036	
0.9500	10104     	0.1154	0.1736	0.2317	0.2317	0.3062	
0.9510	9902      	0.1135	0.1708	0.2281	0.2281	0.3090	
0.9520	9700      	0.1113	0.1678	0.2244	0.2244	0.3118	
0.9530	9498      	0.1097	0.1652	0.2207	0.2207	0.3146	
0.9540	9296      	0.1077	0.1623	0.2169	0.2169	0.3175	
0.9550	9094      	0.1056	0.1594	0.2132	0.2132	0.3205	
0.9560	8892      	0.1028	0.1561	0.2094	0.2094	0.3235	
0.9570	8690      	0.1007	0.1531	0.2056	0.2056	0.3266	
0.9580	8488      	0.0989	0.1504	0.2018	0.2018	0.3298	
0.9590	8286      	0.0969	0.1474	0.1979	0.1979	0.3330	
0.9600	8084      	0.0949	0.1445	0.1941	0.1941	0.3363	
0.9610	7882      	0.0924	0.1413	0.1901	0.1901	0.3397	
0.9620	7680      	0.0904	0.1383	0.1862	0.1862	0.3431	
0.9630	7478      	0.0892	0.1358	0.1823	0.1823	0.3466	
0.9640	7276      	0.0868	0.1326	0.1783	0.1783	0.3502	
0.9650	7074      	0.0853	0.1298	0.1743	0.1743	0.3539	
0.9660	6872      	0.0822	0.1262	0.1702	0.1702	0.3577	
0.9670	6670      	0.0799	0.1230	0.1661	0.1661	0.3616	
0.9680	6468      	0.0770	0.1195	0.1620	0.1620	0.3656	
0.9690	6266      	0.0742	0.1160	0.1578	0.1578	0.3697	
0.9700	6064      	0.0722	0.1129	0.1536	0.1536	0.3740	
0.9710	5862      	0.0703	0.1098	0.1493	0.1493	0.3783	
0.9720	5660      	0.0677	0.1064	0.1450	0.1450	0.3829	
0.9730	5458      	0.0656	0.1032	0.1407	0.1407	0.3875	
0.9740	5256      	0.0634	0.0999	0.1364	0.1364	0.3923	
0.9750	5054      	0.0611	0.0965	0.1320	0.1320	0.3973	
0.9760	4852      	0.0587	0.0931	0.1275	0.1275	0.4024	
0.9770	4650      	0.0565	0.0897	0.1230	0.1230	0.4078	
0.9780	4448      	0.0546	0.0865	0.1184	0.1184	0.4134	
0.9790	4246      	0.0526	0.0832	0.1138	0.1138	0.4192	
0.9800	4044      	0.0500	0.0796	0.1091	0.1091	0.4252	
0.9810	3842      	0.0476	0.0760	0.1044	0.1044	0.4315	
0.9820	3640      	0.0449	0.0723	0.0996	0.0996	0.4382	
0.9830	3438      	0.0418	0.0683	0.0947	0.0947	0.4452	
0.9840	3236      	0.0392	0.0646	0.0899	0.0899	0.4524	
0.9850	3034      	0.0371	0.0610	0.0849	0.0849	0.4602	
0.9860	2832      	0.0345	0.0571	0.0797	0.0797	0.4686	
0.9870	2630      	0.0324	0.0535	0.0745	0.0745	0.4775	
0.9880	2428      	0.0297	0.0494	0.0692	0.0692	0.4872	
0.9890	2226      	0.0280	0.0458	0.0637	0.0637	0.4977	
0.9900	2024      	0.0254	0.0417	0.0580	0.0580	0.5092	
0.9910	1822      	0.0230	0.0376	0.0522	0.0522	0.5220	
0.9920	1620      	0.0203	0.0333	0.0462	0.0462	0.5364	
0.9930	1418      	0.0174	0.0287	0.0399	0.0399	0.5531	
0.9940	1216      	0.0150	0.0241	0.0333	0.0333	0.5729	
0.9950	1014      	0.0127	0.0195	0.0262	0.0262	0.5975	
0.9960	812       	0.0104	0.0147	0.0190	0.0190	0.6288	
0.9970	610       	0.0083	0.0116	0.0148	0.0148	0.6511	
0.9980	408       	0.0065	0.0085	0.0105	0.0105	0.6797	
0.9990	206       	0.0046	0.0049	0.0052	0.0052	0.7318	
1.0000	4         	0.0001	0.0001	0.0002	0.0001	0.8949	
1.0000	0         	0.0000	0.0000	0.0000	0.0000	1.0000	
