F-lost	   TF_cost	min-1	mean-1	max-1	w-mean-1	ext2-1	min-2	mean-2	max-2	w-mean-2	ext2-2	
0.0000	2.033e+005	0.9999	1.0000	1.0000	0.0000	0.0000	1.0000	1.0000	1.0000	0.0000	0.0000	
0.0010	2.031e+005	0.9913	0.9959	1.0000	0.0000	0.0000	1.0000	1.0000	1.0000	0.0000	0.0000	
0.0020	2.0289e+005	0.9764	0.9915	1.0000	0.0000	0.0000	1.0000	1.0000	1.0000	0.0000	0.0000	
0.0030	2.0269e+005	0.9605	0.9867	0.9999	0.0000	0.0000	0.9999	0.9999	0.9999	0.0000	0.0000	
0.0040	2.0249e+005	0.9446	0.9821	0.9997	0.0000	0.0000	0.9997	0.9997	0.9997	0.0000	0.0000	
0.0050	2.0228e+005	0.9286	0.9773	0.9996	0.0000	0.0000	0.9996	0.9996	0.9996	0.0000	0.0000	
0.0060	2.0208e+005	0.9127	0.9725	0.9994	0.0000	0.0000	0.9994	0.9994	0.9994	0.0000	0.0000	
0.0070	2.0188e+005	0.8967	0.9677	0.9991	0.0000	0.0000	0.9991	0.9991	0.9991	0.0000	0.0000	
0.0080	2.0168e+005	0.8808	0.9627	0.9989	0.0000	0.0000	0.9989	0.9989	0.9989	0.0000	0.0000	
0.0090	2.0147e+005	0.8649	0.9571	0.9987	0.0000	0.0000	0.9987	0.9987	0.9987	0.0000	0.0000	
0.0100	2.0127e+005	0.8489	0.9520	0.9984	0.0000	0.0000	0.9984	0.9984	0.9984	0.0000	0.0000	
0.0110	2.0107e+005	0.8330	0.9473	0.9980	0.0000	0.0000	0.9980	0.9980	0.9980	0.0000	0.0000	
0.0120	2.0086e+005	0.8171	0.9426	0.9976	0.0000	0.0000	0.9976	0.9976	0.9976	0.0000	0.0000	
0.0130	2.0066e+005	0.8011	0.9377	0.9970	0.0000	0.0000	0.9970	0.9970	0.9970	0.0000	0.0000	
0.0140	2.0046e+005	0.7852	0.9328	0.9966	0.0000	0.0000	0.9966	0.9966	0.9966	0.0000	0.0000	
0.0150	2.0025e+005	0.7692	0.9280	0.9961	0.0000	0.0000	0.9961	0.9961	0.9961	0.0000	0.0000	
0.0160	2.0005e+005	0.7533	0.9233	0.9956	0.0000	0.0000	0.9956	0.9956	0.9956	0.0000	0.0000	
0.0170	1.9985e+005	0.7374	0.9185	0.9950	0.0000	0.0000	0.9950	0.9950	0.9950	0.0000	0.0000	
0.0180	1.9964e+005	0.7214	0.9136	0.9944	0.0000	0.0000	0.9944	0.9944	0.9944	0.0000	0.0000	
0.0190	1.9944e+005	0.7055	0.9087	0.9938	0.0000	0.0000	0.9938	0.9938	0.9938	0.0000	0.0000	
0.0200	1.9924e+005	0.6895	0.9038	0.9931	0.0000	0.0000	0.9931	0.9931	0.9931	0.0000	0.0000	
0.0210	1.9904e+005	0.6736	0.8991	0.9923	0.0000	0.0000	0.9923	0.9923	0.9923	0.0000	0.0000	
0.0220	1.9883e+005	0.6577	0.8944	0.9915	0.0000	0.0000	0.9915	0.9915	0.9915	0.0000	0.0000	
0.0230	1.9863e+005	0.6417	0.8896	0.9906	0.0000	0.0000	0.9906	0.9906	0.9906	0.0000	0.0000	
0.0240	1.9843e+005	0.6258	0.8849	0.9896	0.0000	0.0000	0.9896	0.9896	0.9896	0.0000	0.0000	
0.0250	1.9822e+005	0.6098	0.8802	0.9884	0.0000	0.0000	0.9884	0.9884	0.9884	0.0000	0.0000	
0.0260	1.9802e+005	0.5939	0.8753	0.9871	0.0000	0.0000	0.9871	0.9871	0.9871	0.0000	0.0000	
0.0270	1.9782e+005	0.5780	0.8701	0.9855	0.0000	0.0000	0.9855	0.9855	0.9855	0.0000	0.0000	
0.0280	1.9762e+005	0.5671	0.8654	0.9842	0.0000	0.0000	0.9842	0.9842	0.9842	0.0000	0.0000	
0.0290	1.9741e+005	0.5656	0.8617	0.9841	0.0000	0.0000	0.9841	0.9841	0.9841	0.0000	0.0000	
0.0300	1.9721e+005	0.5619	0.8575	0.9839	0.0000	0.0000	0.9839	0.9839	0.9839	0.0000	0.0000	
0.0310	1.9701e+005	0.5616	0.8538	0.9836	0.0000	0.0000	0.9836	0.9836	0.9836	0.0000	0.0000	
0.0320	1.968e+005	0.5506	0.8493	0.9833	0.0000	0.0000	0.9833	0.9833	0.9833	0.0000	0.0000	
0.0330	1.966e+005	0.5397	0.8444	0.9829	0.0000	0.0000	0.9829	0.9829	0.9829	0.0000	0.0000	
0.0340	1.964e+005	0.5395	0.8406	0.9824	0.0000	0.0000	0.9824	0.9824	0.9824	0.0000	0.0000	
0.0350	1.9619e+005	0.5393	0.8367	0.9813	0.0000	0.0000	0.9813	0.9813	0.9813	0.0000	0.0000	
0.0360	1.9599e+005	0.5393	0.8354	0.9808	0.0000	0.0000	0.9808	0.9808	0.9808	0.0000	0.0000	
0.0370	1.9579e+005	0.5393	0.8350	0.9808	0.0000	0.0000	0.9808	0.9808	0.9808	0.0000	0.0000	
0.0380	1.9558e+005	0.5369	0.8340	0.9807	0.0000	0.0000	0.9807	0.9807	0.9807	0.0000	0.0000	
0.0390	1.9538e+005	0.5349	0.8330	0.9807	0.0000	0.0000	0.9807	0.9807	0.9807	0.0000	0.0000	
0.0400	1.9518e+005	0.5348	0.8325	0.9806	0.0000	0.0000	0.9806	0.9806	0.9806	0.0000	0.0000	
0.0409	1.9498e+005	0.5348	0.8323	0.9806	0.0000	0.0000	0.9806	0.9806	0.9806	0.0000	0.0000	
0.0419	1.9477e+005	0.5348	0.8320	0.9805	0.0000	0.0000	0.9805	0.9805	0.9805	0.0000	0.0000	
0.0429	1.9457e+005	0.5347	0.8317	0.9805	0.0000	0.0000	0.9805	0.9805	0.9805	0.0000	0.0000	
0.0439	1.9437e+005	0.5347	0.8314	0.9804	0.0000	0.0000	0.9804	0.9804	0.9804	0.0000	0.0000	
0.0449	1.9416e+005	0.5347	0.8310	0.9803	0.0000	0.0000	0.9803	0.9803	0.9803	0.0000	0.0000	
0.0459	1.9396e+005	0.5346	0.8305	0.9802	0.0000	0.0000	0.9802	0.9802	0.9802	0.0000	0.0000	
0.0469	1.9376e+005	0.5342	0.8301	0.9801	0.0000	0.0000	0.9801	0.9801	0.9801	0.0000	0.0000	
0.0479	1.9356e+005	0.5340	0.8296	0.9800	0.0000	0.0000	0.9800	0.9800	0.9800	0.0000	0.0000	
0.0489	1.9335e+005	0.5334	0.8289	0.9799	0.0000	0.0000	0.9799	0.9799	0.9799	0.0000	0.0000	
0.0499	1.9315e+005	0.5323	0.8282	0.9798	0.0000	0.0000	0.9798	0.9798	0.9798	0.0000	0.0000	
0.0509	1.9295e+005	0.5217	0.8252	0.9797	0.0000	0.0000	0.9797	0.9797	0.9797	0.0000	0.0000	
0.0519	1.9274e+005	0.5198	0.8244	0.9795	0.0000	0.0000	0.9795	0.9795	0.9795	0.0000	0.0000	
0.0529	1.9254e+005	0.5198	0.8240	0.9794	0.0000	0.0000	0.9794	0.9794	0.9794	0.0000	0.0000	
0.0539	1.9234e+005	0.5190	0.8234	0.9793	0.0000	0.0000	0.9793	0.9793	0.9793	0.0000	0.0000	
0.0549	1.9213e+005	0.5190	0.8229	0.9792	0.0000	0.0000	0.9792	0.9792	0.9792	0.0000	0.0000	
0.0559	1.9193e+005	0.5190	0.8225	0.9791	0.0000	0.0000	0.9791	0.9791	0.9791	0.0000	0.0000	
0.0569	1.9173e+005	0.5190	0.8221	0.9789	0.0000	0.0000	0.9789	0.9789	0.9789	0.0000	0.0000	
0.0579	1.9152e+005	0.5186	0.8216	0.9788	0.0000	0.0000	0.9788	0.9788	0.9788	0.0000	0.0000	
0.0589	1.9132e+005	0.5179	0.8208	0.9787	0.0000	0.0000	0.9787	0.9787	0.9787	0.0000	0.0000	
0.0599	1.9112e+005	0.5178	0.8204	0.9785	0.0000	0.0000	0.9785	0.9785	0.9785	0.0000	0.0000	
0.0609	1.9092e+005	0.5177	0.8200	0.9784	0.0000	0.0000	0.9784	0.9784	0.9784	0.0000	0.0000	
0.0619	1.9071e+005	0.5175	0.8195	0.9783	0.0000	0.0000	0.9783	0.9783	0.9783	0.0000	0.0000	
0.0629	1.9051e+005	0.5172	0.8191	0.9781	0.0000	0.0000	0.9781	0.9781	0.9781	0.0000	0.0000	
0.0639	1.9031e+005	0.5171	0.8186	0.9780	0.0000	0.0000	0.9780	0.9780	0.9780	0.0000	0.0000	
0.0649	1.901e+005	0.5171	0.8181	0.9778	0.0000	0.0000	0.9778	0.9778	0.9778	0.0000	0.0000	
0.0659	1.899e+005	0.5170	0.8177	0.9777	0.0000	0.0000	0.9777	0.9777	0.9777	0.0000	0.0000	
0.0669	1.897e+005	0.5166	0.8171	0.9775	0.0000	0.0000	0.9775	0.9775	0.9775	0.0000	0.0000	
0.0679	1.895e+005	0.5161	0.8164	0.9774	0.0000	0.0000	0.9774	0.9774	0.9774	0.0000	0.0000	
0.0689	1.8929e+005	0.5161	0.8159	0.9772	0.0000	0.0000	0.9772	0.9772	0.9772	0.0000	0.0000	
0.0699	1.8909e+005	0.5159	0.8154	0.9770	0.0000	0.0000	0.9770	0.9770	0.9770	0.0000	0.0000	
0.0709	1.8889e+005	0.5159	0.8150	0.9769	0.0000	0.0000	0.9769	0.9769	0.9769	0.0000	0.0000	
0.0719	1.8868e+005	0.5159	0.8146	0.9767	0.0000	0.0000	0.9767	0.9767	0.9767	0.0000	0.0000	
0.0729	1.8848e+005	0.5159	0.8141	0.9765	0.0000	0.0000	0.9765	0.9765	0.9765	0.0000	0.0000	
0.0739	1.8828e+005	0.5158	0.8136	0.9763	0.0000	0.0000	0.9763	0.9763	0.9763	0.0000	0.0000	
0.0749	1.8807e+005	0.5144	0.8126	0.9761	0.0000	0.0000	0.9761	0.9761	0.9761	0.0000	0.0000	
0.0759	1.8787e+005	0.5144	0.8122	0.9760	0.0000	0.0000	0.9760	0.9760	0.9760	0.0000	0.0000	
0.0769	1.8767e+005	0.5144	0.8117	0.9758	0.0000	0.0000	0.9758	0.9758	0.9758	0.0000	0.0000	
0.0779	1.8746e+005	0.5144	0.8114	0.9756	0.0000	0.0000	0.9756	0.9756	0.9756	0.0000	0.0000	
0.0789	1.8726e+005	0.5142	0.8110	0.9754	0.0000	0.0000	0.9754	0.9754	0.9754	0.0000	0.0000	
0.0799	1.8706e+005	0.5142	0.8105	0.9752	0.0000	0.0000	0.9752	0.9752	0.9752	0.0000	0.0000	
0.0809	1.8686e+005	0.5142	0.8101	0.9750	0.0000	0.0000	0.9750	0.9750	0.9750	0.0000	0.0000	
0.0819	1.8665e+005	0.5142	0.8097	0.9748	0.0000	0.0000	0.9748	0.9748	0.9748	0.0000	0.0000	
0.0829	1.8645e+005	0.5142	0.8093	0.9746	0.0000	0.0000	0.9746	0.9746	0.9746	0.0000	0.0000	
0.0839	1.8625e+005	0.5111	0.8079	0.9744	0.0000	0.0000	0.9744	0.9744	0.9744	0.0000	0.0000	
0.0849	1.8604e+005	0.4952	0.8035	0.9742	0.0000	0.0000	0.9742	0.9742	0.9742	0.0000	0.0000	
0.0859	1.8584e+005	0.4793	0.7992	0.9740	0.0000	0.0000	0.9740	0.9740	0.9740	0.0000	0.0000	
0.0869	1.8564e+005	0.4633	0.7948	0.9738	0.0000	0.0000	0.9738	0.9738	0.9738	0.0000	0.0000	
0.0879	1.8544e+005	0.4508	0.7912	0.9736	0.0000	0.0000	0.9736	0.9736	0.9736	0.0000	0.0000	
0.0889	1.8523e+005	0.4508	0.7908	0.9734	0.0000	0.0000	0.9734	0.9734	0.9734	0.0000	0.0000	
0.0899	1.8503e+005	0.4504	0.7901	0.9731	0.0000	0.0000	0.9731	0.9731	0.9731	0.0000	0.0000	
0.0909	1.8483e+005	0.4504	0.7897	0.9729	0.0000	0.0000	0.9729	0.9729	0.9729	0.0000	0.0000	
0.0919	1.8462e+005	0.4504	0.7891	0.9727	0.0000	0.0000	0.9727	0.9727	0.9727	0.0000	0.0000	
0.0929	1.8442e+005	0.4504	0.7885	0.9725	0.0000	0.0000	0.9725	0.9725	0.9725	0.0000	0.0000	
0.0939	1.8422e+005	0.4504	0.7881	0.9722	0.0000	0.0000	0.9722	0.9722	0.9722	0.0000	0.0000	
0.0949	1.8401e+005	0.4465	0.7864	0.9720	0.0000	0.0000	0.9720	0.9720	0.9720	0.0000	0.0000	
0.0959	1.8381e+005	0.4458	0.7857	0.9717	0.0000	0.0000	0.9717	0.9717	0.9717	0.0000	0.0000	
0.0969	1.8361e+005	0.4455	0.7850	0.9715	0.0000	0.0000	0.9715	0.9715	0.9715	0.0000	0.0000	
0.0979	1.834e+005	0.4449	0.7845	0.9712	0.0000	0.0000	0.9712	0.9712	0.9712	0.0000	0.0000	
0.0989	1.832e+005	0.4448	0.7839	0.9710	0.0000	0.0000	0.9710	0.9710	0.9710	0.0000	0.0000	
0.0999	1.83e+005 	0.4448	0.7834	0.9707	0.0000	0.0000	0.9707	0.9707	0.9707	0.0000	0.0000	
0.1009	1.828e+005	0.4447	0.7830	0.9704	0.0000	0.0000	0.9704	0.9704	0.9704	0.0000	0.0000	
0.1019	1.8259e+005	0.4446	0.7825	0.9701	0.0000	0.0000	0.9701	0.9701	0.9701	0.0000	0.0000	
0.1029	1.8239e+005	0.4445	0.7821	0.9698	0.0000	0.0000	0.9698	0.9698	0.9698	0.0000	0.0000	
0.1039	1.8219e+005	0.4445	0.7815	0.9696	0.0000	0.0000	0.9696	0.9696	0.9696	0.0000	0.0000	
0.1049	1.8198e+005	0.4439	0.7808	0.9693	0.0000	0.0000	0.9693	0.9693	0.9693	0.0000	0.0000	
0.1059	1.8178e+005	0.4436	0.7801	0.9690	0.0000	0.0000	0.9690	0.9690	0.9690	0.0000	0.0000	
0.1069	1.8158e+005	0.4436	0.7796	0.9687	0.0000	0.0000	0.9687	0.9687	0.9687	0.0000	0.0000	
0.1078	1.8138e+005	0.4436	0.7792	0.9683	0.0000	0.0000	0.9683	0.9683	0.9683	0.0000	0.0000	
0.1088	1.8117e+005	0.4436	0.7788	0.9680	0.0000	0.0000	0.9680	0.9680	0.9680	0.0000	0.0000	
0.1098	1.8097e+005	0.4436	0.7784	0.9677	0.0000	0.0000	0.9677	0.9677	0.9677	0.0000	0.0000	
0.1108	1.8077e+005	0.4435	0.7778	0.9674	0.0000	0.0000	0.9674	0.9674	0.9674	0.0000	0.0000	
0.1118	1.8056e+005	0.4435	0.7773	0.9671	0.0000	0.0000	0.9671	0.9671	0.9671	0.0000	0.0000	
0.1128	1.8036e+005	0.4435	0.7767	0.9667	0.0000	0.0000	0.9667	0.9667	0.9667	0.0000	0.0000	
0.1138	1.8016e+005	0.4435	0.7760	0.9664	0.0000	0.0000	0.9664	0.9664	0.9664	0.0000	0.0000	
0.1148	1.7995e+005	0.4435	0.7756	0.9660	0.0000	0.0000	0.9660	0.9660	0.9660	0.0000	0.0000	
0.1158	1.7975e+005	0.4435	0.7749	0.9657	0.0000	0.0000	0.9657	0.9657	0.9657	0.0000	0.0000	
0.1168	1.7955e+005	0.4409	0.7735	0.9653	0.0000	0.0000	0.9653	0.9653	0.9653	0.0000	0.0000	
0.1178	1.7934e+005	0.4409	0.7730	0.9649	0.0000	0.0000	0.9649	0.9649	0.9649	0.0000	0.0000	
0.1188	1.7914e+005	0.4409	0.7726	0.9646	0.0000	0.0000	0.9646	0.9646	0.9646	0.0000	0.0000	
0.1198	1.7894e+005	0.4409	0.7721	0.9642	0.0000	0.0000	0.9642	0.9642	0.9642	0.0000	0.0000	
0.1208	1.7874e+005	0.4408	0.7716	0.9638	0.0000	0.0000	0.9638	0.9638	0.9638	0.0000	0.0000	
0.1218	1.7853e+005	0.4408	0.7712	0.9635	0.0000	0.0000	0.9635	0.9635	0.9635	0.0000	0.0000	
0.1228	1.7833e+005	0.4404	0.7707	0.9631	0.0000	0.0000	0.9631	0.9631	0.9631	0.0000	0.0000	
0.1238	1.7813e+005	0.4395	0.7699	0.9627	0.0000	0.0000	0.9627	0.9627	0.9627	0.0000	0.0000	
0.1248	1.7792e+005	0.4395	0.7694	0.9623	0.0000	0.0000	0.9623	0.9623	0.9623	0.0000	0.0000	
0.1258	1.7772e+005	0.4395	0.7689	0.9619	0.0000	0.0000	0.9619	0.9619	0.9619	0.0000	0.0000	
0.1268	1.7752e+005	0.4395	0.7685	0.9615	0.0000	0.0000	0.9615	0.9615	0.9615	0.0000	0.0000	
0.1278	1.7732e+005	0.4393	0.7680	0.9611	0.0000	0.0000	0.9611	0.9611	0.9611	0.0000	0.0000	
0.1288	1.7711e+005	0.4393	0.7674	0.9606	0.0000	0.0000	0.9606	0.9606	0.9606	0.0000	0.0000	
0.1298	1.7691e+005	0.4319	0.7649	0.9602	0.0000	0.0000	0.9602	0.9602	0.9602	0.0000	0.0000	
0.1308	1.7671e+005	0.4319	0.7644	0.9598	0.0000	0.0000	0.9598	0.9598	0.9598	0.0000	0.0000	
0.1318	1.765e+005	0.4311	0.7638	0.9593	0.0000	0.0000	0.9593	0.9593	0.9593	0.0000	0.0000	
0.1328	1.763e+005	0.4311	0.7633	0.9589	0.0000	0.0000	0.9589	0.9589	0.9589	0.0000	0.0000	
0.1338	1.761e+005	0.4311	0.7628	0.9585	0.0000	0.0000	0.9585	0.9585	0.9585	0.0000	0.0000	
0.1348	1.7589e+005	0.4298	0.7619	0.9580	0.0000	0.0000	0.9580	0.9580	0.9580	0.0000	0.0000	
0.1358	1.7569e+005	0.4293	0.7612	0.9576	0.0000	0.0000	0.9576	0.9576	0.9576	0.0000	0.0000	
0.1368	1.7549e+005	0.4293	0.7608	0.9571	0.0000	0.0000	0.9571	0.9571	0.9571	0.0000	0.0000	
0.1378	1.7528e+005	0.4289	0.7600	0.9567	0.0000	0.0000	0.9567	0.9567	0.9567	0.0000	0.0000	
0.1388	1.7508e+005	0.4289	0.7596	0.9562	0.0000	0.0000	0.9562	0.9562	0.9562	0.0000	0.0000	
0.1398	1.7488e+005	0.4289	0.7590	0.9557	0.0000	0.0000	0.9557	0.9557	0.9557	0.0000	0.0000	
0.1408	1.7468e+005	0.4286	0.7584	0.9553	0.0000	0.0000	0.9553	0.9553	0.9553	0.0000	0.0000	
0.1418	1.7447e+005	0.4279	0.7578	0.9548	0.0000	0.0000	0.9548	0.9548	0.9548	0.0000	0.0000	
0.1428	1.7427e+005	0.4279	0.7573	0.9543	0.0000	0.0000	0.9543	0.9543	0.9543	0.0000	0.0000	
0.1438	1.7407e+005	0.4274	0.7566	0.9539	0.0000	0.0000	0.9539	0.9539	0.9539	0.0000	0.0000	
0.1448	1.7386e+005	0.4216	0.7545	0.9534	0.0000	0.0000	0.9534	0.9534	0.9534	0.0000	0.0000	
0.1458	1.7366e+005	0.4216	0.7540	0.9529	0.0000	0.0000	0.9529	0.9529	0.9529	0.0000	0.0000	
0.1468	1.7346e+005	0.4216	0.7535	0.9525	0.0000	0.0000	0.9525	0.9525	0.9525	0.0000	0.0000	
0.1478	1.7326e+005	0.4187	0.7522	0.9520	0.0000	0.0000	0.9520	0.9520	0.9520	0.0000	0.0000	
0.1488	1.7305e+005	0.4187	0.7516	0.9515	0.0000	0.0000	0.9515	0.9515	0.9515	0.0000	0.0000	
0.1498	1.7285e+005	0.4187	0.7511	0.9510	0.0000	0.0000	0.9510	0.9510	0.9510	0.0000	0.0000	
0.1508	1.7265e+005	0.4187	0.7505	0.9505	0.0000	0.0000	0.9505	0.9505	0.9505	0.0000	0.0000	
0.1518	1.7244e+005	0.4187	0.7500	0.9500	0.0000	0.0000	0.9500	0.9500	0.9500	0.0000	0.0000	
0.1528	1.7224e+005	0.4184	0.7492	0.9495	0.0000	0.0000	0.9495	0.9495	0.9495	0.0000	0.0000	
0.1538	1.7204e+005	0.4179	0.7486	0.9489	0.0000	0.0000	0.9489	0.9489	0.9489	0.0000	0.0000	
0.1548	1.7183e+005	0.4177	0.7481	0.9484	0.0000	0.0000	0.9484	0.9484	0.9484	0.0000	0.0000	
0.1558	1.7163e+005	0.4160	0.7471	0.9479	0.0000	0.0000	0.9479	0.9479	0.9479	0.0000	0.0000	
0.1568	1.7143e+005	0.4160	0.7466	0.9474	0.0000	0.0000	0.9474	0.9474	0.9474	0.0000	0.0000	
0.1578	1.7122e+005	0.4136	0.7455	0.9469	0.0000	0.0000	0.9469	0.9469	0.9469	0.0000	0.0000	
0.1588	1.7102e+005	0.4121	0.7443	0.9464	0.0000	0.0000	0.9464	0.9464	0.9464	0.0000	0.0000	
0.1598	1.7082e+005	0.4120	0.7438	0.9458	0.0000	0.0000	0.9458	0.9458	0.9458	0.0000	0.0000	
0.1608	1.7062e+005	0.4114	0.7431	0.9453	0.0000	0.0000	0.9453	0.9453	0.9453	0.0000	0.0000	
0.1618	1.7041e+005	0.3954	0.7384	0.9446	0.0000	0.0000	0.9446	0.9446	0.9446	0.0000	0.0000	
0.1628	1.7021e+005	0.3950	0.7373	0.9441	0.0000	0.0000	0.9441	0.9441	0.9441	0.0000	0.0000	
0.1638	1.7001e+005	0.3921	0.7359	0.9435	0.0000	0.0000	0.9435	0.9435	0.9435	0.0000	0.0000	
0.1648	1.698e+005	0.3880	0.7342	0.9429	0.0000	0.0000	0.9429	0.9429	0.9429	0.0000	0.0000	
0.1658	1.696e+005	0.3880	0.7337	0.9424	0.0000	0.0000	0.9424	0.9424	0.9424	0.0000	0.0000	
0.1668	1.694e+005	0.3879	0.7331	0.9419	0.0000	0.0000	0.9419	0.9419	0.9419	0.0000	0.0000	
0.1678	1.692e+005	0.3879	0.7327	0.9413	0.0000	0.0000	0.9413	0.9413	0.9413	0.0000	0.0000	
0.1688	1.6899e+005	0.3875	0.7320	0.9408	0.0000	0.0000	0.9408	0.9408	0.9408	0.0000	0.0000	
0.1698	1.6879e+005	0.3874	0.7315	0.9402	0.0000	0.0000	0.9402	0.9402	0.9402	0.0000	0.0000	
0.1708	1.6859e+005	0.3874	0.7309	0.9397	0.0000	0.0000	0.9397	0.9397	0.9397	0.0000	0.0000	
0.1718	1.6838e+005	0.3874	0.7303	0.9391	0.0000	0.0000	0.9391	0.9391	0.9391	0.0000	0.0000	
0.1728	1.6818e+005	0.3807	0.7278	0.9385	0.0000	0.0000	0.9385	0.9385	0.9385	0.0000	0.0000	
0.1738	1.6798e+005	0.3799	0.7272	0.9380	0.0000	0.0000	0.9380	0.9380	0.9380	0.0000	0.0000	
0.1748	1.6777e+005	0.3799	0.7267	0.9374	0.0000	0.0000	0.9374	0.9374	0.9374	0.0000	0.0000	
0.1757	1.6757e+005	0.3799	0.7261	0.9368	0.0000	0.0000	0.9368	0.9368	0.9368	0.0000	0.0000	
0.1767	1.6737e+005	0.3799	0.7255	0.9363	0.0000	0.0000	0.9363	0.9363	0.9363	0.0000	0.0000	
0.1777	1.6716e+005	0.3792	0.7243	0.9357	0.0000	0.0000	0.9357	0.9357	0.9357	0.0000	0.0000	
0.1787	1.6696e+005	0.3781	0.7234	0.9351	0.0000	0.0000	0.9351	0.9351	0.9351	0.0000	0.0000	
0.1797	1.6676e+005	0.3781	0.7227	0.9346	0.0000	0.0000	0.9346	0.9346	0.9346	0.0000	0.0000	
0.1807	1.6656e+005	0.3780	0.7221	0.9340	0.0000	0.0000	0.9340	0.9340	0.9340	0.0000	0.0000	
0.1817	1.6635e+005	0.3742	0.7205	0.9334	0.0000	0.0000	0.9334	0.9334	0.9334	0.0000	0.0000	
0.1827	1.6615e+005	0.3742	0.7199	0.9328	0.0000	0.0000	0.9328	0.9328	0.9328	0.0000	0.0000	
0.1837	1.6595e+005	0.3741	0.7193	0.9322	0.0000	0.0000	0.9322	0.9322	0.9322	0.0000	0.0000	
0.1847	1.6574e+005	0.3739	0.7186	0.9316	0.0000	0.0000	0.9316	0.9316	0.9316	0.0000	0.0000	
0.1857	1.6554e+005	0.3739	0.7180	0.9310	0.0000	0.0000	0.9310	0.9310	0.9310	0.0000	0.0000	
0.1867	1.6534e+005	0.3734	0.7172	0.9304	0.0000	0.0000	0.9304	0.9304	0.9304	0.0000	0.0000	
0.1877	1.6514e+005	0.3720	0.7161	0.9298	0.0000	0.0000	0.9298	0.9298	0.9298	0.0000	0.0000	
0.1887	1.6493e+005	0.3720	0.7157	0.9292	0.0000	0.0000	0.9292	0.9292	0.9292	0.0000	0.0000	
0.1897	1.6473e+005	0.3718	0.7150	0.9286	0.0000	0.0000	0.9286	0.9286	0.9286	0.0000	0.0000	
0.1907	1.6453e+005	0.3715	0.7144	0.9280	0.0000	0.0000	0.9280	0.9280	0.9280	0.0000	0.0000	
0.1917	1.6432e+005	0.3715	0.7138	0.9274	0.0000	0.0000	0.9274	0.9274	0.9274	0.0000	0.0000	
0.1927	1.6412e+005	0.3715	0.7131	0.9268	0.0000	0.0000	0.9268	0.9268	0.9268	0.0000	0.0000	
0.1937	1.6392e+005	0.3712	0.7123	0.9261	0.0000	0.0000	0.9261	0.9261	0.9261	0.0000	0.0000	
0.1947	1.6371e+005	0.3711	0.7118	0.9255	0.0000	0.0000	0.9255	0.9255	0.9255	0.0000	0.0000	
0.1957	1.6351e+005	0.3662	0.7100	0.9248	0.0000	0.0000	0.9248	0.9248	0.9248	0.0000	0.0000	
0.1967	1.6331e+005	0.3659	0.7093	0.9242	0.0000	0.0000	0.9242	0.9242	0.9242	0.0000	0.0000	
0.1977	1.631e+005	0.3659	0.7088	0.9236	0.0000	0.0000	0.9236	0.9236	0.9236	0.0000	0.0000	
0.1987	1.629e+005	0.3657	0.7081	0.9229	0.0000	0.0000	0.9229	0.9229	0.9229	0.0000	0.0000	
0.1997	1.627e+005	0.3650	0.7074	0.9223	0.0000	0.0000	0.9223	0.9223	0.9223	0.0000	0.0000	
0.2007	1.625e+005	0.3650	0.7067	0.9216	0.0000	0.0000	0.9216	0.9216	0.9216	0.0000	0.0000	
0.2017	1.6229e+005	0.3646	0.7059	0.9210	0.0000	0.0000	0.9210	0.9210	0.9210	0.0000	0.0000	
0.2027	1.6209e+005	0.3646	0.7053	0.9203	0.0000	0.0000	0.9203	0.9203	0.9203	0.0000	0.0000	
0.2037	1.6189e+005	0.3645	0.7046	0.9197	0.0000	0.0000	0.9197	0.9197	0.9197	0.0000	0.0000	
0.2047	1.6168e+005	0.3628	0.7034	0.9190	0.0000	0.0000	0.9190	0.9190	0.9190	0.0000	0.0000	
0.2057	1.6148e+005	0.3628	0.7029	0.9183	0.0000	0.0000	0.9183	0.9183	0.9183	0.0000	0.0000	
0.2067	1.6128e+005	0.3615	0.7020	0.9177	0.0000	0.0000	0.9177	0.9177	0.9177	0.0000	0.0000	
0.2077	1.6108e+005	0.3615	0.7014	0.9170	0.0000	0.0000	0.9170	0.9170	0.9170	0.0000	0.0000	
0.2087	1.6087e+005	0.3615	0.7007	0.9163	0.0000	0.0000	0.9163	0.9163	0.9163	0.0000	0.0000	
0.2097	1.6067e+005	0.3610	0.6999	0.9156	0.0000	0.0000	0.9156	0.9156	0.9156	0.0000	0.0000	
0.2107	1.6047e+005	0.3610	0.6993	0.9149	0.0000	0.0000	0.9149	0.9149	0.9149	0.0000	0.0000	
0.2117	1.6026e+005	0.3610	0.6987	0.9142	0.0000	0.0000	0.9142	0.9142	0.9142	0.0000	0.0000	
0.2127	1.6006e+005	0.3610	0.6980	0.9136	0.0000	0.0000	0.9136	0.9136	0.9136	0.0000	0.0000	
0.2137	1.5986e+005	0.3610	0.6973	0.9129	0.0000	0.0000	0.9129	0.9129	0.9129	0.0000	0.0000	
0.2147	1.5965e+005	0.3603	0.6965	0.9122	0.0000	0.0000	0.9122	0.9122	0.9122	0.0000	0.0000	
0.2157	1.5945e+005	0.3603	0.6959	0.9115	0.0000	0.0000	0.9115	0.9115	0.9115	0.0000	0.0000	
0.2167	1.5925e+005	0.3602	0.6952	0.9107	0.0000	0.0000	0.9107	0.9107	0.9107	0.0000	0.0000	
0.2177	1.5904e+005	0.3598	0.6945	0.9100	0.0000	0.0000	0.9100	0.9100	0.9100	0.0000	0.0000	
0.2187	1.5884e+005	0.3598	0.6939	0.9093	0.0000	0.0000	0.9093	0.9093	0.9093	0.0000	0.0000	
0.2197	1.5864e+005	0.3539	0.6918	0.9085	0.0000	0.0000	0.9085	0.9085	0.9085	0.0000	0.0000	
0.2207	1.5844e+005	0.3532	0.6909	0.9078	0.0000	0.0000	0.9078	0.9078	0.9078	0.0000	0.0000	
0.2217	1.5823e+005	0.3532	0.6902	0.9071	0.0000	0.0000	0.9071	0.9071	0.9071	0.0000	0.0000	
0.2227	1.5803e+005	0.3532	0.6894	0.9064	0.0000	0.0000	0.9064	0.9064	0.9064	0.0000	0.0000	
0.2237	1.5783e+005	0.3522	0.6883	0.9056	0.0000	0.0000	0.9056	0.9056	0.9056	0.0000	0.0000	
0.2247	1.5762e+005	0.3522	0.6878	0.9049	0.0000	0.0000	0.9049	0.9049	0.9049	0.0000	0.0000	
0.2257	1.5742e+005	0.3482	0.6862	0.9041	0.0000	0.0000	0.9041	0.9041	0.9041	0.0000	0.0000	
0.2267	1.5722e+005	0.3480	0.6856	0.9034	0.0000	0.0000	0.9034	0.9034	0.9034	0.0000	0.0000	
0.2277	1.5702e+005	0.3477	0.6846	0.9027	0.0000	0.0000	0.9027	0.9027	0.9027	0.0000	0.0000	
0.2287	1.5681e+005	0.3474	0.6841	0.9019	0.0000	0.0000	0.9019	0.9019	0.9019	0.0000	0.0000	
0.2297	1.5661e+005	0.3474	0.6835	0.9012	0.0000	0.0000	0.9012	0.9012	0.9012	0.0000	0.0000	
0.2307	1.5641e+005	0.3474	0.6830	0.9005	0.0000	0.0000	0.9005	0.9005	0.9005	0.0000	0.0000	
0.2317	1.562e+005	0.3474	0.6822	0.8997	0.0000	0.0000	0.8997	0.8997	0.8997	0.0000	0.0000	
0.2327	1.56e+005 	0.3474	0.6815	0.8990	0.0000	0.0000	0.8990	0.8990	0.8990	0.0000	0.0000	
0.2337	1.558e+005	0.3474	0.6809	0.8982	0.0000	0.0000	0.8982	0.8982	0.8982	0.0000	0.0000	
0.2347	1.5559e+005	0.3474	0.6802	0.8974	0.0000	0.0000	0.8974	0.8974	0.8974	0.0000	0.0000	
0.2357	1.5539e+005	0.3474	0.6796	0.8967	0.0000	0.0000	0.8967	0.8967	0.8967	0.0000	0.0000	
0.2367	1.5519e+005	0.3473	0.6790	0.8959	0.0000	0.0000	0.8959	0.8959	0.8959	0.0000	0.0000	
0.2377	1.5498e+005	0.3473	0.6784	0.8952	0.0000	0.0000	0.8952	0.8952	0.8952	0.0000	0.0000	
0.2387	1.5478e+005	0.3471	0.6776	0.8944	0.0000	0.0000	0.8944	0.8944	0.8944	0.0000	0.0000	
0.2397	1.5458e+005	0.3468	0.6769	0.8936	0.0000	0.0000	0.8936	0.8936	0.8936	0.0000	0.0000	
0.2407	1.5438e+005	0.3468	0.6762	0.8928	0.0000	0.0000	0.8928	0.8928	0.8928	0.0000	0.0000	
0.2417	1.5417e+005	0.3468	0.6756	0.8921	0.0000	0.0000	0.8921	0.8921	0.8921	0.0000	0.0000	
0.2427	1.5397e+005	0.3468	0.6751	0.8913	0.0000	0.0000	0.8913	0.8913	0.8913	0.0000	0.0000	
0.2436	1.5377e+005	0.3468	0.6743	0.8905	0.0000	0.0000	0.8905	0.8905	0.8905	0.0000	0.0000	
0.2446	1.5356e+005	0.3468	0.6736	0.8897	0.0000	0.0000	0.8897	0.8897	0.8897	0.0000	0.0000	
0.2456	1.5336e+005	0.3468	0.6729	0.8889	0.0000	0.0000	0.8889	0.8889	0.8889	0.0000	0.0000	
0.2466	1.5316e+005	0.3467	0.6722	0.8881	0.0000	0.0000	0.8881	0.8881	0.8881	0.0000	0.0000	
0.2476	1.5296e+005	0.3467	0.6715	0.8873	0.0000	0.0000	0.8873	0.8873	0.8873	0.0000	0.0000	
0.2486	1.5275e+005	0.3467	0.6709	0.8865	0.0000	0.0000	0.8865	0.8865	0.8865	0.0000	0.0000	
0.2496	1.5255e+005	0.3467	0.6702	0.8857	0.0000	0.0000	0.8857	0.8857	0.8857	0.0000	0.0000	
0.2506	1.5235e+005	0.3467	0.6695	0.8849	0.0000	0.0000	0.8849	0.8849	0.8849	0.0000	0.0000	
0.2516	1.5214e+005	0.3466	0.6688	0.8841	0.0000	0.0000	0.8841	0.8841	0.8841	0.0000	0.0000	
0.2526	1.5194e+005	0.3466	0.6681	0.8833	0.0000	0.0000	0.8833	0.8833	0.8833	0.0000	0.0000	
0.2536	1.5174e+005	0.3466	0.6675	0.8825	0.0000	0.0000	0.8825	0.8825	0.8825	0.0000	0.0000	
0.2546	1.5153e+005	0.3466	0.6669	0.8817	0.0000	0.0000	0.8817	0.8817	0.8817	0.0000	0.0000	
0.2556	1.5133e+005	0.3466	0.6661	0.8809	0.0000	0.0000	0.8809	0.8809	0.8809	0.0000	0.0000	
0.2566	1.5113e+005	0.3401	0.6637	0.8800	0.0000	0.0000	0.8800	0.8800	0.8800	0.0000	0.0000	
0.2576	1.5092e+005	0.3291	0.6600	0.8792	0.0000	0.0000	0.8792	0.8792	0.8792	0.0000	0.0000	
0.2586	1.5072e+005	0.3291	0.6594	0.8783	0.0000	0.0000	0.8783	0.8783	0.8783	0.0000	0.0000	
0.2596	1.5052e+005	0.3291	0.6587	0.8775	0.0000	0.0000	0.8775	0.8775	0.8775	0.0000	0.0000	
0.2606	1.5032e+005	0.3289	0.6581	0.8767	0.0000	0.0000	0.8767	0.8767	0.8767	0.0000	0.0000	
0.2616	1.5011e+005	0.3289	0.6575	0.8759	0.0000	0.0000	0.8759	0.8759	0.8759	0.0000	0.0000	
0.2626	1.4991e+005	0.3289	0.6569	0.8750	0.0000	0.0000	0.8750	0.8750	0.8750	0.0000	0.0000	
0.2636	1.4971e+005	0.3289	0.6563	0.8742	0.0000	0.0000	0.8742	0.8742	0.8742	0.0000	0.0000	
0.2646	1.495e+005	0.3142	0.6517	0.8732	0.0000	0.0000	0.8732	0.8732	0.8732	0.0000	0.0000	
0.2656	1.493e+005	0.3112	0.6500	0.8723	0.0000	0.0000	0.8723	0.8723	0.8723	0.0000	0.0000	
0.2666	1.491e+005	0.3109	0.6492	0.8715	0.0000	0.0000	0.8715	0.8715	0.8715	0.0000	0.0000	
0.2676	1.489e+005	0.3109	0.6486	0.8707	0.0000	0.0000	0.8707	0.8707	0.8707	0.0000	0.0000	
0.2686	1.4869e+005	0.3092	0.6475	0.8698	0.0000	0.0000	0.8698	0.8698	0.8698	0.0000	0.0000	
0.2696	1.4849e+005	0.3091	0.6469	0.8690	0.0000	0.0000	0.8690	0.8690	0.8690	0.0000	0.0000	
0.2706	1.4829e+005	0.3090	0.6463	0.8682	0.0000	0.0000	0.8682	0.8682	0.8682	0.0000	0.0000	
0.2716	1.4808e+005	0.3090	0.6457	0.8673	0.0000	0.0000	0.8673	0.8673	0.8673	0.0000	0.0000	
0.2726	1.4788e+005	0.3083	0.6448	0.8665	0.0000	0.0000	0.8665	0.8665	0.8665	0.0000	0.0000	
0.2736	1.4768e+005	0.3053	0.6435	0.8656	0.0000	0.0000	0.8656	0.8656	0.8656	0.0000	0.0000	
0.2746	1.4747e+005	0.2893	0.6388	0.8646	0.0000	0.0000	0.8646	0.8646	0.8646	0.0000	0.0000	
0.2756	1.4727e+005	0.2881	0.6379	0.8637	0.0000	0.0000	0.8637	0.8637	0.8637	0.0000	0.0000	
0.2766	1.4707e+005	0.2881	0.6373	0.8629	0.0000	0.0000	0.8629	0.8629	0.8629	0.0000	0.0000	
0.2776	1.4686e+005	0.2881	0.6366	0.8620	0.0000	0.0000	0.8620	0.8620	0.8620	0.0000	0.0000	
0.2786	1.4666e+005	0.2881	0.6360	0.8612	0.0000	0.0000	0.8612	0.8612	0.8612	0.0000	0.0000	
0.2796	1.4646e+005	0.2878	0.6354	0.8603	0.0000	0.0000	0.8603	0.8603	0.8603	0.0000	0.0000	
0.2806	1.4626e+005	0.2878	0.6347	0.8595	0.0000	0.0000	0.8595	0.8595	0.8595	0.0000	0.0000	
0.2816	1.4605e+005	0.2878	0.6341	0.8586	0.0000	0.0000	0.8586	0.8586	0.8586	0.0000	0.0000	
0.2826	1.4585e+005	0.2878	0.6335	0.8577	0.0000	0.0000	0.8577	0.8577	0.8577	0.0000	0.0000	
0.2836	1.4565e+005	0.2877	0.6329	0.8569	0.0000	0.0000	0.8569	0.8569	0.8569	0.0000	0.0000	
0.2846	1.4544e+005	0.2877	0.6323	0.8560	0.0000	0.0000	0.8560	0.8560	0.8560	0.0000	0.0000	
0.2856	1.4524e+005	0.2876	0.6317	0.8551	0.0000	0.0000	0.8551	0.8551	0.8551	0.0000	0.0000	
0.2866	1.4504e+005	0.2876	0.6310	0.8543	0.0000	0.0000	0.8543	0.8543	0.8543	0.0000	0.0000	
0.2876	1.4484e+005	0.2875	0.6303	0.8534	0.0000	0.0000	0.8534	0.8534	0.8534	0.0000	0.0000	
0.2886	1.4463e+005	0.2873	0.6295	0.8525	0.0000	0.0000	0.8525	0.8525	0.8525	0.0000	0.0000	
0.2896	1.4443e+005	0.2873	0.6289	0.8517	0.0000	0.0000	0.8517	0.8517	0.8517	0.0000	0.0000	
0.2906	1.4423e+005	0.2873	0.6282	0.8508	0.0000	0.0000	0.8508	0.8508	0.8508	0.0000	0.0000	
0.2916	1.4402e+005	0.2873	0.6277	0.8499	0.0000	0.0000	0.8499	0.8499	0.8499	0.0000	0.0000	
0.2926	1.4382e+005	0.2873	0.6270	0.8490	0.0000	0.0000	0.8490	0.8490	0.8490	0.0000	0.0000	
0.2936	1.4362e+005	0.2871	0.6263	0.8481	0.0000	0.0000	0.8481	0.8481	0.8481	0.0000	0.0000	
0.2946	1.4341e+005	0.2871	0.6257	0.8473	0.0000	0.0000	0.8473	0.8473	0.8473	0.0000	0.0000	
0.2956	1.4321e+005	0.2871	0.6252	0.8464	0.0000	0.0000	0.8464	0.8464	0.8464	0.0000	0.0000	
0.2966	1.4301e+005	0.2871	0.6246	0.8455	0.0000	0.0000	0.8455	0.8455	0.8455	0.0000	0.0000	
0.2976	1.428e+005	0.2871	0.6239	0.8446	0.0000	0.0000	0.8446	0.8446	0.8446	0.0000	0.0000	
0.2986	1.426e+005	0.2870	0.6232	0.8437	0.0000	0.0000	0.8437	0.8437	0.8437	0.0000	0.0000	
0.2996	1.424e+005	0.2866	0.6224	0.8428	0.0000	0.0000	0.8428	0.8428	0.8428	0.0000	0.0000	
0.3006	1.422e+005	0.2866	0.6217	0.8419	0.0000	0.0000	0.8419	0.8419	0.8419	0.0000	0.0000	
0.3016	1.4199e+005	0.2866	0.6211	0.8411	0.0000	0.0000	0.8411	0.8411	0.8411	0.0000	0.0000	
0.3026	1.4179e+005	0.2864	0.6204	0.8402	0.0000	0.0000	0.8402	0.8402	0.8402	0.0000	0.0000	
0.3036	1.4159e+005	0.2864	0.6198	0.8393	0.0000	0.0000	0.8393	0.8393	0.8393	0.0000	0.0000	
0.3046	1.4138e+005	0.2863	0.6192	0.8384	0.0000	0.0000	0.8384	0.8384	0.8384	0.0000	0.0000	
0.3056	1.4118e+005	0.2863	0.6186	0.8375	0.0000	0.0000	0.8375	0.8375	0.8375	0.0000	0.0000	
0.3066	1.4098e+005	0.2862	0.6180	0.8366	0.0000	0.0000	0.8366	0.8366	0.8366	0.0000	0.0000	
0.3076	1.4078e+005	0.2862	0.6174	0.8357	0.0000	0.0000	0.8357	0.8357	0.8357	0.0000	0.0000	
0.3086	1.4057e+005	0.2862	0.6167	0.8348	0.0000	0.0000	0.8348	0.8348	0.8348	0.0000	0.0000	
0.3096	1.4037e+005	0.2862	0.6160	0.8339	0.0000	0.0000	0.8339	0.8339	0.8339	0.0000	0.0000	
0.3105	1.4017e+005	0.2862	0.6154	0.8330	0.0000	0.0000	0.8330	0.8330	0.8330	0.0000	0.0000	
0.3115	1.3996e+005	0.2814	0.6135	0.8320	0.0000	0.0000	0.8320	0.8320	0.8320	0.0000	0.0000	
0.3125	1.3976e+005	0.2814	0.6130	0.8311	0.0000	0.0000	0.8311	0.8311	0.8311	0.0000	0.0000	
0.3135	1.3956e+005	0.2813	0.6123	0.8302	0.0000	0.0000	0.8302	0.8302	0.8302	0.0000	0.0000	
0.3145	1.3935e+005	0.2812	0.6115	0.8293	0.0000	0.0000	0.8293	0.8293	0.8293	0.0000	0.0000	
0.3155	1.3915e+005	0.2812	0.6109	0.8284	0.0000	0.0000	0.8284	0.8284	0.8284	0.0000	0.0000	
0.3165	1.3895e+005	0.2812	0.6103	0.8275	0.0000	0.0000	0.8275	0.8275	0.8275	0.0000	0.0000	
0.3175	1.3874e+005	0.2812	0.6096	0.8266	0.0000	0.0000	0.8266	0.8266	0.8266	0.0000	0.0000	
0.3185	1.3854e+005	0.2812	0.6089	0.8257	0.0000	0.0000	0.8257	0.8257	0.8257	0.0000	0.0000	
0.3195	1.3834e+005	0.2811	0.6083	0.8247	0.0000	0.0000	0.8247	0.8247	0.8247	0.0000	0.0000	
0.3205	1.3814e+005	0.2811	0.6076	0.8238	0.0000	0.0000	0.8238	0.8238	0.8238	0.0000	0.0000	
0.3215	1.3793e+005	0.2811	0.6068	0.8229	0.0000	0.0000	0.8229	0.8229	0.8229	0.0000	0.0000	
0.3225	1.3773e+005	0.2804	0.6061	0.8220	0.0000	0.0000	0.8220	0.8220	0.8220	0.0000	0.0000	
0.3235	1.3753e+005	0.2785	0.6049	0.8210	0.0000	0.0000	0.8210	0.8210	0.8210	0.0000	0.0000	
0.3245	1.3732e+005	0.2784	0.6043	0.8201	0.0000	0.0000	0.8201	0.8201	0.8201	0.0000	0.0000	
0.3255	1.3712e+005	0.2782	0.6036	0.8192	0.0000	0.0000	0.8192	0.8192	0.8192	0.0000	0.0000	
0.3265	1.3692e+005	0.2782	0.6029	0.8182	0.0000	0.0000	0.8182	0.8182	0.8182	0.0000	0.0000	
0.3275	1.3672e+005	0.2776	0.6021	0.8173	0.0000	0.0000	0.8173	0.8173	0.8173	0.0000	0.0000	
0.3285	1.3651e+005	0.2752	0.6008	0.8164	0.0000	0.0000	0.8164	0.8164	0.8164	0.0000	0.0000	
0.3295	1.3631e+005	0.2745	0.6000	0.8154	0.0000	0.0000	0.8154	0.8154	0.8154	0.0000	0.0000	
0.3305	1.3611e+005	0.2745	0.5994	0.8145	0.0000	0.0000	0.8145	0.8145	0.8145	0.0000	0.0000	
0.3315	1.359e+005	0.2743	0.5987	0.8135	0.0000	0.0000	0.8135	0.8135	0.8135	0.0000	0.0000	
0.3325	1.357e+005	0.2743	0.5981	0.8126	0.0000	0.0000	0.8126	0.8126	0.8126	0.0000	0.0000	
0.3335	1.355e+005	0.2743	0.5974	0.8116	0.0000	0.0000	0.8116	0.8116	0.8116	0.0000	0.0000	
0.3345	1.3529e+005	0.2743	0.5968	0.8107	0.0000	0.0000	0.8107	0.8107	0.8107	0.0000	0.0000	
0.3355	1.3509e+005	0.2589	0.5921	0.8096	0.0000	0.0000	0.8096	0.8096	0.8096	0.0000	0.0000	
0.3365	1.3489e+005	0.2586	0.5912	0.8087	0.0000	0.0000	0.8087	0.8087	0.8087	0.0000	0.0000	
0.3375	1.3468e+005	0.2585	0.5905	0.8077	0.0000	0.0000	0.8077	0.8077	0.8077	0.0000	0.0000	
0.3385	1.3448e+005	0.2585	0.5898	0.8068	0.0000	0.0000	0.8068	0.8068	0.8068	0.0000	0.0000	
0.3395	1.3428e+005	0.2585	0.5891	0.8058	0.0000	0.0000	0.8058	0.8058	0.8058	0.0000	0.0000	
0.3405	1.3408e+005	0.2585	0.5884	0.8048	0.0000	0.0000	0.8048	0.8048	0.8048	0.0000	0.0000	
0.3415	1.3387e+005	0.2585	0.5878	0.8039	0.0000	0.0000	0.8039	0.8039	0.8039	0.0000	0.0000	
0.3425	1.3367e+005	0.2585	0.5871	0.8029	0.0000	0.0000	0.8029	0.8029	0.8029	0.0000	0.0000	
0.3435	1.3347e+005	0.2585	0.5865	0.8019	0.0000	0.0000	0.8019	0.8019	0.8019	0.0000	0.0000	
0.3445	1.3326e+005	0.2575	0.5855	0.8010	0.0000	0.0000	0.8010	0.8010	0.8010	0.0000	0.0000	
0.3455	1.3306e+005	0.2575	0.5849	0.8000	0.0000	0.0000	0.8000	0.8000	0.8000	0.0000	0.0000	
0.3465	1.3286e+005	0.2575	0.5843	0.7990	0.0000	0.0000	0.7990	0.7990	0.7990	0.0000	0.0000	
0.3475	1.3266e+005	0.2575	0.5837	0.7980	0.0000	0.0000	0.7980	0.7980	0.7980	0.0000	0.0000	
0.3485	1.3245e+005	0.2575	0.5830	0.7971	0.0000	0.0000	0.7971	0.7971	0.7971	0.0000	0.0000	
0.3495	1.3225e+005	0.2575	0.5823	0.7961	0.0000	0.0000	0.7961	0.7961	0.7961	0.0000	0.0000	
0.3505	1.3205e+005	0.2575	0.5816	0.7951	0.0000	0.0000	0.7951	0.7951	0.7951	0.0000	0.0000	
0.3515	1.3184e+005	0.2575	0.5810	0.7941	0.0000	0.0000	0.7941	0.7941	0.7941	0.0000	0.0000	
0.3525	1.3164e+005	0.2575	0.5803	0.7931	0.0000	0.0000	0.7931	0.7931	0.7931	0.0000	0.0000	
0.3535	1.3144e+005	0.2575	0.5797	0.7921	0.0000	0.0000	0.7921	0.7921	0.7921	0.0000	0.0000	
0.3545	1.3123e+005	0.2575	0.5790	0.7912	0.0000	0.0000	0.7912	0.7912	0.7912	0.0000	0.0000	
0.3555	1.3103e+005	0.2575	0.5782	0.7902	0.0000	0.0000	0.7902	0.7902	0.7902	0.0000	0.0000	
0.3565	1.3083e+005	0.2575	0.5776	0.7892	0.0000	0.0000	0.7892	0.7892	0.7892	0.0000	0.0000	
0.3575	1.3062e+005	0.2575	0.5769	0.7881	0.0000	0.0000	0.7881	0.7881	0.7881	0.0000	0.0000	
0.3585	1.3042e+005	0.2575	0.5762	0.7871	0.0000	0.0000	0.7871	0.7871	0.7871	0.0000	0.0000	
0.3595	1.3022e+005	0.2575	0.5754	0.7861	0.0000	0.0000	0.7861	0.7861	0.7861	0.0000	0.0000	
0.3605	1.3002e+005	0.2575	0.5747	0.7851	0.0000	0.0000	0.7851	0.7851	0.7851	0.0000	0.0000	
0.3615	1.2981e+005	0.2575	0.5740	0.7841	0.0000	0.0000	0.7841	0.7841	0.7841	0.0000	0.0000	
0.3625	1.2961e+005	0.2572	0.5733	0.7831	0.0000	0.0000	0.7831	0.7831	0.7831	0.0000	0.0000	
0.3635	1.2941e+005	0.2571	0.5727	0.7821	0.0000	0.0000	0.7821	0.7821	0.7821	0.0000	0.0000	
0.3645	1.292e+005	0.2571	0.5721	0.7811	0.0000	0.0000	0.7811	0.7811	0.7811	0.0000	0.0000	
0.3655	1.29e+005 	0.2571	0.5715	0.7801	0.0000	0.0000	0.7801	0.7801	0.7801	0.0000	0.0000	
0.3665	1.288e+005	0.2566	0.5707	0.7790	0.0000	0.0000	0.7790	0.7790	0.7790	0.0000	0.0000	
0.3675	1.286e+005	0.2566	0.5700	0.7780	0.0000	0.0000	0.7780	0.7780	0.7780	0.0000	0.0000	
0.3685	1.2839e+005	0.2566	0.5693	0.7770	0.0000	0.0000	0.7770	0.7770	0.7770	0.0000	0.0000	
0.3695	1.2819e+005	0.2548	0.5682	0.7760	0.0000	0.0000	0.7760	0.7760	0.7760	0.0000	0.0000	
0.3705	1.2799e+005	0.2548	0.5674	0.7749	0.0000	0.0000	0.7749	0.7749	0.7749	0.0000	0.0000	
0.3715	1.2778e+005	0.2548	0.5666	0.7739	0.0000	0.0000	0.7739	0.7739	0.7739	0.0000	0.0000	
0.3725	1.2758e+005	0.2548	0.5660	0.7728	0.0000	0.0000	0.7728	0.7728	0.7728	0.0000	0.0000	
0.3735	1.2738e+005	0.2548	0.5653	0.7718	0.0000	0.0000	0.7718	0.7718	0.7718	0.0000	0.0000	
0.3745	1.2717e+005	0.2548	0.5644	0.7707	0.0000	0.0000	0.7707	0.7707	0.7707	0.0000	0.0000	
0.3755	1.2697e+005	0.2548	0.5638	0.7697	0.0000	0.0000	0.7697	0.7697	0.7697	0.0000	0.0000	
0.3765	1.2677e+005	0.2548	0.5631	0.7687	0.0000	0.0000	0.7687	0.7687	0.7687	0.0000	0.0000	
0.3775	1.2656e+005	0.2548	0.5624	0.7676	0.0000	0.0000	0.7676	0.7676	0.7676	0.0000	0.0000	
0.3784	1.2636e+005	0.2548	0.5618	0.7666	0.0000	0.0000	0.7666	0.7666	0.7666	0.0000	0.0000	
0.3794	1.2616e+005	0.2548	0.5611	0.7655	0.0000	0.0000	0.7655	0.7655	0.7655	0.0000	0.0000	
0.3804	1.2596e+005	0.2548	0.5604	0.7645	0.0000	0.0000	0.7645	0.7645	0.7645	0.0000	0.0000	
0.3814	1.2575e+005	0.2547	0.5596	0.7634	0.0000	0.0000	0.7634	0.7634	0.7634	0.0000	0.0000	
0.3824	1.2555e+005	0.2547	0.5589	0.7623	0.0000	0.0000	0.7623	0.7623	0.7623	0.0000	0.0000	
0.3834	1.2535e+005	0.2533	0.5579	0.7613	0.0000	0.0000	0.7613	0.7613	0.7613	0.0000	0.0000	
0.3844	1.2514e+005	0.2494	0.5562	0.7602	0.0000	0.0000	0.7602	0.7602	0.7602	0.0000	0.0000	
0.3854	1.2494e+005	0.2409	0.5532	0.7591	0.0000	0.0000	0.7591	0.7591	0.7591	0.0000	0.0000	
0.3864	1.2474e+005	0.2409	0.5525	0.7580	0.0000	0.0000	0.7580	0.7580	0.7580	0.0000	0.0000	
0.3874	1.2454e+005	0.2409	0.5517	0.7569	0.0000	0.0000	0.7569	0.7569	0.7569	0.0000	0.0000	
0.3884	1.2433e+005	0.2408	0.5510	0.7558	0.0000	0.0000	0.7558	0.7558	0.7558	0.0000	0.0000	
0.3894	1.2413e+005	0.2408	0.5502	0.7548	0.0000	0.0000	0.7548	0.7548	0.7548	0.0000	0.0000	
0.3904	1.2393e+005	0.2408	0.5494	0.7537	0.0000	0.0000	0.7537	0.7537	0.7537	0.0000	0.0000	
0.3914	1.2372e+005	0.2405	0.5486	0.7526	0.0000	0.0000	0.7526	0.7526	0.7526	0.0000	0.0000	
0.3924	1.2352e+005	0.2405	0.5480	0.7515	0.0000	0.0000	0.7515	0.7515	0.7515	0.0000	0.0000	
0.3934	1.2332e+005	0.2403	0.5474	0.7504	0.0000	0.0000	0.7504	0.7504	0.7504	0.0000	0.0000	
0.3944	1.2311e+005	0.2402	0.5466	0.7493	0.0000	0.0000	0.7493	0.7493	0.7493	0.0000	0.0000	
0.3954	1.2291e+005	0.2402	0.5459	0.7482	0.0000	0.0000	0.7482	0.7482	0.7482	0.0000	0.0000	
0.3964	1.2271e+005	0.2397	0.5452	0.7471	0.0000	0.0000	0.7471	0.7471	0.7471	0.0000	0.0000	
0.3974	1.225e+005	0.2397	0.5445	0.7460	0.0000	0.0000	0.7460	0.7460	0.7460	0.0000	0.0000	
0.3984	1.223e+005	0.2396	0.5437	0.7449	0.0000	0.0000	0.7449	0.7449	0.7449	0.0000	0.0000	
0.3994	1.221e+005	0.2396	0.5430	0.7438	0.0000	0.0000	0.7438	0.7438	0.7438	0.0000	0.0000	
0.4004	1.219e+005	0.2396	0.5424	0.7427	0.0000	0.0000	0.7427	0.7427	0.7427	0.0000	0.0000	
0.4014	1.2169e+005	0.2396	0.5417	0.7416	0.0000	0.0000	0.7416	0.7416	0.7416	0.0000	0.0000	
0.4024	1.2149e+005	0.2396	0.5410	0.7405	0.0000	0.0000	0.7405	0.7405	0.7405	0.0000	0.0000	
0.4034	1.2129e+005	0.2392	0.5396	0.7394	0.0000	0.0000	0.7394	0.7394	0.7394	0.0000	0.0000	
0.4044	1.2108e+005	0.2345	0.5377	0.7382	0.0000	0.0000	0.7382	0.7382	0.7382	0.0000	0.0000	
0.4054	1.2088e+005	0.2345	0.5370	0.7371	0.0000	0.0000	0.7371	0.7371	0.7371	0.0000	0.0000	
0.4064	1.2068e+005	0.2345	0.5363	0.7360	0.0000	0.0000	0.7360	0.7360	0.7360	0.0000	0.0000	
0.4074	1.2048e+005	0.2344	0.5356	0.7349	0.0000	0.0000	0.7349	0.7349	0.7349	0.0000	0.0000	
0.4084	1.2027e+005	0.2344	0.5350	0.7338	0.0000	0.0000	0.7338	0.7338	0.7338	0.0000	0.0000	
0.4094	1.2007e+005	0.2341	0.5341	0.7326	0.0000	0.0000	0.7326	0.7326	0.7326	0.0000	0.0000	
0.4104	1.1987e+005	0.2341	0.5334	0.7315	0.0000	0.0000	0.7315	0.7315	0.7315	0.0000	0.0000	
0.4114	1.1966e+005	0.2341	0.5326	0.7304	0.0000	0.0000	0.7304	0.7304	0.7304	0.0000	0.0000	
0.4124	1.1946e+005	0.2341	0.5319	0.7293	0.0000	0.0000	0.7293	0.7293	0.7293	0.0000	0.0000	
0.4134	1.1926e+005	0.2339	0.5311	0.7282	0.0000	0.0000	0.7282	0.7282	0.7282	0.0000	0.0000	
0.4144	1.1905e+005	0.2339	0.5304	0.7270	0.0000	0.0000	0.7270	0.7270	0.7270	0.0000	0.0000	
0.4154	1.1885e+005	0.2339	0.5299	0.7259	0.0000	0.0000	0.7259	0.7259	0.7259	0.0000	0.0000	
0.4164	1.1865e+005	0.2339	0.5292	0.7247	0.0000	0.0000	0.7247	0.7247	0.7247	0.0000	0.0000	
0.4174	1.1844e+005	0.2338	0.5285	0.7236	0.0000	0.0000	0.7236	0.7236	0.7236	0.0000	0.0000	
0.4184	1.1824e+005	0.2338	0.5276	0.7224	0.0000	0.0000	0.7224	0.7224	0.7224	0.0000	0.0000	
0.4194	1.1804e+005	0.2336	0.5268	0.7213	0.0000	0.0000	0.7213	0.7213	0.7213	0.0000	0.0000	
0.4204	1.1784e+005	0.2336	0.5261	0.7201	0.0000	0.0000	0.7201	0.7201	0.7201	0.0000	0.0000	
0.4214	1.1763e+005	0.2336	0.5249	0.7189	0.0000	0.0000	0.7189	0.7189	0.7189	0.0000	0.0000	
0.4224	1.1743e+005	0.2327	0.5239	0.7178	0.0000	0.0000	0.7178	0.7178	0.7178	0.0000	0.0000	
0.4234	1.1723e+005	0.2326	0.5232	0.7166	0.0000	0.0000	0.7166	0.7166	0.7166	0.0000	0.0000	
0.4244	1.1702e+005	0.2326	0.5225	0.7155	0.0000	0.0000	0.7155	0.7155	0.7155	0.0000	0.0000	
0.4254	1.1682e+005	0.2325	0.5218	0.7143	0.0000	0.0000	0.7143	0.7143	0.7143	0.0000	0.0000	
0.4264	1.1662e+005	0.2323	0.5210	0.7131	0.0000	0.0000	0.7131	0.7131	0.7131	0.0000	0.0000	
0.4274	1.1642e+005	0.2319	0.5203	0.7119	0.0000	0.0000	0.7119	0.7119	0.7119	0.0000	0.0000	
0.4284	1.1621e+005	0.2312	0.5191	0.7107	0.0000	0.0000	0.7107	0.7107	0.7107	0.0000	0.0000	
0.4294	1.1601e+005	0.2304	0.5182	0.7096	0.0000	0.0000	0.7096	0.7096	0.7096	0.0000	0.0000	
0.4304	1.1581e+005	0.2304	0.5174	0.7084	0.0000	0.0000	0.7084	0.7084	0.7084	0.0000	0.0000	
0.4314	1.156e+005	0.2294	0.5164	0.7072	0.0000	0.0000	0.7072	0.7072	0.7072	0.0000	0.0000	
0.4324	1.154e+005	0.2294	0.5158	0.7060	0.0000	0.0000	0.7060	0.7060	0.7060	0.0000	0.0000	
0.4334	1.152e+005	0.2257	0.5140	0.7048	0.0000	0.0000	0.7048	0.7048	0.7048	0.0000	0.0000	
0.4344	1.1499e+005	0.2257	0.5133	0.7036	0.0000	0.0000	0.7036	0.7036	0.7036	0.0000	0.0000	
0.4354	1.1479e+005	0.2257	0.5127	0.7024	0.0000	0.0000	0.7024	0.7024	0.7024	0.0000	0.0000	
0.4364	1.1459e+005	0.2257	0.5120	0.7012	0.0000	0.0000	0.7012	0.7012	0.7012	0.0000	0.0000	
0.4374	1.1438e+005	0.2257	0.5114	0.7000	0.0000	0.0000	0.7000	0.7000	0.7000	0.0000	0.0000	
0.4384	1.1418e+005	0.2257	0.5106	0.6988	0.0000	0.0000	0.6988	0.6988	0.6988	0.0000	0.0000	
0.4394	1.1398e+005	0.2257	0.5100	0.6976	0.0000	0.0000	0.6976	0.6976	0.6976	0.0000	0.0000	
0.4404	1.1378e+005	0.2257	0.5093	0.6964	0.0000	0.0000	0.6964	0.6964	0.6964	0.0000	0.0000	
0.4414	1.1357e+005	0.2257	0.5087	0.6954	0.0000	0.0000	0.6954	0.6954	0.6954	0.0000	0.0000	
0.4424	1.1337e+005	0.2257	0.5081	0.6950	0.0000	0.0000	0.6950	0.6950	0.6950	0.0000	0.0000	
0.4434	1.1317e+005	0.2257	0.5075	0.6945	0.0000	0.0000	0.6945	0.6945	0.6945	0.0000	0.0000	
0.4444	1.1296e+005	0.2252	0.5068	0.6937	0.0000	0.0000	0.6937	0.6937	0.6937	0.0000	0.0000	
0.4453	1.1276e+005	0.2252	0.5061	0.6925	0.0000	0.0000	0.6925	0.6925	0.6925	0.0000	0.0000	
0.4463	1.1256e+005	0.2250	0.5053	0.6912	0.0000	0.0000	0.6912	0.6912	0.6912	0.0000	0.0000	
0.4473	1.1236e+005	0.2250	0.5046	0.6900	0.0000	0.0000	0.6900	0.6900	0.6900	0.0000	0.0000	
0.4483	1.1215e+005	0.2250	0.5033	0.6888	0.0000	0.0000	0.6888	0.6888	0.6888	0.0000	0.0000	
0.4493	1.1195e+005	0.2250	0.5026	0.6875	0.0000	0.0000	0.6875	0.6875	0.6875	0.0000	0.0000	
0.4503	1.1175e+005	0.2250	0.5019	0.6863	0.0000	0.0000	0.6863	0.6863	0.6863	0.0000	0.0000	
0.4513	1.1154e+005	0.2212	0.5001	0.6850	0.0000	0.0000	0.6850	0.6850	0.6850	0.0000	0.0000	
0.4523	1.1134e+005	0.2205	0.4992	0.6838	0.0000	0.0000	0.6838	0.6838	0.6838	0.0000	0.0000	
0.4533	1.1114e+005	0.2205	0.4984	0.6826	0.0000	0.0000	0.6826	0.6826	0.6826	0.0000	0.0000	
0.4543	1.1093e+005	0.2205	0.4977	0.6813	0.0000	0.0000	0.6813	0.6813	0.6813	0.0000	0.0000	
0.4553	1.1073e+005	0.2205	0.4970	0.6800	0.0000	0.0000	0.6800	0.6800	0.6800	0.0000	0.0000	
0.4563	1.1053e+005	0.2191	0.4958	0.6788	0.0000	0.0000	0.6788	0.6788	0.6788	0.0000	0.0000	
0.4573	1.1032e+005	0.2191	0.4952	0.6775	0.0000	0.0000	0.6775	0.6775	0.6775	0.0000	0.0000	
0.4583	1.1012e+005	0.2184	0.4942	0.6762	0.0000	0.0000	0.6762	0.6762	0.6762	0.0000	0.0000	
0.4593	1.0992e+005	0.2158	0.4924	0.6749	0.0000	0.0000	0.6749	0.6749	0.6749	0.0000	0.0000	
0.4603	1.0972e+005	0.2158	0.4917	0.6736	0.0000	0.0000	0.6736	0.6736	0.6736	0.0000	0.0000	
0.4613	1.0951e+005	0.2158	0.4908	0.6724	0.0000	0.0000	0.6724	0.6724	0.6724	0.0000	0.0000	
0.4623	1.0931e+005	0.2156	0.4900	0.6711	0.0000	0.0000	0.6711	0.6711	0.6711	0.0000	0.0000	
0.4633	1.0911e+005	0.2155	0.4892	0.6698	0.0000	0.0000	0.6698	0.6698	0.6698	0.0000	0.0000	
0.4643	1.089e+005	0.2155	0.4884	0.6685	0.0000	0.0000	0.6685	0.6685	0.6685	0.0000	0.0000	
0.4653	1.087e+005	0.2145	0.4866	0.6672	0.0000	0.0000	0.6672	0.6672	0.6672	0.0000	0.0000	
0.4663	1.085e+005	0.2145	0.4859	0.6659	0.0000	0.0000	0.6659	0.6659	0.6659	0.0000	0.0000	
0.4673	1.083e+005	0.2144	0.4850	0.6645	0.0000	0.0000	0.6645	0.6645	0.6645	0.0000	0.0000	
0.4683	1.0809e+005	0.2144	0.4843	0.6632	0.0000	0.0000	0.6632	0.6632	0.6632	0.0000	0.0000	
0.4693	1.0789e+005	0.2144	0.4835	0.6619	0.0000	0.0000	0.6619	0.6619	0.6619	0.0000	0.0000	
0.4703	1.0769e+005	0.2144	0.4828	0.6606	0.0000	0.0000	0.6606	0.6606	0.6606	0.0000	0.0000	
0.4713	1.0748e+005	0.2144	0.4820	0.6593	0.0000	0.0000	0.6593	0.6593	0.6593	0.0000	0.0000	
0.4723	1.0728e+005	0.2144	0.4814	0.6579	0.0000	0.0000	0.6579	0.6579	0.6579	0.0000	0.0000	
0.4733	1.0708e+005	0.2143	0.4807	0.6566	0.0000	0.0000	0.6566	0.6566	0.6566	0.0000	0.0000	
0.4743	1.0687e+005	0.2143	0.4799	0.6553	0.0000	0.0000	0.6553	0.6553	0.6553	0.0000	0.0000	
0.4753	1.0667e+005	0.2143	0.4791	0.6539	0.0000	0.0000	0.6539	0.6539	0.6539	0.0000	0.0000	
0.4763	1.0647e+005	0.2141	0.4783	0.6526	0.0000	0.0000	0.6526	0.6526	0.6526	0.0000	0.0000	
0.4773	1.0626e+005	0.2141	0.4775	0.6512	0.0000	0.0000	0.6512	0.6512	0.6512	0.0000	0.0000	
0.4783	1.0606e+005	0.2141	0.4767	0.6499	0.0000	0.0000	0.6499	0.6499	0.6499	0.0000	0.0000	
0.4793	1.0586e+005	0.2140	0.4757	0.6485	0.0000	0.0000	0.6485	0.6485	0.6485	0.0000	0.0000	
0.4803	1.0566e+005	0.2140	0.4747	0.6472	0.0000	0.0000	0.6472	0.6472	0.6472	0.0000	0.0000	
0.4813	1.0545e+005	0.2140	0.4740	0.6458	0.0000	0.0000	0.6458	0.6458	0.6458	0.0000	0.0000	
0.4823	1.0525e+005	0.2140	0.4731	0.6444	0.0000	0.0000	0.6444	0.6444	0.6444	0.0000	0.0000	
0.4833	1.0505e+005	0.2140	0.4720	0.6430	0.0000	0.0000	0.6430	0.6430	0.6430	0.0000	0.0000	
0.4843	1.0484e+005	0.2140	0.4712	0.6416	0.0000	0.0000	0.6416	0.6416	0.6416	0.0000	0.0000	
0.4853	1.0464e+005	0.2140	0.4703	0.6403	0.0000	0.0000	0.6403	0.6403	0.6403	0.0000	0.0000	
0.4863	1.0444e+005	0.2139	0.4695	0.6389	0.0000	0.0000	0.6389	0.6389	0.6389	0.0000	0.0000	
0.4873	1.0424e+005	0.2139	0.4688	0.6376	0.0000	0.0000	0.6376	0.6376	0.6376	0.0000	0.0000	
0.4883	1.0403e+005	0.2139	0.4679	0.6362	0.0000	0.0000	0.6362	0.6362	0.6362	0.0000	0.0000	
0.4893	1.0383e+005	0.2139	0.4671	0.6348	0.0000	0.0000	0.6348	0.6348	0.6348	0.0000	0.0000	
0.4903	1.0363e+005	0.2139	0.4663	0.6334	0.0000	0.0000	0.6334	0.6334	0.6334	0.0000	0.0000	
0.4913	1.0342e+005	0.2135	0.4654	0.6320	0.0000	0.0000	0.6320	0.6320	0.6320	0.0000	0.0000	
0.4923	1.0322e+005	0.2135	0.4648	0.6306	0.0000	0.0000	0.6306	0.6306	0.6306	0.0000	0.0000	
0.4933	1.0302e+005	0.2135	0.4640	0.6292	0.0000	0.0000	0.6292	0.6292	0.6292	0.0000	0.0000	
0.4943	1.0281e+005	0.2135	0.4632	0.6278	0.0000	0.0000	0.6278	0.6278	0.6278	0.0000	0.0000	
0.4953	1.0261e+005	0.2135	0.4626	0.6263	0.0000	0.0000	0.6263	0.6263	0.6263	0.0000	0.0000	
0.4963	1.0241e+005	0.2135	0.4617	0.6249	0.0000	0.0000	0.6249	0.6249	0.6249	0.0000	0.0000	
0.4973	1.022e+005	0.2134	0.4608	0.6235	0.0000	0.0000	0.6235	0.6235	0.6235	0.0000	0.0000	
0.4983	1.02e+005 	0.2134	0.4601	0.6220	0.0000	0.0000	0.6220	0.6220	0.6220	0.0000	0.0000	
0.4993	1.018e+005	0.2126	0.4591	0.6206	0.0000	0.0000	0.6206	0.6206	0.6206	0.0000	0.0000	
0.5003	1.016e+005	0.2125	0.4581	0.6192	0.0000	0.0000	0.6192	0.6192	0.6192	0.0000	0.0000	
0.5013	1.0139e+005	0.2125	0.4572	0.6177	0.0000	0.0000	0.6177	0.6177	0.6177	0.0000	0.0000	
0.5023	1.0119e+005	0.2125	0.4565	0.6163	0.0000	0.0000	0.6163	0.6163	0.6163	0.0000	0.0000	
0.5033	1.0099e+005	0.2125	0.4557	0.6149	0.0000	0.0000	0.6149	0.6149	0.6149	0.0000	0.0000	
0.5043	1.0078e+005	0.2125	0.4550	0.6134	0.0000	0.0000	0.6134	0.6134	0.6134	0.0000	0.0000	
0.5053	1.0058e+005	0.2125	0.4540	0.6120	0.0000	0.0000	0.6120	0.6120	0.6120	0.0000	0.0000	
0.5063	1.0038e+005	0.2121	0.4530	0.6105	0.0000	0.0000	0.6105	0.6105	0.6105	0.0000	0.0000	
0.5073	1.0018e+005	0.2121	0.4522	0.6091	0.0000	0.0000	0.6091	0.6091	0.6091	0.0000	0.0000	
0.5083	99972     	0.2121	0.4514	0.6076	0.0000	0.0000	0.6076	0.6076	0.6076	0.0000	0.0000	
0.5093	99769     	0.2121	0.4504	0.6061	0.0000	0.0000	0.6061	0.6061	0.6061	0.0000	0.0000	
0.5103	99566     	0.2118	0.4495	0.6046	0.0000	0.0000	0.6046	0.6046	0.6046	0.0000	0.0000	
0.5113	99363     	0.2118	0.4487	0.6032	0.0000	0.0000	0.6032	0.6032	0.6032	0.0000	0.0000	
0.5123	99160     	0.2117	0.4479	0.6017	0.0000	0.0000	0.6017	0.6017	0.6017	0.0000	0.0000	
0.5132	98957     	0.2117	0.4472	0.6002	0.0000	0.0000	0.6002	0.6002	0.6002	0.0000	0.0000	
0.5142	98754     	0.2117	0.4463	0.5987	0.0000	0.0000	0.5987	0.5987	0.5987	0.0000	0.0000	
0.5152	98551     	0.2117	0.4455	0.5972	0.0000	0.0000	0.5972	0.5972	0.5972	0.0000	0.0000	
0.5162	98348     	0.2117	0.4445	0.5957	0.0000	0.0000	0.5957	0.5957	0.5957	0.0000	0.0000	
0.5172	98145     	0.2116	0.4438	0.5942	0.0000	0.0000	0.5942	0.5942	0.5942	0.0000	0.0000	
0.5182	97942     	0.2116	0.4429	0.5927	0.0000	0.0000	0.5927	0.5927	0.5927	0.0000	0.0000	
0.5192	97739     	0.2088	0.4412	0.5912	0.0000	0.0000	0.5912	0.5912	0.5912	0.0000	0.0000	
0.5202	97536     	0.2088	0.4404	0.5897	0.0000	0.0000	0.5897	0.5897	0.5897	0.0000	0.0000	
0.5212	97333     	0.2088	0.4395	0.5882	0.0000	0.0000	0.5882	0.5882	0.5882	0.0000	0.0000	
0.5222	97130     	0.2088	0.4387	0.5867	0.0000	0.0000	0.5867	0.5867	0.5867	0.0000	0.0000	
0.5232	96927     	0.2088	0.4378	0.5851	0.0000	0.0000	0.5851	0.5851	0.5851	0.0000	0.0000	
0.5242	96724     	0.2088	0.4370	0.5836	0.0000	0.0000	0.5836	0.5836	0.5836	0.0000	0.0000	
0.5252	96521     	0.2088	0.4362	0.5821	0.0000	0.0000	0.5821	0.5821	0.5821	0.0000	0.0000	
0.5262	96318     	0.2088	0.4352	0.5805	0.0000	0.0000	0.5805	0.5805	0.5805	0.0000	0.0000	
0.5272	96115     	0.2088	0.4345	0.5790	0.0000	0.0000	0.5790	0.5790	0.5790	0.0000	0.0000	
0.5282	95912     	0.2088	0.4336	0.5775	0.0000	0.0000	0.5775	0.5775	0.5775	0.0000	0.0000	
0.5292	95709     	0.2086	0.4328	0.5759	0.0000	0.0000	0.5759	0.5759	0.5759	0.0000	0.0000	
0.5302	95506     	0.2086	0.4320	0.5744	0.0000	0.0000	0.5744	0.5744	0.5744	0.0000	0.0000	
0.5312	95303     	0.2086	0.4311	0.5729	0.0000	0.0000	0.5729	0.5729	0.5729	0.0000	0.0000	
0.5322	95100     	0.2086	0.4304	0.5713	0.0000	0.0000	0.5713	0.5713	0.5713	0.0000	0.0000	
0.5332	94897     	0.2086	0.4296	0.5698	0.0000	0.0000	0.5698	0.5698	0.5698	0.0000	0.0000	
0.5342	94694     	0.2086	0.4287	0.5682	0.0000	0.0000	0.5682	0.5682	0.5682	0.0000	0.0000	
0.5352	94491     	0.2086	0.4278	0.5666	0.0000	0.0000	0.5666	0.5666	0.5666	0.0000	0.0000	
0.5362	94288     	0.2086	0.4271	0.5651	0.0000	0.0000	0.5651	0.5651	0.5651	0.0000	0.0000	
0.5372	94085     	0.2085	0.4262	0.5635	0.0000	0.0000	0.5635	0.5635	0.5635	0.0000	0.0000	
0.5382	93882     	0.2082	0.4252	0.5620	0.0000	0.0000	0.5620	0.5620	0.5620	0.0000	0.0000	
0.5392	93679     	0.2068	0.4241	0.5604	0.0000	0.0000	0.5604	0.5604	0.5604	0.0000	0.0000	
0.5402	93476     	0.2067	0.4233	0.5588	0.0000	0.0000	0.5588	0.5588	0.5588	0.0000	0.0000	
0.5412	93273     	0.2067	0.4225	0.5573	0.0000	0.0000	0.5573	0.5573	0.5573	0.0000	0.0000	
0.5422	93070     	0.2067	0.4217	0.5557	0.0000	0.0000	0.5557	0.5557	0.5557	0.0000	0.0000	
0.5432	92867     	0.2067	0.4209	0.5541	0.0000	0.0000	0.5541	0.5541	0.5541	0.0000	0.0000	
0.5442	92664     	0.2067	0.4201	0.5525	0.0000	0.0000	0.5525	0.5525	0.5525	0.0000	0.0000	
0.5452	92461     	0.2067	0.4193	0.5510	0.0000	0.0000	0.5510	0.5510	0.5510	0.0000	0.0000	
0.5462	92258     	0.2067	0.4185	0.5494	0.0000	0.0000	0.5494	0.5494	0.5494	0.0000	0.0000	
0.5472	92055     	0.2067	0.4177	0.5478	0.0000	0.0000	0.5478	0.5478	0.5478	0.0000	0.0000	
0.5482	91852     	0.2067	0.4169	0.5462	0.0000	0.0000	0.5462	0.5462	0.5462	0.0000	0.0000	
0.5492	91649     	0.2067	0.4162	0.5446	0.0000	0.0000	0.5446	0.5446	0.5446	0.0000	0.0000	
0.5502	91446     	0.2064	0.4153	0.5429	0.0000	0.0000	0.5429	0.5429	0.5429	0.0000	0.0000	
0.5512	91243     	0.2064	0.4146	0.5413	0.0000	0.0000	0.5413	0.5413	0.5413	0.0000	0.0000	
0.5522	91040     	0.2064	0.4138	0.5397	0.0000	0.0000	0.5397	0.5397	0.5397	0.0000	0.0000	
0.5532	90837     	0.2064	0.4130	0.5381	0.0000	0.0000	0.5381	0.5381	0.5381	0.0000	0.0000	
0.5542	90634     	0.2064	0.4122	0.5364	0.0000	0.0000	0.5364	0.5364	0.5364	0.0000	0.0000	
0.5552	90431     	0.2064	0.4113	0.5348	0.0000	0.0000	0.5348	0.5348	0.5348	0.0000	0.0000	
0.5562	90228     	0.2049	0.4098	0.5332	0.0000	0.0000	0.5332	0.5332	0.5332	0.0000	0.0000	
0.5572	90025     	0.2047	0.4090	0.5315	0.0000	0.0000	0.5315	0.5315	0.5315	0.0000	0.0000	
0.5582	89822     	0.2045	0.4082	0.5299	0.0000	0.0000	0.5299	0.5299	0.5299	0.0000	0.0000	
0.5592	89619     	0.2043	0.4073	0.5282	0.0000	0.0000	0.5282	0.5282	0.5282	0.0000	0.0000	
0.5602	89416     	0.2043	0.4066	0.5266	0.0000	0.0000	0.5266	0.5266	0.5266	0.0000	0.0000	
0.5612	89213     	0.2043	0.4057	0.5250	0.0000	0.0000	0.5250	0.5250	0.5250	0.0000	0.0000	
0.5622	89010     	0.2043	0.4049	0.5233	0.0000	0.0000	0.5233	0.5233	0.5233	0.0000	0.0000	
0.5632	88807     	0.2041	0.4041	0.5216	0.0000	0.0000	0.5216	0.5216	0.5216	0.0000	0.0000	
0.5642	88604     	0.2030	0.4029	0.5199	0.0000	0.0000	0.5199	0.5199	0.5199	0.0000	0.0000	
0.5652	88401     	0.2030	0.4020	0.5183	0.0000	0.0000	0.5183	0.5183	0.5183	0.0000	0.0000	
0.5662	88198     	0.2030	0.4012	0.5166	0.0000	0.0000	0.5166	0.5166	0.5166	0.0000	0.0000	
0.5672	87995     	0.2030	0.4003	0.5149	0.0000	0.0000	0.5149	0.5149	0.5149	0.0000	0.0000	
0.5682	87792     	0.2030	0.3995	0.5132	0.0000	0.0000	0.5132	0.5132	0.5132	0.0000	0.0000	
0.5692	87589     	0.2030	0.3987	0.5115	0.0000	0.0000	0.5115	0.5115	0.5115	0.0000	0.0000	
0.5702	87386     	0.2030	0.3978	0.5098	0.0000	0.0000	0.5098	0.5098	0.5098	0.0000	0.0000	
0.5712	87183     	0.2030	0.3969	0.5081	0.0000	0.0000	0.5081	0.5081	0.5081	0.0000	0.0000	
0.5722	86980     	0.2030	0.3958	0.5064	0.0000	0.0000	0.5064	0.5064	0.5064	0.0000	0.0000	
0.5732	86777     	0.2024	0.3948	0.5046	0.0000	0.0000	0.5046	0.5046	0.5046	0.0000	0.0000	
0.5742	86574     	0.2024	0.3939	0.5029	0.0000	0.0000	0.5029	0.5029	0.5029	0.0000	0.0000	
0.5752	86371     	0.2021	0.3930	0.5012	0.0000	0.0000	0.5012	0.5012	0.5012	0.0000	0.0000	
0.5762	86168     	0.2019	0.3922	0.4995	0.0000	0.0000	0.4995	0.4995	0.4995	0.0000	0.0000	
0.5772	85965     	0.2019	0.3914	0.4977	0.0000	0.0000	0.4977	0.4977	0.4977	0.0000	0.0000	
0.5782	85762     	0.2019	0.3905	0.4960	0.0000	0.0000	0.4960	0.4960	0.4960	0.0000	0.0000	
0.5792	85559     	0.2019	0.3897	0.4943	0.0000	0.0000	0.4943	0.4943	0.4943	0.0000	0.0000	
0.5801	85356     	0.2014	0.3887	0.4925	0.0000	0.0000	0.4925	0.4925	0.4925	0.0000	0.0000	
0.5811	85153     	0.2014	0.3878	0.4908	0.0000	0.0000	0.4908	0.4908	0.4908	0.0000	0.0000	
0.5821	84950     	0.2014	0.3868	0.4890	0.0000	0.0000	0.4890	0.4890	0.4890	0.0000	0.0000	
0.5831	84747     	0.2014	0.3859	0.4873	0.0000	0.0000	0.4873	0.4873	0.4873	0.0000	0.0000	
0.5841	84544     	0.1999	0.3846	0.4855	0.0000	0.0000	0.4855	0.4855	0.4855	0.0000	0.0000	
0.5851	84341     	0.1999	0.3837	0.4838	0.0000	0.0000	0.4838	0.4838	0.4838	0.0000	0.0000	
0.5861	84138     	0.1999	0.3828	0.4820	0.0000	0.0000	0.4820	0.4820	0.4820	0.0000	0.0000	
0.5871	83935     	0.1999	0.3820	0.4802	0.0000	0.0000	0.4802	0.4802	0.4802	0.0000	0.0000	
0.5881	83732     	0.1999	0.3812	0.4784	0.0000	0.0000	0.4784	0.4784	0.4784	0.0000	0.0000	
0.5891	83529     	0.1947	0.3791	0.4766	0.0000	0.0000	0.4766	0.4766	0.4766	0.0000	0.0000	
0.5901	83326     	0.1946	0.3782	0.4748	0.0000	0.0000	0.4748	0.4748	0.4748	0.0000	0.0000	
0.5911	83123     	0.1942	0.3772	0.4730	0.0000	0.0000	0.4730	0.4730	0.4730	0.0000	0.0000	
0.5921	82920     	0.1938	0.3763	0.4713	0.0000	0.0000	0.4713	0.4713	0.4713	0.0000	0.0000	
0.5931	82717     	0.1938	0.3754	0.4694	0.0000	0.0000	0.4694	0.4694	0.4694	0.0000	0.0000	
0.5941	82514     	0.1938	0.3744	0.4677	0.0000	0.0000	0.4677	0.4677	0.4677	0.0000	0.0000	
0.5951	82311     	0.1928	0.3732	0.4658	0.0000	0.0000	0.4658	0.4658	0.4658	0.0000	0.0000	
0.5961	82108     	0.1922	0.3723	0.4640	0.0000	0.0000	0.4640	0.4640	0.4640	0.0000	0.0000	
0.5971	81905     	0.1922	0.3713	0.4622	0.0000	0.0000	0.4622	0.4622	0.4622	0.0000	0.0000	
0.5981	81702     	0.1915	0.3703	0.4604	0.0000	0.0000	0.4604	0.4604	0.4604	0.0000	0.0000	
0.5991	81499     	0.1855	0.3680	0.4586	0.0000	0.0000	0.4586	0.4586	0.4586	0.0000	0.0000	
0.6001	81296     	0.1851	0.3670	0.4568	0.0000	0.0000	0.4568	0.4568	0.4568	0.0000	0.0000	
0.6011	81093     	0.1851	0.3662	0.4550	0.0000	0.0000	0.4550	0.4550	0.4550	0.0000	0.0000	
0.6021	80890     	0.1851	0.3653	0.4532	0.0000	0.0000	0.4532	0.4532	0.4532	0.0000	0.0000	
0.6031	80687     	0.1851	0.3645	0.4513	0.0000	0.0000	0.4513	0.4513	0.4513	0.0000	0.0000	
0.6041	80484     	0.1851	0.3637	0.4495	0.0000	0.0000	0.4495	0.4495	0.4495	0.0000	0.0000	
0.6051	80281     	0.1849	0.3627	0.4477	0.0000	0.0000	0.4477	0.4477	0.4477	0.0000	0.0000	
0.6061	80078     	0.1849	0.3617	0.4459	0.0000	0.0000	0.4459	0.4459	0.4459	0.0000	0.0000	
0.6071	79875     	0.1849	0.3608	0.4440	0.0000	0.0000	0.4440	0.4440	0.4440	0.0000	0.0000	
0.6081	79672     	0.1715	0.3567	0.4423	0.0000	0.0000	0.4423	0.4423	0.4423	0.0000	0.0000	
0.6091	79469     	0.1625	0.3536	0.4405	0.0000	0.0000	0.4405	0.4405	0.4405	0.0000	0.0000	
0.6101	79266     	0.1625	0.3526	0.4387	0.0000	0.0000	0.4387	0.4387	0.4387	0.0000	0.0000	
0.6111	79063     	0.1625	0.3518	0.4368	0.0000	0.0000	0.4368	0.4368	0.4368	0.0000	0.0000	
0.6121	78860     	0.1625	0.3509	0.4350	0.0000	0.0000	0.4350	0.4350	0.4350	0.0000	0.0000	
0.6131	78657     	0.1621	0.3500	0.4331	0.0000	0.0000	0.4331	0.4331	0.4331	0.0000	0.0000	
0.6141	78454     	0.1620	0.3491	0.4313	0.0000	0.0000	0.4313	0.4313	0.4313	0.0000	0.0000	
0.6151	78251     	0.1620	0.3482	0.4294	0.0000	0.0000	0.4294	0.4294	0.4294	0.0000	0.0000	
0.6161	78048     	0.1620	0.3473	0.4276	0.0000	0.0000	0.4276	0.4276	0.4276	0.0000	0.0000	
0.6171	77845     	0.1620	0.3465	0.4257	0.0000	0.0000	0.4257	0.4257	0.4257	0.0000	0.0000	
0.6181	77642     	0.1615	0.3455	0.4238	0.0000	0.0000	0.4238	0.4238	0.4238	0.0000	0.0000	
0.6191	77439     	0.1615	0.3447	0.4220	0.0000	0.0000	0.4220	0.4220	0.4220	0.0000	0.0000	
0.6201	77236     	0.1614	0.3437	0.4201	0.0000	0.0000	0.4201	0.4201	0.4201	0.0000	0.0000	
0.6211	77033     	0.1614	0.3429	0.4183	0.0000	0.0000	0.4183	0.4183	0.4183	0.0000	0.0000	
0.6221	76830     	0.1614	0.3420	0.4164	0.0000	0.0000	0.4164	0.4164	0.4164	0.0000	0.0000	
0.6231	76627     	0.1614	0.3412	0.4145	0.0000	0.0000	0.4145	0.4145	0.4145	0.0000	0.0000	
0.6241	76424     	0.1614	0.3403	0.4126	0.0000	0.0000	0.4126	0.4126	0.4126	0.0000	0.0000	
0.6251	76221     	0.1614	0.3394	0.4107	0.0000	0.0000	0.4107	0.4107	0.4107	0.0000	0.0000	
0.6261	76018     	0.1598	0.3380	0.4088	0.0000	0.0000	0.4088	0.4088	0.4088	0.0000	0.0000	
0.6271	75815     	0.1598	0.3370	0.4069	0.0000	0.0000	0.4069	0.4069	0.4069	0.0000	0.0000	
0.6281	75612     	0.1588	0.3358	0.4051	0.0000	0.0000	0.4051	0.4051	0.4051	0.0000	0.0000	
0.6291	75409     	0.1584	0.3349	0.4032	0.0000	0.0000	0.4032	0.4032	0.4032	0.0000	0.0000	
0.6301	75206     	0.1584	0.3340	0.4013	0.0000	0.0000	0.4013	0.4013	0.4013	0.0000	0.0000	
0.6311	75003     	0.1577	0.3331	0.3994	0.0000	0.0000	0.3994	0.3994	0.3994	0.0000	0.0000	
0.6321	74800     	0.1577	0.3322	0.3974	0.0000	0.0000	0.3974	0.3974	0.3974	0.0000	0.0000	
0.6331	74597     	0.1574	0.3313	0.3956	0.0000	0.0000	0.3956	0.3956	0.3956	0.0000	0.0000	
0.6341	74394     	0.1568	0.3302	0.3941	0.0000	0.0000	0.3936	0.3936	0.3936	0.0000	0.0000	
0.6351	74191     	0.1549	0.3288	0.3932	0.0000	0.0000	0.3917	0.3917	0.3917	0.0000	0.0000	
0.6361	73988     	0.1542	0.3278	0.3927	0.0000	0.0000	0.3901	0.3901	0.3901	0.0000	0.0000	
0.6371	73785     	0.1542	0.3269	0.3921	0.0000	0.0000	0.3882	0.3882	0.3882	0.0000	0.0000	
0.6381	73582     	0.1538	0.3260	0.3919	0.0000	0.0000	0.3862	0.3862	0.3862	0.0000	0.0000	
0.6391	73379     	0.1538	0.3251	0.3914	0.0000	0.0000	0.3843	0.3843	0.3843	0.0000	0.0000	
0.6401	73176     	0.1538	0.3243	0.3910	0.0000	0.0000	0.3826	0.3826	0.3826	0.0000	0.0000	
0.6411	72973     	0.1538	0.3237	0.3906	0.0000	0.0000	0.3814	0.3814	0.3814	0.0000	0.0000	
0.6421	72770     	0.1537	0.3231	0.3905	0.0000	0.0000	0.3805	0.3805	0.3805	0.0000	0.0000	
0.6431	72567     	0.1537	0.3223	0.3892	0.0000	0.0000	0.3796	0.3796	0.3796	0.0000	0.0000	
0.6441	72364     	0.1537	0.3216	0.3884	0.0000	0.0000	0.3786	0.3786	0.3786	0.0000	0.0000	
0.6451	72161     	0.1537	0.3211	0.3882	0.0000	0.0000	0.3778	0.3778	0.3778	0.0000	0.0000	
0.6461	71958     	0.1537	0.3205	0.3876	0.0000	0.0000	0.3770	0.3770	0.3770	0.0000	0.0000	
0.6471	71755     	0.1537	0.3200	0.3875	0.0000	0.0000	0.3762	0.3762	0.3762	0.0000	0.0000	
0.6480	71552     	0.1537	0.3194	0.3871	0.0000	0.0000	0.3755	0.3755	0.3755	0.0000	0.0000	
0.6490	71349     	0.1537	0.3189	0.3867	0.0000	0.0000	0.3748	0.3748	0.3748	0.0000	0.0000	
0.6500	71146     	0.1537	0.3184	0.3865	0.0000	0.0000	0.3741	0.3741	0.3741	0.0000	0.0000	
0.6510	70943     	0.1537	0.3179	0.3865	0.0000	0.0000	0.3734	0.3734	0.3734	0.0000	0.0000	
0.6520	70740     	0.1537	0.3174	0.3860	0.0000	0.0000	0.3727	0.3727	0.3727	0.0000	0.0000	
0.6530	70537     	0.1537	0.3169	0.3858	0.0000	0.0000	0.3720	0.3720	0.3720	0.0000	0.0000	
0.6540	70334     	0.1537	0.3164	0.3856	0.0000	0.0000	0.3713	0.3713	0.3713	0.0000	0.0000	
0.6550	70131     	0.1537	0.3159	0.3853	0.0000	0.0000	0.3706	0.3706	0.3706	0.0000	0.0000	
0.6560	69928     	0.1537	0.3153	0.3849	0.0000	0.0000	0.3700	0.3700	0.3700	0.0000	0.0000	
0.6570	69725     	0.1537	0.3148	0.3846	0.0000	0.0000	0.3693	0.3693	0.3693	0.0000	0.0000	
0.6580	69522     	0.1537	0.3143	0.3842	0.0000	0.0000	0.3686	0.3686	0.3686	0.0000	0.0000	
0.6590	69319     	0.1537	0.3138	0.3841	0.0000	0.0000	0.3680	0.3680	0.3680	0.0000	0.0000	
0.6600	69116     	0.1537	0.3134	0.3841	0.0000	0.0000	0.3673	0.3673	0.3673	0.0000	0.0000	
0.6610	68913     	0.1537	0.3127	0.3832	0.0000	0.0000	0.3665	0.3665	0.3665	0.0000	0.0000	
0.6620	68710     	0.1537	0.3121	0.3827	0.0000	0.0000	0.3658	0.3658	0.3658	0.0000	0.0000	
0.6630	68507     	0.1537	0.3117	0.3825	0.0000	0.0000	0.3651	0.3651	0.3651	0.0000	0.0000	
0.6640	68304     	0.1537	0.3111	0.3823	0.0000	0.0000	0.3644	0.3644	0.3644	0.0000	0.0000	
0.6650	68101     	0.1536	0.3107	0.3823	0.0000	0.0000	0.3637	0.3637	0.3637	0.0000	0.0000	
0.6660	67898     	0.1536	0.3102	0.3820	0.0000	0.0000	0.3630	0.3630	0.3630	0.0000	0.0000	
0.6670	67695     	0.1536	0.3097	0.3819	0.0000	0.0000	0.3624	0.3624	0.3624	0.0000	0.0000	
0.6680	67492     	0.1536	0.3092	0.3818	0.0000	0.0000	0.3617	0.3617	0.3617	0.0000	0.0000	
0.6690	67289     	0.1536	0.3088	0.3817	0.0000	0.0000	0.3609	0.3609	0.3609	0.0000	0.0000	
0.6700	67086     	0.1536	0.3082	0.3815	0.0000	0.0000	0.3602	0.3602	0.3602	0.0000	0.0000	
0.6710	66883     	0.1536	0.3077	0.3813	0.0000	0.0000	0.3594	0.3594	0.3594	0.0000	0.0000	
0.6720	66680     	0.1536	0.3072	0.3809	0.0000	0.0000	0.3587	0.3587	0.3587	0.0000	0.0000	
0.6730	66477     	0.1536	0.3067	0.3808	0.0000	0.0000	0.3580	0.3580	0.3580	0.0000	0.0000	
0.6740	66274     	0.1536	0.3062	0.3806	0.0000	0.0000	0.3572	0.3572	0.3572	0.0000	0.0000	
0.6750	66071     	0.1534	0.3056	0.3803	0.0000	0.0000	0.3565	0.3565	0.3565	0.0000	0.0000	
0.6760	65868     	0.1534	0.3052	0.3803	0.0000	0.0000	0.3557	0.3557	0.3557	0.0000	0.0000	
0.6770	65665     	0.1533	0.3046	0.3802	0.0000	0.0000	0.3550	0.3550	0.3550	0.0000	0.0000	
0.6780	65462     	0.1533	0.3041	0.3798	0.0000	0.0000	0.3542	0.3542	0.3542	0.0000	0.0000	
0.6790	65259     	0.1533	0.3036	0.3798	0.0000	0.0000	0.3535	0.3535	0.3535	0.0000	0.0000	
0.6800	65056     	0.1531	0.3029	0.3790	0.0000	0.0000	0.3527	0.3527	0.3527	0.0000	0.0000	
0.6810	64853     	0.1531	0.3024	0.3789	0.0000	0.0000	0.3519	0.3519	0.3519	0.0000	0.0000	
0.6820	64650     	0.1531	0.3019	0.3789	0.0000	0.0000	0.3511	0.3511	0.3511	0.0000	0.0000	
0.6830	64447     	0.1531	0.3015	0.3787	0.0000	0.0000	0.3506	0.3506	0.3506	0.0000	0.0000	
0.6840	64244     	0.1530	0.3012	0.3787	0.0000	0.0000	0.3504	0.3504	0.3504	0.0000	0.0000	
0.6850	64041     	0.1530	0.3008	0.3787	0.0000	0.0000	0.3503	0.3503	0.3503	0.0000	0.0000	
0.6860	63838     	0.1530	0.3005	0.3786	0.0000	0.0000	0.3501	0.3501	0.3501	0.0000	0.0000	
0.6870	63635     	0.1530	0.3002	0.3786	0.0000	0.0000	0.3499	0.3499	0.3499	0.0000	0.0000	
0.6880	63432     	0.1530	0.2998	0.3786	0.0000	0.0000	0.3498	0.3498	0.3498	0.0000	0.0000	
0.6890	63229     	0.1528	0.2995	0.3785	0.0000	0.0000	0.3496	0.3496	0.3496	0.0000	0.0000	
0.6900	63026     	0.1528	0.2991	0.3784	0.0000	0.0000	0.3494	0.3494	0.3494	0.0000	0.0000	
0.6910	62823     	0.1528	0.2988	0.3784	0.0000	0.0000	0.3492	0.3492	0.3492	0.0000	0.0000	
0.6920	62620     	0.1525	0.2984	0.3783	0.0000	0.0000	0.3490	0.3490	0.3490	0.0000	0.0000	
0.6930	62417     	0.1525	0.2981	0.3783	0.0000	0.0000	0.3488	0.3488	0.3488	0.0000	0.0000	
0.6940	62214     	0.1525	0.2977	0.3783	0.0000	0.0000	0.3485	0.3485	0.3485	0.0000	0.0000	
0.6950	62011     	0.1525	0.2974	0.3783	0.0000	0.0000	0.3483	0.3483	0.3483	0.0000	0.0000	
0.6960	61808     	0.1525	0.2971	0.3783	0.0000	0.0000	0.3481	0.3481	0.3481	0.0000	0.0000	
0.6970	61605     	0.1525	0.2967	0.3782	0.0000	0.0000	0.3479	0.3479	0.3479	0.0000	0.0000	
0.6980	61402     	0.1525	0.2964	0.3781	0.0000	0.0000	0.3476	0.3476	0.3476	0.0000	0.0000	
0.6990	61199     	0.1525	0.2960	0.3781	0.0000	0.0000	0.3474	0.3474	0.3474	0.0000	0.0000	
0.7000	60996     	0.1522	0.2956	0.3781	0.0000	0.0000	0.3471	0.3471	0.3471	0.0000	0.0000	
0.7010	60793     	0.1522	0.2953	0.3781	0.0000	0.0000	0.3469	0.3469	0.3469	0.0000	0.0000	
0.7020	60590     	0.1522	0.2950	0.3781	0.0000	0.0000	0.3466	0.3466	0.3466	0.0000	0.0000	
0.7030	60387     	0.1522	0.2946	0.3781	0.0000	0.0000	0.3464	0.3464	0.3464	0.0000	0.0000	
0.7040	60184     	0.1522	0.2943	0.3781	0.0000	0.0000	0.3461	0.3461	0.3461	0.0000	0.0000	
0.7050	59981     	0.1522	0.2939	0.3780	0.0000	0.0000	0.3458	0.3458	0.3458	0.0000	0.0000	
0.7060	59778     	0.1522	0.2936	0.3780	0.0000	0.0000	0.3455	0.3455	0.3455	0.0000	0.0000	
0.7070	59575     	0.1522	0.2932	0.3780	0.0000	0.0000	0.3452	0.3452	0.3452	0.0000	0.0000	
0.7080	59372     	0.1522	0.2929	0.3780	0.0000	0.0000	0.3449	0.3449	0.3449	0.0000	0.0000	
0.7090	59169     	0.1522	0.2925	0.3779	0.0000	0.0000	0.3446	0.3446	0.3446	0.0000	0.0000	
0.7100	58966     	0.1522	0.2921	0.3778	0.0000	0.0000	0.3443	0.3443	0.3443	0.0000	0.0000	
0.7110	58763     	0.1522	0.2918	0.3778	0.0000	0.0000	0.3440	0.3440	0.3440	0.0000	0.0000	
0.7120	58560     	0.1522	0.2914	0.3777	0.0000	0.0000	0.3436	0.3436	0.3436	0.0000	0.0000	
0.7130	58357     	0.1522	0.2910	0.3777	0.0000	0.0000	0.3433	0.3433	0.3433	0.0000	0.0000	
0.7140	58154     	0.1522	0.2907	0.3777	0.0000	0.0000	0.3430	0.3430	0.3430	0.0000	0.0000	
0.7149	57951     	0.1521	0.2903	0.3777	0.0000	0.0000	0.3426	0.3426	0.3426	0.0000	0.0000	
0.7159	57748     	0.1509	0.2897	0.3777	0.0000	0.0000	0.3423	0.3423	0.3423	0.0000	0.0000	
0.7169	57545     	0.1509	0.2893	0.3777	0.0000	0.0000	0.3420	0.3420	0.3420	0.0000	0.0000	
0.7179	57342     	0.1509	0.2889	0.3777	0.0000	0.0000	0.3416	0.3416	0.3416	0.0000	0.0000	
0.7189	57139     	0.1475	0.2877	0.3776	0.0000	0.0000	0.3412	0.3412	0.3412	0.0000	0.0000	
0.7199	56936     	0.1475	0.2873	0.3776	0.0000	0.0000	0.3409	0.3409	0.3409	0.0000	0.0000	
0.7209	56733     	0.1475	0.2870	0.3776	0.0000	0.0000	0.3405	0.3405	0.3405	0.0000	0.0000	
0.7219	56530     	0.1475	0.2866	0.3776	0.0000	0.0000	0.3401	0.3401	0.3401	0.0000	0.0000	
0.7229	56327     	0.1475	0.2862	0.3776	0.0000	0.0000	0.3397	0.3397	0.3397	0.0000	0.0000	
0.7239	56124     	0.1475	0.2859	0.3776	0.0000	0.0000	0.3394	0.3394	0.3394	0.0000	0.0000	
0.7249	55921     	0.1475	0.2855	0.3776	0.0000	0.0000	0.3390	0.3390	0.3390	0.0000	0.0000	
0.7259	55718     	0.1475	0.2851	0.3775	0.0000	0.0000	0.3386	0.3386	0.3386	0.0000	0.0000	
0.7269	55515     	0.1475	0.2847	0.3775	0.0000	0.0000	0.3382	0.3382	0.3382	0.0000	0.0000	
0.7279	55312     	0.1474	0.2844	0.3775	0.0000	0.0000	0.3378	0.3378	0.3378	0.0000	0.0000	
0.7289	55109     	0.1474	0.2840	0.3775	0.0000	0.0000	0.3373	0.3373	0.3373	0.0000	0.0000	
0.7299	54906     	0.1472	0.2836	0.3775	0.0000	0.0000	0.3369	0.3369	0.3369	0.0000	0.0000	
0.7309	54703     	0.1472	0.2832	0.3774	0.0000	0.0000	0.3365	0.3365	0.3365	0.0000	0.0000	
0.7319	54500     	0.1472	0.2828	0.3774	0.0000	0.0000	0.3360	0.3360	0.3360	0.0000	0.0000	
0.7329	54297     	0.1472	0.2824	0.3774	0.0000	0.0000	0.3356	0.3356	0.3356	0.0000	0.0000	
0.7339	54094     	0.1472	0.2820	0.3774	0.0000	0.0000	0.3351	0.3351	0.3351	0.0000	0.0000	
0.7349	53891     	0.1472	0.2816	0.3774	0.0000	0.0000	0.3347	0.3347	0.3347	0.0000	0.0000	
0.7359	53688     	0.1472	0.2812	0.3774	0.0000	0.0000	0.3342	0.3342	0.3342	0.0000	0.0000	
0.7369	53485     	0.1471	0.2808	0.3774	0.0000	0.0000	0.3337	0.3337	0.3337	0.0000	0.0000	
0.7379	53282     	0.1471	0.2804	0.3774	0.0000	0.0000	0.3332	0.3332	0.3332	0.0000	0.0000	
0.7389	53079     	0.1471	0.2800	0.3774	0.0000	0.0000	0.3327	0.3327	0.3327	0.0000	0.0000	
0.7399	52876     	0.1471	0.2796	0.3774	0.0000	0.0000	0.3322	0.3322	0.3322	0.0000	0.0000	
0.7409	52673     	0.1471	0.2790	0.3767	0.0000	0.0000	0.3317	0.3317	0.3317	0.0000	0.0000	
0.7419	52470     	0.1471	0.2786	0.3767	0.0000	0.0000	0.3312	0.3312	0.3312	0.0000	0.0000	
0.7429	52267     	0.1471	0.2782	0.3767	0.0000	0.0000	0.3307	0.3307	0.3307	0.0000	0.0000	
0.7439	52064     	0.1471	0.2778	0.3767	0.0000	0.0000	0.3301	0.3301	0.3301	0.0000	0.0000	
0.7449	51861     	0.1471	0.2774	0.3767	0.0000	0.0000	0.3296	0.3296	0.3296	0.0000	0.0000	
0.7459	51658     	0.1471	0.2770	0.3767	0.0000	0.0000	0.3291	0.3291	0.3291	0.0000	0.0000	
0.7469	51455     	0.1469	0.2765	0.3767	0.0000	0.0000	0.3285	0.3285	0.3285	0.0000	0.0000	
0.7479	51252     	0.1469	0.2761	0.3767	0.0000	0.0000	0.3279	0.3279	0.3279	0.0000	0.0000	
0.7489	51049     	0.1469	0.2757	0.3766	0.0000	0.0000	0.3274	0.3274	0.3274	0.0000	0.0000	
0.7499	50846     	0.1469	0.2752	0.3766	0.0000	0.0000	0.3268	0.3268	0.3268	0.0000	0.0000	
0.7509	50643     	0.1469	0.2748	0.3766	0.0000	0.0000	0.3262	0.3262	0.3262	0.0000	0.0000	
0.7519	50440     	0.1469	0.2744	0.3766	0.0000	0.0000	0.3256	0.3256	0.3256	0.0000	0.0000	
0.7529	50237     	0.1467	0.2739	0.3766	0.0000	0.0000	0.3250	0.3250	0.3250	0.0000	0.0000	
0.7539	50034     	0.1467	0.2735	0.3766	0.0000	0.0000	0.3244	0.3244	0.3244	0.0000	0.0000	
0.7549	49831     	0.1467	0.2731	0.3765	0.0000	0.0000	0.3238	0.3238	0.3238	0.0000	0.0000	
0.7559	49628     	0.1467	0.2726	0.3764	0.0000	0.0000	0.3231	0.3231	0.3231	0.0000	0.0000	
0.7569	49425     	0.1467	0.2722	0.3763	0.0000	0.0000	0.3225	0.3225	0.3225	0.0000	0.0000	
0.7579	49222     	0.1466	0.2717	0.3763	0.0000	0.0000	0.3218	0.3218	0.3218	0.0000	0.0000	
0.7589	49019     	0.1465	0.2712	0.3761	0.0000	0.0000	0.3212	0.3212	0.3212	0.0000	0.0000	
0.7599	48816     	0.1465	0.2707	0.3761	0.0000	0.0000	0.3205	0.3205	0.3205	0.0000	0.0000	
0.7609	48613     	0.1465	0.2703	0.3760	0.0000	0.0000	0.3198	0.3198	0.3198	0.0000	0.0000	
0.7619	48410     	0.1465	0.2698	0.3760	0.0000	0.0000	0.3191	0.3191	0.3191	0.0000	0.0000	
0.7629	48207     	0.1465	0.2694	0.3760	0.0000	0.0000	0.3184	0.3184	0.3184	0.0000	0.0000	
0.7639	48004     	0.1464	0.2689	0.3760	0.0000	0.0000	0.3177	0.3177	0.3177	0.0000	0.0000	
0.7649	47801     	0.1449	0.2680	0.3758	0.0000	0.0000	0.3169	0.3169	0.3169	0.0000	0.0000	
0.7659	47598     	0.1449	0.2676	0.3758	0.0000	0.0000	0.3162	0.3162	0.3162	0.0000	0.0000	
0.7669	47395     	0.1443	0.2669	0.3756	0.0000	0.0000	0.3154	0.3154	0.3154	0.0000	0.0000	
0.7679	47192     	0.1442	0.2664	0.3756	0.0000	0.0000	0.3147	0.3147	0.3147	0.0000	0.0000	
0.7689	46989     	0.1442	0.2659	0.3756	0.0000	0.0000	0.3139	0.3139	0.3139	0.0000	0.0000	
0.7699	46786     	0.1440	0.2654	0.3756	0.0000	0.0000	0.3131	0.3131	0.3131	0.0000	0.0000	
0.7709	46583     	0.1440	0.2649	0.3755	0.0000	0.0000	0.3123	0.3123	0.3123	0.0000	0.0000	
0.7719	46380     	0.1438	0.2644	0.3754	0.0000	0.0000	0.3115	0.3115	0.3115	0.0000	0.0000	
0.7729	46177     	0.1438	0.2637	0.3746	0.0000	0.0000	0.3106	0.3106	0.3106	0.0000	0.0000	
0.7739	45974     	0.1438	0.2628	0.3731	0.0000	0.0000	0.3095	0.3095	0.3095	0.0000	0.0000	
0.7749	45771     	0.1438	0.2623	0.3730	0.0000	0.0000	0.3086	0.3086	0.3086	0.0000	0.0000	
0.7759	45568     	0.1438	0.2618	0.3730	0.0000	0.0000	0.3078	0.3078	0.3078	0.0000	0.0000	
0.7769	45365     	0.1438	0.2613	0.3730	0.0000	0.0000	0.3070	0.3070	0.3070	0.0000	0.0000	
0.7779	45162     	0.1437	0.2608	0.3730	0.0000	0.0000	0.3061	0.3061	0.3061	0.0000	0.0000	
0.7789	44959     	0.1437	0.2603	0.3729	0.0000	0.0000	0.3052	0.3052	0.3052	0.0000	0.0000	
0.7799	44756     	0.1437	0.2598	0.3729	0.0000	0.0000	0.3044	0.3044	0.3044	0.0000	0.0000	
0.7809	44553     	0.1437	0.2593	0.3729	0.0000	0.0000	0.3035	0.3035	0.3035	0.0000	0.0000	
0.7819	44350     	0.1431	0.2586	0.3726	0.0000	0.0000	0.3026	0.3026	0.3026	0.0000	0.0000	
0.7828	44147     	0.1431	0.2581	0.3726	0.0000	0.0000	0.3017	0.3017	0.3017	0.0000	0.0000	
0.7838	43944     	0.1431	0.2576	0.3726	0.0000	0.0000	0.3008	0.3008	0.3008	0.0000	0.0000	
0.7848	43741     	0.1425	0.2569	0.3725	0.0000	0.0000	0.2999	0.2999	0.2999	0.0000	0.0000	
0.7858	43538     	0.1342	0.2540	0.3712	0.0000	0.0000	0.2989	0.2989	0.2989	0.0000	0.0000	
0.7868	43335     	0.1342	0.2535	0.3712	0.0000	0.0000	0.2979	0.2979	0.2979	0.0000	0.0000	
0.7878	43132     	0.1342	0.2530	0.3711	0.0000	0.0000	0.2970	0.2970	0.2970	0.0000	0.0000	
0.7888	42929     	0.1342	0.2525	0.3710	0.0000	0.0000	0.2961	0.2961	0.2961	0.0000	0.0000	
0.7898	42726     	0.1341	0.2519	0.3710	0.0000	0.0000	0.2951	0.2951	0.2951	0.0000	0.0000	
0.7908	42523     	0.1341	0.2514	0.3710	0.0000	0.0000	0.2942	0.2942	0.2942	0.0000	0.0000	
0.7918	42320     	0.1341	0.2509	0.3708	0.0000	0.0000	0.2932	0.2932	0.2932	0.0000	0.0000	
0.7928	42117     	0.1341	0.2504	0.3708	0.0000	0.0000	0.2923	0.2923	0.2923	0.0000	0.0000	
0.7938	41914     	0.1341	0.2498	0.3708	0.0000	0.0000	0.2913	0.2913	0.2913	0.0000	0.0000	
0.7948	41711     	0.1341	0.2493	0.3708	0.0000	0.0000	0.2903	0.2903	0.2903	0.0000	0.0000	
0.7958	41508     	0.1341	0.2488	0.3707	0.0000	0.0000	0.2893	0.2893	0.2893	0.0000	0.0000	
0.7968	41305     	0.1281	0.2463	0.3686	0.0000	0.0000	0.2883	0.2883	0.2883	0.0000	0.0000	
0.7978	41102     	0.1182	0.2424	0.3651	0.0000	0.0000	0.2872	0.2872	0.2872	0.0000	0.0000	
0.7988	40899     	0.1182	0.2418	0.3647	0.0000	0.0000	0.2862	0.2862	0.2862	0.0000	0.0000	
0.7998	40696     	0.1182	0.2413	0.3647	0.0000	0.0000	0.2852	0.2852	0.2852	0.0000	0.0000	
0.8008	40493     	0.1182	0.2408	0.3647	0.0000	0.0000	0.2842	0.2842	0.2842	0.0000	0.0000	
0.8018	40290     	0.1181	0.2402	0.3647	0.0000	0.0000	0.2832	0.2832	0.2832	0.0000	0.0000	
0.8028	40087     	0.1175	0.2394	0.3642	0.0000	0.0000	0.2821	0.2821	0.2821	0.0000	0.0000	
0.8038	39884     	0.1164	0.2386	0.3641	0.0000	0.0000	0.2810	0.2810	0.2810	0.0000	0.0000	
0.8048	39681     	0.1164	0.2380	0.3641	0.0000	0.0000	0.2800	0.2800	0.2800	0.0000	0.0000	
0.8058	39478     	0.1160	0.2373	0.3638	0.0000	0.0000	0.2788	0.2788	0.2788	0.0000	0.0000	
0.8068	39275     	0.1160	0.2368	0.3637	0.0000	0.0000	0.2778	0.2778	0.2778	0.0000	0.0000	
0.8078	39072     	0.1160	0.2362	0.3637	0.0000	0.0000	0.2767	0.2767	0.2767	0.0000	0.0000	
0.8088	38869     	0.1160	0.2356	0.3635	0.0000	0.0000	0.2756	0.2756	0.2756	0.0000	0.0000	
0.8098	38666     	0.1160	0.2351	0.3635	0.0000	0.0000	0.2745	0.2745	0.2745	0.0000	0.0000	
0.8108	38463     	0.1159	0.2345	0.3634	0.0000	0.0000	0.2735	0.2735	0.2735	0.0000	0.0000	
0.8118	38260     	0.1159	0.2340	0.3633	0.0000	0.0000	0.2724	0.2724	0.2724	0.0000	0.0000	
0.8128	38057     	0.1159	0.2334	0.3633	0.0000	0.0000	0.2713	0.2713	0.2713	0.0000	0.0000	
0.8138	37854     	0.1157	0.2328	0.3632	0.0000	0.0000	0.2702	0.2702	0.2702	0.0000	0.0000	
0.8148	37651     	0.1157	0.2322	0.3631	0.0000	0.0000	0.2691	0.2691	0.2691	0.0000	0.0000	
0.8158	37448     	0.1144	0.2313	0.3630	0.0000	0.0000	0.2679	0.2679	0.2679	0.0000	0.0000	
0.8168	37245     	0.1144	0.2308	0.3630	0.0000	0.0000	0.2668	0.2668	0.2668	0.0000	0.0000	
0.8178	37042     	0.1143	0.2302	0.3629	0.0000	0.0000	0.2657	0.2657	0.2657	0.0000	0.0000	
0.8188	36839     	0.1143	0.2296	0.3626	0.0000	0.0000	0.2646	0.2646	0.2646	0.0000	0.0000	
0.8198	36636     	0.1143	0.2290	0.3626	0.0000	0.0000	0.2634	0.2634	0.2634	0.0000	0.0000	
0.8208	36433     	0.1143	0.2284	0.3626	0.0000	0.0000	0.2623	0.2623	0.2623	0.0000	0.0000	
0.8218	36230     	0.1143	0.2279	0.3626	0.0000	0.0000	0.2612	0.2612	0.2612	0.0000	0.0000	
0.8228	36027     	0.1143	0.2273	0.3626	0.0000	0.0000	0.2600	0.2600	0.2600	0.0000	0.0000	
0.8238	35824     	0.1143	0.2267	0.3625	0.0000	0.0000	0.2589	0.2589	0.2589	0.0000	0.0000	
0.8248	35621     	0.1143	0.2261	0.3624	0.0000	0.0000	0.2577	0.2577	0.2577	0.0000	0.0000	
0.8258	35418     	0.1143	0.2256	0.3624	0.0000	0.0000	0.2565	0.2565	0.2565	0.0000	0.0000	
0.8268	35215     	0.1143	0.2250	0.3624	0.0000	0.0000	0.2554	0.2554	0.2554	0.0000	0.0000	
0.8278	35012     	0.1140	0.2244	0.3624	0.0000	0.0000	0.2542	0.2542	0.2542	0.0000	0.0000	
0.8288	34809     	0.1140	0.2238	0.3624	0.0000	0.0000	0.2530	0.2530	0.2530	0.0000	0.0000	
0.8298	34606     	0.1139	0.2232	0.3624	0.0000	0.0000	0.2518	0.2518	0.2518	0.0000	0.0000	
0.8308	34403     	0.1139	0.2226	0.3624	0.0000	0.0000	0.2507	0.2507	0.2507	0.0000	0.0000	
0.8318	34200     	0.1139	0.2220	0.3623	0.0000	0.0000	0.2495	0.2495	0.2495	0.0000	0.0000	
0.8328	33997     	0.1139	0.2215	0.3623	0.0000	0.0000	0.2483	0.2483	0.2483	0.0000	0.0000	
0.8338	33794     	0.1139	0.2209	0.3623	0.0000	0.0000	0.2471	0.2471	0.2471	0.0000	0.0000	
0.8348	33591     	0.1139	0.2203	0.3623	0.0000	0.0000	0.2459	0.2459	0.2459	0.0000	0.0000	
0.8358	33388     	0.1139	0.2197	0.3623	0.0000	0.0000	0.2447	0.2447	0.2447	0.0000	0.0000	
0.8368	33185     	0.1139	0.2191	0.3623	0.0000	0.0000	0.2434	0.2434	0.2434	0.0000	0.0000	
0.8378	32982     	0.1139	0.2186	0.3623	0.0000	0.0000	0.2422	0.2422	0.2422	0.0000	0.0000	
0.8388	32779     	0.1139	0.2180	0.3623	0.0000	0.0000	0.2410	0.2410	0.2410	0.0000	0.0000	
0.8398	32576     	0.1139	0.2174	0.3623	0.0000	0.0000	0.2397	0.2397	0.2397	0.0000	0.0000	
0.8408	32373     	0.1139	0.2168	0.3621	0.0000	0.0000	0.2385	0.2385	0.2385	0.0000	0.0000	
0.8418	32170     	0.1139	0.2162	0.3621	0.0000	0.0000	0.2373	0.2373	0.2373	0.0000	0.0000	
0.8428	31967     	0.1139	0.2156	0.3621	0.0000	0.0000	0.2360	0.2360	0.2360	0.0000	0.0000	
0.8438	31764     	0.1139	0.2150	0.3621	0.0000	0.0000	0.2348	0.2348	0.2348	0.0000	0.0000	
0.8448	31561     	0.1135	0.2143	0.3621	0.0000	0.0000	0.2335	0.2335	0.2335	0.0000	0.0000	
0.8458	31358     	0.1135	0.2137	0.3621	0.0000	0.0000	0.2322	0.2322	0.2322	0.0000	0.0000	
0.8468	31155     	0.1135	0.2131	0.3619	0.0000	0.0000	0.2309	0.2309	0.2309	0.0000	0.0000	
0.8478	30952     	0.1135	0.2125	0.3619	0.0000	0.0000	0.2297	0.2297	0.2297	0.0000	0.0000	
0.8488	30749     	0.1135	0.2119	0.3619	0.0000	0.0000	0.2284	0.2284	0.2284	0.0000	0.0000	
0.8497	30546     	0.1135	0.2113	0.3619	0.0000	0.0000	0.2271	0.2271	0.2271	0.0000	0.0000	
0.8507	30343     	0.1135	0.2107	0.3619	0.0000	0.0000	0.2258	0.2258	0.2258	0.0000	0.0000	
0.8517	30140     	0.1135	0.2101	0.3619	0.0000	0.0000	0.2245	0.2245	0.2245	0.0000	0.0000	
0.8527	29937     	0.1135	0.2095	0.3619	0.0000	0.0000	0.2231	0.2231	0.2231	0.0000	0.0000	
0.8537	29734     	0.1135	0.2089	0.3619	0.0000	0.0000	0.2218	0.2218	0.2218	0.0000	0.0000	
0.8547	29531     	0.1135	0.2083	0.3619	0.0000	0.0000	0.2205	0.2205	0.2205	0.0000	0.0000	
0.8557	29328     	0.1124	0.2074	0.3618	0.0000	0.0000	0.2192	0.2192	0.2192	0.0000	0.0000	
0.8567	29125     	0.1124	0.2068	0.3618	0.0000	0.0000	0.2178	0.2178	0.2178	0.0000	0.0000	
0.8577	28922     	0.1124	0.2062	0.3618	0.0000	0.0000	0.2165	0.2165	0.2165	0.0000	0.0000	
0.8587	28719     	0.1124	0.2056	0.3618	0.0000	0.0000	0.2151	0.2151	0.2151	0.0000	0.0000	
0.8597	28516     	0.1124	0.2049	0.3618	0.0000	0.0000	0.2137	0.2137	0.2137	0.0000	0.0000	
0.8607	28313     	0.1117	0.2041	0.3617	0.0000	0.0000	0.2124	0.2124	0.2124	0.0000	0.0000	
0.8617	28110     	0.1106	0.2033	0.3617	0.0000	0.0000	0.2110	0.2110	0.2110	0.0000	0.0000	
0.8627	27907     	0.1106	0.2026	0.3617	0.0000	0.0000	0.2096	0.2096	0.2096	0.0000	0.0000	
0.8637	27704     	0.1102	0.2019	0.3615	0.0000	0.0000	0.2082	0.2082	0.2082	0.0000	0.0000	
0.8647	27501     	0.1102	0.2012	0.3612	0.0000	0.0000	0.2069	0.2069	0.2069	0.0000	0.0000	
0.8657	27298     	0.1102	0.2005	0.3611	0.0000	0.0000	0.2055	0.2055	0.2055	0.0000	0.0000	
0.8667	27095     	0.1102	0.1999	0.3611	0.0000	0.0000	0.2040	0.2040	0.2040	0.0000	0.0000	
0.8677	26892     	0.1100	0.1992	0.3610	0.0000	0.0000	0.2026	0.2026	0.2026	0.0000	0.0000	
0.8687	26689     	0.1098	0.1985	0.3608	0.0000	0.0000	0.2012	0.2012	0.2012	0.0000	0.0000	
0.8697	26486     	0.1098	0.1979	0.3608	0.0000	0.0000	0.1998	0.1998	0.1998	0.0000	0.0000	
0.8707	26283     	0.1098	0.1972	0.3608	0.0000	0.0000	0.1984	0.1984	0.1984	0.0000	0.0000	
0.8717	26080     	0.1098	0.1966	0.3608	0.0000	0.0000	0.1969	0.1969	0.1969	0.0000	0.0000	
0.8727	25877     	0.1098	0.1960	0.3608	0.0000	0.0000	0.1955	0.1955	0.1955	0.0000	0.0000	
0.8737	25674     	0.1087	0.1951	0.3608	0.0000	0.0000	0.1940	0.1940	0.1940	0.0000	0.0000	
0.8747	25471     	0.1083	0.1943	0.3607	0.0000	0.0000	0.1926	0.1926	0.1926	0.0000	0.0000	
0.8757	25268     	0.1082	0.1936	0.3607	0.0000	0.0000	0.1911	0.1911	0.1911	0.0000	0.0000	
0.8767	25065     	0.1069	0.1926	0.3605	0.0000	0.0000	0.1896	0.1896	0.1896	0.0000	0.0000	
0.8777	24862     	0.1069	0.1920	0.3605	0.0000	0.0000	0.1881	0.1881	0.1881	0.0000	0.0000	
0.8787	24659     	0.1067	0.1913	0.3604	0.0000	0.0000	0.1867	0.1867	0.1867	0.0000	0.0000	
0.8797	24456     	0.1055	0.1903	0.3604	0.0000	0.0000	0.1852	0.1852	0.1852	0.0000	0.0000	
0.8807	24253     	0.1054	0.1897	0.3604	0.0000	0.0000	0.1837	0.1837	0.1837	0.0000	0.0000	
0.8817	24050     	0.1054	0.1890	0.3604	0.0000	0.0000	0.1822	0.1822	0.1822	0.0000	0.0000	
0.8827	23847     	0.1054	0.1884	0.3604	0.0000	0.0000	0.1807	0.1807	0.1807	0.0000	0.0000	
0.8837	23644     	0.1054	0.1877	0.3604	0.0000	0.0000	0.1792	0.1792	0.1792	0.0000	0.0000	
0.8847	23441     	0.1047	0.1871	0.3604	0.0000	0.0000	0.1777	0.1777	0.1777	0.0000	0.0000	
0.8857	23238     	0.1037	0.1864	0.3602	0.0000	0.0000	0.1762	0.1762	0.1762	0.0000	0.0000	
0.8867	23035     	0.1026	0.1857	0.3602	0.0000	0.0000	0.1746	0.1746	0.1746	0.0000	0.0000	
0.8877	22832     	0.1016	0.1850	0.3597	0.0000	0.0000	0.1731	0.1731	0.1731	0.0000	0.0000	
0.8887	22629     	0.1005	0.1843	0.3597	0.0000	0.0000	0.1716	0.1716	0.1716	0.0000	0.0000	
0.8897	22426     	0.0994	0.1836	0.3597	0.0000	0.0000	0.1700	0.1700	0.1700	0.0000	0.0000	
0.8907	22223     	0.0983	0.1830	0.3597	0.0000	0.0000	0.1685	0.1685	0.1685	0.0000	0.0000	
0.8917	22020     	0.0972	0.1823	0.3595	0.0000	0.0000	0.1669	0.1669	0.1669	0.0000	0.0000	
0.8927	21817     	0.0961	0.1816	0.3594	0.0000	0.0000	0.1654	0.1654	0.1654	0.0000	0.0000	
0.8937	21614     	0.0951	0.1809	0.3594	0.0000	0.0000	0.1638	0.1638	0.1638	0.0000	0.0000	
0.8947	21411     	0.0939	0.1802	0.3594	0.0000	0.0000	0.1623	0.1623	0.1623	0.0000	0.0000	
0.8957	21208     	0.0929	0.1796	0.3594	0.0000	0.0000	0.1607	0.1607	0.1607	0.0000	0.0000	
0.8967	21005     	0.0918	0.1788	0.3594	0.0000	0.0000	0.1592	0.1592	0.1592	0.0000	0.0000	
0.8977	20802     	0.0907	0.1782	0.3594	0.0000	0.0000	0.1576	0.1576	0.1576	0.0000	0.0000	
0.8987	20599     	0.0896	0.1775	0.3594	0.0000	0.0000	0.1560	0.1560	0.1560	0.0000	0.0000	
0.8997	20396     	0.0885	0.1768	0.3594	0.0000	0.0000	0.1544	0.1544	0.1544	0.0000	0.0000	
0.9007	20193     	0.0874	0.1761	0.3592	0.0000	0.0000	0.1528	0.1528	0.1528	0.0000	0.0000	
0.9017	19990     	0.0864	0.1750	0.3589	0.0000	0.0000	0.1513	0.1513	0.1513	0.0000	0.0000	
0.9027	19787     	0.0853	0.1743	0.3588	0.0000	0.0000	0.1497	0.1497	0.1497	0.0000	0.0000	
0.9037	19584     	0.0842	0.1736	0.3588	0.0000	0.0000	0.1481	0.1481	0.1481	0.0000	0.0000	
0.9047	19381     	0.0831	0.1730	0.3588	0.0000	0.0000	0.1465	0.1465	0.1465	0.0000	0.0000	
0.9057	19178     	0.0820	0.1723	0.3588	0.0000	0.0000	0.1449	0.1449	0.1449	0.0000	0.0000	
0.9067	18975     	0.0809	0.1695	0.3585	0.0000	0.0000	0.1432	0.1432	0.1432	0.0000	0.0000	
0.9077	18772     	0.0800	0.1663	0.3580	0.0000	0.0000	0.1414	0.1414	0.1414	0.0000	0.0000	
0.9087	18569     	0.0789	0.1656	0.3579	0.0000	0.0000	0.1398	0.1398	0.1398	0.0000	0.0000	
0.9097	18366     	0.0778	0.1650	0.3579	0.0000	0.0000	0.1381	0.1381	0.1381	0.0000	0.0000	
0.9107	18163     	0.0767	0.1642	0.3579	0.0000	0.0000	0.1365	0.1365	0.1365	0.0000	0.0000	
0.9117	17960     	0.0755	0.1635	0.3579	0.0000	0.0000	0.1349	0.1349	0.1349	0.0000	0.0000	
0.9127	17757     	0.0745	0.1628	0.3579	0.0000	0.0000	0.1333	0.1333	0.1333	0.0000	0.0000	
0.9137	17554     	0.0733	0.1621	0.3579	0.0000	0.0000	0.1316	0.1316	0.1316	0.0000	0.0000	
0.9147	17351     	0.0723	0.1613	0.3578	0.0000	0.0000	0.1300	0.1300	0.1300	0.0000	0.0000	
0.9157	17148     	0.0712	0.1607	0.3578	0.0000	0.0000	0.1284	0.1284	0.1284	0.0000	0.0000	
0.9167	16945     	0.0701	0.1600	0.3578	0.0000	0.0000	0.1267	0.1267	0.1267	0.0000	0.0000	
0.9176	16742     	0.0690	0.1593	0.3578	0.0000	0.0000	0.1251	0.1251	0.1251	0.0000	0.0000	
0.9186	16539     	0.0679	0.1586	0.3578	0.0000	0.0000	0.1234	0.1234	0.1234	0.0000	0.0000	
0.9196	16336     	0.0668	0.1579	0.3578	0.0000	0.0000	0.1217	0.1217	0.1217	0.0000	0.0000	
0.9206	16133     	0.0657	0.1572	0.3576	0.0000	0.0000	0.1201	0.1201	0.1201	0.0000	0.0000	
0.9216	15930     	0.0647	0.1561	0.3561	0.0000	0.0000	0.1186	0.1186	0.1186	0.0000	0.0000	
0.9226	15727     	0.0637	0.1548	0.3529	0.0000	0.0000	0.1172	0.1172	0.1172	0.0000	0.0000	
0.9236	15524     	0.0629	0.1534	0.3496	0.0000	0.0000	0.1159	0.1159	0.1159	0.0000	0.0000	
0.9246	15321     	0.0620	0.1519	0.3458	0.0000	0.0000	0.1146	0.1146	0.1146	0.0000	0.0000	
0.9256	15118     	0.0611	0.1504	0.3422	0.0000	0.0000	0.1134	0.1134	0.1134	0.0000	0.0000	
0.9266	14915     	0.0601	0.1488	0.3388	0.0000	0.0000	0.1120	0.1120	0.1120	0.0000	0.0000	
0.9276	14712     	0.0593	0.1473	0.3353	0.0000	0.0000	0.1107	0.1107	0.1107	0.0000	0.0000	
0.9286	14509     	0.0583	0.1458	0.3317	0.0000	0.0000	0.1094	0.1094	0.1094	0.0000	0.0000	
0.9296	14306     	0.0575	0.1444	0.3282	0.0000	0.0000	0.1080	0.1080	0.1080	0.0000	0.0000	
0.9306	14103     	0.0566	0.1429	0.3247	0.0000	0.0000	0.1067	0.1067	0.1067	0.0000	0.0000	
0.9316	13900     	0.0557	0.1414	0.3211	0.0000	0.0000	0.1053	0.1053	0.1053	0.0000	0.0000	
0.9326	13697     	0.0549	0.1399	0.3171	0.0000	0.0000	0.1040	0.1040	0.1040	0.0000	0.0000	
0.9336	13494     	0.0540	0.1383	0.3130	0.0000	0.0000	0.1027	0.1027	0.1027	0.0000	0.0000	
0.9346	13291     	0.0531	0.1367	0.3089	0.0000	0.0000	0.1014	0.1014	0.1014	0.0000	0.0000	
0.9356	13088     	0.0523	0.1352	0.3051	0.0000	0.0000	0.1000	0.1000	0.1000	0.0000	0.0000	
0.9366	12885     	0.0514	0.1338	0.3016	0.0000	0.0000	0.0987	0.0987	0.0987	0.0000	0.0000	
0.9376	12682     	0.0505	0.1323	0.2982	0.0000	0.0000	0.0973	0.0973	0.0973	0.0000	0.0000	
0.9386	12479     	0.0497	0.1308	0.2945	0.0000	0.0000	0.0959	0.0959	0.0959	0.0000	0.0000	
0.9396	12276     	0.0487	0.1293	0.2911	0.0000	0.0000	0.0944	0.0944	0.0944	0.0000	0.0000	
0.9406	12073     	0.0479	0.1275	0.2876	0.0000	0.0000	0.0930	0.0930	0.0930	0.0000	0.0000	
0.9416	11870     	0.0470	0.1258	0.2837	0.0000	0.0000	0.0916	0.0916	0.0916	0.0000	0.0000	
0.9426	11667     	0.0462	0.1243	0.2800	0.0000	0.0000	0.0902	0.0902	0.0902	0.0000	0.0000	
0.9436	11464     	0.0453	0.1228	0.2761	0.0000	0.0000	0.0888	0.0888	0.0888	0.0000	0.0000	
0.9446	11261     	0.0444	0.1213	0.2725	0.0000	0.0000	0.0873	0.0873	0.0873	0.0000	0.0000	
0.9456	11058     	0.0436	0.1198	0.2687	0.0000	0.0000	0.0859	0.0859	0.0859	0.0000	0.0000	
0.9466	10855     	0.0427	0.1183	0.2649	0.0000	0.0000	0.0845	0.0845	0.0845	0.0000	0.0000	
0.9476	10652     	0.0419	0.1167	0.2611	0.0000	0.0000	0.0830	0.0830	0.0830	0.0000	0.0000	
0.9486	10449     	0.0411	0.1152	0.2570	0.0000	0.0000	0.0816	0.0816	0.0816	0.0000	0.0000	
0.9496	10246     	0.0402	0.1136	0.2531	0.0000	0.0000	0.0801	0.0801	0.0801	0.0000	0.0000	
0.9506	10043     	0.0393	0.1120	0.2492	0.0000	0.0000	0.0786	0.0786	0.0786	0.0000	0.0000	
0.9516	9840      	0.0385	0.1105	0.2455	0.0000	0.0000	0.0771	0.0771	0.0771	0.0000	0.0000	
0.9526	9637      	0.0376	0.1090	0.2419	0.0000	0.0000	0.0756	0.0756	0.0756	0.0000	0.0000	
0.9536	9434      	0.0367	0.1074	0.2381	0.0000	0.0000	0.0741	0.0741	0.0741	0.0000	0.0000	
0.9546	9231      	0.0358	0.1059	0.2345	0.0000	0.0000	0.0726	0.0726	0.0726	0.0000	0.0000	
0.9556	9028      	0.0349	0.1043	0.2304	0.0000	0.0000	0.0710	0.0710	0.0710	0.0000	0.0000	
0.9566	8825      	0.0341	0.1026	0.2259	0.0000	0.0000	0.0695	0.0695	0.0695	0.0000	0.0000	
0.9576	8622      	0.0333	0.1008	0.2213	0.0000	0.0000	0.0680	0.0680	0.0680	0.0000	0.0000	
0.9586	8419      	0.0324	0.0991	0.2167	0.0000	0.0000	0.0665	0.0665	0.0665	0.0000	0.0000	
0.9596	8216      	0.0316	0.0974	0.2120	0.0000	0.0000	0.0650	0.0650	0.0650	0.0000	0.0000	
0.9606	8013      	0.0308	0.0956	0.2074	0.0000	0.0000	0.0635	0.0635	0.0635	0.0000	0.0000	
0.9616	7810      	0.0301	0.0938	0.2027	0.0000	0.0000	0.0620	0.0620	0.0620	0.0000	0.0000	
0.9626	7607      	0.0292	0.0922	0.1983	0.0000	0.0000	0.0604	0.0604	0.0604	0.0000	0.0000	
0.9636	7404      	0.0284	0.0904	0.1937	0.0000	0.0000	0.0589	0.0589	0.0589	0.0000	0.0000	
0.9646	7201      	0.0276	0.0887	0.1891	0.0000	0.0000	0.0573	0.0573	0.0573	0.0000	0.0000	
0.9656	6998      	0.0268	0.0869	0.1847	0.0000	0.0000	0.0557	0.0557	0.0557	0.0000	0.0000	
0.9666	6795      	0.0260	0.0851	0.1800	0.0000	0.0000	0.0541	0.0541	0.0541	0.0000	0.0000	
0.9676	6592      	0.0252	0.0833	0.1751	0.0000	0.0000	0.0526	0.0526	0.0526	0.0000	0.0000	
0.9686	6389      	0.0244	0.0814	0.1701	0.0000	0.0000	0.0510	0.0510	0.0510	0.0000	0.0000	
0.9696	6186      	0.0236	0.0796	0.1651	0.0000	0.0000	0.0494	0.0494	0.0494	0.0000	0.0000	
0.9706	5983      	0.0228	0.0776	0.1603	0.0000	0.0000	0.0478	0.0478	0.0478	0.0000	0.0000	
0.9716	5780      	0.0220	0.0757	0.1550	0.0000	0.0000	0.0462	0.0462	0.0462	0.0000	0.0000	
0.9726	5577      	0.0212	0.0739	0.1502	0.0000	0.0000	0.0446	0.0446	0.0446	0.0000	0.0000	
0.9736	5374      	0.0204	0.0719	0.1447	0.0000	0.0000	0.0429	0.0429	0.0429	0.0000	0.0000	
0.9746	5171      	0.0196	0.0699	0.1394	0.0000	0.0000	0.0413	0.0413	0.0413	0.0000	0.0000	
0.9756	4968      	0.0188	0.0681	0.1343	0.0000	0.0000	0.0397	0.0397	0.0397	0.0000	0.0000	
0.9766	4765      	0.0180	0.0662	0.1292	0.0000	0.0000	0.0380	0.0380	0.0380	0.0000	0.0000	
0.9776	4562      	0.0172	0.0642	0.1239	0.0000	0.0000	0.0364	0.0364	0.0364	0.0000	0.0000	
0.9786	4359      	0.0164	0.0624	0.1189	0.0000	0.0000	0.0347	0.0347	0.0347	0.0000	0.0000	
0.9796	4156      	0.0156	0.0604	0.1136	0.0000	0.0000	0.0330	0.0330	0.0330	0.0000	0.0000	
0.9806	3953      	0.0148	0.0585	0.1084	0.0000	0.0000	0.0313	0.0313	0.0313	0.0000	0.0000	
0.9816	3750      	0.0140	0.0565	0.1032	0.0000	0.0000	0.0296	0.0296	0.0296	0.0000	0.0000	
0.9826	3547      	0.0132	0.0544	0.0977	0.0000	0.0000	0.0278	0.0278	0.0278	0.0000	0.0000	
0.9836	3344      	0.0124	0.0522	0.0922	0.0000	0.0000	0.0262	0.0262	0.0262	0.0000	0.0000	
0.9845	3141      	0.0116	0.0495	0.0870	0.0000	0.0000	0.0248	0.0248	0.0248	0.0000	0.0000	
0.9855	2938      	0.0109	0.0468	0.0816	0.0000	0.0000	0.0234	0.0234	0.0234	0.0000	0.0000	
0.9865	2735      	0.0101	0.0439	0.0762	0.0000	0.0000	0.0220	0.0220	0.0220	0.0000	0.0000	
0.9875	2532      	0.0094	0.0410	0.0708	0.0000	0.0000	0.0205	0.0205	0.0205	0.0000	0.0000	
0.9885	2329      	0.0086	0.0380	0.0652	0.0000	0.0000	0.0191	0.0191	0.0191	0.0000	0.0000	
0.9895	2126      	0.0078	0.0349	0.0597	0.0000	0.0000	0.0177	0.0177	0.0177	0.0000	0.0000	
0.9905	1923      	0.0071	0.0320	0.0544	0.0000	0.0000	0.0162	0.0162	0.0162	0.0000	0.0000	
0.9915	1720      	0.0063	0.0290	0.0490	0.0000	0.0000	0.0146	0.0146	0.0146	0.0000	0.0000	
0.9925	1517      	0.0055	0.0259	0.0432	0.0000	0.0000	0.0130	0.0130	0.0130	0.0000	0.0000	
0.9935	1314      	0.0048	0.0227	0.0376	0.0000	0.0000	0.0114	0.0114	0.0114	0.0000	0.0000	
0.9945	1111      	0.0040	0.0194	0.0320	0.0000	0.0000	0.0098	0.0098	0.0098	0.0000	0.0000	
0.9955	908       	0.0033	0.0162	0.0268	0.0000	0.0000	0.0081	0.0081	0.0081	0.0000	0.0000	
0.9965	705       	0.0026	0.0128	0.0216	0.0000	0.0000	0.0064	0.0064	0.0064	0.0000	0.0000	
0.9975	502       	0.0018	0.0092	0.0155	0.0000	0.0000	0.0047	0.0047	0.0047	0.0000	0.0000	
0.9985	299       	0.0011	0.0057	0.0098	0.0000	0.0000	0.0029	0.0029	0.0029	0.0000	0.0000	
0.9995	96        	0.0004	0.0019	0.0033	0.0000	0.0000	0.0009	0.0009	0.0009	0.0000	0.0000	
1.0000	0         	0.0000	0.0000	0.0000	0.0000	0.0000	0.0000	0.0000	0.0000	0.0000	0.0000	
