# Prop_landscape_lost  cost_needed_for_top_fraction  min_prop_rem  ave_prop_rem  W_prop_rem  ext-1  ext-2  prop_for_each_biodiversity_feature_(e.g._species)_remaining_at_level_of_removal...
0.00001  2.033e+005  1.00000 1.00000 1.00000   -0.00000 -0.00000   1.000 1.000 1.000 1.000 1.000 
0.00101  2.031e+005  0.99999 1.00000 1.00000   0.00000 -0.00000   1.000 0.992 0.991 1.000 1.000 
0.00201  2.0289e+005  0.99905 0.99966 0.99997   0.00003 0.00001   1.000 0.976 0.990 0.999 1.000 
0.00301  2.0269e+005  0.99818 0.99932 0.99989   0.00004 0.00003   1.000 0.961 0.988 0.998 1.000 
0.00400  2.0249e+005  0.99720 0.99889 0.99974   0.00006 0.00007   1.000 0.945 0.987 0.997 1.000 
0.00500  2.0228e+005  0.99629 0.99847 0.99956   0.00006 0.00011   1.000 0.929 0.985 0.996 1.000 
0.00600  2.0208e+005  0.99546 0.99806 0.99936   0.00007 0.00016   0.999 0.913 0.982 0.995 0.999 
0.00700  2.0188e+005  0.99451 0.99760 0.99915   0.00008 0.00021   0.999 0.897 0.981 0.995 0.999 
0.00800  2.0168e+005  0.99363 0.99715 0.99891   0.00008 0.00027   0.999 0.881 0.977 0.994 0.999 
0.00900  2.0147e+005  0.99296 0.99676 0.99865   0.00008 0.00034   0.999 0.865 0.972 0.993 0.999 
0.01000  2.0127e+005  0.99212 0.99628 0.99837   0.00008 0.00041   0.998 0.849 0.969 0.992 0.998 
0.01099  2.0107e+005  0.99121 0.99576 0.99804   0.00009 0.00049   0.998 0.833 0.967 0.991 0.998 
0.01199  2.0086e+005  0.99039 0.99520 0.99761   0.00009 0.00060   0.998 0.817 0.965 0.990 0.998 
0.01299  2.0066e+005  0.98952 0.99453 0.99704   0.00010 0.00074   0.997 0.801 0.963 0.990 0.997 
0.01399  2.0046e+005  0.98878 0.99398 0.99658   0.00010 0.00086   0.997 0.785 0.961 0.989 0.997 
0.01499  2.0025e+005  0.98788 0.99338 0.99613   0.00010 0.00097   0.996 0.769 0.959 0.988 0.996 
0.01599  2.0005e+005  0.98699 0.99274 0.99562   0.00011 0.00110   0.996 0.753 0.957 0.987 0.996 
0.01698  1.9985e+005  0.98612 0.99207 0.99505   0.00011 0.00124   0.995 0.737 0.955 0.986 0.995 
0.01798  1.9964e+005  0.98530 0.99138 0.99442   0.00011 0.00140   0.994 0.721 0.953 0.985 0.994 
0.01898  1.9944e+005  0.98446 0.99066 0.99376   0.00012 0.00156   0.994 0.705 0.951 0.984 0.994 
0.01998  1.9924e+005  0.98357 0.98989 0.99306   0.00012 0.00174   0.993 0.690 0.949 0.984 0.993 
0.02098  1.9904e+005  0.98270 0.98910 0.99230   0.00012 0.00193   0.992 0.674 0.948 0.983 0.992 
0.02198  1.9883e+005  0.98184 0.98828 0.99151   0.00013 0.00213   0.992 0.658 0.947 0.982 0.992 
0.02298  1.9863e+005  0.98098 0.98741 0.99062   0.00013 0.00235   0.991 0.642 0.945 0.981 0.991 
0.02397  1.9843e+005  0.98009 0.98642 0.98959   0.00014 0.00261   0.990 0.626 0.944 0.980 0.990 
0.02497  1.9822e+005  0.97915 0.98534 0.98844   0.00014 0.00290   0.988 0.610 0.943 0.979 0.988 
0.02597  1.9802e+005  0.97842 0.98423 0.98713   0.00015 0.00323   0.987 0.594 0.942 0.978 0.987 
0.02697  1.9782e+005  0.97760 0.98285 0.98548   0.00015 0.00365   0.985 0.578 0.940 0.978 0.985 
0.02797  1.9762e+005  0.97697 0.98178 0.98418   0.00016 0.00398   0.984 0.567 0.933 0.977 0.984 
0.02897  1.9741e+005  0.97679 0.98165 0.98408   0.00015 0.00400   0.984 0.566 0.920 0.977 0.984 
0.02997  1.9721e+005  0.97645 0.98143 0.98392   0.00015 0.00404   0.984 0.562 0.908 0.976 0.984 
0.03096  1.9701e+005  0.97625 0.98117 0.98364   0.00015 0.00412   0.984 0.562 0.894 0.976 0.984 
0.03196  1.968e+005  0.97561 0.98073 0.98329   0.00015 0.00420   0.983 0.551 0.888 0.976 0.983 
0.03296  1.966e+005  0.97509 0.98033 0.98294   0.00015 0.00429   0.983 0.540 0.880 0.975 0.983 
0.03396  1.964e+005  0.97491 0.97989 0.98238   0.00014 0.00443   0.982 0.539 0.866 0.975 0.982 
0.03496  1.9619e+005  0.97468 0.97908 0.98128   0.00015 0.00471   0.981 0.539 0.851 0.975 0.981 
0.03596  1.9599e+005  0.97378 0.97847 0.98082   0.00015 0.00483   0.981 0.539 0.848 0.974 0.981 
0.03696  1.9579e+005  0.97267 0.97810 0.98081   0.00015 0.00483   0.981 0.539 0.847 0.973 0.981 
0.03795  1.9558e+005  0.97157 0.97768 0.98073   0.00014 0.00485   0.981 0.537 0.847 0.972 0.981 
0.03895  1.9538e+005  0.97052 0.97728 0.98066   0.00014 0.00487   0.981 0.535 0.846 0.971 0.981 
0.03995  1.9518e+005  0.96943 0.97690 0.98063   0.00014 0.00488   0.981 0.535 0.845 0.969 0.981 
0.04095  1.9498e+005  0.96913 0.97677 0.98059   0.00014 0.00489   0.981 0.535 0.845 0.969 0.981 
0.04195  1.9477e+005  0.96824 0.97643 0.98053   0.00014 0.00490   0.981 0.535 0.845 0.968 0.981 
0.04295  1.9457e+005  0.96722 0.97604 0.98045   0.00014 0.00492   0.980 0.535 0.844 0.967 0.980 
0.04394  1.9437e+005  0.96623 0.97566 0.98037   0.00014 0.00494   0.980 0.535 0.844 0.966 0.980 
0.04494  1.9416e+005  0.96527 0.97528 0.98028   0.00014 0.00497   0.980 0.535 0.844 0.965 0.980 
0.04594  1.9396e+005  0.96431 0.97489 0.98019   0.00013 0.00499   0.980 0.535 0.843 0.964 0.980 
0.04694  1.9376e+005  0.96328 0.97449 0.98009   0.00013 0.00502   0.980 0.534 0.843 0.963 0.980 
0.04794  1.9356e+005  0.96225 0.97408 0.97999   0.00013 0.00504   0.980 0.534 0.842 0.962 0.980 
0.04894  1.9335e+005  0.96123 0.97367 0.97988   0.00013 0.00507   0.980 0.533 0.841 0.961 0.980 
0.04994  1.9315e+005  0.96022 0.97326 0.97977   0.00013 0.00510   0.980 0.532 0.840 0.960 0.980 
0.05093  1.9295e+005  0.95914 0.97282 0.97965   0.00013 0.00513   0.980 0.522 0.840 0.959 0.980 
0.05193  1.9274e+005  0.95815 0.97241 0.97954   0.00013 0.00516   0.980 0.520 0.840 0.958 0.980 
0.05293  1.9254e+005  0.95712 0.97199 0.97942   0.00013 0.00518   0.979 0.520 0.840 0.957 0.979 
0.05393  1.9234e+005  0.95606 0.97156 0.97930   0.00013 0.00521   0.979 0.519 0.839 0.956 0.979 
0.05493  1.9213e+005  0.95505 0.97114 0.97918   0.00013 0.00524   0.979 0.519 0.838 0.955 0.979 
0.05593  1.9193e+005  0.95403 0.97072 0.97906   0.00013 0.00528   0.979 0.519 0.838 0.954 0.979 
0.05693  1.9173e+005  0.95303 0.97030 0.97894   0.00013 0.00531   0.979 0.519 0.837 0.953 0.979 
0.05792  1.9152e+005  0.95204 0.96989 0.97881   0.00013 0.00534   0.979 0.519 0.837 0.952 0.979 
0.05892  1.9132e+005  0.95110 0.96948 0.97868   0.00013 0.00537   0.979 0.518 0.836 0.951 0.979 
0.05992  1.9112e+005  0.95012 0.96907 0.97854   0.00013 0.00541   0.979 0.518 0.835 0.950 0.979 
0.06092  1.9092e+005  0.94912 0.96865 0.97841   0.00013 0.00544   0.978 0.518 0.835 0.949 0.978 
0.06192  1.9071e+005  0.94812 0.96822 0.97827   0.00013 0.00548   0.978 0.518 0.834 0.948 0.978 
0.06292  1.9051e+005  0.94714 0.96780 0.97812   0.00013 0.00551   0.978 0.517 0.834 0.947 0.978 
0.06392  1.9031e+005  0.94614 0.96736 0.97798   0.00013 0.00555   0.978 0.517 0.833 0.946 0.978 
0.06491  1.901e+005  0.94513 0.96693 0.97783   0.00013 0.00559   0.978 0.517 0.832 0.945 0.978 
0.06591  1.899e+005  0.94415 0.96650 0.97768   0.00013 0.00563   0.978 0.517 0.832 0.944 0.978 
0.06691  1.897e+005  0.94318 0.96607 0.97752   0.00013 0.00567   0.978 0.517 0.831 0.943 0.978 
0.06791  1.895e+005  0.94221 0.96564 0.97736   0.00013 0.00571   0.977 0.516 0.830 0.942 0.977 
0.06891  1.8929e+005  0.94118 0.96519 0.97720   0.00013 0.00575   0.977 0.516 0.829 0.941 0.977 
0.06991  1.8909e+005  0.94018 0.96475 0.97703   0.00013 0.00579   0.977 0.516 0.828 0.940 0.977 
0.07090  1.8889e+005  0.93917 0.96430 0.97686   0.00013 0.00583   0.977 0.516 0.828 0.939 0.977 
0.07190  1.8868e+005  0.93820 0.96386 0.97669   0.00013 0.00588   0.977 0.516 0.827 0.938 0.977 
0.07290  1.8848e+005  0.93719 0.96341 0.97652   0.00013 0.00592   0.977 0.516 0.827 0.937 0.977 
0.07390  1.8828e+005  0.93620 0.96296 0.97634   0.00013 0.00597   0.976 0.516 0.826 0.936 0.976 
0.07490  1.8807e+005  0.93526 0.96252 0.97615   0.00013 0.00602   0.976 0.514 0.825 0.935 0.976 
0.07590  1.8787e+005  0.93432 0.96208 0.97597   0.00013 0.00606   0.976 0.514 0.824 0.934 0.976 
0.07690  1.8767e+005  0.93333 0.96163 0.97578   0.00013 0.00611   0.976 0.514 0.823 0.933 0.976 
0.07789  1.8746e+005  0.93233 0.96117 0.97559   0.00013 0.00616   0.976 0.514 0.823 0.932 0.976 
0.07889  1.8726e+005  0.93139 0.96073 0.97539   0.00013 0.00621   0.975 0.514 0.823 0.931 0.975 
0.07989  1.8706e+005  0.93045 0.96028 0.97519   0.00013 0.00626   0.975 0.514 0.822 0.930 0.975 
0.08089  1.8686e+005  0.92946 0.95982 0.97499   0.00012 0.00631   0.975 0.514 0.822 0.929 0.975 
0.08189  1.8665e+005  0.92852 0.95936 0.97478   0.00012 0.00636   0.975 0.514 0.821 0.929 0.975 
0.08289  1.8645e+005  0.92757 0.95891 0.97457   0.00012 0.00642   0.975 0.514 0.821 0.928 0.975 
0.08389  1.8625e+005  0.92668 0.95847 0.97437   0.00012 0.00647   0.974 0.511 0.819 0.927 0.974 
0.08488  1.8604e+005  0.92561 0.95801 0.97421   0.00012 0.00651   0.974 0.495 0.819 0.926 0.974 
0.08588  1.8584e+005  0.92451 0.95752 0.97403   0.00012 0.00656   0.974 0.479 0.819 0.925 0.974 
0.08688  1.8564e+005  0.92343 0.95702 0.97381   0.00012 0.00661   0.974 0.463 0.819 0.923 0.974 
0.08788  1.8544e+005  0.92238 0.95651 0.97357   0.00012 0.00667   0.974 0.451 0.818 0.922 0.974 
0.08888  1.8523e+005  0.92135 0.95603 0.97337   0.00012 0.00673   0.973 0.451 0.818 0.921 0.973 
0.08988  1.8503e+005  0.92047 0.95559 0.97315   0.00012 0.00678   0.973 0.450 0.817 0.920 0.973 
0.09088  1.8483e+005  0.91953 0.95513 0.97292   0.00012 0.00684   0.973 0.450 0.816 0.920 0.973 
0.09187  1.8462e+005  0.91861 0.95466 0.97269   0.00012 0.00690   0.973 0.450 0.815 0.919 0.973 
0.09287  1.8442e+005  0.91769 0.95420 0.97246   0.00012 0.00696   0.972 0.450 0.813 0.918 0.972 
0.09387  1.8422e+005  0.91674 0.95373 0.97222   0.00012 0.00702   0.972 0.450 0.813 0.917 0.972 
0.09487  1.8401e+005  0.91588 0.95327 0.97197   0.00012 0.00708   0.972 0.446 0.811 0.916 0.972 
0.09587  1.8381e+005  0.91491 0.95279 0.97172   0.00012 0.00715   0.972 0.446 0.811 0.915 0.972 
0.09687  1.8361e+005  0.91400 0.95231 0.97147   0.00012 0.00721   0.971 0.446 0.809 0.914 0.971 
0.09786  1.834e+005  0.91302 0.95182 0.97121   0.00012 0.00728   0.971 0.445 0.809 0.913 0.971 
0.09886  1.832e+005  0.91212 0.95134 0.97095   0.00012 0.00734   0.971 0.445 0.808 0.912 0.971 
0.09986  1.83e+005   0.91118 0.95085 0.97068   0.00012 0.00741   0.971 0.445 0.807 0.911 0.971 
0.10086  1.828e+005  0.91017 0.95033 0.97041   0.00012 0.00748   0.970 0.445 0.807 0.910 0.970 
0.10186  1.8259e+005  0.90922 0.94983 0.97013   0.00012 0.00755   0.970 0.445 0.806 0.909 0.970 
0.10286  1.8239e+005  0.90821 0.94930 0.96985   0.00013 0.00762   0.970 0.444 0.806 0.908 0.970 
0.10386  1.8219e+005  0.90727 0.94880 0.96956   0.00013 0.00770   0.970 0.444 0.805 0.907 0.970 
0.10485  1.8198e+005  0.90632 0.94828 0.96926   0.00013 0.00777   0.969 0.444 0.804 0.906 0.969 
0.10585  1.8178e+005  0.90537 0.94777 0.96896   0.00013 0.00785   0.969 0.444 0.802 0.905 0.969 
0.10685  1.8158e+005  0.90442 0.94724 0.96866   0.00013 0.00793   0.969 0.444 0.802 0.904 0.969 
0.10785  1.8138e+005  0.90349 0.94673 0.96835   0.00013 0.00801   0.968 0.444 0.801 0.903 0.968 
0.10885  1.8117e+005  0.90247 0.94618 0.96803   0.00013 0.00809   0.968 0.444 0.801 0.902 0.968 
0.10985  1.8097e+005  0.90147 0.94563 0.96771   0.00013 0.00817   0.968 0.444 0.801 0.901 0.968 
0.11085  1.8077e+005  0.90046 0.94507 0.96738   0.00013 0.00826   0.967 0.443 0.800 0.900 0.967 
0.11184  1.8056e+005  0.89955 0.94455 0.96705   0.00013 0.00834   0.967 0.443 0.799 0.900 0.967 
0.11284  1.8036e+005  0.89858 0.94400 0.96672   0.00013 0.00843   0.967 0.443 0.798 0.899 0.967 
0.11384  1.8016e+005  0.89773 0.94349 0.96637   0.00013 0.00852   0.966 0.443 0.797 0.898 0.966 
0.11484  1.7995e+005  0.89678 0.94294 0.96603   0.00013 0.00860   0.966 0.443 0.796 0.897 0.966 
0.11584  1.7975e+005  0.89583 0.94239 0.96567   0.00013 0.00869   0.966 0.443 0.795 0.896 0.966 
0.11684  1.7955e+005  0.89495 0.94185 0.96531   0.00013 0.00879   0.965 0.441 0.793 0.895 0.965 
0.11784  1.7934e+005  0.89393 0.94128 0.96495   0.00013 0.00888   0.965 0.441 0.792 0.894 0.965 
0.11883  1.7914e+005  0.89289 0.94069 0.96458   0.00013 0.00897   0.965 0.441 0.792 0.893 0.965 
0.11983  1.7894e+005  0.89187 0.94010 0.96421   0.00013 0.00907   0.964 0.441 0.791 0.892 0.964 
0.12083  1.7874e+005  0.89085 0.93951 0.96384   0.00013 0.00917   0.964 0.441 0.791 0.891 0.964 
0.12183  1.7853e+005  0.88982 0.93891 0.96345   0.00013 0.00926   0.963 0.441 0.791 0.890 0.963 
0.12283  1.7833e+005  0.88879 0.93831 0.96307   0.00013 0.00936   0.963 0.440 0.790 0.889 0.963 
0.12383  1.7813e+005  0.88780 0.93771 0.96267   0.00013 0.00947   0.963 0.439 0.790 0.888 0.963 
0.12482  1.7792e+005  0.88681 0.93712 0.96228   0.00013 0.00957   0.962 0.439 0.789 0.887 0.962 
0.12582  1.7772e+005  0.88584 0.93653 0.96187   0.00013 0.00967   0.962 0.439 0.789 0.886 0.962 
0.12682  1.7752e+005  0.88485 0.93593 0.96147   0.00013 0.00978   0.961 0.439 0.788 0.885 0.961 
0.12782  1.7732e+005  0.88386 0.93532 0.96106   0.00013 0.00988   0.961 0.439 0.788 0.884 0.961 
0.12882  1.7711e+005  0.88289 0.93472 0.96064   0.00013 0.00999   0.961 0.439 0.787 0.883 0.961 
0.12982  1.7691e+005  0.88195 0.93410 0.96017   0.00013 0.01011   0.960 0.432 0.786 0.882 0.960 
0.13082  1.7671e+005  0.88097 0.93349 0.95975   0.00013 0.01022   0.960 0.432 0.785 0.881 0.960 
0.13181  1.765e+005  0.88003 0.93289 0.95932   0.00013 0.01033   0.959 0.431 0.785 0.880 0.959 
0.13281  1.763e+005  0.87903 0.93227 0.95889   0.00013 0.01044   0.959 0.431 0.784 0.879 0.959 
0.13381  1.761e+005  0.87809 0.93167 0.95845   0.00013 0.01055   0.958 0.431 0.784 0.878 0.958 
0.13481  1.7589e+005  0.87721 0.93108 0.95801   0.00013 0.01067   0.958 0.430 0.782 0.877 0.958 
0.13581  1.7569e+005  0.87629 0.93047 0.95756   0.00013 0.01078   0.958 0.429 0.782 0.876 0.958 
0.13681  1.7549e+005  0.87527 0.92983 0.95711   0.00013 0.01090   0.957 0.429 0.781 0.875 0.957 
0.13781  1.7528e+005  0.87434 0.92922 0.95666   0.00013 0.01102   0.957 0.429 0.780 0.874 0.957 
0.13880  1.7508e+005  0.87338 0.92859 0.95620   0.00013 0.01113   0.956 0.429 0.780 0.873 0.956 
0.13980  1.7488e+005  0.87239 0.92795 0.95574   0.00013 0.01125   0.956 0.429 0.779 0.872 0.956 
0.14080  1.7468e+005  0.87137 0.92731 0.95527   0.00013 0.01137   0.955 0.429 0.778 0.871 0.955 
0.14180  1.7447e+005  0.87038 0.92666 0.95480   0.00013 0.01150   0.955 0.428 0.778 0.870 0.955 
0.14280  1.7427e+005  0.86939 0.92602 0.95433   0.00013 0.01162   0.954 0.428 0.777 0.869 0.954 
0.14380  1.7407e+005  0.86840 0.92537 0.95385   0.00013 0.01174   0.954 0.427 0.777 0.868 0.954 
0.14480  1.7386e+005  0.86739 0.92475 0.95342   0.00013 0.01185   0.953 0.422 0.776 0.867 0.953 
0.14579  1.7366e+005  0.86640 0.92409 0.95294   0.00013 0.01198   0.953 0.422 0.775 0.866 0.953 
0.14679  1.7346e+005  0.86543 0.92345 0.95246   0.00013 0.01210   0.952 0.422 0.775 0.865 0.952 
0.14779  1.7326e+005  0.86448 0.92280 0.95195   0.00013 0.01223   0.952 0.419 0.774 0.864 0.952 
0.14879  1.7305e+005  0.86352 0.92215 0.95146   0.00013 0.01236   0.951 0.419 0.773 0.864 0.951 
0.14979  1.7285e+005  0.86249 0.92147 0.95096   0.00014 0.01249   0.951 0.419 0.772 0.862 0.951 
0.15079  1.7265e+005  0.86152 0.92082 0.95047   0.00014 0.01262   0.950 0.419 0.771 0.862 0.950 
0.15178  1.7244e+005  0.86053 0.92015 0.94996   0.00014 0.01275   0.950 0.419 0.771 0.861 0.950 
0.15278  1.7224e+005  0.85954 0.91948 0.94946   0.00014 0.01288   0.949 0.418 0.770 0.860 0.949 
0.15378  1.7204e+005  0.85852 0.91881 0.94895   0.00014 0.01301   0.949 0.418 0.769 0.859 0.949 
0.15478  1.7183e+005  0.85750 0.91813 0.94844   0.00014 0.01315   0.948 0.418 0.769 0.858 0.948 
0.15578  1.7163e+005  0.85652 0.91745 0.94792   0.00014 0.01328   0.948 0.416 0.768 0.857 0.948 
0.15678  1.7143e+005  0.85551 0.91677 0.94740   0.00014 0.01342   0.947 0.416 0.768 0.856 0.947 
0.15778  1.7122e+005  0.85447 0.91608 0.94688   0.00014 0.01355   0.947 0.414 0.767 0.854 0.947 
0.15877  1.7102e+005  0.85352 0.91541 0.94636   0.00014 0.01369   0.946 0.412 0.765 0.854 0.946 
0.15977  1.7082e+005  0.85256 0.91474 0.94583   0.00014 0.01383   0.946 0.412 0.765 0.853 0.946 
0.16077  1.7062e+005  0.85158 0.91406 0.94530   0.00014 0.01396   0.945 0.411 0.764 0.852 0.945 
0.16177  1.7041e+005  0.85069 0.91330 0.94461   0.00014 0.01415   0.945 0.395 0.763 0.851 0.945 
0.16277  1.7021e+005  0.84978 0.91263 0.94406   0.00014 0.01429   0.944 0.395 0.761 0.850 0.944 
0.16377  1.7001e+005  0.84884 0.91195 0.94351   0.00014 0.01443   0.944 0.392 0.759 0.849 0.944 
0.16477  1.698e+005  0.84787 0.91125 0.94294   0.00014 0.01458   0.943 0.388 0.758 0.848 0.943 
0.16576  1.696e+005  0.84686 0.91056 0.94240   0.00014 0.01472   0.942 0.388 0.758 0.847 0.942 
0.16676  1.694e+005  0.84591 0.90988 0.94186   0.00014 0.01486   0.942 0.388 0.757 0.846 0.942 
0.16776  1.692e+005  0.84485 0.90916 0.94132   0.00014 0.01500   0.941 0.388 0.757 0.845 0.941 
0.16876  1.6899e+005  0.84386 0.90847 0.94078   0.00014 0.01515   0.941 0.387 0.756 0.844 0.941 
0.16976  1.6879e+005  0.84293 0.90780 0.94024   0.00014 0.01529   0.940 0.387 0.755 0.843 0.940 
0.17076  1.6859e+005  0.84192 0.90710 0.93969   0.00014 0.01543   0.940 0.387 0.754 0.842 0.940 
0.17176  1.6838e+005  0.84090 0.90639 0.93913   0.00014 0.01558   0.939 0.387 0.754 0.841 0.939 
0.17275  1.6818e+005  0.84001 0.90569 0.93853   0.00014 0.01574   0.939 0.381 0.752 0.840 0.939 
0.17375  1.6798e+005  0.83897 0.90497 0.93797   0.00014 0.01588   0.938 0.380 0.752 0.839 0.938 
0.17475  1.6777e+005  0.83798 0.90426 0.93741   0.00014 0.01603   0.937 0.380 0.751 0.838 0.937 
0.17575  1.6757e+005  0.83698 0.90355 0.93684   0.00014 0.01618   0.937 0.380 0.751 0.837 0.937 
0.17675  1.6737e+005  0.83604 0.90288 0.93629   0.00014 0.01632   0.936 0.380 0.750 0.836 0.936 
0.17775  1.6716e+005  0.83517 0.90220 0.93571   0.00014 0.01647   0.936 0.379 0.747 0.835 0.936 
0.17874  1.6696e+005  0.83421 0.90149 0.93513   0.00014 0.01663   0.935 0.378 0.746 0.834 0.935 
0.17974  1.6676e+005  0.83325 0.90079 0.93456   0.00014 0.01678   0.935 0.378 0.745 0.833 0.935 
0.18074  1.6656e+005  0.83225 0.90007 0.93398   0.00014 0.01693   0.934 0.378 0.744 0.832 0.934 
0.18174  1.6635e+005  0.83130 0.89936 0.93338   0.00014 0.01709   0.933 0.374 0.743 0.831 0.933 
0.18274  1.6615e+005  0.83038 0.89866 0.93280   0.00014 0.01724   0.933 0.374 0.742 0.830 0.933 
0.18374  1.6595e+005  0.82946 0.89797 0.93222   0.00014 0.01739   0.932 0.374 0.741 0.829 0.932 
0.18474  1.6574e+005  0.82850 0.89725 0.93163   0.00015 0.01755   0.932 0.374 0.740 0.829 0.932 
0.18573  1.6554e+005  0.82755 0.89654 0.93103   0.00015 0.01771   0.931 0.374 0.740 0.828 0.931 
0.18673  1.6534e+005  0.82660 0.89582 0.93043   0.00015 0.01787   0.930 0.373 0.738 0.827 0.930 
0.18773  1.6514e+005  0.82571 0.89512 0.92983   0.00015 0.01802   0.930 0.372 0.737 0.826 0.930 
0.18873  1.6493e+005  0.82470 0.89438 0.92923   0.00015 0.01818   0.929 0.372 0.737 0.825 0.929 
0.18973  1.6473e+005  0.82367 0.89363 0.92862   0.00015 0.01834   0.929 0.372 0.736 0.824 0.929 
0.19073  1.6453e+005  0.82269 0.89290 0.92800   0.00015 0.01851   0.928 0.371 0.735 0.823 0.928 
0.19173  1.6432e+005  0.82168 0.89215 0.92738   0.00015 0.01867   0.927 0.371 0.735 0.822 0.927 
0.19272  1.6412e+005  0.82073 0.89142 0.92676   0.00015 0.01884   0.927 0.371 0.733 0.821 0.927 
0.19372  1.6392e+005  0.81977 0.89067 0.92613   0.00015 0.01900   0.926 0.371 0.732 0.820 0.926 
0.19472  1.6371e+005  0.81877 0.88992 0.92550   0.00015 0.01917   0.925 0.371 0.732 0.819 0.925 
0.19572  1.6351e+005  0.81772 0.88913 0.92484   0.00015 0.01934   0.925 0.366 0.731 0.818 0.925 
0.19672  1.6331e+005  0.81675 0.88838 0.92420   0.00015 0.01951   0.924 0.366 0.730 0.817 0.924 
0.19772  1.631e+005  0.81573 0.88762 0.92356   0.00015 0.01968   0.924 0.366 0.730 0.816 0.924 
0.19872  1.629e+005  0.81472 0.88686 0.92292   0.00015 0.01985   0.923 0.366 0.729 0.815 0.923 
0.19971  1.627e+005  0.81373 0.88609 0.92228   0.00015 0.02002   0.922 0.365 0.728 0.814 0.922 
0.20071  1.625e+005  0.81273 0.88533 0.92162   0.00015 0.02020   0.922 0.365 0.727 0.813 0.922 
0.20171  1.6229e+005  0.81175 0.88456 0.92097   0.00015 0.02037   0.921 0.365 0.726 0.812 0.921 
0.20271  1.6209e+005  0.81076 0.88379 0.92031   0.00015 0.02055   0.920 0.365 0.726 0.811 0.920 
0.20371  1.6189e+005  0.80986 0.88307 0.91967   0.00015 0.02072   0.920 0.364 0.724 0.810 0.920 
0.20471  1.6168e+005  0.80895 0.88232 0.91900   0.00015 0.02090   0.919 0.363 0.723 0.809 0.919 
0.20570  1.6148e+005  0.80797 0.88154 0.91833   0.00015 0.02107   0.918 0.363 0.723 0.808 0.918 
0.20670  1.6128e+005  0.80697 0.88076 0.91766   0.00015 0.02125   0.918 0.361 0.722 0.807 0.918 
0.20770  1.6108e+005  0.80599 0.87998 0.91698   0.00015 0.02143   0.917 0.361 0.721 0.806 0.917 
0.20870  1.6087e+005  0.80510 0.87924 0.91630   0.00015 0.02161   0.916 0.361 0.720 0.805 0.916 
0.20970  1.6067e+005  0.80414 0.87846 0.91562   0.00015 0.02180   0.916 0.361 0.719 0.804 0.916 
0.21070  1.6047e+005  0.80315 0.87767 0.91494   0.00015 0.02198   0.915 0.361 0.718 0.803 0.915 
0.21170  1.6026e+005  0.80218 0.87689 0.91424   0.00015 0.02216   0.914 0.361 0.717 0.802 0.914 
0.21269  1.6006e+005  0.80125 0.87612 0.91355   0.00015 0.02235   0.914 0.361 0.716 0.801 0.914 
0.21369  1.5986e+005  0.80028 0.87533 0.91285   0.00015 0.02254   0.913 0.361 0.715 0.800 0.913 
0.21469  1.5965e+005  0.79927 0.87452 0.91215   0.00015 0.02273   0.912 0.360 0.714 0.799 0.912 
0.21569  1.5945e+005  0.79829 0.87373 0.91145   0.00015 0.02291   0.911 0.360 0.714 0.798 0.911 
0.21669  1.5925e+005  0.79730 0.87293 0.91074   0.00015 0.02310   0.911 0.360 0.713 0.797 0.911 
0.21769  1.5904e+005  0.79630 0.87212 0.91003   0.00016 0.02329   0.910 0.360 0.712 0.796 0.910 
0.21869  1.5884e+005  0.79530 0.87131 0.90932   0.00016 0.02349   0.909 0.360 0.711 0.795 0.909 
0.21968  1.5864e+005  0.79434 0.87048 0.90854   0.00016 0.02369   0.909 0.354 0.710 0.794 0.909 
0.22068  1.5844e+005  0.79337 0.86967 0.90782   0.00016 0.02389   0.908 0.353 0.709 0.793 0.908 
0.22168  1.5823e+005  0.79240 0.86887 0.90710   0.00016 0.02408   0.907 0.353 0.708 0.792 0.907 
0.22268  1.5803e+005  0.79145 0.86807 0.90638   0.00016 0.02428   0.906 0.353 0.707 0.791 0.906 
0.22368  1.5783e+005  0.79051 0.86726 0.90564   0.00016 0.02447   0.906 0.352 0.705 0.791 0.906 
0.22468  1.5762e+005  0.78952 0.86645 0.90491   0.00016 0.02467   0.905 0.352 0.705 0.790 0.905 
0.22568  1.5742e+005  0.78849 0.86559 0.90415   0.00016 0.02488   0.904 0.348 0.704 0.788 0.904 
0.22667  1.5722e+005  0.78750 0.86478 0.90342   0.00016 0.02507   0.903 0.348 0.703 0.788 0.903 
0.22767  1.5702e+005  0.78660 0.86399 0.90269   0.00016 0.02527   0.903 0.348 0.702 0.787 0.903 
0.22867  1.5681e+005  0.78561 0.86317 0.90195   0.00016 0.02547   0.902 0.347 0.701 0.786 0.902 
0.22967  1.5661e+005  0.78460 0.86233 0.90120   0.00016 0.02567   0.901 0.347 0.701 0.785 0.901 
0.23067  1.5641e+005  0.78361 0.86150 0.90045   0.00016 0.02587   0.900 0.347 0.701 0.784 0.900 
0.23167  1.562e+005  0.78267 0.86069 0.89970   0.00016 0.02608   0.900 0.347 0.699 0.783 0.900 
0.23266  1.56e+005   0.78172 0.85988 0.89896   0.00016 0.02628   0.899 0.347 0.698 0.782 0.899 
0.23366  1.558e+005  0.78074 0.85905 0.89820   0.00016 0.02648   0.898 0.347 0.697 0.781 0.898 
0.23466  1.5559e+005  0.77975 0.85821 0.89744   0.00016 0.02669   0.897 0.347 0.696 0.780 0.897 
0.23566  1.5539e+005  0.77877 0.85738 0.89668   0.00016 0.02690   0.897 0.347 0.696 0.779 0.897 
0.23666  1.5519e+005  0.77775 0.85653 0.89592   0.00016 0.02710   0.896 0.347 0.695 0.778 0.896 
0.23766  1.5498e+005  0.77676 0.85569 0.89516   0.00016 0.02731   0.895 0.347 0.695 0.777 0.895 
0.23866  1.5478e+005  0.77581 0.85486 0.89438   0.00016 0.02752   0.894 0.347 0.693 0.776 0.894 
0.23965  1.5458e+005  0.77482 0.85401 0.89361   0.00016 0.02773   0.894 0.347 0.692 0.775 0.894 
0.24065  1.5438e+005  0.77386 0.85317 0.89283   0.00016 0.02794   0.893 0.347 0.691 0.774 0.893 
0.24165  1.5417e+005  0.77286 0.85232 0.89205   0.00016 0.02815   0.892 0.347 0.691 0.773 0.892 
0.24265  1.5397e+005  0.77180 0.85145 0.89127   0.00016 0.02837   0.891 0.347 0.691 0.772 0.891 
0.24365  1.5377e+005  0.77091 0.85063 0.89049   0.00016 0.02858   0.890 0.347 0.689 0.771 0.890 
0.24465  1.5356e+005  0.76992 0.84977 0.88970   0.00016 0.02879   0.890 0.347 0.688 0.770 0.890 
0.24565  1.5336e+005  0.76893 0.84892 0.88892   0.00016 0.02901   0.889 0.347 0.687 0.769 0.889 
0.24664  1.5316e+005  0.76796 0.84807 0.88812   0.00016 0.02923   0.888 0.347 0.686 0.768 0.888 
0.24764  1.5296e+005  0.76698 0.84721 0.88733   0.00016 0.02944   0.887 0.347 0.685 0.767 0.887 
0.24864  1.5275e+005  0.76598 0.84635 0.88653   0.00017 0.02966   0.887 0.347 0.684 0.766 0.887 
0.24964  1.5255e+005  0.76497 0.84548 0.88573   0.00017 0.02988   0.886 0.347 0.684 0.765 0.886 
0.25064  1.5235e+005  0.76401 0.84462 0.88493   0.00017 0.03010   0.885 0.347 0.683 0.764 0.885 
0.25164  1.5214e+005  0.76306 0.84377 0.88412   0.00017 0.03032   0.884 0.347 0.681 0.763 0.884 
0.25264  1.5194e+005  0.76203 0.84288 0.88331   0.00017 0.03054   0.883 0.347 0.681 0.762 0.883 
0.25363  1.5174e+005  0.76107 0.84202 0.88250   0.00017 0.03077   0.883 0.347 0.680 0.761 0.883 
0.25463  1.5153e+005  0.76008 0.84115 0.88169   0.00017 0.03099   0.882 0.347 0.679 0.760 0.882 
0.25563  1.5133e+005  0.75909 0.84028 0.88087   0.00017 0.03121   0.881 0.347 0.678 0.759 0.881 
0.25663  1.5113e+005  0.75814 0.83941 0.88005   0.00017 0.03144   0.880 0.340 0.676 0.758 0.880 
0.25763  1.5092e+005  0.75715 0.83849 0.87916   0.00017 0.03168   0.879 0.329 0.675 0.757 0.879 
0.25863  1.5072e+005  0.75611 0.83760 0.87834   0.00017 0.03191   0.878 0.329 0.674 0.756 0.878 
0.25962  1.5052e+005  0.75516 0.83674 0.87752   0.00017 0.03214   0.878 0.329 0.673 0.755 0.878 
0.26062  1.5032e+005  0.75417 0.83586 0.87670   0.00017 0.03236   0.877 0.329 0.672 0.754 0.877 
0.26162  1.5011e+005  0.75317 0.83497 0.87587   0.00017 0.03259   0.876 0.329 0.672 0.753 0.876 
0.26262  1.4991e+005  0.75218 0.83409 0.87505   0.00017 0.03282   0.875 0.329 0.671 0.752 0.875 
0.26362  1.4971e+005  0.75114 0.83319 0.87422   0.00017 0.03305   0.874 0.329 0.671 0.751 0.874 
0.26462  1.495e+005  0.75039 0.83229 0.87323   0.00017 0.03332   0.873 0.314 0.669 0.750 0.873 
0.26562  1.493e+005  0.74946 0.83138 0.87234   0.00017 0.03357   0.872 0.311 0.667 0.749 0.872 
0.26661  1.491e+005  0.74850 0.83051 0.87151   0.00017 0.03380   0.872 0.311 0.666 0.748 0.872 
0.26761  1.489e+005  0.74746 0.82961 0.87068   0.00017 0.03403   0.871 0.311 0.665 0.747 0.871 
0.26861  1.4869e+005  0.74644 0.82871 0.86984   0.00017 0.03426   0.870 0.309 0.665 0.746 0.870 
0.26961  1.4849e+005  0.74539 0.82780 0.86900   0.00017 0.03449   0.869 0.309 0.664 0.745 0.869 
0.27061  1.4829e+005  0.74439 0.82690 0.86816   0.00017 0.03473   0.868 0.309 0.664 0.744 0.868 
0.27161  1.4808e+005  0.74336 0.82600 0.86731   0.00017 0.03496   0.867 0.309 0.663 0.743 0.867 
0.27261  1.4788e+005  0.74234 0.82509 0.86647   0.00017 0.03520   0.866 0.308 0.662 0.742 0.866 
0.27360  1.4768e+005  0.74132 0.82418 0.86561   0.00017 0.03544   0.866 0.305 0.662 0.741 0.866 
0.27460  1.4747e+005  0.74026 0.82313 0.86457   0.00017 0.03573   0.865 0.289 0.661 0.740 0.865 
0.27560  1.4727e+005  0.73924 0.82223 0.86372   0.00017 0.03596   0.864 0.288 0.661 0.739 0.864 
0.27660  1.4707e+005  0.73823 0.82133 0.86287   0.00017 0.03620   0.863 0.288 0.660 0.738 0.863 
0.27760  1.4686e+005  0.73721 0.82042 0.86202   0.00017 0.03644   0.862 0.288 0.659 0.737 0.862 
0.27860  1.4666e+005  0.73621 0.81952 0.86117   0.00018 0.03668   0.861 0.288 0.659 0.736 0.861 
0.27960  1.4646e+005  0.73520 0.81861 0.86031   0.00018 0.03692   0.860 0.288 0.658 0.735 0.860 
0.28059  1.4626e+005  0.73426 0.81772 0.85945   0.00018 0.03716   0.859 0.288 0.657 0.734 0.859 
0.28159  1.4605e+005  0.73326 0.81681 0.85859   0.00018 0.03740   0.859 0.288 0.657 0.733 0.859 
0.28259  1.4585e+005  0.73230 0.81593 0.85774   0.00018 0.03764   0.858 0.288 0.656 0.732 0.858 
0.28359  1.4565e+005  0.73128 0.81501 0.85688   0.00018 0.03788   0.857 0.288 0.656 0.731 0.857 
0.28459  1.4544e+005  0.73029 0.81411 0.85601   0.00018 0.03812   0.856 0.288 0.655 0.730 0.856 
0.28559  1.4524e+005  0.72927 0.81319 0.85515   0.00018 0.03836   0.855 0.288 0.655 0.729 0.855 
0.28658  1.4504e+005  0.72833 0.81230 0.85428   0.00018 0.03861   0.854 0.288 0.654 0.728 0.854 
0.28758  1.4484e+005  0.72736 0.81139 0.85341   0.00018 0.03885   0.853 0.287 0.653 0.727 0.853 
0.28858  1.4463e+005  0.72636 0.81048 0.85253   0.00018 0.03910   0.853 0.287 0.652 0.726 0.853 
0.28958  1.4443e+005  0.72538 0.80956 0.85166   0.00018 0.03935   0.852 0.287 0.651 0.725 0.852 
0.29058  1.4423e+005  0.72436 0.80864 0.85078   0.00018 0.03960   0.851 0.287 0.650 0.724 0.851 
0.29158  1.4402e+005  0.72335 0.80772 0.84990   0.00018 0.03984   0.850 0.287 0.650 0.723 0.850 
0.29258  1.4382e+005  0.72233 0.80679 0.84902   0.00018 0.04009   0.849 0.287 0.650 0.722 0.849 
0.29357  1.4362e+005  0.72134 0.80587 0.84814   0.00018 0.04034   0.848 0.287 0.649 0.721 0.848 
0.29457  1.4341e+005  0.72029 0.80494 0.84726   0.00018 0.04059   0.847 0.287 0.648 0.720 0.847 
0.29557  1.4321e+005  0.71929 0.80401 0.84637   0.00018 0.04084   0.846 0.287 0.648 0.719 0.846 
0.29657  1.4301e+005  0.71828 0.80309 0.84549   0.00018 0.04109   0.845 0.287 0.648 0.718 0.845 
0.29757  1.428e+005  0.71729 0.80216 0.84460   0.00018 0.04134   0.845 0.287 0.646 0.717 0.845 
0.29857  1.426e+005  0.71629 0.80124 0.84371   0.00018 0.04160   0.844 0.287 0.646 0.716 0.844 
0.29957  1.424e+005  0.71531 0.80032 0.84282   0.00018 0.04185   0.843 0.287 0.645 0.715 0.843 
0.30056  1.422e+005  0.71431 0.79940 0.84195   0.00018 0.04210   0.842 0.287 0.644 0.714 0.842 
0.30156  1.4199e+005  0.71329 0.79847 0.84105   0.00018 0.04235   0.841 0.287 0.644 0.713 0.841 
0.30256  1.4179e+005  0.71224 0.79752 0.84016   0.00018 0.04261   0.840 0.286 0.643 0.712 0.840 
0.30356  1.4159e+005  0.71118 0.79657 0.83926   0.00018 0.04286   0.839 0.286 0.642 0.711 0.839 
0.30456  1.4138e+005  0.71014 0.79562 0.83837   0.00018 0.04312   0.838 0.286 0.642 0.710 0.838 
0.30556  1.4118e+005  0.70907 0.79467 0.83747   0.00018 0.04337   0.837 0.286 0.642 0.709 0.837 
0.30656  1.4098e+005  0.70803 0.79372 0.83657   0.00018 0.04363   0.837 0.286 0.641 0.708 0.837 
0.30755  1.4078e+005  0.70701 0.79279 0.83568   0.00018 0.04389   0.836 0.286 0.641 0.707 0.836 
0.30855  1.4057e+005  0.70603 0.79186 0.83478   0.00018 0.04414   0.835 0.286 0.640 0.706 0.835 
0.30955  1.4037e+005  0.70498 0.79091 0.83387   0.00018 0.04440   0.834 0.286 0.639 0.705 0.834 
0.31055  1.4017e+005  0.70396 0.78996 0.83296   0.00019 0.04466   0.833 0.286 0.638 0.704 0.833 
0.31155  1.3996e+005  0.70289 0.78900 0.83205   0.00019 0.04493   0.832 0.281 0.638 0.703 0.832 
0.31255  1.3976e+005  0.70182 0.78804 0.83114   0.00019 0.04519   0.831 0.281 0.638 0.702 0.831 
0.31354  1.3956e+005  0.70080 0.78709 0.83023   0.00019 0.04545   0.830 0.281 0.637 0.701 0.830 
0.31454  1.3935e+005  0.69984 0.78616 0.82932   0.00019 0.04571   0.829 0.281 0.636 0.700 0.829 
0.31554  1.3915e+005  0.69883 0.78521 0.82840   0.00019 0.04597   0.828 0.281 0.635 0.699 0.828 
0.31654  1.3895e+005  0.69777 0.78425 0.82749   0.00019 0.04624   0.827 0.281 0.635 0.698 0.827 
0.31754  1.3874e+005  0.69676 0.78330 0.82657   0.00019 0.04650   0.827 0.281 0.634 0.697 0.827 
0.31854  1.3854e+005  0.69575 0.78235 0.82565   0.00019 0.04677   0.826 0.281 0.633 0.696 0.826 
0.31954  1.3834e+005  0.69472 0.78140 0.82473   0.00019 0.04703   0.825 0.281 0.633 0.695 0.825 
0.32053  1.3814e+005  0.69368 0.78043 0.82381   0.00019 0.04730   0.824 0.281 0.632 0.694 0.824 
0.32153  1.3793e+005  0.69270 0.77949 0.82288   0.00019 0.04757   0.823 0.281 0.631 0.693 0.823 
0.32253  1.3773e+005  0.69166 0.77852 0.82195   0.00019 0.04784   0.822 0.280 0.630 0.692 0.822 
0.32353  1.3753e+005  0.69064 0.77756 0.82103   0.00019 0.04810   0.821 0.279 0.630 0.691 0.821 
0.32453  1.3732e+005  0.68963 0.77661 0.82010   0.00019 0.04837   0.820 0.278 0.629 0.690 0.820 
0.32553  1.3712e+005  0.68859 0.77565 0.81917   0.00019 0.04864   0.819 0.278 0.628 0.689 0.819 
0.32653  1.3692e+005  0.68756 0.77468 0.81824   0.00019 0.04891   0.818 0.278 0.628 0.688 0.818 
0.32752  1.3672e+005  0.68657 0.77372 0.81730   0.00019 0.04919   0.817 0.278 0.627 0.687 0.817 
0.32852  1.3651e+005  0.68553 0.77274 0.81635   0.00019 0.04946   0.816 0.275 0.626 0.686 0.816 
0.32952  1.3631e+005  0.68449 0.77177 0.81541   0.00019 0.04974   0.815 0.274 0.626 0.684 0.815 
0.33052  1.3611e+005  0.68345 0.77080 0.81447   0.00019 0.05001   0.814 0.274 0.625 0.683 0.814 
0.33152  1.359e+005  0.68242 0.76982 0.81352   0.00019 0.05029   0.814 0.274 0.625 0.682 0.814 
0.33252  1.357e+005  0.68138 0.76884 0.81258   0.00019 0.05056   0.813 0.274 0.624 0.681 0.813 
0.33352  1.355e+005  0.68036 0.76787 0.81163   0.00019 0.05084   0.812 0.274 0.623 0.680 0.812 
0.33451  1.3529e+005  0.67932 0.76689 0.81067   0.00019 0.05112   0.811 0.274 0.623 0.679 0.811 
0.33551  1.3509e+005  0.67843 0.76590 0.80963   0.00019 0.05143   0.810 0.259 0.622 0.678 0.810 
0.33651  1.3489e+005  0.67747 0.76493 0.80866   0.00019 0.05171   0.809 0.259 0.620 0.677 0.809 
0.33751  1.3468e+005  0.67642 0.76395 0.80771   0.00019 0.05199   0.808 0.258 0.620 0.676 0.808 
0.33851  1.3448e+005  0.67542 0.76298 0.80675   0.00019 0.05227   0.807 0.258 0.619 0.675 0.807 
0.33951  1.3428e+005  0.67438 0.76199 0.80580   0.00019 0.05255   0.806 0.258 0.618 0.674 0.806 
0.34050  1.3408e+005  0.67340 0.76102 0.80483   0.00019 0.05283   0.805 0.258 0.617 0.673 0.805 
0.34150  1.3387e+005  0.67234 0.76003 0.80387   0.00020 0.05312   0.804 0.258 0.617 0.672 0.804 
0.34250  1.3367e+005  0.67134 0.75905 0.80290   0.00020 0.05340   0.803 0.258 0.616 0.671 0.803 
0.34350  1.3347e+005  0.67028 0.75806 0.80195   0.00020 0.05368   0.802 0.258 0.615 0.670 0.802 
0.34450  1.3326e+005  0.66925 0.75706 0.80097   0.00020 0.05397   0.801 0.258 0.614 0.669 0.801 
0.34550  1.3306e+005  0.66821 0.75607 0.80000   0.00020 0.05426   0.800 0.258 0.614 0.668 0.800 
0.34650  1.3286e+005  0.66714 0.75506 0.79902   0.00020 0.05455   0.799 0.258 0.614 0.667 0.799 
0.34749  1.3266e+005  0.66609 0.75406 0.79804   0.00020 0.05484   0.798 0.258 0.613 0.666 0.798 
0.34849  1.3245e+005  0.66509 0.75307 0.79706   0.00020 0.05513   0.797 0.258 0.612 0.665 0.797 
0.34949  1.3225e+005  0.66406 0.75207 0.79608   0.00020 0.05542   0.796 0.258 0.611 0.664 0.796 
0.35049  1.3205e+005  0.66307 0.75109 0.79509   0.00020 0.05571   0.795 0.257 0.611 0.663 0.795 
0.35149  1.3184e+005  0.66211 0.75011 0.79411   0.00020 0.05601   0.794 0.257 0.610 0.662 0.794 
0.35249  1.3164e+005  0.66111 0.74912 0.79313   0.00020 0.05630   0.793 0.257 0.610 0.661 0.793 
0.35349  1.3144e+005  0.66011 0.74813 0.79214   0.00020 0.05659   0.792 0.257 0.609 0.660 0.792 
0.35448  1.3123e+005  0.65912 0.74714 0.79115   0.00020 0.05688   0.791 0.257 0.608 0.659 0.791 
0.35548  1.3103e+005  0.65812 0.74614 0.79015   0.00020 0.05718   0.790 0.257 0.607 0.658 0.790 
0.35648  1.3083e+005  0.65706 0.74512 0.78915   0.00020 0.05748   0.789 0.257 0.607 0.657 0.789 
0.35748  1.3062e+005  0.65607 0.74412 0.78815   0.00020 0.05778   0.788 0.257 0.606 0.656 0.788 
0.35848  1.3042e+005  0.65508 0.74312 0.78714   0.00020 0.05808   0.787 0.257 0.605 0.655 0.787 
0.35948  1.3022e+005  0.65413 0.74214 0.78614   0.00020 0.05838   0.786 0.257 0.604 0.654 0.786 
0.36048  1.3002e+005  0.65317 0.74115 0.78513   0.00020 0.05868   0.785 0.257 0.603 0.653 0.785 
0.36147  1.2981e+005  0.65213 0.74012 0.78412   0.00020 0.05899   0.784 0.257 0.602 0.652 0.784 
0.36247  1.2961e+005  0.65113 0.73911 0.78311   0.00020 0.05929   0.783 0.257 0.602 0.651 0.783 
0.36347  1.2941e+005  0.65014 0.73810 0.78209   0.00020 0.05960   0.782 0.257 0.601 0.650 0.782 
0.36447  1.292e+005  0.64910 0.73708 0.78107   0.00020 0.05990   0.781 0.257 0.601 0.649 0.781 
0.36547  1.29e+005   0.64813 0.73608 0.78005   0.00020 0.06021   0.780 0.257 0.601 0.648 0.780 
0.36647  1.288e+005  0.64716 0.73507 0.77902   0.00020 0.06052   0.779 0.257 0.600 0.647 0.779 
0.36746  1.286e+005  0.64613 0.73404 0.77800   0.00020 0.06083   0.778 0.257 0.599 0.646 0.778 
0.36846  1.2839e+005  0.64516 0.73303 0.77697   0.00020 0.06114   0.777 0.257 0.599 0.645 0.777 
0.36946  1.2819e+005  0.64418 0.73203 0.77595   0.00020 0.06145   0.776 0.255 0.598 0.644 0.776 
0.37046  1.2799e+005  0.64319 0.73101 0.77492   0.00020 0.06176   0.775 0.255 0.597 0.643 0.775 
0.37146  1.2778e+005  0.64220 0.72999 0.77388   0.00020 0.06207   0.774 0.255 0.596 0.642 0.774 
0.37246  1.2758e+005  0.64118 0.72895 0.77284   0.00020 0.06239   0.773 0.255 0.595 0.641 0.773 
0.37346  1.2738e+005  0.64021 0.72794 0.77180   0.00021 0.06271   0.772 0.255 0.594 0.640 0.772 
0.37445  1.2717e+005  0.63926 0.72692 0.77075   0.00021 0.06302   0.771 0.255 0.593 0.639 0.771 
0.37545  1.2697e+005  0.63825 0.72589 0.76972   0.00021 0.06334   0.770 0.255 0.592 0.638 0.770 
0.37645  1.2677e+005  0.63727 0.72488 0.76868   0.00021 0.06365   0.769 0.255 0.592 0.637 0.769 
0.37745  1.2656e+005  0.63626 0.72384 0.76763   0.00021 0.06397   0.768 0.255 0.591 0.636 0.768 
0.37845  1.2636e+005  0.63523 0.72279 0.76658   0.00021 0.06430   0.767 0.255 0.591 0.635 0.767 
0.37945  1.2616e+005  0.63423 0.72175 0.76552   0.00021 0.06462   0.766 0.255 0.590 0.634 0.766 
0.38045  1.2596e+005  0.63324 0.72072 0.76446   0.00021 0.06494   0.764 0.255 0.589 0.633 0.764 
0.38144  1.2575e+005  0.63226 0.71969 0.76340   0.00021 0.06527   0.763 0.255 0.588 0.632 0.763 
0.38244  1.2555e+005  0.63124 0.71864 0.76233   0.00021 0.06559   0.762 0.255 0.587 0.631 0.762 
0.38344  1.2535e+005  0.63019 0.71757 0.76126   0.00021 0.06592   0.761 0.253 0.587 0.630 0.761 
0.38444  1.2514e+005  0.62921 0.71652 0.76018   0.00021 0.06625   0.760 0.249 0.586 0.629 0.760 
0.38544  1.2494e+005  0.62826 0.71546 0.75907   0.00021 0.06660   0.759 0.241 0.585 0.628 0.759 
0.38644  1.2474e+005  0.62727 0.71442 0.75799   0.00021 0.06693   0.758 0.241 0.584 0.627 0.758 
0.38744  1.2454e+005  0.62628 0.71337 0.75692   0.00021 0.06726   0.757 0.241 0.583 0.626 0.757 
0.38843  1.2433e+005  0.62527 0.71231 0.75584   0.00021 0.06759   0.756 0.241 0.582 0.625 0.756 
0.38943  1.2413e+005  0.62429 0.71127 0.75476   0.00021 0.06792   0.755 0.241 0.581 0.624 0.755 
0.39043  1.2393e+005  0.62334 0.71023 0.75367   0.00021 0.06826   0.754 0.241 0.580 0.623 0.754 
0.39143  1.2372e+005  0.62235 0.70918 0.75259   0.00021 0.06859   0.753 0.240 0.579 0.622 0.753 
0.39243  1.2352e+005  0.62132 0.70811 0.75150   0.00021 0.06893   0.752 0.240 0.579 0.621 0.752 
0.39343  1.2332e+005  0.62027 0.70703 0.75041   0.00021 0.06927   0.750 0.240 0.578 0.620 0.750 
0.39443  1.2311e+005  0.61925 0.70596 0.74932   0.00021 0.06961   0.749 0.240 0.578 0.619 0.749 
0.39542  1.2291e+005  0.61824 0.70489 0.74822   0.00021 0.06995   0.748 0.240 0.577 0.618 0.748 
0.39642  1.2271e+005  0.61719 0.70381 0.74712   0.00021 0.07029   0.747 0.240 0.577 0.617 0.747 
0.39742  1.225e+005  0.61614 0.70272 0.74602   0.00021 0.07063   0.746 0.240 0.576 0.616 0.746 
0.39842  1.223e+005  0.61515 0.70167 0.74492   0.00021 0.07097   0.745 0.240 0.575 0.615 0.745 
0.39942  1.221e+005  0.61413 0.70059 0.74383   0.00021 0.07132   0.744 0.240 0.575 0.614 0.744 
0.40042  1.219e+005  0.61310 0.69951 0.74272   0.00021 0.07166   0.743 0.240 0.574 0.613 0.743 
0.40141  1.2169e+005  0.61212 0.69845 0.74161   0.00021 0.07201   0.742 0.240 0.573 0.612 0.742 
0.40241  1.2149e+005  0.61111 0.69737 0.74050   0.00021 0.07236   0.741 0.240 0.573 0.611 0.741 
0.40341  1.2129e+005  0.61026 0.69634 0.73938   0.00022 0.07271   0.739 0.239 0.570 0.610 0.739 
0.40441  1.2108e+005  0.60927 0.69525 0.73824   0.00022 0.07306   0.738 0.235 0.569 0.609 0.738 
0.40541  1.2088e+005  0.60830 0.69420 0.73715   0.00022 0.07341   0.737 0.235 0.568 0.608 0.737 
0.40641  1.2068e+005  0.60724 0.69310 0.73603   0.00022 0.07376   0.736 0.234 0.568 0.607 0.736 
0.40741  1.2048e+005  0.60623 0.69201 0.73490   0.00022 0.07412   0.735 0.234 0.567 0.606 0.735 
0.40840  1.2027e+005  0.60519 0.69091 0.73377   0.00022 0.07447   0.734 0.234 0.567 0.605 0.734 
0.40940  1.2007e+005  0.60421 0.68983 0.73265   0.00022 0.07483   0.733 0.234 0.565 0.604 0.733 
0.41040  1.1987e+005  0.60319 0.68874 0.73151   0.00022 0.07518   0.732 0.234 0.565 0.603 0.732 
0.41140  1.1966e+005  0.60217 0.68764 0.73037   0.00022 0.07554   0.730 0.234 0.564 0.602 0.730 
0.41240  1.1946e+005  0.60118 0.68658 0.72929   0.00022 0.07589   0.729 0.234 0.563 0.601 0.729 
0.41340  1.1926e+005  0.60017 0.68549 0.72815   0.00022 0.07625   0.728 0.234 0.562 0.600 0.728 
0.41440  1.1905e+005  0.59915 0.68439 0.72701   0.00022 0.07661   0.727 0.234 0.562 0.599 0.727 
0.41539  1.1885e+005  0.59811 0.68328 0.72586   0.00022 0.07698   0.726 0.234 0.562 0.598 0.726 
0.41639  1.1865e+005  0.59706 0.68216 0.72471   0.00022 0.07734   0.725 0.234 0.561 0.597 0.725 
0.41739  1.1844e+005  0.59611 0.68109 0.72358   0.00022 0.07770   0.724 0.234 0.560 0.596 0.724 
0.41839  1.1824e+005  0.59517 0.68001 0.72243   0.00022 0.07807   0.722 0.234 0.559 0.595 0.722 
0.41939  1.1804e+005  0.59413 0.67889 0.72127   0.00022 0.07844   0.721 0.234 0.558 0.594 0.721 
0.42039  1.1784e+005  0.59315 0.67779 0.72011   0.00022 0.07881   0.720 0.234 0.558 0.593 0.720 
0.42139  1.1763e+005  0.59224 0.67671 0.71894   0.00022 0.07918   0.719 0.234 0.555 0.592 0.719 
0.42238  1.1743e+005  0.59124 0.67559 0.71777   0.00022 0.07956   0.718 0.233 0.554 0.591 0.718 
0.42338  1.1723e+005  0.59027 0.67449 0.71660   0.00022 0.07993   0.717 0.233 0.554 0.590 0.717 
0.42438  1.1702e+005  0.58928 0.67339 0.71545   0.00022 0.08030   0.715 0.233 0.553 0.589 0.715 
0.42538  1.1682e+005  0.58827 0.67228 0.71428   0.00022 0.08068   0.714 0.232 0.552 0.588 0.714 
0.42638  1.1662e+005  0.58722 0.67114 0.71310   0.00022 0.08106   0.713 0.232 0.552 0.587 0.713 
0.42738  1.1642e+005  0.58622 0.67002 0.71192   0.00022 0.08144   0.712 0.232 0.551 0.586 0.712 
0.42837  1.1621e+005  0.58531 0.66892 0.71073   0.00022 0.08182   0.711 0.231 0.549 0.585 0.711 
0.42937  1.1601e+005  0.58428 0.66781 0.70958   0.00022 0.08220   0.710 0.230 0.548 0.584 0.710 
0.43037  1.1581e+005  0.58326 0.66668 0.70839   0.00022 0.08258   0.708 0.230 0.548 0.583 0.708 
0.43137  1.156e+005  0.58223 0.66554 0.70719   0.00023 0.08297   0.707 0.229 0.547 0.582 0.707 
0.43237  1.154e+005  0.58118 0.66439 0.70600   0.00023 0.08336   0.706 0.229 0.547 0.581 0.706 
0.43337  1.152e+005  0.58017 0.66325 0.70478   0.00023 0.08375   0.705 0.226 0.545 0.580 0.705 
0.43437  1.1499e+005  0.57912 0.66210 0.70359   0.00023 0.08414   0.704 0.226 0.545 0.579 0.704 
0.43536  1.1479e+005  0.57804 0.66094 0.70238   0.00023 0.08453   0.702 0.226 0.545 0.578 0.702 
0.43636  1.1459e+005  0.57699 0.65978 0.70118   0.00023 0.08492   0.701 0.226 0.544 0.577 0.701 
0.43736  1.1438e+005  0.57599 0.65867 0.70001   0.00023 0.08531   0.700 0.226 0.544 0.576 0.700 
0.43836  1.1418e+005  0.57498 0.65753 0.69880   0.00023 0.08570   0.699 0.226 0.543 0.575 0.699 
0.43936  1.1398e+005  0.57393 0.65637 0.69758   0.00023 0.08610   0.698 0.226 0.543 0.574 0.698 
0.44036  1.1378e+005  0.57292 0.65522 0.69637   0.00023 0.08650   0.696 0.226 0.542 0.573 0.696 
0.44136  1.1357e+005  0.57189 0.65424 0.69541   0.00023 0.08681   0.695 0.226 0.542 0.572 0.695 
0.44235  1.1337e+005  0.57083 0.65362 0.69501   0.00023 0.08694   0.695 0.226 0.541 0.571 0.695 
0.44335  1.1317e+005  0.56980 0.65293 0.69450   0.00023 0.08711   0.694 0.226 0.540 0.570 0.694 
0.44435  1.1296e+005  0.56874 0.65204 0.69368   0.00023 0.08738   0.694 0.225 0.539 0.569 0.694 
0.44535  1.1276e+005  0.56769 0.65087 0.69246   0.00023 0.08778   0.692 0.225 0.539 0.568 0.692 
0.44635  1.1256e+005  0.56663 0.64970 0.69123   0.00023 0.08819   0.691 0.225 0.538 0.567 0.691 
0.44735  1.1236e+005  0.56562 0.64855 0.69001   0.00023 0.08859   0.690 0.225 0.538 0.566 0.690 
0.44835  1.1215e+005  0.56480 0.64745 0.68877   0.00023 0.08900   0.689 0.225 0.535 0.565 0.689 
0.44934  1.1195e+005  0.56384 0.64630 0.68753   0.00023 0.08941   0.688 0.225 0.534 0.564 0.688 
0.45034  1.1175e+005  0.56279 0.64513 0.68629   0.00023 0.08982   0.686 0.225 0.534 0.563 0.686 
0.45134  1.1154e+005  0.56188 0.64399 0.68504   0.00023 0.09023   0.685 0.221 0.532 0.562 0.685 
0.45234  1.1134e+005  0.56086 0.64281 0.68379   0.00023 0.09065   0.684 0.220 0.531 0.561 0.684 
0.45334  1.1114e+005  0.55989 0.64167 0.68256   0.00023 0.09106   0.683 0.220 0.531 0.560 0.683 
0.45434  1.1093e+005  0.55891 0.64051 0.68131   0.00023 0.09148   0.681 0.220 0.530 0.559 0.681 
0.45533  1.1073e+005  0.55786 0.63932 0.68005   0.00023 0.09190   0.680 0.220 0.530 0.558 0.680 
0.45633  1.1053e+005  0.55689 0.63815 0.67878   0.00023 0.09232   0.679 0.219 0.529 0.557 0.679 
0.45733  1.1032e+005  0.55587 0.63696 0.67751   0.00023 0.09275   0.678 0.219 0.528 0.556 0.678 
0.45833  1.1012e+005  0.55488 0.63578 0.67623   0.00023 0.09317   0.676 0.218 0.527 0.555 0.676 
0.45933  1.0992e+005  0.55397 0.63461 0.67493   0.00023 0.09361   0.675 0.216 0.525 0.554 0.675 
0.46033  1.0972e+005  0.55293 0.63341 0.67365   0.00024 0.09404   0.674 0.216 0.525 0.553 0.674 
0.46133  1.0951e+005  0.55195 0.63222 0.67236   0.00024 0.09448   0.672 0.216 0.523 0.552 0.672 
0.46232  1.0931e+005  0.55094 0.63103 0.67107   0.00024 0.09491   0.671 0.216 0.522 0.551 0.671 
0.46332  1.0911e+005  0.54993 0.62983 0.66978   0.00024 0.09535   0.670 0.216 0.522 0.550 0.670 
0.46432  1.089e+005  0.54894 0.62863 0.66848   0.00024 0.09578   0.668 0.216 0.521 0.549 0.668 
0.46532  1.087e+005  0.54818 0.62750 0.66715   0.00024 0.09623   0.667 0.215 0.516 0.548 0.667 
0.46632  1.085e+005  0.54719 0.62630 0.66586   0.00024 0.09667   0.666 0.215 0.516 0.547 0.666 
0.46732  1.083e+005  0.54615 0.62508 0.66455   0.00024 0.09712   0.665 0.214 0.515 0.546 0.665 
0.46832  1.0809e+005  0.54513 0.62386 0.66323   0.00024 0.09756   0.663 0.214 0.515 0.545 0.663 
0.46931  1.0789e+005  0.54416 0.62267 0.66192   0.00024 0.09801   0.662 0.214 0.514 0.544 0.662 
0.47031  1.0769e+005  0.54313 0.62144 0.66060   0.00024 0.09846   0.661 0.214 0.513 0.543 0.661 
0.47131  1.0748e+005  0.54207 0.62020 0.65927   0.00024 0.09891   0.659 0.214 0.512 0.542 0.659 
0.47231  1.0728e+005  0.54101 0.61896 0.65794   0.00024 0.09937   0.658 0.214 0.512 0.541 0.658 
0.47331  1.0708e+005  0.53996 0.61773 0.65662   0.00024 0.09982   0.657 0.214 0.512 0.540 0.657 
0.47431  1.0687e+005  0.53895 0.61650 0.65528   0.00024 0.10028   0.655 0.214 0.511 0.539 0.655 
0.47531  1.0667e+005  0.53795 0.61527 0.65393   0.00024 0.10074   0.654 0.214 0.510 0.538 0.654 
0.47630  1.0647e+005  0.53691 0.61402 0.65258   0.00024 0.10121   0.653 0.214 0.509 0.537 0.653 
0.47730  1.0626e+005  0.53591 0.61280 0.65124   0.00024 0.10167   0.651 0.214 0.509 0.536 0.651 
0.47830  1.0606e+005  0.53488 0.61155 0.64988   0.00024 0.10214   0.650 0.214 0.508 0.535 0.650 
0.47930  1.0586e+005  0.53393 0.61032 0.64852   0.00024 0.10261   0.649 0.214 0.506 0.534 0.649 
0.48030  1.0566e+005  0.53301 0.60911 0.64716   0.00024 0.10308   0.647 0.214 0.505 0.533 0.647 
0.48130  1.0545e+005  0.53202 0.60786 0.64579   0.00024 0.10356   0.646 0.214 0.504 0.532 0.646 
0.48229  1.0525e+005  0.53101 0.60661 0.64441   0.00024 0.10404   0.644 0.214 0.503 0.531 0.644 
0.48329  1.0505e+005  0.53010 0.60538 0.64302   0.00024 0.10452   0.643 0.214 0.501 0.530 0.643 
0.48429  1.0484e+005  0.52914 0.60414 0.64164   0.00024 0.10500   0.642 0.214 0.500 0.529 0.642 
0.48529  1.0464e+005  0.52811 0.60288 0.64026   0.00025 0.10548   0.640 0.214 0.499 0.528 0.640 
0.48629  1.0444e+005  0.52710 0.60161 0.63887   0.00025 0.10597   0.639 0.214 0.498 0.527 0.639 
0.48729  1.0424e+005  0.52611 0.60041 0.63756   0.00025 0.10643   0.638 0.214 0.498 0.526 0.638 
0.48829  1.0403e+005  0.52514 0.59916 0.63618   0.00025 0.10691   0.636 0.214 0.496 0.525 0.636 
0.48928  1.0383e+005  0.52417 0.59790 0.63477   0.00025 0.10740   0.635 0.214 0.495 0.524 0.635 
0.49028  1.0363e+005  0.52316 0.59663 0.63337   0.00025 0.10790   0.633 0.214 0.495 0.523 0.633 
0.49128  1.0342e+005  0.52216 0.59537 0.63198   0.00025 0.10839   0.632 0.213 0.494 0.522 0.632 
0.49228  1.0322e+005  0.52117 0.59411 0.63058   0.00025 0.10888   0.631 0.213 0.494 0.521 0.631 
0.49328  1.0302e+005  0.52015 0.59283 0.62917   0.00025 0.10938   0.629 0.213 0.493 0.520 0.629 
0.49428  1.0281e+005  0.51913 0.59154 0.62775   0.00025 0.10988   0.628 0.213 0.493 0.519 0.628 
0.49528  1.0261e+005  0.51813 0.59027 0.62634   0.00025 0.11039   0.626 0.213 0.492 0.518 0.626 
0.49627  1.0241e+005  0.51712 0.58898 0.62491   0.00025 0.11089   0.625 0.213 0.491 0.517 0.625 
0.49727  1.022e+005  0.51613 0.58769 0.62348   0.00025 0.11140   0.623 0.213 0.490 0.516 0.623 
0.49827  1.02e+005   0.51511 0.58639 0.62204   0.00025 0.11192   0.622 0.213 0.490 0.515 0.622 
0.49927  1.018e+005  0.51406 0.58509 0.62061   0.00025 0.11243   0.621 0.213 0.489 0.514 0.621 
0.50027  1.016e+005  0.51311 0.58382 0.61917   0.00025 0.11294   0.619 0.213 0.487 0.513 0.619 
0.50127  1.0139e+005  0.51210 0.58251 0.61772   0.00025 0.11346   0.618 0.213 0.487 0.512 0.618 
0.50227  1.0119e+005  0.51110 0.58126 0.61633   0.00025 0.11396   0.616 0.213 0.486 0.511 0.616 
0.50326  1.0099e+005  0.51006 0.57994 0.61488   0.00025 0.11448   0.615 0.213 0.485 0.510 0.615 
0.50426  1.0078e+005  0.50900 0.57862 0.61342   0.00025 0.11501   0.613 0.212 0.485 0.509 0.613 
0.50526  1.0058e+005  0.50801 0.57731 0.61196   0.00025 0.11554   0.612 0.212 0.484 0.508 0.612 
0.50626  1.0038e+005  0.50708 0.57605 0.61053   0.00025 0.11605   0.611 0.212 0.482 0.507 0.611 
0.50726  1.0018e+005  0.50604 0.57472 0.60906   0.00026 0.11658   0.609 0.212 0.482 0.506 0.609 
0.50826  99972       0.50504 0.57340 0.60759   0.00026 0.11712   0.608 0.212 0.481 0.505 0.608 
0.50925  99769       0.50408 0.57211 0.60612   0.00026 0.11765   0.606 0.212 0.479 0.504 0.606 
0.51025  99566       0.50307 0.57079 0.60465   0.00026 0.11819   0.605 0.212 0.478 0.503 0.605 
0.51125  99363       0.50204 0.56945 0.60316   0.00026 0.11873   0.603 0.212 0.478 0.502 0.603 
0.51225  99160       0.50097 0.56810 0.60167   0.00026 0.11928   0.602 0.212 0.477 0.501 0.602 
0.51325  98957       0.49992 0.56677 0.60019   0.00026 0.11982   0.600 0.212 0.477 0.500 0.600 
0.51425  98754       0.49893 0.56545 0.59871   0.00026 0.12036   0.599 0.212 0.476 0.499 0.599 
0.51525  98551       0.49792 0.56411 0.59721   0.00026 0.12091   0.597 0.212 0.475 0.498 0.597 
0.51624  98348       0.49697 0.56280 0.59572   0.00026 0.12146   0.596 0.212 0.474 0.497 0.596 
0.51724  98145       0.49591 0.56145 0.59422   0.00026 0.12201   0.594 0.212 0.473 0.496 0.594 
0.51824  97942       0.49488 0.56010 0.59271   0.00026 0.12257   0.593 0.212 0.472 0.495 0.593 
0.51924  97739       0.49388 0.55876 0.59120   0.00026 0.12313   0.591 0.209 0.471 0.494 0.591 
0.52024  97536       0.49283 0.55740 0.58968   0.00026 0.12370   0.590 0.209 0.470 0.493 0.590 
0.52124  97333       0.49181 0.55605 0.58817   0.00026 0.12426   0.588 0.209 0.469 0.492 0.588 
0.52224  97130       0.49076 0.55469 0.58665   0.00026 0.12482   0.587 0.209 0.469 0.491 0.587 
0.52323  96927       0.48977 0.55334 0.58513   0.00026 0.12539   0.585 0.209 0.468 0.490 0.585 
0.52423  96724       0.48874 0.55199 0.58362   0.00026 0.12596   0.584 0.209 0.467 0.489 0.584 
0.52523  96521       0.48769 0.55062 0.58209   0.00026 0.12653   0.582 0.209 0.466 0.488 0.582 
0.52623  96318       0.48670 0.54927 0.58055   0.00026 0.12711   0.581 0.209 0.465 0.487 0.581 
0.52723  96115       0.48564 0.54789 0.57901   0.00027 0.12769   0.579 0.209 0.464 0.486 0.579 
0.52823  95912       0.48463 0.54653 0.57748   0.00027 0.12826   0.577 0.209 0.464 0.485 0.577 
0.52923  95709       0.48359 0.54516 0.57594   0.00027 0.12885   0.576 0.209 0.463 0.484 0.576 
0.53022  95506       0.48253 0.54377 0.57439   0.00027 0.12943   0.574 0.209 0.462 0.483 0.574 
0.53122  95303       0.48151 0.54241 0.57286   0.00027 0.13002   0.573 0.209 0.462 0.482 0.573 
0.53222  95100       0.48050 0.54105 0.57132   0.00027 0.13060   0.571 0.209 0.461 0.481 0.571 
0.53322  94897       0.47946 0.53966 0.56977   0.00027 0.13119   0.570 0.209 0.461 0.479 0.570 
0.53422  94694       0.47842 0.53828 0.56821   0.00027 0.13179   0.568 0.209 0.460 0.478 0.568 
0.53522  94491       0.47739 0.53690 0.56665   0.00027 0.13238   0.567 0.209 0.459 0.477 0.567 
0.53621  94288       0.47632 0.53552 0.56511   0.00027 0.13297   0.565 0.209 0.458 0.476 0.565 
0.53721  94085       0.47530 0.53413 0.56355   0.00027 0.13357   0.564 0.208 0.457 0.475 0.564 
0.53821  93882       0.47429 0.53275 0.56198   0.00027 0.13418   0.562 0.208 0.456 0.474 0.562 
0.53921  93679       0.47326 0.53137 0.56042   0.00027 0.13478   0.560 0.207 0.456 0.473 0.560 
0.54021  93476       0.47221 0.52997 0.55885   0.00027 0.13538   0.559 0.207 0.455 0.472 0.559 
0.54121  93273       0.47117 0.52857 0.55727   0.00027 0.13599   0.557 0.207 0.455 0.471 0.557 
0.54221  93070       0.47011 0.52716 0.55569   0.00027 0.13661   0.556 0.207 0.454 0.470 0.556 
0.54320  92867       0.46909 0.52577 0.55412   0.00027 0.13722   0.554 0.207 0.454 0.469 0.554 
0.54420  92664       0.46805 0.52437 0.55253   0.00027 0.13784   0.553 0.207 0.453 0.468 0.553 
0.54520  92461       0.46702 0.52298 0.55096   0.00027 0.13845   0.551 0.207 0.453 0.467 0.551 
0.54620  92258       0.46599 0.52157 0.54937   0.00027 0.13908   0.549 0.207 0.452 0.466 0.549 
0.54720  92055       0.46496 0.52017 0.54777   0.00028 0.13970   0.548 0.207 0.452 0.465 0.548 
0.54820  91852       0.46394 0.51876 0.54617   0.00028 0.14033   0.546 0.207 0.451 0.464 0.546 
0.54920  91649       0.46288 0.51733 0.54456   0.00028 0.14096   0.545 0.207 0.451 0.463 0.545 
0.55019  91446       0.46184 0.51591 0.54295   0.00028 0.14160   0.543 0.206 0.450 0.462 0.543 
0.55119  91243       0.46078 0.51448 0.54133   0.00028 0.14224   0.541 0.206 0.450 0.461 0.541 
0.55219  91040       0.45973 0.51304 0.53970   0.00028 0.14289   0.540 0.206 0.449 0.460 0.540 
0.55319  90837       0.45870 0.51162 0.53807   0.00028 0.14353   0.538 0.206 0.449 0.459 0.538 
0.55419  90634       0.45768 0.51018 0.53643   0.00028 0.14419   0.536 0.206 0.448 0.458 0.536 
0.55519  90431       0.45670 0.50878 0.53482   0.00028 0.14483   0.535 0.206 0.447 0.457 0.535 
0.55619  90228       0.45573 0.50735 0.53316   0.00028 0.14549   0.533 0.205 0.446 0.456 0.533 
0.55718  90025       0.45469 0.50591 0.53152   0.00028 0.14615   0.532 0.205 0.445 0.455 0.532 
0.55818  89822       0.45365 0.50446 0.52987   0.00028 0.14682   0.530 0.204 0.445 0.454 0.530 
0.55918  89619       0.45263 0.50302 0.52822   0.00028 0.14748   0.528 0.204 0.444 0.453 0.528 
0.56018  89416       0.45166 0.50164 0.52663   0.00028 0.14812   0.527 0.204 0.444 0.452 0.527 
0.56118  89213       0.45066 0.50020 0.52497   0.00028 0.14880   0.525 0.204 0.443 0.451 0.525 
0.56218  89010       0.44962 0.49873 0.52329   0.00028 0.14948   0.523 0.204 0.442 0.450 0.523 
0.56317  88807       0.44860 0.49728 0.52163   0.00028 0.15016   0.522 0.204 0.442 0.449 0.522 
0.56417  88604       0.44757 0.49582 0.51994   0.00028 0.15084   0.520 0.203 0.441 0.448 0.520 
0.56517  88401       0.44655 0.49435 0.51825   0.00029 0.15153   0.518 0.203 0.440 0.447 0.518 
0.56617  88198       0.44555 0.49289 0.51656   0.00029 0.15222   0.517 0.203 0.440 0.446 0.517 
0.56717  87995       0.44453 0.49142 0.51487   0.00029 0.15292   0.515 0.203 0.439 0.445 0.515 
0.56817  87792       0.44348 0.48995 0.51318   0.00029 0.15361   0.513 0.203 0.438 0.443 0.513 
0.56917  87589       0.44246 0.48848 0.51149   0.00029 0.15431   0.511 0.203 0.438 0.442 0.511 
0.57016  87386       0.44139 0.48698 0.50978   0.00029 0.15502   0.510 0.203 0.437 0.441 0.510 
0.57116  87183       0.44041 0.48551 0.50807   0.00029 0.15573   0.508 0.203 0.436 0.440 0.508 
0.57216  86980       0.43941 0.48404 0.50636   0.00029 0.15644   0.506 0.203 0.435 0.439 0.506 
0.57316  86777       0.43840 0.48255 0.50463   0.00029 0.15717   0.505 0.202 0.434 0.438 0.505 
0.57416  86574       0.43738 0.48109 0.50294   0.00029 0.15787   0.503 0.202 0.433 0.437 0.503 
0.57516  86371       0.43639 0.47960 0.50120   0.00029 0.15860   0.501 0.202 0.432 0.436 0.501 
0.57616  86168       0.43539 0.47812 0.49948   0.00029 0.15932   0.499 0.202 0.432 0.435 0.499 
0.57715  85965       0.43441 0.47664 0.49775   0.00029 0.16005   0.498 0.202 0.431 0.434 0.498 
0.57815  85762       0.43343 0.47515 0.49601   0.00029 0.16079   0.496 0.202 0.431 0.433 0.496 
0.57915  85559       0.43242 0.47364 0.49426   0.00029 0.16153   0.494 0.202 0.430 0.432 0.494 
0.58015  85356       0.43136 0.47212 0.49249   0.00029 0.16228   0.492 0.201 0.430 0.431 0.492 
0.58115  85153       0.43040 0.47065 0.49077   0.00030 0.16301   0.491 0.201 0.429 0.430 0.491 
0.58215  84950       0.42937 0.46912 0.48900   0.00030 0.16377   0.489 0.201 0.428 0.429 0.489 
0.58315  84747       0.42846 0.46766 0.48726   0.00030 0.16451   0.487 0.201 0.426 0.428 0.487 
0.58414  84544       0.42747 0.46615 0.48550   0.00030 0.16527   0.485 0.200 0.426 0.427 0.485 
0.58514  84341       0.42648 0.46466 0.48375   0.00030 0.16602   0.484 0.200 0.424 0.426 0.484 
0.58614  84138       0.42550 0.46314 0.48196   0.00030 0.16679   0.482 0.200 0.424 0.426 0.482 
0.58714  83935       0.42452 0.46165 0.48021   0.00030 0.16755   0.480 0.200 0.423 0.425 0.480 
0.58814  83732       0.42351 0.46012 0.47843   0.00030 0.16832   0.478 0.200 0.423 0.424 0.478 
0.58914  83529       0.42245 0.45856 0.47661   0.00030 0.16912   0.477 0.195 0.423 0.422 0.477 
0.59013  83326       0.42142 0.45701 0.47481   0.00030 0.16990   0.475 0.195 0.422 0.421 0.475 
0.59113  83123       0.42039 0.45546 0.47300   0.00030 0.17069   0.473 0.194 0.421 0.420 0.473 
0.59213  82920       0.41941 0.45397 0.47125   0.00030 0.17146   0.471 0.194 0.421 0.419 0.471 
0.59313  82717       0.41843 0.45244 0.46944   0.00030 0.17226   0.469 0.194 0.420 0.418 0.469 
0.59413  82514       0.41747 0.45093 0.46765   0.00030 0.17305   0.468 0.194 0.419 0.417 0.468 
0.59513  82311       0.41646 0.44937 0.46583   0.00030 0.17385   0.466 0.193 0.418 0.416 0.466 
0.59613  82108       0.41542 0.44781 0.46401   0.00030 0.17466   0.464 0.192 0.417 0.415 0.464 
0.59712  81905       0.41443 0.44629 0.46222   0.00031 0.17546   0.462 0.192 0.416 0.414 0.462 
0.59812  81702       0.41333 0.44473 0.46043   0.00031 0.17626   0.460 0.192 0.416 0.413 0.460 
0.59912  81499       0.41225 0.44315 0.45860   0.00031 0.17708   0.459 0.185 0.416 0.412 0.459 
0.60012  81296       0.41123 0.44161 0.45680   0.00031 0.17789   0.457 0.185 0.415 0.411 0.457 
0.60112  81093       0.41021 0.44006 0.45498   0.00031 0.17871   0.455 0.185 0.414 0.410 0.455 
0.60212  80890       0.40921 0.43852 0.45317   0.00031 0.17952   0.453 0.185 0.413 0.409 0.453 
0.60312  80687       0.40819 0.43696 0.45134   0.00031 0.18036   0.451 0.185 0.413 0.408 0.451 
0.60411  80484       0.40717 0.43541 0.44953   0.00031 0.18118   0.450 0.185 0.413 0.407 0.450 
0.60511  80281       0.40616 0.43385 0.44769   0.00031 0.18202   0.448 0.185 0.412 0.406 0.448 
0.60611  80078       0.40516 0.43229 0.44585   0.00031 0.18286   0.446 0.185 0.411 0.405 0.446 
0.60711  79875       0.40412 0.43073 0.44403   0.00031 0.18369   0.444 0.185 0.410 0.404 0.444 
0.60811  79672       0.40305 0.42922 0.44230   0.00031 0.18449   0.442 0.171 0.410 0.403 0.442 
0.60911  79469       0.40200 0.42766 0.44049   0.00031 0.18533   0.440 0.163 0.409 0.402 0.440 
0.61011  79266       0.40101 0.42612 0.43867   0.00031 0.18617   0.439 0.163 0.408 0.401 0.439 
0.61110  79063       0.40002 0.42455 0.43682   0.00031 0.18703   0.437 0.163 0.408 0.400 0.437 
0.61210  78860       0.39899 0.42298 0.43498   0.00032 0.18789   0.435 0.163 0.407 0.399 0.435 
0.61310  78657       0.39798 0.42141 0.43313   0.00032 0.18875   0.433 0.162 0.407 0.398 0.433 
0.61410  78454       0.39695 0.41985 0.43129   0.00032 0.18961   0.431 0.162 0.406 0.397 0.431 
0.61510  78251       0.39594 0.41827 0.42943   0.00032 0.19049   0.429 0.162 0.405 0.396 0.429 
0.61610  78048       0.39494 0.41671 0.42760   0.00032 0.19135   0.428 0.162 0.405 0.395 0.428 
0.61709  77845       0.39389 0.41512 0.42573   0.00032 0.19224   0.426 0.162 0.404 0.394 0.426 
0.61809  77642       0.39286 0.41352 0.42385   0.00032 0.19313   0.424 0.162 0.404 0.393 0.424 
0.61909  77439       0.39178 0.41190 0.42196   0.00032 0.19403   0.422 0.162 0.403 0.392 0.422 
0.62009  77236       0.39077 0.41035 0.42014   0.00032 0.19490   0.420 0.161 0.403 0.391 0.420 
0.62109  77033       0.38972 0.40875 0.41827   0.00032 0.19580   0.418 0.161 0.402 0.390 0.418 
0.62209  76830       0.38869 0.40716 0.41639   0.00032 0.19671   0.416 0.161 0.402 0.389 0.416 
0.62309  76627       0.38762 0.40553 0.41449   0.00032 0.19762   0.414 0.161 0.401 0.388 0.414 
0.62408  76424       0.38660 0.40395 0.41263   0.00032 0.19853   0.413 0.161 0.401 0.387 0.413 
0.62508  76221       0.38557 0.40234 0.41072   0.00032 0.19945   0.411 0.161 0.400 0.386 0.411 
0.62608  76018       0.38455 0.40073 0.40882   0.00033 0.20038   0.409 0.160 0.399 0.385 0.409 
0.62708  75815       0.38354 0.39913 0.40692   0.00033 0.20131   0.407 0.160 0.398 0.384 0.407 
0.62808  75612       0.38252 0.39755 0.40507   0.00033 0.20222   0.405 0.159 0.397 0.383 0.405 
0.62908  75409       0.38143 0.39594 0.40320   0.00033 0.20314   0.403 0.158 0.397 0.381 0.403 
0.63008  75206       0.38040 0.39432 0.40128   0.00033 0.20409   0.401 0.158 0.396 0.380 0.401 
0.63107  75003       0.37935 0.39270 0.39937   0.00033 0.20504   0.399 0.158 0.396 0.379 0.399 
0.63207  74800       0.37831 0.39107 0.39745   0.00033 0.20600   0.397 0.158 0.395 0.378 0.397 
0.63307  74597       0.37728 0.38946 0.39555   0.00033 0.20695   0.396 0.157 0.395 0.377 0.396 
0.63407  74394       0.37622 0.38782 0.39361   0.00033 0.20792   0.394 0.157 0.394 0.376 0.394 
0.63507  74191       0.37519 0.38618 0.39167   0.00033 0.20890   0.392 0.155 0.393 0.375 0.392 
0.63607  73988       0.37412 0.38478 0.39012   0.00033 0.20969   0.390 0.154 0.393 0.374 0.390 
0.63707  73785       0.37307 0.38314 0.38817   0.00033 0.21068   0.388 0.154 0.392 0.373 0.388 
0.63806  73582       0.37201 0.38149 0.38623   0.00033 0.21166   0.386 0.154 0.392 0.372 0.386 
0.63906  73379       0.37094 0.37983 0.38427   0.00034 0.21266   0.384 0.154 0.391 0.371 0.384 
0.64006  73176       0.36988 0.37833 0.38256   0.00034 0.21355   0.383 0.154 0.391 0.370 0.383 
0.64106  72973       0.36882 0.37724 0.38145   0.00034 0.21412   0.381 0.154 0.391 0.369 0.381 
0.64206  72770       0.36773 0.37623 0.38048   0.00034 0.21461   0.380 0.154 0.390 0.368 0.380 
0.64306  72567       0.36673 0.37528 0.37955   0.00034 0.21509   0.380 0.154 0.389 0.367 0.380 
0.64405  72364       0.36568 0.37432 0.37864   0.00034 0.21556   0.379 0.154 0.388 0.366 0.379 
0.64505  72161       0.36461 0.37341 0.37780   0.00034 0.21600   0.378 0.154 0.388 0.365 0.378 
0.64605  71958       0.36354 0.37254 0.37704   0.00034 0.21640   0.377 0.154 0.388 0.364 0.377 
0.64705  71755       0.36246 0.37165 0.37624   0.00034 0.21681   0.376 0.154 0.387 0.362 0.376 
0.64805  71552       0.36140 0.37082 0.37553   0.00034 0.21718   0.376 0.154 0.387 0.361 0.376 
0.64905  71349       0.36032 0.36997 0.37480   0.00034 0.21756   0.375 0.154 0.387 0.360 0.375 
0.65005  71146       0.35923 0.36912 0.37407   0.00034 0.21794   0.374 0.154 0.387 0.359 0.374 
0.65104  70943       0.35812 0.36831 0.37341   0.00034 0.21829   0.373 0.154 0.386 0.358 0.373 
0.65204  70740       0.35706 0.36750 0.37271   0.00034 0.21865   0.373 0.154 0.386 0.357 0.373 
0.65304  70537       0.35597 0.36667 0.37203   0.00034 0.21901   0.372 0.154 0.386 0.356 0.372 
0.65404  70334       0.35490 0.36586 0.37134   0.00034 0.21937   0.371 0.154 0.386 0.355 0.371 
0.65504  70131       0.35383 0.36504 0.37065   0.00034 0.21974   0.371 0.154 0.385 0.354 0.371 
0.65604  69928       0.35274 0.36423 0.36998   0.00034 0.22009   0.370 0.154 0.385 0.353 0.370 
0.65704  69725       0.35165 0.36342 0.36930   0.00034 0.22045   0.369 0.154 0.385 0.352 0.369 
0.65803  69522       0.35059 0.36260 0.36861   0.00034 0.22081   0.369 0.154 0.384 0.351 0.369 
0.65903  69319       0.34956 0.36186 0.36802   0.00034 0.22113   0.368 0.154 0.384 0.350 0.368 
0.66003  69116       0.34847 0.36103 0.36731   0.00034 0.22150   0.367 0.154 0.384 0.348 0.367 
0.66103  68913       0.34745 0.36016 0.36652   0.00034 0.22192   0.367 0.154 0.383 0.347 0.367 
0.66203  68710       0.34636 0.35934 0.36583   0.00034 0.22228   0.366 0.154 0.383 0.346 0.366 
0.66303  68507       0.34528 0.35852 0.36514   0.00034 0.22265   0.365 0.154 0.383 0.345 0.365 
0.66403  68304       0.34418 0.35768 0.36443   0.00034 0.22303   0.364 0.154 0.382 0.344 0.364 
0.66502  68101       0.34308 0.35684 0.36372   0.00034 0.22341   0.364 0.154 0.382 0.343 0.364 
0.66602  67898       0.34200 0.35600 0.36300   0.00034 0.22380   0.363 0.154 0.382 0.342 0.363 
0.66702  67695       0.34096 0.35524 0.36238   0.00034 0.22412   0.362 0.154 0.382 0.341 0.362 
0.66802  67492       0.33986 0.35439 0.36165   0.00034 0.22452   0.362 0.154 0.382 0.340 0.362 
0.66902  67289       0.33875 0.35354 0.36093   0.00034 0.22490   0.361 0.154 0.382 0.339 0.361 
0.67002  67086       0.33769 0.35268 0.36018   0.00034 0.22531   0.360 0.154 0.382 0.338 0.360 
0.67101  66883       0.33659 0.35181 0.35942   0.00034 0.22572   0.359 0.154 0.381 0.337 0.359 
0.67201  66680       0.33552 0.35097 0.35870   0.00034 0.22611   0.359 0.154 0.381 0.336 0.359 
0.67301  66477       0.33446 0.35014 0.35798   0.00034 0.22649   0.358 0.154 0.381 0.334 0.358 
0.67401  66274       0.33336 0.34926 0.35721   0.00034 0.22691   0.357 0.154 0.381 0.333 0.357 
0.67501  66071       0.33228 0.34840 0.35647   0.00034 0.22731   0.356 0.153 0.380 0.332 0.356 
0.67601  65868       0.33116 0.34754 0.35574   0.00034 0.22771   0.356 0.153 0.380 0.331 0.356 
0.67701  65665       0.33006 0.34668 0.35499   0.00034 0.22811   0.355 0.153 0.380 0.330 0.355 
0.67800  65462       0.32896 0.34581 0.35423   0.00034 0.22853   0.354 0.153 0.380 0.329 0.354 
0.67900  65259       0.32787 0.34495 0.35349   0.00034 0.22893   0.353 0.153 0.380 0.328 0.353 
0.68000  65056       0.32681 0.34405 0.35267   0.00034 0.22937   0.353 0.153 0.379 0.327 0.353 
0.68100  64853       0.32571 0.34316 0.35188   0.00034 0.22981   0.352 0.153 0.379 0.326 0.352 
0.68200  64650       0.32459 0.34227 0.35112   0.00034 0.23023   0.351 0.153 0.379 0.325 0.351 
0.68300  64447       0.32354 0.34159 0.35061   0.00034 0.23050   0.351 0.153 0.379 0.324 0.351 
0.68400  64244       0.32243 0.34111 0.35045   0.00034 0.23059   0.350 0.153 0.379 0.322 0.350 
0.68499  64041       0.32132 0.34063 0.35028   0.00034 0.23068   0.350 0.153 0.379 0.321 0.350 
0.68599  63838       0.32020 0.34015 0.35012   0.00034 0.23078   0.350 0.153 0.379 0.320 0.350 
0.68699  63635       0.31912 0.33966 0.34994   0.00034 0.23087   0.350 0.153 0.379 0.319 0.350 
0.68799  63432       0.31800 0.33918 0.34976   0.00034 0.23097   0.350 0.153 0.379 0.318 0.350 
0.68899  63229       0.31701 0.33872 0.34957   0.00034 0.23107   0.350 0.153 0.379 0.317 0.350 
0.68999  63026       0.31596 0.33824 0.34938   0.00034 0.23118   0.349 0.153 0.378 0.316 0.349 
0.69099  62823       0.31484 0.33774 0.34919   0.00034 0.23128   0.349 0.153 0.378 0.315 0.349 
0.69198  62620       0.31379 0.33724 0.34897   0.00034 0.23141   0.349 0.152 0.378 0.314 0.349 
0.69298  62417       0.31270 0.33674 0.34876   0.00034 0.23152   0.349 0.152 0.378 0.313 0.349 
0.69398  62214       0.31160 0.33623 0.34855   0.00034 0.23164   0.349 0.152 0.378 0.312 0.349 
0.69498  62011       0.31050 0.33572 0.34833   0.00034 0.23176   0.348 0.152 0.378 0.310 0.348 
0.69598  61808       0.30939 0.33520 0.34810   0.00034 0.23188   0.348 0.152 0.378 0.309 0.348 
0.69698  61605       0.30832 0.33468 0.34786   0.00034 0.23202   0.348 0.152 0.378 0.308 0.348 
0.69797  61402       0.30724 0.33416 0.34762   0.00034 0.23215   0.348 0.152 0.378 0.307 0.348 
0.69897  61199       0.30614 0.33363 0.34737   0.00034 0.23229   0.347 0.152 0.378 0.306 0.347 
0.69997  60996       0.30504 0.33309 0.34712   0.00034 0.23243   0.347 0.152 0.378 0.305 0.347 
0.70097  60793       0.30395 0.33256 0.34686   0.00034 0.23257   0.347 0.152 0.378 0.304 0.347 
0.70197  60590       0.30284 0.33202 0.34661   0.00034 0.23271   0.347 0.152 0.378 0.303 0.347 
0.70297  60387       0.30172 0.33148 0.34636   0.00034 0.23285   0.346 0.152 0.378 0.302 0.346 
0.70397  60184       0.30068 0.33094 0.34606   0.00034 0.23301   0.346 0.152 0.378 0.301 0.346 
0.70496  59981       0.29961 0.33039 0.34577   0.00034 0.23317   0.346 0.152 0.378 0.300 0.346 
0.70596  59778       0.29854 0.32983 0.34548   0.00034 0.23333   0.345 0.152 0.378 0.299 0.345 
0.70696  59575       0.29743 0.32928 0.34520   0.00034 0.23349   0.345 0.152 0.378 0.297 0.345 
0.70796  59372       0.29634 0.32871 0.34490   0.00034 0.23365   0.345 0.152 0.378 0.296 0.345 
0.70896  59169       0.29525 0.32814 0.34459   0.00034 0.23383   0.345 0.152 0.378 0.295 0.345 
0.70996  58966       0.29421 0.32759 0.34428   0.00034 0.23400   0.344 0.152 0.378 0.294 0.344 
0.71096  58763       0.29314 0.32702 0.34397   0.00034 0.23418   0.344 0.152 0.378 0.293 0.344 
0.71195  58560       0.29208 0.32645 0.34364   0.00034 0.23436   0.344 0.152 0.378 0.292 0.344 
0.71295  58357       0.29104 0.32588 0.34331   0.00034 0.23454   0.343 0.152 0.378 0.291 0.343 
0.71395  58154       0.28992 0.32530 0.34299   0.00034 0.23472   0.343 0.152 0.378 0.290 0.343 
0.71495  57951       0.28884 0.32471 0.34265   0.00034 0.23491   0.343 0.152 0.378 0.289 0.343 
0.71595  57748       0.28778 0.32413 0.34230   0.00034 0.23510   0.342 0.151 0.378 0.288 0.342 
0.71695  57545       0.28667 0.32353 0.34196   0.00034 0.23529   0.342 0.151 0.378 0.287 0.342 
0.71795  57342       0.28560 0.32293 0.34159   0.00034 0.23550   0.342 0.151 0.378 0.286 0.342 
0.71894  57139       0.28455 0.32232 0.34121   0.00034 0.23572   0.341 0.147 0.378 0.285 0.341 
0.71994  56936       0.28344 0.32172 0.34086   0.00034 0.23591   0.341 0.147 0.378 0.283 0.341 
0.72094  56733       0.28235 0.32111 0.34049   0.00034 0.23612   0.340 0.147 0.378 0.282 0.340 
0.72194  56530       0.28125 0.32050 0.34013   0.00034 0.23632   0.340 0.147 0.378 0.281 0.340 
0.72294  56327       0.28016 0.31989 0.33975   0.00034 0.23654   0.340 0.147 0.378 0.280 0.340 
0.72394  56124       0.27908 0.31927 0.33936   0.00034 0.23675   0.339 0.147 0.378 0.279 0.339 
0.72493  55921       0.27802 0.31865 0.33897   0.00034 0.23697   0.339 0.147 0.378 0.278 0.339 
0.72593  55718       0.27692 0.31802 0.33857   0.00034 0.23720   0.339 0.147 0.378 0.277 0.339 
0.72693  55515       0.27584 0.31739 0.33817   0.00034 0.23742   0.338 0.147 0.378 0.276 0.338 
0.72793  55312       0.27477 0.31676 0.33775   0.00034 0.23766   0.338 0.147 0.378 0.275 0.338 
0.72893  55109       0.27367 0.31612 0.33734   0.00034 0.23789   0.337 0.147 0.378 0.274 0.337 
0.72993  54906       0.27259 0.31547 0.33691   0.00034 0.23813   0.337 0.147 0.378 0.273 0.337 
0.73093  54703       0.27151 0.31482 0.33647   0.00034 0.23838   0.336 0.147 0.377 0.272 0.336 
0.73192  54500       0.27040 0.31415 0.33603   0.00034 0.23863   0.336 0.147 0.377 0.270 0.336 
0.73292  54297       0.26931 0.31348 0.33557   0.00034 0.23889   0.336 0.147 0.377 0.269 0.336 
0.73392  54094       0.26819 0.31281 0.33512   0.00034 0.23915   0.335 0.147 0.377 0.268 0.335 
0.73492  53891       0.26712 0.31214 0.33465   0.00034 0.23941   0.335 0.147 0.377 0.267 0.335 
0.73592  53688       0.26600 0.31146 0.33419   0.00034 0.23968   0.334 0.147 0.377 0.266 0.334 
0.73692  53485       0.26490 0.31077 0.33370   0.00034 0.23995   0.334 0.147 0.377 0.265 0.334 
0.73792  53282       0.26380 0.31008 0.33322   0.00034 0.24023   0.333 0.147 0.377 0.264 0.333 
0.73891  53079       0.26269 0.30938 0.33272   0.00034 0.24051   0.333 0.147 0.377 0.263 0.333 
0.73991  52876       0.26162 0.30869 0.33222   0.00034 0.24080   0.332 0.147 0.377 0.262 0.332 
0.74091  52673       0.26058 0.30800 0.33171   0.00034 0.24109   0.332 0.147 0.377 0.261 0.332 
0.74191  52470       0.25947 0.30728 0.33119   0.00034 0.24139   0.331 0.147 0.377 0.259 0.331 
0.74291  52267       0.25837 0.30657 0.33067   0.00034 0.24169   0.331 0.147 0.377 0.258 0.331 
0.74391  52064       0.25726 0.30585 0.33014   0.00034 0.24199   0.330 0.147 0.377 0.257 0.330 
0.74491  51861       0.25617 0.30512 0.32960   0.00035 0.24230   0.330 0.147 0.377 0.256 0.330 
0.74590  51658       0.25506 0.30439 0.32906   0.00035 0.24261   0.329 0.147 0.377 0.255 0.329 
0.74690  51455       0.25397 0.30366 0.32850   0.00035 0.24293   0.328 0.147 0.377 0.254 0.328 
0.74790  51252       0.25287 0.30292 0.32794   0.00035 0.24326   0.328 0.147 0.377 0.253 0.328 
0.74890  51049       0.25176 0.30217 0.32738   0.00035 0.24358   0.327 0.147 0.377 0.252 0.327 
0.74990  50846       0.25066 0.30142 0.32681   0.00035 0.24391   0.327 0.147 0.377 0.251 0.327 
0.75090  50643       0.24955 0.30067 0.32623   0.00035 0.24425   0.326 0.147 0.377 0.250 0.326 
0.75189  50440       0.24844 0.29991 0.32564   0.00035 0.24459   0.326 0.147 0.377 0.248 0.326 
0.75289  50237       0.24734 0.29914 0.32504   0.00035 0.24494   0.325 0.147 0.377 0.247 0.325 
0.75389  50034       0.24625 0.29837 0.32443   0.00035 0.24529   0.324 0.147 0.377 0.246 0.324 
0.75489  49831       0.24518 0.29759 0.32379   0.00035 0.24566   0.324 0.147 0.377 0.245 0.324 
0.75589  49628       0.24415 0.29681 0.32314   0.00035 0.24604   0.323 0.147 0.376 0.244 0.323 
0.75689  49425       0.24313 0.29603 0.32248   0.00035 0.24643   0.322 0.147 0.376 0.243 0.322 
0.75789  49222       0.24206 0.29524 0.32182   0.00035 0.24681   0.322 0.147 0.376 0.242 0.322 
0.75888  49019       0.24100 0.29444 0.32116   0.00035 0.24720   0.321 0.147 0.376 0.241 0.321 
0.75988  48816       0.23989 0.29362 0.32048   0.00035 0.24760   0.320 0.147 0.376 0.240 0.320 
0.76088  48613       0.23884 0.29280 0.31979   0.00035 0.24800   0.320 0.147 0.376 0.239 0.320 
0.76188  48410       0.23773 0.29197 0.31909   0.00035 0.24841   0.319 0.147 0.376 0.238 0.319 
0.76288  48207       0.23662 0.29113 0.31838   0.00035 0.24883   0.318 0.147 0.376 0.237 0.318 
0.76388  48004       0.23550 0.29028 0.31766   0.00035 0.24926   0.318 0.146 0.376 0.236 0.318 
0.76488  47801       0.23442 0.28942 0.31692   0.00035 0.24969   0.317 0.145 0.376 0.234 0.317 
0.76587  47598       0.23333 0.28857 0.31618   0.00035 0.25013   0.316 0.145 0.376 0.233 0.316 
0.76687  47395       0.23226 0.28770 0.31542   0.00035 0.25058   0.315 0.144 0.376 0.232 0.315 
0.76787  47192       0.23116 0.28683 0.31466   0.00035 0.25104   0.315 0.144 0.376 0.231 0.315 
0.76887  46989       0.23005 0.28594 0.31389   0.00035 0.25150   0.314 0.144 0.376 0.230 0.314 
0.76987  46786       0.22897 0.28505 0.31309   0.00035 0.25197   0.313 0.144 0.376 0.229 0.313 
0.77087  46583       0.22788 0.28416 0.31229   0.00035 0.25245   0.312 0.144 0.376 0.228 0.312 
0.77187  46380       0.22682 0.28326 0.31148   0.00035 0.25294   0.311 0.144 0.375 0.227 0.311 
0.77286  46177       0.22577 0.28230 0.31056   0.00035 0.25349   0.311 0.144 0.375 0.226 0.311 
0.77386  45974       0.22486 0.28126 0.30946   0.00035 0.25415   0.309 0.144 0.373 0.225 0.309 
0.77486  45771       0.22379 0.28035 0.30863   0.00035 0.25465   0.309 0.144 0.373 0.224 0.309 
0.77586  45568       0.22267 0.27943 0.30781   0.00035 0.25515   0.308 0.144 0.373 0.223 0.308 
0.77686  45365       0.22158 0.27850 0.30697   0.00035 0.25566   0.307 0.144 0.373 0.222 0.307 
0.77786  45162       0.22047 0.27756 0.30611   0.00035 0.25618   0.306 0.144 0.373 0.220 0.306 
0.77886  44959       0.21939 0.27662 0.30523   0.00035 0.25671   0.305 0.144 0.373 0.219 0.305 
0.77985  44756       0.21830 0.27567 0.30436   0.00035 0.25724   0.304 0.144 0.373 0.218 0.304 
0.78085  44553       0.21719 0.27472 0.30348   0.00035 0.25778   0.303 0.144 0.373 0.217 0.303 
0.78185  44350       0.21613 0.27377 0.30260   0.00035 0.25832   0.303 0.143 0.373 0.216 0.303 
0.78285  44147       0.21503 0.27281 0.30170   0.00036 0.25887   0.302 0.143 0.373 0.215 0.302 
0.78385  43944       0.21395 0.27185 0.30080   0.00036 0.25943   0.301 0.143 0.373 0.214 0.301 
0.78485  43741       0.21286 0.27088 0.29989   0.00036 0.25999   0.300 0.143 0.373 0.213 0.300 
0.78584  43538       0.21188 0.26987 0.29886   0.00036 0.26062   0.299 0.134 0.371 0.212 0.299 
0.78684  43335       0.21080 0.26889 0.29793   0.00036 0.26119   0.298 0.134 0.371 0.211 0.298 
0.78784  43132       0.20970 0.26790 0.29700   0.00036 0.26177   0.297 0.134 0.371 0.210 0.297 
0.78884  42929       0.20861 0.26691 0.29607   0.00036 0.26235   0.296 0.134 0.371 0.209 0.296 
0.78984  42726       0.20751 0.26592 0.29512   0.00036 0.26294   0.295 0.134 0.371 0.208 0.295 
0.79084  42523       0.20641 0.26492 0.29418   0.00036 0.26353   0.294 0.134 0.371 0.206 0.294 
0.79184  42320       0.20533 0.26392 0.29322   0.00036 0.26414   0.293 0.134 0.371 0.205 0.293 
0.79283  42117       0.20423 0.26291 0.29225   0.00036 0.26474   0.292 0.134 0.371 0.204 0.292 
0.79383  41914       0.20312 0.26190 0.29128   0.00036 0.26535   0.291 0.134 0.371 0.203 0.291 
0.79483  41711       0.20202 0.26087 0.29030   0.00036 0.26597   0.290 0.134 0.371 0.202 0.290 
0.79583  41508       0.20092 0.25985 0.28932   0.00036 0.26660   0.289 0.134 0.371 0.201 0.289 
0.79683  41305       0.19998 0.25886 0.28830   0.00036 0.26724   0.288 0.128 0.369 0.200 0.288 
0.79783  41102       0.19918 0.25788 0.28723   0.00036 0.26792   0.287 0.118 0.365 0.199 0.287 
0.79883  40899       0.19813 0.25686 0.28622   0.00036 0.26857   0.286 0.118 0.365 0.198 0.286 
0.79982  40696       0.19702 0.25581 0.28521   0.00036 0.26922   0.285 0.118 0.365 0.197 0.285 
0.80082  40493       0.19599 0.25479 0.28418   0.00036 0.26987   0.284 0.118 0.365 0.196 0.284 
0.80182  40290       0.19487 0.25373 0.28316   0.00036 0.27053   0.283 0.118 0.365 0.195 0.283 
0.80282  40087       0.19381 0.25266 0.28208   0.00036 0.27123   0.282 0.117 0.364 0.194 0.282 
0.80382  39884       0.19275 0.25161 0.28103   0.00036 0.27190   0.281 0.116 0.364 0.193 0.281 
0.80482  39681       0.19164 0.25054 0.27999   0.00036 0.27258   0.280 0.116 0.364 0.192 0.280 
0.80582  39478       0.19067 0.24946 0.27885   0.00037 0.27332   0.279 0.116 0.364 0.191 0.279 
0.80681  39275       0.18959 0.24837 0.27777   0.00037 0.27403   0.278 0.116 0.364 0.190 0.278 
0.80781  39072       0.18851 0.24730 0.27670   0.00037 0.27473   0.277 0.116 0.364 0.189 0.277 
0.80881  38869       0.18744 0.24623 0.27562   0.00037 0.27543   0.276 0.116 0.364 0.187 0.276 
0.80981  38666       0.18637 0.24515 0.27453   0.00037 0.27615   0.275 0.116 0.363 0.186 0.275 
0.81081  38463       0.18530 0.24407 0.27345   0.00037 0.27686   0.273 0.116 0.363 0.185 0.273 
0.81181  38260       0.18425 0.24298 0.27235   0.00037 0.27759   0.272 0.116 0.363 0.184 0.272 
0.81280  38057       0.18316 0.24189 0.27126   0.00037 0.27832   0.271 0.116 0.363 0.183 0.271 
0.81380  37854       0.18206 0.24079 0.27016   0.00037 0.27905   0.270 0.116 0.363 0.182 0.270 
0.81480  37651       0.18097 0.23969 0.26906   0.00037 0.27979   0.269 0.116 0.363 0.181 0.269 
0.81580  37448       0.17989 0.23859 0.26794   0.00037 0.28054   0.268 0.114 0.363 0.180 0.268 
0.81680  37245       0.17882 0.23749 0.26682   0.00037 0.28129   0.267 0.114 0.363 0.179 0.267 
0.81780  37042       0.17774 0.23638 0.26570   0.00037 0.28205   0.266 0.114 0.363 0.178 0.266 
0.81880  36839       0.17669 0.23528 0.26457   0.00037 0.28281   0.265 0.114 0.363 0.177 0.265 
0.81979  36636       0.17560 0.23416 0.26344   0.00037 0.28358   0.263 0.114 0.363 0.176 0.263 
0.82079  36433       0.17450 0.23303 0.26230   0.00037 0.28435   0.262 0.114 0.363 0.175 0.262 
0.82179  36230       0.17344 0.23192 0.26116   0.00037 0.28513   0.261 0.114 0.363 0.173 0.261 
0.82279  36027       0.17234 0.23079 0.26001   0.00037 0.28592   0.260 0.114 0.363 0.172 0.260 
0.82379  35824       0.17123 0.22965 0.25886   0.00038 0.28671   0.259 0.114 0.362 0.171 0.259 
0.82479  35621       0.17012 0.22851 0.25771   0.00038 0.28751   0.258 0.114 0.362 0.170 0.258 
0.82579  35418       0.16900 0.22736 0.25654   0.00038 0.28831   0.257 0.114 0.362 0.169 0.257 
0.82678  35215       0.16791 0.22622 0.25538   0.00038 0.28912   0.255 0.114 0.362 0.168 0.255 
0.82778  35012       0.16682 0.22508 0.25420   0.00038 0.28994   0.254 0.114 0.362 0.167 0.254 
0.82878  34809       0.16573 0.22393 0.25303   0.00038 0.29076   0.253 0.114 0.362 0.166 0.253 
0.82978  34606       0.16463 0.22277 0.25184   0.00038 0.29159   0.252 0.114 0.362 0.165 0.252 
0.83078  34403       0.16354 0.22162 0.25066   0.00038 0.29243   0.251 0.114 0.362 0.164 0.251 
0.83178  34200       0.16244 0.22046 0.24946   0.00038 0.29327   0.249 0.114 0.362 0.162 0.249 
0.83278  33997       0.16135 0.21930 0.24827   0.00038 0.29412   0.248 0.114 0.362 0.161 0.248 
0.83377  33794       0.16025 0.21813 0.24707   0.00038 0.29497   0.247 0.114 0.362 0.160 0.247 
0.83477  33591       0.15914 0.21696 0.24586   0.00038 0.29584   0.246 0.114 0.362 0.159 0.246 
0.83577  33388       0.15804 0.21578 0.24465   0.00038 0.29670   0.245 0.114 0.362 0.158 0.245 
0.83677  33185       0.15696 0.21461 0.24344   0.00038 0.29758   0.243 0.114 0.362 0.157 0.243 
0.83777  32982       0.15587 0.21344 0.24222   0.00038 0.29846   0.242 0.114 0.362 0.156 0.242 
0.83877  32779       0.15477 0.21224 0.24097   0.00039 0.29937   0.241 0.114 0.362 0.155 0.241 
0.83976  32576       0.15366 0.21105 0.23974   0.00039 0.30026   0.240 0.114 0.362 0.154 0.240 
0.84076  32373       0.15258 0.20986 0.23850   0.00039 0.30117   0.239 0.114 0.362 0.153 0.239 
0.84176  32170       0.15147 0.20866 0.23726   0.00039 0.30208   0.237 0.114 0.362 0.151 0.237 
0.84276  31967       0.15039 0.20747 0.23601   0.00039 0.30300   0.236 0.114 0.362 0.150 0.236 
0.84376  31764       0.14931 0.20627 0.23475   0.00039 0.30393   0.235 0.114 0.362 0.149 0.235 
0.84476  31561       0.14821 0.20506 0.23349   0.00039 0.30487   0.233 0.114 0.362 0.148 0.233 
0.84576  31358       0.14713 0.20385 0.23222   0.00039 0.30582   0.232 0.114 0.362 0.147 0.232 
0.84675  31155       0.14603 0.20264 0.23094   0.00039 0.30677   0.231 0.114 0.362 0.146 0.231 
0.84775  30952       0.14492 0.20142 0.22966   0.00039 0.30773   0.230 0.114 0.362 0.145 0.230 
0.84875  30749       0.14383 0.20019 0.22838   0.00039 0.30871   0.228 0.114 0.362 0.144 0.228 
0.84975  30546       0.14273 0.19896 0.22708   0.00039 0.30969   0.227 0.114 0.362 0.143 0.227 
0.85075  30343       0.14165 0.19773 0.22578   0.00039 0.31068   0.226 0.114 0.362 0.142 0.226 
0.85175  30140       0.14054 0.19649 0.22447   0.00039 0.31168   0.224 0.114 0.362 0.141 0.224 
0.85275  29937       0.13950 0.19526 0.22315   0.00040 0.31270   0.223 0.114 0.362 0.139 0.223 
0.85374  29734       0.13841 0.19402 0.22182   0.00040 0.31372   0.222 0.113 0.362 0.138 0.222 
0.85474  29531       0.13735 0.19278 0.22049   0.00040 0.31475   0.220 0.113 0.362 0.137 0.220 
0.85574  29328       0.13628 0.19153 0.21915   0.00040 0.31580   0.219 0.112 0.362 0.136 0.219 
0.85674  29125       0.13518 0.19027 0.21781   0.00040 0.31685   0.218 0.112 0.362 0.135 0.218 
0.85774  28922       0.13409 0.18900 0.21645   0.00040 0.31791   0.216 0.112 0.362 0.134 0.216 
0.85874  28719       0.13301 0.18774 0.21510   0.00040 0.31898   0.215 0.112 0.362 0.133 0.215 
0.85974  28516       0.13192 0.18646 0.21374   0.00040 0.32006   0.214 0.112 0.362 0.132 0.214 
0.86073  28313       0.13083 0.18518 0.21236   0.00040 0.32116   0.212 0.112 0.362 0.131 0.212 
0.86173  28110       0.12975 0.18391 0.21098   0.00040 0.32226   0.211 0.111 0.362 0.130 0.211 
0.86273  27907       0.12866 0.18262 0.20960   0.00040 0.32337   0.210 0.111 0.362 0.129 0.210 
0.86373  27704       0.12760 0.18134 0.20821   0.00040 0.32450   0.208 0.110 0.362 0.128 0.208 
0.86473  27501       0.12653 0.18008 0.20685   0.00041 0.32561   0.207 0.110 0.361 0.127 0.207 
0.86573  27298       0.12542 0.17878 0.20545   0.00041 0.32675   0.205 0.110 0.361 0.125 0.205 
0.86672  27095       0.12437 0.17748 0.20404   0.00041 0.32791   0.204 0.110 0.361 0.124 0.204 
0.86772  26892       0.12328 0.17618 0.20263   0.00041 0.32907   0.203 0.110 0.361 0.123 0.203 
0.86872  26689       0.12221 0.17487 0.20121   0.00041 0.33025   0.201 0.110 0.361 0.122 0.201 
0.86972  26486       0.12110 0.17356 0.19978   0.00041 0.33144   0.200 0.110 0.361 0.121 0.200 
0.87072  26283       0.12001 0.17224 0.19835   0.00041 0.33264   0.198 0.110 0.361 0.120 0.198 
0.87172  26080       0.11891 0.17091 0.19691   0.00041 0.33386   0.197 0.110 0.361 0.119 0.197 
0.87272  25877       0.11780 0.16958 0.19547   0.00041 0.33508   0.195 0.110 0.361 0.118 0.195 
0.87371  25674       0.11673 0.16825 0.19401   0.00041 0.33632   0.194 0.109 0.361 0.117 0.194 
0.87471  25471       0.11563 0.16691 0.19255   0.00042 0.33757   0.193 0.108 0.361 0.116 0.193 
0.87571  25268       0.11455 0.16558 0.19109   0.00042 0.33884   0.191 0.108 0.361 0.115 0.191 
0.87671  25065       0.11348 0.16423 0.18961   0.00042 0.34012   0.190 0.107 0.361 0.113 0.190 
0.87771  24862       0.11237 0.16288 0.18814   0.00042 0.34140   0.188 0.107 0.361 0.112 0.188 
0.87871  24659       0.11129 0.16154 0.18666   0.00042 0.34270   0.187 0.107 0.360 0.111 0.187 
0.87971  24456       0.11021 0.16018 0.18517   0.00042 0.34401   0.185 0.106 0.360 0.110 0.185 
0.88070  24253       0.10911 0.15883 0.18369   0.00042 0.34533   0.184 0.105 0.360 0.109 0.184 
0.88170  24050       0.10803 0.15747 0.18219   0.00042 0.34667   0.182 0.105 0.360 0.108 0.182 
0.88270  23847       0.10693 0.15610 0.18069   0.00042 0.34802   0.181 0.105 0.360 0.107 0.181 
0.88370  23644       0.10586 0.15474 0.17919   0.00042 0.34938   0.179 0.105 0.360 0.106 0.179 
0.88470  23441       0.10475 0.15337 0.17768   0.00043 0.35076   0.178 0.105 0.360 0.105 0.178 
0.88570  23238       0.10367 0.15200 0.17616   0.00043 0.35215   0.176 0.105 0.360 0.104 0.176 
0.88670  23035       0.10257 0.15061 0.17464   0.00043 0.35355   0.175 0.105 0.360 0.103 0.175 
0.88769  22832       0.10156 0.14925 0.17309   0.00043 0.35499   0.173 0.105 0.360 0.102 0.173 
0.88869  22629       0.10046 0.14786 0.17156   0.00043 0.35642   0.172 0.105 0.360 0.100 0.172 
0.88969  22426       0.09937 0.14647 0.17003   0.00043 0.35786   0.170 0.105 0.360 0.099 0.170 
0.89069  22223       0.09831 0.14509 0.16849   0.00043 0.35932   0.168 0.105 0.360 0.098 0.168 
0.89169  22020       0.09722 0.14370 0.16694   0.00043 0.36079   0.167 0.105 0.359 0.097 0.167 
0.89269  21817       0.09614 0.14231 0.16539   0.00043 0.36228   0.165 0.105 0.359 0.096 0.165 
0.89368  21614       0.09505 0.14091 0.16384   0.00044 0.36378   0.164 0.105 0.359 0.095 0.164 
0.89468  21411       0.09394 0.13951 0.16229   0.00044 0.36530   0.162 0.105 0.359 0.094 0.162 
0.89568  21208       0.09285 0.13810 0.16073   0.00044 0.36683   0.161 0.105 0.359 0.093 0.161 
0.89668  21005       0.09175 0.13669 0.15916   0.00044 0.36838   0.159 0.105 0.359 0.092 0.159 
0.89768  20802       0.09066 0.13528 0.15759   0.00044 0.36994   0.158 0.105 0.359 0.091 0.158 
0.89868  20599       0.08957 0.13387 0.15602   0.00044 0.37152   0.156 0.105 0.359 0.090 0.156 
0.89968  20396       0.08848 0.13245 0.15444   0.00044 0.37312   0.154 0.105 0.359 0.088 0.154 
0.90067  20193       0.08741 0.13103 0.15285   0.00045 0.37473   0.153 0.105 0.359 0.087 0.153 
0.90167  19990       0.08636 0.12962 0.15125   0.00045 0.37637   0.151 0.103 0.359 0.086 0.151 
0.90267  19787       0.08527 0.12820 0.14966   0.00045 0.37802   0.150 0.103 0.359 0.085 0.150 
0.90367  19584       0.08418 0.12677 0.14806   0.00045 0.37968   0.148 0.103 0.359 0.084 0.148 
0.90467  19381       0.08310 0.12535 0.14647   0.00045 0.38137   0.146 0.103 0.359 0.083 0.146 
0.90567  19178       0.08201 0.12391 0.14486   0.00045 0.38306   0.145 0.103 0.359 0.082 0.145 
0.90667  18975       0.08093 0.12241 0.14316   0.00045 0.38489   0.143 0.096 0.359 0.081 0.143 
0.90766  18772       0.08000 0.12091 0.14136   0.00045 0.38683   0.141 0.086 0.358 0.080 0.141 
0.90866  18569       0.07890 0.11947 0.13975   0.00046 0.38858   0.140 0.086 0.358 0.079 0.140 
0.90966  18366       0.07778 0.11802 0.13814   0.00046 0.39035   0.138 0.086 0.358 0.078 0.138 
0.91066  18163       0.07667 0.11657 0.13652   0.00046 0.39215   0.137 0.086 0.358 0.077 0.137 
0.91166  17960       0.07555 0.11511 0.13490   0.00046 0.39396   0.135 0.086 0.358 0.076 0.135 
0.91266  17757       0.07447 0.11367 0.13327   0.00046 0.39580   0.133 0.086 0.358 0.074 0.133 
0.91366  17554       0.07335 0.11221 0.13164   0.00046 0.39766   0.132 0.086 0.358 0.073 0.132 
0.91465  17351       0.07229 0.11076 0.13000   0.00047 0.39954   0.130 0.085 0.358 0.072 0.130 
0.91565  17148       0.07118 0.10930 0.12836   0.00047 0.40144   0.128 0.085 0.358 0.071 0.128 
0.91665  16945       0.07007 0.10783 0.12671   0.00047 0.40337   0.127 0.085 0.358 0.070 0.127 
0.91765  16742       0.06896 0.10636 0.12506   0.00047 0.40533   0.125 0.085 0.358 0.069 0.125 
0.91865  16539       0.06786 0.10489 0.12340   0.00047 0.40731   0.123 0.085 0.358 0.068 0.123 
0.91965  16336       0.06676 0.10341 0.12173   0.00047 0.40932   0.122 0.085 0.358 0.067 0.122 
0.92064  16133       0.06565 0.10194 0.12008   0.00048 0.41133   0.120 0.085 0.358 0.066 0.120 
0.92164  15930       0.06466 0.10060 0.11857   0.00048 0.41319   0.119 0.085 0.356 0.065 0.119 
0.92264  15727       0.06375 0.09942 0.11725   0.00048 0.41484   0.117 0.085 0.353 0.064 0.117 
0.92364  15524       0.06285 0.09823 0.11592   0.00048 0.41650   0.116 0.085 0.350 0.063 0.116 
0.92464  15321       0.06195 0.09708 0.11464   0.00048 0.41811   0.115 0.085 0.346 0.062 0.115 
0.92564  15118       0.06106 0.09592 0.11335   0.00048 0.41976   0.113 0.085 0.342 0.061 0.113 
0.92664  14915       0.06015 0.09473 0.11202   0.00048 0.42147   0.112 0.084 0.339 0.060 0.112 
0.92763  14712       0.05925 0.09355 0.11070   0.00048 0.42319   0.111 0.084 0.335 0.059 0.111 
0.92863  14509       0.05834 0.09237 0.10938   0.00049 0.42491   0.109 0.084 0.332 0.058 0.109 
0.92963  14306       0.05746 0.09118 0.10803   0.00049 0.42669   0.108 0.084 0.328 0.057 0.108 
0.93063  14103       0.05659 0.08999 0.10669   0.00049 0.42848   0.107 0.084 0.325 0.057 0.107 
0.93163  13900       0.05573 0.08880 0.10534   0.00049 0.43029   0.105 0.083 0.321 0.056 0.105 
0.93263  13697       0.05486 0.08764 0.10403   0.00049 0.43207   0.104 0.083 0.317 0.055 0.104 
0.93363  13494       0.05395 0.08646 0.10272   0.00049 0.43388   0.103 0.083 0.313 0.054 0.103 
0.93462  13291       0.05307 0.08529 0.10141   0.00049 0.43569   0.101 0.083 0.309 0.053 0.101 
0.93562  13088       0.05225 0.08412 0.10005   0.00050 0.43759   0.100 0.083 0.305 0.052 0.100 
0.93662  12885       0.05142 0.08291 0.09866   0.00050 0.43955   0.099 0.083 0.302 0.051 0.099 
0.93762  12682       0.05053 0.08168 0.09725   0.00050 0.44156   0.097 0.083 0.298 0.051 0.097 
0.93862  12479       0.04966 0.08047 0.09587   0.00050 0.44356   0.096 0.083 0.294 0.050 0.096 
0.93962  12276       0.04875 0.07921 0.09444   0.00050 0.44564   0.094 0.083 0.291 0.049 0.094 
0.94062  12073       0.04789 0.07798 0.09302   0.00050 0.44774   0.093 0.081 0.288 0.048 0.093 
0.94161  11870       0.04704 0.07676 0.09162   0.00051 0.44983   0.092 0.081 0.284 0.047 0.092 
0.94261  11667       0.04617 0.07552 0.09020   0.00051 0.45198   0.090 0.081 0.280 0.046 0.090 
0.94361  11464       0.04530 0.07430 0.08879   0.00051 0.45412   0.089 0.081 0.276 0.045 0.089 
0.94461  11261       0.04443 0.07304 0.08735   0.00051 0.45636   0.087 0.081 0.272 0.044 0.087 
0.94561  11058       0.04360 0.07180 0.08591   0.00051 0.45862   0.086 0.081 0.269 0.044 0.086 
0.94661  10855       0.04273 0.07055 0.08447   0.00052 0.46090   0.084 0.081 0.265 0.043 0.084 
0.94760  10652       0.04190 0.06931 0.08301   0.00052 0.46324   0.083 0.081 0.261 0.042 0.083 
0.94860  10449       0.04106 0.06806 0.08157   0.00052 0.46559   0.082 0.081 0.257 0.041 0.082 
0.94960  10246       0.04020 0.06680 0.08011   0.00052 0.46799   0.080 0.081 0.253 0.040 0.080 
0.95060  10043       0.03933 0.06553 0.07863   0.00052 0.47046   0.079 0.081 0.249 0.039 0.079 
0.95160  9840        0.03846 0.06424 0.07713   0.00053 0.47300   0.077 0.081 0.246 0.038 0.077 
0.95260  9637        0.03757 0.06294 0.07562   0.00053 0.47560   0.076 0.081 0.242 0.038 0.076 
0.95360  9434        0.03668 0.06163 0.07410   0.00053 0.47825   0.074 0.081 0.238 0.037 0.074 
0.95459  9231        0.03581 0.06031 0.07257   0.00053 0.48098   0.073 0.081 0.234 0.036 0.073 
0.95559  9028        0.03493 0.05901 0.07105   0.00053 0.48372   0.071 0.081 0.230 0.035 0.071 
0.95659  8825        0.03413 0.05774 0.06954   0.00054 0.48648   0.070 0.081 0.226 0.034 0.070 
0.95759  8622        0.03327 0.05645 0.06804   0.00054 0.48928   0.068 0.081 0.221 0.033 0.068 
0.95859  8419        0.03245 0.05517 0.06653   0.00054 0.49213   0.067 0.081 0.217 0.032 0.067 
0.95959  8216        0.03165 0.05389 0.06502   0.00054 0.49504   0.065 0.081 0.212 0.032 0.065 
0.96059  8013        0.03085 0.05261 0.06349   0.00055 0.49803   0.063 0.081 0.207 0.031 0.063 
0.96158  7810        0.03006 0.05133 0.06196   0.00055 0.50107   0.062 0.081 0.203 0.030 0.062 
0.96258  7607        0.02923 0.05002 0.06041   0.00055 0.50424   0.060 0.081 0.198 0.029 0.060 
0.96358  7404        0.02841 0.04871 0.05886   0.00055 0.50744   0.059 0.081 0.194 0.028 0.059 
0.96458  7201        0.02761 0.04740 0.05730   0.00056 0.51074   0.057 0.081 0.189 0.028 0.057 
0.96558  6998        0.02679 0.04608 0.05572   0.00056 0.51415   0.056 0.080 0.185 0.027 0.056 
0.96658  6795        0.02600 0.04476 0.05414   0.00056 0.51763   0.054 0.080 0.180 0.026 0.054 
0.96758  6592        0.02520 0.04344 0.05256   0.00056 0.52118   0.053 0.080 0.175 0.025 0.053 
0.96857  6389        0.02440 0.04212 0.05098   0.00057 0.52482   0.051 0.080 0.170 0.024 0.051 
0.96957  6186        0.02361 0.04080 0.04940   0.00057 0.52856   0.049 0.080 0.165 0.024 0.049 
0.97057  5983        0.02280 0.03946 0.04779   0.00057 0.53246   0.048 0.080 0.160 0.023 0.048 
0.97157  5780        0.02201 0.03813 0.04619   0.00058 0.53641   0.046 0.080 0.155 0.022 0.046 
0.97257  5577        0.02117 0.03676 0.04456   0.00058 0.54055   0.045 0.080 0.150 0.021 0.045 
0.97357  5374        0.02038 0.03543 0.04295   0.00058 0.54476   0.043 0.079 0.145 0.020 0.043 
0.97456  5171        0.01957 0.03408 0.04133   0.00059 0.54911   0.041 0.079 0.139 0.020 0.041 
0.97556  4968        0.01877 0.03271 0.03969   0.00059 0.55366   0.040 0.079 0.134 0.019 0.040 
0.97656  4765        0.01796 0.03134 0.03803   0.00060 0.55838   0.038 0.079 0.129 0.018 0.038 
0.97756  4562        0.01717 0.02997 0.03637   0.00060 0.56329   0.036 0.079 0.124 0.017 0.036 
0.97856  4359        0.01641 0.02859 0.03469   0.00060 0.56843   0.035 0.079 0.119 0.016 0.035 
0.97956  4156        0.01560 0.02720 0.03300   0.00061 0.57378   0.033 0.079 0.114 0.016 0.033 
0.98056  3953        0.01481 0.02580 0.03129   0.00061 0.57942   0.031 0.079 0.108 0.015 0.031 
0.98155  3750        0.01400 0.02437 0.02956   0.00062 0.58535   0.030 0.079 0.103 0.014 0.030 
0.98255  3547        0.01320 0.02296 0.02783   0.00062 0.59155   0.028 0.079 0.098 0.013 0.028 
0.98355  3344        0.01241 0.02160 0.02619   0.00063 0.59771   0.026 0.078 0.092 0.012 0.026 
0.98455  3141        0.01164 0.02041 0.02479   0.00063 0.60322   0.025 0.075 0.087 0.012 0.025 
0.98555  2938        0.01090 0.01920 0.02336   0.00064 0.60907   0.023 0.071 0.082 0.011 0.023 
0.98655  2735        0.01014 0.01801 0.02195   0.00064 0.61508   0.022 0.068 0.076 0.010 0.022 
0.98755  2532        0.00937 0.01682 0.02055   0.00065 0.62139   0.021 0.063 0.071 0.009 0.021 
0.98854  2329        0.00858 0.01561 0.01913   0.00066 0.62809   0.019 0.059 0.065 0.009 0.019 
0.98954  2126        0.00780 0.01438 0.01767   0.00066 0.63540   0.018 0.054 0.060 0.008 0.018 
0.99054  1923        0.00706 0.01312 0.01615   0.00067 0.64350   0.016 0.050 0.054 0.007 0.016 
0.99154  1720        0.00633 0.01186 0.01463   0.00068 0.65221   0.015 0.046 0.049 0.006 0.015 
0.99254  1517        0.00553 0.01054 0.01305   0.00069 0.66202   0.013 0.042 0.043 0.006 0.013 
0.99354  1314        0.00478 0.00922 0.01144   0.00070 0.67295   0.011 0.037 0.038 0.005 0.011 
0.99454  1111        0.00404 0.00789 0.00981   0.00071 0.68525   0.010 0.032 0.032 0.004 0.010 
0.99553  908         0.00331 0.00653 0.00814   0.00072 0.69967   0.008 0.027 0.026 0.003 0.008 
0.99653  705         0.00258 0.00513 0.00641   0.00074 0.71706   0.006 0.022 0.021 0.003 0.006 
0.99753  502         0.00183 0.00372 0.00466   0.00076 0.73867   0.005 0.016 0.015 0.002 0.005 
0.99853  299         0.00111 0.00227 0.00285   0.00078 0.76892   0.003 0.010 0.009 0.001 0.003 
0.99953  96          0.00036 0.00075 0.00094   0.00084 0.82469   0.001 0.003 0.003 0.000 0.001 
1.00000  0           0.00000 0.00000 0.00000   0.00100 1.00000   0.000 0.000 0.000 0.000 0.000 
