# Prop_landscape_lost  cost_needed_for_top_fraction  min_prop_rem  ave_prop_rem  W_prop_rem  ext-1  ext-2  prop_for_each_biodiversity_feature_(e.g._species)_remaining_at_level_of_removal...
0.00001  2.0202e+005  1.00000 1.00000 1.00000   -0.00000 -0.00000   1.000 
0.00101  2.0181e+005  1.00000 1.00000 1.00000   -0.00000 -0.00000   1.000 
0.00201  2.0161e+005  1.00000 1.00000 1.00000   -0.00000 -0.00000   1.000 
0.00301  2.0141e+005  1.00000 1.00000 1.00000   -0.00000 -0.00000   1.000 
0.00401  2.0121e+005  1.00000 1.00000 1.00000   0.00000 0.00000   1.000 
0.00501  2.0101e+005  1.00000 1.00000 1.00000   0.00000 0.00000   1.000 
0.00601  2.008e+005  0.99999 0.99999 0.99999   0.00000 0.00000   1.000 
0.00701  2.006e+005  0.99999 0.99999 0.99999   0.00000 0.00000   1.000 
0.00801  2.004e+005  0.99998 0.99998 0.99998   0.00000 0.00000   1.000 
0.00901  2.002e+005  0.99997 0.99997 0.99997   0.00000 0.00001   1.000 
0.01001  2e+005      0.99996 0.99996 0.99996   0.00000 0.00001   1.000 
0.01101  1.9979e+005  0.99994 0.99994 0.99994   0.00000 0.00001   1.000 
0.01201  1.9959e+005  0.99992 0.99992 0.99992   0.00000 0.00002   1.000 
0.01301  1.9939e+005  0.99990 0.99990 0.99990   0.00000 0.00002   1.000 
0.01401  1.9919e+005  0.99988 0.99988 0.99988   0.00000 0.00003   1.000 
0.01501  1.9899e+005  0.99985 0.99985 0.99985   0.00000 0.00004   1.000 
0.01601  1.9878e+005  0.99981 0.99981 0.99981   0.00000 0.00005   1.000 
0.01701  1.9858e+005  0.99978 0.99978 0.99978   0.00000 0.00006   1.000 
0.01801  1.9838e+005  0.99974 0.99974 0.99974   0.00000 0.00006   1.000 
0.01901  1.9818e+005  0.99970 0.99970 0.99970   0.00000 0.00008   1.000 
0.02001  1.9798e+005  0.99965 0.99965 0.99965   0.00000 0.00009   1.000 
0.02101  1.9777e+005  0.99961 0.99961 0.99961   0.00000 0.00010   1.000 
0.02201  1.9757e+005  0.99956 0.99956 0.99956   0.00000 0.00011   1.000 
0.02301  1.9737e+005  0.99950 0.99950 0.99950   0.00001 0.00012   1.000 
0.02401  1.9717e+005  0.99944 0.99944 0.99944   0.00001 0.00014   0.999 
0.02501  1.9697e+005  0.99939 0.99939 0.99939   0.00001 0.00015   0.999 
0.02601  1.9676e+005  0.99932 0.99932 0.99932   0.00001 0.00017   0.999 
0.02701  1.9656e+005  0.99926 0.99926 0.99926   0.00001 0.00019   0.999 
0.02801  1.9636e+005  0.99919 0.99919 0.99919   0.00001 0.00020   0.999 
0.02901  1.9616e+005  0.99912 0.99912 0.99912   0.00001 0.00022   0.999 
0.03001  1.9596e+005  0.99905 0.99905 0.99905   0.00001 0.00024   0.999 
0.03101  1.9575e+005  0.99898 0.99898 0.99898   0.00001 0.00026   0.999 
0.03201  1.9555e+005  0.99890 0.99890 0.99890   0.00001 0.00028   0.999 
0.03301  1.9535e+005  0.99882 0.99882 0.99882   0.00001 0.00030   0.999 
0.03401  1.9515e+005  0.99874 0.99874 0.99874   0.00001 0.00032   0.999 
0.03501  1.9495e+005  0.99865 0.99865 0.99865   0.00001 0.00034   0.999 
0.03601  1.9474e+005  0.99856 0.99856 0.99856   0.00001 0.00036   0.999 
0.03701  1.9454e+005  0.99847 0.99847 0.99847   0.00001 0.00038   0.998 
0.03801  1.9434e+005  0.99838 0.99838 0.99838   0.00001 0.00040   0.998 
0.03901  1.9414e+005  0.99830 0.99830 0.99830   0.00001 0.00042   0.998 
0.04001  1.9394e+005  0.99830 0.99830 0.99830   0.00001 0.00042   0.998 
0.04101  1.9373e+005  0.99830 0.99830 0.99830   0.00001 0.00043   0.998 
0.04201  1.9353e+005  0.99830 0.99830 0.99830   0.00001 0.00043   0.998 
0.04301  1.9333e+005  0.99830 0.99830 0.99830   0.00001 0.00043   0.998 
0.04401  1.9313e+005  0.99829 0.99829 0.99829   0.00001 0.00043   0.998 
0.04501  1.9293e+005  0.99829 0.99829 0.99829   0.00001 0.00043   0.998 
0.04601  1.9272e+005  0.99829 0.99829 0.99829   0.00001 0.00043   0.998 
0.04701  1.9252e+005  0.99828 0.99828 0.99828   0.00001 0.00043   0.998 
0.04801  1.9232e+005  0.99827 0.99827 0.99827   0.00001 0.00043   0.998 
0.04901  1.9212e+005  0.99826 0.99826 0.99826   0.00001 0.00044   0.998 
0.05001  1.9192e+005  0.99825 0.99825 0.99825   0.00001 0.00044   0.998 
0.05101  1.9171e+005  0.99824 0.99824 0.99824   0.00001 0.00044   0.998 
0.05201  1.9151e+005  0.99822 0.99822 0.99822   0.00001 0.00044   0.998 
0.05301  1.9131e+005  0.99821 0.99821 0.99821   0.00001 0.00045   0.998 
0.05401  1.9111e+005  0.99819 0.99819 0.99819   0.00001 0.00045   0.998 
0.05500  1.9091e+005  0.99817 0.99817 0.99817   0.00001 0.00046   0.998 
0.05600  1.907e+005  0.99815 0.99815 0.99815   0.00001 0.00046   0.998 
0.05700  1.905e+005  0.99813 0.99813 0.99813   0.00001 0.00047   0.998 
0.05800  1.903e+005  0.99811 0.99811 0.99811   0.00001 0.00047   0.998 
0.05900  1.901e+005  0.99808 0.99808 0.99808   0.00001 0.00048   0.998 
0.06000  1.899e+005  0.99805 0.99805 0.99805   0.00001 0.00049   0.998 
0.06100  1.8969e+005  0.99801 0.99801 0.99801   0.00001 0.00050   0.998 
0.06200  1.8949e+005  0.99798 0.99798 0.99798   0.00001 0.00051   0.998 
0.06300  1.8929e+005  0.99794 0.99794 0.99794   0.00001 0.00052   0.998 
0.06400  1.8909e+005  0.99790 0.99790 0.99790   0.00001 0.00053   0.998 
0.06500  1.8889e+005  0.99786 0.99786 0.99786   0.00001 0.00054   0.998 
0.06600  1.8868e+005  0.99781 0.99781 0.99781   0.00001 0.00055   0.998 
0.06700  1.8848e+005  0.99776 0.99776 0.99776   0.00001 0.00056   0.998 
0.06800  1.8828e+005  0.99771 0.99771 0.99771   0.00001 0.00057   0.998 
0.06900  1.8808e+005  0.99765 0.99765 0.99765   0.00001 0.00059   0.998 
0.07000  1.8788e+005  0.99759 0.99759 0.99759   0.00001 0.00060   0.998 
0.07100  1.8767e+005  0.99753 0.99753 0.99753   0.00001 0.00062   0.998 
0.07200  1.8747e+005  0.99745 0.99745 0.99745   0.00001 0.00064   0.997 
0.07300  1.8727e+005  0.99738 0.99738 0.99738   0.00001 0.00066   0.997 
0.07400  1.8707e+005  0.99730 0.99730 0.99730   0.00001 0.00068   0.997 
0.07500  1.8687e+005  0.99722 0.99722 0.99722   0.00001 0.00070   0.997 
0.07600  1.8666e+005  0.99713 0.99713 0.99713   0.00001 0.00072   0.997 
0.07700  1.8646e+005  0.99703 0.99703 0.99703   0.00001 0.00074   0.997 
0.07800  1.8626e+005  0.99693 0.99693 0.99693   0.00001 0.00077   0.997 
0.07900  1.8606e+005  0.99684 0.99684 0.99684   0.00001 0.00079   0.997 
0.08000  1.8586e+005  0.99674 0.99674 0.99674   0.00001 0.00082   0.997 
0.08100  1.8565e+005  0.99665 0.99665 0.99665   0.00001 0.00084   0.997 
0.08200  1.8545e+005  0.99656 0.99656 0.99656   0.00001 0.00086   0.997 
0.08300  1.8525e+005  0.99646 0.99646 0.99646   0.00001 0.00089   0.996 
0.08400  1.8505e+005  0.99635 0.99635 0.99635   0.00001 0.00091   0.996 
0.08500  1.8485e+005  0.99625 0.99625 0.99625   0.00001 0.00094   0.996 
0.08600  1.8464e+005  0.99614 0.99614 0.99614   0.00001 0.00097   0.996 
0.08700  1.8444e+005  0.99603 0.99603 0.99603   0.00001 0.00099   0.996 
0.08800  1.8424e+005  0.99592 0.99592 0.99592   0.00001 0.00102   0.996 
0.08900  1.8404e+005  0.99581 0.99581 0.99581   0.00001 0.00105   0.996 
0.09000  1.8384e+005  0.99570 0.99570 0.99570   0.00001 0.00108   0.996 
0.09100  1.8363e+005  0.99559 0.99559 0.99559   0.00001 0.00111   0.996 
0.09200  1.8343e+005  0.99547 0.99547 0.99547   0.00001 0.00113   0.995 
0.09300  1.8323e+005  0.99535 0.99535 0.99535   0.00001 0.00116   0.995 
0.09400  1.8303e+005  0.99524 0.99524 0.99524   0.00001 0.00119   0.995 
0.09500  1.8283e+005  0.99515 0.99515 0.99515   0.00001 0.00121   0.995 
0.09600  1.8262e+005  0.99503 0.99503 0.99503   0.00001 0.00124   0.995 
0.09700  1.8242e+005  0.99491 0.99491 0.99491   0.00001 0.00128   0.995 
0.09800  1.8222e+005  0.99479 0.99479 0.99479   0.00001 0.00131   0.995 
0.09900  1.8202e+005  0.99466 0.99466 0.99466   0.00001 0.00134   0.995 
0.10000  1.8182e+005  0.99453 0.99453 0.99453   0.00001 0.00137   0.995 
0.10100  1.8161e+005  0.99440 0.99440 0.99440   0.00001 0.00140   0.994 
0.10200  1.8141e+005  0.99427 0.99427 0.99427   0.00001 0.00144   0.994 
0.10300  1.8121e+005  0.99413 0.99413 0.99413   0.00001 0.00147   0.994 
0.10400  1.8101e+005  0.99400 0.99400 0.99400   0.00001 0.00150   0.994 
0.10500  1.8081e+005  0.99386 0.99386 0.99386   0.00001 0.00154   0.994 
0.10600  1.806e+005  0.99372 0.99372 0.99372   0.00001 0.00157   0.994 
0.10700  1.804e+005  0.99358 0.99358 0.99358   0.00001 0.00161   0.994 
0.10800  1.802e+005  0.99344 0.99344 0.99344   0.00002 0.00164   0.993 
0.10900  1.8e+005    0.99329 0.99329 0.99329   0.00002 0.00168   0.993 
0.11000  1.798e+005  0.99314 0.99314 0.99314   0.00002 0.00172   0.993 
0.11100  1.7959e+005  0.99299 0.99299 0.99299   0.00002 0.00176   0.993 
0.11200  1.7939e+005  0.99284 0.99284 0.99284   0.00002 0.00179   0.993 
0.11300  1.7919e+005  0.99268 0.99268 0.99268   0.00002 0.00183   0.993 
0.11400  1.7899e+005  0.99253 0.99253 0.99253   0.00002 0.00187   0.993 
0.11500  1.7879e+005  0.99237 0.99237 0.99237   0.00002 0.00191   0.992 
0.11600  1.7858e+005  0.99221 0.99221 0.99221   0.00002 0.00195   0.992 
0.11700  1.7838e+005  0.99204 0.99204 0.99204   0.00002 0.00200   0.992 
0.11800  1.7818e+005  0.99187 0.99187 0.99187   0.00002 0.00204   0.992 
0.11900  1.7798e+005  0.99171 0.99171 0.99171   0.00002 0.00208   0.992 
0.12000  1.7778e+005  0.99153 0.99153 0.99153   0.00002 0.00212   0.992 
0.12100  1.7757e+005  0.99136 0.99136 0.99136   0.00002 0.00217   0.991 
0.12200  1.7737e+005  0.99118 0.99118 0.99118   0.00002 0.00221   0.991 
0.12300  1.7717e+005  0.99101 0.99101 0.99101   0.00002 0.00226   0.991 
0.12400  1.7697e+005  0.99082 0.99082 0.99082   0.00002 0.00230   0.991 
0.12500  1.7677e+005  0.99064 0.99064 0.99064   0.00002 0.00235   0.991 
0.12600  1.7656e+005  0.99045 0.99045 0.99045   0.00002 0.00240   0.990 
0.12700  1.7636e+005  0.99026 0.99026 0.99026   0.00002 0.00244   0.990 
0.12800  1.7616e+005  0.99007 0.99007 0.99007   0.00002 0.00249   0.990 
0.12900  1.7596e+005  0.98988 0.98988 0.98988   0.00002 0.00254   0.990 
0.13000  1.7576e+005  0.98968 0.98968 0.98968   0.00002 0.00259   0.990 
0.13100  1.7555e+005  0.98949 0.98949 0.98949   0.00002 0.00264   0.989 
0.13200  1.7535e+005  0.98933 0.98933 0.98933   0.00002 0.00268   0.989 
0.13300  1.7515e+005  0.98913 0.98913 0.98913   0.00002 0.00273   0.989 
0.13400  1.7495e+005  0.98892 0.98892 0.98892   0.00002 0.00278   0.989 
0.13500  1.7475e+005  0.98872 0.98872 0.98872   0.00002 0.00283   0.989 
0.13600  1.7454e+005  0.98851 0.98851 0.98851   0.00002 0.00289   0.989 
0.13700  1.7434e+005  0.98830 0.98830 0.98830   0.00002 0.00294   0.988 
0.13800  1.7414e+005  0.98808 0.98808 0.98808   0.00002 0.00299   0.988 
0.13900  1.7394e+005  0.98787 0.98787 0.98787   0.00002 0.00305   0.988 
0.14000  1.7374e+005  0.98765 0.98765 0.98765   0.00002 0.00310   0.988 
0.14100  1.7353e+005  0.98743 0.98743 0.98743   0.00002 0.00316   0.987 
0.14200  1.7333e+005  0.98721 0.98721 0.98721   0.00002 0.00321   0.987 
0.14300  1.7313e+005  0.98698 0.98698 0.98698   0.00002 0.00327   0.987 
0.14400  1.7293e+005  0.98675 0.98675 0.98675   0.00002 0.00333   0.987 
0.14500  1.7273e+005  0.98652 0.98652 0.98652   0.00002 0.00339   0.987 
0.14600  1.7252e+005  0.98629 0.98629 0.98629   0.00002 0.00344   0.986 
0.14700  1.7232e+005  0.98606 0.98606 0.98606   0.00002 0.00350   0.986 
0.14800  1.7212e+005  0.98582 0.98582 0.98582   0.00002 0.00356   0.986 
0.14900  1.7192e+005  0.98558 0.98558 0.98558   0.00002 0.00362   0.986 
0.15000  1.7172e+005  0.98534 0.98534 0.98534   0.00002 0.00368   0.985 
0.15100  1.7151e+005  0.98510 0.98510 0.98510   0.00002 0.00375   0.985 
0.15200  1.7131e+005  0.98485 0.98485 0.98485   0.00002 0.00381   0.985 
0.15300  1.7111e+005  0.98461 0.98461 0.98461   0.00003 0.00387   0.985 
0.15400  1.7091e+005  0.98436 0.98436 0.98436   0.00003 0.00393   0.984 
0.15500  1.7071e+005  0.98411 0.98411 0.98411   0.00003 0.00400   0.984 
0.15600  1.705e+005  0.98385 0.98385 0.98385   0.00003 0.00406   0.984 
0.15700  1.703e+005  0.98359 0.98359 0.98359   0.00003 0.00413   0.984 
0.15800  1.701e+005  0.98334 0.98334 0.98334   0.00003 0.00419   0.983 
0.15900  1.699e+005  0.98308 0.98308 0.98308   0.00003 0.00426   0.983 
0.16000  1.697e+005  0.98281 0.98281 0.98281   0.00003 0.00432   0.983 
0.16100  1.6949e+005  0.98273 0.98273 0.98273   0.00003 0.00434   0.983 
0.16200  1.6929e+005  0.98265 0.98265 0.98265   0.00003 0.00437   0.983 
0.16300  1.6909e+005  0.98251 0.98251 0.98251   0.00003 0.00440   0.983 
0.16400  1.6889e+005  0.98232 0.98232 0.98232   0.00003 0.00445   0.982 
0.16500  1.6869e+005  0.98207 0.98207 0.98207   0.00003 0.00451   0.982 
0.16600  1.6848e+005  0.98181 0.98181 0.98181   0.00003 0.00458   0.982 
0.16700  1.6828e+005  0.98154 0.98154 0.98154   0.00003 0.00465   0.982 
0.16799  1.6808e+005  0.98127 0.98127 0.98127   0.00003 0.00472   0.981 
0.16899  1.6788e+005  0.98100 0.98100 0.98100   0.00003 0.00479   0.981 
0.16999  1.6768e+005  0.98072 0.98072 0.98072   0.00003 0.00485   0.981 
0.17099  1.6747e+005  0.98044 0.98044 0.98044   0.00003 0.00493   0.980 
0.17199  1.6727e+005  0.98017 0.98017 0.98017   0.00003 0.00500   0.980 
0.17299  1.6707e+005  0.97990 0.97990 0.97990   0.00003 0.00506   0.980 
0.17399  1.6687e+005  0.97962 0.97962 0.97962   0.00003 0.00513   0.980 
0.17499  1.6667e+005  0.97934 0.97934 0.97934   0.00003 0.00521   0.979 
0.17599  1.6646e+005  0.97908 0.97908 0.97908   0.00003 0.00527   0.979 
0.17699  1.6626e+005  0.97879 0.97879 0.97879   0.00003 0.00534   0.979 
0.17799  1.6606e+005  0.97851 0.97851 0.97851   0.00003 0.00542   0.979 
0.17899  1.6586e+005  0.97821 0.97821 0.97821   0.00003 0.00549   0.978 
0.17999  1.6566e+005  0.97792 0.97792 0.97792   0.00003 0.00557   0.978 
0.18099  1.6545e+005  0.97762 0.97762 0.97762   0.00003 0.00564   0.978 
0.18199  1.6525e+005  0.97733 0.97733 0.97733   0.00003 0.00572   0.977 
0.18299  1.6505e+005  0.97703 0.97703 0.97703   0.00003 0.00579   0.977 
0.18399  1.6485e+005  0.97673 0.97673 0.97673   0.00003 0.00587   0.977 
0.18499  1.6465e+005  0.97642 0.97642 0.97642   0.00003 0.00595   0.976 
0.18599  1.6444e+005  0.97612 0.97612 0.97612   0.00003 0.00603   0.976 
0.18699  1.6424e+005  0.97582 0.97582 0.97582   0.00003 0.00610   0.976 
0.18799  1.6404e+005  0.97551 0.97551 0.97551   0.00003 0.00618   0.976 
0.18899  1.6384e+005  0.97520 0.97520 0.97520   0.00003 0.00626   0.975 
0.18999  1.6364e+005  0.97489 0.97489 0.97489   0.00003 0.00634   0.975 
0.19099  1.6343e+005  0.97457 0.97457 0.97457   0.00003 0.00642   0.975 
0.19199  1.6323e+005  0.97426 0.97426 0.97426   0.00003 0.00650   0.974 
0.19299  1.6303e+005  0.97394 0.97394 0.97394   0.00003 0.00658   0.974 
0.19399  1.6283e+005  0.97361 0.97361 0.97361   0.00003 0.00666   0.974 
0.19499  1.6263e+005  0.97329 0.97329 0.97329   0.00003 0.00675   0.973 
0.19599  1.6242e+005  0.97297 0.97297 0.97297   0.00003 0.00683   0.973 
0.19699  1.6222e+005  0.97264 0.97264 0.97264   0.00003 0.00691   0.973 
0.19799  1.6202e+005  0.97231 0.97231 0.97231   0.00004 0.00700   0.972 
0.19899  1.6182e+005  0.97198 0.97198 0.97198   0.00004 0.00708   0.972 
0.19999  1.6162e+005  0.97164 0.97164 0.97164   0.00004 0.00717   0.972 
0.20099  1.6141e+005  0.97131 0.97131 0.97131   0.00004 0.00725   0.971 
0.20199  1.6121e+005  0.97097 0.97097 0.97097   0.00004 0.00734   0.971 
0.20299  1.6101e+005  0.97065 0.97065 0.97065   0.00004 0.00742   0.971 
0.20399  1.6081e+005  0.97034 0.97034 0.97034   0.00004 0.00750   0.970 
0.20499  1.6061e+005  0.96999 0.96999 0.96999   0.00004 0.00759   0.970 
0.20599  1.604e+005  0.96965 0.96965 0.96965   0.00004 0.00767   0.970 
0.20699  1.602e+005  0.96931 0.96931 0.96931   0.00004 0.00776   0.969 
0.20799  1.6e+005    0.96896 0.96896 0.96896   0.00004 0.00785   0.969 
0.20899  1.598e+005  0.96861 0.96861 0.96861   0.00004 0.00794   0.969 
0.20999  1.596e+005  0.96825 0.96825 0.96825   0.00004 0.00803   0.968 
0.21099  1.5939e+005  0.96790 0.96790 0.96790   0.00004 0.00812   0.968 
0.21199  1.5919e+005  0.96754 0.96754 0.96754   0.00004 0.00822   0.968 
0.21299  1.5899e+005  0.96718 0.96718 0.96718   0.00004 0.00831   0.967 
0.21399  1.5879e+005  0.96682 0.96682 0.96682   0.00004 0.00840   0.967 
0.21499  1.5859e+005  0.96646 0.96646 0.96646   0.00004 0.00849   0.966 
0.21599  1.5838e+005  0.96609 0.96609 0.96609   0.00004 0.00859   0.966 
0.21699  1.5818e+005  0.96572 0.96572 0.96572   0.00004 0.00868   0.966 
0.21799  1.5798e+005  0.96536 0.96536 0.96536   0.00004 0.00878   0.965 
0.21899  1.5778e+005  0.96498 0.96498 0.96498   0.00004 0.00887   0.965 
0.21999  1.5758e+005  0.96461 0.96461 0.96461   0.00004 0.00897   0.965 
0.22099  1.5737e+005  0.96423 0.96423 0.96423   0.00004 0.00906   0.964 
0.22199  1.5717e+005  0.96386 0.96386 0.96386   0.00004 0.00916   0.964 
0.22299  1.5697e+005  0.96348 0.96348 0.96348   0.00004 0.00926   0.963 
0.22399  1.5677e+005  0.96310 0.96310 0.96310   0.00004 0.00936   0.963 
0.22499  1.5657e+005  0.96271 0.96271 0.96271   0.00004 0.00945   0.963 
0.22599  1.5636e+005  0.96233 0.96233 0.96233   0.00004 0.00955   0.962 
0.22699  1.5616e+005  0.96194 0.96194 0.96194   0.00004 0.00965   0.962 
0.22799  1.5596e+005  0.96155 0.96155 0.96155   0.00004 0.00975   0.962 
0.22899  1.5576e+005  0.96116 0.96116 0.96116   0.00004 0.00985   0.961 
0.22999  1.5556e+005  0.96077 0.96077 0.96077   0.00004 0.00996   0.961 
0.23099  1.5535e+005  0.96037 0.96037 0.96037   0.00004 0.01006   0.960 
0.23199  1.5515e+005  0.95997 0.95997 0.95997   0.00004 0.01016   0.960 
0.23299  1.5495e+005  0.95957 0.95957 0.95957   0.00004 0.01026   0.960 
0.23399  1.5475e+005  0.95917 0.95917 0.95917   0.00004 0.01037   0.959 
0.23499  1.5455e+005  0.95877 0.95877 0.95877   0.00004 0.01047   0.959 
0.23599  1.5434e+005  0.95836 0.95836 0.95836   0.00004 0.01058   0.958 
0.23699  1.5414e+005  0.95796 0.95796 0.95796   0.00004 0.01068   0.958 
0.23799  1.5394e+005  0.95755 0.95755 0.95755   0.00005 0.01079   0.958 
0.23899  1.5374e+005  0.95714 0.95714 0.95714   0.00005 0.01089   0.957 
0.23999  1.5354e+005  0.95672 0.95672 0.95672   0.00005 0.01100   0.957 
0.24099  1.5333e+005  0.95631 0.95631 0.95631   0.00005 0.01111   0.956 
0.24199  1.5313e+005  0.95589 0.95589 0.95589   0.00005 0.01121   0.956 
0.24299  1.5293e+005  0.95547 0.95547 0.95547   0.00005 0.01132   0.955 
0.24399  1.5273e+005  0.95505 0.95505 0.95505   0.00005 0.01143   0.955 
0.24499  1.5253e+005  0.95463 0.95463 0.95463   0.00005 0.01154   0.955 
0.24599  1.5232e+005  0.95420 0.95420 0.95420   0.00005 0.01165   0.954 
0.24699  1.5212e+005  0.95377 0.95377 0.95377   0.00005 0.01176   0.954 
0.24799  1.5192e+005  0.95334 0.95334 0.95334   0.00005 0.01187   0.953 
0.24899  1.5172e+005  0.95291 0.95291 0.95291   0.00005 0.01199   0.953 
0.24999  1.5152e+005  0.95248 0.95248 0.95248   0.00005 0.01210   0.952 
0.25099  1.5131e+005  0.95204 0.95204 0.95204   0.00005 0.01221   0.952 
0.25199  1.5111e+005  0.95160 0.95160 0.95160   0.00005 0.01233   0.952 
0.25299  1.5091e+005  0.95116 0.95116 0.95116   0.00005 0.01244   0.951 
0.25399  1.5071e+005  0.95072 0.95072 0.95072   0.00005 0.01255   0.951 
0.25499  1.5051e+005  0.95027 0.95027 0.95027   0.00005 0.01267   0.950 
0.25599  1.503e+005  0.94983 0.94983 0.94983   0.00005 0.01279   0.950 
0.25699  1.501e+005  0.94938 0.94938 0.94938   0.00005 0.01290   0.949 
0.25799  1.499e+005  0.94893 0.94893 0.94893   0.00005 0.01302   0.949 
0.25899  1.497e+005  0.94848 0.94848 0.94848   0.00005 0.01314   0.948 
0.25999  1.495e+005  0.94802 0.94802 0.94802   0.00005 0.01326   0.948 
0.26099  1.4929e+005  0.94756 0.94756 0.94756   0.00005 0.01337   0.948 
0.26199  1.4909e+005  0.94711 0.94711 0.94711   0.00005 0.01349   0.947 
0.26299  1.4889e+005  0.94664 0.94664 0.94664   0.00005 0.01361   0.947 
0.26399  1.4869e+005  0.94618 0.94618 0.94618   0.00005 0.01373   0.946 
0.26499  1.4849e+005  0.94572 0.94572 0.94572   0.00005 0.01386   0.946 
0.26599  1.4828e+005  0.94525 0.94525 0.94525   0.00005 0.01398   0.945 
0.26699  1.4808e+005  0.94480 0.94480 0.94480   0.00005 0.01410   0.945 
0.26799  1.4788e+005  0.94445 0.94445 0.94445   0.00005 0.01419   0.944 
0.26899  1.4768e+005  0.94398 0.94398 0.94398   0.00005 0.01431   0.944 
0.26999  1.4748e+005  0.94350 0.94350 0.94350   0.00005 0.01443   0.944 
0.27099  1.4727e+005  0.94303 0.94303 0.94303   0.00005 0.01456   0.943 
0.27199  1.4707e+005  0.94255 0.94255 0.94255   0.00005 0.01468   0.943 
0.27299  1.4687e+005  0.94207 0.94207 0.94207   0.00005 0.01481   0.942 
0.27399  1.4667e+005  0.94159 0.94159 0.94159   0.00005 0.01493   0.942 
0.27499  1.4647e+005  0.94111 0.94111 0.94111   0.00005 0.01506   0.941 
0.27599  1.4626e+005  0.94062 0.94062 0.94062   0.00005 0.01519   0.941 
0.27699  1.4606e+005  0.94013 0.94013 0.94013   0.00006 0.01531   0.940 
0.27799  1.4586e+005  0.93964 0.93964 0.93964   0.00006 0.01544   0.940 
0.27899  1.4566e+005  0.93915 0.93915 0.93915   0.00006 0.01557   0.939 
0.27998  1.4546e+005  0.93866 0.93866 0.93866   0.00006 0.01570   0.939 
0.28098  1.4525e+005  0.93816 0.93816 0.93816   0.00006 0.01583   0.938 
0.28198  1.4505e+005  0.93767 0.93767 0.93767   0.00006 0.01596   0.938 
0.28298  1.4485e+005  0.93717 0.93717 0.93717   0.00006 0.01609   0.937 
0.28398  1.4465e+005  0.93666 0.93666 0.93666   0.00006 0.01622   0.937 
0.28498  1.4445e+005  0.93616 0.93616 0.93616   0.00006 0.01636   0.936 
0.28598  1.4424e+005  0.93565 0.93565 0.93565   0.00006 0.01649   0.936 
0.28698  1.4404e+005  0.93515 0.93515 0.93515   0.00006 0.01662   0.935 
0.28798  1.4384e+005  0.93464 0.93464 0.93464   0.00006 0.01676   0.935 
0.28898  1.4364e+005  0.93413 0.93413 0.93413   0.00006 0.01689   0.934 
0.28998  1.4344e+005  0.93361 0.93361 0.93361   0.00006 0.01703   0.934 
0.29098  1.4323e+005  0.93310 0.93310 0.93310   0.00006 0.01716   0.933 
0.29198  1.4303e+005  0.93258 0.93258 0.93258   0.00006 0.01730   0.933 
0.29298  1.4283e+005  0.93208 0.93208 0.93208   0.00006 0.01743   0.932 
0.29398  1.4263e+005  0.93156 0.93156 0.93156   0.00006 0.01757   0.932 
0.29498  1.4243e+005  0.93104 0.93104 0.93104   0.00006 0.01771   0.931 
0.29598  1.4222e+005  0.93051 0.93051 0.93051   0.00006 0.01784   0.931 
0.29698  1.4202e+005  0.92998 0.92998 0.92998   0.00006 0.01798   0.930 
0.29798  1.4182e+005  0.92945 0.92945 0.92945   0.00006 0.01812   0.929 
0.29898  1.4162e+005  0.92892 0.92892 0.92892   0.00006 0.01826   0.929 
0.29998  1.4142e+005  0.92839 0.92839 0.92839   0.00006 0.01840   0.928 
0.30098  1.4121e+005  0.92785 0.92785 0.92785   0.00006 0.01855   0.928 
0.30198  1.4101e+005  0.92731 0.92731 0.92731   0.00006 0.01869   0.927 
0.30298  1.4081e+005  0.92677 0.92677 0.92677   0.00006 0.01883   0.927 
0.30398  1.4061e+005  0.92623 0.92623 0.92623   0.00006 0.01898   0.926 
0.30498  1.4041e+005  0.92568 0.92568 0.92568   0.00006 0.01912   0.926 
0.30598  1.402e+005  0.92513 0.92513 0.92513   0.00006 0.01927   0.925 
0.30698  1.4e+005    0.92458 0.92458 0.92458   0.00006 0.01941   0.925 
0.30798  1.398e+005  0.92403 0.92403 0.92403   0.00006 0.01956   0.924 
0.30898  1.396e+005  0.92348 0.92348 0.92348   0.00006 0.01971   0.923 
0.30998  1.394e+005  0.92292 0.92292 0.92292   0.00006 0.01985   0.923 
0.31098  1.3919e+005  0.92236 0.92236 0.92236   0.00006 0.02000   0.922 
0.31198  1.3899e+005  0.92180 0.92180 0.92180   0.00006 0.02015   0.922 
0.31298  1.3879e+005  0.92124 0.92124 0.92124   0.00006 0.02030   0.921 
0.31398  1.3859e+005  0.92067 0.92067 0.92067   0.00006 0.02045   0.921 
0.31498  1.3839e+005  0.92010 0.92010 0.92010   0.00007 0.02060   0.920 
0.31598  1.3818e+005  0.91953 0.91953 0.91953   0.00007 0.02075   0.920 
0.31698  1.3798e+005  0.91896 0.91896 0.91896   0.00007 0.02091   0.919 
0.31798  1.3778e+005  0.91843 0.91843 0.91843   0.00007 0.02105   0.918 
0.31898  1.3758e+005  0.91794 0.91794 0.91794   0.00007 0.02118   0.918 
0.31998  1.3738e+005  0.91743 0.91743 0.91743   0.00007 0.02131   0.917 
0.32098  1.3717e+005  0.91686 0.91686 0.91686   0.00007 0.02147   0.917 
0.32198  1.3697e+005  0.91628 0.91628 0.91628   0.00007 0.02162   0.916 
0.32298  1.3677e+005  0.91570 0.91570 0.91570   0.00007 0.02178   0.916 
0.32398  1.3657e+005  0.91511 0.91511 0.91511   0.00007 0.02193   0.915 
0.32498  1.3637e+005  0.91453 0.91453 0.91453   0.00007 0.02209   0.915 
0.32598  1.3616e+005  0.91394 0.91394 0.91394   0.00007 0.02225   0.914 
0.32698  1.3596e+005  0.91335 0.91335 0.91335   0.00007 0.02240   0.913 
0.32798  1.3576e+005  0.91276 0.91276 0.91276   0.00007 0.02256   0.913 
0.32898  1.3556e+005  0.91216 0.91216 0.91216   0.00007 0.02272   0.912 
0.32998  1.3536e+005  0.91157 0.91157 0.91157   0.00007 0.02288   0.912 
0.33098  1.3515e+005  0.91097 0.91097 0.91097   0.00007 0.02304   0.911 
0.33198  1.3495e+005  0.91037 0.91037 0.91037   0.00007 0.02320   0.910 
0.33298  1.3475e+005  0.90976 0.90976 0.90976   0.00007 0.02337   0.910 
0.33398  1.3455e+005  0.90916 0.90916 0.90916   0.00007 0.02353   0.909 
0.33498  1.3435e+005  0.90855 0.90855 0.90855   0.00007 0.02369   0.909 
0.33598  1.3414e+005  0.90794 0.90794 0.90794   0.00007 0.02385   0.908 
0.33698  1.3394e+005  0.90733 0.90733 0.90733   0.00007 0.02402   0.907 
0.33798  1.3374e+005  0.90672 0.90672 0.90672   0.00007 0.02418   0.907 
0.33898  1.3354e+005  0.90610 0.90610 0.90610   0.00007 0.02435   0.906 
0.33998  1.3334e+005  0.90549 0.90549 0.90549   0.00007 0.02452   0.905 
0.34098  1.3313e+005  0.90486 0.90486 0.90486   0.00007 0.02468   0.905 
0.34198  1.3293e+005  0.90424 0.90424 0.90424   0.00007 0.02485   0.904 
0.34298  1.3273e+005  0.90362 0.90362 0.90362   0.00007 0.02502   0.904 
0.34398  1.3253e+005  0.90299 0.90299 0.90299   0.00007 0.02519   0.903 
0.34498  1.3233e+005  0.90236 0.90236 0.90236   0.00007 0.02536   0.902 
0.34598  1.3212e+005  0.90174 0.90174 0.90174   0.00007 0.02553   0.902 
0.34698  1.3192e+005  0.90110 0.90110 0.90110   0.00007 0.02570   0.901 
0.34798  1.3172e+005  0.90047 0.90047 0.90047   0.00007 0.02587   0.900 
0.34898  1.3152e+005  0.89983 0.89983 0.89983   0.00007 0.02604   0.900 
0.34998  1.3132e+005  0.89919 0.89919 0.89919   0.00007 0.02621   0.899 
0.35098  1.3111e+005  0.89855 0.89855 0.89855   0.00007 0.02639   0.899 
0.35198  1.3091e+005  0.89791 0.89791 0.89791   0.00008 0.02656   0.898 
0.35298  1.3071e+005  0.89726 0.89726 0.89726   0.00008 0.02674   0.897 
0.35398  1.3051e+005  0.89661 0.89661 0.89661   0.00008 0.02691   0.897 
0.35498  1.3031e+005  0.89596 0.89596 0.89596   0.00008 0.02709   0.896 
0.35598  1.301e+005  0.89531 0.89531 0.89531   0.00008 0.02727   0.895 
0.35698  1.299e+005  0.89466 0.89466 0.89466   0.00008 0.02745   0.895 
0.35798  1.297e+005  0.89400 0.89400 0.89400   0.00008 0.02762   0.894 
0.35898  1.295e+005  0.89334 0.89334 0.89334   0.00008 0.02780   0.893 
0.35998  1.293e+005  0.89268 0.89268 0.89268   0.00008 0.02798   0.893 
0.36098  1.2909e+005  0.89201 0.89201 0.89201   0.00008 0.02816   0.892 
0.36198  1.2889e+005  0.89135 0.89135 0.89135   0.00008 0.02835   0.891 
0.36298  1.2869e+005  0.89068 0.89068 0.89068   0.00008 0.02853   0.891 
0.36398  1.2849e+005  0.89001 0.89001 0.89001   0.00008 0.02871   0.890 
0.36498  1.2829e+005  0.88934 0.88934 0.88934   0.00008 0.02889   0.889 
0.36598  1.2808e+005  0.88866 0.88866 0.88866   0.00008 0.02908   0.889 
0.36698  1.2788e+005  0.88801 0.88801 0.88801   0.00008 0.02926   0.888 
0.36798  1.2768e+005  0.88733 0.88733 0.88733   0.00008 0.02944   0.887 
0.36898  1.2748e+005  0.88664 0.88664 0.88664   0.00008 0.02963   0.887 
0.36998  1.2728e+005  0.88596 0.88596 0.88596   0.00008 0.02982   0.886 
0.37098  1.2707e+005  0.88527 0.88527 0.88527   0.00008 0.03001   0.885 
0.37198  1.2687e+005  0.88458 0.88458 0.88458   0.00008 0.03019   0.885 
0.37298  1.2667e+005  0.88389 0.88389 0.88389   0.00008 0.03038   0.884 
0.37398  1.2647e+005  0.88320 0.88320 0.88320   0.00008 0.03057   0.883 
0.37498  1.2627e+005  0.88250 0.88250 0.88250   0.00008 0.03077   0.883 
0.37598  1.2606e+005  0.88180 0.88180 0.88180   0.00008 0.03096   0.882 
0.37698  1.2586e+005  0.88110 0.88110 0.88110   0.00008 0.03115   0.881 
0.37798  1.2566e+005  0.88040 0.88040 0.88040   0.00008 0.03134   0.880 
0.37898  1.2546e+005  0.87969 0.87969 0.87969   0.00008 0.03154   0.880 
0.37998  1.2526e+005  0.87899 0.87899 0.87899   0.00008 0.03173   0.879 
0.38098  1.2505e+005  0.87828 0.87828 0.87828   0.00008 0.03193   0.878 
0.38198  1.2485e+005  0.87756 0.87756 0.87756   0.00008 0.03212   0.878 
0.38298  1.2465e+005  0.87685 0.87685 0.87685   0.00008 0.03232   0.877 
0.38398  1.2445e+005  0.87613 0.87613 0.87613   0.00008 0.03252   0.876 
0.38498  1.2425e+005  0.87541 0.87541 0.87541   0.00008 0.03272   0.875 
0.38598  1.2404e+005  0.87469 0.87469 0.87469   0.00009 0.03292   0.875 
0.38698  1.2384e+005  0.87396 0.87396 0.87396   0.00009 0.03312   0.874 
0.38798  1.2364e+005  0.87323 0.87323 0.87323   0.00009 0.03332   0.873 
0.38898  1.2344e+005  0.87250 0.87250 0.87250   0.00009 0.03352   0.873 
0.38998  1.2324e+005  0.87177 0.87177 0.87177   0.00009 0.03372   0.872 
0.39098  1.2303e+005  0.87104 0.87104 0.87104   0.00009 0.03393   0.871 
0.39197  1.2283e+005  0.87030 0.87030 0.87030   0.00009 0.03413   0.870 
0.39297  1.2263e+005  0.86957 0.86957 0.86957   0.00009 0.03434   0.870 
0.39397  1.2243e+005  0.86882 0.86882 0.86882   0.00009 0.03454   0.869 
0.39497  1.2223e+005  0.86808 0.86808 0.86808   0.00009 0.03475   0.868 
0.39597  1.2202e+005  0.86733 0.86733 0.86733   0.00009 0.03496   0.867 
0.39697  1.2182e+005  0.86658 0.86658 0.86658   0.00009 0.03517   0.867 
0.39797  1.2162e+005  0.86583 0.86583 0.86583   0.00009 0.03538   0.866 
0.39897  1.2142e+005  0.86508 0.86508 0.86508   0.00009 0.03559   0.865 
0.39997  1.2122e+005  0.86432 0.86432 0.86432   0.00009 0.03580   0.864 
0.40097  1.2101e+005  0.86356 0.86356 0.86356   0.00009 0.03601   0.864 
0.40197  1.2081e+005  0.86280 0.86280 0.86280   0.00009 0.03622   0.863 
0.40297  1.2061e+005  0.86203 0.86203 0.86203   0.00009 0.03644   0.862 
0.40397  1.2041e+005  0.86127 0.86127 0.86127   0.00009 0.03665   0.861 
0.40497  1.2021e+005  0.86050 0.86050 0.86050   0.00009 0.03686   0.861 
0.40597  1.2e+005    0.85973 0.85973 0.85973   0.00009 0.03708   0.860 
0.40697  1.198e+005  0.85896 0.85896 0.85896   0.00009 0.03730   0.859 
0.40797  1.196e+005  0.85818 0.85818 0.85818   0.00009 0.03751   0.858 
0.40897  1.194e+005  0.85740 0.85740 0.85740   0.00009 0.03773   0.857 
0.40997  1.192e+005  0.85662 0.85662 0.85662   0.00009 0.03795   0.857 
0.41097  1.1899e+005  0.85585 0.85585 0.85585   0.00009 0.03817   0.856 
0.41197  1.1879e+005  0.85508 0.85508 0.85508   0.00009 0.03838   0.855 
0.41297  1.1859e+005  0.85430 0.85430 0.85430   0.00009 0.03860   0.854 
0.41397  1.1839e+005  0.85352 0.85352 0.85352   0.00009 0.03882   0.854 
0.41497  1.1819e+005  0.85278 0.85278 0.85278   0.00009 0.03903   0.853 
0.41597  1.1798e+005  0.85200 0.85200 0.85200   0.00009 0.03925   0.852 
0.41697  1.1778e+005  0.85121 0.85121 0.85121   0.00009 0.03947   0.851 
0.41797  1.1758e+005  0.85042 0.85042 0.85042   0.00009 0.03970   0.850 
0.41897  1.1738e+005  0.84962 0.84962 0.84962   0.00010 0.03992   0.850 
0.41997  1.1718e+005  0.84883 0.84883 0.84883   0.00010 0.04015   0.849 
0.42097  1.1697e+005  0.84803 0.84803 0.84803   0.00010 0.04037   0.848 
0.42197  1.1677e+005  0.84723 0.84723 0.84723   0.00010 0.04060   0.847 
0.42297  1.1657e+005  0.84643 0.84643 0.84643   0.00010 0.04083   0.846 
0.42397  1.1637e+005  0.84562 0.84562 0.84562   0.00010 0.04105   0.846 
0.42497  1.1617e+005  0.84481 0.84481 0.84481   0.00010 0.04128   0.845 
0.42597  1.1596e+005  0.84401 0.84401 0.84401   0.00010 0.04151   0.844 
0.42697  1.1576e+005  0.84320 0.84320 0.84320   0.00010 0.04174   0.843 
0.42797  1.1556e+005  0.84238 0.84238 0.84238   0.00010 0.04197   0.842 
0.42897  1.1536e+005  0.84165 0.84165 0.84165   0.00010 0.04218   0.842 
0.42997  1.1516e+005  0.84084 0.84084 0.84084   0.00010 0.04241   0.841 
0.43097  1.1495e+005  0.84002 0.84002 0.84002   0.00010 0.04265   0.840 
0.43197  1.1475e+005  0.83920 0.83920 0.83920   0.00010 0.04288   0.839 
0.43297  1.1455e+005  0.83838 0.83838 0.83838   0.00010 0.04311   0.838 
0.43397  1.1435e+005  0.83756 0.83756 0.83756   0.00010 0.04335   0.838 
0.43497  1.1415e+005  0.83673 0.83673 0.83673   0.00010 0.04358   0.837 
0.43597  1.1394e+005  0.83591 0.83591 0.83591   0.00010 0.04382   0.836 
0.43697  1.1374e+005  0.83508 0.83508 0.83508   0.00010 0.04406   0.835 
0.43797  1.1354e+005  0.83426 0.83426 0.83426   0.00010 0.04429   0.834 
0.43897  1.1334e+005  0.83343 0.83343 0.83343   0.00010 0.04453   0.833 
0.43997  1.1314e+005  0.83259 0.83259 0.83259   0.00010 0.04477   0.833 
0.44097  1.1293e+005  0.83176 0.83176 0.83176   0.00010 0.04501   0.832 
0.44197  1.1273e+005  0.83092 0.83092 0.83092   0.00010 0.04525   0.831 
0.44297  1.1253e+005  0.83009 0.83009 0.83009   0.00010 0.04549   0.830 
0.44397  1.1233e+005  0.82924 0.82924 0.82924   0.00010 0.04573   0.829 
0.44497  1.1213e+005  0.82840 0.82840 0.82840   0.00010 0.04597   0.828 
0.44597  1.1192e+005  0.82755 0.82755 0.82755   0.00010 0.04622   0.828 
0.44697  1.1172e+005  0.82670 0.82670 0.82670   0.00010 0.04646   0.827 
0.44797  1.1152e+005  0.82585 0.82585 0.82585   0.00010 0.04671   0.826 
0.44897  1.1132e+005  0.82500 0.82500 0.82500   0.00010 0.04695   0.825 
0.44997  1.1112e+005  0.82415 0.82415 0.82415   0.00010 0.04720   0.824 
0.45097  1.1091e+005  0.82329 0.82329 0.82329   0.00010 0.04745   0.823 
0.45197  1.1071e+005  0.82250 0.82250 0.82250   0.00011 0.04768   0.823 
0.45297  1.1051e+005  0.82173 0.82173 0.82173   0.00011 0.04790   0.822 
0.45397  1.1031e+005  0.82090 0.82090 0.82090   0.00011 0.04814   0.821 
0.45497  1.1011e+005  0.82020 0.82020 0.82020   0.00011 0.04834   0.820 
0.45597  1.099e+005  0.81947 0.81947 0.81947   0.00011 0.04856   0.819 
0.45697  1.097e+005  0.81862 0.81862 0.81862   0.00011 0.04880   0.819 
0.45797  1.095e+005  0.81776 0.81776 0.81776   0.00011 0.04905   0.818 
0.45897  1.093e+005  0.81690 0.81690 0.81690   0.00011 0.04930   0.817 
0.45997  1.091e+005  0.81603 0.81603 0.81603   0.00011 0.04955   0.816 
0.46097  1.0889e+005  0.81517 0.81517 0.81517   0.00011 0.04981   0.815 
0.46197  1.0869e+005  0.81430 0.81430 0.81430   0.00011 0.05006   0.814 
0.46297  1.0849e+005  0.81352 0.81352 0.81352   0.00011 0.05029   0.814 
0.46397  1.0829e+005  0.81266 0.81266 0.81266   0.00011 0.05054   0.813 
0.46497  1.0809e+005  0.81179 0.81179 0.81179   0.00011 0.05079   0.812 
0.46597  1.0788e+005  0.81092 0.81092 0.81092   0.00011 0.05105   0.811 
0.46697  1.0768e+005  0.81004 0.81004 0.81004   0.00011 0.05130   0.810 
0.46797  1.0748e+005  0.80916 0.80916 0.80916   0.00011 0.05156   0.809 
0.46897  1.0728e+005  0.80828 0.80828 0.80828   0.00011 0.05182   0.808 
0.46997  1.0708e+005  0.80740 0.80740 0.80740   0.00011 0.05208   0.807 
0.47097  1.0687e+005  0.80668 0.80668 0.80668   0.00011 0.05229   0.807 
0.47197  1.0667e+005  0.80587 0.80587 0.80587   0.00011 0.05253   0.806 
0.47297  1.0647e+005  0.80499 0.80499 0.80499   0.00011 0.05279   0.805 
0.47397  1.0627e+005  0.80410 0.80410 0.80410   0.00011 0.05305   0.804 
0.47497  1.0607e+005  0.80322 0.80322 0.80322   0.00011 0.05331   0.803 
0.47597  1.0586e+005  0.80233 0.80233 0.80233   0.00011 0.05357   0.802 
0.47697  1.0566e+005  0.80143 0.80143 0.80143   0.00011 0.05384   0.801 
0.47797  1.0546e+005  0.80054 0.80054 0.80054   0.00011 0.05410   0.801 
0.47897  1.0526e+005  0.79964 0.79964 0.79964   0.00011 0.05436   0.800 
0.47997  1.0506e+005  0.79874 0.79874 0.79874   0.00011 0.05463   0.799 
0.48097  1.0485e+005  0.79784 0.79784 0.79784   0.00011 0.05490   0.798 
0.48197  1.0465e+005  0.79694 0.79694 0.79694   0.00011 0.05516   0.797 
0.48297  1.0445e+005  0.79603 0.79603 0.79603   0.00011 0.05543   0.796 
0.48397  1.0425e+005  0.79514 0.79514 0.79514   0.00011 0.05570   0.795 
0.48497  1.0405e+005  0.79423 0.79423 0.79423   0.00012 0.05597   0.794 
0.48597  1.0384e+005  0.79332 0.79332 0.79332   0.00012 0.05624   0.793 
0.48697  1.0364e+005  0.79241 0.79241 0.79241   0.00012 0.05651   0.792 
0.48797  1.0344e+005  0.79149 0.79149 0.79149   0.00012 0.05678   0.791 
0.48897  1.0324e+005  0.79058 0.79058 0.79058   0.00012 0.05705   0.791 
0.48997  1.0304e+005  0.78966 0.78966 0.78966   0.00012 0.05733   0.790 
0.49097  1.0283e+005  0.78874 0.78874 0.78874   0.00012 0.05760   0.789 
0.49197  1.0263e+005  0.78782 0.78782 0.78782   0.00012 0.05788   0.788 
0.49297  1.0243e+005  0.78690 0.78690 0.78690   0.00012 0.05815   0.787 
0.49397  1.0223e+005  0.78598 0.78598 0.78598   0.00012 0.05843   0.786 
0.49497  1.0203e+005  0.78506 0.78506 0.78506   0.00012 0.05870   0.785 
0.49597  1.0182e+005  0.78414 0.78414 0.78414   0.00012 0.05898   0.784 
0.49697  1.0162e+005  0.78322 0.78322 0.78322   0.00012 0.05926   0.783 
0.49797  1.0142e+005  0.78229 0.78229 0.78229   0.00012 0.05954   0.782 
0.49897  1.0122e+005  0.78135 0.78135 0.78135   0.00012 0.05982   0.781 
0.49997  1.0102e+005  0.78044 0.78044 0.78044   0.00012 0.06009   0.780 
0.50097  1.0081e+005  0.77953 0.77953 0.77953   0.00012 0.06037   0.780 
0.50197  1.0061e+005  0.77859 0.77859 0.77859   0.00012 0.06065   0.779 
0.50297  1.0041e+005  0.77773 0.77773 0.77773   0.00012 0.06091   0.778 
0.50397  1.0021e+005  0.77684 0.77684 0.77684   0.00012 0.06118   0.777 
0.50496  1.0001e+005  0.77591 0.77591 0.77591   0.00012 0.06146   0.776 
0.50596  99804       0.77497 0.77497 0.77497   0.00012 0.06174   0.775 
0.50696  99602       0.77403 0.77403 0.77403   0.00012 0.06203   0.774 
0.50796  99400       0.77308 0.77308 0.77308   0.00012 0.06232   0.773 
0.50896  99198       0.77214 0.77214 0.77214   0.00012 0.06260   0.772 
0.50996  98996       0.77119 0.77119 0.77119   0.00012 0.06289   0.771 
0.51096  98794       0.77025 0.77025 0.77025   0.00012 0.06318   0.770 
0.51196  98592       0.76941 0.76941 0.76941   0.00012 0.06343   0.769 
0.51296  98390       0.76863 0.76863 0.76863   0.00012 0.06367   0.769 
0.51396  98188       0.76771 0.76771 0.76771   0.00012 0.06395   0.768 
0.51496  97986       0.76676 0.76676 0.76676   0.00012 0.06424   0.767 
0.51596  97784       0.76581 0.76581 0.76581   0.00012 0.06453   0.766 
0.51696  97582       0.76485 0.76485 0.76485   0.00013 0.06482   0.765 
0.51796  97380       0.76389 0.76389 0.76389   0.00013 0.06511   0.764 
0.51896  97178       0.76294 0.76294 0.76294   0.00013 0.06541   0.763 
0.51996  96976       0.76197 0.76197 0.76197   0.00013 0.06570   0.762 
0.52096  96774       0.76101 0.76101 0.76101   0.00013 0.06600   0.761 
0.52196  96572       0.76005 0.76005 0.76005   0.00013 0.06629   0.760 
0.52296  96370       0.75908 0.75908 0.75908   0.00013 0.06659   0.759 
0.52396  96168       0.75811 0.75811 0.75811   0.00013 0.06689   0.758 
0.52496  95966       0.75714 0.75714 0.75714   0.00013 0.06719   0.757 
0.52596  95764       0.75617 0.75617 0.75617   0.00013 0.06749   0.756 
0.52696  95562       0.75519 0.75519 0.75519   0.00013 0.06779   0.755 
0.52796  95360       0.75422 0.75422 0.75422   0.00013 0.06809   0.754 
0.52896  95158       0.75324 0.75324 0.75324   0.00013 0.06839   0.753 
0.52996  94956       0.75226 0.75226 0.75226   0.00013 0.06870   0.752 
0.53096  94754       0.75128 0.75128 0.75128   0.00013 0.06900   0.751 
0.53196  94552       0.75029 0.75029 0.75029   0.00013 0.06930   0.750 
0.53296  94350       0.74931 0.74931 0.74931   0.00013 0.06961   0.749 
0.53396  94148       0.74832 0.74832 0.74832   0.00013 0.06992   0.748 
0.53496  93946       0.74736 0.74736 0.74736   0.00013 0.07022   0.747 
0.53596  93744       0.74637 0.74637 0.74637   0.00013 0.07052   0.746 
0.53696  93542       0.74538 0.74538 0.74538   0.00013 0.07083   0.745 
0.53796  93340       0.74439 0.74439 0.74439   0.00013 0.07114   0.744 
0.53896  93138       0.74339 0.74339 0.74339   0.00013 0.07145   0.743 
0.53996  92936       0.74239 0.74239 0.74239   0.00013 0.07176   0.742 
0.54096  92734       0.74139 0.74139 0.74139   0.00013 0.07208   0.741 
0.54196  92532       0.74039 0.74039 0.74039   0.00013 0.07239   0.740 
0.54296  92330       0.73938 0.73938 0.73938   0.00013 0.07271   0.739 
0.54396  92128       0.73837 0.73837 0.73837   0.00013 0.07302   0.738 
0.54496  91926       0.73737 0.73737 0.73737   0.00013 0.07334   0.737 
0.54596  91724       0.73635 0.73635 0.73635   0.00013 0.07366   0.736 
0.54696  91522       0.73534 0.73534 0.73534   0.00013 0.07398   0.735 
0.54796  91320       0.73432 0.73432 0.73432   0.00014 0.07430   0.734 
0.54896  91118       0.73331 0.73331 0.73331   0.00014 0.07462   0.733 
0.54996  90916       0.73229 0.73229 0.73229   0.00014 0.07494   0.732 
0.55096  90714       0.73129 0.73129 0.73129   0.00014 0.07525   0.731 
0.55196  90512       0.73031 0.73031 0.73031   0.00014 0.07557   0.730 
0.55296  90310       0.72928 0.72928 0.72928   0.00014 0.07589   0.729 
0.55396  90108       0.72826 0.72826 0.72826   0.00014 0.07622   0.728 
0.55496  89906       0.72723 0.72723 0.72723   0.00014 0.07654   0.727 
0.55596  89704       0.72619 0.72619 0.72619   0.00014 0.07687   0.726 
0.55696  89502       0.72516 0.72516 0.72516   0.00014 0.07720   0.725 
0.55796  89300       0.72413 0.72413 0.72413   0.00014 0.07753   0.724 
0.55896  89098       0.72314 0.72314 0.72314   0.00014 0.07784   0.723 
0.55996  88896       0.72211 0.72211 0.72211   0.00014 0.07817   0.722 
0.56096  88694       0.72107 0.72107 0.72107   0.00014 0.07850   0.721 
0.56196  88492       0.72003 0.72003 0.72003   0.00014 0.07883   0.720 
0.56296  88290       0.71898 0.71898 0.71898   0.00014 0.07917   0.719 
0.56396  88088       0.71794 0.71794 0.71794   0.00014 0.07950   0.718 
0.56496  87886       0.71689 0.71689 0.71689   0.00014 0.07984   0.717 
0.56596  87684       0.71585 0.71585 0.71585   0.00014 0.08017   0.716 
0.56696  87482       0.71481 0.71481 0.71481   0.00014 0.08051   0.715 
0.56796  87280       0.71375 0.71375 0.71375   0.00014 0.08085   0.714 
0.56896  87078       0.71303 0.71303 0.71303   0.00014 0.08108   0.713 
0.56996  86876       0.71217 0.71217 0.71217   0.00014 0.08136   0.712 
0.57096  86674       0.71119 0.71119 0.71119   0.00014 0.08168   0.711 
0.57196  86472       0.71021 0.71021 0.71021   0.00014 0.08199   0.710 
0.57296  86270       0.70921 0.70921 0.70921   0.00014 0.08232   0.709 
0.57396  86068       0.70815 0.70815 0.70815   0.00014 0.08266   0.708 
0.57496  85866       0.70709 0.70709 0.70709   0.00014 0.08300   0.707 
0.57596  85664       0.70603 0.70603 0.70603   0.00014 0.08335   0.706 
0.57696  85462       0.70497 0.70497 0.70497   0.00014 0.08369   0.705 
0.57796  85260       0.70391 0.70391 0.70391   0.00015 0.08403   0.704 
0.57896  85058       0.70284 0.70284 0.70284   0.00015 0.08438   0.703 
0.57996  84856       0.70177 0.70177 0.70177   0.00015 0.08473   0.702 
0.58096  84654       0.70073 0.70073 0.70073   0.00015 0.08507   0.701 
0.58196  84452       0.69972 0.69972 0.69972   0.00015 0.08540   0.700 
0.58296  84250       0.69871 0.69871 0.69871   0.00015 0.08573   0.699 
0.58396  84048       0.69763 0.69763 0.69763   0.00015 0.08608   0.698 
0.58496  83846       0.69655 0.69655 0.69655   0.00015 0.08644   0.697 
0.58596  83644       0.69547 0.69547 0.69547   0.00015 0.08679   0.695 
0.58696  83442       0.69439 0.69439 0.69439   0.00015 0.08715   0.694 
0.58796  83240       0.69331 0.69331 0.69331   0.00015 0.08750   0.693 
0.58896  83038       0.69222 0.69222 0.69222   0.00015 0.08786   0.692 
0.58996  82836       0.69114 0.69114 0.69114   0.00015 0.08822   0.691 
0.59096  82634       0.69005 0.69005 0.69005   0.00015 0.08858   0.690 
0.59196  82432       0.68896 0.68896 0.68896   0.00015 0.08894   0.689 
0.59296  82230       0.68787 0.68787 0.68787   0.00015 0.08930   0.688 
0.59396  82028       0.68677 0.68677 0.68677   0.00015 0.08966   0.687 
0.59496  81826       0.68567 0.68567 0.68567   0.00015 0.09003   0.686 
0.59596  81624       0.68457 0.68457 0.68457   0.00015 0.09039   0.685 
0.59696  81422       0.68347 0.68347 0.68347   0.00015 0.09076   0.683 
0.59796  81220       0.68237 0.68237 0.68237   0.00015 0.09112   0.682 
0.59896  81018       0.68126 0.68126 0.68126   0.00015 0.09149   0.681 
0.59996  80816       0.68016 0.68016 0.68016   0.00015 0.09186   0.680 
0.60096  80614       0.67905 0.67905 0.67905   0.00015 0.09223   0.679 
0.60196  80412       0.67794 0.67794 0.67794   0.00015 0.09260   0.678 
0.60296  80210       0.67682 0.67682 0.67682   0.00015 0.09298   0.677 
0.60396  80008       0.67571 0.67571 0.67571   0.00015 0.09335   0.676 
0.60496  79806       0.67459 0.67459 0.67459   0.00015 0.09373   0.675 
0.60596  79604       0.67347 0.67347 0.67347   0.00016 0.09410   0.673 
0.60696  79402       0.67234 0.67234 0.67234   0.00016 0.09448   0.672 
0.60796  79200       0.67122 0.67122 0.67122   0.00016 0.09486   0.671 
0.60896  78998       0.67010 0.67010 0.67010   0.00016 0.09524   0.670 
0.60996  78796       0.66897 0.66897 0.66897   0.00016 0.09562   0.669 
0.61096  78594       0.66793 0.66793 0.66793   0.00016 0.09597   0.668 
0.61196  78392       0.66680 0.66680 0.66680   0.00016 0.09635   0.667 
0.61296  78190       0.66567 0.66567 0.66567   0.00016 0.09674   0.666 
0.61396  77988       0.66453 0.66453 0.66453   0.00016 0.09712   0.665 
0.61496  77786       0.66340 0.66340 0.66340   0.00016 0.09751   0.663 
0.61595  77584       0.66226 0.66226 0.66226   0.00016 0.09790   0.662 
0.61695  77382       0.66111 0.66111 0.66111   0.00016 0.09829   0.661 
0.61795  77180       0.65997 0.65997 0.65997   0.00016 0.09868   0.660 
0.61895  76978       0.65882 0.65882 0.65882   0.00016 0.09907   0.659 
0.61995  76776       0.65767 0.65767 0.65767   0.00016 0.09946   0.658 
0.62095  76574       0.65652 0.65652 0.65652   0.00016 0.09986   0.657 
0.62195  76372       0.65536 0.65536 0.65536   0.00016 0.10025   0.655 
0.62295  76170       0.65421 0.65421 0.65421   0.00016 0.10065   0.654 
0.62395  75968       0.65305 0.65305 0.65305   0.00016 0.10105   0.653 
0.62495  75766       0.65189 0.65189 0.65189   0.00016 0.10145   0.652 
0.62595  75564       0.65073 0.65073 0.65073   0.00016 0.10185   0.651 
0.62695  75362       0.64956 0.64956 0.64956   0.00016 0.10225   0.650 
0.62795  75160       0.64839 0.64839 0.64839   0.00016 0.10265   0.648 
0.62895  74958       0.64722 0.64722 0.64722   0.00016 0.10306   0.647 
0.62995  74756       0.64605 0.64605 0.64605   0.00016 0.10347   0.646 
0.63095  74554       0.64488 0.64488 0.64488   0.00016 0.10387   0.645 
0.63195  74352       0.64370 0.64370 0.64370   0.00016 0.10428   0.644 
0.63295  74150       0.64252 0.64252 0.64252   0.00017 0.10469   0.643 
0.63395  73948       0.64134 0.64134 0.64134   0.00017 0.10511   0.641 
0.63495  73746       0.64015 0.64015 0.64015   0.00017 0.10552   0.640 
0.63595  73544       0.63897 0.63897 0.63897   0.00017 0.10593   0.639 
0.63695  73342       0.63778 0.63778 0.63778   0.00017 0.10635   0.638 
0.63795  73140       0.63658 0.63658 0.63658   0.00017 0.10677   0.637 
0.63895  72938       0.63540 0.63540 0.63540   0.00017 0.10718   0.635 
0.63995  72736       0.63421 0.63421 0.63421   0.00017 0.10760   0.634 
0.64095  72534       0.63301 0.63301 0.63301   0.00017 0.10803   0.633 
0.64195  72332       0.63181 0.63181 0.63181   0.00017 0.10845   0.632 
0.64295  72130       0.63060 0.63060 0.63060   0.00017 0.10887   0.631 
0.64395  71928       0.62940 0.62940 0.62940   0.00017 0.10930   0.629 
0.64495  71726       0.62819 0.62819 0.62819   0.00017 0.10973   0.628 
0.64595  71524       0.62698 0.62698 0.62698   0.00017 0.11016   0.627 
0.64695  71322       0.62576 0.62576 0.62576   0.00017 0.11059   0.626 
0.64795  71120       0.62455 0.62455 0.62455   0.00017 0.11102   0.625 
0.64895  70918       0.62333 0.62333 0.62333   0.00017 0.11146   0.623 
0.64995  70716       0.62211 0.62211 0.62211   0.00017 0.11189   0.622 
0.65095  70514       0.62088 0.62088 0.62088   0.00017 0.11233   0.621 
0.65195  70312       0.61966 0.61966 0.61966   0.00017 0.11277   0.620 
0.65295  70110       0.61843 0.61843 0.61843   0.00017 0.11321   0.618 
0.65395  69908       0.61720 0.61720 0.61720   0.00017 0.11365   0.617 
0.65495  69706       0.61597 0.61597 0.61597   0.00017 0.11409   0.616 
0.65595  69504       0.61481 0.61481 0.61481   0.00017 0.11451   0.615 
0.65695  69302       0.61357 0.61357 0.61357   0.00017 0.11495   0.614 
0.65795  69100       0.61233 0.61233 0.61233   0.00018 0.11540   0.612 
0.65895  68898       0.61110 0.61110 0.61110   0.00018 0.11585   0.611 
0.65995  68696       0.60986 0.60986 0.60986   0.00018 0.11630   0.610 
0.66095  68494       0.60862 0.60862 0.60862   0.00018 0.11674   0.609 
0.66195  68292       0.60737 0.60737 0.60737   0.00018 0.11720   0.607 
0.66295  68090       0.60612 0.60612 0.60612   0.00018 0.11765   0.606 
0.66395  67888       0.60487 0.60487 0.60487   0.00018 0.11811   0.605 
0.66495  67686       0.60362 0.60362 0.60362   0.00018 0.11856   0.604 
0.66595  67484       0.60236 0.60236 0.60236   0.00018 0.11902   0.602 
0.66695  67282       0.60110 0.60110 0.60110   0.00018 0.11948   0.601 
0.66795  67080       0.59984 0.59984 0.59984   0.00018 0.11995   0.600 
0.66895  66878       0.59858 0.59858 0.59858   0.00018 0.12041   0.599 
0.66995  66676       0.59731 0.59731 0.59731   0.00018 0.12088   0.597 
0.67095  66474       0.59604 0.59604 0.59604   0.00018 0.12134   0.596 
0.67195  66272       0.59477 0.59477 0.59477   0.00018 0.12181   0.595 
0.67295  66070       0.59350 0.59350 0.59350   0.00018 0.12228   0.593 
0.67395  65868       0.59222 0.59222 0.59222   0.00018 0.12275   0.592 
0.67495  65666       0.59094 0.59094 0.59094   0.00018 0.12323   0.591 
0.67595  65464       0.58966 0.58966 0.58966   0.00018 0.12370   0.590 
0.67695  65262       0.58838 0.58838 0.58838   0.00018 0.12418   0.588 
0.67795  65060       0.58709 0.58709 0.58709   0.00018 0.12466   0.587 
0.67895  64858       0.58580 0.58580 0.58580   0.00018 0.12514   0.586 
0.67995  64656       0.58454 0.58454 0.58454   0.00018 0.12561   0.585 
0.68095  64454       0.58324 0.58324 0.58324   0.00018 0.12610   0.583 
0.68195  64252       0.58196 0.58196 0.58196   0.00019 0.12658   0.582 
0.68295  64050       0.58066 0.58066 0.58066   0.00019 0.12707   0.581 
0.68395  63848       0.57937 0.57937 0.57937   0.00019 0.12755   0.579 
0.68495  63646       0.57806 0.57806 0.57806   0.00019 0.12805   0.578 
0.68595  63444       0.57676 0.57676 0.57676   0.00019 0.12854   0.577 
0.68695  63242       0.57545 0.57545 0.57545   0.00019 0.12903   0.575 
0.68795  63040       0.57415 0.57415 0.57415   0.00019 0.12953   0.574 
0.68895  62838       0.57283 0.57283 0.57283   0.00019 0.13002   0.573 
0.68995  62636       0.57152 0.57152 0.57152   0.00019 0.13052   0.572 
0.69095  62434       0.57059 0.57059 0.57059   0.00019 0.13088   0.571 
0.69195  62232       0.56969 0.56969 0.56969   0.00019 0.13122   0.570 
0.69295  62030       0.56872 0.56872 0.56872   0.00019 0.13159   0.569 
0.69395  61828       0.56764 0.56764 0.56764   0.00019 0.13200   0.568 
0.69495  61626       0.56652 0.56652 0.56652   0.00019 0.13243   0.567 
0.69595  61424       0.56535 0.56535 0.56535   0.00019 0.13288   0.565 
0.69695  61222       0.56410 0.56410 0.56410   0.00019 0.13336   0.564 
0.69795  61020       0.56279 0.56279 0.56279   0.00019 0.13386   0.563 
0.69895  60818       0.56147 0.56147 0.56147   0.00019 0.13437   0.561 
0.69995  60616       0.56015 0.56015 0.56015   0.00019 0.13488   0.560 
0.70095  60414       0.55883 0.55883 0.55883   0.00019 0.13539   0.559 
0.70195  60212       0.55750 0.55750 0.55750   0.00019 0.13591   0.558 
0.70295  60010       0.55617 0.55617 0.55617   0.00019 0.13642   0.556 
0.70395  59808       0.55484 0.55484 0.55484   0.00019 0.13694   0.555 
0.70495  59606       0.55350 0.55350 0.55350   0.00019 0.13746   0.554 
0.70595  59404       0.55216 0.55216 0.55216   0.00020 0.13798   0.552 
0.70695  59202       0.55082 0.55082 0.55082   0.00020 0.13851   0.551 
0.70795  59000       0.54948 0.54948 0.54948   0.00020 0.13903   0.549 
0.70895  58798       0.54813 0.54813 0.54813   0.00020 0.13956   0.548 
0.70995  58596       0.54678 0.54678 0.54678   0.00020 0.14009   0.547 
0.71095  58394       0.54543 0.54543 0.54543   0.00020 0.14062   0.545 
0.71195  58192       0.54407 0.54407 0.54407   0.00020 0.14116   0.544 
0.71295  57990       0.54271 0.54271 0.54271   0.00020 0.14169   0.543 
0.71395  57788       0.54135 0.54135 0.54135   0.00020 0.14223   0.541 
0.71495  57586       0.53998 0.53998 0.53998   0.00020 0.14277   0.540 
0.71595  57384       0.53863 0.53863 0.53863   0.00020 0.14331   0.539 
0.71695  57182       0.53727 0.53727 0.53727   0.00020 0.14385   0.537 
0.71795  56980       0.53589 0.53589 0.53589   0.00020 0.14440   0.536 
0.71895  56778       0.53452 0.53452 0.53452   0.00020 0.14495   0.535 
0.71995  56576       0.53314 0.53314 0.53314   0.00020 0.14550   0.533 
0.72095  56374       0.53177 0.53177 0.53177   0.00020 0.14605   0.532 
0.72195  56172       0.53038 0.53038 0.53038   0.00020 0.14661   0.530 
0.72295  55970       0.52899 0.52899 0.52899   0.00020 0.14717   0.529 
0.72395  55768       0.52761 0.52761 0.52761   0.00020 0.14773   0.528 
0.72495  55566       0.52621 0.52621 0.52621   0.00020 0.14829   0.526 
0.72595  55364       0.52482 0.52482 0.52482   0.00020 0.14886   0.525 
0.72695  55162       0.52342 0.52342 0.52342   0.00021 0.14943   0.523 
0.72795  54960       0.52202 0.52202 0.52202   0.00021 0.14999   0.522 
0.72894  54758       0.52062 0.52062 0.52062   0.00021 0.15056   0.521 
0.72994  54556       0.51922 0.51922 0.51922   0.00021 0.15114   0.519 
0.73094  54354       0.51781 0.51781 0.51781   0.00021 0.15171   0.518 
0.73194  54152       0.51640 0.51640 0.51640   0.00021 0.15229   0.516 
0.73294  53950       0.51499 0.51499 0.51499   0.00021 0.15287   0.515 
0.73394  53748       0.51357 0.51357 0.51357   0.00021 0.15346   0.514 
0.73494  53546       0.51215 0.51215 0.51215   0.00021 0.15404   0.512 
0.73594  53344       0.51072 0.51072 0.51072   0.00021 0.15463   0.511 
0.73694  53142       0.50930 0.50930 0.50930   0.00021 0.15522   0.509 
0.73794  52940       0.50787 0.50787 0.50787   0.00021 0.15582   0.508 
0.73894  52738       0.50643 0.50643 0.50643   0.00021 0.15641   0.506 
0.73994  52536       0.50500 0.50500 0.50500   0.00021 0.15701   0.505 
0.74094  52334       0.50356 0.50356 0.50356   0.00021 0.15761   0.504 
0.74194  52132       0.50212 0.50212 0.50212   0.00021 0.15822   0.502 
0.74294  51930       0.50067 0.50067 0.50067   0.00021 0.15882   0.501 
0.74394  51728       0.49922 0.49922 0.49922   0.00021 0.15943   0.499 
0.74494  51526       0.49777 0.49777 0.49777   0.00021 0.16004   0.498 
0.74594  51324       0.49632 0.49632 0.49632   0.00022 0.16066   0.496 
0.74694  51122       0.49486 0.49486 0.49486   0.00022 0.16127   0.495 
0.74794  50920       0.49340 0.49340 0.49340   0.00022 0.16189   0.493 
0.74894  50718       0.49193 0.49193 0.49193   0.00022 0.16252   0.492 
0.74994  50516       0.49046 0.49046 0.49046   0.00022 0.16314   0.490 
0.75094  50314       0.48900 0.48900 0.48900   0.00022 0.16377   0.489 
0.75194  50112       0.48756 0.48756 0.48756   0.00022 0.16438   0.488 
0.75294  49910       0.48608 0.48608 0.48608   0.00022 0.16502   0.486 
0.75394  49708       0.48461 0.48461 0.48461   0.00022 0.16565   0.485 
0.75494  49506       0.48313 0.48313 0.48313   0.00022 0.16629   0.483 
0.75594  49304       0.48164 0.48164 0.48164   0.00022 0.16693   0.482 
0.75694  49102       0.48016 0.48016 0.48016   0.00022 0.16757   0.480 
0.75794  48900       0.47867 0.47867 0.47867   0.00022 0.16822   0.479 
0.75894  48698       0.47717 0.47717 0.47717   0.00022 0.16887   0.477 
0.75994  48496       0.47568 0.47568 0.47568   0.00022 0.16952   0.476 
0.76094  48294       0.47418 0.47418 0.47418   0.00022 0.17018   0.474 
0.76194  48092       0.47268 0.47268 0.47268   0.00022 0.17083   0.473 
0.76294  47890       0.47117 0.47117 0.47117   0.00022 0.17149   0.471 
0.76394  47688       0.46966 0.46966 0.46966   0.00023 0.17216   0.470 
0.76494  47486       0.46824 0.46824 0.46824   0.00023 0.17279   0.468 
0.76594  47284       0.46683 0.46683 0.46683   0.00023 0.17341   0.467 
0.76694  47082       0.46531 0.46531 0.46531   0.00023 0.17408   0.465 
0.76794  46880       0.46380 0.46380 0.46380   0.00023 0.17476   0.464 
0.76894  46678       0.46228 0.46228 0.46228   0.00023 0.17543   0.462 
0.76994  46476       0.46075 0.46075 0.46075   0.00023 0.17612   0.461 
0.77094  46274       0.45922 0.45922 0.45922   0.00023 0.17680   0.459 
0.77194  46072       0.45769 0.45769 0.45769   0.00023 0.17749   0.458 
0.77294  45870       0.45615 0.45615 0.45615   0.00023 0.17818   0.456 
0.77394  45668       0.45461 0.45461 0.45461   0.00023 0.17887   0.455 
0.77494  45466       0.45307 0.45307 0.45307   0.00023 0.17957   0.453 
0.77594  45264       0.45152 0.45152 0.45152   0.00023 0.18027   0.452 
0.77694  45062       0.44997 0.44997 0.44997   0.00023 0.18098   0.450 
0.77794  44860       0.44842 0.44842 0.44842   0.00023 0.18169   0.448 
0.77894  44658       0.44686 0.44686 0.44686   0.00023 0.18240   0.447 
0.77994  44456       0.44530 0.44530 0.44530   0.00023 0.18311   0.445 
0.78094  44254       0.44379 0.44379 0.44379   0.00024 0.18380   0.444 
0.78194  44052       0.44225 0.44225 0.44225   0.00024 0.18451   0.442 
0.78294  43850       0.44069 0.44069 0.44069   0.00024 0.18523   0.441 
0.78394  43648       0.43912 0.43912 0.43912   0.00024 0.18596   0.439 
0.78494  43446       0.43755 0.43755 0.43755   0.00024 0.18669   0.438 
0.78594  43244       0.43597 0.43597 0.43597   0.00024 0.18742   0.436 
0.78694  43042       0.43439 0.43439 0.43439   0.00024 0.18816   0.434 
0.78794  42840       0.43280 0.43280 0.43280   0.00024 0.18890   0.433 
0.78894  42638       0.43122 0.43122 0.43122   0.00024 0.18965   0.431 
0.78994  42436       0.42962 0.42962 0.42962   0.00024 0.19040   0.430 
0.79094  42234       0.42803 0.42803 0.42803   0.00024 0.19115   0.428 
0.79194  42032       0.42643 0.42643 0.42643   0.00024 0.19191   0.426 
0.79294  41830       0.42483 0.42483 0.42483   0.00024 0.19267   0.425 
0.79394  41628       0.42322 0.42322 0.42322   0.00024 0.19343   0.423 
0.79494  41426       0.42161 0.42161 0.42161   0.00024 0.19420   0.422 
0.79594  41224       0.42000 0.42000 0.42000   0.00024 0.19497   0.420 
0.79694  41022       0.41838 0.41838 0.41838   0.00025 0.19575   0.418 
0.79794  40820       0.41676 0.41676 0.41676   0.00025 0.19653   0.417 
0.79894  40618       0.41513 0.41513 0.41513   0.00025 0.19731   0.415 
0.79994  40416       0.41352 0.41352 0.41352   0.00025 0.19809   0.414 
0.80094  40214       0.41189 0.41189 0.41189   0.00025 0.19889   0.412 
0.80194  40012       0.41025 0.41025 0.41025   0.00025 0.19968   0.410 
0.80294  39810       0.40861 0.40861 0.40861   0.00025 0.20048   0.409 
0.80394  39608       0.40697 0.40697 0.40697   0.00025 0.20129   0.407 
0.80494  39406       0.40534 0.40534 0.40534   0.00025 0.20209   0.405 
0.80594  39204       0.40369 0.40369 0.40369   0.00025 0.20290   0.404 
0.80694  39002       0.40204 0.40204 0.40204   0.00025 0.20372   0.402 
0.80794  38800       0.40041 0.40041 0.40041   0.00025 0.20453   0.400 
0.80894  38598       0.39879 0.39879 0.39879   0.00025 0.20533   0.399 
0.80994  38396       0.39714 0.39714 0.39714   0.00025 0.20615   0.397 
0.81094  38194       0.39548 0.39548 0.39548   0.00025 0.20699   0.395 
0.81194  37992       0.39382 0.39382 0.39382   0.00026 0.20782   0.394 
0.81294  37790       0.39215 0.39215 0.39215   0.00026 0.20866   0.392 
0.81394  37588       0.39048 0.39048 0.39048   0.00026 0.20951   0.390 
0.81494  37386       0.38880 0.38880 0.38880   0.00026 0.21036   0.389 
0.81594  37184       0.38712 0.38712 0.38712   0.00026 0.21121   0.387 
0.81694  36982       0.38544 0.38544 0.38544   0.00026 0.21207   0.385 
0.81794  36780       0.38377 0.38377 0.38377   0.00026 0.21292   0.384 
0.81894  36578       0.38208 0.38208 0.38208   0.00026 0.21379   0.382 
0.81994  36376       0.38039 0.38039 0.38039   0.00026 0.21466   0.380 
0.82094  36174       0.37870 0.37870 0.37870   0.00026 0.21553   0.379 
0.82194  35972       0.37701 0.37701 0.37701   0.00026 0.21641   0.377 
0.82294  35770       0.37530 0.37530 0.37530   0.00026 0.21730   0.375 
0.82394  35568       0.37360 0.37360 0.37360   0.00026 0.21819   0.374 
0.82494  35366       0.37188 0.37188 0.37188   0.00027 0.21909   0.372 
0.82594  35164       0.37018 0.37018 0.37018   0.00027 0.21998   0.370 
0.82694  34962       0.36854 0.36854 0.36854   0.00027 0.22085   0.369 
0.82794  34760       0.36682 0.36682 0.36682   0.00027 0.22176   0.367 
0.82894  34558       0.36510 0.36510 0.36510   0.00027 0.22267   0.365 
0.82994  34356       0.36338 0.36338 0.36338   0.00027 0.22359   0.363 
0.83094  34154       0.36165 0.36165 0.36165   0.00027 0.22452   0.362 
0.83194  33952       0.35991 0.35991 0.35991   0.00027 0.22545   0.360 
0.83294  33750       0.35817 0.35817 0.35817   0.00027 0.22639   0.358 
0.83394  33548       0.35643 0.35643 0.35643   0.00027 0.22733   0.356 
0.83494  33346       0.35469 0.35469 0.35469   0.00027 0.22827   0.355 
0.83594  33144       0.35295 0.35295 0.35295   0.00027 0.22923   0.353 
0.83694  32942       0.35119 0.35119 0.35119   0.00027 0.23018   0.351 
0.83794  32740       0.34944 0.34944 0.34944   0.00028 0.23115   0.349 
0.83894  32538       0.34768 0.34768 0.34768   0.00028 0.23212   0.348 
0.83994  32336       0.34601 0.34601 0.34601   0.00028 0.23304   0.346 
0.84093  32134       0.34425 0.34425 0.34425   0.00028 0.23402   0.344 
0.84193  31932       0.34254 0.34254 0.34254   0.00028 0.23497   0.343 
0.84293  31730       0.34077 0.34077 0.34077   0.00028 0.23596   0.341 
0.84393  31528       0.33900 0.33900 0.33900   0.00028 0.23695   0.339 
0.84493  31326       0.33723 0.33723 0.33723   0.00028 0.23795   0.337 
0.84593  31124       0.33545 0.33545 0.33545   0.00028 0.23896   0.335 
0.84693  30922       0.33367 0.33367 0.33367   0.00028 0.23997   0.334 
0.84793  30720       0.33189 0.33189 0.33189   0.00028 0.24099   0.332 
0.84893  30518       0.33012 0.33012 0.33012   0.00028 0.24200   0.330 
0.84993  30316       0.32833 0.32833 0.32833   0.00029 0.24303   0.328 
0.85093  30114       0.32658 0.32658 0.32658   0.00029 0.24404   0.327 
0.85193  29912       0.32478 0.32478 0.32478   0.00029 0.24508   0.325 
0.85293  29710       0.32299 0.32299 0.32299   0.00029 0.24613   0.323 
0.85393  29508       0.32118 0.32118 0.32118   0.00029 0.24718   0.321 
0.85493  29306       0.31938 0.31938 0.31938   0.00029 0.24824   0.319 
0.85593  29104       0.31757 0.31757 0.31757   0.00029 0.24931   0.318 
0.85693  28902       0.31576 0.31576 0.31576   0.00029 0.25038   0.316 
0.85793  28700       0.31394 0.31394 0.31394   0.00029 0.25146   0.314 
0.85893  28498       0.31212 0.31212 0.31212   0.00029 0.25255   0.312 
0.85993  28296       0.31030 0.31030 0.31030   0.00029 0.25364   0.310 
0.86093  28094       0.30848 0.30848 0.30848   0.00030 0.25474   0.308 
0.86193  27892       0.30665 0.30665 0.30665   0.00030 0.25585   0.307 
0.86293  27690       0.30482 0.30482 0.30482   0.00030 0.25696   0.305 
0.86393  27488       0.30313 0.30313 0.30313   0.00030 0.25799   0.303 
0.86493  27286       0.30130 0.30130 0.30130   0.00030 0.25911   0.301 
0.86593  27084       0.29946 0.29946 0.29946   0.00030 0.26025   0.299 
0.86693  26882       0.29762 0.29762 0.29762   0.00030 0.26139   0.298 
0.86793  26680       0.29578 0.29578 0.29578   0.00030 0.26254   0.296 
0.86893  26478       0.29393 0.29393 0.29393   0.00030 0.26369   0.294 
0.86993  26276       0.29208 0.29208 0.29208   0.00030 0.26485   0.292 
0.87093  26074       0.29022 0.29022 0.29022   0.00031 0.26602   0.290 
0.87193  25872       0.28836 0.28836 0.28836   0.00031 0.26720   0.288 
0.87293  25670       0.28650 0.28650 0.28650   0.00031 0.26839   0.286 
0.87393  25468       0.28463 0.28463 0.28463   0.00031 0.26959   0.285 
0.87493  25266       0.28276 0.28276 0.28276   0.00031 0.27079   0.283 
0.87593  25064       0.28088 0.28088 0.28088   0.00031 0.27200   0.281 
0.87693  24862       0.27901 0.27901 0.27901   0.00031 0.27322   0.279 
0.87793  24660       0.27712 0.27712 0.27712   0.00031 0.27445   0.277 
0.87893  24458       0.27524 0.27524 0.27524   0.00031 0.27569   0.275 
0.87993  24256       0.27335 0.27335 0.27335   0.00031 0.27693   0.273 
0.88093  24054       0.27145 0.27145 0.27145   0.00032 0.27819   0.271 
0.88193  23852       0.26955 0.26955 0.26955   0.00032 0.27946   0.270 
0.88293  23650       0.26765 0.26765 0.26765   0.00032 0.28073   0.268 
0.88393  23448       0.26574 0.26574 0.26574   0.00032 0.28201   0.266 
0.88493  23246       0.26383 0.26383 0.26383   0.00032 0.28331   0.264 
0.88593  23044       0.26192 0.26192 0.26192   0.00032 0.28461   0.262 
0.88693  22842       0.25999 0.25999 0.25999   0.00032 0.28593   0.260 
0.88793  22640       0.25807 0.25807 0.25807   0.00032 0.28726   0.258 
0.88893  22438       0.25614 0.25614 0.25614   0.00032 0.28859   0.256 
0.88993  22236       0.25445 0.25445 0.25445   0.00033 0.28977   0.254 
0.89093  22034       0.25255 0.25255 0.25255   0.00033 0.29110   0.253 
0.89193  21832       0.25061 0.25061 0.25061   0.00033 0.29246   0.251 
0.89293  21630       0.24867 0.24867 0.24867   0.00033 0.29384   0.249 
0.89393  21428       0.24672 0.24672 0.24672   0.00033 0.29522   0.247 
0.89493  21226       0.24477 0.24477 0.24477   0.00033 0.29662   0.245 
0.89593  21024       0.24286 0.24286 0.24286   0.00033 0.29800   0.243 
0.89693  20822       0.24090 0.24090 0.24090   0.00033 0.29942   0.241 
0.89793  20620       0.23894 0.23894 0.23894   0.00033 0.30085   0.239 
0.89893  20418       0.23697 0.23697 0.23697   0.00034 0.30229   0.237 
0.89993  20216       0.23499 0.23499 0.23499   0.00034 0.30375   0.235 
0.90093  20014       0.23302 0.23302 0.23302   0.00034 0.30522   0.233 
0.90193  19812       0.23103 0.23103 0.23103   0.00034 0.30670   0.231 
0.90293  19610       0.22905 0.22905 0.22905   0.00034 0.30820   0.229 
0.90393  19408       0.22706 0.22706 0.22706   0.00034 0.30971   0.227 
0.90493  19206       0.22506 0.22506 0.22506   0.00034 0.31123   0.225 
0.90593  19004       0.22306 0.22306 0.22306   0.00034 0.31277   0.223 
0.90693  18802       0.22105 0.22105 0.22105   0.00035 0.31432   0.221 
0.90793  18600       0.21904 0.21904 0.21904   0.00035 0.31589   0.219 
0.90893  18398       0.21702 0.21702 0.21702   0.00035 0.31747   0.217 
0.90993  18196       0.21499 0.21499 0.21499   0.00035 0.31906   0.215 
0.91093  17994       0.21296 0.21296 0.21296   0.00035 0.32068   0.213 
0.91193  17792       0.21093 0.21093 0.21093   0.00035 0.32231   0.211 
0.91293  17590       0.20889 0.20889 0.20889   0.00035 0.32395   0.209 
0.91393  17388       0.20684 0.20684 0.20684   0.00036 0.32561   0.207 
0.91493  17186       0.20479 0.20479 0.20479   0.00036 0.32729   0.205 
0.91593  16984       0.20273 0.20273 0.20273   0.00036 0.32899   0.203 
0.91693  16782       0.20067 0.20067 0.20067   0.00036 0.33070   0.201 
0.91793  16580       0.19860 0.19860 0.19860   0.00036 0.33244   0.199 
0.91893  16378       0.19652 0.19652 0.19652   0.00036 0.33419   0.197 
0.91993  16176       0.19444 0.19444 0.19444   0.00036 0.33596   0.194 
0.92093  15974       0.19235 0.19235 0.19235   0.00037 0.33774   0.192 
0.92193  15772       0.19026 0.19026 0.19026   0.00037 0.33955   0.190 
0.92293  15570       0.18816 0.18816 0.18816   0.00037 0.34138   0.188 
0.92393  15368       0.18606 0.18606 0.18606   0.00037 0.34323   0.186 
0.92493  15166       0.18395 0.18395 0.18395   0.00037 0.34510   0.184 
0.92593  14964       0.18183 0.18183 0.18183   0.00037 0.34699   0.182 
0.92693  14762       0.17971 0.17971 0.17971   0.00038 0.34891   0.180 
0.92793  14560       0.17758 0.17758 0.17758   0.00038 0.35085   0.178 
0.92893  14358       0.17544 0.17544 0.17544   0.00038 0.35281   0.175 
0.92993  14156       0.17330 0.17330 0.17330   0.00038 0.35480   0.173 
0.93093  13954       0.17115 0.17115 0.17115   0.00038 0.35681   0.171 
0.93193  13752       0.16899 0.16899 0.16899   0.00038 0.35884   0.169 
0.93293  13550       0.16682 0.16682 0.16682   0.00039 0.36091   0.167 
0.93393  13348       0.16465 0.16465 0.16465   0.00039 0.36300   0.165 
0.93493  13146       0.16247 0.16247 0.16247   0.00039 0.36512   0.162 
0.93593  12944       0.16028 0.16028 0.16028   0.00039 0.36726   0.160 
0.93693  12742       0.15809 0.15809 0.15809   0.00039 0.36944   0.158 
0.93793  12540       0.15589 0.15589 0.15589   0.00040 0.37165   0.156 
0.93893  12338       0.15367 0.15367 0.15367   0.00040 0.37389   0.154 
0.93993  12136       0.15145 0.15145 0.15145   0.00040 0.37617   0.151 
0.94093  11934       0.14922 0.14922 0.14922   0.00040 0.37847   0.149 
0.94193  11732       0.14699 0.14699 0.14699   0.00040 0.38082   0.147 
0.94293  11530       0.14474 0.14474 0.14474   0.00041 0.38320   0.145 
0.94393  11328       0.14249 0.14249 0.14249   0.00041 0.38560   0.142 
0.94493  11126       0.14023 0.14023 0.14023   0.00041 0.38806   0.140 
0.94593  10924       0.13796 0.13796 0.13796   0.00041 0.39055   0.138 
0.94693  10722       0.13569 0.13569 0.13569   0.00041 0.39308   0.136 
0.94793  10520       0.13340 0.13340 0.13340   0.00042 0.39565   0.133 
0.94893  10318       0.13111 0.13111 0.13111   0.00042 0.39826   0.131 
0.94993  10116       0.12881 0.12881 0.12881   0.00042 0.40092   0.129 
0.95093  9914        0.12649 0.12649 0.12649   0.00042 0.40363   0.126 
0.95193  9712        0.12418 0.12418 0.12418   0.00043 0.40637   0.124 
0.95292  9510        0.12185 0.12185 0.12185   0.00043 0.40917   0.122 
0.95392  9308        0.11952 0.11952 0.11952   0.00043 0.41203   0.120 
0.95492  9106        0.11717 0.11717 0.11717   0.00043 0.41494   0.117 
0.95592  8904        0.11482 0.11482 0.11482   0.00044 0.41789   0.115 
0.95692  8702        0.11246 0.11246 0.11246   0.00044 0.42090   0.112 
0.95792  8500        0.11009 0.11009 0.11009   0.00044 0.42398   0.110 
0.95892  8298        0.10771 0.10771 0.10771   0.00044 0.42712   0.108 
0.95992  8096        0.10532 0.10532 0.10532   0.00045 0.43033   0.105 
0.96092  7894        0.10292 0.10292 0.10292   0.00045 0.43360   0.103 
0.96192  7692        0.10051 0.10051 0.10051   0.00045 0.43695   0.101 
0.96292  7490        0.09809 0.09809 0.09809   0.00046 0.44036   0.098 
0.96392  7288        0.09567 0.09567 0.09567   0.00046 0.44385   0.096 
0.96492  7086        0.09323 0.09323 0.09323   0.00046 0.44743   0.093 
0.96592  6884        0.09078 0.09078 0.09078   0.00047 0.45110   0.091 
0.96692  6682        0.08831 0.08831 0.08831   0.00047 0.45486   0.088 
0.96792  6480        0.08584 0.08584 0.08584   0.00047 0.45872   0.086 
0.96892  6278        0.08335 0.08335 0.08335   0.00048 0.46268   0.083 
0.96992  6076        0.08086 0.08086 0.08086   0.00048 0.46675   0.081 
0.97092  5874        0.07835 0.07835 0.07835   0.00048 0.47094   0.078 
0.97192  5672        0.07583 0.07583 0.07583   0.00049 0.47525   0.076 
0.97292  5470        0.07329 0.07329 0.07329   0.00049 0.47969   0.073 
0.97392  5268        0.07074 0.07074 0.07074   0.00050 0.48427   0.071 
0.97492  5066        0.06818 0.06818 0.06818   0.00050 0.48901   0.068 
0.97592  4864        0.06560 0.06560 0.06560   0.00051 0.49390   0.066 
0.97692  4662        0.06301 0.06301 0.06301   0.00051 0.49898   0.063 
0.97792  4460        0.06040 0.06040 0.06040   0.00052 0.50426   0.060 
0.97892  4258        0.05777 0.05777 0.05777   0.00052 0.50974   0.058 
0.97992  4056        0.05513 0.05513 0.05513   0.00053 0.51544   0.055 
0.98092  3854        0.05248 0.05248 0.05248   0.00053 0.52137   0.052 
0.98192  3652        0.04980 0.04980 0.04980   0.00054 0.52760   0.050 
0.98292  3450        0.04710 0.04710 0.04710   0.00054 0.53413   0.047 
0.98392  3248        0.04438 0.04438 0.04438   0.00055 0.54101   0.044 
0.98492  3046        0.04164 0.04164 0.04164   0.00056 0.54827   0.042 
0.98592  2844        0.03887 0.03887 0.03887   0.00056 0.55597   0.039 
0.98692  2642        0.03609 0.03609 0.03609   0.00057 0.56414   0.036 
0.98792  2440        0.03328 0.03328 0.03328   0.00058 0.57288   0.033 
0.98892  2238        0.03045 0.03045 0.03045   0.00059 0.58227   0.030 
0.98992  2036        0.02759 0.02759 0.02759   0.00060 0.59244   0.028 
0.99092  1834        0.02470 0.02470 0.02470   0.00061 0.60358   0.025 
0.99192  1632        0.02176 0.02176 0.02176   0.00062 0.61591   0.022 
0.99292  1430        0.01878 0.01878 0.01878   0.00063 0.62980   0.019 
0.99392  1228        0.01575 0.01575 0.01575   0.00065 0.64572   0.016 
0.99492  1026        0.01267 0.01267 0.01267   0.00067 0.66449   0.013 
0.99592  824         0.00951 0.00951 0.00951   0.00069 0.68769   0.010 
0.99692  622         0.00700 0.00700 0.00700   0.00071 0.71079   0.007 
0.99792  420         0.00495 0.00495 0.00495   0.00074 0.73473   0.005 
0.99892  218         0.00263 0.00263 0.00263   0.00077 0.77360   0.003 
0.99992  16          0.00021 0.00021 0.00021   0.00088 0.88012   0.000 
1.00000  0           0.00000 0.00000 0.00000   0.00100 0.99982   0.000 
