# Prop_landscape_lost  cost_needed_for_top_fraction  min_prop_rem  ave_prop_rem  W_prop_rem  ext-1  ext-2  prop_for_each_biodiversity_feature_(e.g._species)_remaining_at_level_of_removal...
0.00001  2.0234e+005  1.00000 1.00004 1.00002   -0.00001 -0.00000   1.000 1.000 1.000 1.000 
0.00101  2.0213e+005  0.99121 0.99604 1.00002   0.00050 -0.00000   1.000 0.991 0.993 1.000 
0.00201  2.0193e+005  0.98627 0.99405 1.00002   0.00050 -0.00000   1.000 0.986 0.990 1.000 
0.00300  2.0173e+005  0.98485 0.99297 1.00002   0.00044 -0.00000   1.000 0.985 0.987 1.000 
0.00400  2.0153e+005  0.98350 0.99201 1.00002   0.00040 -0.00000   1.000 0.985 0.983 1.000 
0.00500  2.0133e+005  0.98145 0.99150 1.00002   0.00036 -0.00000   1.000 0.985 0.981 1.000 
0.00600  2.0112e+005  0.97891 0.99082 1.00002   0.00033 -0.00000   1.000 0.984 0.979 1.000 
0.00700  2.0092e+005  0.97729 0.99031 1.00002   0.00030 -0.00000   1.000 0.984 0.977 1.000 
0.00800  2.0072e+005  0.97524 0.98954 1.00002   0.00029 -0.00000   1.000 0.983 0.975 1.000 
0.00899  2.0052e+005  0.97249 0.98859 1.00002   0.00029 -0.00000   1.000 0.982 0.972 1.000 
0.00999  2.0032e+005  0.97094 0.98798 1.00002   0.00028 -0.00000   1.000 0.981 0.971 1.000 
0.01099  2.0011e+005  0.97009 0.98761 1.00001   0.00026 -0.00000   1.000 0.980 0.970 1.000 
0.01199  1.9991e+005  0.96946 0.98736 1.00001   0.00025 -0.00000   1.000 0.980 0.969 1.000 
0.01299  1.9971e+005  0.96868 0.98708 1.00001   0.00023 -0.00000   1.000 0.980 0.969 1.000 
0.01399  1.9951e+005  0.96777 0.98682 1.00001   0.00022 -0.00000   1.000 0.980 0.968 1.000 
0.01498  1.9931e+005  0.96657 0.98649 1.00001   0.00021 -0.00000   1.000 0.980 0.967 1.000 
0.01598  1.991e+005  0.96537 0.98610 1.00001   0.00021 -0.00000   1.000 0.979 0.965 1.000 
0.01698  1.989e+005  0.96459 0.98575 1.00001   0.00020 -0.00000   1.000 0.979 0.965 1.000 
0.01798  1.987e+005  0.96353 0.98534 1.00000   0.00020 -0.00000   1.000 0.978 0.964 1.000 
0.01898  1.985e+005  0.96233 0.98500 1.00000   0.00019 -0.00000   1.000 0.978 0.962 1.000 
0.01998  1.983e+005  0.96128 0.98461 1.00000   0.00019 0.00000   1.000 0.978 0.961 0.999 
0.02097  1.9809e+005  0.96043 0.98428 1.00000   0.00018 0.00000   1.000 0.977 0.960 0.999 
0.02197  1.9789e+005  0.95951 0.98393 0.99999   0.00018 0.00000   1.000 0.977 0.960 0.999 
0.02297  1.9769e+005  0.95866 0.98363 0.99999   0.00017 0.00000   1.000 0.977 0.959 0.999 
0.02397  1.9749e+005  0.95768 0.98330 0.99999   0.00017 0.00000   1.000 0.976 0.958 0.999 
0.02497  1.9729e+005  0.95732 0.98317 0.99998   0.00016 0.00000   1.000 0.976 0.957 0.999 
0.02597  1.9708e+005  0.95662 0.98288 0.99998   0.00016 0.00001   1.000 0.976 0.957 0.999 
0.02696  1.9688e+005  0.95620 0.98265 0.99997   0.00016 0.00001   1.000 0.976 0.956 0.999 
0.02796  1.9668e+005  0.95521 0.98233 0.99997   0.00015 0.00001   1.000 0.975 0.955 0.999 
0.02896  1.9648e+005  0.95450 0.98205 0.99996   0.00015 0.00001   1.000 0.975 0.955 0.999 
0.02996  1.9628e+005  0.95337 0.98165 0.99996   0.00015 0.00001   1.000 0.975 0.953 0.999 
0.03096  1.9607e+005  0.95196 0.98115 0.99995   0.00015 0.00001   1.000 0.974 0.952 0.999 
0.03196  1.9587e+005  0.95083 0.98078 0.99995   0.00015 0.00001   1.000 0.974 0.951 0.998 
0.03295  1.9567e+005  0.94956 0.98026 0.99994   0.00015 0.00001   1.000 0.973 0.950 0.998 
0.03395  1.9547e+005  0.94844 0.97990 0.99993   0.00015 0.00002   1.000 0.973 0.948 0.998 
0.03495  1.9527e+005  0.94667 0.97939 0.99993   0.00015 0.00002   1.000 0.973 0.947 0.998 
0.03595  1.9506e+005  0.94512 0.97884 0.99992   0.00015 0.00002   1.000 0.972 0.945 0.998 
0.03695  1.9486e+005  0.94427 0.97850 0.99991   0.00014 0.00002   1.000 0.972 0.944 0.998 
0.03795  1.9466e+005  0.94258 0.97795 0.99990   0.00014 0.00003   1.000 0.971 0.943 0.998 
0.03894  1.9446e+005  0.94117 0.97743 0.99989   0.00014 0.00003   1.000 0.971 0.941 0.998 
0.03994  1.9426e+005  0.93983 0.97685 0.99988   0.00014 0.00003   1.000 0.970 0.940 0.998 
0.04094  1.9405e+005  0.93919 0.97635 0.99987   0.00014 0.00003   1.000 0.969 0.939 0.998 
0.04194  1.9385e+005  0.93828 0.97593 0.99986   0.00014 0.00004   1.000 0.968 0.938 0.997 
0.04294  1.9365e+005  0.93644 0.97516 0.99984   0.00014 0.00004   1.000 0.967 0.936 0.997 
0.04394  1.9345e+005  0.93531 0.97465 0.99983   0.00014 0.00004   1.000 0.966 0.935 0.997 
0.04493  1.9325e+005  0.93341 0.97394 0.99982   0.00014 0.00005   1.000 0.965 0.933 0.997 
0.04593  1.9304e+005  0.93186 0.97312 0.99980   0.00015 0.00005   1.000 0.964 0.932 0.997 
0.04693  1.9284e+005  0.93009 0.97229 0.99979   0.00015 0.00005   1.000 0.962 0.930 0.997 
0.04793  1.9264e+005  0.92833 0.97139 0.99977   0.00015 0.00006   1.000 0.961 0.928 0.997 
0.04893  1.9244e+005  0.92734 0.97076 0.99975   0.00015 0.00006   1.000 0.959 0.927 0.997 
0.04993  1.9224e+005  0.92642 0.97005 0.99974   0.00015 0.00007   1.000 0.958 0.926 0.996 
0.05092  1.9203e+005  0.92516 0.96948 0.99972   0.00015 0.00007   1.000 0.957 0.925 0.996 
0.05192  1.9183e+005  0.92424 0.96893 0.99970   0.00015 0.00008   1.000 0.956 0.924 0.996 
0.05292  1.9163e+005  0.92297 0.96821 0.99968   0.00015 0.00008   1.000 0.954 0.923 0.996 
0.05392  1.9143e+005  0.92177 0.96755 0.99966   0.00015 0.00009   1.000 0.953 0.922 0.996 
0.05492  1.9123e+005  0.92092 0.96711 0.99964   0.00015 0.00009   1.000 0.952 0.921 0.996 
0.05592  1.9102e+005  0.91965 0.96631 0.99961   0.00015 0.00010   1.000 0.951 0.920 0.995 
0.05691  1.9082e+005  0.91810 0.96552 0.99959   0.00015 0.00010   1.000 0.949 0.918 0.995 
0.05791  1.9062e+005  0.91676 0.96488 0.99956   0.00015 0.00011   1.000 0.948 0.917 0.995 
0.05891  1.9042e+005  0.91535 0.96404 0.99954   0.00015 0.00012   1.000 0.946 0.915 0.995 
0.05991  1.9022e+005  0.91443 0.96327 0.99951   0.00015 0.00012   1.000 0.944 0.914 0.995 
0.06091  1.9001e+005  0.91359 0.96266 0.99948   0.00015 0.00013   0.999 0.943 0.914 0.994 
0.06191  1.8981e+005  0.91224 0.96178 0.99945   0.00016 0.00014   0.999 0.941 0.912 0.994 
0.06290  1.8961e+005  0.91133 0.96106 0.99942   0.00016 0.00014   0.999 0.939 0.911 0.994 
0.06390  1.8941e+005  0.91062 0.96024 0.99939   0.00016 0.00015   0.999 0.937 0.911 0.994 
0.06490  1.8921e+005  0.90978 0.95953 0.99936   0.00016 0.00016   0.999 0.935 0.910 0.994 
0.06590  1.89e+005   0.90928 0.95876 0.99932   0.00016 0.00017   0.999 0.933 0.909 0.993 
0.06690  1.888e+005  0.90822 0.95800 0.99929   0.00016 0.00018   0.999 0.931 0.908 0.993 
0.06790  1.886e+005  0.90766 0.95753 0.99927   0.00016 0.00018   0.999 0.930 0.908 0.993 
0.06889  1.884e+005  0.90646 0.95656 0.99923   0.00016 0.00019   0.999 0.928 0.906 0.993 
0.06989  1.882e+005  0.90561 0.95591 0.99919   0.00016 0.00020   0.999 0.926 0.906 0.993 
0.07089  1.8799e+005  0.90406 0.95506 0.99915   0.00016 0.00021   0.999 0.925 0.904 0.992 
0.07189  1.8779e+005  0.90293 0.95439 0.99911   0.00016 0.00022   0.999 0.923 0.903 0.992 
0.07289  1.8759e+005  0.90187 0.95370 0.99907   0.00016 0.00023   0.999 0.922 0.902 0.992 
0.07389  1.8739e+005  0.90068 0.95201 0.99903   0.00017 0.00024   0.999 0.917 0.901 0.992 
0.07488  1.8719e+005  0.89955 0.95103 0.99899   0.00017 0.00025   0.999 0.914 0.900 0.991 
0.07588  1.8698e+005  0.89842 0.95009 0.99894   0.00017 0.00027   0.999 0.912 0.898 0.991 
0.07688  1.8678e+005  0.89743 0.94939 0.99889   0.00017 0.00028   0.999 0.910 0.897 0.991 
0.07788  1.8658e+005  0.89680 0.94901 0.99884   0.00017 0.00029   0.999 0.910 0.897 0.991 
0.07888  1.8638e+005  0.89616 0.94862 0.99879   0.00017 0.00030   0.999 0.909 0.896 0.990 
0.07988  1.8618e+005  0.89461 0.94785 0.99874   0.00017 0.00032   0.999 0.908 0.895 0.990 
0.08087  1.8597e+005  0.89348 0.94734 0.99869   0.00017 0.00033   0.999 0.907 0.893 0.990 
0.08187  1.8577e+005  0.89221 0.94680 0.99863   0.00017 0.00034   0.999 0.907 0.892 0.990 
0.08287  1.8557e+005  0.89087 0.94618 0.99858   0.00017 0.00036   0.999 0.906 0.891 0.989 
0.08387  1.8537e+005  0.88988 0.94565 0.99852   0.00017 0.00037   0.999 0.905 0.890 0.989 
0.08487  1.8517e+005  0.88896 0.94523 0.99846   0.00017 0.00039   0.998 0.905 0.889 0.989 
0.08587  1.8496e+005  0.88833 0.94477 0.99840   0.00016 0.00040   0.998 0.904 0.888 0.988 
0.08686  1.8476e+005  0.88755 0.94435 0.99834   0.00016 0.00042   0.998 0.903 0.888 0.988 
0.08786  1.8456e+005  0.88642 0.94376 0.99827   0.00016 0.00043   0.998 0.902 0.886 0.988 
0.08886  1.8436e+005  0.88544 0.94314 0.99821   0.00016 0.00045   0.998 0.901 0.885 0.988 
0.08986  1.8416e+005  0.88424 0.94265 0.99814   0.00016 0.00046   0.998 0.901 0.884 0.987 
0.09086  1.8395e+005  0.88318 0.94217 0.99807   0.00016 0.00048   0.998 0.901 0.883 0.987 
0.09186  1.8375e+005  0.88184 0.94162 0.99800   0.00016 0.00050   0.998 0.900 0.882 0.987 
0.09285  1.8355e+005  0.88015 0.94089 0.99793   0.00016 0.00052   0.998 0.899 0.880 0.986 
0.09385  1.8335e+005  0.87916 0.94038 0.99787   0.00016 0.00053   0.998 0.898 0.879 0.986 
0.09485  1.8315e+005  0.87796 0.93991 0.99781   0.00016 0.00055   0.998 0.898 0.878 0.986 
0.09585  1.8294e+005  0.87676 0.93928 0.99774   0.00016 0.00057   0.998 0.897 0.877 0.985 
0.09685  1.8274e+005  0.87584 0.93877 0.99766   0.00016 0.00059   0.998 0.897 0.876 0.985 
0.09785  1.8254e+005  0.87478 0.93825 0.99758   0.00016 0.00061   0.998 0.896 0.875 0.985 
0.09884  1.8234e+005  0.87387 0.93764 0.99750   0.00016 0.00062   0.998 0.895 0.874 0.984 
0.09984  1.8214e+005  0.87267 0.93710 0.99742   0.00016 0.00064   0.997 0.894 0.873 0.984 
0.10084  1.8193e+005  0.87175 0.93649 0.99734   0.00016 0.00067   0.997 0.893 0.872 0.984 
0.10184  1.8173e+005  0.87034 0.93581 0.99726   0.00016 0.00069   0.997 0.892 0.870 0.983 
0.10284  1.8153e+005  0.86914 0.93519 0.99718   0.00016 0.00071   0.997 0.891 0.869 0.983 
0.10384  1.8133e+005  0.86780 0.93455 0.99709   0.00016 0.00073   0.997 0.891 0.868 0.983 
0.10483  1.8113e+005  0.86667 0.93399 0.99700   0.00016 0.00075   0.997 0.890 0.867 0.982 
0.10583  1.8092e+005  0.86618 0.93359 0.99691   0.00016 0.00077   0.997 0.889 0.866 0.982 
0.10683  1.8072e+005  0.86505 0.93297 0.99682   0.00016 0.00079   0.997 0.888 0.865 0.982 
0.10783  1.8052e+005  0.86420 0.93248 0.99675   0.00016 0.00081   0.997 0.888 0.864 0.981 
0.10883  1.8032e+005  0.86307 0.93196 0.99666   0.00016 0.00084   0.997 0.887 0.863 0.981 
0.10983  1.8012e+005  0.86251 0.93160 0.99657   0.00016 0.00086   0.997 0.887 0.863 0.981 
0.11082  1.7991e+005  0.86159 0.93106 0.99647   0.00016 0.00088   0.996 0.886 0.862 0.980 
0.11182  1.7971e+005  0.86046 0.93047 0.99638   0.00016 0.00091   0.996 0.885 0.860 0.980 
0.11282  1.7951e+005  0.85955 0.92985 0.99628   0.00016 0.00093   0.996 0.884 0.860 0.980 
0.11382  1.7931e+005  0.85828 0.92918 0.99618   0.00016 0.00096   0.996 0.883 0.858 0.979 
0.11482  1.7911e+005  0.85757 0.92867 0.99608   0.00016 0.00098   0.996 0.882 0.858 0.979 
0.11582  1.789e+005  0.85694 0.92814 0.99598   0.00016 0.00101   0.996 0.881 0.857 0.978 
0.11681  1.787e+005  0.85581 0.92762 0.99587   0.00016 0.00103   0.996 0.881 0.856 0.978 
0.11781  1.785e+005  0.85397 0.92671 0.99577   0.00016 0.00106   0.996 0.879 0.854 0.978 
0.11881  1.783e+005  0.85270 0.92601 0.99566   0.00016 0.00109   0.996 0.878 0.853 0.977 
0.11981  1.781e+005  0.85157 0.92537 0.99555   0.00016 0.00111   0.996 0.877 0.852 0.977 
0.12081  1.7789e+005  0.85066 0.92490 0.99544   0.00016 0.00114   0.995 0.877 0.851 0.977 
0.12181  1.7769e+005  0.84925 0.92412 0.99533   0.00016 0.00117   0.995 0.876 0.849 0.976 
0.12280  1.7749e+005  0.84826 0.92340 0.99522   0.00016 0.00120   0.995 0.874 0.848 0.976 
0.12380  1.7729e+005  0.84692 0.92278 0.99510   0.00016 0.00123   0.995 0.874 0.847 0.975 
0.12480  1.7709e+005  0.84600 0.92222 0.99498   0.00016 0.00126   0.995 0.873 0.846 0.975 
0.12580  1.7688e+005  0.84487 0.92163 0.99487   0.00016 0.00129   0.995 0.872 0.845 0.975 
0.12680  1.7668e+005  0.84403 0.92111 0.99474   0.00016 0.00132   0.995 0.872 0.844 0.974 
0.12780  1.7648e+005  0.84297 0.92050 0.99462   0.00016 0.00135   0.995 0.871 0.843 0.974 
0.12879  1.7628e+005  0.84043 0.91914 0.99450   0.00016 0.00138   0.995 0.868 0.840 0.973 
0.12979  1.7608e+005  0.83958 0.91858 0.99439   0.00016 0.00141   0.994 0.867 0.840 0.973 
0.13079  1.7587e+005  0.83866 0.91789 0.99428   0.00016 0.00143   0.994 0.866 0.839 0.973 
0.13179  1.7567e+005  0.83690 0.91708 0.99415   0.00016 0.00147   0.994 0.865 0.837 0.972 
0.13279  1.7547e+005  0.83563 0.91634 0.99402   0.00016 0.00150   0.994 0.864 0.836 0.972 
0.13379  1.7527e+005  0.83478 0.91571 0.99389   0.00017 0.00153   0.994 0.863 0.835 0.971 
0.13478  1.7507e+005  0.83394 0.91503 0.99375   0.00017 0.00156   0.994 0.861 0.834 0.971 
0.13578  1.7486e+005  0.83267 0.91422 0.99362   0.00017 0.00160   0.994 0.860 0.833 0.971 
0.13678  1.7466e+005  0.83140 0.91352 0.99348   0.00017 0.00163   0.993 0.859 0.831 0.970 
0.13778  1.7446e+005  0.82985 0.91262 0.99334   0.00017 0.00167   0.993 0.858 0.830 0.970 
0.13878  1.7426e+005  0.82829 0.91130 0.99321   0.00017 0.00170   0.993 0.854 0.828 0.969 
0.13978  1.7406e+005  0.82738 0.91050 0.99307   0.00017 0.00174   0.993 0.853 0.827 0.969 
0.14077  1.7385e+005  0.82646 0.90974 0.99292   0.00017 0.00177   0.993 0.851 0.826 0.969 
0.14177  1.7365e+005  0.82575 0.90914 0.99280   0.00017 0.00180   0.993 0.850 0.826 0.968 
0.14277  1.7345e+005  0.82448 0.90824 0.99266   0.00017 0.00184   0.993 0.848 0.824 0.968 
0.14377  1.7325e+005  0.82336 0.90736 0.99252   0.00017 0.00188   0.993 0.846 0.823 0.967 
0.14477  1.7305e+005  0.82272 0.90670 0.99237   0.00017 0.00191   0.992 0.845 0.823 0.967 
0.14577  1.7284e+005  0.82202 0.90546 0.99232   0.00017 0.00193   0.992 0.841 0.822 0.967 
0.14676  1.7264e+005  0.82166 0.90217 0.99231   0.00018 0.00193   0.992 0.828 0.822 0.967 
0.14776  1.7244e+005  0.81414 0.89863 0.99229   0.00018 0.00193   0.992 0.814 0.821 0.967 
0.14876  1.7224e+005  0.81336 0.89841 0.99229   0.00018 0.00193   0.992 0.813 0.821 0.967 
0.14976  1.7204e+005  0.81336 0.89841 0.99229   0.00018 0.00193   0.992 0.813 0.821 0.967 
0.15076  1.7183e+005  0.81328 0.89837 0.99229   0.00018 0.00193   0.992 0.813 0.821 0.967 
0.15176  1.7163e+005  0.80268 0.89566 0.99225   0.00018 0.00194   0.992 0.803 0.821 0.967 
0.15275  1.7143e+005  0.80268 0.89564 0.99225   0.00018 0.00194   0.992 0.803 0.821 0.967 
0.15375  1.7123e+005  0.80252 0.89559 0.99225   0.00018 0.00194   0.992 0.803 0.821 0.967 
0.15475  1.7103e+005  0.79852 0.89454 0.99222   0.00018 0.00195   0.992 0.799 0.821 0.967 
0.15575  1.7082e+005  0.79836 0.89446 0.99222   0.00018 0.00195   0.992 0.798 0.821 0.967 
0.15675  1.7062e+005  0.78956 0.89213 0.99215   0.00018 0.00197   0.992 0.790 0.820 0.966 
0.15775  1.7042e+005  0.78948 0.89210 0.99215   0.00018 0.00197   0.992 0.789 0.820 0.966 
0.15874  1.7022e+005  0.78548 0.89107 0.99212   0.00018 0.00198   0.992 0.785 0.820 0.966 
0.15974  1.7002e+005  0.78540 0.89104 0.99212   0.00018 0.00198   0.992 0.785 0.820 0.966 
0.16074  1.6981e+005  0.78422 0.89069 0.99209   0.00018 0.00198   0.992 0.784 0.820 0.966 
0.16174  1.6961e+005  0.78265 0.88996 0.99194   0.00018 0.00202   0.992 0.783 0.819 0.966 
0.16274  1.6941e+005  0.78171 0.88937 0.99179   0.00018 0.00206   0.992 0.782 0.819 0.965 
0.16374  1.6921e+005  0.77998 0.88858 0.99164   0.00018 0.00210   0.992 0.780 0.818 0.965 
0.16473  1.6901e+005  0.77841 0.88779 0.99149   0.00018 0.00213   0.991 0.778 0.817 0.964 
0.16573  1.688e+005  0.77590 0.88670 0.99133   0.00018 0.00217   0.991 0.776 0.816 0.964 
0.16673  1.686e+005  0.77386 0.88582 0.99117   0.00018 0.00221   0.991 0.774 0.815 0.964 
0.16773  1.684e+005  0.77237 0.88505 0.99101   0.00018 0.00225   0.991 0.772 0.814 0.963 
0.16873  1.682e+005  0.77087 0.88431 0.99085   0.00018 0.00230   0.991 0.771 0.813 0.963 
0.16973  1.68e+005   0.76907 0.88351 0.99068   0.00018 0.00234   0.991 0.769 0.812 0.962 
0.17072  1.6779e+005  0.76726 0.88260 0.99052   0.00018 0.00238   0.991 0.767 0.811 0.962 
0.17172  1.6759e+005  0.76553 0.88171 0.99035   0.00019 0.00242   0.990 0.766 0.810 0.961 
0.17272  1.6739e+005  0.76373 0.88084 0.99017   0.00019 0.00247   0.990 0.764 0.809 0.961 
0.17372  1.6719e+005  0.76216 0.87997 0.99000   0.00019 0.00251   0.990 0.762 0.807 0.960 
0.17472  1.6699e+005  0.76027 0.87907 0.98983   0.00019 0.00255   0.990 0.760 0.806 0.960 
0.17572  1.6678e+005  0.75917 0.87831 0.98965   0.00019 0.00260   0.990 0.759 0.805 0.959 
0.17671  1.6658e+005  0.75792 0.87750 0.98949   0.00019 0.00264   0.989 0.758 0.804 0.959 
0.17771  1.6638e+005  0.75737 0.87730 0.98945   0.00019 0.00265   0.989 0.757 0.804 0.959 
0.17871  1.6618e+005  0.75674 0.87693 0.98938   0.00019 0.00267   0.989 0.757 0.803 0.959 
0.17971  1.6598e+005  0.75556 0.87633 0.98922   0.00019 0.00271   0.989 0.756 0.802 0.958 
0.18071  1.6577e+005  0.75423 0.87559 0.98905   0.00019 0.00275   0.989 0.754 0.801 0.958 
0.18171  1.6557e+005  0.75297 0.87482 0.98887   0.00019 0.00279   0.989 0.753 0.800 0.957 
0.18270  1.6537e+005  0.75148 0.87400 0.98869   0.00019 0.00284   0.989 0.751 0.799 0.957 
0.18370  1.6517e+005  0.75030 0.87321 0.98851   0.00019 0.00288   0.989 0.750 0.798 0.956 
0.18470  1.6497e+005  0.74881 0.87244 0.98833   0.00019 0.00293   0.988 0.749 0.797 0.956 
0.18570  1.6476e+005  0.74747 0.87168 0.98815   0.00019 0.00298   0.988 0.747 0.796 0.955 
0.18670  1.6456e+005  0.74630 0.87096 0.98796   0.00019 0.00302   0.988 0.746 0.795 0.955 
0.18770  1.6436e+005  0.74512 0.87022 0.98777   0.00019 0.00307   0.988 0.745 0.794 0.954 
0.18869  1.6416e+005  0.74441 0.86973 0.98767   0.00019 0.00310   0.988 0.744 0.793 0.954 
0.18969  1.6396e+005  0.74355 0.86931 0.98760   0.00019 0.00311   0.988 0.744 0.792 0.954 
0.19069  1.6375e+005  0.74237 0.86872 0.98747   0.00019 0.00315   0.987 0.742 0.791 0.954 
0.19169  1.6355e+005  0.74143 0.86817 0.98730   0.00019 0.00319   0.987 0.741 0.791 0.953 
0.19269  1.6335e+005  0.73994 0.86745 0.98711   0.00019 0.00324   0.987 0.740 0.790 0.953 
0.19369  1.6315e+005  0.73892 0.86669 0.98691   0.00019 0.00329   0.987 0.739 0.789 0.952 
0.19468  1.6295e+005  0.73789 0.86611 0.98672   0.00019 0.00334   0.987 0.738 0.788 0.952 
0.19568  1.6274e+005  0.73640 0.86536 0.98652   0.00019 0.00339   0.987 0.736 0.787 0.951 
0.19668  1.6254e+005  0.73522 0.86464 0.98631   0.00019 0.00344   0.986 0.735 0.786 0.951 
0.19768  1.6234e+005  0.73413 0.86404 0.98610   0.00019 0.00349   0.986 0.734 0.786 0.950 
0.19868  1.6214e+005  0.73303 0.86340 0.98589   0.00019 0.00355   0.986 0.733 0.785 0.950 
0.19968  1.6194e+005  0.73169 0.86252 0.98569   0.00019 0.00360   0.986 0.732 0.784 0.949 
0.20067  1.6173e+005  0.72996 0.86155 0.98547   0.00019 0.00365   0.985 0.730 0.782 0.949 
0.20167  1.6153e+005  0.72824 0.86067 0.98526   0.00019 0.00371   0.985 0.728 0.781 0.948 
0.20267  1.6133e+005  0.72721 0.86005 0.98504   0.00019 0.00376   0.985 0.727 0.780 0.947 
0.20367  1.6113e+005  0.72533 0.85907 0.98481   0.00019 0.00382   0.985 0.725 0.779 0.947 
0.20467  1.6093e+005  0.72392 0.85821 0.98458   0.00019 0.00388   0.985 0.724 0.778 0.946 
0.20567  1.6072e+005  0.72203 0.85733 0.98436   0.00019 0.00393   0.984 0.722 0.777 0.946 
0.20666  1.6052e+005  0.72054 0.85643 0.98412   0.00019 0.00399   0.984 0.721 0.776 0.945 
0.20766  1.6032e+005  0.71991 0.85598 0.98403   0.00019 0.00402   0.984 0.720 0.775 0.945 
0.20866  1.6012e+005  0.71944 0.85565 0.98394   0.00019 0.00404   0.984 0.719 0.774 0.945 
0.20966  1.5992e+005  0.71771 0.85487 0.98375   0.00019 0.00409   0.984 0.718 0.774 0.944 
0.21066  1.5971e+005  0.71669 0.85420 0.98355   0.00019 0.00414   0.984 0.717 0.773 0.944 
0.21166  1.5951e+005  0.71473 0.85334 0.98334   0.00019 0.00419   0.983 0.715 0.772 0.943 
0.21265  1.5931e+005  0.71292 0.85232 0.98311   0.00019 0.00425   0.983 0.713 0.770 0.943 
0.21365  1.5911e+005  0.71182 0.85165 0.98288   0.00019 0.00431   0.983 0.712 0.770 0.942 
0.21465  1.5891e+005  0.71096 0.85095 0.98264   0.00019 0.00437   0.983 0.711 0.768 0.942 
0.21565  1.587e+005  0.70915 0.84991 0.98241   0.00019 0.00443   0.982 0.709 0.767 0.941 
0.21665  1.585e+005  0.70853 0.84950 0.98227   0.00019 0.00446   0.982 0.709 0.766 0.941 
0.21765  1.583e+005  0.70829 0.84923 0.98217   0.00019 0.00449   0.982 0.708 0.766 0.941 
0.21864  1.581e+005  0.70648 0.84827 0.98196   0.00019 0.00454   0.982 0.706 0.764 0.940 
0.21964  1.579e+005  0.70484 0.84742 0.98174   0.00019 0.00460   0.982 0.705 0.763 0.940 
0.22064  1.5769e+005  0.70319 0.84659 0.98152   0.00019 0.00465   0.982 0.703 0.762 0.939 
0.22164  1.5749e+005  0.70240 0.84615 0.98137   0.00019 0.00469   0.981 0.702 0.762 0.939 
0.22264  1.5729e+005  0.70240 0.84590 0.98136   0.00019 0.00469   0.981 0.702 0.761 0.939 
0.22364  1.5709e+005  0.70240 0.84564 0.98133   0.00019 0.00470   0.981 0.702 0.760 0.939 
0.22463  1.5689e+005  0.70209 0.84525 0.98126   0.00019 0.00472   0.981 0.702 0.759 0.938 
0.22563  1.5668e+005  0.70060 0.84447 0.98102   0.00019 0.00478   0.981 0.701 0.759 0.938 
0.22663  1.5648e+005  0.69918 0.84370 0.98077   0.00019 0.00484   0.981 0.699 0.758 0.937 
0.22763  1.5628e+005  0.69753 0.84269 0.98052   0.00019 0.00491   0.981 0.698 0.756 0.937 
0.22863  1.5608e+005  0.69604 0.84194 0.98027   0.00019 0.00497   0.980 0.696 0.755 0.936 
0.22963  1.5588e+005  0.69463 0.84116 0.98000   0.00019 0.00504   0.980 0.695 0.755 0.936 
0.23062  1.5567e+005  0.69274 0.84031 0.97973   0.00019 0.00511   0.980 0.693 0.754 0.935 
0.23162  1.5547e+005  0.69125 0.83958 0.97946   0.00019 0.00518   0.979 0.691 0.753 0.934 
0.23262  1.5527e+005  0.68960 0.83865 0.97918   0.00019 0.00525   0.979 0.690 0.752 0.934 
0.23362  1.5507e+005  0.68850 0.83804 0.97889   0.00019 0.00532   0.979 0.689 0.752 0.933 
0.23462  1.5487e+005  0.68685 0.83715 0.97862   0.00019 0.00539   0.979 0.687 0.751 0.932 
0.23562  1.5466e+005  0.68607 0.83676 0.97852   0.00019 0.00541   0.979 0.686 0.750 0.932 
0.23661  1.5446e+005  0.68489 0.83622 0.97837   0.00019 0.00545   0.978 0.685 0.750 0.932 
0.23761  1.5426e+005  0.68332 0.83537 0.97812   0.00019 0.00551   0.978 0.683 0.749 0.931 
0.23861  1.5406e+005  0.68191 0.83464 0.97788   0.00019 0.00558   0.978 0.682 0.748 0.931 
0.23961  1.5386e+005  0.68010 0.83383 0.97762   0.00019 0.00564   0.978 0.680 0.747 0.930 
0.24061  1.5365e+005  0.67877 0.83309 0.97736   0.00019 0.00571   0.977 0.679 0.746 0.930 
0.24161  1.5345e+005  0.67719 0.83219 0.97708   0.00019 0.00578   0.977 0.677 0.745 0.929 
0.24260  1.5325e+005  0.67539 0.83128 0.97679   0.00019 0.00585   0.977 0.675 0.744 0.929 
0.24360  1.5305e+005  0.67460 0.83070 0.97655   0.00019 0.00592   0.977 0.675 0.744 0.928 
0.24460  1.5285e+005  0.67398 0.83037 0.97642   0.00019 0.00595   0.976 0.674 0.743 0.928 
0.24560  1.5264e+005  0.67303 0.82980 0.97622   0.00019 0.00600   0.976 0.673 0.743 0.927 
0.24660  1.5244e+005  0.67060 0.82872 0.97595   0.00019 0.00607   0.976 0.671 0.742 0.927 
0.24760  1.5224e+005  0.66856 0.82783 0.97568   0.00019 0.00614   0.976 0.669 0.741 0.926 
0.24859  1.5204e+005  0.66722 0.82704 0.97541   0.00019 0.00621   0.975 0.667 0.740 0.926 
0.24959  1.5184e+005  0.66597 0.82625 0.97512   0.00019 0.00628   0.975 0.666 0.739 0.925 
0.25059  1.5163e+005  0.66479 0.82552 0.97482   0.00019 0.00636   0.975 0.665 0.738 0.924 
0.25159  1.5143e+005  0.66275 0.82436 0.97452   0.00020 0.00643   0.975 0.663 0.736 0.924 
0.25259  1.5123e+005  0.66086 0.82336 0.97421   0.00020 0.00651   0.974 0.661 0.735 0.923 
0.25359  1.5103e+005  0.65913 0.82239 0.97389   0.00020 0.00659   0.974 0.659 0.734 0.923 
0.25458  1.5083e+005  0.65717 0.82142 0.97358   0.00020 0.00667   0.974 0.657 0.733 0.922 
0.25558  1.5062e+005  0.65513 0.82044 0.97325   0.00020 0.00676   0.973 0.655 0.732 0.921 
0.25658  1.5042e+005  0.65348 0.81948 0.97292   0.00020 0.00684   0.973 0.653 0.731 0.921 
0.25758  1.5022e+005  0.65167 0.81853 0.97259   0.00020 0.00692   0.973 0.652 0.730 0.920 
0.25858  1.5002e+005  0.65034 0.81775 0.97227   0.00020 0.00701   0.972 0.650 0.729 0.919 
0.25958  1.4982e+005  0.64940 0.81726 0.97211   0.00020 0.00705   0.972 0.649 0.729 0.919 
0.26057  1.4961e+005  0.64845 0.81673 0.97190   0.00020 0.00710   0.972 0.648 0.728 0.919 
0.26157  1.4941e+005  0.64696 0.81595 0.97160   0.00020 0.00718   0.972 0.647 0.727 0.918 
0.26257  1.4921e+005  0.64484 0.81500 0.97130   0.00020 0.00725   0.971 0.645 0.726 0.917 
0.26357  1.4901e+005  0.64241 0.81401 0.97098   0.00020 0.00734   0.971 0.642 0.726 0.917 
0.26457  1.4881e+005  0.64052 0.81299 0.97065   0.00020 0.00742   0.971 0.641 0.725 0.916 
0.26557  1.486e+005  0.63856 0.81206 0.97032   0.00020 0.00750   0.970 0.639 0.724 0.915 
0.26656  1.484e+005  0.63730 0.81142 0.96999   0.00020 0.00759   0.970 0.637 0.724 0.915 
0.26756  1.482e+005  0.63621 0.81086 0.96980   0.00020 0.00764   0.970 0.636 0.723 0.914 
0.26856  1.48e+005   0.63550 0.81041 0.96964   0.00020 0.00768   0.970 0.635 0.722 0.914 
0.26956  1.478e+005  0.63456 0.80976 0.96937   0.00020 0.00775   0.969 0.635 0.722 0.914 
0.27056  1.4759e+005  0.63299 0.80902 0.96906   0.00020 0.00783   0.969 0.633 0.721 0.913 
0.27156  1.4739e+005  0.63126 0.80814 0.96873   0.00020 0.00791   0.969 0.631 0.720 0.912 
0.27255  1.4719e+005  0.63000 0.80729 0.96839   0.00020 0.00800   0.968 0.630 0.719 0.912 
0.27355  1.4699e+005  0.62890 0.80656 0.96803   0.00020 0.00809   0.968 0.629 0.718 0.911 
0.27455  1.4679e+005  0.62702 0.80559 0.96768   0.00020 0.00818   0.968 0.627 0.717 0.910 
0.27555  1.4658e+005  0.62576 0.80482 0.96732   0.00020 0.00827   0.967 0.626 0.717 0.910 
0.27655  1.4638e+005  0.62458 0.80397 0.96696   0.00020 0.00837   0.967 0.625 0.715 0.909 
0.27755  1.4618e+005  0.62238 0.80290 0.96658   0.00020 0.00846   0.967 0.622 0.714 0.908 
0.27854  1.4598e+005  0.62081 0.80185 0.96620   0.00020 0.00856   0.966 0.621 0.713 0.908 
0.27954  1.4578e+005  0.61909 0.80086 0.96582   0.00020 0.00866   0.966 0.619 0.712 0.907 
0.28054  1.4557e+005  0.61744 0.79986 0.96545   0.00020 0.00875   0.965 0.617 0.710 0.906 
0.28154  1.4537e+005  0.61634 0.79928 0.96522   0.00020 0.00881   0.965 0.616 0.710 0.906 
0.28254  1.4517e+005  0.61555 0.79869 0.96498   0.00020 0.00887   0.965 0.616 0.709 0.905 
0.28354  1.4497e+005  0.61406 0.79779 0.96468   0.00020 0.00895   0.965 0.614 0.708 0.905 
0.28453  1.4477e+005  0.61280 0.79705 0.96434   0.00020 0.00904   0.964 0.613 0.707 0.904 
0.28553  1.4456e+005  0.61171 0.79612 0.96397   0.00020 0.00913   0.964 0.612 0.705 0.903 
0.28653  1.4436e+005  0.61045 0.79532 0.96358   0.00020 0.00923   0.964 0.610 0.705 0.903 
0.28753  1.4416e+005  0.60927 0.79462 0.96320   0.00020 0.00933   0.963 0.609 0.704 0.902 
0.28853  1.4396e+005  0.60809 0.79391 0.96287   0.00020 0.00941   0.963 0.608 0.703 0.901 
0.28953  1.4376e+005  0.60574 0.79288 0.96254   0.00020 0.00950   0.963 0.606 0.703 0.901 
0.29052  1.4355e+005  0.60432 0.79190 0.96218   0.00020 0.00959   0.962 0.604 0.701 0.900 
0.29152  1.4335e+005  0.60315 0.79118 0.96183   0.00020 0.00968   0.962 0.603 0.700 0.899 
0.29252  1.4315e+005  0.60110 0.79016 0.96144   0.00021 0.00978   0.961 0.601 0.699 0.899 
0.29352  1.4295e+005  0.59985 0.78924 0.96102   0.00021 0.00989   0.961 0.600 0.698 0.898 
0.29452  1.4275e+005  0.59781 0.78816 0.96060   0.00021 0.01000   0.961 0.598 0.697 0.897 
0.29552  1.4254e+005  0.59647 0.78742 0.96023   0.00021 0.01009   0.960 0.596 0.696 0.897 
0.29651  1.4234e+005  0.59553 0.78690 0.96001   0.00021 0.01015   0.960 0.596 0.696 0.896 
0.29751  1.4214e+005  0.59419 0.78617 0.95966   0.00021 0.01024   0.960 0.594 0.695 0.895 
0.29851  1.4194e+005  0.59278 0.78529 0.95929   0.00021 0.01034   0.959 0.593 0.694 0.895 
0.29951  1.4174e+005  0.59145 0.78448 0.95892   0.00021 0.01043   0.959 0.591 0.693 0.894 
0.30051  1.4153e+005  0.59019 0.78357 0.95848   0.00021 0.01055   0.958 0.590 0.692 0.893 
0.30151  1.4133e+005  0.58878 0.78272 0.95813   0.00021 0.01064   0.958 0.589 0.691 0.893 
0.30250  1.4113e+005  0.58760 0.78206 0.95783   0.00021 0.01071   0.958 0.588 0.691 0.892 
0.30350  1.4093e+005  0.58634 0.78136 0.95754   0.00021 0.01079   0.958 0.586 0.690 0.892 
0.30450  1.4073e+005  0.58509 0.78062 0.95723   0.00021 0.01087   0.957 0.585 0.689 0.891 
0.30550  1.4052e+005  0.58422 0.78001 0.95684   0.00021 0.01097   0.957 0.584 0.689 0.890 
0.30650  1.4032e+005  0.58297 0.77907 0.95643   0.00021 0.01107   0.956 0.583 0.687 0.890 
0.30750  1.4012e+005  0.58147 0.77811 0.95602   0.00021 0.01118   0.956 0.581 0.686 0.889 
0.30849  1.3992e+005  0.57990 0.77730 0.95559   0.00021 0.01129   0.956 0.580 0.685 0.888 
0.30949  1.3972e+005  0.57857 0.77645 0.95519   0.00021 0.01140   0.955 0.579 0.684 0.888 
0.31049  1.3951e+005  0.57739 0.77584 0.95481   0.00021 0.01149   0.955 0.577 0.684 0.887 
0.31149  1.3931e+005  0.57606 0.77508 0.95441   0.00021 0.01160   0.954 0.576 0.684 0.886 
0.31249  1.3911e+005  0.57511 0.77436 0.95400   0.00021 0.01171   0.954 0.575 0.683 0.886 
0.31349  1.3891e+005  0.57409 0.77357 0.95358   0.00021 0.01181   0.954 0.574 0.682 0.885 
0.31448  1.3871e+005  0.57276 0.77278 0.95314   0.00021 0.01193   0.953 0.573 0.681 0.884 
0.31548  1.385e+005  0.57134 0.77195 0.95267   0.00021 0.01205   0.953 0.571 0.681 0.883 
0.31648  1.383e+005  0.57056 0.77130 0.95223   0.00021 0.01216   0.952 0.571 0.680 0.882 
0.31748  1.381e+005  0.56860 0.77040 0.95187   0.00021 0.01226   0.952 0.569 0.679 0.882 
0.31848  1.379e+005  0.56710 0.76951 0.95150   0.00021 0.01235   0.952 0.567 0.678 0.881 
0.31948  1.377e+005  0.56608 0.76877 0.95109   0.00021 0.01246   0.951 0.566 0.677 0.881 
0.32047  1.3749e+005  0.56522 0.76798 0.95064   0.00021 0.01258   0.951 0.565 0.676 0.880 
0.32147  1.3729e+005  0.56420 0.76716 0.95017   0.00021 0.01270   0.950 0.564 0.675 0.879 
0.32247  1.3709e+005  0.56318 0.76632 0.94971   0.00021 0.01282   0.950 0.563 0.674 0.878 
0.32347  1.3689e+005  0.56224 0.76577 0.94935   0.00021 0.01291   0.949 0.562 0.674 0.878 
0.32447  1.3669e+005  0.56137 0.76522 0.94900   0.00021 0.01300   0.949 0.561 0.674 0.877 
0.32547  1.3648e+005  0.56051 0.76472 0.94868   0.00021 0.01308   0.949 0.561 0.673 0.876 
0.32646  1.3628e+005  0.55909 0.76394 0.94829   0.00021 0.01319   0.948 0.559 0.673 0.876 
0.32746  1.3608e+005  0.55854 0.76340 0.94787   0.00021 0.01329   0.948 0.559 0.672 0.875 
0.32846  1.3588e+005  0.55737 0.76266 0.94747   0.00021 0.01340   0.947 0.557 0.671 0.874 
0.32946  1.3568e+005  0.55619 0.76192 0.94701   0.00021 0.01352   0.947 0.556 0.671 0.874 
0.33046  1.3547e+005  0.55517 0.76119 0.94657   0.00021 0.01364   0.947 0.555 0.670 0.873 
0.33146  1.3527e+005  0.55368 0.76027 0.94612   0.00021 0.01375   0.946 0.554 0.669 0.872 
0.33245  1.3507e+005  0.55242 0.75949 0.94568   0.00021 0.01387   0.946 0.552 0.669 0.871 
0.33345  1.3487e+005  0.55116 0.75863 0.94522   0.00021 0.01399   0.945 0.551 0.668 0.871 
0.33445  1.3467e+005  0.54991 0.75780 0.94474   0.00021 0.01411   0.945 0.550 0.667 0.870 
0.33545  1.3446e+005  0.54920 0.75703 0.94424   0.00021 0.01424   0.944 0.549 0.666 0.869 
0.33645  1.3426e+005  0.54818 0.75621 0.94374   0.00021 0.01437   0.944 0.548 0.665 0.868 
0.33745  1.3406e+005  0.54716 0.75547 0.94326   0.00021 0.01450   0.943 0.547 0.664 0.867 
0.33844  1.3386e+005  0.54677 0.75498 0.94295   0.00021 0.01458   0.943 0.547 0.663 0.867 
0.33944  1.3366e+005  0.54574 0.75417 0.94256   0.00021 0.01468   0.943 0.546 0.662 0.866 
0.34044  1.3345e+005  0.54504 0.75351 0.94212   0.00021 0.01480   0.942 0.545 0.661 0.865 
0.34144  1.3325e+005  0.54457 0.75293 0.94161   0.00021 0.01493   0.942 0.545 0.661 0.865 
0.34244  1.3305e+005  0.54331 0.75199 0.94113   0.00021 0.01505   0.941 0.543 0.660 0.864 
0.34344  1.3285e+005  0.54237 0.75135 0.94074   0.00021 0.01516   0.941 0.542 0.659 0.863 
0.34443  1.3265e+005  0.54190 0.75088 0.94045   0.00021 0.01523   0.940 0.542 0.658 0.863 
0.34543  1.3244e+005  0.54111 0.75029 0.94013   0.00021 0.01532   0.940 0.541 0.658 0.862 
0.34643  1.3224e+005  0.54041 0.74969 0.93970   0.00021 0.01543   0.940 0.540 0.657 0.862 
0.34743  1.3204e+005  0.53915 0.74883 0.93921   0.00021 0.01556   0.939 0.539 0.656 0.861 
0.34843  1.3184e+005  0.53829 0.74804 0.93871   0.00021 0.01569   0.939 0.538 0.655 0.860 
0.34943  1.3164e+005  0.53750 0.74737 0.93821   0.00021 0.01582   0.938 0.537 0.655 0.859 
0.35042  1.3143e+005  0.53687 0.74655 0.93770   0.00021 0.01595   0.938 0.537 0.653 0.858 
0.35142  1.3123e+005  0.53593 0.74586 0.93719   0.00021 0.01609   0.937 0.536 0.653 0.857 
0.35242  1.3103e+005  0.53397 0.74477 0.93666   0.00021 0.01622   0.937 0.534 0.652 0.857 
0.35342  1.3083e+005  0.53334 0.74401 0.93612   0.00021 0.01637   0.936 0.533 0.651 0.856 
0.35442  1.3063e+005  0.53216 0.74315 0.93559   0.00021 0.01651   0.936 0.532 0.650 0.855 
0.35542  1.3042e+005  0.53130 0.74247 0.93513   0.00021 0.01663   0.935 0.531 0.649 0.854 
0.35641  1.3022e+005  0.53043 0.74190 0.93478   0.00021 0.01672   0.935 0.530 0.649 0.854 
0.35741  1.3002e+005  0.52988 0.74134 0.93436   0.00021 0.01683   0.934 0.530 0.648 0.853 
0.35841  1.2982e+005  0.52863 0.74046 0.93383   0.00021 0.01697   0.934 0.529 0.647 0.852 
0.35941  1.2962e+005  0.52784 0.73977 0.93331   0.00021 0.01711   0.933 0.528 0.647 0.851 
0.36041  1.2941e+005  0.52706 0.73912 0.93282   0.00021 0.01724   0.933 0.527 0.646 0.851 
0.36141  1.2921e+005  0.52635 0.73855 0.93244   0.00021 0.01734   0.932 0.526 0.646 0.850 
0.36240  1.2901e+005  0.52596 0.73810 0.93209   0.00021 0.01743   0.932 0.526 0.645 0.849 
0.36340  1.2881e+005  0.52517 0.73747 0.93166   0.00021 0.01754   0.932 0.525 0.644 0.849 
0.36440  1.2861e+005  0.52478 0.73694 0.93113   0.00021 0.01768   0.931 0.525 0.644 0.848 
0.36540  1.284e+005  0.52399 0.73609 0.93055   0.00021 0.01783   0.931 0.524 0.643 0.847 
0.36640  1.282e+005  0.52321 0.73534 0.92997   0.00021 0.01799   0.930 0.523 0.642 0.846 
0.36740  1.28e+005   0.52203 0.73440 0.92938   0.00021 0.01814   0.929 0.522 0.641 0.845 
0.36839  1.278e+005  0.52109 0.73364 0.92879   0.00021 0.01830   0.929 0.521 0.640 0.844 
0.36939  1.276e+005  0.52022 0.73291 0.92820   0.00021 0.01845   0.928 0.520 0.640 0.843 
0.37039  1.2739e+005  0.51928 0.73209 0.92760   0.00021 0.01861   0.928 0.519 0.639 0.842 
0.37139  1.2719e+005  0.51858 0.73148 0.92705   0.00021 0.01876   0.927 0.519 0.639 0.842 
0.37239  1.2699e+005  0.51842 0.73099 0.92662   0.00021 0.01887   0.927 0.518 0.638 0.841 
0.37339  1.2679e+005  0.51803 0.73051 0.92621   0.00021 0.01898   0.926 0.518 0.638 0.840 
0.37438  1.2659e+005  0.51701 0.72977 0.92571   0.00021 0.01911   0.926 0.517 0.637 0.840 
0.37538  1.2638e+005  0.51638 0.72902 0.92514   0.00021 0.01926   0.925 0.516 0.636 0.839 
0.37638  1.2618e+005  0.51559 0.72821 0.92459   0.00021 0.01941   0.925 0.516 0.635 0.838 
0.37738  1.2598e+005  0.51528 0.72769 0.92414   0.00021 0.01953   0.924 0.515 0.634 0.837 
0.37838  1.2578e+005  0.51457 0.72711 0.92373   0.00021 0.01964   0.924 0.515 0.634 0.836 
0.37938  1.2558e+005  0.51355 0.72644 0.92325   0.00021 0.01977   0.923 0.514 0.633 0.836 
0.38037  1.2537e+005  0.51198 0.72570 0.92274   0.00021 0.01990   0.923 0.512 0.633 0.835 
0.38137  1.2517e+005  0.50633 0.72369 0.92223   0.00021 0.02004   0.922 0.506 0.632 0.834 
0.38237  1.2497e+005  0.50515 0.72287 0.92161   0.00022 0.02020   0.922 0.505 0.631 0.833 
0.38337  1.2477e+005  0.50421 0.72209 0.92098   0.00022 0.02037   0.921 0.504 0.631 0.832 
0.38437  1.2457e+005  0.50326 0.72131 0.92035   0.00022 0.02054   0.920 0.503 0.630 0.831 
0.38537  1.2436e+005  0.50216 0.72043 0.91971   0.00022 0.02071   0.920 0.502 0.629 0.831 
0.38636  1.2416e+005  0.50075 0.71951 0.91911   0.00022 0.02087   0.919 0.501 0.629 0.830 
0.38736  1.2396e+005  0.50012 0.71899 0.91864   0.00022 0.02099   0.919 0.500 0.628 0.829 
0.38836  1.2376e+005  0.49918 0.71832 0.91817   0.00022 0.02112   0.918 0.499 0.628 0.828 
0.38936  1.2356e+005  0.49761 0.71733 0.91760   0.00022 0.02127   0.918 0.498 0.627 0.827 
0.39036  1.2335e+005  0.49627 0.71642 0.91701   0.00022 0.02143   0.917 0.496 0.626 0.827 
0.39136  1.2315e+005  0.49541 0.71571 0.91644   0.00022 0.02158   0.916 0.495 0.625 0.826 
0.39235  1.2295e+005  0.49455 0.71516 0.91599   0.00022 0.02170   0.916 0.495 0.625 0.825 
0.39335  1.2275e+005  0.49337 0.71453 0.91552   0.00022 0.02182   0.916 0.493 0.625 0.824 
0.39435  1.2255e+005  0.49274 0.71400 0.91503   0.00022 0.02196   0.915 0.493 0.625 0.824 
0.39535  1.2234e+005  0.49148 0.71311 0.91440   0.00022 0.02212   0.914 0.491 0.624 0.823 
0.39635  1.2214e+005  0.49031 0.71223 0.91373   0.00022 0.02230   0.914 0.490 0.623 0.822 
0.39735  1.2194e+005  0.48913 0.71132 0.91309   0.00022 0.02247   0.913 0.489 0.622 0.821 
0.39834  1.2174e+005  0.48811 0.71052 0.91241   0.00022 0.02266   0.912 0.488 0.622 0.820 
0.39934  1.2154e+005  0.48693 0.70966 0.91174   0.00022 0.02284   0.912 0.487 0.621 0.819 
0.40034  1.2133e+005  0.48622 0.70891 0.91116   0.00022 0.02299   0.911 0.486 0.620 0.818 
0.40134  1.2113e+005  0.48552 0.70824 0.91063   0.00022 0.02313   0.911 0.486 0.619 0.817 
0.40234  1.2093e+005  0.48481 0.70777 0.91025   0.00022 0.02324   0.910 0.485 0.619 0.817 
0.40334  1.2073e+005  0.48395 0.70706 0.90974   0.00022 0.02337   0.910 0.484 0.619 0.816 
0.40433  1.2053e+005  0.48261 0.70626 0.90914   0.00022 0.02353   0.909 0.483 0.618 0.815 
0.40533  1.2032e+005  0.48183 0.70547 0.90851   0.00022 0.02370   0.909 0.482 0.617 0.814 
0.40633  1.2012e+005  0.48088 0.70459 0.90783   0.00022 0.02388   0.908 0.481 0.616 0.813 
0.40733  1.1992e+005  0.47994 0.70371 0.90711   0.00022 0.02408   0.907 0.480 0.615 0.812 
0.40833  1.1972e+005  0.47908 0.70289 0.90643   0.00022 0.02426   0.906 0.479 0.615 0.811 
0.40933  1.1952e+005  0.47837 0.70219 0.90585   0.00022 0.02442   0.906 0.478 0.614 0.811 
0.41032  1.1931e+005  0.47751 0.70154 0.90529   0.00022 0.02457   0.905 0.478 0.614 0.810 
0.41132  1.1911e+005  0.47641 0.70080 0.90474   0.00022 0.02472   0.905 0.476 0.613 0.809 
0.41232  1.1891e+005  0.47570 0.70007 0.90417   0.00022 0.02487   0.904 0.476 0.612 0.808 
0.41332  1.1871e+005  0.47523 0.69941 0.90354   0.00022 0.02504   0.904 0.475 0.612 0.807 
0.41432  1.1851e+005  0.47437 0.69876 0.90295   0.00022 0.02520   0.903 0.474 0.611 0.806 
0.41531  1.183e+005  0.47390 0.69815 0.90244   0.00022 0.02534   0.902 0.474 0.611 0.806 
0.41631  1.181e+005  0.47311 0.69744 0.90185   0.00022 0.02549   0.902 0.473 0.610 0.805 
0.41731  1.179e+005  0.47217 0.69669 0.90122   0.00022 0.02567   0.901 0.472 0.609 0.804 
0.41831  1.177e+005  0.47123 0.69594 0.90059   0.00022 0.02584   0.901 0.471 0.609 0.803 
0.41931  1.175e+005  0.47020 0.69504 0.89992   0.00022 0.02602   0.900 0.470 0.608 0.802 
0.42031  1.1729e+005  0.46871 0.69412 0.89917   0.00022 0.02622   0.899 0.469 0.607 0.801 
0.42130  1.1709e+005  0.46808 0.69346 0.89845   0.00022 0.02641   0.898 0.468 0.607 0.800 
0.42230  1.1689e+005  0.46698 0.69251 0.89769   0.00022 0.02662   0.898 0.467 0.606 0.799 
0.42330  1.1669e+005  0.46628 0.69192 0.89713   0.00022 0.02677   0.897 0.466 0.606 0.798 
0.42430  1.1649e+005  0.46526 0.69124 0.89652   0.00022 0.02694   0.897 0.465 0.606 0.798 
0.42530  1.1628e+005  0.46463 0.69047 0.89588   0.00022 0.02711   0.896 0.465 0.605 0.797 
0.42630  1.1608e+005  0.46400 0.68983 0.89534   0.00022 0.02726   0.895 0.464 0.604 0.796 
0.42729  1.1588e+005  0.46290 0.68905 0.89470   0.00022 0.02743   0.895 0.463 0.603 0.795 
0.42829  1.1568e+005  0.46172 0.68819 0.89410   0.00022 0.02760   0.894 0.462 0.603 0.794 
0.42929  1.1548e+005  0.46110 0.68755 0.89349   0.00022 0.02776   0.893 0.461 0.602 0.794 
0.43029  1.1527e+005  0.46055 0.68681 0.89285   0.00022 0.02794   0.893 0.461 0.601 0.793 
0.43129  1.1507e+005  0.46000 0.68622 0.89224   0.00022 0.02810   0.892 0.460 0.601 0.792 
0.43229  1.1487e+005  0.45890 0.68532 0.89151   0.00022 0.02830   0.892 0.459 0.600 0.791 
0.43328  1.1467e+005  0.45835 0.68452 0.89071   0.00022 0.02852   0.891 0.458 0.599 0.790 
0.43428  1.1447e+005  0.45733 0.68362 0.88990   0.00022 0.02874   0.890 0.457 0.599 0.789 
0.43528  1.1426e+005  0.45623 0.68272 0.88919   0.00022 0.02893   0.889 0.456 0.598 0.788 
0.43628  1.1406e+005  0.45568 0.68206 0.88855   0.00022 0.02911   0.889 0.456 0.597 0.787 
0.43728  1.1386e+005  0.45521 0.68136 0.88788   0.00022 0.02929   0.888 0.455 0.596 0.786 
0.43828  1.1366e+005  0.45474 0.68061 0.88722   0.00022 0.02947   0.887 0.455 0.595 0.785 
0.43927  1.1346e+005  0.45419 0.67996 0.88659   0.00022 0.02964   0.887 0.454 0.595 0.784 
0.44027  1.1325e+005  0.45356 0.67936 0.88599   0.00022 0.02981   0.886 0.454 0.594 0.783 
0.44127  1.1305e+005  0.45246 0.67865 0.88537   0.00022 0.02998   0.885 0.452 0.594 0.783 
0.44227  1.1285e+005  0.45183 0.67789 0.88469   0.00022 0.03016   0.885 0.452 0.593 0.782 
0.44327  1.1265e+005  0.45089 0.67709 0.88400   0.00022 0.03036   0.884 0.451 0.593 0.781 
0.44427  1.1245e+005  0.44995 0.67622 0.88322   0.00022 0.03057   0.883 0.450 0.592 0.780 
0.44526  1.1224e+005  0.44908 0.67541 0.88240   0.00022 0.03079   0.882 0.449 0.591 0.779 
0.44626  1.1204e+005  0.44822 0.67447 0.88153   0.00022 0.03103   0.882 0.448 0.590 0.778 
0.44726  1.1184e+005  0.44704 0.67353 0.88078   0.00022 0.03124   0.881 0.447 0.590 0.777 
0.44826  1.1164e+005  0.44673 0.67296 0.88011   0.00022 0.03142   0.880 0.447 0.589 0.776 
0.44926  1.1144e+005  0.44570 0.67211 0.87946   0.00022 0.03160   0.879 0.446 0.588 0.775 
0.45026  1.1123e+005  0.44523 0.67143 0.87875   0.00022 0.03180   0.879 0.445 0.588 0.774 
0.45125  1.1103e+005  0.44437 0.67072 0.87812   0.00022 0.03197   0.878 0.444 0.587 0.773 
0.45225  1.1083e+005  0.44358 0.67005 0.87746   0.00022 0.03215   0.877 0.444 0.587 0.772 
0.45325  1.1063e+005  0.44233 0.66920 0.87672   0.00022 0.03236   0.877 0.442 0.586 0.771 
0.45425  1.1043e+005  0.44154 0.66842 0.87602   0.00022 0.03255   0.876 0.442 0.586 0.770 
0.45525  1.1022e+005  0.44052 0.66750 0.87525   0.00022 0.03276   0.875 0.441 0.585 0.769 
0.45625  1.1002e+005  0.43950 0.66660 0.87443   0.00022 0.03299   0.874 0.440 0.584 0.768 
0.45724  1.0982e+005  0.43840 0.66563 0.87357   0.00022 0.03323   0.874 0.438 0.583 0.767 
0.45824  1.0962e+005  0.43762 0.66479 0.87275   0.00022 0.03345   0.873 0.438 0.583 0.766 
0.45924  1.0942e+005  0.43675 0.66404 0.87202   0.00022 0.03366   0.872 0.437 0.582 0.765 
0.46024  1.0921e+005  0.43573 0.66338 0.87143   0.00022 0.03382   0.871 0.436 0.582 0.765 
0.46124  1.0901e+005  0.43510 0.66272 0.87074   0.00022 0.03401   0.871 0.435 0.581 0.764 
0.46224  1.0881e+005  0.43416 0.66190 0.87011   0.00022 0.03419   0.870 0.434 0.580 0.763 
0.46323  1.0861e+005  0.43330 0.66105 0.86938   0.00022 0.03439   0.869 0.433 0.580 0.762 
0.46423  1.0841e+005  0.43267 0.66036 0.86869   0.00022 0.03458   0.869 0.433 0.579 0.761 
0.46523  1.082e+005  0.43165 0.65956 0.86802   0.00022 0.03477   0.868 0.432 0.578 0.760 
0.46623  1.08e+005   0.42976 0.65846 0.86724   0.00022 0.03498   0.867 0.430 0.578 0.759 
0.46723  1.078e+005  0.42835 0.65745 0.86634   0.00022 0.03523   0.866 0.428 0.577 0.758 
0.46823  1.076e+005  0.42749 0.65659 0.86548   0.00022 0.03547   0.865 0.427 0.576 0.757 
0.46922  1.074e+005  0.42686 0.65595 0.86475   0.00022 0.03568   0.865 0.427 0.576 0.756 
0.47022  1.0719e+005  0.42552 0.65500 0.86397   0.00023 0.03589   0.864 0.426 0.575 0.755 
0.47122  1.0699e+005  0.42450 0.65418 0.86326   0.00023 0.03609   0.863 0.425 0.575 0.754 
0.47222  1.0679e+005  0.42403 0.65348 0.86253   0.00023 0.03630   0.863 0.424 0.574 0.753 
0.47322  1.0659e+005  0.42325 0.65276 0.86177   0.00023 0.03651   0.862 0.423 0.574 0.752 
0.47422  1.0639e+005  0.42191 0.65191 0.86101   0.00023 0.03672   0.861 0.422 0.573 0.751 
0.47521  1.0618e+005  0.42128 0.65127 0.86033   0.00023 0.03691   0.860 0.421 0.573 0.751 
0.47621  1.0598e+005  0.42034 0.65044 0.85950   0.00023 0.03714   0.860 0.420 0.572 0.749 
0.47721  1.0578e+005  0.41956 0.64967 0.85867   0.00023 0.03738   0.859 0.420 0.572 0.748 
0.47821  1.0558e+005  0.41791 0.64874 0.85792   0.00023 0.03759   0.858 0.418 0.572 0.748 
0.47921  1.0538e+005  0.41720 0.64805 0.85713   0.00023 0.03781   0.857 0.417 0.571 0.747 
0.48021  1.0517e+005  0.41618 0.64728 0.85633   0.00023 0.03803   0.856 0.416 0.571 0.746 
0.48120  1.0497e+005  0.41539 0.64665 0.85564   0.00023 0.03823   0.856 0.415 0.571 0.745 
0.48220  1.0477e+005  0.41453 0.64586 0.85490   0.00023 0.03844   0.855 0.415 0.570 0.744 
0.48320  1.0457e+005  0.41351 0.64499 0.85405   0.00023 0.03867   0.854 0.414 0.570 0.743 
0.48420  1.0437e+005  0.41272 0.64425 0.85326   0.00023 0.03890   0.853 0.413 0.569 0.742 
0.48520  1.0416e+005  0.41163 0.64338 0.85240   0.00023 0.03914   0.852 0.412 0.569 0.741 
0.48620  1.0396e+005  0.41100 0.64255 0.85151   0.00023 0.03939   0.852 0.411 0.568 0.740 
0.48719  1.0376e+005  0.41029 0.64180 0.85067   0.00023 0.03963   0.851 0.410 0.568 0.739 
0.48819  1.0356e+005  0.40911 0.64096 0.84987   0.00023 0.03985   0.850 0.409 0.567 0.738 
0.48919  1.0336e+005  0.40848 0.64016 0.84908   0.00023 0.04007   0.849 0.408 0.566 0.737 
0.49019  1.0315e+005  0.40770 0.63937 0.84828   0.00023 0.04030   0.848 0.408 0.566 0.736 
0.49119  1.0295e+005  0.40715 0.63871 0.84752   0.00023 0.04052   0.848 0.407 0.565 0.735 
0.49219  1.0275e+005  0.40581 0.63780 0.84666   0.00023 0.04076   0.847 0.406 0.565 0.734 
0.49318  1.0255e+005  0.40534 0.63715 0.84590   0.00023 0.04097   0.846 0.405 0.564 0.733 
0.49418  1.0235e+005  0.40417 0.63623 0.84509   0.00023 0.04121   0.845 0.404 0.564 0.732 
0.49518  1.0214e+005  0.40346 0.63546 0.84427   0.00023 0.04144   0.844 0.403 0.563 0.731 
0.49618  1.0194e+005  0.40267 0.63460 0.84337   0.00023 0.04169   0.843 0.403 0.562 0.730 
0.49718  1.0174e+005  0.40197 0.63381 0.84255   0.00023 0.04193   0.843 0.402 0.562 0.729 
0.49818  1.0154e+005  0.40087 0.63295 0.84175   0.00023 0.04215   0.842 0.401 0.561 0.728 
0.49917  1.0134e+005  0.40024 0.63226 0.84097   0.00023 0.04238   0.841 0.400 0.561 0.727 
0.50017  1.0113e+005  0.39969 0.63164 0.84016   0.00023 0.04261   0.840 0.400 0.561 0.726 
0.50117  1.0093e+005  0.39875 0.63082 0.83932   0.00023 0.04285   0.839 0.399 0.560 0.725 
0.50217  1.0073e+005  0.39780 0.62999 0.83844   0.00023 0.04310   0.838 0.398 0.560 0.724 
0.50317  1.0053e+005  0.39726 0.62922 0.83753   0.00023 0.04336   0.838 0.397 0.559 0.723 
0.50417  1.0033e+005  0.39647 0.62847 0.83669   0.00023 0.04360   0.837 0.396 0.559 0.722 
0.50516  1.0012e+005  0.39584 0.62770 0.83586   0.00023 0.04383   0.836 0.396 0.558 0.721 
0.50616  99922       0.39466 0.62674 0.83494   0.00023 0.04410   0.835 0.395 0.557 0.720 
0.50716  99720       0.39396 0.62588 0.83411   0.00023 0.04434   0.834 0.394 0.557 0.719 
0.50816  99518       0.39309 0.62508 0.83322   0.00023 0.04459   0.833 0.393 0.556 0.718 
0.50916  99316       0.39254 0.62420 0.83227   0.00023 0.04486   0.832 0.393 0.555 0.717 
0.51016  99114       0.39160 0.62329 0.83134   0.00023 0.04513   0.831 0.392 0.555 0.716 
0.51115  98912       0.39089 0.62240 0.83037   0.00023 0.04541   0.830 0.391 0.554 0.715 
0.51215  98710       0.39011 0.62155 0.82945   0.00023 0.04567   0.829 0.390 0.553 0.714 
0.51315  98508       0.38948 0.62067 0.82848   0.00023 0.04595   0.828 0.389 0.552 0.712 
0.51415  98306       0.38909 0.62005 0.82774   0.00023 0.04616   0.828 0.389 0.552 0.712 
0.51515  98104       0.38830 0.61930 0.82679   0.00023 0.04644   0.827 0.388 0.552 0.710 
0.51615  97902       0.38720 0.61836 0.82586   0.00023 0.04671   0.826 0.387 0.551 0.709 
0.51714  97700       0.38634 0.61756 0.82490   0.00023 0.04698   0.825 0.386 0.551 0.708 
0.51814  97498       0.38563 0.61664 0.82392   0.00023 0.04727   0.824 0.386 0.550 0.707 
0.51914  97296       0.38508 0.61581 0.82288   0.00023 0.04757   0.823 0.385 0.549 0.706 
0.52014  97094       0.38430 0.61491 0.82199   0.00023 0.04782   0.822 0.384 0.548 0.705 
0.52114  96892       0.38406 0.61428 0.82116   0.00023 0.04807   0.821 0.384 0.548 0.704 
0.52214  96690       0.38014 0.61265 0.82033   0.00023 0.04831   0.820 0.380 0.547 0.703 
0.52313  96488       0.37919 0.61174 0.81935   0.00023 0.04859   0.819 0.379 0.546 0.702 
0.52413  96286       0.37825 0.61077 0.81829   0.00023 0.04890   0.818 0.378 0.546 0.701 
0.52513  96084       0.37598 0.60956 0.81735   0.00023 0.04917   0.817 0.376 0.545 0.700 
0.52613  95882       0.37558 0.60880 0.81636   0.00023 0.04946   0.816 0.376 0.545 0.699 
0.52713  95680       0.37456 0.60790 0.81533   0.00023 0.04976   0.815 0.375 0.544 0.698 
0.52813  95478       0.37393 0.60719 0.81438   0.00023 0.05004   0.814 0.374 0.544 0.697 
0.52912  95276       0.37315 0.60622 0.81327   0.00023 0.05036   0.813 0.373 0.543 0.695 
0.53012  95074       0.37213 0.60539 0.81235   0.00023 0.05063   0.812 0.372 0.543 0.694 
0.53112  94872       0.37134 0.60456 0.81135   0.00023 0.05092   0.811 0.371 0.542 0.693 
0.53212  94670       0.37001 0.60354 0.81037   0.00023 0.05121   0.810 0.370 0.542 0.692 
0.53312  94468       0.36954 0.60272 0.80934   0.00023 0.05151   0.809 0.370 0.541 0.691 
0.53412  94266       0.36899 0.60189 0.80833   0.00023 0.05181   0.808 0.369 0.540 0.690 
0.53511  94064       0.36789 0.60095 0.80732   0.00024 0.05210   0.807 0.368 0.540 0.689 
0.53611  93862       0.36671 0.60000 0.80626   0.00024 0.05242   0.806 0.367 0.539 0.688 
0.53711  93660       0.36600 0.59916 0.80519   0.00024 0.05273   0.805 0.366 0.539 0.686 
0.53811  93458       0.36498 0.59819 0.80412   0.00024 0.05304   0.804 0.365 0.538 0.685 
0.53911  93256       0.36396 0.59732 0.80310   0.00024 0.05334   0.803 0.364 0.538 0.684 
0.54011  93054       0.36333 0.59645 0.80211   0.00024 0.05363   0.802 0.363 0.537 0.683 
0.54110  92852       0.36200 0.59530 0.80101   0.00024 0.05396   0.801 0.362 0.536 0.682 
0.54210  92650       0.36098 0.59430 0.79991   0.00024 0.05429   0.800 0.361 0.536 0.681 
0.54310  92448       0.36011 0.59342 0.79881   0.00024 0.05461   0.799 0.360 0.535 0.680 
0.54410  92246       0.35909 0.59250 0.79773   0.00024 0.05493   0.798 0.359 0.535 0.678 
0.54510  92044       0.35823 0.59148 0.79661   0.00024 0.05526   0.797 0.358 0.534 0.677 
0.54610  91842       0.35752 0.59065 0.79553   0.00024 0.05558   0.796 0.358 0.533 0.676 
0.54709  91640       0.35666 0.58970 0.79442   0.00024 0.05591   0.794 0.357 0.533 0.675 
0.54809  91438       0.35595 0.58888 0.79333   0.00024 0.05624   0.793 0.356 0.532 0.674 
0.54909  91236       0.35469 0.58789 0.79225   0.00024 0.05656   0.792 0.355 0.532 0.673 
0.55009  91034       0.35367 0.58687 0.79106   0.00024 0.05691   0.791 0.354 0.531 0.671 
0.55109  90832       0.35273 0.58585 0.78995   0.00024 0.05724   0.790 0.353 0.530 0.670 
0.55209  90630       0.35163 0.58493 0.78878   0.00024 0.05759   0.789 0.352 0.530 0.669 
0.55308  90428       0.35045 0.58384 0.78764   0.00024 0.05793   0.788 0.350 0.529 0.668 
0.55408  90226       0.34975 0.58294 0.78647   0.00024 0.05828   0.786 0.350 0.529 0.667 
0.55508  90024       0.34818 0.58166 0.78526   0.00024 0.05864   0.785 0.348 0.528 0.665 
0.55608  89822       0.34716 0.58070 0.78418   0.00024 0.05897   0.784 0.347 0.527 0.664 
0.55708  89620       0.34614 0.57974 0.78307   0.00024 0.05930   0.783 0.346 0.527 0.663 
0.55808  89418       0.34496 0.57863 0.78185   0.00024 0.05967   0.782 0.345 0.526 0.662 
0.55907  89216       0.34449 0.57774 0.78060   0.00024 0.06005   0.781 0.344 0.525 0.661 
0.56007  89014       0.34315 0.57664 0.77947   0.00024 0.06038   0.779 0.343 0.525 0.659 
0.56107  88812       0.34182 0.57548 0.77821   0.00024 0.06077   0.778 0.342 0.524 0.658 
0.56207  88610       0.34095 0.57452 0.77706   0.00024 0.06111   0.777 0.341 0.523 0.657 
0.56307  88408       0.34056 0.57370 0.77586   0.00024 0.06147   0.776 0.341 0.523 0.656 
0.56407  88206       0.33978 0.57272 0.77463   0.00024 0.06185   0.775 0.340 0.522 0.655 
0.56506  88004       0.33852 0.57162 0.77337   0.00024 0.06223   0.773 0.339 0.521 0.653 
0.56606  87802       0.33750 0.57068 0.77228   0.00024 0.06256   0.772 0.337 0.521 0.652 
0.56706  87600       0.33656 0.56977 0.77112   0.00024 0.06291   0.771 0.337 0.520 0.651 
0.56806  87398       0.33561 0.56876 0.76985   0.00024 0.06330   0.770 0.336 0.520 0.650 
0.56906  87196       0.33499 0.56790 0.76870   0.00024 0.06365   0.769 0.335 0.519 0.648 
0.57006  86994       0.33436 0.56712 0.76767   0.00024 0.06396   0.768 0.334 0.519 0.647 
0.57105  86792       0.33436 0.56641 0.76654   0.00024 0.06431   0.767 0.334 0.519 0.646 
0.57205  86590       0.33436 0.56563 0.76523   0.00024 0.06471   0.765 0.334 0.518 0.645 
0.57305  86388       0.33428 0.56476 0.76378   0.00024 0.06515   0.764 0.334 0.518 0.643 
0.57405  86186       0.33365 0.56387 0.76259   0.00024 0.06551   0.763 0.334 0.517 0.642 
0.57505  85984       0.33263 0.56287 0.76135   0.00024 0.06589   0.761 0.333 0.516 0.641 
0.57605  85782       0.33122 0.56176 0.76008   0.00024 0.06628   0.760 0.331 0.516 0.640 
0.57704  85580       0.33012 0.56076 0.75887   0.00024 0.06666   0.759 0.330 0.515 0.639 
0.57804  85378       0.32965 0.55983 0.75752   0.00025 0.06707   0.758 0.330 0.515 0.637 
0.57904  85176       0.32839 0.55870 0.75617   0.00025 0.06749   0.756 0.328 0.514 0.636 
0.58004  84974       0.32745 0.55775 0.75488   0.00025 0.06789   0.755 0.327 0.514 0.635 
0.58104  84772       0.32611 0.55661 0.75354   0.00025 0.06830   0.754 0.326 0.513 0.633 
0.58204  84570       0.32486 0.55557 0.75229   0.00025 0.06869   0.752 0.325 0.513 0.632 
0.58303  84368       0.32407 0.55452 0.75091   0.00025 0.06911   0.751 0.324 0.512 0.631 
0.58403  84166       0.32297 0.55342 0.74956   0.00025 0.06953   0.750 0.323 0.512 0.629 
0.58503  83964       0.32219 0.55237 0.74821   0.00025 0.06995   0.748 0.322 0.511 0.628 
0.58603  83762       0.32054 0.55119 0.74693   0.00025 0.07035   0.747 0.321 0.510 0.627 
0.58703  83560       0.32054 0.55047 0.74553   0.00025 0.07079   0.746 0.321 0.510 0.626 
0.58803  83358       0.31983 0.54946 0.74425   0.00025 0.07118   0.744 0.320 0.509 0.624 
0.58902  83156       0.31873 0.54838 0.74284   0.00025 0.07162   0.743 0.319 0.509 0.623 
0.59002  82954       0.31779 0.54736 0.74151   0.00025 0.07204   0.742 0.318 0.508 0.622 
0.59102  82752       0.31677 0.54626 0.74013   0.00025 0.07247   0.740 0.317 0.508 0.620 
0.59202  82550       0.31590 0.54531 0.73882   0.00025 0.07288   0.739 0.316 0.507 0.619 
0.59302  82348       0.31473 0.54422 0.73743   0.00025 0.07332   0.737 0.315 0.507 0.618 
0.59402  82146       0.31371 0.54301 0.73602   0.00025 0.07376   0.736 0.314 0.506 0.616 
0.59501  81944       0.31253 0.54191 0.73471   0.00025 0.07418   0.735 0.313 0.505 0.615 
0.59601  81742       0.31080 0.54063 0.73332   0.00025 0.07461   0.733 0.311 0.504 0.614 
0.59701  81540       0.30970 0.53956 0.73190   0.00025 0.07506   0.732 0.310 0.504 0.613 
0.59801  81338       0.30923 0.53856 0.73048   0.00025 0.07551   0.730 0.309 0.503 0.611 
0.59901  81136       0.30821 0.53751 0.72920   0.00025 0.07592   0.729 0.308 0.503 0.610 
0.60001  80934       0.30750 0.53640 0.72786   0.00025 0.07634   0.728 0.308 0.502 0.609 
0.60100  80732       0.30491 0.53484 0.72639   0.00025 0.07681   0.726 0.305 0.501 0.607 
0.60200  80530       0.30436 0.53379 0.72499   0.00025 0.07725   0.725 0.304 0.500 0.606 
0.60300  80328       0.30350 0.53271 0.72348   0.00025 0.07773   0.723 0.303 0.499 0.605 
0.60400  80126       0.30271 0.53170 0.72209   0.00025 0.07818   0.722 0.303 0.499 0.603 
0.60500  79924       0.30216 0.53077 0.72065   0.00025 0.07864   0.721 0.302 0.498 0.602 
0.60600  79722       0.30122 0.52965 0.71923   0.00025 0.07909   0.719 0.301 0.498 0.601 
0.60699  79520       0.30036 0.52870 0.71782   0.00025 0.07954   0.718 0.300 0.497 0.599 
0.60799  79318       0.29988 0.52771 0.71635   0.00025 0.08001   0.716 0.300 0.497 0.598 
0.60899  79116       0.29918 0.52664 0.71488   0.00025 0.08049   0.715 0.299 0.496 0.596 
0.60999  78914       0.29769 0.52527 0.71330   0.00026 0.08099   0.713 0.298 0.495 0.595 
0.61099  78712       0.29698 0.52423 0.71185   0.00026 0.08146   0.712 0.297 0.494 0.594 
0.61199  78510       0.29596 0.52317 0.71039   0.00026 0.08193   0.710 0.296 0.494 0.592 
0.61298  78308       0.29462 0.52198 0.70899   0.00026 0.08239   0.709 0.295 0.493 0.591 
0.61398  78106       0.29407 0.52100 0.70747   0.00026 0.08288   0.707 0.294 0.493 0.590 
0.61498  77904       0.29297 0.51983 0.70606   0.00026 0.08334   0.706 0.293 0.492 0.588 
0.61598  77702       0.29203 0.51875 0.70450   0.00026 0.08384   0.704 0.292 0.492 0.587 
0.61698  77500       0.29101 0.51768 0.70311   0.00026 0.08429   0.703 0.291 0.491 0.586 
0.61798  77298       0.29007 0.51660 0.70166   0.00026 0.08477   0.702 0.290 0.491 0.584 
0.61897  77096       0.28921 0.51552 0.70016   0.00026 0.08526   0.700 0.289 0.490 0.583 
0.61997  76894       0.28866 0.51439 0.69868   0.00026 0.08574   0.699 0.289 0.489 0.581 
0.62097  76692       0.28740 0.51325 0.69720   0.00026 0.08622   0.697 0.287 0.488 0.580 
0.62197  76490       0.28622 0.51195 0.69579   0.00026 0.08669   0.696 0.286 0.487 0.579 
0.62297  76288       0.28544 0.51075 0.69420   0.00026 0.08721   0.694 0.285 0.486 0.577 
0.62397  76086       0.28465 0.50976 0.69286   0.00026 0.08765   0.693 0.285 0.486 0.576 
0.62496  75884       0.28355 0.50860 0.69138   0.00026 0.08814   0.691 0.284 0.485 0.575 
0.62596  75682       0.28237 0.50742 0.68983   0.00026 0.08865   0.690 0.282 0.484 0.573 
0.62696  75480       0.28159 0.50638 0.68827   0.00026 0.08916   0.688 0.282 0.484 0.572 
0.62796  75278       0.28112 0.50520 0.68672   0.00026 0.08968   0.687 0.281 0.483 0.570 
0.62896  75076       0.28010 0.50405 0.68512   0.00026 0.09021   0.685 0.280 0.482 0.569 
0.62996  74874       0.27931 0.50293 0.68347   0.00026 0.09076   0.683 0.279 0.481 0.568 
0.63095  74672       0.27868 0.50190 0.68198   0.00026 0.09125   0.682 0.279 0.481 0.566 
0.63195  74470       0.27845 0.50119 0.68089   0.00026 0.09162   0.681 0.278 0.480 0.565 
0.63295  74268       0.27751 0.50010 0.67937   0.00026 0.09213   0.679 0.278 0.480 0.564 
0.63395  74066       0.27656 0.49895 0.67793   0.00026 0.09260   0.678 0.277 0.479 0.562 
0.63495  73864       0.27531 0.49783 0.67639   0.00026 0.09312   0.676 0.275 0.479 0.561 
0.63595  73662       0.27484 0.49678 0.67488   0.00026 0.09363   0.675 0.275 0.478 0.560 
0.63694  73460       0.27389 0.49569 0.67337   0.00026 0.09413   0.673 0.274 0.477 0.558 
0.63794  73258       0.27334 0.49463 0.67181   0.00026 0.09466   0.672 0.273 0.477 0.557 
0.63894  73056       0.27319 0.49367 0.67019   0.00026 0.09521   0.670 0.273 0.476 0.555 
0.63994  72854       0.27248 0.49264 0.66886   0.00026 0.09566   0.669 0.272 0.475 0.554 
0.64094  72652       0.27217 0.49167 0.66737   0.00027 0.09616   0.667 0.272 0.474 0.553 
0.64194  72450       0.27177 0.49075 0.66578   0.00027 0.09670   0.666 0.272 0.474 0.551 
0.64293  72248       0.27122 0.48968 0.66417   0.00027 0.09724   0.664 0.271 0.473 0.550 
0.64393  72046       0.27044 0.48851 0.66256   0.00027 0.09779   0.663 0.270 0.473 0.549 
0.64493  71844       0.27012 0.48761 0.66102   0.00027 0.09832   0.661 0.270 0.472 0.547 
0.64593  71642       0.26997 0.48664 0.65933   0.00027 0.09889   0.659 0.270 0.472 0.546 
0.64693  71440       0.26934 0.48545 0.65766   0.00027 0.09946   0.658 0.269 0.471 0.544 
0.64793  71238       0.26863 0.48446 0.65614   0.00027 0.09999   0.656 0.269 0.470 0.543 
0.64892  71036       0.26808 0.48336 0.65447   0.00027 0.10056   0.654 0.268 0.470 0.541 
0.64992  70834       0.26706 0.48225 0.65285   0.00027 0.10112   0.653 0.267 0.469 0.540 
0.65092  70632       0.26565 0.48078 0.65131   0.00027 0.10165   0.651 0.266 0.468 0.538 
0.65192  70430       0.26408 0.47955 0.64984   0.00027 0.10216   0.650 0.264 0.467 0.537 
0.65292  70228       0.26306 0.47839 0.64800   0.00027 0.10279   0.648 0.263 0.467 0.536 
0.65392  70026       0.26259 0.47750 0.64648   0.00027 0.10332   0.646 0.263 0.467 0.534 
0.65491  69824       0.26188 0.47646 0.64499   0.00027 0.10383   0.645 0.262 0.466 0.533 
0.65591  69622       0.26156 0.47551 0.64330   0.00027 0.10442   0.643 0.262 0.466 0.531 
0.65691  69420       0.26102 0.47438 0.64159   0.00027 0.10502   0.642 0.261 0.465 0.530 
0.65791  69218       0.26047 0.47332 0.63990   0.00027 0.10561   0.640 0.260 0.465 0.528 
0.65891  69016       0.25960 0.47216 0.63816   0.00027 0.10622   0.638 0.260 0.464 0.527 
0.65991  68814       0.25890 0.47097 0.63639   0.00027 0.10684   0.636 0.259 0.463 0.525 
0.66090  68612       0.25827 0.46988 0.63471   0.00027 0.10743   0.635 0.258 0.463 0.524 
0.66190  68410       0.25772 0.46883 0.63306   0.00027 0.10801   0.633 0.258 0.462 0.522 
0.66290  68208       0.25732 0.46762 0.63123   0.00027 0.10865   0.631 0.257 0.461 0.521 
0.66390  68006       0.25536 0.46622 0.62973   0.00027 0.10918   0.630 0.255 0.460 0.520 
0.66490  67804       0.25442 0.46504 0.62808   0.00027 0.10977   0.628 0.254 0.460 0.518 
0.66590  67602       0.25387 0.46390 0.62635   0.00027 0.11038   0.626 0.254 0.459 0.517 
0.66689  67400       0.25356 0.46291 0.62464   0.00027 0.11099   0.625 0.254 0.458 0.515 
0.66789  67198       0.25277 0.46183 0.62300   0.00027 0.11157   0.623 0.253 0.458 0.514 
0.66889  66996       0.25222 0.46074 0.62125   0.00027 0.11220   0.621 0.252 0.457 0.512 
0.66989  66794       0.25136 0.45959 0.61952   0.00027 0.11282   0.620 0.251 0.457 0.511 
0.67089  66592       0.25096 0.45849 0.61769   0.00027 0.11347   0.618 0.251 0.456 0.509 
0.67189  66390       0.25081 0.45752 0.61594   0.00027 0.11410   0.616 0.251 0.456 0.508 
0.67288  66188       0.25034 0.45639 0.61418   0.00028 0.11473   0.614 0.250 0.455 0.506 
0.67388  65986       0.24994 0.45530 0.61232   0.00028 0.11540   0.612 0.250 0.454 0.505 
0.67488  65784       0.24939 0.45418 0.61045   0.00028 0.11608   0.610 0.249 0.454 0.503 
0.67588  65582       0.24869 0.45302 0.60875   0.00028 0.11670   0.609 0.249 0.453 0.502 
0.67688  65380       0.24798 0.45191 0.60701   0.00028 0.11733   0.607 0.248 0.453 0.500 
0.67788  65178       0.24735 0.45077 0.60521   0.00028 0.11798   0.605 0.247 0.452 0.499 
0.67887  64976       0.24649 0.44959 0.60337   0.00028 0.11866   0.603 0.246 0.452 0.497 
0.67987  64774       0.24586 0.44851 0.60158   0.00028 0.11931   0.602 0.246 0.451 0.496 
0.68087  64572       0.24531 0.44733 0.59970   0.00028 0.12000   0.600 0.245 0.450 0.494 
0.68187  64370       0.24468 0.44622 0.59795   0.00028 0.12064   0.598 0.245 0.450 0.492 
0.68287  64168       0.24445 0.44515 0.59605   0.00028 0.12134   0.596 0.244 0.449 0.491 
0.68387  63966       0.24398 0.44407 0.59421   0.00028 0.12202   0.594 0.244 0.449 0.489 
0.68486  63764       0.24366 0.44305 0.59241   0.00028 0.12269   0.592 0.244 0.448 0.488 
0.68586  63562       0.24319 0.44193 0.59054   0.00028 0.12338   0.591 0.243 0.448 0.486 
0.68686  63360       0.24178 0.44053 0.58871   0.00028 0.12406   0.589 0.242 0.447 0.485 
0.68786  63158       0.24091 0.43928 0.58679   0.00028 0.12477   0.587 0.241 0.446 0.483 
0.68886  62956       0.23997 0.43811 0.58500   0.00028 0.12544   0.585 0.240 0.446 0.482 
0.68986  62754       0.23926 0.43696 0.58314   0.00028 0.12614   0.583 0.239 0.445 0.480 
0.69085  62552       0.23809 0.43570 0.58130   0.00028 0.12683   0.581 0.238 0.445 0.479 
0.69185  62350       0.23707 0.43451 0.57962   0.00028 0.12746   0.580 0.237 0.444 0.477 
0.69285  62148       0.23636 0.43325 0.57781   0.00028 0.12814   0.578 0.236 0.443 0.476 
0.69385  61946       0.23565 0.43213 0.57594   0.00028 0.12885   0.576 0.236 0.443 0.474 
0.69485  61744       0.23565 0.43102 0.57350   0.00028 0.12977   0.573 0.236 0.443 0.472 
0.69585  61542       0.23534 0.43007 0.57167   0.00028 0.13046   0.572 0.235 0.443 0.471 
0.69684  61340       0.23455 0.42883 0.56972   0.00028 0.13121   0.570 0.235 0.442 0.469 
0.69784  61138       0.23424 0.42778 0.56787   0.00028 0.13192   0.568 0.234 0.441 0.468 
0.69884  60936       0.23385 0.42660 0.56591   0.00028 0.13267   0.566 0.234 0.441 0.466 
0.69984  60734       0.23337 0.42557 0.56408   0.00028 0.13337   0.564 0.233 0.440 0.464 
0.70084  60532       0.23290 0.42438 0.56216   0.00028 0.13411   0.562 0.233 0.440 0.463 
0.70184  60330       0.23212 0.42301 0.56015   0.00029 0.13488   0.560 0.232 0.439 0.461 
0.70283  60128       0.23055 0.42150 0.55809   0.00029 0.13568   0.558 0.231 0.438 0.460 
0.70383  59926       0.23016 0.42039 0.55611   0.00029 0.13644   0.556 0.230 0.437 0.458 
0.70483  59724       0.22906 0.41909 0.55422   0.00029 0.13718   0.554 0.229 0.437 0.456 
0.70583  59522       0.21649 0.41485 0.55196   0.00029 0.13806   0.552 0.216 0.436 0.455 
0.70683  59320       0.21280 0.41305 0.55017   0.00029 0.13876   0.550 0.213 0.436 0.453 
0.70783  59118       0.21178 0.41177 0.54827   0.00029 0.13950   0.548 0.212 0.435 0.452 
0.70882  58916       0.21005 0.41032 0.54633   0.00029 0.14027   0.546 0.210 0.435 0.450 
0.70982  58714       0.20990 0.40968 0.54563   0.00029 0.14054   0.546 0.210 0.434 0.449 
0.71082  58512       0.20974 0.40876 0.54477   0.00029 0.14088   0.545 0.210 0.432 0.448 
0.71182  58310       0.20864 0.40750 0.54287   0.00029 0.14163   0.543 0.209 0.432 0.447 
0.71282  58108       0.20754 0.40626 0.54104   0.00029 0.14235   0.541 0.208 0.431 0.445 
0.71382  57906       0.20652 0.40492 0.53910   0.00029 0.14312   0.539 0.207 0.430 0.444 
0.71481  57704       0.20558 0.40376 0.53728   0.00029 0.14385   0.537 0.206 0.430 0.442 
0.71581  57502       0.20432 0.40240 0.53534   0.00030 0.14463   0.535 0.204 0.429 0.440 
0.71681  57300       0.20369 0.40133 0.53348   0.00030 0.14537   0.533 0.204 0.429 0.439 
0.71781  57098       0.20283 0.40015 0.53165   0.00030 0.14610   0.532 0.203 0.429 0.437 
0.71881  56896       0.20220 0.39897 0.52990   0.00030 0.14681   0.530 0.202 0.428 0.436 
0.71981  56694       0.20118 0.39776 0.52808   0.00030 0.14754   0.528 0.201 0.427 0.434 
0.72080  56492       0.20000 0.39647 0.52627   0.00030 0.14827   0.526 0.200 0.427 0.433 
0.72180  56290       0.19882 0.39514 0.52455   0.00030 0.14897   0.525 0.199 0.426 0.431 
0.72280  56088       0.19788 0.39400 0.52289   0.00030 0.14964   0.523 0.198 0.425 0.430 
0.72380  55886       0.19686 0.39280 0.52114   0.00030 0.15035   0.521 0.197 0.425 0.429 
0.72480  55684       0.19584 0.39162 0.51940   0.00030 0.15106   0.519 0.196 0.424 0.427 
0.72580  55482       0.19458 0.39050 0.51788   0.00030 0.15169   0.518 0.195 0.424 0.426 
0.72679  55280       0.19396 0.38940 0.51619   0.00030 0.15238   0.516 0.194 0.423 0.424 
0.72779  55078       0.19341 0.38832 0.51455   0.00030 0.15305   0.515 0.193 0.423 0.423 
0.72879  54876       0.19223 0.38711 0.51292   0.00030 0.15372   0.513 0.192 0.422 0.421 
0.72979  54674       0.19113 0.38596 0.51118   0.00030 0.15444   0.511 0.191 0.422 0.420 
0.73079  54472       0.18987 0.38480 0.50956   0.00030 0.15511   0.510 0.190 0.421 0.419 
0.73179  54270       0.18932 0.38382 0.50801   0.00030 0.15575   0.508 0.189 0.421 0.417 
0.73278  54068       0.18830 0.38268 0.50632   0.00030 0.15646   0.506 0.188 0.420 0.416 
0.73378  53866       0.18720 0.38149 0.50455   0.00030 0.15720   0.505 0.187 0.420 0.414 
0.73478  53664       0.17896 0.37853 0.50348   0.00031 0.15764   0.503 0.179 0.419 0.413 
0.73578  53462       0.17809 0.37745 0.50185   0.00031 0.15833   0.502 0.178 0.418 0.412 
0.73678  53260       0.17739 0.37636 0.50002   0.00031 0.15910   0.500 0.177 0.418 0.410 
0.73778  53058       0.16875 0.37296 0.49910   0.00031 0.15948   0.499 0.169 0.415 0.409 
0.73877  52856       0.16152 0.37015 0.49836   0.00031 0.15979   0.498 0.162 0.412 0.408 
0.73977  52654       0.16074 0.36924 0.49694   0.00031 0.16039   0.497 0.161 0.412 0.407 
0.74077  52452       0.16027 0.36819 0.49533   0.00031 0.16107   0.495 0.160 0.412 0.406 
0.74177  52250       0.15988 0.36732 0.49378   0.00031 0.16173   0.494 0.160 0.411 0.404 
0.74277  52048       0.15870 0.36621 0.49229   0.00031 0.16237   0.492 0.159 0.411 0.403 
0.74377  51846       0.15831 0.36529 0.49071   0.00031 0.16304   0.491 0.158 0.411 0.402 
0.74476  51644       0.15658 0.36403 0.48926   0.00031 0.16366   0.489 0.157 0.410 0.400 
0.74576  51442       0.15603 0.36307 0.48772   0.00031 0.16432   0.488 0.156 0.410 0.399 
0.74676  51240       0.15571 0.36209 0.48607   0.00031 0.16502   0.486 0.156 0.409 0.397 
0.74776  51038       0.15399 0.36084 0.48455   0.00032 0.16568   0.485 0.154 0.409 0.396 
0.74876  50836       0.15352 0.35989 0.48304   0.00032 0.16633   0.483 0.154 0.408 0.395 
0.74976  50634       0.15320 0.35896 0.48149   0.00032 0.16700   0.481 0.153 0.408 0.393 
0.75075  50432       0.15297 0.35796 0.48006   0.00032 0.16761   0.480 0.153 0.407 0.392 
0.75175  50230       0.15257 0.35704 0.47867   0.00032 0.16822   0.479 0.153 0.406 0.391 
0.75275  50028       0.15226 0.35615 0.47709   0.00032 0.16890   0.477 0.152 0.406 0.389 
0.75375  49826       0.15202 0.35526 0.47556   0.00032 0.16957   0.476 0.152 0.406 0.388 
0.75475  49624       0.15132 0.35416 0.47394   0.00032 0.17028   0.474 0.151 0.405 0.386 
0.75575  49422       0.15124 0.35337 0.47254   0.00032 0.17090   0.473 0.151 0.405 0.385 
0.75674  49220       0.15108 0.35249 0.47093   0.00032 0.17160   0.471 0.151 0.404 0.384 
0.75774  49018       0.15085 0.35162 0.46947   0.00032 0.17224   0.469 0.151 0.404 0.382 
0.75874  48816       0.15045 0.35074 0.46787   0.00032 0.17295   0.468 0.150 0.404 0.381 
0.75974  48614       0.15037 0.34989 0.46637   0.00032 0.17361   0.466 0.150 0.403 0.379 
0.76074  48412       0.14990 0.34902 0.46487   0.00032 0.17428   0.465 0.150 0.403 0.378 
0.76174  48210       0.14935 0.34812 0.46341   0.00032 0.17493   0.463 0.149 0.403 0.377 
0.76273  48008       0.14896 0.34713 0.46177   0.00032 0.17566   0.462 0.149 0.402 0.375 
0.76373  47806       0.14857 0.34616 0.46015   0.00032 0.17639   0.460 0.149 0.402 0.374 
0.76473  47604       0.14802 0.34517 0.45851   0.00032 0.17712   0.459 0.148 0.402 0.373 
0.76573  47402       0.14770 0.34429 0.45697   0.00032 0.17781   0.457 0.148 0.401 0.371 
0.76673  47200       0.14731 0.34336 0.45536   0.00032 0.17853   0.455 0.147 0.401 0.370 
0.76773  46998       0.14574 0.34213 0.45385   0.00032 0.17922   0.454 0.146 0.401 0.368 
0.76872  46796       0.14527 0.34121 0.45241   0.00032 0.17987   0.452 0.145 0.400 0.367 
0.76972  46594       0.14503 0.34017 0.45077   0.00032 0.18061   0.451 0.145 0.399 0.366 
0.77072  46392       0.14472 0.33931 0.44919   0.00032 0.18133   0.449 0.145 0.399 0.364 
0.77172  46190       0.14464 0.33849 0.44761   0.00032 0.18205   0.448 0.145 0.399 0.363 
0.77272  45988       0.14409 0.33751 0.44597   0.00032 0.18280   0.446 0.144 0.399 0.361 
0.77372  45786       0.14394 0.33696 0.44503   0.00032 0.18324   0.445 0.144 0.399 0.360 
0.77471  45584       0.14339 0.33594 0.44332   0.00032 0.18402   0.443 0.143 0.398 0.359 
0.77571  45382       0.14315 0.33505 0.44180   0.00032 0.18472   0.442 0.143 0.398 0.357 
0.77671  45180       0.14244 0.33407 0.44021   0.00032 0.18546   0.440 0.142 0.398 0.356 
0.77771  44978       0.14205 0.33313 0.43861   0.00032 0.18620   0.439 0.142 0.397 0.355 
0.77871  44776       0.14150 0.33213 0.43702   0.00032 0.18694   0.437 0.142 0.397 0.353 
0.77971  44574       0.14119 0.33124 0.43547   0.00032 0.18766   0.435 0.141 0.397 0.352 
0.78070  44372       0.14064 0.33027 0.43393   0.00032 0.18837   0.434 0.141 0.396 0.350 
0.78170  44170       0.14040 0.32959 0.43281   0.00032 0.18890   0.433 0.140 0.396 0.349 
0.78270  43968       0.14017 0.32900 0.43184   0.00032 0.18936   0.432 0.140 0.396 0.348 
0.78370  43766       0.14001 0.32811 0.43031   0.00032 0.19007   0.430 0.140 0.395 0.347 
0.78470  43564       0.13938 0.32715 0.42872   0.00032 0.19082   0.429 0.139 0.395 0.345 
0.78570  43362       0.13922 0.32630 0.42730   0.00032 0.19150   0.427 0.139 0.395 0.344 
0.78669  43160       0.13883 0.32533 0.42572   0.00032 0.19224   0.426 0.139 0.394 0.343 
0.78769  42958       0.13852 0.32446 0.42416   0.00032 0.19298   0.424 0.139 0.394 0.341 
0.78869  42756       0.13805 0.32359 0.42269   0.00033 0.19368   0.423 0.138 0.394 0.340 
0.78969  42554       0.13773 0.32277 0.42122   0.00033 0.19439   0.421 0.138 0.394 0.338 
0.79069  42352       0.13632 0.32132 0.41903   0.00033 0.19544   0.419 0.136 0.393 0.337 
0.79169  42150       0.13593 0.32043 0.41749   0.00033 0.19618   0.417 0.136 0.393 0.335 
0.79268  41948       0.13561 0.31955 0.41596   0.00033 0.19691   0.416 0.136 0.393 0.334 
0.79368  41746       0.13498 0.31854 0.41433   0.00033 0.19770   0.414 0.135 0.392 0.332 
0.79468  41544       0.13459 0.31758 0.41274   0.00033 0.19847   0.413 0.135 0.392 0.331 
0.79568  41342       0.13428 0.31671 0.41115   0.00033 0.19924   0.411 0.134 0.392 0.330 
0.79668  41140       0.13428 0.31586 0.40949   0.00033 0.20006   0.409 0.134 0.392 0.328 
0.79768  40938       0.13428 0.31503 0.40787   0.00033 0.20085   0.408 0.134 0.391 0.327 
0.79867  40736       0.13412 0.31418 0.40626   0.00033 0.20163   0.406 0.134 0.391 0.325 
0.79967  40534       0.13381 0.31322 0.40455   0.00033 0.20248   0.405 0.134 0.391 0.324 
0.80067  40332       0.13373 0.31232 0.40285   0.00033 0.20331   0.403 0.134 0.390 0.322 
0.80167  40130       0.13326 0.31131 0.40122   0.00033 0.20412   0.401 0.133 0.390 0.321 
0.80267  39928       0.13326 0.31047 0.39960   0.00033 0.20493   0.400 0.133 0.390 0.319 
0.80367  39726       0.13318 0.30962 0.39794   0.00033 0.20576   0.398 0.133 0.389 0.318 
0.80466  39524       0.13278 0.30875 0.39638   0.00033 0.20653   0.396 0.133 0.389 0.317 
0.80566  39322       0.13247 0.30781 0.39465   0.00033 0.20740   0.395 0.132 0.389 0.315 
0.80666  39120       0.13145 0.30677 0.39316   0.00033 0.20815   0.393 0.131 0.389 0.314 
0.80766  38918       0.13145 0.30640 0.39253   0.00033 0.20847   0.393 0.131 0.389 0.313 
0.80866  38716       0.13145 0.30598 0.39179   0.00033 0.20884   0.392 0.131 0.389 0.312 
0.80966  38514       0.13121 0.30546 0.39097   0.00033 0.20926   0.391 0.131 0.389 0.311 
0.81065  38312       0.13066 0.30426 0.38898   0.00033 0.21026   0.389 0.131 0.388 0.309 
0.81165  38110       0.13059 0.30334 0.38714   0.00033 0.21120   0.387 0.131 0.388 0.308 
0.81265  37908       0.13043 0.30248 0.38546   0.00033 0.21206   0.385 0.130 0.388 0.306 
0.81365  37706       0.13019 0.30144 0.38375   0.00033 0.21293   0.384 0.130 0.387 0.305 
0.81465  37504       0.12972 0.30051 0.38212   0.00033 0.21377   0.382 0.130 0.387 0.303 
0.81565  37302       0.12964 0.29960 0.38047   0.00033 0.21462   0.380 0.130 0.386 0.302 
0.81664  37100       0.12957 0.29873 0.37880   0.00033 0.21548   0.379 0.130 0.386 0.300 
0.81764  36898       0.12949 0.29786 0.37714   0.00033 0.21635   0.377 0.129 0.386 0.299 
0.81864  36696       0.12941 0.29693 0.37543   0.00033 0.21723   0.375 0.129 0.385 0.297 
0.81964  36494       0.12909 0.29600 0.37371   0.00033 0.21813   0.374 0.129 0.385 0.296 
0.82064  36292       0.12894 0.29513 0.37211   0.00033 0.21897   0.372 0.129 0.385 0.295 
0.82164  36090       0.12870 0.29421 0.37037   0.00033 0.21988   0.370 0.129 0.385 0.293 
0.82263  35888       0.12847 0.29329 0.36863   0.00033 0.22080   0.369 0.128 0.385 0.292 
0.82363  35686       0.12823 0.29240 0.36698   0.00033 0.22167   0.367 0.128 0.384 0.290 
0.82463  35484       0.12815 0.29153 0.36518   0.00033 0.22263   0.365 0.128 0.384 0.289 
0.82563  35282       0.12768 0.29057 0.36354   0.00033 0.22351   0.364 0.128 0.384 0.287 
0.82663  35080       0.12752 0.28964 0.36178   0.00033 0.22445   0.362 0.128 0.384 0.286 
0.82763  34878       0.12745 0.28874 0.35999   0.00033 0.22541   0.360 0.127 0.383 0.284 
0.82862  34676       0.12705 0.28779 0.35829   0.00033 0.22632   0.358 0.127 0.383 0.283 
0.82962  34474       0.12666 0.28681 0.35654   0.00034 0.22727   0.357 0.127 0.383 0.281 
0.83062  34272       0.12627 0.28576 0.35461   0.00034 0.22832   0.355 0.126 0.383 0.279 
0.83162  34070       0.12611 0.28483 0.35283   0.00034 0.22929   0.353 0.126 0.382 0.278 
0.83262  33868       0.12611 0.28405 0.35144   0.00034 0.23005   0.351 0.126 0.382 0.277 
0.83362  33666       0.12603 0.28325 0.34993   0.00034 0.23088   0.350 0.126 0.382 0.275 
0.83461  33464       0.12587 0.28233 0.34823   0.00034 0.23181   0.348 0.126 0.382 0.274 
0.83561  33262       0.12564 0.28139 0.34650   0.00034 0.23277   0.347 0.126 0.381 0.272 
0.83661  33060       0.12556 0.28050 0.34469   0.00034 0.23377   0.345 0.126 0.381 0.271 
0.83761  32858       0.12556 0.27962 0.34292   0.00034 0.23476   0.343 0.126 0.381 0.269 
0.83861  32656       0.12548 0.27878 0.34125   0.00034 0.23569   0.341 0.125 0.381 0.268 
0.83961  32454       0.12430 0.27768 0.33973   0.00034 0.23655   0.340 0.124 0.380 0.266 
0.84060  32252       0.12407 0.27667 0.33784   0.00034 0.23761   0.338 0.124 0.380 0.265 
0.84160  32050       0.12391 0.27573 0.33604   0.00034 0.23863   0.336 0.124 0.380 0.263 
0.84260  31848       0.12368 0.27472 0.33419   0.00034 0.23968   0.334 0.124 0.379 0.262 
0.84360  31646       0.12289 0.27369 0.33248   0.00034 0.24065   0.332 0.123 0.379 0.260 
0.84460  31444       0.12289 0.27277 0.33062   0.00034 0.24171   0.331 0.123 0.379 0.259 
0.84560  31242       0.12250 0.27169 0.32871   0.00034 0.24281   0.329 0.122 0.379 0.257 
0.84659  31040       0.12211 0.27066 0.32680   0.00034 0.24392   0.327 0.122 0.378 0.255 
0.84759  30838       0.12187 0.26967 0.32481   0.00034 0.24507   0.325 0.122 0.378 0.254 
0.84859  30636       0.12163 0.26868 0.32295   0.00034 0.24615   0.323 0.122 0.378 0.252 
0.84959  30434       0.12093 0.26748 0.32106   0.00034 0.24726   0.321 0.121 0.377 0.251 
0.85059  30232       0.12077 0.26649 0.31918   0.00034 0.24836   0.319 0.121 0.377 0.249 
0.85158  30030       0.11912 0.26513 0.31731   0.00034 0.24946   0.317 0.119 0.377 0.247 
0.85258  29828       0.11881 0.26411 0.31539   0.00034 0.25060   0.315 0.119 0.376 0.246 
0.85358  29626       0.11857 0.26308 0.31341   0.00034 0.25178   0.313 0.119 0.376 0.244 
0.85458  29424       0.11841 0.26213 0.31147   0.00034 0.25294   0.311 0.118 0.376 0.243 
0.85558  29222       0.11794 0.26106 0.30957   0.00035 0.25408   0.310 0.118 0.376 0.241 
0.85658  29020       0.11779 0.26012 0.30768   0.00035 0.25522   0.308 0.118 0.376 0.239 
0.85757  28818       0.11708 0.25890 0.30581   0.00035 0.25636   0.306 0.117 0.375 0.238 
0.85857  28616       0.11677 0.25781 0.30381   0.00035 0.25758   0.304 0.117 0.374 0.236 
0.85957  28414       0.11661 0.25680 0.30181   0.00035 0.25880   0.302 0.117 0.374 0.235 
0.86057  28212       0.11645 0.25579 0.29989   0.00035 0.25999   0.300 0.116 0.374 0.233 
0.86157  28010       0.11629 0.25479 0.29795   0.00035 0.26118   0.298 0.116 0.373 0.231 
0.86257  27808       0.11614 0.25385 0.29609   0.00035 0.26234   0.296 0.116 0.373 0.230 
0.86356  27606       0.11606 0.25288 0.29414   0.00035 0.26356   0.294 0.116 0.373 0.228 
0.86456  27404       0.11567 0.25183 0.29216   0.00035 0.26480   0.292 0.116 0.373 0.227 
0.86556  27202       0.11559 0.25085 0.29027   0.00035 0.26599   0.290 0.116 0.372 0.225 
0.86656  27000       0.11551 0.24988 0.28835   0.00035 0.26721   0.288 0.116 0.372 0.223 
0.86756  26798       0.11512 0.24884 0.28635   0.00035 0.26848   0.286 0.115 0.372 0.222 
0.86856  26596       0.11080 0.24679 0.28429   0.00035 0.26980   0.284 0.111 0.372 0.220 
0.86955  26394       0.09729 0.24218 0.28172   0.00036 0.27146   0.282 0.097 0.371 0.219 
0.87055  26192       0.09721 0.24145 0.28028   0.00036 0.27239   0.280 0.097 0.371 0.217 
0.87155  25990       0.09706 0.24048 0.27838   0.00036 0.27363   0.278 0.097 0.371 0.216 
0.87255  25788       0.09666 0.23945 0.27642   0.00036 0.27491   0.276 0.097 0.371 0.214 
0.87355  25586       0.09635 0.23844 0.27444   0.00036 0.27621   0.274 0.096 0.371 0.212 
0.87455  25384       0.09604 0.23736 0.27240   0.00036 0.27756   0.272 0.096 0.370 0.211 
0.87554  25182       0.09588 0.23637 0.27038   0.00036 0.27890   0.270 0.096 0.370 0.209 
0.87654  24980       0.09580 0.23536 0.26831   0.00036 0.28029   0.268 0.096 0.370 0.207 
0.87754  24778       0.09572 0.23444 0.26633   0.00036 0.28162   0.266 0.096 0.370 0.206 
0.87854  24576       0.09533 0.23342 0.26443   0.00036 0.28290   0.264 0.095 0.370 0.204 
0.87954  24374       0.09352 0.23202 0.26243   0.00036 0.28426   0.262 0.094 0.370 0.202 
0.88054  24172       0.09344 0.23101 0.26036   0.00036 0.28568   0.260 0.093 0.369 0.201 
0.88153  23970       0.09329 0.23000 0.25824   0.00036 0.28713   0.258 0.093 0.369 0.199 
0.88253  23768       0.09305 0.22887 0.25608   0.00036 0.28863   0.256 0.093 0.369 0.197 
0.88353  23566       0.09242 0.22776 0.25411   0.00037 0.29000   0.254 0.092 0.369 0.196 
0.88453  23364       0.09227 0.22675 0.25206   0.00037 0.29144   0.252 0.092 0.369 0.194 
0.88553  23162       0.09211 0.22568 0.24992   0.00037 0.29295   0.250 0.092 0.368 0.192 
0.88653  22960       0.09211 0.22466 0.24780   0.00037 0.29445   0.248 0.092 0.368 0.191 
0.88752  22758       0.09195 0.22357 0.24566   0.00037 0.29598   0.246 0.092 0.368 0.189 
0.88852  22556       0.09195 0.22255 0.24357   0.00037 0.29749   0.244 0.092 0.367 0.187 
0.88952  22354       0.09195 0.22156 0.24158   0.00037 0.29892   0.242 0.092 0.367 0.186 
0.89052  22152       0.09180 0.22048 0.23953   0.00037 0.30042   0.240 0.092 0.367 0.184 
0.89152  21950       0.09180 0.21943 0.23735   0.00037 0.30201   0.237 0.092 0.366 0.182 
0.89252  21748       0.09180 0.21843 0.23527   0.00037 0.30355   0.235 0.092 0.366 0.181 
0.89351  21546       0.09180 0.21743 0.23317   0.00037 0.30511   0.233 0.092 0.366 0.179 
0.89451  21344       0.09172 0.21639 0.23109   0.00037 0.30666   0.231 0.092 0.366 0.177 
0.89551  21142       0.09172 0.21542 0.22901   0.00037 0.30822   0.229 0.092 0.366 0.175 
0.89651  20940       0.09172 0.21444 0.22690   0.00037 0.30983   0.227 0.092 0.365 0.174 
0.89751  20738       0.09164 0.21346 0.22483   0.00037 0.31140   0.225 0.092 0.365 0.172 
0.89851  20536       0.09164 0.21253 0.22283   0.00037 0.31294   0.223 0.092 0.365 0.170 
0.89950  20334       0.09156 0.21145 0.22058   0.00037 0.31468   0.221 0.092 0.365 0.169 
0.90050  20132       0.09156 0.21043 0.21843   0.00037 0.31636   0.218 0.092 0.365 0.167 
0.90150  19930       0.09156 0.20948 0.21634   0.00037 0.31800   0.216 0.092 0.365 0.165 
0.90250  19728       0.09156 0.20848 0.21425   0.00037 0.31966   0.214 0.092 0.365 0.163 
0.90350  19526       0.09156 0.20744 0.21208   0.00038 0.32138   0.212 0.092 0.364 0.162 
0.90450  19324       0.09125 0.20636 0.20999   0.00038 0.32306   0.210 0.091 0.364 0.160 
0.90549  19122       0.09125 0.20522 0.20782   0.00038 0.32481   0.208 0.091 0.364 0.158 
0.90649  18920       0.09125 0.20424 0.20574   0.00038 0.32651   0.206 0.091 0.363 0.157 
0.90749  18718       0.09109 0.20321 0.20360   0.00038 0.32827   0.204 0.091 0.363 0.155 
0.90849  18516       0.09054 0.20206 0.20143   0.00038 0.33007   0.201 0.091 0.363 0.153 
0.90949  18314       0.08967 0.20085 0.19932   0.00038 0.33183   0.199 0.090 0.363 0.151 
0.91049  18112       0.08967 0.19982 0.19714   0.00038 0.33367   0.197 0.090 0.363 0.150 
0.91148  17910       0.08967 0.19881 0.19492   0.00038 0.33555   0.195 0.090 0.363 0.148 
0.91248  17708       0.08952 0.19775 0.19271   0.00038 0.33744   0.193 0.090 0.363 0.146 
0.91348  17506       0.08944 0.19672 0.19050   0.00038 0.33934   0.191 0.089 0.362 0.144 
0.91448  17304       0.08881 0.19550 0.18822   0.00038 0.34133   0.188 0.089 0.362 0.143 
0.91548  17102       0.08881 0.19453 0.18606   0.00038 0.34323   0.186 0.089 0.362 0.141 
0.91648  16900       0.08865 0.19343 0.18381   0.00038 0.34523   0.184 0.089 0.362 0.139 
0.91747  16698       0.08865 0.19243 0.18164   0.00039 0.34717   0.182 0.089 0.362 0.137 
0.91847  16496       0.08865 0.19141 0.17934   0.00039 0.34924   0.179 0.089 0.362 0.136 
0.91947  16294       0.08858 0.19038 0.17718   0.00039 0.35122   0.177 0.089 0.362 0.134 
0.92047  16092       0.08850 0.18937 0.17500   0.00039 0.35322   0.175 0.088 0.362 0.132 
0.92147  15890       0.08834 0.18830 0.17279   0.00039 0.35527   0.173 0.088 0.362 0.130 
0.92247  15688       0.08818 0.18721 0.17056   0.00039 0.35736   0.171 0.088 0.361 0.129 
0.92346  15486       0.08795 0.18605 0.16818   0.00039 0.35962   0.168 0.088 0.361 0.127 
0.92446  15284       0.08787 0.18487 0.16593   0.00039 0.36176   0.166 0.088 0.361 0.125 
0.92546  15082       0.08606 0.18342 0.16370   0.00039 0.36392   0.164 0.086 0.361 0.123 
0.92646  14880       0.08606 0.18240 0.16146   0.00039 0.36611   0.161 0.086 0.361 0.121 
0.92746  14678       0.08575 0.18128 0.15911   0.00039 0.36842   0.159 0.086 0.361 0.120 
0.92846  14476       0.08559 0.18021 0.15679   0.00039 0.37074   0.157 0.086 0.361 0.118 
0.92945  14274       0.08536 0.17910 0.15447   0.00040 0.37308   0.154 0.085 0.361 0.116 
0.93045  14072       0.08512 0.17800 0.15212   0.00040 0.37548   0.152 0.085 0.361 0.114 
0.93145  13870       0.08426 0.17672 0.14970   0.00040 0.37798   0.150 0.084 0.361 0.112 
0.93245  13668       0.08363 0.17548 0.14723   0.00040 0.38056   0.147 0.084 0.361 0.110 
0.93345  13466       0.08331 0.17431 0.14474   0.00040 0.38320   0.145 0.083 0.361 0.109 
0.93445  13264       0.08300 0.17314 0.14227   0.00040 0.38585   0.142 0.083 0.361 0.107 
0.93544  13062       0.08253 0.17191 0.13976   0.00040 0.38858   0.140 0.083 0.360 0.105 
0.93644  12860       0.08206 0.17069 0.13725   0.00040 0.39134   0.137 0.082 0.360 0.103 
0.93744  12658       0.08182 0.16954 0.13476   0.00040 0.39412   0.135 0.082 0.360 0.101 
0.93844  12456       0.08182 0.16845 0.13229   0.00041 0.39691   0.132 0.082 0.360 0.099 
0.93944  12254       0.08174 0.16730 0.12981   0.00041 0.39976   0.130 0.082 0.360 0.097 
0.94044  12052       0.08174 0.16620 0.12731   0.00041 0.40267   0.127 0.082 0.360 0.095 
0.94143  11850       0.08174 0.16508 0.12477   0.00041 0.40567   0.125 0.082 0.360 0.093 
0.94243  11648       0.08127 0.16384 0.12220   0.00041 0.40876   0.122 0.081 0.360 0.092 
0.94343  11446       0.08127 0.16268 0.11959   0.00041 0.41194   0.120 0.081 0.360 0.090 
0.94443  11244       0.08127 0.16151 0.11694   0.00041 0.41522   0.117 0.081 0.360 0.088 
0.94543  11042       0.08127 0.15973 0.11496   0.00041 0.41772   0.115 0.081 0.357 0.086 
0.94643  10840       0.08119 0.15742 0.11352   0.00042 0.41955   0.114 0.081 0.350 0.085 
0.94742  10638       0.08119 0.15514 0.11204   0.00042 0.42144   0.112 0.081 0.343 0.084 
0.94842  10436       0.08119 0.15285 0.11056   0.00042 0.42336   0.111 0.081 0.337 0.083 
0.94942  10234       0.08119 0.15055 0.10907   0.00042 0.42531   0.109 0.081 0.330 0.082 
0.95042  10032       0.08055 0.14822 0.10759   0.00042 0.42728   0.108 0.081 0.324 0.081 
0.95142  9830        0.07937 0.14589 0.10608   0.00042 0.42930   0.106 0.081 0.317 0.079 
0.95242  9628        0.07818 0.14353 0.10454   0.00042 0.43138   0.105 0.081 0.310 0.078 
0.95341  9426        0.07696 0.14116 0.10300   0.00043 0.43348   0.103 0.081 0.304 0.077 
0.95441  9224        0.07575 0.13878 0.10146   0.00043 0.43562   0.101 0.081 0.297 0.076 
0.95541  9022        0.07448 0.13643 0.09982   0.00043 0.43791   0.100 0.081 0.290 0.074 
0.95641  8820        0.07319 0.13393 0.09816   0.00043 0.44026   0.098 0.081 0.284 0.073 
0.95741  8618        0.07189 0.13152 0.09653   0.00043 0.44260   0.097 0.081 0.277 0.072 
0.95841  8416        0.07052 0.12913 0.09481   0.00044 0.44510   0.095 0.081 0.271 0.071 
0.95940  8214        0.06914 0.12667 0.09313   0.00044 0.44758   0.093 0.081 0.264 0.069 
0.96040  8012        0.06774 0.12421 0.09138   0.00044 0.45019   0.091 0.081 0.257 0.068 
0.96140  7810        0.06632 0.12172 0.08962   0.00044 0.45286   0.090 0.081 0.250 0.066 
0.96240  7608        0.06484 0.11923 0.08777   0.00044 0.45569   0.088 0.081 0.244 0.065 
0.96340  7406        0.06333 0.11662 0.08590   0.00045 0.45862   0.086 0.080 0.237 0.063 
0.96440  7204        0.06184 0.11400 0.08406   0.00045 0.46154   0.084 0.080 0.230 0.062 
0.96539  7002        0.06031 0.11135 0.08217   0.00045 0.46460   0.082 0.080 0.223 0.060 
0.96639  6800        0.05876 0.10866 0.08024   0.00045 0.46777   0.080 0.080 0.215 0.059 
0.96739  6598        0.05722 0.10597 0.07831   0.00046 0.47099   0.078 0.080 0.208 0.057 
0.96839  6396        0.05560 0.10318 0.07623   0.00046 0.47454   0.076 0.080 0.201 0.056 
0.96939  6194        0.05402 0.10047 0.07423   0.00046 0.47802   0.074 0.080 0.194 0.054 
0.97039  5992        0.05241 0.09777 0.07217   0.00047 0.48168   0.072 0.080 0.187 0.052 
0.97138  5790        0.05077 0.09506 0.07008   0.00047 0.48549   0.070 0.080 0.180 0.051 
0.97238  5588        0.04912 0.09227 0.06793   0.00047 0.48948   0.068 0.079 0.173 0.049 
0.97338  5386        0.04746 0.08953 0.06577   0.00048 0.49359   0.066 0.079 0.166 0.047 
0.97438  5184        0.04576 0.08680 0.06354   0.00048 0.49793   0.064 0.079 0.159 0.046 
0.97538  4982        0.04405 0.08409 0.06125   0.00048 0.50251   0.061 0.079 0.152 0.044 
0.97638  4780        0.04231 0.08139 0.05891   0.00049 0.50735   0.059 0.079 0.145 0.042 
0.97737  4578        0.04054 0.07869 0.05654   0.00049 0.51237   0.057 0.079 0.138 0.041 
0.97837  4376        0.03875 0.07593 0.05414   0.00049 0.51763   0.054 0.079 0.131 0.039 
0.97937  4174        0.03695 0.07313 0.05174   0.00050 0.52307   0.052 0.079 0.124 0.037 
0.98037  3972        0.03515 0.07028 0.04932   0.00050 0.52873   0.049 0.079 0.117 0.035 
0.98137  3770        0.03329 0.06745 0.04679   0.00051 0.53491   0.047 0.079 0.110 0.033 
0.98237  3568        0.03140 0.06455 0.04421   0.00051 0.54147   0.044 0.079 0.103 0.031 
0.98336  3366        0.02951 0.06154 0.04163   0.00052 0.54831   0.042 0.079 0.096 0.030 
0.98436  3164        0.02757 0.05847 0.03896   0.00053 0.55574   0.039 0.079 0.088 0.028 
0.98536  2962        0.02589 0.05508 0.03662   0.00053 0.56256   0.037 0.077 0.081 0.026 
0.98636  2760        0.02448 0.05145 0.03466   0.00054 0.56854   0.035 0.072 0.075 0.024 
0.98736  2558        0.02302 0.04778 0.03270   0.00055 0.57475   0.033 0.066 0.069 0.023 
0.98836  2356        0.02151 0.04418 0.03072   0.00055 0.58135   0.031 0.061 0.064 0.022 
0.98935  2154        0.02006 0.04087 0.02887   0.00056 0.58781   0.029 0.056 0.058 0.020 
0.99035  1952        0.01851 0.03753 0.02684   0.00057 0.59523   0.027 0.052 0.053 0.019 
0.99135  1750        0.01694 0.03414 0.02474   0.00058 0.60341   0.025 0.047 0.048 0.017 
0.99235  1548        0.01529 0.03074 0.02250   0.00059 0.61271   0.022 0.042 0.043 0.015 
0.99335  1346        0.01355 0.02731 0.02009   0.00060 0.62353   0.020 0.037 0.038 0.014 
0.99435  1144        0.01166 0.02359 0.01738   0.00062 0.63691   0.017 0.033 0.033 0.012 
0.99534  942         0.00975 0.01979 0.01464   0.00063 0.65215   0.015 0.027 0.027 0.010 
0.99634  740         0.00778 0.01591 0.01190   0.00065 0.66969   0.012 0.022 0.022 0.008 
0.99734  538         0.00584 0.01197 0.00921   0.00067 0.69019   0.009 0.017 0.016 0.006 
0.99834  336         0.00392 0.00785 0.00649   0.00071 0.71617   0.006 0.011 0.010 0.004 
0.99934  134         0.00168 0.00328 0.00300   0.00076 0.76600   0.003 0.004 0.004 0.002 
1.00000  0           0.00000 0.00000 0.00000   0.00100 0.99987   0.000 0.000 0.000 0.000 
