ADMU id: 1: F-lost, TF-cost	min-1 mean-1 wmean-1 max-1	min-2 mean-2 wmean-2 max-2	
0.00001	0         	0.07828 	0.27521 	inf     	0.35771 	0.32531 	0.32531 	0.00000 	0.32531 	
0.00101	0         	0.07828 	0.27521 	inf     	0.35771 	0.32531 	0.32531 	0.00000 	0.32531 	
0.00201	0         	0.07828 	0.27521 	inf     	0.35771 	0.32531 	0.32531 	0.00000 	0.32531 	
0.00301	0         	0.07828 	0.27521 	inf     	0.35771 	0.32531 	0.32531 	0.00000 	0.32531 	
0.00400	0         	0.07828 	0.27521 	inf     	0.35771 	0.32531 	0.32531 	0.00000 	0.32531 	
0.00500	0         	0.07828 	0.27521 	inf     	0.35771 	0.32531 	0.32531 	0.00000 	0.32531 	
0.00600	0         	0.07828 	0.27521 	inf     	0.35771 	0.32531 	0.32531 	0.00000 	0.32531 	
0.00700	0         	0.07828 	0.27521 	inf     	0.35771 	0.32531 	0.32531 	0.00000 	0.32531 	
0.00800	0         	0.07828 	0.27521 	inf     	0.35771 	0.32531 	0.32531 	0.00000 	0.32531 	
0.00900	0         	0.07828 	0.27521 	inf     	0.35771 	0.32531 	0.32531 	0.00000 	0.32531 	
0.01000	0         	0.07828 	0.27521 	inf     	0.35771 	0.32531 	0.32531 	0.00000 	0.32531 	
0.01099	0         	0.07828 	0.27521 	inf     	0.35771 	0.32531 	0.32531 	0.00000 	0.32531 	
0.01199	0         	0.07828 	0.27521 	inf     	0.35771 	0.32531 	0.32531 	0.00000 	0.32531 	
0.01299	0         	0.07828 	0.27521 	inf     	0.35771 	0.32531 	0.32531 	0.00000 	0.32531 	
0.01399	0         	0.07828 	0.27521 	inf     	0.35771 	0.32531 	0.32531 	0.00000 	0.32531 	
0.01499	0         	0.07828 	0.27521 	inf     	0.35771 	0.32531 	0.32531 	0.00000 	0.32531 	
0.01599	0         	0.07828 	0.27521 	inf     	0.35771 	0.32531 	0.32531 	0.00000 	0.32531 	
0.01698	0         	0.07828 	0.27521 	inf     	0.35771 	0.32531 	0.32531 	0.00000 	0.32531 	
0.01798	0         	0.07828 	0.27521 	inf     	0.35771 	0.32531 	0.32531 	0.00000 	0.32531 	
0.01898	0         	0.07828 	0.27521 	inf     	0.35771 	0.32531 	0.32531 	0.00000 	0.32531 	
0.01998	0         	0.07828 	0.27521 	inf     	0.35771 	0.32531 	0.32531 	0.00000 	0.32531 	
0.02098	0         	0.07828 	0.27521 	inf     	0.35771 	0.32531 	0.32531 	0.00000 	0.32531 	
0.02198	0         	0.07828 	0.27521 	inf     	0.35771 	0.32531 	0.32531 	0.00000 	0.32531 	
0.02298	0         	0.07828 	0.27521 	inf     	0.35771 	0.32531 	0.32531 	0.00000 	0.32531 	
0.02397	0         	0.07828 	0.27521 	inf     	0.35771 	0.32531 	0.32531 	0.00000 	0.32531 	
0.02497	0         	0.07828 	0.27521 	inf     	0.35771 	0.32531 	0.32531 	0.00000 	0.32531 	
0.02597	0         	0.07828 	0.27521 	inf     	0.35771 	0.32531 	0.32531 	0.00000 	0.32531 	
0.02697	0         	0.07828 	0.27521 	inf     	0.35771 	0.32531 	0.32531 	0.00000 	0.32531 	
0.02797	0         	0.07828 	0.27521 	inf     	0.35771 	0.32531 	0.32531 	0.00000 	0.32531 	
0.02897	0         	0.07828 	0.27521 	inf     	0.35771 	0.32531 	0.32531 	0.00000 	0.32531 	
0.02997	0         	0.07828 	0.27521 	inf     	0.35771 	0.32531 	0.32531 	0.00000 	0.32531 	
0.03096	0         	0.07828 	0.27521 	inf     	0.35771 	0.32531 	0.32531 	0.00000 	0.32531 	
0.03196	0         	0.07828 	0.27521 	inf     	0.35771 	0.32531 	0.32531 	0.00000 	0.32531 	
0.03296	0         	0.07828 	0.27521 	inf     	0.35771 	0.32531 	0.32531 	0.00000 	0.32531 	
0.03396	0         	0.07828 	0.27521 	inf     	0.35771 	0.32531 	0.32531 	0.00000 	0.32531 	
0.03496	0         	0.07828 	0.27521 	inf     	0.35771 	0.32531 	0.32531 	0.00000 	0.32531 	
0.03596	0         	0.07828 	0.27521 	inf     	0.35771 	0.32531 	0.32531 	0.00000 	0.32531 	
0.03696	0         	0.07828 	0.27521 	inf     	0.35771 	0.32531 	0.32531 	0.00000 	0.32531 	
0.03795	0         	0.07828 	0.27521 	inf     	0.35771 	0.32531 	0.32531 	0.00000 	0.32531 	
0.03895	0         	0.07828 	0.27521 	inf     	0.35771 	0.32531 	0.32531 	0.00000 	0.32531 	
0.03995	0         	0.07828 	0.27521 	inf     	0.35771 	0.32531 	0.32531 	0.00000 	0.32531 	
0.04095	0         	0.07828 	0.27521 	inf     	0.35771 	0.32531 	0.32531 	0.00000 	0.32531 	
0.04195	0         	0.07828 	0.27521 	inf     	0.35771 	0.32531 	0.32531 	0.00000 	0.32531 	
0.04295	0         	0.07828 	0.27521 	inf     	0.35771 	0.32531 	0.32531 	0.00000 	0.32531 	
0.04394	0         	0.07828 	0.27521 	inf     	0.35771 	0.32531 	0.32531 	0.00000 	0.32531 	
0.04494	0         	0.07828 	0.27521 	inf     	0.35771 	0.32531 	0.32531 	0.00000 	0.32531 	
0.04594	0         	0.07828 	0.27521 	inf     	0.35771 	0.32531 	0.32531 	0.00000 	0.32531 	
0.04694	0         	0.07828 	0.27521 	inf     	0.35771 	0.32531 	0.32531 	0.00000 	0.32531 	
0.04794	0         	0.07828 	0.27521 	inf     	0.35771 	0.32531 	0.32531 	0.00000 	0.32531 	
0.04894	0         	0.07828 	0.27521 	inf     	0.35771 	0.32531 	0.32531 	0.00000 	0.32531 	
0.04994	0         	0.07828 	0.27521 	inf     	0.35771 	0.32531 	0.32531 	0.00000 	0.32531 	
0.05093	0         	0.07828 	0.27521 	inf     	0.35771 	0.32531 	0.32531 	0.00000 	0.32531 	
0.05193	0         	0.07828 	0.27521 	inf     	0.35771 	0.32531 	0.32531 	0.00000 	0.32531 	
0.05293	0         	0.07828 	0.27521 	inf     	0.35771 	0.32531 	0.32531 	0.00000 	0.32531 	
0.05393	0         	0.07828 	0.27521 	inf     	0.35771 	0.32531 	0.32531 	0.00000 	0.32531 	
0.05493	0         	0.07828 	0.27521 	inf     	0.35771 	0.32531 	0.32531 	0.00000 	0.32531 	
0.05593	0         	0.07828 	0.27521 	inf     	0.35771 	0.32531 	0.32531 	0.00000 	0.32531 	
0.05693	0         	0.07828 	0.27521 	inf     	0.35771 	0.32531 	0.32531 	0.00000 	0.32531 	
0.05792	0         	0.07828 	0.27521 	inf     	0.35771 	0.32531 	0.32531 	0.00000 	0.32531 	
0.05892	0         	0.07828 	0.27521 	inf     	0.35771 	0.32531 	0.32531 	0.00000 	0.32531 	
0.05992	0         	0.07828 	0.27521 	inf     	0.35771 	0.32531 	0.32531 	0.00000 	0.32531 	
0.06092	0         	0.07828 	0.27521 	inf     	0.35771 	0.32531 	0.32531 	0.00000 	0.32531 	
0.06192	0         	0.07828 	0.27521 	inf     	0.35771 	0.32531 	0.32531 	0.00000 	0.32531 	
0.06292	0         	0.07828 	0.27521 	inf     	0.35771 	0.32531 	0.32531 	0.00000 	0.32531 	
0.06392	0         	0.07828 	0.27521 	inf     	0.35771 	0.32531 	0.32531 	0.00000 	0.32531 	
0.06491	0         	0.07828 	0.27521 	inf     	0.35771 	0.32531 	0.32531 	0.00000 	0.32531 	
0.06591	0         	0.07828 	0.27521 	inf     	0.35771 	0.32531 	0.32531 	0.00000 	0.32531 	
0.06691	0         	0.07828 	0.27521 	inf     	0.35771 	0.32531 	0.32531 	0.00000 	0.32531 	
0.06791	0         	0.07828 	0.27521 	inf     	0.35771 	0.32531 	0.32531 	0.00000 	0.32531 	
0.06891	0         	0.07828 	0.27521 	inf     	0.35771 	0.32531 	0.32531 	0.00000 	0.32531 	
0.06991	0         	0.07828 	0.27521 	inf     	0.35771 	0.32531 	0.32531 	0.00000 	0.32531 	
0.07090	0         	0.07828 	0.27521 	inf     	0.35771 	0.32531 	0.32531 	0.00000 	0.32531 	
0.07190	0         	0.07828 	0.27521 	inf     	0.35771 	0.32531 	0.32531 	0.00000 	0.32531 	
0.07290	0         	0.07828 	0.27521 	inf     	0.35771 	0.32531 	0.32531 	0.00000 	0.32531 	
0.07390	0         	0.07828 	0.27521 	inf     	0.35771 	0.32531 	0.32531 	0.00000 	0.32531 	
0.07490	0         	0.07828 	0.27521 	inf     	0.35771 	0.32531 	0.32531 	0.00000 	0.32531 	
0.07590	0         	0.07828 	0.27521 	inf     	0.35771 	0.32531 	0.32531 	0.00000 	0.32531 	
0.07690	0         	0.07828 	0.27521 	inf     	0.35771 	0.32531 	0.32531 	0.00000 	0.32531 	
0.07789	0         	0.07828 	0.27521 	inf     	0.35771 	0.32531 	0.32531 	0.00000 	0.32531 	
0.07889	0         	0.07828 	0.27521 	inf     	0.35771 	0.32531 	0.32531 	0.00000 	0.32531 	
0.07989	0         	0.07828 	0.27521 	inf     	0.35771 	0.32531 	0.32531 	0.00000 	0.32531 	
0.08089	0         	0.07828 	0.27521 	inf     	0.35771 	0.32531 	0.32531 	0.00000 	0.32531 	
0.08189	0         	0.07828 	0.27521 	inf     	0.35771 	0.32531 	0.32531 	0.00000 	0.32531 	
0.08289	0         	0.07828 	0.27521 	inf     	0.35771 	0.32531 	0.32531 	0.00000 	0.32531 	
0.08389	0         	0.07828 	0.27521 	inf     	0.35771 	0.32531 	0.32531 	0.00000 	0.32531 	
0.08488	0         	0.07828 	0.27521 	inf     	0.35771 	0.32531 	0.32531 	0.00000 	0.32531 	
0.08588	0         	0.07828 	0.27521 	inf     	0.35771 	0.32531 	0.32531 	0.00000 	0.32531 	
0.08688	0         	0.07828 	0.27521 	inf     	0.35771 	0.32531 	0.32531 	0.00000 	0.32531 	
0.08788	0         	0.07828 	0.27521 	inf     	0.35771 	0.32531 	0.32531 	0.00000 	0.32531 	
0.08888	0         	0.07828 	0.27521 	inf     	0.35771 	0.32531 	0.32531 	0.00000 	0.32531 	
0.08988	0         	0.07828 	0.27521 	inf     	0.35771 	0.32531 	0.32531 	0.00000 	0.32531 	
0.09088	0         	0.07828 	0.27521 	inf     	0.35771 	0.32531 	0.32531 	0.00000 	0.32531 	
0.09187	0         	0.07828 	0.27521 	inf     	0.35771 	0.32531 	0.32531 	0.00000 	0.32531 	
0.09287	0         	0.07828 	0.27521 	inf     	0.35771 	0.32531 	0.32531 	0.00000 	0.32531 	
0.09387	0         	0.07828 	0.27521 	inf     	0.35771 	0.32531 	0.32531 	0.00000 	0.32531 	
0.09487	0         	0.07828 	0.27521 	inf     	0.35771 	0.32531 	0.32531 	0.00000 	0.32531 	
0.09587	0         	0.07828 	0.27521 	inf     	0.35771 	0.32531 	0.32531 	0.00000 	0.32531 	
0.09687	0         	0.07828 	0.27521 	inf     	0.35771 	0.32531 	0.32531 	0.00000 	0.32531 	
0.09786	0         	0.07828 	0.27521 	inf     	0.35771 	0.32531 	0.32531 	0.00000 	0.32531 	
0.09886	0         	0.07828 	0.27521 	inf     	0.35771 	0.32531 	0.32531 	0.00000 	0.32531 	
0.09986	0         	0.07828 	0.27521 	inf     	0.35771 	0.32531 	0.32531 	0.00000 	0.32531 	
0.10086	0         	0.07828 	0.27521 	inf     	0.35771 	0.32531 	0.32531 	0.00000 	0.32531 	
0.10186	0         	0.07828 	0.27521 	inf     	0.35771 	0.32531 	0.32531 	0.00000 	0.32531 	
0.10286	0         	0.07828 	0.27521 	inf     	0.35771 	0.32531 	0.32531 	0.00000 	0.32531 	
0.10386	0         	0.07828 	0.27521 	inf     	0.35771 	0.32531 	0.32531 	0.00000 	0.32531 	
0.10485	0         	0.07828 	0.27521 	inf     	0.35771 	0.32531 	0.32531 	0.00000 	0.32531 	
0.10585	0         	0.07828 	0.27521 	inf     	0.35771 	0.32531 	0.32531 	0.00000 	0.32531 	
0.10685	0         	0.07828 	0.27521 	inf     	0.35771 	0.32531 	0.32531 	0.00000 	0.32531 	
0.10785	0         	0.07828 	0.27521 	inf     	0.35771 	0.32531 	0.32531 	0.00000 	0.32531 	
0.10885	0         	0.07828 	0.27521 	inf     	0.35771 	0.32531 	0.32531 	0.00000 	0.32531 	
0.10985	0         	0.07828 	0.27521 	inf     	0.35771 	0.32531 	0.32531 	0.00000 	0.32531 	
0.11085	0         	0.07828 	0.27521 	inf     	0.35771 	0.32531 	0.32531 	0.00000 	0.32531 	
0.11184	0         	0.07828 	0.27521 	inf     	0.35771 	0.32531 	0.32531 	0.00000 	0.32531 	
0.11284	0         	0.07828 	0.27520 	inf     	0.35771 	0.32531 	0.32531 	0.00000 	0.32531 	
0.11384	0         	0.07828 	0.27520 	inf     	0.35771 	0.32531 	0.32531 	0.00000 	0.32531 	
0.11484	0         	0.07828 	0.27520 	inf     	0.35771 	0.32531 	0.32531 	0.00000 	0.32531 	
0.11584	0         	0.07828 	0.27520 	inf     	0.35771 	0.32531 	0.32531 	0.00000 	0.32531 	
0.11684	0         	0.07828 	0.27520 	inf     	0.35771 	0.32531 	0.32531 	0.00000 	0.32531 	
0.11784	0         	0.07828 	0.27520 	inf     	0.35771 	0.32531 	0.32531 	0.00000 	0.32531 	
0.11883	0         	0.07828 	0.27520 	inf     	0.35771 	0.32531 	0.32531 	0.00000 	0.32531 	
0.11983	0         	0.07828 	0.27520 	inf     	0.35771 	0.32531 	0.32531 	0.00000 	0.32531 	
0.12083	0         	0.07828 	0.27520 	inf     	0.35771 	0.32531 	0.32531 	0.00000 	0.32531 	
0.12183	0         	0.07828 	0.27520 	inf     	0.35771 	0.32531 	0.32531 	0.00000 	0.32531 	
0.12283	0         	0.07828 	0.27520 	inf     	0.35771 	0.32531 	0.32531 	0.00000 	0.32531 	
0.12383	0         	0.07828 	0.27520 	inf     	0.35771 	0.32531 	0.32531 	0.00000 	0.32531 	
0.12482	0         	0.07828 	0.27520 	inf     	0.35771 	0.32531 	0.32531 	0.00000 	0.32531 	
0.12582	0         	0.07828 	0.27520 	inf     	0.35771 	0.32531 	0.32531 	0.00000 	0.32531 	
0.12682	0         	0.07828 	0.27520 	inf     	0.35771 	0.32531 	0.32531 	0.00000 	0.32531 	
0.12782	0         	0.07828 	0.27520 	inf     	0.35771 	0.32531 	0.32531 	0.00000 	0.32531 	
0.12882	0         	0.07828 	0.27520 	inf     	0.35771 	0.32531 	0.32531 	0.00000 	0.32531 	
0.12982	0         	0.07828 	0.27520 	inf     	0.35771 	0.32531 	0.32531 	0.00000 	0.32531 	
0.13082	0         	0.07828 	0.27520 	inf     	0.35771 	0.32531 	0.32531 	0.00000 	0.32531 	
0.13181	0         	0.07828 	0.27520 	inf     	0.35771 	0.32531 	0.32531 	0.00000 	0.32531 	
0.13281	0         	0.07828 	0.27520 	inf     	0.35771 	0.32531 	0.32531 	0.00000 	0.32531 	
0.13381	0         	0.07828 	0.27520 	inf     	0.35771 	0.32531 	0.32531 	0.00000 	0.32531 	
0.13481	0         	0.07828 	0.27520 	inf     	0.35771 	0.32531 	0.32531 	0.00000 	0.32531 	
0.13581	0         	0.07828 	0.27520 	inf     	0.35771 	0.32531 	0.32531 	0.00000 	0.32531 	
0.13681	0         	0.07828 	0.27520 	inf     	0.35771 	0.32531 	0.32531 	0.00000 	0.32531 	
0.13781	0         	0.07828 	0.27520 	inf     	0.35771 	0.32531 	0.32531 	0.00000 	0.32531 	
0.13880	0         	0.07828 	0.27520 	inf     	0.35771 	0.32531 	0.32531 	0.00000 	0.32531 	
0.13980	0         	0.07828 	0.27520 	inf     	0.35771 	0.32531 	0.32531 	0.00000 	0.32531 	
0.14080	0         	0.07828 	0.27520 	inf     	0.35771 	0.32531 	0.32531 	0.00000 	0.32531 	
0.14180	0         	0.07828 	0.27520 	inf     	0.35771 	0.32531 	0.32531 	0.00000 	0.32531 	
0.14280	0         	0.07828 	0.27520 	inf     	0.35771 	0.32531 	0.32531 	0.00000 	0.32531 	
0.14380	0         	0.07828 	0.27520 	inf     	0.35771 	0.32531 	0.32531 	0.00000 	0.32531 	
0.14480	0         	0.07828 	0.27520 	inf     	0.35771 	0.32531 	0.32531 	0.00000 	0.32531 	
0.14579	0         	0.07828 	0.27520 	inf     	0.35771 	0.32531 	0.32531 	0.00000 	0.32531 	
0.14679	0         	0.07828 	0.27520 	inf     	0.35771 	0.32531 	0.32531 	0.00000 	0.32531 	
0.14779	0         	0.07828 	0.27520 	inf     	0.35771 	0.32531 	0.32531 	0.00000 	0.32531 	
0.14879	0         	0.07828 	0.27520 	inf     	0.35771 	0.32531 	0.32531 	0.00000 	0.32531 	
0.14979	0         	0.07828 	0.27520 	inf     	0.35771 	0.32531 	0.32531 	0.00000 	0.32531 	
0.15079	0         	0.07828 	0.27520 	inf     	0.35771 	0.32531 	0.32531 	0.00000 	0.32531 	
0.15178	0         	0.07828 	0.27520 	inf     	0.35771 	0.32531 	0.32531 	0.00000 	0.32531 	
0.15278	0         	0.07828 	0.27520 	inf     	0.35771 	0.32531 	0.32531 	0.00000 	0.32531 	
0.15378	0         	0.07828 	0.27520 	inf     	0.35771 	0.32531 	0.32531 	0.00000 	0.32531 	
0.15478	0         	0.07828 	0.27520 	inf     	0.35771 	0.32531 	0.32531 	0.00000 	0.32531 	
0.15578	0         	0.07828 	0.27520 	inf     	0.35771 	0.32531 	0.32531 	0.00000 	0.32531 	
0.15678	0         	0.07828 	0.27520 	inf     	0.35771 	0.32531 	0.32531 	0.00000 	0.32531 	
0.15778	0         	0.07828 	0.27520 	inf     	0.35771 	0.32531 	0.32531 	0.00000 	0.32531 	
0.15877	0         	0.07828 	0.27520 	inf     	0.35771 	0.32531 	0.32531 	0.00000 	0.32531 	
0.15977	0         	0.07828 	0.27520 	inf     	0.35771 	0.32531 	0.32531 	0.00000 	0.32531 	
0.16077	0         	0.07828 	0.27520 	inf     	0.35771 	0.32531 	0.32531 	0.00000 	0.32531 	
0.16177	0         	0.07828 	0.27520 	inf     	0.35771 	0.32531 	0.32531 	0.00000 	0.32531 	
0.16277	0         	0.07828 	0.27520 	inf     	0.35771 	0.32531 	0.32531 	0.00000 	0.32531 	
0.16377	0         	0.07828 	0.27520 	inf     	0.35771 	0.32531 	0.32531 	0.00000 	0.32531 	
0.16477	0         	0.07828 	0.27520 	inf     	0.35771 	0.32531 	0.32531 	0.00000 	0.32531 	
0.16576	0         	0.07828 	0.27520 	inf     	0.35771 	0.32531 	0.32531 	0.00000 	0.32531 	
0.16676	0         	0.07828 	0.27520 	inf     	0.35771 	0.32531 	0.32531 	0.00000 	0.32531 	
0.16776	0         	0.07828 	0.27520 	inf     	0.35771 	0.32531 	0.32531 	0.00000 	0.32531 	
0.16876	0         	0.07828 	0.27520 	inf     	0.35771 	0.32531 	0.32531 	0.00000 	0.32531 	
0.16976	0         	0.07828 	0.27520 	inf     	0.35771 	0.32530 	0.32530 	0.00000 	0.32530 	
0.17076	0         	0.07828 	0.27520 	inf     	0.35771 	0.32530 	0.32530 	0.00000 	0.32530 	
0.17176	0         	0.07828 	0.27520 	inf     	0.35771 	0.32530 	0.32530 	0.00000 	0.32530 	
0.17275	0         	0.07828 	0.27520 	inf     	0.35771 	0.32530 	0.32530 	0.00000 	0.32530 	
0.17375	0         	0.07828 	0.27520 	inf     	0.35771 	0.32530 	0.32530 	0.00000 	0.32530 	
0.17475	0         	0.07828 	0.27520 	inf     	0.35771 	0.32530 	0.32530 	0.00000 	0.32530 	
0.17575	0         	0.07828 	0.27520 	inf     	0.35771 	0.32530 	0.32530 	0.00000 	0.32530 	
0.17675	0         	0.07828 	0.27520 	inf     	0.35771 	0.32530 	0.32530 	0.00000 	0.32530 	
0.17775	0         	0.07828 	0.27520 	inf     	0.35771 	0.32530 	0.32530 	0.00000 	0.32530 	
0.17874	0         	0.07828 	0.27520 	inf     	0.35771 	0.32530 	0.32530 	0.00000 	0.32530 	
0.17974	0         	0.07828 	0.27520 	inf     	0.35771 	0.32530 	0.32530 	0.00000 	0.32530 	
0.18074	0         	0.07828 	0.27520 	inf     	0.35771 	0.32530 	0.32530 	0.00000 	0.32530 	
0.18174	0         	0.07828 	0.27520 	inf     	0.35771 	0.32530 	0.32530 	0.00000 	0.32530 	
0.18274	0         	0.07828 	0.27520 	inf     	0.35771 	0.32530 	0.32530 	0.00000 	0.32530 	
0.18374	0         	0.07828 	0.27520 	inf     	0.35771 	0.32530 	0.32530 	0.00000 	0.32530 	
0.18474	0         	0.07828 	0.27520 	inf     	0.35771 	0.32530 	0.32530 	0.00000 	0.32530 	
0.18573	0         	0.07828 	0.27520 	inf     	0.35771 	0.32530 	0.32530 	0.00000 	0.32530 	
0.18673	0         	0.07828 	0.27520 	inf     	0.35771 	0.32530 	0.32530 	0.00000 	0.32530 	
0.18773	0         	0.07828 	0.27520 	inf     	0.35771 	0.32530 	0.32530 	0.00000 	0.32530 	
0.18873	0         	0.07828 	0.27520 	inf     	0.35771 	0.32530 	0.32530 	0.00000 	0.32530 	
0.18973	0         	0.07828 	0.27520 	inf     	0.35771 	0.32530 	0.32530 	0.00000 	0.32530 	
0.19073	0         	0.07828 	0.27520 	inf     	0.35771 	0.32530 	0.32530 	0.00000 	0.32530 	
0.19173	0         	0.07828 	0.27520 	inf     	0.35771 	0.32530 	0.32530 	0.00000 	0.32530 	
0.19272	0         	0.07828 	0.27520 	inf     	0.35771 	0.32530 	0.32530 	0.00000 	0.32530 	
0.19372	0         	0.07828 	0.27520 	inf     	0.35771 	0.32530 	0.32530 	0.00000 	0.32530 	
0.19472	0         	0.07828 	0.27520 	inf     	0.35771 	0.32530 	0.32530 	0.00000 	0.32530 	
0.19572	0         	0.07828 	0.27520 	inf     	0.35771 	0.32530 	0.32530 	0.00000 	0.32530 	
0.19672	0         	0.07828 	0.27520 	inf     	0.35771 	0.32530 	0.32530 	0.00000 	0.32530 	
0.19772	0         	0.07828 	0.27520 	inf     	0.35771 	0.32530 	0.32530 	0.00000 	0.32530 	
0.19872	0         	0.07828 	0.27520 	inf     	0.35771 	0.32530 	0.32530 	0.00000 	0.32530 	
0.19971	0         	0.07828 	0.27520 	inf     	0.35771 	0.32530 	0.32530 	0.00000 	0.32530 	
0.20071	0         	0.07828 	0.27520 	inf     	0.35771 	0.32530 	0.32530 	0.00000 	0.32530 	
0.20171	0         	0.07828 	0.27520 	inf     	0.35771 	0.32530 	0.32530 	0.00000 	0.32530 	
0.20271	0         	0.07828 	0.27520 	inf     	0.35771 	0.32530 	0.32530 	0.00000 	0.32530 	
0.20371	0         	0.07828 	0.27520 	inf     	0.35771 	0.32530 	0.32530 	0.00000 	0.32530 	
0.20471	0         	0.07828 	0.27520 	inf     	0.35771 	0.32530 	0.32530 	0.00000 	0.32530 	
0.20570	0         	0.07828 	0.27520 	inf     	0.35771 	0.32530 	0.32530 	0.00000 	0.32530 	
0.20670	0         	0.07828 	0.27520 	inf     	0.35771 	0.32530 	0.32530 	0.00000 	0.32530 	
0.20770	0         	0.07828 	0.27520 	inf     	0.35771 	0.32530 	0.32530 	0.00000 	0.32530 	
0.20870	0         	0.07828 	0.27520 	inf     	0.35771 	0.32530 	0.32530 	0.00000 	0.32530 	
0.20970	0         	0.07828 	0.27520 	inf     	0.35771 	0.32530 	0.32530 	0.00000 	0.32530 	
0.21070	0         	0.07828 	0.27520 	inf     	0.35771 	0.32530 	0.32530 	0.00000 	0.32530 	
0.21170	0         	0.07828 	0.27520 	inf     	0.35771 	0.32530 	0.32530 	0.00000 	0.32530 	
0.21269	0         	0.07828 	0.27520 	inf     	0.35771 	0.32530 	0.32530 	0.00000 	0.32530 	
0.21369	0         	0.07828 	0.27520 	inf     	0.35771 	0.32530 	0.32530 	0.00000 	0.32530 	
0.21469	0         	0.07828 	0.27520 	inf     	0.35771 	0.32530 	0.32530 	0.00000 	0.32530 	
0.21569	0         	0.07828 	0.27520 	inf     	0.35771 	0.32530 	0.32530 	0.00000 	0.32530 	
0.21669	0         	0.07828 	0.27520 	inf     	0.35771 	0.32530 	0.32530 	0.00000 	0.32530 	
0.21769	0         	0.07828 	0.27520 	inf     	0.35771 	0.32530 	0.32530 	0.00000 	0.32530 	
0.21869	0         	0.07828 	0.27520 	inf     	0.35771 	0.32530 	0.32530 	0.00000 	0.32530 	
0.21968	0         	0.07828 	0.27520 	inf     	0.35771 	0.32530 	0.32530 	0.00000 	0.32530 	
0.22068	0         	0.07828 	0.27520 	inf     	0.35771 	0.32530 	0.32530 	0.00000 	0.32530 	
0.22168	0         	0.07828 	0.27520 	inf     	0.35771 	0.32530 	0.32530 	0.00000 	0.32530 	
0.22268	0         	0.07828 	0.27520 	inf     	0.35771 	0.32530 	0.32530 	0.00000 	0.32530 	
0.22368	0         	0.07828 	0.27520 	inf     	0.35771 	0.32530 	0.32530 	0.00000 	0.32530 	
0.22468	0         	0.07828 	0.27520 	inf     	0.35771 	0.32530 	0.32530 	0.00000 	0.32530 	
0.22568	0         	0.07828 	0.27520 	inf     	0.35771 	0.32530 	0.32530 	0.00000 	0.32530 	
0.22667	0         	0.07828 	0.27520 	inf     	0.35771 	0.32530 	0.32530 	0.00000 	0.32530 	
0.22767	0         	0.07828 	0.27520 	inf     	0.35771 	0.32530 	0.32530 	0.00000 	0.32530 	
0.22867	0         	0.07828 	0.27520 	inf     	0.35771 	0.32530 	0.32530 	0.00000 	0.32530 	
0.22967	0         	0.07828 	0.27520 	inf     	0.35771 	0.32530 	0.32530 	0.00000 	0.32530 	
0.23067	0         	0.07828 	0.27520 	inf     	0.35771 	0.32530 	0.32530 	0.00000 	0.32530 	
0.23167	0         	0.07828 	0.27520 	inf     	0.35771 	0.32530 	0.32530 	0.00000 	0.32530 	
0.23266	0         	0.07828 	0.27520 	inf     	0.35771 	0.32530 	0.32530 	0.00000 	0.32530 	
0.23366	0         	0.07828 	0.27520 	inf     	0.35771 	0.32530 	0.32530 	0.00000 	0.32530 	
0.23466	0         	0.07828 	0.27520 	inf     	0.35771 	0.32530 	0.32530 	0.00000 	0.32530 	
0.23566	0         	0.07828 	0.27520 	inf     	0.35771 	0.32529 	0.32529 	0.00000 	0.32529 	
0.23666	0         	0.07828 	0.27520 	inf     	0.35771 	0.32529 	0.32529 	0.00000 	0.32529 	
0.23766	0         	0.07828 	0.27520 	inf     	0.35771 	0.32529 	0.32529 	0.00000 	0.32529 	
0.23866	0         	0.07828 	0.27520 	inf     	0.35771 	0.32529 	0.32529 	0.00000 	0.32529 	
0.23965	0         	0.07828 	0.27520 	inf     	0.35771 	0.32529 	0.32529 	0.00000 	0.32529 	
0.24065	0         	0.07828 	0.27520 	inf     	0.35771 	0.32529 	0.32529 	0.00000 	0.32529 	
0.24165	0         	0.07828 	0.27520 	inf     	0.35771 	0.32529 	0.32529 	0.00000 	0.32529 	
0.24265	0         	0.07828 	0.27520 	inf     	0.35771 	0.32529 	0.32529 	0.00000 	0.32529 	
0.24365	0         	0.07828 	0.27520 	inf     	0.35771 	0.32529 	0.32529 	0.00000 	0.32529 	
0.24465	0         	0.07828 	0.27520 	inf     	0.35771 	0.32529 	0.32529 	0.00000 	0.32529 	
0.24565	0         	0.07828 	0.27520 	inf     	0.35771 	0.32529 	0.32529 	0.00000 	0.32529 	
0.24664	0         	0.07828 	0.27520 	inf     	0.35771 	0.32529 	0.32529 	0.00000 	0.32529 	
0.24764	0         	0.07828 	0.27520 	inf     	0.35771 	0.32529 	0.32529 	0.00000 	0.32529 	
0.24864	0         	0.07828 	0.27520 	inf     	0.35771 	0.32529 	0.32529 	0.00000 	0.32529 	
0.24964	0         	0.07828 	0.27520 	inf     	0.35771 	0.32529 	0.32529 	0.00000 	0.32529 	
0.25064	0         	0.07828 	0.27520 	inf     	0.35771 	0.32529 	0.32529 	0.00000 	0.32529 	
0.25164	0         	0.07828 	0.27520 	inf     	0.35771 	0.32529 	0.32529 	0.00000 	0.32529 	
0.25264	0         	0.07828 	0.27520 	inf     	0.35771 	0.32529 	0.32529 	0.00000 	0.32529 	
0.25363	0         	0.07828 	0.27520 	inf     	0.35771 	0.32529 	0.32529 	0.00000 	0.32529 	
0.25463	0         	0.07828 	0.27520 	inf     	0.35771 	0.32529 	0.32529 	0.00000 	0.32529 	
0.25563	0         	0.07828 	0.27520 	inf     	0.35771 	0.32529 	0.32529 	0.00000 	0.32529 	
0.25663	0         	0.07828 	0.27520 	inf     	0.35771 	0.32529 	0.32529 	0.00000 	0.32529 	
0.25763	0         	0.07828 	0.27520 	inf     	0.35771 	0.32529 	0.32529 	0.00000 	0.32529 	
0.25863	0         	0.07828 	0.27520 	inf     	0.35771 	0.32528 	0.32528 	0.00000 	0.32528 	
0.25962	0         	0.07828 	0.27520 	inf     	0.35771 	0.32528 	0.32528 	0.00000 	0.32528 	
0.26062	0         	0.07828 	0.27520 	inf     	0.35771 	0.32528 	0.32528 	0.00000 	0.32528 	
0.26162	0         	0.07828 	0.27520 	inf     	0.35771 	0.32528 	0.32528 	0.00000 	0.32528 	
0.26262	0         	0.07828 	0.27520 	inf     	0.35771 	0.32528 	0.32528 	0.00000 	0.32528 	
0.26362	0         	0.07828 	0.27520 	inf     	0.35771 	0.32528 	0.32528 	0.00000 	0.32528 	
0.26462	0         	0.07828 	0.27520 	inf     	0.35771 	0.32528 	0.32528 	0.00000 	0.32528 	
0.26562	0         	0.07828 	0.27520 	inf     	0.35771 	0.32528 	0.32528 	0.00000 	0.32528 	
0.26661	0         	0.07828 	0.27520 	inf     	0.35771 	0.32528 	0.32528 	0.00000 	0.32528 	
0.26761	0         	0.07828 	0.27520 	inf     	0.35771 	0.32528 	0.32528 	0.00000 	0.32528 	
0.26861	0         	0.07828 	0.27520 	inf     	0.35771 	0.32528 	0.32528 	0.00000 	0.32528 	
0.26961	0         	0.07828 	0.27520 	inf     	0.35771 	0.32528 	0.32528 	0.00000 	0.32528 	
0.27061	0         	0.07828 	0.27520 	inf     	0.35771 	0.32528 	0.32528 	0.00000 	0.32528 	
0.27161	0         	0.07828 	0.27520 	inf     	0.35771 	0.32528 	0.32528 	0.00000 	0.32528 	
0.27261	0         	0.07828 	0.27520 	inf     	0.35771 	0.32528 	0.32528 	0.00000 	0.32528 	
0.27360	0         	0.07828 	0.27520 	inf     	0.35771 	0.32528 	0.32528 	0.00000 	0.32528 	
0.27460	0         	0.07828 	0.27520 	inf     	0.35771 	0.32528 	0.32528 	0.00000 	0.32528 	
0.27560	0         	0.07828 	0.27520 	inf     	0.35771 	0.32528 	0.32528 	0.00000 	0.32528 	
0.27660	0         	0.07828 	0.27520 	inf     	0.35771 	0.32528 	0.32528 	0.00000 	0.32528 	
0.27760	0         	0.07828 	0.27520 	inf     	0.35771 	0.32528 	0.32528 	0.00000 	0.32528 	
0.27860	0         	0.07828 	0.27520 	inf     	0.35771 	0.32528 	0.32528 	0.00000 	0.32528 	
0.27960	0         	0.07828 	0.27520 	inf     	0.35771 	0.32528 	0.32528 	0.00000 	0.32528 	
0.28059	0         	0.07828 	0.27520 	inf     	0.35771 	0.32528 	0.32528 	0.00000 	0.32528 	
0.28159	0         	0.07828 	0.27520 	inf     	0.35771 	0.32528 	0.32528 	0.00000 	0.32528 	
0.28259	0         	0.07828 	0.27520 	inf     	0.35771 	0.32528 	0.32528 	0.00000 	0.32528 	
0.28359	0         	0.07828 	0.27520 	inf     	0.35771 	0.32528 	0.32528 	0.00000 	0.32528 	
0.28459	0         	0.07828 	0.27520 	inf     	0.35771 	0.32528 	0.32528 	0.00000 	0.32528 	
0.28559	0         	0.07828 	0.27520 	inf     	0.35771 	0.32528 	0.32528 	0.00000 	0.32528 	
0.28658	0         	0.07828 	0.27520 	inf     	0.35771 	0.32528 	0.32528 	0.00000 	0.32528 	
0.28758	0         	0.07828 	0.27520 	inf     	0.35771 	0.32528 	0.32528 	0.00000 	0.32528 	
0.28858	0         	0.07828 	0.27520 	inf     	0.35771 	0.32528 	0.32528 	0.00000 	0.32528 	
0.28958	0         	0.07828 	0.27520 	inf     	0.35771 	0.32528 	0.32528 	0.00000 	0.32528 	
0.29058	0         	0.07828 	0.27520 	inf     	0.35771 	0.32528 	0.32528 	0.00000 	0.32528 	
0.29158	0         	0.07828 	0.27520 	inf     	0.35771 	0.32528 	0.32528 	0.00000 	0.32528 	
0.29258	0         	0.07828 	0.27520 	inf     	0.35771 	0.32528 	0.32528 	0.00000 	0.32528 	
0.29357	0         	0.07828 	0.27520 	inf     	0.35771 	0.32528 	0.32528 	0.00000 	0.32528 	
0.29457	0         	0.07828 	0.27520 	inf     	0.35771 	0.32527 	0.32527 	0.00000 	0.32527 	
0.29557	0         	0.07828 	0.27520 	inf     	0.35771 	0.32527 	0.32527 	0.00000 	0.32527 	
0.29657	0         	0.07828 	0.27520 	inf     	0.35771 	0.32527 	0.32527 	0.00000 	0.32527 	
0.29757	0         	0.07828 	0.27520 	inf     	0.35771 	0.32527 	0.32527 	0.00000 	0.32527 	
0.29857	0         	0.07828 	0.27520 	inf     	0.35771 	0.32527 	0.32527 	0.00000 	0.32527 	
0.29957	0         	0.07828 	0.27520 	inf     	0.35771 	0.32527 	0.32527 	0.00000 	0.32527 	
0.30056	0         	0.07828 	0.27520 	inf     	0.35771 	0.32527 	0.32527 	0.00000 	0.32527 	
0.30156	0         	0.07828 	0.27520 	inf     	0.35771 	0.32527 	0.32527 	0.00000 	0.32527 	
0.30256	0         	0.07828 	0.27520 	inf     	0.35771 	0.32527 	0.32527 	0.00000 	0.32527 	
0.30356	0         	0.07828 	0.27520 	inf     	0.35771 	0.32527 	0.32527 	0.00000 	0.32527 	
0.30456	0         	0.07828 	0.27520 	inf     	0.35771 	0.32527 	0.32527 	0.00000 	0.32527 	
0.30556	0         	0.07828 	0.27520 	inf     	0.35771 	0.32527 	0.32527 	0.00000 	0.32527 	
0.30656	0         	0.07828 	0.27519 	inf     	0.35771 	0.32527 	0.32527 	0.00000 	0.32527 	
0.30755	0         	0.07828 	0.27519 	inf     	0.35771 	0.32527 	0.32527 	0.00000 	0.32527 	
0.30855	0         	0.07828 	0.27519 	inf     	0.35771 	0.32527 	0.32527 	0.00000 	0.32527 	
0.30955	0         	0.07828 	0.27519 	inf     	0.35771 	0.32527 	0.32527 	0.00000 	0.32527 	
0.31055	0         	0.07828 	0.27519 	inf     	0.35771 	0.32527 	0.32527 	0.00000 	0.32527 	
0.31155	0         	0.07828 	0.27519 	inf     	0.35771 	0.32527 	0.32527 	0.00000 	0.32527 	
0.31255	0         	0.07828 	0.27519 	inf     	0.35771 	0.32527 	0.32527 	0.00000 	0.32527 	
0.31354	0         	0.07828 	0.27519 	inf     	0.35771 	0.32527 	0.32527 	0.00000 	0.32527 	
0.31454	0         	0.07828 	0.27519 	inf     	0.35771 	0.32527 	0.32527 	0.00000 	0.32527 	
0.31554	0         	0.07828 	0.27519 	inf     	0.35771 	0.32527 	0.32527 	0.00000 	0.32527 	
0.31654	0         	0.07828 	0.27519 	inf     	0.35771 	0.32527 	0.32527 	0.00000 	0.32527 	
0.31754	0         	0.07828 	0.27519 	inf     	0.35771 	0.32527 	0.32527 	0.00000 	0.32527 	
0.31854	0         	0.07828 	0.27519 	inf     	0.35771 	0.32527 	0.32527 	0.00000 	0.32527 	
0.31954	0         	0.07828 	0.27519 	inf     	0.35771 	0.32527 	0.32527 	0.00000 	0.32527 	
0.32053	0         	0.07828 	0.27519 	inf     	0.35771 	0.32527 	0.32527 	0.00000 	0.32527 	
0.32153	0         	0.07828 	0.27519 	inf     	0.35771 	0.32527 	0.32527 	0.00000 	0.32527 	
0.32253	0         	0.07828 	0.27519 	inf     	0.35771 	0.32526 	0.32526 	0.00000 	0.32526 	
0.32353	0         	0.07828 	0.27519 	inf     	0.35771 	0.32526 	0.32526 	0.00000 	0.32526 	
0.32453	0         	0.07828 	0.27519 	inf     	0.35771 	0.32526 	0.32526 	0.00000 	0.32526 	
0.32553	0         	0.07828 	0.27519 	inf     	0.35771 	0.32526 	0.32526 	0.00000 	0.32526 	
0.32653	0         	0.07828 	0.27519 	inf     	0.35771 	0.32526 	0.32526 	0.00000 	0.32526 	
0.32752	0         	0.07828 	0.27519 	inf     	0.35771 	0.32526 	0.32526 	0.00000 	0.32526 	
0.32852	0         	0.07828 	0.27519 	inf     	0.35771 	0.32525 	0.32525 	0.00000 	0.32525 	
0.32952	0         	0.07828 	0.27519 	inf     	0.35771 	0.32525 	0.32525 	0.00000 	0.32525 	
0.33052	0         	0.07828 	0.27519 	inf     	0.35771 	0.32525 	0.32525 	0.00000 	0.32525 	
0.33152	0         	0.07828 	0.27519 	inf     	0.35771 	0.32525 	0.32525 	0.00000 	0.32525 	
0.33252	0         	0.07828 	0.27519 	inf     	0.35771 	0.32525 	0.32525 	0.00000 	0.32525 	
0.33352	0         	0.07828 	0.27519 	inf     	0.35771 	0.32525 	0.32525 	0.00000 	0.32525 	
0.33451	0         	0.07828 	0.27519 	inf     	0.35771 	0.32525 	0.32525 	0.00000 	0.32525 	
0.33551	0         	0.07828 	0.27519 	inf     	0.35771 	0.32525 	0.32525 	0.00000 	0.32525 	
0.33651	0         	0.07828 	0.27519 	inf     	0.35771 	0.32525 	0.32525 	0.00000 	0.32525 	
0.33751	0         	0.07828 	0.27519 	inf     	0.35771 	0.32525 	0.32525 	0.00000 	0.32525 	
0.33851	0         	0.07828 	0.27519 	inf     	0.35771 	0.32525 	0.32525 	0.00000 	0.32525 	
0.33951	0         	0.07828 	0.27519 	inf     	0.35771 	0.32525 	0.32525 	0.00000 	0.32525 	
0.34050	0         	0.07828 	0.27519 	inf     	0.35771 	0.32525 	0.32525 	0.00000 	0.32525 	
0.34150	0         	0.07828 	0.27519 	inf     	0.35771 	0.32525 	0.32525 	0.00000 	0.32525 	
0.34250	0         	0.07828 	0.27519 	inf     	0.35771 	0.32525 	0.32525 	0.00000 	0.32525 	
0.34350	0         	0.07828 	0.27519 	inf     	0.35771 	0.32525 	0.32525 	0.00000 	0.32525 	
0.34450	0         	0.07828 	0.27519 	inf     	0.35771 	0.32525 	0.32525 	0.00000 	0.32525 	
0.34550	0         	0.07828 	0.27519 	inf     	0.35771 	0.32525 	0.32525 	0.00000 	0.32525 	
0.34650	0         	0.07828 	0.27519 	inf     	0.35771 	0.32524 	0.32524 	0.00000 	0.32524 	
0.34749	0         	0.07828 	0.27519 	inf     	0.35771 	0.32524 	0.32524 	0.00000 	0.32524 	
0.34849	0         	0.07828 	0.27519 	inf     	0.35771 	0.32524 	0.32524 	0.00000 	0.32524 	
0.34949	0         	0.07828 	0.27519 	inf     	0.35771 	0.32524 	0.32524 	0.00000 	0.32524 	
0.35049	0         	0.07828 	0.27519 	inf     	0.35771 	0.32524 	0.32524 	0.00000 	0.32524 	
0.35149	0         	0.07828 	0.27519 	inf     	0.35771 	0.32524 	0.32524 	0.00000 	0.32524 	
0.35249	0         	0.07828 	0.27519 	inf     	0.35771 	0.32524 	0.32524 	0.00000 	0.32524 	
0.35349	0         	0.07828 	0.27519 	inf     	0.35771 	0.32524 	0.32524 	0.00000 	0.32524 	
0.35448	0         	0.07828 	0.27519 	inf     	0.35771 	0.32524 	0.32524 	0.00000 	0.32524 	
0.35548	0         	0.07828 	0.27519 	inf     	0.35771 	0.32524 	0.32524 	0.00000 	0.32524 	
0.35648	0         	0.07828 	0.27519 	inf     	0.35771 	0.32524 	0.32524 	0.00000 	0.32524 	
0.35748	0         	0.07828 	0.27519 	inf     	0.35771 	0.32524 	0.32524 	0.00000 	0.32524 	
0.35848	0         	0.07828 	0.27519 	inf     	0.35771 	0.32524 	0.32524 	0.00000 	0.32524 	
0.35948	0         	0.07828 	0.27519 	inf     	0.35771 	0.32524 	0.32524 	0.00000 	0.32524 	
0.36048	0         	0.07828 	0.27519 	inf     	0.35771 	0.32524 	0.32524 	0.00000 	0.32524 	
0.36147	0         	0.07828 	0.27519 	inf     	0.35771 	0.32524 	0.32524 	0.00000 	0.32524 	
0.36247	0         	0.07828 	0.27519 	inf     	0.35771 	0.32523 	0.32523 	0.00000 	0.32523 	
0.36347	0         	0.07828 	0.27519 	inf     	0.35771 	0.32523 	0.32523 	0.00000 	0.32523 	
0.36447	0         	0.07828 	0.27519 	inf     	0.35771 	0.32523 	0.32523 	0.00000 	0.32523 	
0.36547	0         	0.07828 	0.27519 	inf     	0.35771 	0.32523 	0.32523 	0.00000 	0.32523 	
0.36647	0         	0.07828 	0.27519 	inf     	0.35771 	0.32523 	0.32523 	0.00000 	0.32523 	
0.36746	0         	0.07828 	0.27519 	inf     	0.35771 	0.32523 	0.32523 	0.00000 	0.32523 	
0.36846	0         	0.07828 	0.27519 	inf     	0.35771 	0.32523 	0.32523 	0.00000 	0.32523 	
0.36946	0         	0.07828 	0.27519 	inf     	0.35771 	0.32523 	0.32523 	0.00000 	0.32523 	
0.37046	0         	0.07828 	0.27519 	inf     	0.35771 	0.32523 	0.32523 	0.00000 	0.32523 	
0.37146	0         	0.07828 	0.27519 	inf     	0.35771 	0.32523 	0.32523 	0.00000 	0.32523 	
0.37246	0         	0.07828 	0.27519 	inf     	0.35771 	0.32523 	0.32523 	0.00000 	0.32523 	
0.37346	0         	0.07828 	0.27519 	inf     	0.35771 	0.32523 	0.32523 	0.00000 	0.32523 	
0.37445	0         	0.07828 	0.27518 	inf     	0.35771 	0.32523 	0.32523 	0.00000 	0.32523 	
0.37545	0         	0.07828 	0.27518 	inf     	0.35771 	0.32522 	0.32522 	0.00000 	0.32522 	
0.37645	0         	0.07828 	0.27518 	inf     	0.35771 	0.32522 	0.32522 	0.00000 	0.32522 	
0.37745	0         	0.07828 	0.27518 	inf     	0.35771 	0.32522 	0.32522 	0.00000 	0.32522 	
0.37845	0         	0.07828 	0.27518 	inf     	0.35771 	0.32522 	0.32522 	0.00000 	0.32522 	
0.37945	0         	0.07828 	0.27518 	inf     	0.35771 	0.32522 	0.32522 	0.00000 	0.32522 	
0.38045	0         	0.07828 	0.27518 	inf     	0.35771 	0.32522 	0.32522 	0.00000 	0.32522 	
0.38144	0         	0.07828 	0.27518 	inf     	0.35771 	0.32522 	0.32522 	0.00000 	0.32522 	
0.38244	0         	0.07828 	0.27518 	inf     	0.35771 	0.32522 	0.32522 	0.00000 	0.32522 	
0.38344	0         	0.07828 	0.27518 	inf     	0.35771 	0.32522 	0.32522 	0.00000 	0.32522 	
0.38444	0         	0.07828 	0.27518 	inf     	0.35771 	0.32522 	0.32522 	0.00000 	0.32522 	
0.38544	0         	0.07828 	0.27518 	inf     	0.35771 	0.32522 	0.32522 	0.00000 	0.32522 	
0.38644	0         	0.07828 	0.27518 	inf     	0.35771 	0.32522 	0.32522 	0.00000 	0.32522 	
0.38744	0         	0.07828 	0.27518 	inf     	0.35771 	0.32522 	0.32522 	0.00000 	0.32522 	
0.38843	0         	0.07828 	0.27518 	inf     	0.35771 	0.32522 	0.32522 	0.00000 	0.32522 	
0.38943	0         	0.07828 	0.27518 	inf     	0.35771 	0.32522 	0.32522 	0.00000 	0.32522 	
0.39043	0         	0.07828 	0.27518 	inf     	0.35771 	0.32522 	0.32522 	0.00000 	0.32522 	
0.39143	0         	0.07828 	0.27518 	inf     	0.35771 	0.32521 	0.32521 	0.00000 	0.32521 	
0.39243	0         	0.07828 	0.27518 	inf     	0.35771 	0.32521 	0.32521 	0.00000 	0.32521 	
0.39343	0         	0.07828 	0.27518 	inf     	0.35771 	0.32521 	0.32521 	0.00000 	0.32521 	
0.39443	0         	0.07828 	0.27518 	inf     	0.35771 	0.32521 	0.32521 	0.00000 	0.32521 	
0.39542	0         	0.07828 	0.27518 	inf     	0.35771 	0.32521 	0.32521 	0.00000 	0.32521 	
0.39642	0         	0.07828 	0.27518 	inf     	0.35771 	0.32521 	0.32521 	0.00000 	0.32521 	
0.39742	0         	0.07828 	0.27518 	inf     	0.35771 	0.32521 	0.32521 	0.00000 	0.32521 	
0.39842	0         	0.07828 	0.27518 	inf     	0.35771 	0.32521 	0.32521 	0.00000 	0.32521 	
0.39942	0         	0.07828 	0.27518 	inf     	0.35771 	0.32520 	0.32520 	0.00000 	0.32520 	
0.40042	0         	0.07828 	0.27518 	inf     	0.35771 	0.32520 	0.32520 	0.00000 	0.32520 	
0.40141	0         	0.07828 	0.27518 	inf     	0.35771 	0.32520 	0.32520 	0.00000 	0.32520 	
0.40241	0         	0.07828 	0.27518 	inf     	0.35771 	0.32520 	0.32520 	0.00000 	0.32520 	
0.40341	0         	0.07828 	0.27518 	inf     	0.35771 	0.32520 	0.32520 	0.00000 	0.32520 	
0.40441	0         	0.07828 	0.27518 	inf     	0.35771 	0.32520 	0.32520 	0.00000 	0.32520 	
0.40541	0         	0.07828 	0.27518 	inf     	0.35771 	0.32520 	0.32520 	0.00000 	0.32520 	
0.40641	0         	0.07828 	0.27518 	inf     	0.35771 	0.32520 	0.32520 	0.00000 	0.32520 	
0.40741	0         	0.07828 	0.27518 	inf     	0.35771 	0.32520 	0.32520 	0.00000 	0.32520 	
0.40840	0         	0.07828 	0.27518 	inf     	0.35771 	0.32520 	0.32520 	0.00000 	0.32520 	
0.40940	0         	0.07828 	0.27518 	inf     	0.35771 	0.32520 	0.32520 	0.00000 	0.32520 	
0.41040	0         	0.07828 	0.27518 	inf     	0.35771 	0.32520 	0.32520 	0.00000 	0.32520 	
0.41140	0         	0.07828 	0.27518 	inf     	0.35771 	0.32520 	0.32520 	0.00000 	0.32520 	
0.41240	0         	0.07828 	0.27518 	inf     	0.35771 	0.32520 	0.32520 	0.00000 	0.32520 	
0.41340	0         	0.07828 	0.27518 	inf     	0.35771 	0.32520 	0.32520 	0.00000 	0.32520 	
0.41440	0         	0.07828 	0.27518 	inf     	0.35771 	0.32520 	0.32520 	0.00000 	0.32520 	
0.41539	0         	0.07828 	0.27518 	inf     	0.35771 	0.32520 	0.32520 	0.00000 	0.32520 	
0.41639	0         	0.07828 	0.27518 	inf     	0.35771 	0.32520 	0.32520 	0.00000 	0.32520 	
0.41739	0         	0.07828 	0.27518 	inf     	0.35771 	0.32520 	0.32520 	0.00000 	0.32520 	
0.41839	0         	0.07828 	0.27518 	inf     	0.35771 	0.32520 	0.32520 	0.00000 	0.32520 	
0.41939	0         	0.07828 	0.27518 	inf     	0.35771 	0.32520 	0.32520 	0.00000 	0.32520 	
0.42039	0         	0.07828 	0.27518 	inf     	0.35771 	0.32520 	0.32520 	0.00000 	0.32520 	
0.42139	0         	0.07828 	0.27518 	inf     	0.35771 	0.32520 	0.32520 	0.00000 	0.32520 	
0.42238	0         	0.07828 	0.27518 	inf     	0.35771 	0.32520 	0.32520 	0.00000 	0.32520 	
0.42338	0         	0.07828 	0.27518 	inf     	0.35771 	0.32520 	0.32520 	0.00000 	0.32520 	
0.42438	0         	0.07828 	0.27518 	inf     	0.35771 	0.32520 	0.32520 	0.00000 	0.32520 	
0.42538	0         	0.07828 	0.27518 	inf     	0.35771 	0.32520 	0.32520 	0.00000 	0.32520 	
0.42638	0         	0.07828 	0.27518 	inf     	0.35771 	0.32520 	0.32520 	0.00000 	0.32520 	
0.42738	0         	0.07828 	0.27518 	inf     	0.35771 	0.32520 	0.32520 	0.00000 	0.32520 	
0.42837	0         	0.07828 	0.27518 	inf     	0.35771 	0.32519 	0.32519 	0.00000 	0.32519 	
0.42937	0         	0.07828 	0.27518 	inf     	0.35771 	0.32519 	0.32519 	0.00000 	0.32519 	
0.43037	0         	0.07828 	0.27518 	inf     	0.35771 	0.32519 	0.32519 	0.00000 	0.32519 	
0.43137	0         	0.07828 	0.27518 	inf     	0.35771 	0.32519 	0.32519 	0.00000 	0.32519 	
0.43237	0         	0.07828 	0.27518 	inf     	0.35771 	0.32519 	0.32519 	0.00000 	0.32519 	
0.43337	0         	0.07828 	0.27518 	inf     	0.35771 	0.32519 	0.32519 	0.00000 	0.32519 	
0.43437	0         	0.07828 	0.27518 	inf     	0.35771 	0.32519 	0.32519 	0.00000 	0.32519 	
0.43536	0         	0.07828 	0.27518 	inf     	0.35771 	0.32519 	0.32519 	0.00000 	0.32519 	
0.43636	0         	0.07828 	0.27518 	inf     	0.35771 	0.32519 	0.32519 	0.00000 	0.32519 	
0.43736	0         	0.07828 	0.27518 	inf     	0.35771 	0.32519 	0.32519 	0.00000 	0.32519 	
0.43836	0         	0.07828 	0.27517 	inf     	0.35771 	0.32519 	0.32519 	0.00000 	0.32519 	
0.43936	0         	0.07828 	0.27517 	inf     	0.35771 	0.32519 	0.32519 	0.00000 	0.32519 	
0.44036	0         	0.07828 	0.27517 	inf     	0.35771 	0.32519 	0.32519 	0.00000 	0.32519 	
0.44136	0         	0.07828 	0.27517 	inf     	0.35771 	0.32519 	0.32519 	0.00000 	0.32519 	
0.44235	0         	0.07828 	0.27517 	inf     	0.35771 	0.32519 	0.32519 	0.00000 	0.32519 	
0.44335	0         	0.07828 	0.27517 	inf     	0.35771 	0.32519 	0.32519 	0.00000 	0.32519 	
0.44435	0         	0.07828 	0.27517 	inf     	0.35771 	0.32519 	0.32519 	0.00000 	0.32519 	
0.44535	0         	0.07828 	0.27517 	inf     	0.35771 	0.32519 	0.32519 	0.00000 	0.32519 	
0.44635	0         	0.07828 	0.27517 	inf     	0.35771 	0.32518 	0.32518 	0.00000 	0.32518 	
0.44735	0         	0.07828 	0.27517 	inf     	0.35771 	0.32518 	0.32518 	0.00000 	0.32518 	
0.44835	0         	0.07828 	0.27517 	inf     	0.35771 	0.32518 	0.32518 	0.00000 	0.32518 	
0.44934	0         	0.07828 	0.27517 	inf     	0.35771 	0.32518 	0.32518 	0.00000 	0.32518 	
0.45034	0         	0.07828 	0.27517 	inf     	0.35771 	0.32518 	0.32518 	0.00000 	0.32518 	
0.45134	0         	0.07828 	0.27517 	inf     	0.35771 	0.32518 	0.32518 	0.00000 	0.32518 	
0.45234	0         	0.07828 	0.27517 	inf     	0.35771 	0.32518 	0.32518 	0.00000 	0.32518 	
0.45334	0         	0.07828 	0.27517 	inf     	0.35771 	0.32518 	0.32518 	0.00000 	0.32518 	
0.45434	0         	0.07828 	0.27517 	inf     	0.35771 	0.32518 	0.32518 	0.00000 	0.32518 	
0.45533	0         	0.07828 	0.27517 	inf     	0.35771 	0.32518 	0.32518 	0.00000 	0.32518 	
0.45633	0         	0.07828 	0.27517 	inf     	0.35771 	0.32518 	0.32518 	0.00000 	0.32518 	
0.45733	0         	0.07828 	0.27517 	inf     	0.35771 	0.32518 	0.32518 	0.00000 	0.32518 	
0.45833	0         	0.07828 	0.27517 	inf     	0.35771 	0.32518 	0.32518 	0.00000 	0.32518 	
0.45933	0         	0.07828 	0.27517 	inf     	0.35771 	0.32518 	0.32518 	0.00000 	0.32518 	
0.46033	0         	0.07828 	0.27517 	inf     	0.35771 	0.32518 	0.32518 	0.00000 	0.32518 	
0.46133	0         	0.07828 	0.27517 	inf     	0.35771 	0.32517 	0.32517 	0.00000 	0.32517 	
0.46232	0         	0.07828 	0.27517 	inf     	0.35771 	0.32517 	0.32517 	0.00000 	0.32517 	
0.46332	0         	0.07828 	0.27517 	inf     	0.35771 	0.32517 	0.32517 	0.00000 	0.32517 	
0.46432	0         	0.07828 	0.27517 	inf     	0.35771 	0.32517 	0.32517 	0.00000 	0.32517 	
0.46532	0         	0.07828 	0.27517 	inf     	0.35771 	0.32517 	0.32517 	0.00000 	0.32517 	
0.46632	0         	0.07828 	0.27517 	inf     	0.35771 	0.32516 	0.32516 	0.00000 	0.32516 	
0.46732	0         	0.07828 	0.27517 	inf     	0.35771 	0.32516 	0.32516 	0.00000 	0.32516 	
0.46832	0         	0.07828 	0.27517 	inf     	0.35771 	0.32516 	0.32516 	0.00000 	0.32516 	
0.46931	0         	0.07828 	0.27517 	inf     	0.35771 	0.32516 	0.32516 	0.00000 	0.32516 	
0.47031	0         	0.07828 	0.27516 	inf     	0.35771 	0.32515 	0.32515 	0.00000 	0.32515 	
0.47131	0         	0.07828 	0.27516 	inf     	0.35771 	0.32515 	0.32515 	0.00000 	0.32515 	
0.47231	0         	0.07828 	0.27516 	inf     	0.35771 	0.32515 	0.32515 	0.00000 	0.32515 	
0.47331	0         	0.07828 	0.27516 	inf     	0.35771 	0.32515 	0.32515 	0.00000 	0.32515 	
0.47431	0         	0.07828 	0.27516 	inf     	0.35771 	0.32515 	0.32515 	0.00000 	0.32515 	
0.47531	0         	0.07828 	0.27516 	inf     	0.35771 	0.32515 	0.32515 	0.00000 	0.32515 	
0.47630	0         	0.07828 	0.27516 	inf     	0.35771 	0.32515 	0.32515 	0.00000 	0.32515 	
0.47730	0         	0.07828 	0.27516 	inf     	0.35771 	0.32515 	0.32515 	0.00000 	0.32515 	
0.47830	0         	0.07828 	0.27516 	inf     	0.35771 	0.32515 	0.32515 	0.00000 	0.32515 	
0.47930	0         	0.07828 	0.27516 	inf     	0.35771 	0.32514 	0.32514 	0.00000 	0.32514 	
0.48030	0         	0.07828 	0.27516 	inf     	0.35771 	0.32514 	0.32514 	0.00000 	0.32514 	
0.48130	0         	0.07828 	0.27516 	inf     	0.35771 	0.32514 	0.32514 	0.00000 	0.32514 	
0.48229	0         	0.07828 	0.27516 	inf     	0.35771 	0.32514 	0.32514 	0.00000 	0.32514 	
0.48329	0         	0.07828 	0.27516 	inf     	0.35771 	0.32514 	0.32514 	0.00000 	0.32514 	
0.48429	0         	0.07828 	0.27516 	inf     	0.35771 	0.32514 	0.32514 	0.00000 	0.32514 	
0.48529	0         	0.07828 	0.27516 	inf     	0.35771 	0.32512 	0.32512 	0.00000 	0.32512 	
0.48629	0         	0.07828 	0.27516 	inf     	0.35771 	0.32512 	0.32512 	0.00000 	0.32512 	
0.48729	0         	0.07828 	0.27516 	inf     	0.35771 	0.32512 	0.32512 	0.00000 	0.32512 	
0.48829	0         	0.07828 	0.27516 	inf     	0.35771 	0.32512 	0.32512 	0.00000 	0.32512 	
0.48928	0         	0.07828 	0.27516 	inf     	0.35771 	0.32512 	0.32512 	0.00000 	0.32512 	
0.49028	0         	0.07828 	0.27516 	inf     	0.35771 	0.32512 	0.32512 	0.00000 	0.32512 	
0.49128	0         	0.07828 	0.27516 	inf     	0.35771 	0.32512 	0.32512 	0.00000 	0.32512 	
0.49228	0         	0.07828 	0.27516 	inf     	0.35771 	0.32512 	0.32512 	0.00000 	0.32512 	
0.49328	0         	0.07828 	0.27516 	inf     	0.35771 	0.32512 	0.32512 	0.00000 	0.32512 	
0.49428	0         	0.07828 	0.27516 	inf     	0.35771 	0.32511 	0.32511 	0.00000 	0.32511 	
0.49528	0         	0.07828 	0.27516 	inf     	0.35771 	0.32511 	0.32511 	0.00000 	0.32511 	
0.49627	0         	0.07828 	0.27516 	inf     	0.35771 	0.32511 	0.32511 	0.00000 	0.32511 	
0.49727	0         	0.07828 	0.27516 	inf     	0.35771 	0.32511 	0.32511 	0.00000 	0.32511 	
0.49827	0         	0.07828 	0.27516 	inf     	0.35771 	0.32511 	0.32511 	0.00000 	0.32511 	
0.49927	0         	0.07828 	0.27516 	inf     	0.35771 	0.32511 	0.32511 	0.00000 	0.32511 	
0.50027	0         	0.07828 	0.27515 	inf     	0.35771 	0.32511 	0.32511 	0.00000 	0.32511 	
0.50127	0         	0.07828 	0.27515 	inf     	0.35771 	0.32510 	0.32510 	0.00000 	0.32510 	
0.50227	0         	0.07828 	0.27515 	inf     	0.35771 	0.32510 	0.32510 	0.00000 	0.32510 	
0.50326	0         	0.07828 	0.27515 	inf     	0.35771 	0.32510 	0.32510 	0.00000 	0.32510 	
0.50426	0         	0.07828 	0.27515 	inf     	0.35771 	0.32510 	0.32510 	0.00000 	0.32510 	
0.50526	0         	0.07828 	0.27515 	inf     	0.35771 	0.32510 	0.32510 	0.00000 	0.32510 	
0.50626	0         	0.07828 	0.27515 	inf     	0.35771 	0.32509 	0.32509 	0.00000 	0.32509 	
0.50726	0         	0.07828 	0.27515 	inf     	0.35771 	0.32509 	0.32509 	0.00000 	0.32509 	
0.50826	0         	0.07828 	0.27515 	inf     	0.35771 	0.32509 	0.32509 	0.00000 	0.32509 	
0.50925	0         	0.07828 	0.27515 	inf     	0.35771 	0.32509 	0.32509 	0.00000 	0.32509 	
0.51025	0         	0.07828 	0.27515 	inf     	0.35771 	0.32509 	0.32509 	0.00000 	0.32509 	
0.51125	0         	0.07828 	0.27515 	inf     	0.35771 	0.32509 	0.32509 	0.00000 	0.32509 	
0.51225	0         	0.07828 	0.27515 	inf     	0.35771 	0.32509 	0.32509 	0.00000 	0.32509 	
0.51325	0         	0.07828 	0.27515 	inf     	0.35771 	0.32508 	0.32508 	0.00000 	0.32508 	
0.51425	0         	0.07828 	0.27515 	inf     	0.35771 	0.32508 	0.32508 	0.00000 	0.32508 	
0.51525	0         	0.07828 	0.27515 	inf     	0.35771 	0.32508 	0.32508 	0.00000 	0.32508 	
0.51624	0         	0.07828 	0.27515 	inf     	0.35771 	0.32508 	0.32508 	0.00000 	0.32508 	
0.51724	0         	0.07828 	0.27515 	inf     	0.35771 	0.32508 	0.32508 	0.00000 	0.32508 	
0.51824	0         	0.07828 	0.27515 	inf     	0.35771 	0.32507 	0.32507 	0.00000 	0.32507 	
0.51924	0         	0.07828 	0.27515 	inf     	0.35771 	0.32507 	0.32507 	0.00000 	0.32507 	
0.52024	0         	0.07828 	0.27515 	inf     	0.35771 	0.32507 	0.32507 	0.00000 	0.32507 	
0.52124	0         	0.07828 	0.27514 	inf     	0.35771 	0.32507 	0.32507 	0.00000 	0.32507 	
0.52224	0         	0.07828 	0.27514 	inf     	0.35771 	0.32506 	0.32506 	0.00000 	0.32506 	
0.52323	0         	0.07828 	0.27514 	inf     	0.35771 	0.32506 	0.32506 	0.00000 	0.32506 	
0.52423	0         	0.07828 	0.27514 	inf     	0.35771 	0.32505 	0.32505 	0.00000 	0.32505 	
0.52523	0         	0.07828 	0.27514 	inf     	0.35771 	0.32505 	0.32505 	0.00000 	0.32505 	
0.52623	0         	0.07828 	0.27514 	inf     	0.35771 	0.32505 	0.32505 	0.00000 	0.32505 	
0.52723	0         	0.07828 	0.27514 	inf     	0.35771 	0.32504 	0.32504 	0.00000 	0.32504 	
0.52823	0         	0.07828 	0.27514 	inf     	0.35771 	0.32504 	0.32504 	0.00000 	0.32504 	
0.52923	0         	0.07828 	0.27514 	inf     	0.35771 	0.32504 	0.32504 	0.00000 	0.32504 	
0.53022	0         	0.07828 	0.27514 	inf     	0.35771 	0.32504 	0.32504 	0.00000 	0.32504 	
0.53122	0         	0.07828 	0.27514 	inf     	0.35771 	0.32504 	0.32504 	0.00000 	0.32504 	
0.53222	0         	0.07828 	0.27514 	inf     	0.35771 	0.32503 	0.32503 	0.00000 	0.32503 	
0.53322	0         	0.07828 	0.27514 	inf     	0.35771 	0.32503 	0.32503 	0.00000 	0.32503 	
0.53422	0         	0.07828 	0.27514 	inf     	0.35771 	0.32503 	0.32503 	0.00000 	0.32503 	
0.53522	0         	0.07828 	0.27513 	inf     	0.35771 	0.32502 	0.32502 	0.00000 	0.32502 	
0.53621	0         	0.07828 	0.27513 	inf     	0.35771 	0.32502 	0.32502 	0.00000 	0.32502 	
0.53721	0         	0.07828 	0.27513 	inf     	0.35771 	0.32502 	0.32502 	0.00000 	0.32502 	
0.53821	0         	0.07828 	0.27513 	inf     	0.35771 	0.32502 	0.32502 	0.00000 	0.32502 	
0.53921	0         	0.07828 	0.27513 	inf     	0.35771 	0.32501 	0.32501 	0.00000 	0.32501 	
0.54021	0         	0.07828 	0.27513 	inf     	0.35771 	0.32501 	0.32501 	0.00000 	0.32501 	
0.54121	0         	0.07828 	0.27513 	inf     	0.35771 	0.32500 	0.32500 	0.00000 	0.32500 	
0.54221	0         	0.07828 	0.27513 	inf     	0.35771 	0.32500 	0.32500 	0.00000 	0.32500 	
0.54320	0         	0.07828 	0.27513 	inf     	0.35771 	0.32500 	0.32500 	0.00000 	0.32500 	
0.54420	0         	0.07828 	0.27512 	inf     	0.35771 	0.32498 	0.32498 	0.00000 	0.32498 	
0.54520	0         	0.07828 	0.27512 	inf     	0.35771 	0.32498 	0.32498 	0.00000 	0.32498 	
0.54620	0         	0.07828 	0.27512 	inf     	0.35771 	0.32497 	0.32497 	0.00000 	0.32497 	
0.54720	0         	0.07828 	0.27512 	inf     	0.35771 	0.32497 	0.32497 	0.00000 	0.32497 	
0.54820	0         	0.07828 	0.27512 	inf     	0.35771 	0.32497 	0.32497 	0.00000 	0.32497 	
0.54920	0         	0.07828 	0.27512 	inf     	0.35771 	0.32495 	0.32495 	0.00000 	0.32495 	
0.55019	0         	0.07828 	0.27512 	inf     	0.35771 	0.32495 	0.32495 	0.00000 	0.32495 	
0.55119	0         	0.07828 	0.27511 	inf     	0.35771 	0.32493 	0.32493 	0.00000 	0.32493 	
0.55219	0         	0.07828 	0.27511 	inf     	0.35771 	0.32493 	0.32493 	0.00000 	0.32493 	
0.55319	0         	0.07828 	0.27511 	inf     	0.35771 	0.32493 	0.32493 	0.00000 	0.32493 	
0.55419	0         	0.07828 	0.27511 	inf     	0.35771 	0.32492 	0.32492 	0.00000 	0.32492 	
0.55519	0         	0.07828 	0.27511 	inf     	0.35771 	0.32492 	0.32492 	0.00000 	0.32492 	
0.55619	0         	0.07828 	0.27511 	inf     	0.35771 	0.32492 	0.32492 	0.00000 	0.32492 	
0.55718	0         	0.07828 	0.27511 	inf     	0.35771 	0.32491 	0.32491 	0.00000 	0.32491 	
0.55818	0         	0.07828 	0.27511 	inf     	0.35771 	0.32491 	0.32491 	0.00000 	0.32491 	
0.55918	0         	0.07828 	0.27510 	inf     	0.35771 	0.32490 	0.32490 	0.00000 	0.32490 	
0.56018	0         	0.07828 	0.27510 	inf     	0.35771 	0.32489 	0.32489 	0.00000 	0.32489 	
0.56118	0         	0.07828 	0.27510 	inf     	0.35771 	0.32489 	0.32489 	0.00000 	0.32489 	
0.56218	0         	0.07828 	0.27509 	inf     	0.35771 	0.32487 	0.32487 	0.00000 	0.32487 	
0.56317	0         	0.07828 	0.27509 	inf     	0.35771 	0.32486 	0.32486 	0.00000 	0.32486 	
0.56417	0         	0.07828 	0.27509 	inf     	0.35771 	0.32485 	0.32485 	0.00000 	0.32485 	
0.56517	0         	0.07828 	0.27509 	inf     	0.35771 	0.32485 	0.32485 	0.00000 	0.32485 	
0.56617	0         	0.07828 	0.27509 	inf     	0.35771 	0.32485 	0.32485 	0.00000 	0.32485 	
0.56717	0         	0.07828 	0.27509 	inf     	0.35771 	0.32483 	0.32483 	0.00000 	0.32483 	
0.56817	0         	0.07828 	0.27509 	inf     	0.35771 	0.32483 	0.32483 	0.00000 	0.32483 	
0.56917	0         	0.07828 	0.27508 	inf     	0.35771 	0.32483 	0.32483 	0.00000 	0.32483 	
0.57016	0         	0.07828 	0.27508 	inf     	0.35771 	0.32481 	0.32481 	0.00000 	0.32481 	
0.57116	0         	0.07828 	0.27508 	inf     	0.35771 	0.32480 	0.32480 	0.00000 	0.32480 	
0.57216	0         	0.07828 	0.27508 	inf     	0.35771 	0.32480 	0.32480 	0.00000 	0.32480 	
0.57316	0         	0.07828 	0.27508 	inf     	0.35771 	0.32480 	0.32480 	0.00000 	0.32480 	
0.57416	0         	0.07828 	0.27507 	inf     	0.35771 	0.32478 	0.32478 	0.00000 	0.32478 	
0.57516	0         	0.07828 	0.27507 	inf     	0.35771 	0.32478 	0.32478 	0.00000 	0.32478 	
0.57616	0         	0.07828 	0.27507 	inf     	0.35771 	0.32478 	0.32478 	0.00000 	0.32478 	
0.57715	0         	0.07828 	0.27507 	inf     	0.35771 	0.32478 	0.32478 	0.00000 	0.32478 	
0.57815	0         	0.07828 	0.27507 	inf     	0.35771 	0.32478 	0.32478 	0.00000 	0.32478 	
0.57915	0         	0.07828 	0.27507 	inf     	0.35771 	0.32477 	0.32477 	0.00000 	0.32477 	
0.58015	0         	0.07828 	0.27507 	inf     	0.35771 	0.32477 	0.32477 	0.00000 	0.32477 	
0.58115	0         	0.07828 	0.27507 	inf     	0.35771 	0.32477 	0.32477 	0.00000 	0.32477 	
0.58215	0         	0.07828 	0.27507 	inf     	0.35771 	0.32477 	0.32477 	0.00000 	0.32477 	
0.58315	0         	0.07828 	0.27507 	inf     	0.35771 	0.32477 	0.32477 	0.00000 	0.32477 	
0.58414	0         	0.07828 	0.27507 	inf     	0.35771 	0.32476 	0.32476 	0.00000 	0.32476 	
0.58514	0         	0.07828 	0.27507 	inf     	0.35771 	0.32476 	0.32476 	0.00000 	0.32476 	
0.58614	0         	0.07828 	0.27506 	inf     	0.35771 	0.32475 	0.32475 	0.00000 	0.32475 	
0.58714	0         	0.07828 	0.27506 	inf     	0.35771 	0.32474 	0.32474 	0.00000 	0.32474 	
0.58814	0         	0.07828 	0.27506 	inf     	0.35771 	0.32474 	0.32474 	0.00000 	0.32474 	
0.58914	0         	0.07828 	0.27506 	inf     	0.35771 	0.32473 	0.32473 	0.00000 	0.32473 	
0.59013	0         	0.07828 	0.27506 	inf     	0.35771 	0.32472 	0.32472 	0.00000 	0.32472 	
0.59113	0         	0.07828 	0.27506 	inf     	0.35771 	0.32472 	0.32472 	0.00000 	0.32472 	
0.59213	0         	0.07828 	0.27506 	inf     	0.35771 	0.32472 	0.32472 	0.00000 	0.32472 	
0.59313	0         	0.07828 	0.27505 	inf     	0.35771 	0.32471 	0.32471 	0.00000 	0.32471 	
0.59413	0         	0.07828 	0.27505 	inf     	0.35771 	0.32471 	0.32471 	0.00000 	0.32471 	
0.59513	0         	0.07828 	0.27505 	inf     	0.35771 	0.32470 	0.32470 	0.00000 	0.32470 	
0.59613	0         	0.07828 	0.27505 	inf     	0.35771 	0.32469 	0.32469 	0.00000 	0.32469 	
0.59712	0         	0.07828 	0.27505 	inf     	0.35771 	0.32468 	0.32468 	0.00000 	0.32468 	
0.59812	0         	0.07828 	0.27505 	inf     	0.35771 	0.32467 	0.32467 	0.00000 	0.32467 	
0.59912	0         	0.07828 	0.27505 	inf     	0.35771 	0.32467 	0.32467 	0.00000 	0.32467 	
0.60012	0         	0.07828 	0.27504 	inf     	0.35771 	0.32467 	0.32467 	0.00000 	0.32467 	
0.60112	0         	0.07828 	0.27504 	inf     	0.35771 	0.32467 	0.32467 	0.00000 	0.32467 	
0.60212	0         	0.07828 	0.27504 	inf     	0.35771 	0.32466 	0.32466 	0.00000 	0.32466 	
0.60312	0         	0.07828 	0.27504 	inf     	0.35771 	0.32465 	0.32465 	0.00000 	0.32465 	
0.60411	0         	0.07828 	0.27504 	inf     	0.35771 	0.32464 	0.32464 	0.00000 	0.32464 	
0.60511	0         	0.07828 	0.27503 	inf     	0.35771 	0.32463 	0.32463 	0.00000 	0.32463 	
0.60611	0         	0.07828 	0.27503 	inf     	0.35771 	0.32462 	0.32462 	0.00000 	0.32462 	
0.60711	0         	0.07828 	0.27503 	inf     	0.35771 	0.32462 	0.32462 	0.00000 	0.32462 	
0.60811	0         	0.07828 	0.27503 	inf     	0.35771 	0.32462 	0.32462 	0.00000 	0.32462 	
0.60911	0         	0.07828 	0.27503 	inf     	0.35771 	0.32460 	0.32460 	0.00000 	0.32460 	
0.61011	0         	0.07828 	0.27503 	inf     	0.35771 	0.32460 	0.32460 	0.00000 	0.32460 	
0.61110	0         	0.07828 	0.27503 	inf     	0.35771 	0.32459 	0.32459 	0.00000 	0.32459 	
0.61210	0         	0.07828 	0.27502 	inf     	0.35771 	0.32458 	0.32458 	0.00000 	0.32458 	
0.61310	0         	0.07828 	0.27502 	inf     	0.35771 	0.32458 	0.32458 	0.00000 	0.32458 	
0.61410	0         	0.07828 	0.27502 	inf     	0.35771 	0.32458 	0.32458 	0.00000 	0.32458 	
0.61510	0         	0.07828 	0.27502 	inf     	0.35771 	0.32457 	0.32457 	0.00000 	0.32457 	
0.61610	0         	0.07828 	0.27499 	inf     	0.35771 	0.32456 	0.32456 	0.00000 	0.32456 	
0.61709	0         	0.07828 	0.27485 	inf     	0.35771 	0.32455 	0.32455 	0.00000 	0.32455 	
0.61809	0         	0.07828 	0.27463 	inf     	0.35771 	0.32454 	0.32454 	0.00000 	0.32454 	
0.61909	0         	0.07828 	0.27443 	inf     	0.35771 	0.32454 	0.32454 	0.00000 	0.32454 	
0.62009	0         	0.07828 	0.27424 	inf     	0.35771 	0.32453 	0.32453 	0.00000 	0.32453 	
0.62109	0         	0.07828 	0.27404 	inf     	0.35771 	0.32452 	0.32452 	0.00000 	0.32452 	
0.62209	0         	0.07828 	0.27386 	inf     	0.35771 	0.32451 	0.32451 	0.00000 	0.32451 	
0.62309	0         	0.07828 	0.27368 	inf     	0.35771 	0.32451 	0.32451 	0.00000 	0.32451 	
0.62408	0         	0.07828 	0.27349 	inf     	0.35771 	0.32449 	0.32449 	0.00000 	0.32449 	
0.62508	0         	0.07828 	0.27330 	inf     	0.35771 	0.32448 	0.32448 	0.00000 	0.32448 	
0.62608	0         	0.07828 	0.27311 	inf     	0.35771 	0.32447 	0.32447 	0.00000 	0.32447 	
0.62708	0         	0.07828 	0.27300 	inf     	0.35771 	0.32446 	0.32446 	0.00000 	0.32446 	
0.62808	0         	0.07828 	0.27287 	inf     	0.35771 	0.32445 	0.32445 	0.00000 	0.32445 	
0.62908	0         	0.07828 	0.27265 	inf     	0.35771 	0.32443 	0.32443 	0.00000 	0.32443 	
0.63008	0         	0.07828 	0.27246 	inf     	0.35771 	0.32442 	0.32442 	0.00000 	0.32442 	
0.63107	0         	0.07828 	0.27227 	inf     	0.35771 	0.32440 	0.32440 	0.00000 	0.32440 	
0.63207	0         	0.07828 	0.27207 	inf     	0.35771 	0.32437 	0.32437 	0.00000 	0.32437 	
0.63307	0         	0.07828 	0.27188 	inf     	0.35771 	0.32435 	0.32435 	0.00000 	0.32435 	
0.63407	0         	0.07828 	0.27169 	inf     	0.35771 	0.32432 	0.32432 	0.00000 	0.32432 	
0.63507	0         	0.07828 	0.27149 	inf     	0.35771 	0.32430 	0.32430 	0.00000 	0.32430 	
0.63607	0         	0.07828 	0.27131 	inf     	0.35771 	0.32428 	0.32428 	0.00000 	0.32428 	
0.63707	0         	0.07828 	0.27110 	inf     	0.35771 	0.32425 	0.32425 	0.00000 	0.32425 	
0.63806	0         	0.07828 	0.27091 	inf     	0.35771 	0.32422 	0.32422 	0.00000 	0.32422 	
0.63906	0         	0.07828 	0.27073 	inf     	0.35771 	0.32419 	0.32419 	0.00000 	0.32419 	
0.64006	0         	0.07828 	0.27053 	inf     	0.35771 	0.32415 	0.32415 	0.00000 	0.32415 	
0.64106	0         	0.07828 	0.27036 	inf     	0.35771 	0.32412 	0.32412 	0.00000 	0.32412 	
0.64206	0         	0.07828 	0.27017 	inf     	0.35771 	0.32409 	0.32409 	0.00000 	0.32409 	
0.64306	0         	0.07828 	0.26997 	inf     	0.35771 	0.32406 	0.32406 	0.00000 	0.32406 	
0.64405	0         	0.07828 	0.26977 	inf     	0.35771 	0.32401 	0.32401 	0.00000 	0.32401 	
0.64505	0         	0.07828 	0.26957 	inf     	0.35771 	0.32398 	0.32398 	0.00000 	0.32398 	
0.64605	0         	0.07828 	0.26937 	inf     	0.35771 	0.32393 	0.32393 	0.00000 	0.32393 	
0.64705	0         	0.07828 	0.26918 	inf     	0.35771 	0.32389 	0.32389 	0.00000 	0.32389 	
0.64805	0         	0.07828 	0.26899 	inf     	0.35771 	0.32385 	0.32385 	0.00000 	0.32385 	
0.64905	0         	0.07828 	0.26882 	inf     	0.35771 	0.32381 	0.32381 	0.00000 	0.32381 	
0.65005	0         	0.07828 	0.26863 	inf     	0.35771 	0.32376 	0.32376 	0.00000 	0.32376 	
0.65104	0         	0.07828 	0.26843 	inf     	0.35771 	0.32372 	0.32372 	0.00000 	0.32372 	
0.65204	0         	0.07828 	0.26823 	inf     	0.35771 	0.32366 	0.32366 	0.00000 	0.32366 	
0.65304	0         	0.07828 	0.26803 	inf     	0.35771 	0.32361 	0.32361 	0.00000 	0.32361 	
0.65404	0         	0.07828 	0.26783 	inf     	0.35771 	0.32356 	0.32356 	0.00000 	0.32356 	
0.65504	0         	0.07828 	0.26763 	inf     	0.35771 	0.32350 	0.32350 	0.00000 	0.32350 	
0.65604	0         	0.07828 	0.26746 	inf     	0.35771 	0.32345 	0.32345 	0.00000 	0.32345 	
0.65704	0         	0.07828 	0.26725 	inf     	0.35771 	0.32339 	0.32339 	0.00000 	0.32339 	
0.65803	0         	0.07828 	0.26704 	inf     	0.35771 	0.32332 	0.32332 	0.00000 	0.32332 	
0.65903	0         	0.07828 	0.26683 	inf     	0.35771 	0.32326 	0.32326 	0.00000 	0.32326 	
0.66003	0         	0.07828 	0.26663 	inf     	0.35771 	0.32320 	0.32320 	0.00000 	0.32320 	
0.66103	0         	0.07828 	0.26641 	inf     	0.35771 	0.32312 	0.32312 	0.00000 	0.32312 	
0.66203	0         	0.07828 	0.26620 	inf     	0.35771 	0.32305 	0.32305 	0.00000 	0.32305 	
0.66303	0         	0.07828 	0.26599 	inf     	0.35771 	0.32297 	0.32297 	0.00000 	0.32297 	
0.66403	0         	0.07828 	0.26579 	inf     	0.35771 	0.32290 	0.32290 	0.00000 	0.32290 	
0.66502	0         	0.07828 	0.26559 	inf     	0.35771 	0.32283 	0.32283 	0.00000 	0.32283 	
0.66602	0         	0.07828 	0.26538 	inf     	0.35771 	0.32274 	0.32274 	0.00000 	0.32274 	
0.66702	0         	0.07828 	0.26517 	inf     	0.35771 	0.32266 	0.32266 	0.00000 	0.32266 	
0.66802	0         	0.07828 	0.26496 	inf     	0.35771 	0.32259 	0.32259 	0.00000 	0.32259 	
0.66902	0         	0.07828 	0.26475 	inf     	0.35771 	0.32251 	0.32251 	0.00000 	0.32251 	
0.67002	0         	0.07828 	0.26454 	inf     	0.35771 	0.32242 	0.32242 	0.00000 	0.32242 	
0.67101	0         	0.07828 	0.26433 	inf     	0.35771 	0.32234 	0.32234 	0.00000 	0.32234 	
0.67201	0         	0.07828 	0.26412 	inf     	0.35771 	0.32225 	0.32225 	0.00000 	0.32225 	
0.67301	0         	0.07828 	0.26391 	inf     	0.35771 	0.32217 	0.32217 	0.00000 	0.32217 	
0.67401	0         	0.07828 	0.26369 	inf     	0.35771 	0.32208 	0.32208 	0.00000 	0.32208 	
0.67501	0         	0.07828 	0.26348 	inf     	0.35771 	0.32198 	0.32198 	0.00000 	0.32198 	
0.67601	0         	0.07828 	0.26327 	inf     	0.35771 	0.32188 	0.32188 	0.00000 	0.32188 	
0.67701	0         	0.07828 	0.26306 	inf     	0.35771 	0.32179 	0.32179 	0.00000 	0.32179 	
0.67800	0         	0.07828 	0.26285 	inf     	0.35771 	0.32169 	0.32169 	0.00000 	0.32169 	
0.67900	0         	0.07828 	0.26263 	inf     	0.35771 	0.32158 	0.32158 	0.00000 	0.32158 	
0.68000	0         	0.07828 	0.26244 	inf     	0.35771 	0.32148 	0.32148 	0.00000 	0.32148 	
0.68100	0         	0.07828 	0.26223 	inf     	0.35771 	0.32137 	0.32137 	0.00000 	0.32137 	
0.68200	0         	0.07828 	0.26201 	inf     	0.35771 	0.32126 	0.32126 	0.00000 	0.32126 	
0.68300	0         	0.07828 	0.26179 	inf     	0.35771 	0.32115 	0.32115 	0.00000 	0.32115 	
0.68400	0         	0.07828 	0.26158 	inf     	0.35771 	0.32104 	0.32104 	0.00000 	0.32104 	
0.68499	0         	0.07828 	0.26135 	inf     	0.35771 	0.32091 	0.32091 	0.00000 	0.32091 	
0.68599	0         	0.07828 	0.26112 	inf     	0.35771 	0.32080 	0.32080 	0.00000 	0.32080 	
0.68699	0         	0.07828 	0.26089 	inf     	0.35771 	0.32067 	0.32067 	0.00000 	0.32067 	
0.68799	0         	0.07828 	0.26067 	inf     	0.35771 	0.32054 	0.32054 	0.00000 	0.32054 	
0.68899	0         	0.07828 	0.26045 	inf     	0.35771 	0.32042 	0.32042 	0.00000 	0.32042 	
0.68999	0         	0.07828 	0.26022 	inf     	0.35771 	0.32029 	0.32029 	0.00000 	0.32029 	
0.69099	0         	0.07828 	0.26000 	inf     	0.35771 	0.32015 	0.32015 	0.00000 	0.32015 	
0.69198	0         	0.07828 	0.25977 	inf     	0.35771 	0.32002 	0.32002 	0.00000 	0.32002 	
0.69298	0         	0.07828 	0.25956 	inf     	0.35771 	0.31990 	0.31990 	0.00000 	0.31990 	
0.69398	0         	0.07828 	0.25934 	inf     	0.35771 	0.31976 	0.31976 	0.00000 	0.31976 	
0.69498	0         	0.07828 	0.25911 	inf     	0.35771 	0.31961 	0.31961 	0.00000 	0.31961 	
0.69598	0         	0.07828 	0.25888 	inf     	0.35771 	0.31947 	0.31947 	0.00000 	0.31947 	
0.69698	0         	0.07828 	0.25865 	inf     	0.35771 	0.31933 	0.31933 	0.00000 	0.31933 	
0.69797	0         	0.07828 	0.25843 	inf     	0.35771 	0.31919 	0.31919 	0.00000 	0.31919 	
0.69897	0         	0.07828 	0.25821 	inf     	0.35771 	0.31904 	0.31904 	0.00000 	0.31904 	
0.69997	0         	0.07828 	0.25797 	inf     	0.35771 	0.31889 	0.31889 	0.00000 	0.31889 	
0.70097	0         	0.07828 	0.25773 	inf     	0.35771 	0.31872 	0.31872 	0.00000 	0.31872 	
0.70197	0         	0.07828 	0.25749 	inf     	0.35771 	0.31856 	0.31856 	0.00000 	0.31856 	
0.70297	0         	0.07828 	0.25726 	inf     	0.35771 	0.31840 	0.31840 	0.00000 	0.31840 	
0.70397	0         	0.07828 	0.25701 	inf     	0.35771 	0.31823 	0.31823 	0.00000 	0.31823 	
0.70496	0         	0.07828 	0.25677 	inf     	0.35771 	0.31806 	0.31806 	0.00000 	0.31806 	
0.70596	0         	0.07828 	0.25653 	inf     	0.35771 	0.31788 	0.31788 	0.00000 	0.31788 	
0.70696	0         	0.07828 	0.25629 	inf     	0.35771 	0.31770 	0.31770 	0.00000 	0.31770 	
0.70796	0         	0.07828 	0.25606 	inf     	0.35771 	0.31753 	0.31753 	0.00000 	0.31753 	
0.70896	0         	0.07828 	0.25580 	inf     	0.35771 	0.31733 	0.31733 	0.00000 	0.31733 	
0.70996	0         	0.07828 	0.25556 	inf     	0.35771 	0.31715 	0.31715 	0.00000 	0.31715 	
0.71096	0         	0.07828 	0.25531 	inf     	0.35771 	0.31695 	0.31695 	0.00000 	0.31695 	
0.71195	0         	0.07828 	0.25511 	inf     	0.35771 	0.31680 	0.31680 	0.00000 	0.31680 	
0.71295	0         	0.07828 	0.25487 	inf     	0.35771 	0.31659 	0.31659 	0.00000 	0.31659 	
0.71395	0         	0.07828 	0.25464 	inf     	0.35771 	0.31641 	0.31641 	0.00000 	0.31641 	
0.71495	0         	0.07828 	0.25438 	inf     	0.35771 	0.31619 	0.31619 	0.00000 	0.31619 	
0.71595	0         	0.07828 	0.25411 	inf     	0.35771 	0.31598 	0.31598 	0.00000 	0.31598 	
0.71695	0         	0.07828 	0.25384 	inf     	0.35771 	0.31575 	0.31575 	0.00000 	0.31575 	
0.71795	0         	0.07828 	0.25359 	inf     	0.35771 	0.31554 	0.31554 	0.00000 	0.31554 	
0.71894	0         	0.07828 	0.25334 	inf     	0.35771 	0.31533 	0.31533 	0.00000 	0.31533 	
0.71994	0         	0.07828 	0.25313 	inf     	0.35771 	0.31512 	0.31512 	0.00000 	0.31512 	
0.72094	0         	0.07828 	0.25294 	inf     	0.35771 	0.31496 	0.31496 	0.00000 	0.31496 	
0.72194	0         	0.07828 	0.25268 	inf     	0.35771 	0.31471 	0.31471 	0.00000 	0.31471 	
0.72294	0         	0.07828 	0.25242 	inf     	0.35771 	0.31449 	0.31449 	0.00000 	0.31449 	
0.72394	0         	0.07828 	0.25217 	inf     	0.35771 	0.31425 	0.31425 	0.00000 	0.31425 	
0.72493	0         	0.07828 	0.25188 	inf     	0.35771 	0.31398 	0.31398 	0.00000 	0.31398 	
0.72593	0         	0.07828 	0.25163 	inf     	0.35771 	0.31373 	0.31373 	0.00000 	0.31373 	
0.72693	0         	0.07828 	0.25135 	inf     	0.35771 	0.31347 	0.31347 	0.00000 	0.31347 	
0.72793	0         	0.07828 	0.25107 	inf     	0.35771 	0.31320 	0.31320 	0.00000 	0.31320 	
0.72893	0         	0.07828 	0.25080 	inf     	0.35771 	0.31292 	0.31292 	0.00000 	0.31292 	
0.72993	0         	0.07828 	0.25052 	inf     	0.35771 	0.31265 	0.31265 	0.00000 	0.31265 	
0.73093	0         	0.07828 	0.25024 	inf     	0.35771 	0.31237 	0.31237 	0.00000 	0.31237 	
0.73192	0         	0.07828 	0.24996 	inf     	0.35771 	0.31208 	0.31208 	0.00000 	0.31208 	
0.73292	0         	0.07828 	0.24966 	inf     	0.35771 	0.31177 	0.31177 	0.00000 	0.31177 	
0.73392	0         	0.07828 	0.24939 	inf     	0.35771 	0.31148 	0.31148 	0.00000 	0.31148 	
0.73492	0         	0.07828 	0.24910 	inf     	0.35771 	0.31116 	0.31116 	0.00000 	0.31116 	
0.73592	0         	0.07828 	0.24881 	inf     	0.35771 	0.31086 	0.31086 	0.00000 	0.31086 	
0.73692	0         	0.07828 	0.24853 	inf     	0.35771 	0.31053 	0.31053 	0.00000 	0.31053 	
0.73792	0         	0.07828 	0.24826 	inf     	0.35771 	0.31023 	0.31023 	0.00000 	0.31023 	
0.73891	0         	0.07828 	0.24795 	inf     	0.35771 	0.30987 	0.30987 	0.00000 	0.30987 	
0.73991	0         	0.07828 	0.24765 	inf     	0.35771 	0.30953 	0.30953 	0.00000 	0.30953 	
0.74091	0         	0.07828 	0.24734 	inf     	0.35771 	0.30917 	0.30917 	0.00000 	0.30917 	
0.74191	0         	0.07828 	0.24703 	inf     	0.35771 	0.30879 	0.30879 	0.00000 	0.30879 	
0.74291	0         	0.07828 	0.24676 	inf     	0.35771 	0.30846 	0.30846 	0.00000 	0.30846 	
0.74391	0         	0.07828 	0.24646 	inf     	0.35771 	0.30811 	0.30811 	0.00000 	0.30811 	
0.74491	0         	0.07828 	0.24617 	inf     	0.35771 	0.30774 	0.30774 	0.00000 	0.30774 	
0.74590	0         	0.07828 	0.24588 	inf     	0.35771 	0.30736 	0.30736 	0.00000 	0.30736 	
0.74690	0         	0.07828 	0.24559 	inf     	0.35771 	0.30698 	0.30698 	0.00000 	0.30698 	
0.74790	0         	0.07828 	0.24524 	inf     	0.35771 	0.30654 	0.30654 	0.00000 	0.30654 	
0.74890	0         	0.07828 	0.24494 	inf     	0.35771 	0.30613 	0.30613 	0.00000 	0.30613 	
0.74990	0         	0.07828 	0.24463 	inf     	0.35771 	0.30571 	0.30571 	0.00000 	0.30571 	
0.75090	0         	0.07828 	0.24431 	inf     	0.35771 	0.30529 	0.30529 	0.00000 	0.30529 	
0.75189	0         	0.07828 	0.24398 	inf     	0.35771 	0.30484 	0.30484 	0.00000 	0.30484 	
0.75289	0         	0.07828 	0.24366 	inf     	0.35771 	0.30439 	0.30439 	0.00000 	0.30439 	
0.75389	0         	0.07828 	0.24331 	inf     	0.35771 	0.30392 	0.30392 	0.00000 	0.30392 	
0.75489	0         	0.07828 	0.24298 	inf     	0.35771 	0.30345 	0.30345 	0.00000 	0.30345 	
0.75589	0         	0.07828 	0.24259 	inf     	0.35771 	0.30291 	0.30291 	0.00000 	0.30291 	
0.75689	0         	0.07828 	0.24221 	inf     	0.35771 	0.30236 	0.30236 	0.00000 	0.30236 	
0.75789	0         	0.07828 	0.24184 	inf     	0.35771 	0.30183 	0.30183 	0.00000 	0.30183 	
0.75888	0         	0.07828 	0.24145 	inf     	0.35771 	0.30127 	0.30127 	0.00000 	0.30127 	
0.75988	0         	0.07828 	0.24107 	inf     	0.35771 	0.30071 	0.30071 	0.00000 	0.30071 	
0.76088	0         	0.07828 	0.24072 	inf     	0.35771 	0.30019 	0.30019 	0.00000 	0.30019 	
0.76188	0         	0.07828 	0.24031 	inf     	0.35771 	0.29959 	0.29959 	0.00000 	0.29959 	
0.76288	0         	0.07828 	0.23989 	inf     	0.35771 	0.29896 	0.29896 	0.00000 	0.29896 	
0.76388	0         	0.07828 	0.23950 	inf     	0.35771 	0.29837 	0.29837 	0.00000 	0.29837 	
0.76488	0         	0.07828 	0.23909 	inf     	0.35771 	0.29774 	0.29774 	0.00000 	0.29774 	
0.76587	0         	0.07828 	0.23866 	inf     	0.35771 	0.29709 	0.29709 	0.00000 	0.29709 	
0.76687	0         	0.07828 	0.23828 	inf     	0.35771 	0.29649 	0.29649 	0.00000 	0.29649 	
0.76787	0         	0.07828 	0.23784 	inf     	0.35771 	0.29579 	0.29579 	0.00000 	0.29579 	
0.76887	0         	0.07828 	0.23740 	inf     	0.35771 	0.29510 	0.29510 	0.00000 	0.29510 	
0.76987	0         	0.07828 	0.23695 	inf     	0.35771 	0.29437 	0.29437 	0.00000 	0.29437 	
0.77087	0         	0.07828 	0.23653 	inf     	0.35771 	0.29371 	0.29371 	0.00000 	0.29371 	
0.77187	0         	0.07828 	0.23608 	inf     	0.35771 	0.29298 	0.29298 	0.00000 	0.29298 	
0.77286	0         	0.07828 	0.23562 	inf     	0.35771 	0.29222 	0.29222 	0.00000 	0.29222 	
0.77386	0         	0.07828 	0.23516 	inf     	0.35771 	0.29145 	0.29145 	0.00000 	0.29145 	
0.77486	0         	0.07828 	0.23497 	inf     	0.35771 	0.29114 	0.29114 	0.00000 	0.29114 	
0.77586	0         	0.07828 	0.23497 	inf     	0.35771 	0.29114 	0.29114 	0.00000 	0.29114 	
0.77686	0         	0.07828 	0.23453 	inf     	0.35771 	0.29039 	0.29039 	0.00000 	0.29039 	
0.77786	0         	0.07828 	0.23409 	inf     	0.35771 	0.28962 	0.28962 	0.00000 	0.28962 	
0.77886	0         	0.07828 	0.23362 	inf     	0.35771 	0.28882 	0.28882 	0.00000 	0.28882 	
0.77985	0         	0.07828 	0.23316 	inf     	0.35771 	0.28803 	0.28803 	0.00000 	0.28803 	
0.78085	0         	0.07828 	0.23272 	inf     	0.35771 	0.28728 	0.28728 	0.00000 	0.28728 	
0.78185	0         	0.07828 	0.23266 	inf     	0.35771 	0.28716 	0.28716 	0.00000 	0.28716 	
0.78285	0         	0.07828 	0.23229 	inf     	0.35771 	0.28654 	0.28654 	0.00000 	0.28654 	
0.78385	0         	0.07828 	0.23196 	inf     	0.35771 	0.28597 	0.28597 	0.00000 	0.28597 	
0.78485	0         	0.07828 	0.23165 	inf     	0.35771 	0.28543 	0.28543 	0.00000 	0.28543 	
0.78584	0         	0.07828 	0.23119 	inf     	0.35771 	0.28463 	0.28463 	0.00000 	0.28463 	
0.78684	0         	0.07828 	0.23072 	inf     	0.35771 	0.28382 	0.28382 	0.00000 	0.28382 	
0.78784	0         	0.07828 	0.23025 	inf     	0.35771 	0.28301 	0.28301 	0.00000 	0.28301 	
0.78884	0         	0.07828 	0.22978 	inf     	0.35771 	0.28220 	0.28220 	0.00000 	0.28220 	
0.78984	0         	0.07828 	0.22934 	inf     	0.35771 	0.28142 	0.28142 	0.00000 	0.28142 	
0.79084	0         	0.07828 	0.22891 	inf     	0.35771 	0.28066 	0.28066 	0.00000 	0.28066 	
0.79184	0         	0.07828 	0.22844 	inf     	0.35771 	0.27983 	0.27983 	0.00000 	0.27983 	
0.79283	0         	0.07828 	0.22798 	inf     	0.35771 	0.27900 	0.27900 	0.00000 	0.27900 	
0.79383	0         	0.07828 	0.22752 	inf     	0.35771 	0.27816 	0.27816 	0.00000 	0.27816 	
0.79483	0         	0.07828 	0.22704 	inf     	0.35771 	0.27731 	0.27731 	0.00000 	0.27731 	
0.79583	0         	0.07828 	0.22659 	inf     	0.35771 	0.27649 	0.27649 	0.00000 	0.27649 	
0.79683	0         	0.07828 	0.22613 	inf     	0.35771 	0.27567 	0.27567 	0.00000 	0.27567 	
0.79783	0         	0.07828 	0.22568 	inf     	0.35771 	0.27485 	0.27485 	0.00000 	0.27485 	
0.79883	0         	0.07828 	0.22523 	inf     	0.35771 	0.27404 	0.27404 	0.00000 	0.27404 	
0.79982	0         	0.07828 	0.22476 	inf     	0.35771 	0.27318 	0.27318 	0.00000 	0.27318 	
0.80082	0         	0.07828 	0.22428 	inf     	0.35771 	0.27232 	0.27232 	0.00000 	0.27232 	
0.80182	0         	0.07828 	0.22378 	inf     	0.35771 	0.27142 	0.27142 	0.00000 	0.27142 	
0.80282	0         	0.07828 	0.22330 	inf     	0.35771 	0.27052 	0.27052 	0.00000 	0.27052 	
0.80382	0         	0.07828 	0.22280 	inf     	0.35771 	0.26960 	0.26960 	0.00000 	0.26960 	
0.80482	0         	0.07828 	0.22230 	inf     	0.35771 	0.26869 	0.26869 	0.00000 	0.26869 	
0.80582	0         	0.07828 	0.22183 	inf     	0.35771 	0.26783 	0.26783 	0.00000 	0.26783 	
0.80681	0         	0.07828 	0.22132 	inf     	0.35771 	0.26689 	0.26689 	0.00000 	0.26689 	
0.80781	0         	0.07828 	0.22081 	inf     	0.35771 	0.26595 	0.26595 	0.00000 	0.26595 	
0.80881	0         	0.07828 	0.22052 	inf     	0.35771 	0.26541 	0.26541 	0.00000 	0.26541 	
0.80981	0         	0.07828 	0.22044 	inf     	0.35771 	0.26526 	0.26526 	0.00000 	0.26526 	
0.81081	0         	0.07828 	0.21996 	inf     	0.35771 	0.26437 	0.26437 	0.00000 	0.26437 	
0.81181	0         	0.07828 	0.21945 	inf     	0.35771 	0.26342 	0.26342 	0.00000 	0.26342 	
0.81280	0         	0.07828 	0.21897 	inf     	0.35771 	0.26251 	0.26251 	0.00000 	0.26251 	
0.81380	0         	0.07828 	0.21845 	inf     	0.35771 	0.26154 	0.26154 	0.00000 	0.26154 	
0.81480	0         	0.07828 	0.21795 	inf     	0.35771 	0.26059 	0.26059 	0.00000 	0.26059 	
0.81580	0         	0.07828 	0.21744 	inf     	0.35771 	0.25962 	0.25962 	0.00000 	0.25962 	
0.81680	0         	0.07828 	0.21695 	inf     	0.35771 	0.25874 	0.25874 	0.00000 	0.25874 	
0.81780	0         	0.07828 	0.21643 	inf     	0.35771 	0.25776 	0.25776 	0.00000 	0.25776 	
0.81880	0         	0.07828 	0.21596 	inf     	0.35771 	0.25685 	0.25685 	0.00000 	0.25685 	
0.81979	0         	0.07828 	0.21545 	inf     	0.35771 	0.25588 	0.25588 	0.00000 	0.25588 	
0.82079	0         	0.07828 	0.21496 	inf     	0.35771 	0.25494 	0.25494 	0.00000 	0.25494 	
0.82179	0         	0.07828 	0.21445 	inf     	0.35771 	0.25394 	0.25394 	0.00000 	0.25394 	
0.82279	0         	0.07828 	0.21392 	inf     	0.35771 	0.25293 	0.25293 	0.00000 	0.25293 	
0.82379	0         	0.07828 	0.21341 	inf     	0.35771 	0.25193 	0.25193 	0.00000 	0.25193 	
0.82479	0         	0.07828 	0.21289 	inf     	0.35771 	0.25093 	0.25093 	0.00000 	0.25093 	
0.82579	0         	0.07828 	0.21237 	inf     	0.35771 	0.24991 	0.24991 	0.00000 	0.24991 	
0.82678	0         	0.07828 	0.21184 	inf     	0.35771 	0.24888 	0.24888 	0.00000 	0.24888 	
0.82778	0         	0.07828 	0.21131 	inf     	0.35771 	0.24785 	0.24785 	0.00000 	0.24785 	
0.82878	0         	0.07828 	0.21085 	inf     	0.35771 	0.24696 	0.24696 	0.00000 	0.24696 	
0.82978	0         	0.07828 	0.21036 	inf     	0.35771 	0.24608 	0.24608 	0.00000 	0.24608 	
0.83078	0         	0.07828 	0.20985 	inf     	0.35771 	0.24513 	0.24513 	0.00000 	0.24513 	
0.83178	0         	0.07828 	0.20935 	inf     	0.35771 	0.24412 	0.24412 	0.00000 	0.24412 	
0.83278	0         	0.07828 	0.20882 	inf     	0.35771 	0.24307 	0.24307 	0.00000 	0.24307 	
0.83377	0         	0.07828 	0.20828 	inf     	0.35771 	0.24202 	0.24202 	0.00000 	0.24202 	
0.83477	0         	0.07828 	0.20774 	inf     	0.35771 	0.24096 	0.24096 	0.00000 	0.24096 	
0.83577	0         	0.07828 	0.20721 	inf     	0.35771 	0.23991 	0.23991 	0.00000 	0.23991 	
0.83677	0         	0.07828 	0.20667 	inf     	0.35771 	0.23886 	0.23886 	0.00000 	0.23886 	
0.83777	0         	0.07828 	0.20616 	inf     	0.35771 	0.23786 	0.23786 	0.00000 	0.23786 	
0.83877	0         	0.07828 	0.20562 	inf     	0.35771 	0.23677 	0.23677 	0.00000 	0.23677 	
0.83976	0         	0.07828 	0.20507 	inf     	0.35771 	0.23568 	0.23568 	0.00000 	0.23568 	
0.84076	0         	0.07828 	0.20455 	inf     	0.35771 	0.23462 	0.23462 	0.00000 	0.23462 	
0.84176	0         	0.07828 	0.20400 	inf     	0.35771 	0.23353 	0.23353 	0.00000 	0.23353 	
0.84276	0         	0.07828 	0.20348 	inf     	0.35771 	0.23245 	0.23245 	0.00000 	0.23245 	
0.84376	0         	0.07828 	0.20294 	inf     	0.35771 	0.23137 	0.23137 	0.00000 	0.23137 	
0.84476	0         	0.07828 	0.20240 	inf     	0.35771 	0.23028 	0.23028 	0.00000 	0.23028 	
0.84576	0         	0.07828 	0.20185 	inf     	0.35771 	0.22917 	0.22917 	0.00000 	0.22917 	
0.84675	0         	0.07828 	0.20132 	inf     	0.35771 	0.22810 	0.22810 	0.00000 	0.22810 	
0.84775	0         	0.07828 	0.20076 	inf     	0.35771 	0.22697 	0.22697 	0.00000 	0.22697 	
0.84875	0         	0.07828 	0.20021 	inf     	0.35771 	0.22585 	0.22585 	0.00000 	0.22585 	
0.84975	0         	0.07828 	0.19965 	inf     	0.35771 	0.22471 	0.22471 	0.00000 	0.22471 	
0.85075	0         	0.07828 	0.19909 	inf     	0.35771 	0.22355 	0.22355 	0.00000 	0.22355 	
0.85175	0         	0.07828 	0.19854 	inf     	0.35771 	0.22243 	0.22243 	0.00000 	0.22243 	
0.85275	0         	0.07828 	0.19798 	inf     	0.35771 	0.22128 	0.22128 	0.00000 	0.22128 	
0.85374	0         	0.07828 	0.19749 	inf     	0.35771 	0.22026 	0.22026 	0.00000 	0.22026 	
0.85474	0         	0.07828 	0.19694 	inf     	0.35771 	0.21913 	0.21913 	0.00000 	0.21913 	
0.85574	0         	0.07828 	0.19642 	inf     	0.35771 	0.21807 	0.21807 	0.00000 	0.21807 	
0.85674	0         	0.07828 	0.19586 	-0.00110	0.35771 	0.21689 	0.21689 	0.00000 	0.21689 	
0.85774	0         	0.07828 	0.19529 	-0.00229	0.35771 	0.21571 	0.21571 	0.00000 	0.21571 	
0.85874	0         	0.07828 	0.19474 	-0.00342	0.35771 	0.21457 	0.21457 	0.00000 	0.21457 	
0.85974	0         	0.07828 	0.19422 	-0.00451	0.35771 	0.21348 	0.21348 	0.00000 	0.21348 	
0.86073	0         	0.07828 	0.19368 	-0.00564	0.35771 	0.21235 	0.21235 	0.00000 	0.21235 	
0.86173	0         	0.07828 	0.19310 	-0.00684	0.35771 	0.21115 	0.21115 	0.00000 	0.21115 	
0.86273	0         	0.07828 	0.19258 	-0.00796	0.35771 	0.21003 	0.21003 	0.00000 	0.21003 	
0.86373	0         	0.07828 	0.19205 	-0.00905	0.35771 	0.20894 	0.20894 	0.00000 	0.20894 	
0.86473	0         	0.07828 	0.19148 	-0.01027	0.35771 	0.20772 	0.20772 	0.00000 	0.20772 	
0.86573	0         	0.07828 	0.19104 	-0.01121	0.35771 	0.20678 	0.20678 	0.00000 	0.20678 	
0.86672	0         	0.07828 	0.19046 	-0.01245	0.35771 	0.20554 	0.20554 	0.00000 	0.20554 	
0.86772	0         	0.07828 	0.18988 	-0.01368	0.35771 	0.20432 	0.20432 	0.00000 	0.20432 	
0.86872	0         	0.07828 	0.18931 	-0.01492	0.35771 	0.20308 	0.20308 	0.00000 	0.20308 	
0.86972	0         	0.07828 	0.18870 	-0.01593	0.35743 	0.20192 	0.20192 	0.00000 	0.20192 	
0.87072	0         	0.07828 	0.18813 	-0.01715	0.35743 	0.20070 	0.20070 	0.00000 	0.20070 	
0.87172	0         	0.07828 	0.18764 	-0.01823	0.35743 	0.19962 	0.19962 	0.00000 	0.19962 	
0.87272	0         	0.07828 	0.18705 	-0.01952	0.35743 	0.19833 	0.19833 	0.00000 	0.19833 	
0.87371	0         	0.07828 	0.18646 	-0.02080	0.35743 	0.19706 	0.19706 	0.00000 	0.19706 	
0.87471	0         	0.07828 	0.18593 	-0.02196	0.35743 	0.19589 	0.19589 	0.00000 	0.19589 	
0.87571	0         	0.07828 	0.18533 	-0.02325	0.35743 	0.19460 	0.19460 	0.00000 	0.19460 	
0.87671	0         	0.07828 	0.18474 	-0.02455	0.35743 	0.19331 	0.19331 	0.00000 	0.19331 	
0.87771	0         	0.07828 	0.18414 	-0.02586	0.35743 	0.19199 	0.19199 	0.00000 	0.19199 	
0.87871	0         	0.07828 	0.18356 	-0.02713	0.35743 	0.19072 	0.19072 	0.00000 	0.19072 	
0.87971	0         	0.07828 	0.18296 	-0.02848	0.35743 	0.18938 	0.18938 	0.00000 	0.18938 	
0.88070	0         	0.07828 	0.18236 	-0.02981	0.35743 	0.18804 	0.18804 	0.00000 	0.18804 	
0.88170	0         	0.07828 	0.18174 	-0.03115	0.35743 	0.18670 	0.18670 	0.00000 	0.18670 	
0.88270	0         	0.07828 	0.18113 	-0.03251	0.35743 	0.18534 	0.18534 	0.00000 	0.18534 	
0.88370	0         	0.07828 	0.18059 	-0.03372	0.35743 	0.18413 	0.18413 	0.00000 	0.18413 	
0.88470	0         	0.07828 	0.17998 	-0.03507	0.35743 	0.18278 	0.18278 	0.00000 	0.18278 	
0.88570	0         	0.07828 	0.17944 	-0.03632	0.35743 	0.18154 	0.18154 	0.00000 	0.18154 	
0.88670	0         	0.07828 	0.17882 	-0.03771	0.35743 	0.18015 	0.18015 	0.00000 	0.18015 	
0.88769	0         	0.07828 	0.17821 	-0.03908	0.35743 	0.17877 	0.17877 	0.00000 	0.17877 	
0.88869	0         	0.07828 	0.17761 	-0.04045	0.35743 	0.17741 	0.17741 	0.00000 	0.17741 	
0.88969	0         	0.07828 	0.17698 	-0.04187	0.35743 	0.17598 	0.17598 	0.00000 	0.17598 	
0.89069	0         	0.07828 	0.17638 	-0.04323	0.35743 	0.17462 	0.17462 	0.00000 	0.17462 	
0.89169	0         	0.07828 	0.17574 	-0.04467	0.35743 	0.17318 	0.17318 	0.00000 	0.17318 	
0.89269	0         	0.07828 	0.17514 	-0.04603	0.35743 	0.17182 	0.17182 	0.00000 	0.17182 	
0.89368	0         	0.07828 	0.17452 	-0.04749	0.35743 	0.17037 	0.17037 	0.00000 	0.17037 	
0.89468	0         	0.07828 	0.17391 	-0.04888	0.35743 	0.16898 	0.16898 	0.00000 	0.16898 	
0.89568	0         	0.07828 	0.17332 	-0.05023	0.35743 	0.16763 	0.16763 	0.00000 	0.16763 	
0.89668	0         	0.07828 	0.17268 	-0.05170	0.35743 	0.16615 	0.16615 	0.00000 	0.16615 	
0.89768	0         	0.07828 	0.17206 	-0.05315	0.35743 	0.16470 	0.16470 	0.00000 	0.16470 	
0.89868	0         	0.07828 	0.17140 	-0.05466	0.35743 	0.16320 	0.16320 	0.00000 	0.16320 	
0.89968	0         	0.07828 	0.17078 	-0.05613	0.35743 	0.16173 	0.16173 	0.00000 	0.16173 	
0.90067	0         	0.07828 	0.17013 	-0.05766	0.35743 	0.16020 	0.16020 	0.00000 	0.16020 	
0.90167	0         	0.07828 	0.16949 	-0.05915	0.35743 	0.15870 	0.15870 	0.00000 	0.15870 	
0.90267	0         	0.07828 	0.16883 	-0.06067	0.35743 	0.15719 	0.15719 	0.00000 	0.15719 	
0.90367	0         	0.07828 	0.16822 	-0.06213	0.35743 	0.15573 	0.15573 	0.00000 	0.15573 	
0.90467	0         	0.07828 	0.16755 	-0.06368	0.35743 	0.15417 	0.15417 	0.00000 	0.15417 	
0.90567	0         	0.07828 	0.16690 	-0.06521	0.35743 	0.15264 	0.15264 	0.00000 	0.15264 	
0.90667	0         	0.07819 	0.16625 	-0.06675	0.35743 	0.15111 	0.15111 	0.00000 	0.15111 	
0.90766	0         	0.07710 	0.16558 	-0.06834	0.35743 	0.14952 	0.14952 	0.00000 	0.14952 	
0.90866	0         	0.07604 	0.16493 	-0.06987	0.35743 	0.14799 	0.14799 	0.00000 	0.14799 	
0.90966	0         	0.07497 	0.16427 	-0.07144	0.35743 	0.14641 	0.14641 	0.00000 	0.14641 	
0.91066	0         	0.07398 	0.16366 	-0.07291	0.35743 	0.14494 	0.14494 	0.00000 	0.14494 	
0.91166	0         	0.07292 	0.16300 	-0.07449	0.35743 	0.14337 	0.14337 	0.00000 	0.14337 	
0.91266	0         	0.07185 	0.16234 	-0.07606	0.35743 	0.14179 	0.14179 	0.00000 	0.14179 	
0.91366	0         	0.07082 	0.16170 	-0.07760	0.35743 	0.14025 	0.14025 	0.00000 	0.14025 	
0.91465	0         	0.06973 	0.16102 	-0.07921	0.35743 	0.13864 	0.13864 	0.00000 	0.13864 	
0.91565	0         	0.06863 	0.16034 	-0.08085	0.35743 	0.13701 	0.13701 	0.00000 	0.13701 	
0.91665	0         	0.06756 	0.15965 	-0.08251	0.35743 	0.13535 	0.13535 	0.00000 	0.13535 	
0.91765	0         	0.06649 	0.15898 	-0.08414	0.35743 	0.13372 	0.13372 	0.00000 	0.13372 	
0.91865	0         	0.06547 	0.15833 	-0.08570	0.35743 	0.13215 	0.13215 	0.00000 	0.13215 	
0.91965	0         	0.06437 	0.15764 	-0.08739	0.35743 	0.13046 	0.13046 	0.00000 	0.13046 	
0.92064	0         	0.06333 	0.15698 	-0.08899	0.35743 	0.12887 	0.12887 	0.00000 	0.12887 	
0.92164	0         	0.06228 	0.15631 	-0.09061	0.35743 	0.12725 	0.12725 	0.00000 	0.12725 	
0.92264	0         	0.06146 	0.15479 	-0.08982	0.35341 	0.12602 	0.12602 	0.00000 	0.12602 	
0.92364	0         	0.06062 	0.15328 	-0.08900	0.34938 	0.12483 	0.12483 	0.00000 	0.12483 	
0.92464	0         	0.05971 	0.15177 	-0.08832	0.34550 	0.12357 	0.12357 	0.00000 	0.12357 	
0.92564	0         	0.05883 	0.15031 	-0.08779	0.34184 	0.12227 	0.12227 	0.00000 	0.12227 	
0.92664	0         	0.05796 	0.14884 	-0.08718	0.33810 	0.12101 	0.12101 	0.00000 	0.12101 	
0.92763	0         	0.05717 	0.14743 	-0.08653	0.33443 	0.11983 	0.11983 	0.00000 	0.11983 	
0.92863	0         	0.05639 	0.14610 	-0.08596	0.33104 	0.11870 	0.11870 	0.00000 	0.11870 	
0.92963	0         	0.05558 	0.14470 	-0.08537	0.32745 	0.11749 	0.11749 	0.00000 	0.11749 	
0.93063	0         	0.05477 	0.14321 	-0.08470	0.32357 	0.11622 	0.11622 	0.00000 	0.11622 	
0.93163	0         	0.05422 	0.14211 	-0.08402	0.32053 	0.11539 	0.11539 	0.00000 	0.11539 	
0.93263	0         	0.05339 	0.14062 	-0.08340	0.31672 	0.11410 	0.11410 	0.00000 	0.11410 	
0.93363	0         	0.05252 	0.13911 	-0.08278	0.31284 	0.11278 	0.11278 	0.00000 	0.11278 	
0.93462	0         	0.05168 	0.13759 	-0.08218	0.30896 	0.11144 	0.11144 	0.00000 	0.11144 	
0.93562	0         	0.05085 	0.13604 	-0.08152	0.30494 	0.11009 	0.11009 	0.00000 	0.11009 	
0.93662	0         	0.05002 	0.13448 	-0.08082	0.30085 	0.10875 	0.10875 	0.00000 	0.10875 	
0.93762	0         	0.04915 	0.13297 	-0.08035	0.29711 	0.10735 	0.10735 	0.00000 	0.10735 	
0.93862	0         	0.04831 	0.13143 	-0.07975	0.29316 	0.10597 	0.10597 	0.00000 	0.10597 	
0.93962	0         	0.04748 	0.12990 	-0.07922	0.28928 	0.10456 	0.10456 	0.00000 	0.10456 	
0.94062	0         	0.04663 	0.12838 	-0.07866	0.28540 	0.10318 	0.10318 	0.00000 	0.10318 	
0.94161	0         	0.04579 	0.12685 	-0.07821	0.28159 	0.10173 	0.10173 	0.00000 	0.10173 	
0.94261	0         	0.04494 	0.12531 	-0.07769	0.27771 	0.10030 	0.10030 	0.00000 	0.10030 	
0.94361	0         	0.04408 	0.12379 	-0.07730	0.27397 	0.09883 	0.09883 	0.00000 	0.09883 	
0.94461	0         	0.04327 	0.12235 	-0.07696	0.27045 	0.09741 	0.09741 	0.00000 	0.09741 	
0.94561	0         	0.04242 	0.12083 	-0.07658	0.26671 	0.09591 	0.09591 	0.00000 	0.09591 	
0.94661	0         	0.04161 	0.11929 	-0.07611	0.26283 	0.09445 	0.09445 	0.00000 	0.09445 	
0.94760	0         	0.04076 	0.11767 	-0.07552	0.25867 	0.09295 	0.09295 	0.00000 	0.09295 	
0.94860	0         	0.03990 	0.11604 	-0.07492	0.25451 	0.09148 	0.09148 	0.00000 	0.09148 	
0.94960	0         	0.03907 	0.11438 	-0.07427	0.25020 	0.08997 	0.08997 	0.00000 	0.08997 	
0.95060	0         	0.03822 	0.11276 	-0.07378	0.24611 	0.08842 	0.08842 	0.00000 	0.08842 	
0.95160	0         	0.03737 	0.11113 	-0.07330	0.24202 	0.08685 	0.08685 	0.00000 	0.08685 	
0.95260	0         	0.03652 	0.10947 	-0.07275	0.23779 	0.08528 	0.08528 	0.00000 	0.08528 	
0.95360	0         	0.03571 	0.10784 	-0.07222	0.23362 	0.08373 	0.08373 	0.00000 	0.08373 	
0.95459	0         	0.03487 	0.10620 	-0.07170	0.22946 	0.08217 	0.08217 	0.00000 	0.08217 	
0.95559	0         	0.03409 	0.10453 	-0.07113	0.22516 	0.08059 	0.08059 	0.00000 	0.08059 	
0.95659	0         	0.03330 	0.10274 	-0.07030	0.22036 	0.07902 	0.07902 	0.00000 	0.07902 	
0.95759	0         	0.03257 	0.10101 	-0.06954	0.21571 	0.07746 	0.07746 	0.00000 	0.07746 	
0.95859	0         	0.03178 	0.09920 	-0.06876	0.21091 	0.07584 	0.07584 	0.00000 	0.07584 	
0.95959	0         	0.03100 	0.09736 	-0.06785	0.20590 	0.07424 	0.07424 	0.00000 	0.07424 	
0.96059	0         	0.03020 	0.09556 	-0.06704	0.20110 	0.07265 	0.07265 	0.00000 	0.07265 	
0.96158	0         	0.02947 	0.09386 	-0.06625	0.19652 	0.07115 	0.07115 	0.00000 	0.07115 	
0.96258	0         	0.02869 	0.09200 	-0.06538	0.19151 	0.06952 	0.06952 	0.00000 	0.06952 	
0.96358	0         	0.02791 	0.09015 	-0.06458	0.18657 	0.06785 	0.06785 	0.00000 	0.06785 	
0.96458	0         	0.02712 	0.08827 	-0.06370	0.18149 	0.06619 	0.06619 	0.00000 	0.06619 	
0.96558	0         	0.02633 	0.08637 	-0.06280	0.17634 	0.06452 	0.06452 	0.00000 	0.06452 	
0.96658	0         	0.02558 	0.08453 	-0.06201	0.17141 	0.06283 	0.06283 	0.00000 	0.06283 	
0.96758	0         	0.02485 	0.08267 	-0.06118	0.16640 	0.06116 	0.06116 	0.00000 	0.06116 	
0.96857	0         	0.02417 	0.08095 	-0.06039	0.16174 	0.05962 	0.05962 	0.00000 	0.05962 	
0.96957	0         	0.02340 	0.07902 	-0.05951	0.15652 	0.05789 	0.05789 	0.00000 	0.05789 	
0.97057	0         	0.02267 	0.07720 	-0.05868	0.15158 	0.05626 	0.05626 	0.00000 	0.05626 	
0.97157	0         	0.02193 	0.07534 	-0.05787	0.14658 	0.05456 	0.05456 	0.00000 	0.05456 	
0.97257	0         	0.02117 	0.07347 	-0.05718	0.14164 	0.05278 	0.05278 	0.00000 	0.05278 	
0.97357	0         	0.02039 	0.07149 	-0.05628	0.13628 	0.05100 	0.05100 	0.00000 	0.05100 	
0.97456	0         	0.01963 	0.06960 	-0.05566	0.13134 	0.04915 	0.04915 	0.00000 	0.04915 	
0.97556	0         	0.01888 	0.06775 	-0.05500	0.12647 	0.04737 	0.04737 	0.00000 	0.04737 	
0.97656	0         	0.01814 	0.06589 	-0.05442	0.12160 	0.04552 	0.04552 	0.00000 	0.04552 	
0.97756	0         	0.01739 	0.06402 	-0.05385	0.11674 	0.04366 	0.04366 	0.00000 	0.04366 	
0.97856	0         	0.01659 	0.06209 	-0.05324	0.11173 	0.04177 	0.04177 	0.00000 	0.04177 	
0.97956	0         	0.01577 	0.06013 	-0.05263	0.10665 	0.03983 	0.03983 	0.00000 	0.03983 	
0.98056	0         	0.01495 	0.05813 	-0.05200	0.10143 	0.03786 	0.03786 	0.00000 	0.03786 	
0.98155	0         	0.01416 	0.05621 	-0.05148	0.09649 	0.03591 	0.03591 	0.00000 	0.03591 	
0.98255	0         	0.01337 	0.05423 	-0.05098	0.09142 	0.03387 	0.03387 	0.00000 	0.03387 	
0.98355	0         	0.01256 	0.05194 	-0.04959	0.08648 	0.03200 	0.03200 	0.00000 	0.03200 	
0.98455	0         	0.01179 	0.04933 	-0.04720	0.08189 	0.03037 	0.03037 	0.00000 	0.03037 	
0.98555	0         	0.01102 	0.04662 	-0.04469	0.07696 	0.02869 	0.02869 	0.00000 	0.02869 	
0.98655	0         	0.01021 	0.04379 	-0.04194	0.07181 	0.02702 	0.02702 	0.00000 	0.02702 	
0.98755	0         	0.00943 	0.04097 	-0.03914	0.06694 	0.02538 	0.02538 	0.00000 	0.02538 	
0.98854	0         	0.00865 	0.03796 	-0.03603	0.06186 	0.02372 	0.02372 	0.00000 	0.02372 	
0.98954	0         	0.00791 	0.03502 	-0.03308	0.05671 	0.02201 	0.02201 	0.00000 	0.02201 	
0.99054	0         	0.00712 	0.03196 	-0.03002	0.05142 	0.02023 	0.02023 	0.00000 	0.02023 	
0.99154	0         	0.00636 	0.02881 	-0.02677	0.04599 	0.01845 	0.01845 	0.00000 	0.01845 	
0.99254	0         	0.00560 	0.02563 	-0.02350	0.04063 	0.01664 	0.01664 	0.00000 	0.01664 	
0.99354	0         	0.00484 	0.02246 	-0.02043	0.03527 	0.01471 	0.01471 	0.00000 	0.01471 	
0.99454	0         	0.00410 	0.01933 	-0.01754	0.03046 	0.01272 	0.01272 	0.00000 	0.01272 	
0.99553	0         	0.00335 	0.01608 	-0.01456	0.02560 	0.01062 	0.01062 	0.00000 	0.01062 	
0.99653	0         	0.00261 	0.01272 	-0.01145	0.02034 	0.00845 	0.00845 	0.00000 	0.00845 	
0.99753	0         	0.00186 	0.00924 	-0.00820	0.01476 	0.00623 	0.00623 	0.00000 	0.00623 	
0.99853	0         	0.00113 	0.00580 	-0.00518	0.00942 	0.00390 	0.00390 	0.00000 	0.00390 	
0.99953	0         	0.00035 	0.00193 	-0.00169	0.00314 	0.00132 	0.00132 	0.00000 	0.00132 	
1.00000	0         	0.00000 	0.00000 	0.00000 	0.00000 	0.00000 	0.00000 	0.00000 	0.00000 	
