ADMU id: 0: F-lost, TF-cost	min-1 mean-1 wmean-1 max-1	min-2 mean-2 wmean-2 max-2	
0.00001	0         	0.64229 	0.72471 	-0.10725	0.92157 	0.67468 	0.67468 	0.00000 	0.67468 	
0.00101	0         	0.63361 	0.72065 	-0.09915	0.91403 	0.67468 	0.67468 	0.00000 	0.67468 	
0.00201	0         	0.63079 	0.71579 	-0.08978	0.89810 	0.67467 	0.67467 	0.00000 	0.67467 	
0.00301	0         	0.62988 	0.71131 	-0.08141	0.88216 	0.67461 	0.67461 	0.00000 	0.67461 	
0.00400	0         	0.62818 	0.70665 	-0.07271	0.86623 	0.67449 	0.67449 	0.00000 	0.67449 	
0.00500	0         	0.62522 	0.70169 	-0.06344	0.85029 	0.67432 	0.67432 	0.00000 	0.67432 	
0.00600	0         	0.62163 	0.69655 	-0.05387	0.83436 	0.67412 	0.67412 	0.00000 	0.67412 	
0.00700	0         	0.61888 	0.69161 	-0.04477	0.81842 	0.67388 	0.67388 	0.00000 	0.67388 	
0.00800	0         	0.61577 	0.68658 	-0.03552	0.80249 	0.67361 	0.67361 	0.00000 	0.67361 	
0.00900	0         	0.61309 	0.68163 	-0.02652	0.78655 	0.67330 	0.67330 	0.00000 	0.67330 	
0.01000	0         	0.61098 	0.67682 	-0.01784	0.77062 	0.67296 	0.67296 	0.00000 	0.67296 	
0.01099	0         	0.60837 	0.67188 	-0.00895	0.75468 	0.67257 	0.67257 	0.00000 	0.67257 	
0.01199	0         	0.60548 	0.66686 	inf     	0.73875 	0.67214 	0.67214 	0.00000 	0.67214 	
0.01299	0         	0.60386 	0.66214 	inf     	0.72281 	0.67172 	0.67172 	0.00000 	0.67172 	
0.01399	0         	0.60153 	0.65728 	inf     	0.70687 	0.67142 	0.67142 	0.00000 	0.67142 	
0.01499	0         	0.59970 	0.65252 	inf     	0.69094 	0.67100 	0.67100 	0.00000 	0.67100 	
0.01599	0         	0.59850 	0.64788 	inf     	0.67500 	0.67050 	0.67050 	0.00000 	0.67050 	
0.01698	0         	0.59666 	0.64309 	inf     	0.66997 	0.66997 	0.66997 	0.00000 	0.66997 	
0.01798	0         	0.59448 	0.63820 	inf     	0.66940 	0.66940 	0.66940 	0.00000 	0.66940 	
0.01898	0         	0.59215 	0.63327 	inf     	0.66878 	0.66878 	0.66878 	0.00000 	0.66878 	
0.01998	0         	0.59109 	0.62862 	inf     	0.66810 	0.66810 	0.66810 	0.00000 	0.66810 	
0.02098	0         	0.58933 	0.62380 	inf     	0.66734 	0.66734 	0.66734 	0.00000 	0.66734 	
0.02198	0         	0.57939 	0.61905 	inf     	0.66646 	0.66646 	0.66646 	0.00000 	0.66646 	
0.02298	0         	0.56346 	0.61432 	inf     	0.66545 	0.66545 	0.66545 	0.00000 	0.66545 	
0.02397	0         	0.54752 	0.60951 	inf     	0.66426 	0.66426 	0.66426 	0.00000 	0.66426 	
0.02497	0         	0.53159 	0.60449 	inf     	0.66267 	0.66267 	0.66267 	0.00000 	0.66267 	
0.02597	0         	0.51565 	0.59959 	inf     	0.66087 	0.66087 	0.66087 	0.00000 	0.66087 	
0.02697	0         	0.49971 	0.59448 	inf     	0.65896 	0.65896 	0.65896 	0.00000 	0.65896 	
0.02797	0         	0.48880 	0.58981 	inf     	0.65743 	0.65743 	0.65743 	0.00000 	0.65743 	
0.02897	0         	0.48872 	0.58620 	inf     	0.65742 	0.65742 	0.65742 	0.00000 	0.65742 	
0.02997	0         	0.48699 	0.58245 	inf     	0.65732 	0.65732 	0.65732 	0.00000 	0.65732 	
0.03096	0         	0.48330 	0.57829 	inf     	0.65716 	0.65716 	0.65716 	0.00000 	0.65716 	
0.03196	0         	0.47042 	0.57341 	inf     	0.65705 	0.65705 	0.65705 	0.00000 	0.65705 	
0.03296	0         	0.46571 	0.56919 	inf     	0.65682 	0.65682 	0.65682 	0.00000 	0.65682 	
0.03396	0         	0.46108 	0.56519 	inf     	0.65637 	0.65637 	0.65637 	0.00000 	0.65637 	
0.03496	0         	0.46108 	0.56131 	inf     	0.65538 	0.65538 	0.65538 	0.00000 	0.65538 	
0.03596	0         	0.46108 	0.56003 	inf     	0.65487 	0.65487 	0.65487 	0.00000 	0.65487 	
0.03696	0         	0.46108 	0.55965 	inf     	0.65486 	0.65486 	0.65486 	0.00000 	0.65486 	
0.03795	0         	0.45684 	0.55812 	inf     	0.65471 	0.65471 	0.65471 	0.00000 	0.65471 	
0.03895	0         	0.45668 	0.55761 	inf     	0.65469 	0.65469 	0.65469 	0.00000 	0.65469 	
0.03995	0         	0.45652 	0.55714 	inf     	0.65466 	0.65466 	0.65466 	0.00000 	0.65466 	
0.04095	0         	0.45652 	0.55686 	inf     	0.65464 	0.65464 	0.65464 	0.00000 	0.65464 	
0.04195	0         	0.45652 	0.55660 	inf     	0.65464 	0.65464 	0.65464 	0.00000 	0.65464 	
0.04295	0         	0.45652 	0.55615 	inf     	0.65463 	0.65463 	0.65463 	0.00000 	0.65463 	
0.04394	0         	0.45645 	0.55581 	inf     	0.65462 	0.65462 	0.65462 	0.00000 	0.65462 	
0.04494	0         	0.45645 	0.55544 	inf     	0.65461 	0.65461 	0.65461 	0.00000 	0.65461 	
0.04594	0         	0.45590 	0.55488 	inf     	0.65459 	0.65459 	0.65459 	0.00000 	0.65459 	
0.04694	0         	0.45590 	0.55449 	inf     	0.65457 	0.65457 	0.65457 	0.00000 	0.65457 	
0.04794	0         	0.45590 	0.55415 	inf     	0.65454 	0.65454 	0.65454 	0.00000 	0.65454 	
0.04894	0         	0.45590 	0.55379 	inf     	0.65452 	0.65452 	0.65452 	0.00000 	0.65452 	
0.04994	0         	0.45456 	0.55293 	inf     	0.65447 	0.65447 	0.65447 	0.00000 	0.65447 	
0.05093	0         	0.45432 	0.55250 	inf     	0.65444 	0.65444 	0.65444 	0.00000 	0.65444 	
0.05193	0         	0.45432 	0.55219 	inf     	0.65440 	0.65440 	0.65440 	0.00000 	0.65440 	
0.05293	0         	0.45425 	0.55183 	inf     	0.65435 	0.65435 	0.65435 	0.00000 	0.65435 	
0.05393	0         	0.45401 	0.55138 	inf     	0.65430 	0.65430 	0.65430 	0.00000 	0.65430 	
0.05493	0         	0.45393 	0.55100 	inf     	0.65426 	0.65426 	0.65426 	0.00000 	0.65426 	
0.05593	0         	0.45393 	0.55067 	inf     	0.65420 	0.65420 	0.65420 	0.00000 	0.65420 	
0.05693	0         	0.45385 	0.55022 	inf     	0.65414 	0.65414 	0.65414 	0.00000 	0.65414 	
0.05792	0         	0.45362 	0.54977 	inf     	0.65408 	0.65408 	0.65408 	0.00000 	0.65408 	
0.05892	0         	0.45354 	0.54916 	inf     	0.65401 	0.65401 	0.65401 	0.00000 	0.65401 	
0.05992	0         	0.45354 	0.54874 	inf     	0.65394 	0.65394 	0.65394 	0.00000 	0.65394 	
0.06092	0         	0.45283 	0.54809 	inf     	0.65387 	0.65387 	0.65387 	0.00000 	0.65387 	
0.06192	0         	0.45283 	0.54780 	inf     	0.65380 	0.65380 	0.65380 	0.00000 	0.65380 	
0.06292	0         	0.45268 	0.54735 	inf     	0.65372 	0.65372 	0.65372 	0.00000 	0.65372 	
0.06392	0         	0.45165 	0.54665 	inf     	0.65365 	0.65365 	0.65365 	0.00000 	0.65365 	
0.06491	0         	0.45071 	0.54586 	inf     	0.65356 	0.65356 	0.65356 	0.00000 	0.65356 	
0.06591	0         	0.45056 	0.54545 	inf     	0.65348 	0.65348 	0.65348 	0.00000 	0.65348 	
0.06691	0         	0.45048 	0.54510 	inf     	0.65339 	0.65339 	0.65339 	0.00000 	0.65339 	
0.06791	0         	0.45024 	0.54460 	inf     	0.65331 	0.65331 	0.65331 	0.00000 	0.65331 	
0.06891	0         	0.45008 	0.54406 	inf     	0.65322 	0.65322 	0.65322 	0.00000 	0.65322 	
0.06991	0         	0.44938 	0.54340 	inf     	0.65313 	0.65313 	0.65313 	0.00000 	0.65313 	
0.07090	0         	0.44938 	0.54298 	inf     	0.65303 	0.65303 	0.65303 	0.00000 	0.65303 	
0.07190	0         	0.44930 	0.54260 	inf     	0.65293 	0.65293 	0.65293 	0.00000 	0.65293 	
0.07290	0         	0.44859 	0.54185 	inf     	0.65283 	0.65283 	0.65283 	0.00000 	0.65283 	
0.07390	0         	0.44851 	0.54142 	inf     	0.65273 	0.65273 	0.65273 	0.00000 	0.65273 	
0.07490	0         	0.44844 	0.54099 	inf     	0.65263 	0.65263 	0.65263 	0.00000 	0.65263 	
0.07590	0         	0.44812 	0.54058 	inf     	0.65252 	0.65252 	0.65252 	0.00000 	0.65252 	
0.07690	0         	0.44804 	0.54022 	inf     	0.65241 	0.65241 	0.65241 	0.00000 	0.65241 	
0.07789	0         	0.43611 	0.53687 	inf     	0.65230 	0.65230 	0.65230 	0.00000 	0.65230 	
0.07889	0         	0.43611 	0.53653 	inf     	0.65219 	0.65219 	0.65219 	0.00000 	0.65219 	
0.07989	0         	0.43579 	0.53603 	inf     	0.65207 	0.65207 	0.65207 	0.00000 	0.65207 	
0.08089	0         	0.43571 	0.53559 	inf     	0.65195 	0.65195 	0.65195 	0.00000 	0.65195 	
0.08189	0         	0.43524 	0.53513 	inf     	0.65181 	0.65181 	0.65181 	0.00000 	0.65181 	
0.08289	0         	0.43524 	0.53461 	inf     	0.65168 	0.65168 	0.65168 	0.00000 	0.65168 	
0.08389	0         	0.43524 	0.53422 	inf     	0.65153 	0.65153 	0.65153 	0.00000 	0.65153 	
0.08488	0         	0.43485 	0.53362 	inf     	0.65139 	0.65139 	0.65139 	0.00000 	0.65139 	
0.08588	0         	0.43485 	0.53315 	inf     	0.65123 	0.65123 	0.65123 	0.00000 	0.65123 	
0.08688	0         	0.43485 	0.53280 	inf     	0.65107 	0.65107 	0.65107 	0.00000 	0.65107 	
0.08788	0         	0.43226 	0.53139 	inf     	0.65089 	0.65089 	0.65089 	0.00000 	0.65089 	
0.08888	0         	0.43226 	0.53066 	inf     	0.65072 	0.65072 	0.65072 	0.00000 	0.65072 	
0.08988	0         	0.43226 	0.53016 	inf     	0.65055 	0.65055 	0.65055 	0.00000 	0.65055 	
0.09088	0         	0.43226 	0.52976 	inf     	0.65037 	0.65037 	0.65037 	0.00000 	0.65037 	
0.09187	0         	0.43218 	0.52933 	inf     	0.65019 	0.65019 	0.65019 	0.00000 	0.65019 	
0.09287	0         	0.43218 	0.52886 	inf     	0.64999 	0.64999 	0.64999 	0.00000 	0.64999 	
0.09387	0         	0.43218 	0.52855 	inf     	0.64980 	0.64980 	0.64980 	0.00000 	0.64980 	
0.09487	0         	0.43218 	0.52808 	inf     	0.64959 	0.64959 	0.64959 	0.00000 	0.64959 	
0.09587	0         	0.43163 	0.52755 	inf     	0.64939 	0.64939 	0.64939 	0.00000 	0.64939 	
0.09687	0         	0.43139 	0.52680 	inf     	0.64917 	0.64917 	0.64917 	0.00000 	0.64917 	
0.09786	0         	0.43139 	0.52632 	inf     	0.64895 	0.64895 	0.64895 	0.00000 	0.64895 	
0.09886	0         	0.43139 	0.52567 	inf     	0.64873 	0.64873 	0.64873 	0.00000 	0.64873 	
0.09986	0         	0.43132 	0.52499 	inf     	0.64850 	0.64850 	0.64850 	0.00000 	0.64850 	
0.10086	0         	0.43132 	0.52451 	inf     	0.64827 	0.64827 	0.64827 	0.00000 	0.64827 	
0.10186	0         	0.42872 	0.52327 	inf     	0.64801 	0.64801 	0.64801 	0.00000 	0.64801 	
0.10286	0         	0.42841 	0.52272 	inf     	0.64777 	0.64777 	0.64777 	0.00000 	0.64777 	
0.10386	0         	0.42833 	0.52214 	inf     	0.64752 	0.64752 	0.64752 	0.00000 	0.64752 	
0.10485	0         	0.42833 	0.52174 	inf     	0.64728 	0.64728 	0.64728 	0.00000 	0.64728 	
0.10585	0         	0.42817 	0.52127 	inf     	0.64703 	0.64703 	0.64703 	0.00000 	0.64703 	
0.10685	0         	0.42817 	0.52086 	inf     	0.64677 	0.64677 	0.64677 	0.00000 	0.64677 	
0.10785	0         	0.42817 	0.52050 	inf     	0.64652 	0.64652 	0.64652 	0.00000 	0.64652 	
0.10885	0         	0.42810 	0.52002 	inf     	0.64626 	0.64626 	0.64626 	0.00000 	0.64626 	
0.10985	0         	0.42283 	0.51803 	inf     	0.64597 	0.64597 	0.64597 	0.00000 	0.64597 	
0.11085	0         	0.42283 	0.51764 	inf     	0.64570 	0.64570 	0.64570 	0.00000 	0.64570 	
0.11184	0         	0.42064 	0.51658 	inf     	0.64542 	0.64542 	0.64542 	0.00000 	0.64542 	
0.11284	0         	0.41514 	0.51458 	inf     	0.64511 	0.64511 	0.64511 	0.00000 	0.64511 	
0.11384	0         	0.41514 	0.51415 	inf     	0.64483 	0.64483 	0.64483 	0.00000 	0.64483 	
0.11484	0         	0.41514 	0.51366 	inf     	0.64455 	0.64455 	0.64455 	0.00000 	0.64455 	
0.11584	0         	0.41514 	0.51328 	inf     	0.64426 	0.64426 	0.64426 	0.00000 	0.64426 	
0.11684	0         	0.41514 	0.51280 	inf     	0.64397 	0.64397 	0.64397 	0.00000 	0.64397 	
0.11784	0         	0.41514 	0.51234 	inf     	0.64368 	0.64368 	0.64368 	0.00000 	0.64368 	
0.11883	0         	0.40281 	0.50879 	inf     	0.64359 	0.64359 	0.64359 	0.00000 	0.64359 	
0.11983	0         	0.38687 	0.50445 	inf     	0.64356 	0.64356 	0.64356 	0.00000 	0.64356 	
0.12083	0         	0.37093 	0.50010 	inf     	0.64347 	0.64347 	0.64347 	0.00000 	0.64347 	
0.12183	0         	0.35499 	0.49569 	inf     	0.64330 	0.64330 	0.64330 	0.00000 	0.64330 	
0.12283	0         	0.35169 	0.49445 	inf     	0.64322 	0.64322 	0.64322 	0.00000 	0.64322 	
0.12383	0         	0.35161 	0.49391 	inf     	0.64297 	0.64297 	0.64297 	0.00000 	0.64297 	
0.12482	0         	0.35153 	0.49342 	inf     	0.64267 	0.64267 	0.64267 	0.00000 	0.64267 	
0.12582	0         	0.35153 	0.49296 	inf     	0.64237 	0.64237 	0.64237 	0.00000 	0.64237 	
0.12682	0         	0.35153 	0.49238 	inf     	0.64207 	0.64207 	0.64207 	0.00000 	0.64207 	
0.12782	0         	0.35153 	0.49197 	inf     	0.64175 	0.64175 	0.64175 	0.00000 	0.64175 	
0.12882	0         	0.35153 	0.49155 	inf     	0.64144 	0.64144 	0.64144 	0.00000 	0.64144 	
0.12982	0         	0.35145 	0.49098 	inf     	0.64112 	0.64112 	0.64112 	0.00000 	0.64112 	
0.13082	0         	0.35129 	0.49037 	inf     	0.64080 	0.64080 	0.64080 	0.00000 	0.64080 	
0.13181	0         	0.35106 	0.48981 	inf     	0.64047 	0.64047 	0.64047 	0.00000 	0.64047 	
0.13281	0         	0.34972 	0.48841 	inf     	0.64013 	0.64013 	0.64013 	0.00000 	0.64013 	
0.13381	0         	0.34972 	0.48791 	inf     	0.63980 	0.63980 	0.63980 	0.00000 	0.63980 	
0.13481	0         	0.34902 	0.48687 	inf     	0.63944 	0.63944 	0.63944 	0.00000 	0.63944 	
0.13581	0         	0.34902 	0.48643 	inf     	0.63910 	0.63910 	0.63910 	0.00000 	0.63910 	
0.13681	0         	0.34862 	0.48571 	inf     	0.63876 	0.63876 	0.63876 	0.00000 	0.63876 	
0.13781	0         	0.34862 	0.48526 	inf     	0.63842 	0.63842 	0.63842 	0.00000 	0.63842 	
0.13880	0         	0.34839 	0.48457 	inf     	0.63806 	0.63806 	0.63806 	0.00000 	0.63806 	
0.13980	0         	0.34839 	0.48405 	inf     	0.63771 	0.63771 	0.63771 	0.00000 	0.63771 	
0.14080	0         	0.34839 	0.48347 	inf     	0.63736 	0.63736 	0.63736 	0.00000 	0.63736 	
0.14180	0         	0.34839 	0.48308 	inf     	0.63700 	0.63700 	0.63700 	0.00000 	0.63700 	
0.14280	0         	0.34839 	0.48264 	inf     	0.63684 	0.63684 	0.63684 	0.00000 	0.63684 	
0.14380	0         	0.34839 	0.48208 	inf     	0.63671 	0.63671 	0.63671 	0.00000 	0.63671 	
0.14480	0         	0.34839 	0.48162 	inf     	0.63650 	0.63650 	0.63650 	0.00000 	0.63650 	
0.14579	0         	0.34839 	0.48060 	inf     	0.63615 	0.63615 	0.63615 	0.00000 	0.63615 	
0.14679	0         	0.34705 	0.47970 	inf     	0.63578 	0.63578 	0.63578 	0.00000 	0.63578 	
0.14779	0         	0.34705 	0.47920 	inf     	0.63542 	0.63542 	0.63542 	0.00000 	0.63542 	
0.14879	0         	0.34705 	0.47868 	inf     	0.63504 	0.63504 	0.63504 	0.00000 	0.63504 	
0.14979	0         	0.34705 	0.47817 	inf     	0.63467 	0.63467 	0.63467 	0.00000 	0.63467 	
0.15079	0         	0.34705 	0.47769 	inf     	0.63429 	0.63429 	0.63429 	0.00000 	0.63429 	
0.15178	0         	0.34007 	0.47523 	inf     	0.63385 	0.63385 	0.63385 	0.00000 	0.63385 	
0.15278	0         	0.34007 	0.47458 	inf     	0.63347 	0.63347 	0.63347 	0.00000 	0.63347 	
0.15378	0         	0.33425 	0.47252 	inf     	0.63302 	0.63302 	0.63302 	0.00000 	0.63302 	
0.15478	0         	0.32295 	0.46874 	inf     	0.63236 	0.63236 	0.63236 	0.00000 	0.63236 	
0.15578	0         	0.32295 	0.46817 	inf     	0.63198 	0.63198 	0.63198 	0.00000 	0.63198 	
0.15678	0         	0.32295 	0.46767 	inf     	0.63159 	0.63159 	0.63159 	0.00000 	0.63159 	
0.15778	0         	0.32295 	0.46713 	inf     	0.63120 	0.63120 	0.63120 	0.00000 	0.63120 	
0.15877	0         	0.32295 	0.46657 	inf     	0.63080 	0.63080 	0.63080 	0.00000 	0.63080 	
0.15977	0         	0.32295 	0.46576 	inf     	0.63040 	0.63040 	0.63040 	0.00000 	0.63040 	
0.16077	0         	0.32295 	0.46455 	inf     	0.62998 	0.62998 	0.62998 	0.00000 	0.62998 	
0.16177	0         	0.32295 	0.46412 	inf     	0.62959 	0.62959 	0.62959 	0.00000 	0.62959 	
0.16277	0         	0.32295 	0.46365 	inf     	0.62918 	0.62918 	0.62918 	0.00000 	0.62918 	
0.16377	0         	0.32295 	0.46291 	inf     	0.62878 	0.62878 	0.62878 	0.00000 	0.62878 	
0.16477	0         	0.32295 	0.46229 	inf     	0.62836 	0.62836 	0.62836 	0.00000 	0.62836 	
0.16576	0         	0.32295 	0.46181 	inf     	0.62795 	0.62795 	0.62795 	0.00000 	0.62795 	
0.16676	0         	0.32295 	0.46124 	inf     	0.62754 	0.62754 	0.62754 	0.00000 	0.62754 	
0.16776	0         	0.32295 	0.46065 	inf     	0.62712 	0.62712 	0.62712 	0.00000 	0.62712 	
0.16876	0         	0.32255 	0.45998 	inf     	0.62669 	0.62669 	0.62669 	0.00000 	0.62669 	
0.16976	0         	0.32240 	0.45947 	inf     	0.62627 	0.62627 	0.62627 	0.00000 	0.62627 	
0.17076	0         	0.32240 	0.45902 	inf     	0.62585 	0.62585 	0.62585 	0.00000 	0.62585 	
0.17176	0         	0.31556 	0.45654 	inf     	0.62535 	0.62535 	0.62535 	0.00000 	0.62535 	
0.17275	0         	0.31556 	0.45611 	inf     	0.62491 	0.62491 	0.62491 	0.00000 	0.62491 	
0.17375	0         	0.31556 	0.45561 	inf     	0.62448 	0.62448 	0.62448 	0.00000 	0.62448 	
0.17475	0         	0.31517 	0.45501 	inf     	0.62405 	0.62405 	0.62405 	0.00000 	0.62405 	
0.17575	0         	0.31517 	0.45416 	inf     	0.62360 	0.62360 	0.62360 	0.00000 	0.62360 	
0.17675	0         	0.31109 	0.45229 	inf     	0.62307 	0.62307 	0.62307 	0.00000 	0.62307 	
0.17775	0         	0.29813 	0.44815 	inf     	0.62213 	0.62213 	0.62213 	0.00000 	0.62213 	
0.17874	0         	0.29813 	0.44761 	inf     	0.62168 	0.62168 	0.62168 	0.00000 	0.62168 	
0.17974	0         	0.29766 	0.44689 	inf     	0.62123 	0.62123 	0.62123 	0.00000 	0.62123 	
0.18074	0         	0.29766 	0.44638 	inf     	0.62078 	0.62078 	0.62078 	0.00000 	0.62078 	
0.18174	0         	0.29766 	0.44580 	inf     	0.62033 	0.62033 	0.62033 	0.00000 	0.62033 	
0.18274	0         	0.29742 	0.44504 	inf     	0.61987 	0.61987 	0.61987 	0.00000 	0.61987 	
0.18374	0         	0.29742 	0.44457 	inf     	0.61941 	0.61941 	0.61941 	0.00000 	0.61941 	
0.18474	0         	0.29735 	0.44407 	inf     	0.61894 	0.61894 	0.61894 	0.00000 	0.61894 	
0.18573	0         	0.29735 	0.44360 	inf     	0.61848 	0.61848 	0.61848 	0.00000 	0.61848 	
0.18673	0         	0.29358 	0.44209 	inf     	0.61796 	0.61796 	0.61796 	0.00000 	0.61796 	
0.18773	0         	0.29358 	0.44160 	inf     	0.61748 	0.61748 	0.61748 	0.00000 	0.61748 	
0.18873	0         	0.29358 	0.44110 	inf     	0.61701 	0.61701 	0.61701 	0.00000 	0.61701 	
0.18973	0         	0.29358 	0.44064 	inf     	0.61654 	0.61654 	0.61654 	0.00000 	0.61654 	
0.19073	0         	0.29358 	0.43995 	inf     	0.61605 	0.61605 	0.61605 	0.00000 	0.61605 	
0.19173	0         	0.29350 	0.43940 	inf     	0.61557 	0.61557 	0.61557 	0.00000 	0.61557 	
0.19272	0         	0.29342 	0.43888 	inf     	0.61509 	0.61509 	0.61509 	0.00000 	0.61509 	
0.19372	0         	0.29303 	0.43823 	inf     	0.61460 	0.61460 	0.61460 	0.00000 	0.61460 	
0.19472	0         	0.29303 	0.43765 	inf     	0.61410 	0.61410 	0.61410 	0.00000 	0.61410 	
0.19572	0         	0.29295 	0.43701 	inf     	0.61360 	0.61360 	0.61360 	0.00000 	0.61360 	
0.19672	0         	0.28981 	0.43521 	inf     	0.61300 	0.61300 	0.61300 	0.00000 	0.61300 	
0.19772	0         	0.28965 	0.43473 	inf     	0.61250 	0.61250 	0.61250 	0.00000 	0.61250 	
0.19872	0         	0.28965 	0.43397 	inf     	0.61200 	0.61200 	0.61200 	0.00000 	0.61200 	
0.19971	0         	0.28965 	0.43329 	inf     	0.61149 	0.61149 	0.61149 	0.00000 	0.61149 	
0.20071	0         	0.28965 	0.43273 	inf     	0.61098 	0.61098 	0.61098 	0.00000 	0.61098 	
0.20171	0         	0.28965 	0.43224 	inf     	0.61047 	0.61047 	0.61047 	0.00000 	0.61047 	
0.20271	0         	0.28910 	0.43153 	inf     	0.60995 	0.60995 	0.60995 	0.00000 	0.60995 	
0.20371	0         	0.28894 	0.42979 	inf     	0.60940 	0.60940 	0.60940 	0.00000 	0.60940 	
0.20471	0         	0.28894 	0.42922 	inf     	0.60888 	0.60888 	0.60888 	0.00000 	0.60888 	
0.20570	0         	0.28886 	0.42867 	inf     	0.60836 	0.60836 	0.60836 	0.00000 	0.60836 	
0.20670	0         	0.28839 	0.42808 	inf     	0.60783 	0.60783 	0.60783 	0.00000 	0.60783 	
0.20770	0         	0.28761 	0.42730 	inf     	0.60730 	0.60730 	0.60730 	0.00000 	0.60730 	
0.20870	0         	0.28690 	0.42656 	inf     	0.60676 	0.60676 	0.60676 	0.00000 	0.60676 	
0.20970	0         	0.28690 	0.42601 	inf     	0.60622 	0.60622 	0.60622 	0.00000 	0.60622 	
0.21070	0         	0.28635 	0.42527 	inf     	0.60568 	0.60568 	0.60568 	0.00000 	0.60568 	
0.21170	0         	0.28635 	0.42471 	inf     	0.60516 	0.60516 	0.60516 	0.00000 	0.60516 	
0.21269	0         	0.28635 	0.42428 	inf     	0.60461 	0.60461 	0.60461 	0.00000 	0.60461 	
0.21369	0         	0.28619 	0.42365 	inf     	0.60406 	0.60406 	0.60406 	0.00000 	0.60406 	
0.21469	0         	0.28070 	0.42176 	inf     	0.60338 	0.60338 	0.60338 	0.00000 	0.60338 	
0.21569	0         	0.28023 	0.42090 	inf     	0.60279 	0.60279 	0.60279 	0.00000 	0.60279 	
0.21669	0         	0.28023 	0.42046 	inf     	0.60225 	0.60225 	0.60225 	0.00000 	0.60225 	
0.21769	0         	0.28023 	0.42001 	inf     	0.60169 	0.60169 	0.60169 	0.00000 	0.60169 	
0.21869	0         	0.27897 	0.41918 	inf     	0.60113 	0.60113 	0.60113 	0.00000 	0.60113 	
0.21968	0         	0.27897 	0.41863 	inf     	0.60057 	0.60057 	0.60057 	0.00000 	0.60057 	
0.22068	0         	0.27889 	0.41810 	inf     	0.60000 	0.60000 	0.60000 	0.00000 	0.60000 	
0.22168	0         	0.27850 	0.41743 	inf     	0.59942 	0.59942 	0.59942 	0.00000 	0.59942 	
0.22268	0         	0.26256 	0.41239 	inf     	0.59823 	0.59823 	0.59823 	0.00000 	0.59823 	
0.22368	0         	0.26052 	0.41125 	inf     	0.59756 	0.59756 	0.59756 	0.00000 	0.59756 	
0.22468	0         	0.26052 	0.41064 	inf     	0.59698 	0.59698 	0.59698 	0.00000 	0.59698 	
0.22568	0         	0.26052 	0.41015 	inf     	0.59640 	0.59640 	0.59640 	0.00000 	0.59640 	
0.22667	0         	0.26052 	0.40952 	inf     	0.59582 	0.59582 	0.59582 	0.00000 	0.59582 	
0.22767	0         	0.26052 	0.40881 	inf     	0.59523 	0.59523 	0.59523 	0.00000 	0.59523 	
0.22867	0         	0.26052 	0.40818 	inf     	0.59464 	0.59464 	0.59464 	0.00000 	0.59464 	
0.22967	0         	0.26052 	0.40768 	inf     	0.59405 	0.59405 	0.59405 	0.00000 	0.59405 	
0.23067	0         	0.26052 	0.40719 	inf     	0.59345 	0.59345 	0.59345 	0.00000 	0.59345 	
0.23167	0         	0.26052 	0.40657 	inf     	0.59286 	0.59286 	0.59286 	0.00000 	0.59286 	
0.23266	0         	0.26012 	0.40583 	inf     	0.59224 	0.59224 	0.59224 	0.00000 	0.59224 	
0.23366	0         	0.25997 	0.40512 	inf     	0.59163 	0.59163 	0.59163 	0.00000 	0.59163 	
0.23466	0         	0.25989 	0.40444 	inf     	0.59103 	0.59103 	0.59103 	0.00000 	0.59103 	
0.23566	0         	0.25989 	0.40391 	inf     	0.59042 	0.59042 	0.59042 	0.00000 	0.59042 	
0.23666	0         	0.25989 	0.40331 	inf     	0.58980 	0.58980 	0.58980 	0.00000 	0.58980 	
0.23766	0         	0.25785 	0.40189 	inf     	0.58916 	0.58916 	0.58916 	0.00000 	0.58916 	
0.23866	0         	0.25777 	0.40131 	inf     	0.58854 	0.58854 	0.58854 	0.00000 	0.58854 	
0.23965	0         	0.25761 	0.40064 	inf     	0.58791 	0.58791 	0.58791 	0.00000 	0.58791 	
0.24065	0         	0.25643 	0.39964 	inf     	0.58726 	0.58726 	0.58726 	0.00000 	0.58726 	
0.24165	0         	0.25643 	0.39910 	inf     	0.58663 	0.58663 	0.58663 	0.00000 	0.58663 	
0.24265	0         	0.25643 	0.39854 	inf     	0.58601 	0.58601 	0.58601 	0.00000 	0.58601 	
0.24365	0         	0.25643 	0.39799 	inf     	0.58537 	0.58537 	0.58537 	0.00000 	0.58537 	
0.24465	0         	0.25612 	0.39732 	inf     	0.58472 	0.58472 	0.58472 	0.00000 	0.58472 	
0.24565	0         	0.25557 	0.39655 	inf     	0.58408 	0.58408 	0.58408 	0.00000 	0.58408 	
0.24664	0         	0.25557 	0.39580 	inf     	0.58343 	0.58343 	0.58343 	0.00000 	0.58343 	
0.24764	0         	0.25557 	0.39527 	inf     	0.58278 	0.58278 	0.58278 	0.00000 	0.58278 	
0.24864	0         	0.25549 	0.39469 	inf     	0.58213 	0.58213 	0.58213 	0.00000 	0.58213 	
0.24964	0         	0.25525 	0.39401 	inf     	0.58146 	0.58146 	0.58146 	0.00000 	0.58146 	
0.25064	0         	0.25525 	0.39342 	inf     	0.58080 	0.58080 	0.58080 	0.00000 	0.58080 	
0.25164	0         	0.25525 	0.39285 	inf     	0.58013 	0.58013 	0.58013 	0.00000 	0.58013 	
0.25264	0         	0.25156 	0.39132 	inf     	0.57946 	0.57946 	0.57946 	0.00000 	0.57946 	
0.25363	0         	0.25156 	0.39081 	inf     	0.57879 	0.57879 	0.57879 	0.00000 	0.57879 	
0.25463	0         	0.25156 	0.39017 	inf     	0.57811 	0.57811 	0.57811 	0.00000 	0.57811 	
0.25563	0         	0.25156 	0.38957 	inf     	0.57743 	0.57743 	0.57743 	0.00000 	0.57743 	
0.25663	0         	0.25148 	0.38898 	inf     	0.57675 	0.57675 	0.57675 	0.00000 	0.57675 	
0.25763	0         	0.25148 	0.38843 	inf     	0.57606 	0.57606 	0.57606 	0.00000 	0.57606 	
0.25863	0         	0.25148 	0.38771 	inf     	0.57540 	0.57540 	0.57540 	0.00000 	0.57540 	
0.25962	0         	0.25148 	0.38708 	inf     	0.57471 	0.57471 	0.57471 	0.00000 	0.57471 	
0.26062	0         	0.25148 	0.38646 	inf     	0.57402 	0.57402 	0.57402 	0.00000 	0.57402 	
0.26162	0         	0.25141 	0.38565 	inf     	0.57331 	0.57331 	0.57331 	0.00000 	0.57331 	
0.26262	0         	0.25141 	0.38492 	inf     	0.57261 	0.57261 	0.57261 	0.00000 	0.57261 	
0.26362	0         	0.25133 	0.38423 	inf     	0.57190 	0.57190 	0.57190 	0.00000 	0.57190 	
0.26462	0         	0.25133 	0.38375 	inf     	0.57120 	0.57120 	0.57120 	0.00000 	0.57120 	
0.26562	0         	0.25133 	0.38314 	inf     	0.57048 	0.57048 	0.57048 	0.00000 	0.57048 	
0.26661	0         	0.25133 	0.38265 	inf     	0.56977 	0.56977 	0.56977 	0.00000 	0.56977 	
0.26761	0         	0.25133 	0.38203 	inf     	0.56905 	0.56905 	0.56905 	0.00000 	0.56905 	
0.26861	0         	0.25133 	0.38144 	inf     	0.56833 	0.56833 	0.56833 	0.00000 	0.56833 	
0.26961	0         	0.25062 	0.38065 	inf     	0.56760 	0.56760 	0.56760 	0.00000 	0.56760 	
0.27061	0         	0.25062 	0.38007 	inf     	0.56687 	0.56687 	0.56687 	0.00000 	0.56687 	
0.27161	0         	0.25062 	0.37958 	inf     	0.56614 	0.56614 	0.56614 	0.00000 	0.56614 	
0.27261	0         	0.25054 	0.37889 	inf     	0.56540 	0.56540 	0.56540 	0.00000 	0.56540 	
0.27360	0         	0.25038 	0.37826 	inf     	0.56466 	0.56466 	0.56466 	0.00000 	0.56466 	
0.27460	0         	0.24984 	0.37751 	inf     	0.56392 	0.56392 	0.56392 	0.00000 	0.56392 	
0.27560	0         	0.24984 	0.37657 	inf     	0.56317 	0.56317 	0.56317 	0.00000 	0.56317 	
0.27660	0         	0.24889 	0.37567 	inf     	0.56242 	0.56242 	0.56242 	0.00000 	0.56242 	
0.27760	0         	0.24889 	0.37507 	inf     	0.56167 	0.56167 	0.56167 	0.00000 	0.56167 	
0.27860	0         	0.24889 	0.37434 	inf     	0.56091 	0.56091 	0.56091 	0.00000 	0.56091 	
0.27960	0         	0.24889 	0.37372 	inf     	0.56016 	0.56016 	0.56016 	0.00000 	0.56016 	
0.28059	0         	0.24881 	0.37309 	inf     	0.55940 	0.55940 	0.55940 	0.00000 	0.55940 	
0.28159	0         	0.23759 	0.36952 	inf     	0.55844 	0.55844 	0.55844 	0.00000 	0.55844 	
0.28259	0         	0.22864 	0.36668 	inf     	0.55743 	0.55743 	0.55743 	0.00000 	0.55743 	
0.28359	0         	0.22840 	0.36603 	inf     	0.55667 	0.55667 	0.55667 	0.00000 	0.55667 	
0.28459	0         	0.22840 	0.36547 	inf     	0.55590 	0.55590 	0.55590 	0.00000 	0.55590 	
0.28559	0         	0.22746 	0.36464 	inf     	0.55513 	0.55513 	0.55513 	0.00000 	0.55513 	
0.28658	0         	0.22683 	0.36390 	inf     	0.55438 	0.55438 	0.55438 	0.00000 	0.55438 	
0.28758	0         	0.22683 	0.36321 	inf     	0.55361 	0.55361 	0.55361 	0.00000 	0.55361 	
0.28858	0         	0.22652 	0.36248 	inf     	0.55283 	0.55283 	0.55283 	0.00000 	0.55283 	
0.28958	0         	0.22652 	0.36183 	inf     	0.55205 	0.55205 	0.55205 	0.00000 	0.55205 	
0.29058	0         	0.22479 	0.35985 	inf     	0.55119 	0.55119 	0.55119 	0.00000 	0.55119 	
0.29158	0         	0.22479 	0.35924 	inf     	0.55040 	0.55040 	0.55040 	0.00000 	0.55040 	
0.29258	0         	0.22377 	0.35827 	inf     	0.54960 	0.54960 	0.54960 	0.00000 	0.54960 	
0.29357	0         	0.22102 	0.35700 	inf     	0.54879 	0.54879 	0.54879 	0.00000 	0.54879 	
0.29457	0         	0.22102 	0.35647 	inf     	0.54801 	0.54801 	0.54801 	0.00000 	0.54801 	
0.29557	0         	0.21631 	0.35456 	inf     	0.54714 	0.54714 	0.54714 	0.00000 	0.54714 	
0.29657	0         	0.21631 	0.35401 	inf     	0.54634 	0.54634 	0.54634 	0.00000 	0.54634 	
0.29757	0         	0.21584 	0.35332 	inf     	0.54553 	0.54553 	0.54553 	0.00000 	0.54553 	
0.29857	0         	0.21584 	0.35266 	inf     	0.54473 	0.54473 	0.54473 	0.00000 	0.54473 	
0.29957	0         	0.21584 	0.35191 	inf     	0.54392 	0.54392 	0.54392 	0.00000 	0.54392 	
0.30056	0         	0.21576 	0.35104 	inf     	0.54310 	0.54310 	0.54310 	0.00000 	0.54310 	
0.30156	0         	0.21568 	0.35005 	inf     	0.54227 	0.54227 	0.54227 	0.00000 	0.54227 	
0.30256	0         	0.21537 	0.34927 	inf     	0.54145 	0.54145 	0.54145 	0.00000 	0.54145 	
0.30356	0         	0.21537 	0.34860 	inf     	0.54063 	0.54063 	0.54063 	0.00000 	0.54063 	
0.30456	0         	0.21537 	0.34790 	inf     	0.53981 	0.53981 	0.53981 	0.00000 	0.53981 	
0.30556	0         	0.21537 	0.34720 	inf     	0.53899 	0.53899 	0.53899 	0.00000 	0.53899 	
0.30656	0         	0.21537 	0.34658 	inf     	0.53818 	0.53818 	0.53818 	0.00000 	0.53818 	
0.30755	0         	0.21537 	0.34592 	inf     	0.53735 	0.53735 	0.53735 	0.00000 	0.53735 	
0.30855	0         	0.21537 	0.34516 	inf     	0.53652 	0.53652 	0.53652 	0.00000 	0.53652 	
0.30955	0         	0.21513 	0.34453 	inf     	0.53568 	0.53568 	0.53568 	0.00000 	0.53568 	
0.31055	0         	0.21372 	0.34351 	inf     	0.53484 	0.53484 	0.53484 	0.00000 	0.53484 	
0.31155	0         	0.21356 	0.34290 	inf     	0.53401 	0.53401 	0.53401 	0.00000 	0.53401 	
0.31255	0         	0.21317 	0.34216 	inf     	0.53317 	0.53317 	0.53317 	0.00000 	0.53317 	
0.31354	0         	0.21317 	0.34151 	inf     	0.53232 	0.53232 	0.53232 	0.00000 	0.53232 	
0.31454	0         	0.21301 	0.34086 	inf     	0.53147 	0.53147 	0.53147 	0.00000 	0.53147 	
0.31554	0         	0.21262 	0.34015 	inf     	0.53063 	0.53063 	0.53063 	0.00000 	0.53063 	
0.31654	0         	0.21246 	0.33949 	inf     	0.52979 	0.52979 	0.52979 	0.00000 	0.52979 	
0.31754	0         	0.21246 	0.33894 	inf     	0.52893 	0.52893 	0.52893 	0.00000 	0.52893 	
0.31854	0         	0.21199 	0.33807 	inf     	0.52807 	0.52807 	0.52807 	0.00000 	0.52807 	
0.31954	0         	0.21199 	0.33742 	inf     	0.52722 	0.52722 	0.52722 	0.00000 	0.52722 	
0.32053	0         	0.21199 	0.33682 	inf     	0.52636 	0.52636 	0.52636 	0.00000 	0.52636 	
0.32153	0         	0.21199 	0.33616 	inf     	0.52550 	0.52550 	0.52550 	0.00000 	0.52550 	
0.32253	0         	0.21183 	0.33550 	inf     	0.52464 	0.52464 	0.52464 	0.00000 	0.52464 	
0.32353	0         	0.21183 	0.33493 	inf     	0.52380 	0.52380 	0.52380 	0.00000 	0.52380 	
0.32453	0         	0.21152 	0.33422 	inf     	0.52293 	0.52293 	0.52293 	0.00000 	0.52293 	
0.32553	0         	0.21136 	0.33358 	inf     	0.52206 	0.52206 	0.52206 	0.00000 	0.52206 	
0.32653	0         	0.21136 	0.33292 	inf     	0.52118 	0.52118 	0.52118 	0.00000 	0.52118 	
0.32752	0         	0.21136 	0.33231 	inf     	0.52029 	0.52029 	0.52029 	0.00000 	0.52029 	
0.32852	0         	0.21136 	0.33168 	inf     	0.51942 	0.51942 	0.51942 	0.00000 	0.51942 	
0.32952	0         	0.21113 	0.33093 	inf     	0.51854 	0.51854 	0.51854 	0.00000 	0.51854 	
0.33052	0         	0.21113 	0.33034 	inf     	0.51764 	0.51764 	0.51764 	0.00000 	0.51764 	
0.33152	0         	0.21113 	0.32970 	inf     	0.51674 	0.51674 	0.51674 	0.00000 	0.51674 	
0.33252	0         	0.21113 	0.32901 	inf     	0.51585 	0.51585 	0.51585 	0.00000 	0.51585 	
0.33352	0         	0.21113 	0.32842 	inf     	0.51494 	0.51494 	0.51494 	0.00000 	0.51494 	
0.33451	0         	0.21113 	0.32774 	inf     	0.51403 	0.51403 	0.51403 	0.00000 	0.51403 	
0.33551	0         	0.21113 	0.32717 	inf     	0.51312 	0.51312 	0.51312 	0.00000 	0.51312 	
0.33651	0         	0.21105 	0.32650 	inf     	0.51221 	0.51221 	0.51221 	0.00000 	0.51221 	
0.33751	0         	0.21105 	0.32576 	inf     	0.51131 	0.51131 	0.51131 	0.00000 	0.51131 	
0.33851	0         	0.21081 	0.32504 	inf     	0.51041 	0.51041 	0.51041 	0.00000 	0.51041 	
0.33951	0         	0.21081 	0.32449 	inf     	0.50949 	0.50949 	0.50949 	0.00000 	0.50949 	
0.34050	0         	0.21011 	0.32371 	inf     	0.50856 	0.50856 	0.50856 	0.00000 	0.50856 	
0.34150	0         	0.21003 	0.32305 	inf     	0.50763 	0.50763 	0.50763 	0.00000 	0.50763 	
0.34250	0         	0.21003 	0.32247 	inf     	0.50670 	0.50670 	0.50670 	0.00000 	0.50670 	
0.34350	0         	0.20916 	0.32158 	inf     	0.50577 	0.50577 	0.50577 	0.00000 	0.50577 	
0.34450	0         	0.20901 	0.32092 	inf     	0.50483 	0.50483 	0.50483 	0.00000 	0.50483 	
0.34550	0         	0.20893 	0.32032 	inf     	0.50389 	0.50389 	0.50389 	0.00000 	0.50389 	
0.34650	0         	0.20697 	0.31908 	inf     	0.50296 	0.50296 	0.50296 	0.00000 	0.50296 	
0.34749	0         	0.20697 	0.31843 	inf     	0.50202 	0.50202 	0.50202 	0.00000 	0.50202 	
0.34849	0         	0.20650 	0.31763 	inf     	0.50107 	0.50107 	0.50107 	0.00000 	0.50107 	
0.34949	0         	0.20634 	0.31689 	inf     	0.50011 	0.50011 	0.50011 	0.00000 	0.50011 	
0.35049	0         	0.20610 	0.31627 	inf     	0.49915 	0.49915 	0.49915 	0.00000 	0.49915 	
0.35149	0         	0.20610 	0.31569 	inf     	0.49820 	0.49820 	0.49820 	0.00000 	0.49820 	
0.35249	0         	0.20587 	0.31505 	inf     	0.49725 	0.49725 	0.49725 	0.00000 	0.49725 	
0.35349	0         	0.20571 	0.31437 	inf     	0.49629 	0.49629 	0.49629 	0.00000 	0.49629 	
0.35448	0         	0.20351 	0.31314 	inf     	0.49530 	0.49530 	0.49530 	0.00000 	0.49530 	
0.35548	0         	0.20351 	0.31250 	inf     	0.49433 	0.49433 	0.49433 	0.00000 	0.49433 	
0.35648	0         	0.20265 	0.31163 	inf     	0.49337 	0.49337 	0.49337 	0.00000 	0.49337 	
0.35748	0         	0.19770 	0.30958 	inf     	0.49259 	0.49259 	0.49259 	0.00000 	0.49259 	
0.35848	0         	0.19770 	0.30890 	inf     	0.49164 	0.49164 	0.49164 	0.00000 	0.49164 	
0.35948	0         	0.19770 	0.30835 	inf     	0.49066 	0.49066 	0.49066 	0.00000 	0.49066 	
0.36048	0         	0.19770 	0.30767 	inf     	0.48968 	0.48968 	0.48968 	0.00000 	0.48968 	
0.36147	0         	0.19770 	0.30713 	inf     	0.48869 	0.48869 	0.48869 	0.00000 	0.48869 	
0.36247	0         	0.19747 	0.30642 	inf     	0.48770 	0.48770 	0.48770 	0.00000 	0.48770 	
0.36347	0         	0.19747 	0.30584 	inf     	0.48671 	0.48671 	0.48671 	0.00000 	0.48671 	
0.36447	0         	0.19739 	0.30506 	inf     	0.48571 	0.48571 	0.48571 	0.00000 	0.48571 	
0.36547	0         	0.19739 	0.30439 	inf     	0.48470 	0.48470 	0.48470 	0.00000 	0.48470 	
0.36647	0         	0.19739 	0.30378 	inf     	0.48371 	0.48371 	0.48371 	0.00000 	0.48371 	
0.36746	0         	0.19739 	0.30305 	inf     	0.48270 	0.48270 	0.48270 	0.00000 	0.48270 	
0.36846	0         	0.19739 	0.30239 	inf     	0.48169 	0.48169 	0.48169 	0.00000 	0.48169 	
0.36946	0         	0.19739 	0.30169 	inf     	0.48067 	0.48067 	0.48067 	0.00000 	0.48067 	
0.37046	0         	0.19652 	0.30087 	inf     	0.47966 	0.47966 	0.47966 	0.00000 	0.47966 	
0.37146	0         	0.19652 	0.30026 	inf     	0.47864 	0.47864 	0.47864 	0.00000 	0.47864 	
0.37246	0         	0.19652 	0.29958 	inf     	0.47761 	0.47761 	0.47761 	0.00000 	0.47761 	
0.37346	0         	0.19652 	0.29893 	inf     	0.47659 	0.47659 	0.47659 	0.00000 	0.47659 	
0.37445	0         	0.19173 	0.29712 	inf     	0.47554 	0.47554 	0.47554 	0.00000 	0.47554 	
0.37545	0         	0.19173 	0.29642 	inf     	0.47452 	0.47452 	0.47452 	0.00000 	0.47452 	
0.37645	0         	0.19173 	0.29569 	inf     	0.47349 	0.47349 	0.47349 	0.00000 	0.47349 	
0.37745	0         	0.19173 	0.29486 	inf     	0.47245 	0.47245 	0.47245 	0.00000 	0.47245 	
0.37845	0         	0.19173 	0.29412 	inf     	0.47140 	0.47140 	0.47140 	0.00000 	0.47140 	
0.37945	0         	0.19173 	0.29348 	inf     	0.47036 	0.47036 	0.47036 	0.00000 	0.47036 	
0.38045	0         	0.19173 	0.29284 	inf     	0.46934 	0.46934 	0.46934 	0.00000 	0.46934 	
0.38144	0         	0.19173 	0.29215 	inf     	0.46829 	0.46829 	0.46829 	0.00000 	0.46829 	
0.38244	0         	0.19173 	0.29152 	inf     	0.46723 	0.46723 	0.46723 	0.00000 	0.46723 	
0.38344	0         	0.19173 	0.29097 	inf     	0.46618 	0.46618 	0.46618 	0.00000 	0.46618 	
0.38444	0         	0.19173 	0.29036 	inf     	0.46512 	0.46512 	0.46512 	0.00000 	0.46512 	
0.38544	0         	0.19166 	0.28962 	inf     	0.46406 	0.46406 	0.46406 	0.00000 	0.46406 	
0.38644	0         	0.19166 	0.28892 	inf     	0.46299 	0.46299 	0.46299 	0.00000 	0.46299 	
0.38744	0         	0.19166 	0.28809 	inf     	0.46191 	0.46191 	0.46191 	0.00000 	0.46191 	
0.38843	0         	0.19158 	0.28745 	inf     	0.46084 	0.46084 	0.46084 	0.00000 	0.46084 	
0.38943	0         	0.19158 	0.28673 	inf     	0.45976 	0.45976 	0.45976 	0.00000 	0.45976 	
0.39043	0         	0.19158 	0.28597 	inf     	0.45868 	0.45868 	0.45868 	0.00000 	0.45868 	
0.39143	0         	0.19158 	0.28529 	inf     	0.45760 	0.45760 	0.45760 	0.00000 	0.45760 	
0.39243	0         	0.19158 	0.28460 	inf     	0.45652 	0.45652 	0.45652 	0.00000 	0.45652 	
0.39343	0         	0.19158 	0.28387 	inf     	0.45543 	0.45543 	0.45543 	0.00000 	0.45543 	
0.39443	0         	0.19158 	0.28317 	inf     	0.45433 	0.45433 	0.45433 	0.00000 	0.45433 	
0.39542	0         	0.19158 	0.28256 	inf     	0.45323 	0.45323 	0.45323 	0.00000 	0.45323 	
0.39642	0         	0.19150 	0.28186 	inf     	0.45213 	0.45213 	0.45213 	0.00000 	0.45213 	
0.39742	0         	0.19134 	0.28113 	inf     	0.45102 	0.45102 	0.45102 	0.00000 	0.45102 	
0.39842	0         	0.19126 	0.28050 	inf     	0.44992 	0.44992 	0.44992 	0.00000 	0.44992 	
0.39942	0         	0.19126 	0.27982 	inf     	0.44887 	0.44887 	0.44887 	0.00000 	0.44887 	
0.40042	0         	0.19126 	0.27907 	inf     	0.44775 	0.44775 	0.44775 	0.00000 	0.44775 	
0.40141	0         	0.19126 	0.27833 	inf     	0.44662 	0.44662 	0.44662 	0.00000 	0.44662 	
0.40241	0         	0.19126 	0.27765 	inf     	0.44551 	0.44551 	0.44551 	0.00000 	0.44551 	
0.40341	0         	0.19126 	0.27698 	inf     	0.44438 	0.44438 	0.44438 	0.00000 	0.44438 	
0.40441	0         	0.19126 	0.27634 	inf     	0.44326 	0.44326 	0.44326 	0.00000 	0.44326 	
0.40541	0         	0.19126 	0.27567 	inf     	0.44213 	0.44213 	0.44213 	0.00000 	0.44213 	
0.40641	0         	0.19126 	0.27505 	inf     	0.44100 	0.44100 	0.44100 	0.00000 	0.44100 	
0.40741	0         	0.19126 	0.27426 	inf     	0.43986 	0.43986 	0.43986 	0.00000 	0.43986 	
0.40840	0         	0.19119 	0.27350 	inf     	0.43871 	0.43871 	0.43871 	0.00000 	0.43871 	
0.40940	0         	0.19111 	0.27281 	inf     	0.43757 	0.43757 	0.43757 	0.00000 	0.43757 	
0.41040	0         	0.19103 	0.27213 	inf     	0.43642 	0.43642 	0.43642 	0.00000 	0.43642 	
0.41140	0         	0.19103 	0.27149 	inf     	0.43527 	0.43527 	0.43527 	0.00000 	0.43527 	
0.41240	0         	0.19103 	0.27075 	inf     	0.43413 	0.43413 	0.43413 	0.00000 	0.43413 	
0.41340	0         	0.19103 	0.26993 	inf     	0.43297 	0.43297 	0.43297 	0.00000 	0.43297 	
0.41440	0         	0.18977 	0.26891 	inf     	0.43180 	0.43180 	0.43180 	0.00000 	0.43180 	
0.41539	0         	0.17525 	0.26415 	inf     	0.43039 	0.43039 	0.43039 	0.00000 	0.43039 	
0.41639	0         	0.17525 	0.26348 	inf     	0.42923 	0.42923 	0.42923 	0.00000 	0.42923 	
0.41739	0         	0.17501 	0.26281 	inf     	0.42806 	0.42806 	0.42806 	0.00000 	0.42806 	
0.41839	0         	0.17501 	0.26207 	inf     	0.42689 	0.42689 	0.42689 	0.00000 	0.42689 	
0.41939	0         	0.17501 	0.26145 	inf     	0.42571 	0.42571 	0.42571 	0.00000 	0.42571 	
0.42039	0         	0.17501 	0.26083 	inf     	0.42454 	0.42454 	0.42454 	0.00000 	0.42454 	
0.42139	0         	0.17501 	0.26015 	inf     	0.42335 	0.42335 	0.42335 	0.00000 	0.42335 	
0.42238	0         	0.17501 	0.25944 	inf     	0.42217 	0.42217 	0.42217 	0.00000 	0.42217 	
0.42338	0         	0.17360 	0.25839 	inf     	0.42097 	0.42097 	0.42097 	0.00000 	0.42097 	
0.42438	0         	0.17360 	0.25764 	inf     	0.41977 	0.41977 	0.41977 	0.00000 	0.41977 	
0.42538	0         	0.17360 	0.25686 	inf     	0.41856 	0.41856 	0.41856 	0.00000 	0.41856 	
0.42638	0         	0.17360 	0.25618 	inf     	0.41736 	0.41736 	0.41736 	0.00000 	0.41736 	
0.42738	0         	0.17360 	0.25544 	inf     	0.41614 	0.41614 	0.41614 	0.00000 	0.41614 	
0.42837	0         	0.17360 	0.25477 	inf     	0.41496 	0.41496 	0.41496 	0.00000 	0.41496 	
0.42937	0         	0.17360 	0.25413 	inf     	0.41375 	0.41375 	0.41375 	0.00000 	0.41375 	
0.43037	0         	0.17352 	0.25325 	inf     	0.41253 	0.41253 	0.41253 	0.00000 	0.41253 	
0.43137	0         	0.17352 	0.25257 	inf     	0.41131 	0.41131 	0.41131 	0.00000 	0.41131 	
0.43237	0         	0.17297 	0.25177 	inf     	0.41007 	0.41007 	0.41007 	0.00000 	0.41007 	
0.43337	0         	0.17297 	0.25110 	inf     	0.40884 	0.40884 	0.40884 	0.00000 	0.40884 	
0.43437	0         	0.17297 	0.25007 	inf     	0.40758 	0.40758 	0.40758 	0.00000 	0.40758 	
0.43536	0         	0.17297 	0.24920 	inf     	0.40635 	0.40635 	0.40635 	0.00000 	0.40635 	
0.43636	0         	0.17297 	0.24854 	inf     	0.40510 	0.40510 	0.40510 	0.00000 	0.40510 	
0.43736	0         	0.17297 	0.24779 	inf     	0.40386 	0.40386 	0.40386 	0.00000 	0.40386 	
0.43836	0         	0.17297 	0.24702 	inf     	0.40262 	0.40262 	0.40262 	0.00000 	0.40262 	
0.43936	0         	0.17297 	0.24626 	inf     	0.40136 	0.40136 	0.40136 	0.00000 	0.40136 	
0.44036	0         	0.17297 	0.24556 	inf     	0.40010 	0.40010 	0.40010 	0.00000 	0.40010 	
0.44136	0         	0.17297 	0.24486 	inf     	0.39885 	0.39885 	0.39885 	0.00000 	0.39885 	
0.44235	0         	0.17297 	0.24414 	inf     	0.39759 	0.39759 	0.39759 	0.00000 	0.39759 	
0.44335	0         	0.17275 	0.24334 	inf     	0.39631 	0.39631 	0.39631 	0.00000 	0.39631 	
0.44435	0         	0.17211 	0.24260 	inf     	0.39503 	0.39503 	0.39503 	0.00000 	0.39503 	
0.44535	0         	0.17119 	0.24179 	inf     	0.39375 	0.39375 	0.39375 	0.00000 	0.39375 	
0.44635	0         	0.17077 	0.24110 	inf     	0.39247 	0.39247 	0.39247 	0.00000 	0.39247 	
0.44735	0         	0.17042 	0.24043 	inf     	0.39118 	0.39118 	0.39118 	0.00000 	0.39118 	
0.44835	0         	0.16880 	0.23872 	inf     	0.38988 	0.38988 	0.38988 	0.00000 	0.38988 	
0.44934	0         	0.16837 	0.23803 	inf     	0.38858 	0.38858 	0.38858 	0.00000 	0.38858 	
0.45034	0         	0.16675 	0.23698 	inf     	0.38728 	0.38728 	0.38728 	0.00000 	0.38728 	
0.45134	0         	0.16633 	0.23628 	inf     	0.38597 	0.38597 	0.38597 	0.00000 	0.38597 	
0.45234	0         	0.16597 	0.23560 	inf     	0.38466 	0.38466 	0.38466 	0.00000 	0.38466 	
0.45334	0         	0.16541 	0.23487 	inf     	0.38335 	0.38335 	0.38335 	0.00000 	0.38335 	
0.45434	0         	0.16471 	0.23411 	inf     	0.38204 	0.38204 	0.38204 	0.00000 	0.38204 	
0.45533	0         	0.16372 	0.23229 	inf     	0.38069 	0.38069 	0.38069 	0.00000 	0.38069 	
0.45633	0         	0.16308 	0.23154 	inf     	0.37936 	0.37936 	0.37936 	0.00000 	0.37936 	
0.45733	0         	0.16252 	0.23080 	inf     	0.37803 	0.37803 	0.37803 	0.00000 	0.37803 	
0.45833	0         	0.15483 	0.22710 	inf     	0.37644 	0.37644 	0.37644 	0.00000 	0.37644 	
0.45933	0         	0.15342 	0.22590 	inf     	0.37506 	0.37506 	0.37506 	0.00000 	0.37506 	
0.46033	0         	0.15342 	0.22515 	inf     	0.37372 	0.37372 	0.37372 	0.00000 	0.37372 	
0.46133	0         	0.15342 	0.22433 	inf     	0.37237 	0.37237 	0.37237 	0.00000 	0.37237 	
0.46232	0         	0.15342 	0.22364 	inf     	0.37102 	0.37102 	0.37102 	0.00000 	0.37102 	
0.46332	0         	0.15342 	0.22295 	inf     	0.36970 	0.36970 	0.36970 	0.00000 	0.36970 	
0.46432	0         	0.15334 	0.22222 	inf     	0.36833 	0.36833 	0.36833 	0.00000 	0.36833 	
0.46532	0         	0.15334 	0.22153 	inf     	0.36697 	0.36697 	0.36697 	0.00000 	0.36697 	
0.46632	0         	0.15334 	0.22080 	inf     	0.36563 	0.36563 	0.36563 	0.00000 	0.36563 	
0.46732	0         	0.15334 	0.22011 	inf     	0.36425 	0.36425 	0.36425 	0.00000 	0.36425 	
0.46832	0         	0.15334 	0.21924 	inf     	0.36288 	0.36288 	0.36288 	0.00000 	0.36288 	
0.46931	0         	0.15334 	0.21853 	inf     	0.36149 	0.36149 	0.36149 	0.00000 	0.36149 	
0.47031	0         	0.15334 	0.21791 	inf     	0.36013 	0.36013 	0.36013 	0.00000 	0.36013 	
0.47131	0         	0.15334 	0.21705 	inf     	0.35873 	0.35873 	0.35873 	0.00000 	0.35873 	
0.47231	0         	0.15314 	0.21631 	inf     	0.35733 	0.35733 	0.35733 	0.00000 	0.35733 	
0.47331	0         	0.15264 	0.21557 	inf     	0.35593 	0.35593 	0.35593 	0.00000 	0.35593 	
0.47431	0         	0.15222 	0.21485 	inf     	0.35451 	0.35451 	0.35451 	0.00000 	0.35451 	
0.47531	0         	0.15158 	0.21406 	inf     	0.35310 	0.35310 	0.35310 	0.00000 	0.35310 	
0.47630	0         	0.15039 	0.21304 	inf     	0.35166 	0.35166 	0.35166 	0.00000 	0.35166 	
0.47730	0         	0.14940 	0.21219 	inf     	0.35024 	0.35024 	0.35024 	0.00000 	0.35024 	
0.47830	0         	0.14897 	0.21147 	inf     	0.34881 	0.34881 	0.34881 	0.00000 	0.34881 	
0.47930	0         	0.14841 	0.21072 	inf     	0.34738 	0.34738 	0.34738 	0.00000 	0.34738 	
0.48030	0         	0.14785 	0.20995 	inf     	0.34594 	0.34594 	0.34594 	0.00000 	0.34594 	
0.48130	0         	0.14714 	0.20914 	inf     	0.34450 	0.34450 	0.34450 	0.00000 	0.34450 	
0.48229	0         	0.14672 	0.20842 	inf     	0.34304 	0.34304 	0.34304 	0.00000 	0.34304 	
0.48329	0         	0.14559 	0.20748 	inf     	0.34165 	0.34165 	0.34165 	0.00000 	0.34165 	
0.48429	0         	0.14481 	0.20669 	inf     	0.34032 	0.34032 	0.34032 	0.00000 	0.34032 	
0.48529	0         	0.14404 	0.20592 	inf     	0.33896 	0.33896 	0.33896 	0.00000 	0.33896 	
0.48629	0         	0.14347 	0.20516 	inf     	0.33750 	0.33750 	0.33750 	0.00000 	0.33750 	
0.48729	0         	0.14270 	0.20438 	inf     	0.33617 	0.33617 	0.33617 	0.00000 	0.33617 	
0.48829	0         	0.14234 	0.20373 	inf     	0.33504 	0.33504 	0.33504 	0.00000 	0.33504 	
0.48928	0         	0.14185 	0.20213 	inf     	0.33369 	0.33369 	0.33369 	0.00000 	0.33369 	
0.49028	0         	0.14136 	0.20092 	inf     	0.33229 	0.33229 	0.33229 	0.00000 	0.33229 	
0.49128	0         	0.14100 	0.20021 	inf     	0.33087 	0.33087 	0.33087 	0.00000 	0.33087 	
0.49228	0         	0.13994 	0.19932 	inf     	0.32940 	0.32940 	0.32940 	0.00000 	0.32940 	
0.49328	0         	0.13966 	0.19835 	inf     	0.32797 	0.32797 	0.32797 	0.00000 	0.32797 	
0.49428	0         	0.13896 	0.19755 	inf     	0.32652 	0.32652 	0.32652 	0.00000 	0.32652 	
0.49528	0         	0.13839 	0.19632 	inf     	0.32501 	0.32501 	0.32501 	0.00000 	0.32501 	
0.49627	0         	0.13755 	0.19548 	inf     	0.32352 	0.32352 	0.32352 	0.00000 	0.32352 	
0.49727	0         	0.13677 	0.19459 	inf     	0.32202 	0.32202 	0.32202 	0.00000 	0.32202 	
0.49827	0         	0.13543 	0.19336 	inf     	0.32051 	0.32051 	0.32051 	0.00000 	0.32051 	
0.49927	0         	0.13487 	0.19247 	inf     	0.31900 	0.31900 	0.31900 	0.00000 	0.31900 	
0.50027	0         	0.13465 	0.19178 	inf     	0.31750 	0.31750 	0.31750 	0.00000 	0.31750 	
0.50127	0         	0.13345 	0.19086 	inf     	0.31599 	0.31599 	0.31599 	0.00000 	0.31599 	
0.50227	0         	0.13282 	0.18979 	inf     	0.31443 	0.31443 	0.31443 	0.00000 	0.31443 	
0.50326	0         	0.13190 	0.18891 	inf     	0.31291 	0.31291 	0.31291 	0.00000 	0.31291 	
0.50426	0         	0.13127 	0.18794 	inf     	0.31138 	0.31138 	0.31138 	0.00000 	0.31138 	
0.50526	0         	0.13014 	0.18703 	inf     	0.30984 	0.30984 	0.30984 	0.00000 	0.30984 	
0.50626	0         	0.12979 	0.18606 	inf     	0.30832 	0.30832 	0.30832 	0.00000 	0.30832 	
0.50726	0         	0.12950 	0.18536 	inf     	0.30687 	0.30687 	0.30687 	0.00000 	0.30687 	
0.50826	0         	0.12929 	0.18466 	inf     	0.30532 	0.30532 	0.30532 	0.00000 	0.30532 	
0.50925	0         	0.12887 	0.18390 	inf     	0.30378 	0.30378 	0.30378 	0.00000 	0.30378 	
0.51025	0         	0.12873 	0.18321 	inf     	0.30222 	0.30222 	0.30222 	0.00000 	0.30222 	
0.51125	0         	0.12823 	0.18141 	inf     	0.30058 	0.30058 	0.30058 	0.00000 	0.30058 	
0.51225	0         	0.12718 	0.18051 	inf     	0.29901 	0.29901 	0.29901 	0.00000 	0.29901 	
0.51325	0         	0.12675 	0.17974 	inf     	0.29745 	0.29745 	0.29745 	0.00000 	0.29745 	
0.51425	0         	0.12612 	0.17891 	inf     	0.29587 	0.29587 	0.29587 	0.00000 	0.29587 	
0.51525	0         	0.12513 	0.17715 	inf     	0.29429 	0.29429 	0.29429 	0.00000 	0.29429 	
0.51624	0         	0.12337 	0.17608 	inf     	0.29272 	0.29272 	0.29272 	0.00000 	0.29272 	
0.51724	0         	0.12294 	0.17531 	inf     	0.29112 	0.29112 	0.29112 	0.00000 	0.29112 	
0.51824	0         	0.12252 	0.17455 	inf     	0.28954 	0.28954 	0.28954 	0.00000 	0.28954 	
0.51924	0         	0.12146 	0.17363 	inf     	0.28792 	0.28792 	0.28792 	0.00000 	0.28792 	
0.52024	0         	0.12097 	0.17281 	inf     	0.28631 	0.28631 	0.28631 	0.00000 	0.28631 	
0.52124	0         	0.12026 	0.17192 	inf     	0.28470 	0.28470 	0.28470 	0.00000 	0.28470 	
0.52224	0         	0.11942 	0.17106 	inf     	0.28309 	0.28309 	0.28309 	0.00000 	0.28309 	
0.52323	0         	0.11787 	0.17002 	inf     	0.28145 	0.28145 	0.28145 	0.00000 	0.28145 	
0.52423	0         	0.11751 	0.16928 	inf     	0.27986 	0.27986 	0.27986 	0.00000 	0.27986 	
0.52523	0         	0.11660 	0.16838 	inf     	0.27822 	0.27822 	0.27822 	0.00000 	0.27822 	
0.52623	0         	0.11547 	0.16702 	inf     	0.27658 	0.27658 	0.27658 	0.00000 	0.27658 	
0.52723	0         	0.11476 	0.16617 	inf     	0.27493 	0.27493 	0.27493 	0.00000 	0.27493 	
0.52823	0         	0.11448 	0.16538 	inf     	0.27327 	0.27327 	0.27327 	0.00000 	0.27327 	
0.52923	0         	0.11413 	0.16454 	inf     	0.27162 	0.27162 	0.27162 	0.00000 	0.27162 	
0.53022	0         	0.11356 	0.16372 	inf     	0.26995 	0.26995 	0.26995 	0.00000 	0.26995 	
0.53122	0         	0.11286 	0.16286 	inf     	0.26827 	0.26827 	0.26827 	0.00000 	0.26827 	
0.53222	0         	0.11229 	0.16205 	inf     	0.26662 	0.26662 	0.26662 	0.00000 	0.26662 	
0.53322	0         	0.11145 	0.16117 	inf     	0.26494 	0.26494 	0.26494 	0.00000 	0.26494 	
0.53422	0         	0.11102 	0.16037 	inf     	0.26325 	0.26325 	0.26325 	0.00000 	0.26325 	
0.53522	0         	0.11074 	0.15961 	inf     	0.26160 	0.26160 	0.26160 	0.00000 	0.26160 	
0.53621	0         	0.10961 	0.15853 	inf     	0.25990 	0.25990 	0.25990 	0.00000 	0.25990 	
0.53721	0         	0.10870 	0.15761 	inf     	0.25820 	0.25820 	0.25820 	0.00000 	0.25820 	
0.53821	0         	0.10757 	0.15661 	inf     	0.25650 	0.25650 	0.25650 	0.00000 	0.25650 	
0.53921	0         	0.10743 	0.15589 	inf     	0.25480 	0.25480 	0.25480 	0.00000 	0.25480 	
0.54021	0         	0.10672 	0.15490 	inf     	0.25307 	0.25307 	0.25307 	0.00000 	0.25307 	
0.54121	0         	0.10644 	0.15415 	inf     	0.25138 	0.25138 	0.25138 	0.00000 	0.25138 	
0.54221	0         	0.10580 	0.15330 	inf     	0.24965 	0.24965 	0.24965 	0.00000 	0.24965 	
0.54320	0         	0.10524 	0.15247 	inf     	0.24792 	0.24792 	0.24792 	0.00000 	0.24792 	
0.54420	0         	0.10404 	0.15142 	inf     	0.24621 	0.24621 	0.24621 	0.00000 	0.24621 	
0.54520	0         	0.10383 	0.15067 	inf     	0.24447 	0.24447 	0.24447 	0.00000 	0.24447 	
0.54620	0         	0.10298 	0.14976 	inf     	0.24275 	0.24275 	0.24275 	0.00000 	0.24275 	
0.54720	0         	0.10228 	0.14757 	inf     	0.24091 	0.24091 	0.24091 	0.00000 	0.24091 	
0.54820	0         	0.10164 	0.14633 	inf     	0.23913 	0.23913 	0.23913 	0.00000 	0.23913 	
0.54920	0         	0.10030 	0.14522 	inf     	0.23745 	0.23745 	0.23745 	0.00000 	0.23745 	
0.55019	0         	0.09939 	0.14429 	inf     	0.23568 	0.23568 	0.23568 	0.00000 	0.23568 	
0.55119	0         	0.09819 	0.14323 	inf     	0.23399 	0.23399 	0.23399 	0.00000 	0.23399 	
0.55219	0         	0.09692 	0.14148 	inf     	0.23218 	0.23218 	0.23218 	0.00000 	0.23218 	
0.55319	0         	0.09607 	0.14057 	inf     	0.23039 	0.23039 	0.23039 	0.00000 	0.23039 	
0.55419	0         	0.09558 	0.13976 	inf     	0.22867 	0.22867 	0.22867 	0.00000 	0.22867 	
0.55519	0         	0.09466 	0.13745 	inf     	0.22697 	0.22697 	0.22697 	0.00000 	0.22697 	
0.55619	0         	0.09445 	0.13273 	inf     	0.22532 	0.22532 	0.22532 	0.00000 	0.22532 	
0.55718	0         	0.09381 	0.13162 	inf     	0.22357 	0.22357 	0.22357 	0.00000 	0.22357 	
0.55818	0         	0.09339 	0.13080 	inf     	0.22176 	0.22176 	0.22176 	0.00000 	0.22176 	
0.55918	0         	0.09247 	0.12990 	inf     	0.21998 	0.21998 	0.21998 	0.00000 	0.21998 	
0.56018	0         	0.09191 	0.12903 	inf     	0.21819 	0.21819 	0.21819 	0.00000 	0.21819 	
0.56118	0         	0.09127 	0.12816 	inf     	0.21637 	0.21637 	0.21637 	0.00000 	0.21637 	
0.56218	0         	0.09092 	0.12738 	inf     	0.21462 	0.21462 	0.21462 	0.00000 	0.21462 	
0.56317	0         	0.09022 	0.12636 	inf     	0.21281 	0.21281 	0.21281 	0.00000 	0.21281 	
0.56417	0         	0.08965 	0.12552 	inf     	0.21098 	0.21098 	0.21098 	0.00000 	0.21098 	
0.56517	0         	0.08874 	0.12457 	inf     	0.20914 	0.20914 	0.20914 	0.00000 	0.20914 	
0.56617	0         	0.08796 	0.12349 	inf     	0.20730 	0.20730 	0.20730 	0.00000 	0.20730 	
0.56717	0         	0.08761 	0.12270 	inf     	0.20549 	0.20549 	0.20549 	0.00000 	0.20549 	
0.56817	0         	0.08704 	0.12179 	inf     	0.20363 	0.20363 	0.20363 	0.00000 	0.20363 	
0.56917	0         	0.08627 	0.12088 	inf     	0.20178 	0.20178 	0.20178 	0.00000 	0.20178 	
0.57016	0         	0.08556 	0.11973 	inf     	0.19994 	0.19994 	0.19994 	0.00000 	0.19994 	
0.57116	0         	0.08528 	0.11894 	inf     	0.19811 	0.19811 	0.19811 	0.00000 	0.19811 	
0.57216	0         	0.08401 	0.11790 	inf     	0.19622 	0.19622 	0.19622 	0.00000 	0.19622 	
0.57316	0         	0.08189 	0.11666 	inf     	0.19432 	0.19432 	0.19432 	0.00000 	0.19432 	
0.57416	0         	0.08055 	0.11543 	inf     	0.19247 	0.19247 	0.19247 	0.00000 	0.19247 	
0.57516	0         	0.08013 	0.11459 	inf     	0.19060 	0.19060 	0.19060 	0.00000 	0.19060 	
0.57616	0         	0.07935 	0.11366 	inf     	0.18869 	0.18869 	0.18869 	0.00000 	0.18869 	
0.57715	0         	0.07879 	0.11279 	inf     	0.18678 	0.18678 	0.18678 	0.00000 	0.18678 	
0.57815	0         	0.07794 	0.11180 	inf     	0.18487 	0.18487 	0.18487 	0.00000 	0.18487 	
0.57915	0         	0.07696 	0.11076 	inf     	0.18296 	0.18296 	0.18296 	0.00000 	0.18296 	
0.58015	0         	0.07639 	0.10987 	inf     	0.18105 	0.18105 	0.18105 	0.00000 	0.18105 	
0.58115	0         	0.07590 	0.10898 	inf     	0.17912 	0.17912 	0.17912 	0.00000 	0.17912 	
0.58215	0         	0.07555 	0.10815 	inf     	0.17724 	0.17724 	0.17724 	0.00000 	0.17724 	
0.58315	0         	0.07519 	0.10731 	inf     	0.17532 	0.17532 	0.17532 	0.00000 	0.17532 	
0.58414	0         	0.07456 	0.10642 	inf     	0.17340 	0.17340 	0.17340 	0.00000 	0.17340 	
0.58514	0         	0.07286 	0.10527 	inf     	0.17147 	0.17147 	0.17147 	0.00000 	0.17147 	
0.58614	0         	0.07237 	0.10442 	inf     	0.16956 	0.16956 	0.16956 	0.00000 	0.16956 	
0.58714	0         	0.07202 	0.10358 	inf     	0.16762 	0.16762 	0.16762 	0.00000 	0.16762 	
0.58814	0         	0.07160 	0.10271 	inf     	0.16567 	0.16567 	0.16567 	0.00000 	0.16567 	
0.58914	0         	0.07096 	0.10181 	inf     	0.16375 	0.16375 	0.16375 	0.00000 	0.16375 	
0.59013	0         	0.07033 	0.10091 	inf     	0.16183 	0.16183 	0.16183 	0.00000 	0.16183 	
0.59113	0         	0.06920 	0.09977 	inf     	0.15986 	0.15986 	0.15986 	0.00000 	0.15986 	
0.59213	0         	0.06835 	0.09881 	inf     	0.15788 	0.15788 	0.15788 	0.00000 	0.15788 	
0.59313	0         	0.06722 	0.09778 	inf     	0.15594 	0.15594 	0.15594 	0.00000 	0.15594 	
0.59413	0         	0.06680 	0.09692 	inf     	0.15399 	0.15399 	0.15399 	0.00000 	0.15399 	
0.59513	0         	0.06602 	0.09564 	inf     	0.15202 	0.15202 	0.15202 	0.00000 	0.15202 	
0.59613	0         	0.06475 	0.09459 	inf     	0.15005 	0.15005 	0.15005 	0.00000 	0.15005 	
0.59712	0         	0.06426 	0.09371 	inf     	0.14807 	0.14807 	0.14807 	0.00000 	0.14807 	
0.59812	0         	0.06341 	0.09275 	inf     	0.14608 	0.14608 	0.14608 	0.00000 	0.14608 	
0.59912	0         	0.06320 	0.09193 	inf     	0.14408 	0.14408 	0.14408 	0.00000 	0.14408 	
0.60012	0         	0.06236 	0.09096 	inf     	0.14208 	0.14208 	0.14208 	0.00000 	0.14208 	
0.60112	0         	0.06151 	0.08998 	inf     	0.14005 	0.14005 	0.14005 	0.00000 	0.14005 	
0.60212	0         	0.06052 	0.08888 	inf     	0.13804 	0.13804 	0.13804 	0.00000 	0.13804 	
0.60312	0         	0.05960 	0.08790 	inf     	0.13603 	0.13603 	0.13603 	0.00000 	0.13603 	
0.60411	0         	0.05890 	0.08697 	inf     	0.13403 	0.13403 	0.13403 	0.00000 	0.13403 	
0.60511	0         	0.05826 	0.08565 	inf     	0.13198 	0.13198 	0.13198 	0.00000 	0.13198 	
0.60611	0         	0.05763 	0.08473 	inf     	0.12996 	0.12996 	0.12996 	0.00000 	0.12996 	
0.60711	0         	0.05615 	0.08355 	inf     	0.12788 	0.12788 	0.12788 	0.00000 	0.12788 	
0.60811	0         	0.05572 	0.08266 	inf     	0.12580 	0.12580 	0.12580 	0.00000 	0.12580 	
0.60911	0         	0.05453 	0.08161 	inf     	0.12377 	0.12377 	0.12377 	0.00000 	0.12377 	
0.61011	0         	0.05403 	0.08069 	inf     	0.12167 	0.12167 	0.12167 	0.00000 	0.12167 	
0.61110	0         	0.05333 	0.07975 	inf     	0.11958 	0.11958 	0.11958 	0.00000 	0.11958 	
0.61210	0         	0.05304 	0.07890 	inf     	0.11750 	0.11750 	0.11750 	0.00000 	0.11750 	
0.61310	0         	0.05234 	0.07776 	inf     	0.11537 	0.11537 	0.11537 	0.00000 	0.11537 	
0.61410	0         	0.05184 	0.07677 	inf     	0.11324 	0.11324 	0.11324 	0.00000 	0.11324 	
0.61510	0         	0.05100 	0.07578 	inf     	0.11112 	0.11112 	0.11112 	0.00000 	0.11112 	
0.61610	0         	0.05015 	0.07475 	inf     	0.10918 	0.10918 	0.10918 	0.00000 	0.10918 	
0.61709	0         	0.04987 	0.07424 	inf     	0.10824 	0.10824 	0.10824 	0.00000 	0.10824 	
0.61809	0         	0.04973 	0.07405 	inf     	0.10782 	0.10782 	0.10782 	0.00000 	0.10782 	
0.61909	0         	0.04945 	0.07374 	inf     	0.10724 	0.10724 	0.10724 	0.00000 	0.10724 	
0.62009	0         	0.04923 	0.07344 	inf     	0.10658 	0.10658 	0.10658 	0.00000 	0.10658 	
0.62109	0         	0.04916 	0.07322 	inf     	0.10603 	0.10603 	0.10603 	0.00000 	0.10603 	
0.62209	0         	0.04853 	0.07282 	inf     	0.10540 	0.10540 	0.10540 	0.00000 	0.10540 	
0.62309	0         	0.04832 	0.07251 	inf     	0.10475 	0.10475 	0.10475 	0.00000 	0.10475 	
0.62408	0         	0.04832 	0.07227 	inf     	0.10412 	0.10412 	0.10412 	0.00000 	0.10412 	
0.62508	0         	0.04818 	0.07198 	inf     	0.10343 	0.10343 	0.10343 	0.00000 	0.10343 	
0.62608	0         	0.04789 	0.07166 	inf     	0.10276 	0.10276 	0.10276 	0.00000 	0.10276 	
0.62708	0         	0.04761 	0.07079 	inf     	0.10161 	0.10161 	0.10161 	0.00000 	0.10161 	
0.62808	0         	0.04754 	0.07035 	inf     	0.10053 	0.10053 	0.10053 	0.00000 	0.10053 	
0.62908	0         	0.04712 	0.07006 	inf     	0.10008 	0.10008 	0.10008 	0.00000 	0.10008 	
0.63008	0         	0.04698 	0.06977 	inf     	0.09939 	0.09939 	0.09939 	0.00000 	0.09939 	
0.63107	0         	0.04677 	0.06946 	inf     	0.09867 	0.09867 	0.09867 	0.00000 	0.09867 	
0.63207	0         	0.04641 	0.06912 	inf     	0.09800 	0.09800 	0.09800 	0.00000 	0.09800 	
0.63307	0         	0.04620 	0.06880 	inf     	0.09734 	0.09734 	0.09734 	0.00000 	0.09734 	
0.63407	0         	0.04599 	0.06852 	inf     	0.09673 	0.09673 	0.09673 	0.00000 	0.09673 	
0.63507	0         	0.04578 	0.06822 	inf     	0.09607 	0.09607 	0.09607 	0.00000 	0.09607 	
0.63607	0         	0.04528 	0.06782 	inf     	0.09530 	0.09530 	0.09530 	0.00000 	0.09530 	
0.63707	0         	0.04521 	0.06756 	inf     	0.09463 	0.09463 	0.09463 	0.00000 	0.09463 	
0.63806	0         	0.04493 	0.06725 	inf     	0.09395 	0.09395 	0.09395 	0.00000 	0.09395 	
0.63906	0         	0.04465 	0.06691 	inf     	0.09326 	0.09326 	0.09326 	0.00000 	0.09326 	
0.64006	0         	0.04465 	0.06666 	inf     	0.09260 	0.09260 	0.09260 	0.00000 	0.09260 	
0.64106	0         	0.04458 	0.06636 	inf     	0.09191 	0.09191 	0.09191 	0.00000 	0.09191 	
0.64206	0         	0.04458 	0.06609 	inf     	0.09118 	0.09118 	0.09118 	0.00000 	0.09118 	
0.64306	0         	0.04437 	0.06575 	inf     	0.09049 	0.09049 	0.09049 	0.00000 	0.09049 	
0.64405	0         	0.04409 	0.06545 	inf     	0.08983 	0.08983 	0.08983 	0.00000 	0.08983 	
0.64505	0         	0.04303 	0.06491 	inf     	0.08913 	0.08913 	0.08913 	0.00000 	0.08913 	
0.64605	0         	0.04260 	0.06452 	inf     	0.08841 	0.08841 	0.08841 	0.00000 	0.08841 	
0.64705	0         	0.04253 	0.06427 	inf     	0.08783 	0.08783 	0.08783 	0.00000 	0.08783 	
0.64805	0         	0.04246 	0.06397 	inf     	0.08717 	0.08717 	0.08717 	0.00000 	0.08717 	
0.64905	0         	0.04239 	0.06368 	inf     	0.08653 	0.08653 	0.08653 	0.00000 	0.08653 	
0.65005	0         	0.04232 	0.06342 	inf     	0.08589 	0.08589 	0.08589 	0.00000 	0.08589 	
0.65104	0         	0.04204 	0.06306 	inf     	0.08515 	0.08515 	0.08515 	0.00000 	0.08515 	
0.65204	0         	0.04169 	0.06271 	inf     	0.08455 	0.08455 	0.08455 	0.00000 	0.08455 	
0.65304	0         	0.04169 	0.06244 	inf     	0.08383 	0.08383 	0.08383 	0.00000 	0.08383 	
0.65404	0         	0.04155 	0.06208 	inf     	0.08308 	0.08308 	0.08308 	0.00000 	0.08308 	
0.65504	0         	0.04133 	0.06178 	inf     	0.08242 	0.08242 	0.08242 	0.00000 	0.08242 	
0.65604	0         	0.04056 	0.06131 	inf     	0.08189 	0.08178 	0.08178 	0.00000 	0.08178 	
0.65704	0         	0.04049 	0.06103 	inf     	0.08189 	0.08108 	0.08108 	0.00000 	0.08108 	
0.65803	0         	0.04036 	0.06078 	inf     	0.08189 	0.08045 	0.08045 	0.00000 	0.08045 	
0.65903	0         	0.04002 	0.06050 	inf     	0.08189 	0.07972 	0.07972 	0.00000 	0.07972 	
0.66003	0         	0.03972 	0.06018 	inf     	0.08181 	0.07905 	0.07905 	0.00000 	0.07905 	
0.66103	0         	0.03943 	0.05986 	inf     	0.08181 	0.07842 	0.07842 	0.00000 	0.07842 	
0.66203	0         	0.03914 	0.05955 	inf     	0.08181 	0.07775 	0.07775 	0.00000 	0.07775 	
0.66303	0         	0.03884 	0.05910 	inf     	0.08150 	0.07707 	0.07707 	0.00000 	0.07707 	
0.66403	0         	0.03844 	0.05871 	inf     	0.08150 	0.07635 	0.07635 	0.00000 	0.07635 	
0.66502	0         	0.03802 	0.05834 	inf     	0.08150 	0.07563 	0.07563 	0.00000 	0.07563 	
0.66602	0         	0.03787 	0.05804 	inf     	0.08150 	0.07492 	0.07492 	0.00000 	0.07492 	
0.66702	0         	0.03753 	0.05774 	inf     	0.08150 	0.07433 	0.07433 	0.00000 	0.07433 	
0.66802	0         	0.03723 	0.05746 	inf     	0.08150 	0.07365 	0.07365 	0.00000 	0.07365 	
0.66902	0         	0.03693 	0.05718 	inf     	0.08142 	0.07300 	0.07300 	0.00000 	0.07300 	
0.67002	0         	0.03611 	0.05662 	inf     	0.08142 	0.07228 	0.07228 	0.00000 	0.07228 	
0.67101	0         	0.03583 	0.05628 	inf     	0.08142 	0.07153 	0.07153 	0.00000 	0.07153 	
0.67201	0         	0.03583 	0.05598 	inf     	0.08134 	0.07079 	0.07079 	0.00000 	0.07079 	
0.67301	0         	0.03555 	0.05568 	inf     	0.08134 	0.07012 	0.07012 	0.00000 	0.07012 	
0.67401	0         	0.03527 	0.05535 	inf     	0.08134 	0.06940 	0.06940 	0.00000 	0.06940 	
0.67501	0         	0.03506 	0.05509 	inf     	0.08134 	0.06875 	0.06875 	0.00000 	0.06875 	
0.67601	0         	0.03473 	0.05477 	inf     	0.08134 	0.06802 	0.06802 	0.00000 	0.06802 	
0.67701	0         	0.03438 	0.05447 	inf     	0.08134 	0.06731 	0.06731 	0.00000 	0.06731 	
0.67800	0         	0.03409 	0.05412 	inf     	0.08134 	0.06662 	0.06662 	0.00000 	0.06662 	
0.67900	0         	0.03377 	0.05386 	inf     	0.08134 	0.06591 	0.06591 	0.00000 	0.06591 	
0.68000	0         	0.03339 	0.05336 	inf     	0.08072 	0.06527 	0.06527 	0.00000 	0.06527 	
0.68100	0         	0.03308 	0.05304 	inf     	0.08072 	0.06458 	0.06458 	0.00000 	0.06458 	
0.68200	0         	0.03275 	0.05276 	inf     	0.08072 	0.06385 	0.06385 	0.00000 	0.06385 	
0.68300	0         	0.03244 	0.05245 	inf     	0.08072 	0.06315 	0.06315 	0.00000 	0.06315 	
0.68400	0         	0.03213 	0.05216 	inf     	0.08072 	0.06250 	0.06250 	0.00000 	0.06250 	
0.68499	0         	0.03180 	0.05182 	inf     	0.08040 	0.06178 	0.06178 	0.00000 	0.06178 	
0.68599	0         	0.03153 	0.05155 	inf     	0.08040 	0.06118 	0.06118 	0.00000 	0.06118 	
0.68699	0         	0.03126 	0.05127 	inf     	0.08040 	0.06053 	0.06053 	0.00000 	0.06053 	
0.68799	0         	0.03093 	0.05097 	inf     	0.08040 	0.05982 	0.05982 	0.00000 	0.05982 	
0.68899	0         	0.03059 	0.05063 	inf     	0.08024 	0.05908 	0.05908 	0.00000 	0.05908 	
0.68999	0         	0.03028 	0.05024 	inf     	0.08001 	0.05837 	0.05837 	0.00000 	0.05837 	
0.69099	0         	0.02997 	0.04986 	inf     	0.08001 	0.05765 	0.05765 	0.00000 	0.05765 	
0.69198	0         	0.02966 	0.04959 	inf     	0.08001 	0.05694 	0.05694 	0.00000 	0.05694 	
0.69298	0         	0.02928 	0.04928 	inf     	0.08001 	0.05622 	0.05622 	0.00000 	0.05622 	
0.69398	0         	0.02899 	0.04883 	inf     	0.07993 	0.05550 	0.05550 	0.00000 	0.05550 	
0.69498	0         	0.02865 	0.04854 	-0.00061	0.07985 	0.05477 	0.05477 	0.00000 	0.05477 	
0.69598	0         	0.02833 	0.04822 	-0.00115	0.07977 	0.05408 	0.05408 	0.00000 	0.05408 	
0.69698	0         	0.02802 	0.04795 	-0.00170	0.07977 	0.05345 	0.05345 	0.00000 	0.05345 	
0.69797	0         	0.02770 	0.04762 	-0.00226	0.07977 	0.05275 	0.05275 	0.00000 	0.05275 	
0.69897	0         	0.02738 	0.04723 	-0.00279	0.07977 	0.05198 	0.05198 	0.00000 	0.05198 	
0.69997	0         	0.02709 	0.04691 	-0.00334	0.07977 	0.05129 	0.05129 	0.00000 	0.05129 	
0.70097	0         	0.02680 	0.04666 	-0.00395	0.07977 	0.05064 	0.05064 	0.00000 	0.05064 	
0.70197	0         	0.02651 	0.04637 	-0.00460	0.07977 	0.04992 	0.04992 	0.00000 	0.04992 	
0.70297	0         	0.02620 	0.04611 	-0.00533	0.07977 	0.04920 	0.04920 	0.00000 	0.04920 	
0.70397	0         	0.02592 	0.04586 	-0.00593	0.07977 	0.04856 	0.04856 	0.00000 	0.04856 	
0.70496	0         	0.02561 	0.04561 	-0.00663	0.07977 	0.04786 	0.04786 	0.00000 	0.04786 	
0.70596	0         	0.02536 	0.04536 	-0.00707	0.07977 	0.04731 	0.04731 	0.00000 	0.04731 	
0.70696	0         	0.02508 	0.04504 	-0.00753	0.07977 	0.04668 	0.04668 	0.00000 	0.04668 	
0.70796	0         	0.02477 	0.04473 	-0.00813	0.07977 	0.04597 	0.04597 	0.00000 	0.04597 	
0.70896	0         	0.02451 	0.04444 	-0.00860	0.07969 	0.04535 	0.04535 	0.00000 	0.04535 	
0.70996	0         	0.02419 	0.04416 	-0.00919	0.07962 	0.04469 	0.04469 	0.00000 	0.04469 	
0.71096	0         	0.02393 	0.04391 	-0.00973	0.07962 	0.04408 	0.04408 	0.00000 	0.04408 	
0.71195	0         	0.02349 	0.04329 	-0.00958	0.07844 	0.04350 	0.04350 	0.00000 	0.04350 	
0.71295	0         	0.02321 	0.04300 	-0.00990	0.07844 	0.04300 	0.04300 	0.00000 	0.04300 	
0.71395	0         	0.02287 	0.04272 	-0.01048	0.07844 	0.04236 	0.04236 	0.00000 	0.04236 	
0.71495	0         	0.02263 	0.04246 	-0.01095	0.07844 	0.04178 	0.04178 	0.00000 	0.04178 	
0.71595	0         	0.02237 	0.04226 	-0.01153	0.07844 	0.04120 	0.04120 	0.00000 	0.04120 	
0.71695	0         	0.02216 	0.04206 	-0.01201	0.07844 	0.04068 	0.04068 	0.00000 	0.04068 	
0.71795	0         	0.02191 	0.04163 	-0.01231	0.07844 	0.04000 	0.04000 	0.00000 	0.04000 	
0.71894	0         	0.02165 	0.04127 	-0.01262	0.07844 	0.03941 	0.03941 	0.00000 	0.03941 	
0.71994	0         	0.02125 	0.04015 	-0.01132	0.07498 	0.03890 	0.03890 	0.00000 	0.03890 	
0.72094	0         	0.02076 	0.03825 	-0.00955	0.06941 	0.03771 	0.03771 	0.00000 	0.03771 	
0.72194	0         	0.02054 	0.03787 	-0.00977	0.06941 	0.03713 	0.03713 	0.00000 	0.03713 	
0.72294	0         	0.02026 	0.03755 	-0.01022	0.06917 	0.03649 	0.03649 	0.00000 	0.03649 	
0.72394	0         	0.01999 	0.03730 	-0.01085	0.06917 	0.03584 	0.03584 	0.00000 	0.03584 	
0.72493	0         	0.01980 	0.03711 	-0.01130	0.06917 	0.03534 	0.03534 	0.00000 	0.03534 	
0.72593	0         	0.01951 	0.03689 	-0.01188	0.06917 	0.03477 	0.03477 	0.00000 	0.03477 	
0.72693	0         	0.01926 	0.03664 	-0.01244	0.06917 	0.03414 	0.03414 	0.00000 	0.03414 	
0.72793	0         	0.01906 	0.03638 	-0.01284	0.06917 	0.03359 	0.03359 	0.00000 	0.03359 	
0.72893	0         	0.01884 	0.03611 	-0.01327	0.06917 	0.03302 	0.03302 	0.00000 	0.03302 	
0.72993	0         	0.01862 	0.03589 	-0.01385	0.06917 	0.03241 	0.03241 	0.00000 	0.03241 	
0.73093	0         	0.01836 	0.03561 	-0.01437	0.06910 	0.03179 	0.03179 	0.00000 	0.03179 	
0.73192	0         	0.01812 	0.03530 	-0.01482	0.06910 	0.03115 	0.03115 	0.00000 	0.03115 	
0.73292	0         	0.01791 	0.03514 	-0.01529	0.06910 	0.03068 	0.03068 	0.00000 	0.03068 	
0.73392	0         	0.01763 	0.03490 	-0.01574	0.06910 	0.03017 	0.03017 	0.00000 	0.03017 	
0.73492	0         	0.01739 	0.03469 	-0.01632	0.06910 	0.02958 	0.02958 	0.00000 	0.02958 	
0.73592	0         	0.01712 	0.03440 	-0.01679	0.06910 	0.02898 	0.02898 	0.00000 	0.02898 	
0.73692	0         	0.01686 	0.03411 	-0.01730	0.06910 	0.02832 	0.02832 	0.00000 	0.02832 	
0.73792	0         	0.01658 	0.03373 	-0.01774	0.06886 	0.02762 	0.02762 	0.00000 	0.02762 	
0.73891	0         	0.01635 	0.03354 	-0.01830	0.06886 	0.02707 	0.02707 	0.00000 	0.02707 	
0.73991	0         	0.01615 	0.03322 	-0.01863	0.06886 	0.02649 	0.02649 	0.00000 	0.02649 	
0.74091	0         	0.01592 	0.03302 	-0.01919	0.06886 	0.02592 	0.02592 	0.00000 	0.02592 	
0.74191	0         	0.01575 	0.03273 	-0.01953	0.06886 	0.02537 	0.02537 	0.00000 	0.02537 	
0.74291	0         	0.01541 	0.03241 	-0.02004	0.06870 	0.02472 	0.02472 	0.00000 	0.02472 	
0.74391	0         	0.01512 	0.03218 	-0.02066	0.06870 	0.02410 	0.02410 	0.00000 	0.02410 	
0.74491	0         	0.01488 	0.03183 	-0.02109	0.06870 	0.02342 	0.02342 	0.00000 	0.02342 	
0.74590	0         	0.01461 	0.03156 	-0.02169	0.06870 	0.02275 	0.02275 	0.00000 	0.02275 	
0.74690	0         	0.01434 	0.03114 	-0.02210	0.06847 	0.02201 	0.02201 	0.00000 	0.02201 	
0.74790	0         	0.01417 	0.03100 	-0.02248	0.06847 	0.02163 	0.02163 	0.00000 	0.02163 	
0.74890	0         	0.01394 	0.03077 	-0.02287	0.06847 	0.02113 	0.02113 	0.00000 	0.02113 	
0.74990	0         	0.01369 	0.03051 	-0.02336	0.06847 	0.02054 	0.02054 	0.00000 	0.02054 	
0.75090	0         	0.01347 	0.03024 	-0.02379	0.06847 	0.01996 	0.01996 	0.00000 	0.01996 	
0.75189	0         	0.01327 	0.03005 	-0.02425	0.06847 	0.01947 	0.01947 	0.00000 	0.01947 	
0.75289	0         	0.01306 	0.02985 	-0.02470	0.06847 	0.01899 	0.01899 	0.00000 	0.01899 	
0.75389	0         	0.01287 	0.02969 	-0.02516	0.06847 	0.01853 	0.01853 	0.00000 	0.01853 	
0.75489	0         	0.01269 	0.02946 	-0.02537	0.06839 	0.01814 	0.01814 	0.00000 	0.01814 	
0.75589	0         	0.01261 	0.02938 	-0.02549	0.06839 	0.01798 	0.01798 	0.00000 	0.01798 	
0.75689	0         	0.01252 	0.02929 	-0.02567	0.06839 	0.01776 	0.01776 	0.00000 	0.01776 	
0.75789	0         	0.01239 	0.02913 	-0.02581	0.06815 	0.01750 	0.01750 	0.00000 	0.01750 	
0.75888	0         	0.01229 	0.02890 	-0.02561	0.06753 	0.01736 	0.01736 	0.00000 	0.01736 	
0.75988	0         	0.01218 	0.02879 	-0.02583	0.06753 	0.01711 	0.01711 	0.00000 	0.01711 	
0.76088	0         	0.01199 	0.02814 	-0.02495	0.06556 	0.01690 	0.01690 	0.00000 	0.01690 	
0.76188	0         	0.01191 	0.02808 	-0.02513	0.06556 	0.01672 	0.01672 	0.00000 	0.01672 	
0.76288	0         	0.01187 	0.02805 	-0.02522	0.06556 	0.01662 	0.01662 	0.00000 	0.01662 	
0.76388	0         	0.01175 	0.02797 	-0.02541	0.06556 	0.01643 	0.01643 	0.00000 	0.01643 	
0.76488	0         	0.01169 	0.02791 	-0.02557	0.06556 	0.01628 	0.01628 	0.00000 	0.01628 	
0.76587	0         	0.01165 	0.02788 	-0.02567	0.06556 	0.01617 	0.01617 	0.00000 	0.01617 	
0.76687	0         	0.01153 	0.02760 	-0.02540	0.06501 	0.01603 	0.01603 	0.00000 	0.01603 	
0.76787	0         	0.01151 	0.02760 	-0.02541	0.06501 	0.01602 	0.01602 	0.00000 	0.01602 	
0.76887	0         	0.01148 	0.02758 	-0.02544	0.06501 	0.01599 	0.01599 	0.00000 	0.01599 	
0.76987	0         	0.01147 	0.02756 	-0.02540	0.06493 	0.01599 	0.01599 	0.00000 	0.01599 	
0.77087	0         	0.01139 	0.02723 	-0.02491	0.06415 	0.01591 	0.01591 	0.00000 	0.01591 	
0.77187	0         	0.01137 	0.02722 	-0.02493	0.06415 	0.01589 	0.01589 	0.00000 	0.01589 	
0.77286	0         	0.01137 	0.02722 	-0.02493	0.06415 	0.01589 	0.01589 	0.00000 	0.01589 	
0.77386	0         	0.01136 	0.02722 	-0.02493	0.06415 	0.01589 	0.01589 	0.00000 	0.01589 	
0.77486	0         	0.01073 	0.02675 	-0.02513	0.06415 	0.01534 	0.01534 	0.00000 	0.01534 	
0.77586	0         	0.00975 	0.02586 	-0.02528	0.06415 	0.01437 	0.01437 	0.00000 	0.01437 	
0.77686	0         	0.00970 	0.02584 	-0.02532	0.06415 	0.01433 	0.01433 	0.00000 	0.01433 	
0.77786	0         	0.00968 	0.02573 	-0.02517	0.06391 	0.01430 	0.01430 	0.00000 	0.01430 	
0.77886	0         	0.00966 	0.02572 	-0.02519	0.06391 	0.01428 	0.01428 	0.00000 	0.01428 	
0.77985	0         	0.00962 	0.02569 	-0.02517	0.06383 	0.01426 	0.01426 	0.00000 	0.01426 	
0.78085	0         	0.00955 	0.02558 	-0.02510	0.06383 	0.01419 	0.01419 	0.00000 	0.01419 	
0.78185	0         	0.00894 	0.02077 	-0.01690	0.05025 	0.01345 	0.01345 	0.00000 	0.01345 	
0.78285	0         	0.00878 	0.01981 	-0.01537	0.04797 	0.01324 	0.01324 	0.00000 	0.01324 	
0.78385	0         	0.00846 	0.01831 	-0.01295	0.04334 	0.01296 	0.01296 	0.00000 	0.01296 	
0.78485	0         	0.00776 	0.01695 	-0.01088	0.03926 	0.01263 	0.01263 	0.00000 	0.01263 	
0.78584	0         	0.00776 	0.01691 	-0.01088	0.03918 	0.01259 	0.01259 	0.00000 	0.01259 	
0.78684	0         	0.00776 	0.01689 	-0.01092	0.03918 	0.01255 	0.01255 	0.00000 	0.01255 	
0.78784	0         	0.00762 	0.01681 	-0.01085	0.03910 	0.01251 	0.01251 	0.00000 	0.01251 	
0.78884	0         	0.00755 	0.01668 	-0.01066	0.03871 	0.01247 	0.01247 	0.00000 	0.01247 	
0.78984	0         	0.00748 	0.01654 	-0.01055	0.03840 	0.01239 	0.01239 	0.00000 	0.01239 	
0.79084	0         	0.00741 	0.01612 	-0.00996	0.03706 	0.01227 	0.01227 	0.00000 	0.01227 	
0.79184	0         	0.00741 	0.01602 	-0.00985	0.03675 	0.01223 	0.01223 	0.00000 	0.01223 	
0.79283	0         	0.00734 	0.01591 	-0.00975	0.03651 	0.01217 	0.01217 	0.00000 	0.01217 	
0.79383	0         	0.00734 	0.01588 	-0.00980	0.03651 	0.01212 	0.01212 	0.00000 	0.01212 	
0.79483	0         	0.00719 	0.01581 	-0.00973	0.03643 	0.01208 	0.01208 	0.00000 	0.01208 	
0.79583	0         	0.00698 	0.01572 	-0.00969	0.03643 	0.01201 	0.01201 	0.00000 	0.01201 	
0.79683	0         	0.00698 	0.01568 	-0.00978	0.03643 	0.01193 	0.01193 	0.00000 	0.01193 	
0.79783	0         	0.00691 	0.01561 	-0.00984	0.03643 	0.01183 	0.01183 	0.00000 	0.01183 	
0.79883	0         	0.00649 	0.01546 	-0.00974	0.03643 	0.01172 	0.01172 	0.00000 	0.01172 	
0.79982	0         	0.00642 	0.01541 	-0.00975	0.03643 	0.01167 	0.01167 	0.00000 	0.01167 	
0.80082	0         	0.00628 	0.01535 	-0.00973	0.03643 	0.01162 	0.01162 	0.00000 	0.01162 	
0.80182	0         	0.00628 	0.01534 	-0.00976	0.03643 	0.01160 	0.01160 	0.00000 	0.01160 	
0.80282	0         	0.00628 	0.01532 	-0.00979	0.03643 	0.01157 	0.01157 	0.00000 	0.01157 	
0.80382	0         	0.00628 	0.01532 	-0.00980	0.03643 	0.01155 	0.01155 	0.00000 	0.01155 	
0.80482	0         	0.00628 	0.01530 	-0.00983	0.03643 	0.01152 	0.01152 	0.00000 	0.01152 	
0.80582	0         	0.00621 	0.01499 	-0.00937	0.03541 	0.01144 	0.01144 	0.00000 	0.01144 	
0.80681	0         	0.00621 	0.01498 	-0.00938	0.03541 	0.01143 	0.01143 	0.00000 	0.01143 	
0.80781	0         	0.00621 	0.01497 	-0.00939	0.03541 	0.01142 	0.01142 	0.00000 	0.01142 	
0.80881	0         	0.00614 	0.01293 	-0.00655	0.02842 	0.01073 	0.01073 	0.00000 	0.01073 	
0.80981	0         	0.00536 	0.00956 	-0.00231	0.01790 	0.00932 	0.00932 	0.00000 	0.00932 	
0.81081	0         	0.00536 	0.00952 	-0.00239	0.01790 	0.00924 	0.00924 	0.00000 	0.00924 	
0.81181	0         	0.00536 	0.00952 	-0.00240	0.01790 	0.00923 	0.00923 	0.00000 	0.00923 	
0.81280	0         	0.00536 	0.00949 	-0.00246	0.01790 	0.00918 	0.00918 	0.00000 	0.00918 	
0.81380	0         	0.00536 	0.00948 	-0.00247	0.01790 	0.00917 	0.00917 	0.00000 	0.00917 	
0.81480	0         	0.00522 	0.00944 	-0.00242	0.01790 	0.00914 	0.00914 	0.00000 	0.00914 	
0.81580	0         	0.00515 	0.00941 	-0.00240	0.01790 	0.00912 	0.00912 	0.00000 	0.00912 	
0.81680	0         	0.00515 	0.00940 	-0.00242	0.01790 	0.00911 	0.00911 	0.00000 	0.00911 	
0.81780	0         	0.00515 	0.00940 	-0.00243	0.01790 	0.00910 	0.00910 	0.00000 	0.00910 	
0.81880	0         	0.00515 	0.00935 	-0.00252	0.01790 	0.00901 	0.00901 	0.00000 	0.00901 	
0.81979	0         	0.00515 	0.00934 	-0.00255	0.01790 	0.00897 	0.00897 	0.00000 	0.00897 	
0.82079	0         	0.00487 	0.00914 	-0.00229	0.01751 	0.00890 	0.00890 	0.00000 	0.00890 	
0.82179	0         	0.00487 	0.00913 	-0.00229	0.01751 	0.00890 	0.00890 	0.00000 	0.00890 	
0.82279	0         	0.00487 	0.00913 	-0.00230	0.01751 	0.00889 	0.00889 	0.00000 	0.00889 	
0.82379	0         	0.00480 	0.00910 	-0.00229	0.01751 	0.00886 	0.00886 	0.00000 	0.00886 	
0.82479	0         	0.00473 	0.00907 	-0.00228	0.01751 	0.00884 	0.00884 	0.00000 	0.00884 	
0.82579	0         	0.00473 	0.00906 	-0.00230	0.01751 	0.00882 	0.00882 	0.00000 	0.00882 	
0.82678	0         	0.00473 	0.00906 	-0.00230	0.01751 	0.00881 	0.00881 	0.00000 	0.00881 	
0.82778	0         	0.00473 	0.00905 	-0.00231	0.01751 	0.00880 	0.00880 	0.00000 	0.00880 	
0.82878	0         	0.00473 	0.00875 	-0.00191	0.01649 	0.00869 	0.00869 	0.00000 	0.00869 	
0.82978	0         	0.00473 	0.00874 	-0.00192	0.01649 	0.00869 	0.00869 	0.00000 	0.00869 	
0.83078	0         	0.00473 	0.00872 	-0.00189	0.01641 	0.00867 	0.00867 	0.00000 	0.00867 	
0.83178	0         	0.00473 	0.00866 	-0.00186	0.01625 	0.00863 	0.00863 	0.00000 	0.00863 	
0.83278	0         	0.00473 	0.00865 	-0.00188	0.01625 	0.00861 	0.00861 	0.00000 	0.00861 	
0.83377	0         	0.00473 	0.00865 	-0.00188	0.01625 	0.00861 	0.00861 	0.00000 	0.00861 	
0.83477	0         	0.00473 	0.00865 	-0.00189	0.01625 	0.00860 	0.00860 	0.00000 	0.00860 	
0.83577	0         	0.00473 	0.00857 	-0.00180	0.01602 	0.00857 	0.00857 	0.00000 	0.00857 	
0.83677	0         	0.00473 	0.00857 	-0.00182	0.01602 	0.00856 	0.00856 	0.00000 	0.00856 	
0.83777	0         	0.00466 	0.00847 	-0.00179	0.01586 	0.00847 	0.00847 	0.00000 	0.00847 	
0.83877	0         	0.00466 	0.00847 	-0.00179	0.01586 	0.00847 	0.00847 	0.00000 	0.00847 	
0.83976	0         	0.00466 	0.00847 	-0.00179	0.01586 	0.00847 	0.00847 	0.00000 	0.00847 	
0.84076	0         	0.00444 	0.00834 	-0.00160	0.01563 	0.00843 	0.00843 	0.00000 	0.00843 	
0.84176	0         	0.00444 	0.00834 	-0.00161	0.01563 	0.00842 	0.00842 	0.00000 	0.00842 	
0.84276	0         	0.00444 	0.00826 	-0.00153	0.01539 	0.00839 	0.00839 	0.00000 	0.00839 	
0.84376	0         	0.00444 	0.00825 	-0.00156	0.01539 	0.00835 	0.00835 	0.00000 	0.00835 	
0.84476	0         	0.00444 	0.00824 	-0.00158	0.01539 	0.00833 	0.00833 	0.00000 	0.00833 	
0.84576	0         	0.00444 	0.00823 	-0.00160	0.01539 	0.00832 	0.00832 	0.00000 	0.00832 	
0.84675	0         	0.00423 	0.00803 	-0.00133	0.01492 	0.00825 	0.00825 	0.00000 	0.00825 	
0.84775	0         	0.00423 	0.00803 	-0.00134	0.01492 	0.00824 	0.00824 	0.00000 	0.00824 	
0.84875	0         	0.00423 	0.00802 	-0.00135	0.01492 	0.00822 	0.00822 	0.00000 	0.00822 	
0.84975	0         	0.00423 	0.00801 	-0.00136	0.01492 	0.00822 	0.00822 	0.00000 	0.00822 	
0.85075	0         	0.00423 	0.00801 	-0.00137	0.01492 	0.00821 	0.00821 	0.00000 	0.00821 	
0.85175	0         	0.00423 	0.00799 	-0.00141	0.01492 	0.00817 	0.00817 	0.00000 	0.00817 	
0.85275	0         	0.00423 	0.00798 	-0.00142	0.01492 	0.00815 	0.00815 	0.00000 	0.00815 	
0.85374	0         	0.00423 	0.00792 	-0.00157	0.01492 	0.00801 	0.00801 	0.00000 	0.00801 	
0.85474	0         	0.00423 	0.00790 	-0.00160	0.01492 	0.00797 	0.00797 	0.00000 	0.00797 	
0.85574	0         	0.00423 	0.00759 	-0.00122	0.01390 	0.00784 	0.00784 	0.00000 	0.00784 	
0.85674	0         	0.00423 	0.00758 	-0.00123	0.01390 	0.00784 	0.00784 	0.00000 	0.00784 	
0.85774	0         	0.00423 	0.00758 	-0.00123	0.01390 	0.00783 	0.00783 	0.00000 	0.00783 	
0.85874	0         	0.00423 	0.00739 	-0.00098	0.01327 	0.00777 	0.00777 	0.00000 	0.00777 	
0.85974	0         	0.00416 	0.00729 	-0.00098	0.01311 	0.00766 	0.00766 	0.00000 	0.00766 	
0.86073	0         	0.00415 	0.00715 	-0.00086	0.01272 	0.00758 	0.00758 	0.00000 	0.00758 	
0.86173	0         	0.00414 	0.00715 	-0.00087	0.01272 	0.00757 	0.00757 	0.00000 	0.00757 	
0.86273	0         	0.00402 	0.00693 	-0.00064	0.01217 	0.00746 	0.00746 	0.00000 	0.00746 	
0.86373	0         	0.00395 	0.00665 	-0.00035	0.01139 	0.00732 	0.00732 	0.00000 	0.00732 	
0.86473	0         	0.00388 	0.00663 	-0.00033	0.01139 	0.00730 	0.00730 	0.00000 	0.00730 	
0.86573	0         	0.00367 	0.00636 	-0.00053	0.01115 	0.00688 	0.00688 	0.00000 	0.00688 	
0.86672	0         	0.00360 	0.00634 	-0.00050	0.01115 	0.00687 	0.00687 	0.00000 	0.00687 	
0.86772	0         	0.00360 	0.00633 	-0.00052	0.01115 	0.00685 	0.00685 	0.00000 	0.00685 	
0.86872	0         	0.00360 	0.00630 	-0.00051	0.01107 	0.00682 	0.00682 	0.00000 	0.00682 	
0.86972	0         	0.00324 	0.00604 	-0.00015	0.01052 	0.00673 	0.00673 	0.00000 	0.00673 	
0.87072	0         	0.00324 	0.00601 	-0.00021	0.01052 	0.00667 	0.00667 	0.00000 	0.00667 	
0.87172	0         	0.00317 	0.00590 	-0.00040	0.01052 	0.00645 	0.00645 	0.00000 	0.00645 	
0.87272	0         	0.00317 	0.00589 	-0.00041	0.01052 	0.00644 	0.00644 	0.00000 	0.00644 	
0.87371	0         	0.00317 	0.00588 	-0.00043	0.01052 	0.00642 	0.00642 	0.00000 	0.00642 	
0.87471	0         	0.00310 	0.00579 	-0.00050	0.01044 	0.00628 	0.00628 	0.00000 	0.00628 	
0.87571	0         	0.00310 	0.00578 	-0.00052	0.01044 	0.00626 	0.00626 	0.00000 	0.00626 	
0.87671	0         	0.00310 	0.00573 	-0.00047	0.01029 	0.00623 	0.00623 	0.00000 	0.00623 	
0.87771	0         	0.00310 	0.00572 	-0.00047	0.01029 	0.00622 	0.00622 	0.00000 	0.00622 	
0.87871	0         	0.00310 	0.00569 	-0.00055	0.01029 	0.00614 	0.00614 	0.00000 	0.00614 	
0.87971	0         	0.00310 	0.00569 	-0.00056	0.01029 	0.00613 	0.00613 	0.00000 	0.00613 	
0.88070	0         	0.00310 	0.00568 	-0.00057	0.01029 	0.00612 	0.00612 	0.00000 	0.00612 	
0.88170	0         	0.00310 	0.00568 	-0.00058	0.01029 	0.00611 	0.00611 	0.00000 	0.00611 	
0.88270	0         	0.00310 	0.00568 	-0.00059	0.01029 	0.00611 	0.00611 	0.00000 	0.00611 	
0.88370	0         	0.00275 	0.00550 	-0.00064	0.01029 	0.00588 	0.00588 	0.00000 	0.00588 	
0.88470	0         	0.00275 	0.00545 	-0.00059	0.01013 	0.00585 	0.00585 	0.00000 	0.00585 	
0.88570	0         	0.00261 	0.00504 	-0.00006	0.00887 	0.00568 	0.00568 	0.00000 	0.00568 	
0.88670	0         	0.00261 	0.00503 	-0.00008	0.00887 	0.00566 	0.00566 	0.00000 	0.00566 	
0.88769	0         	0.00254 	0.00500 	-0.00008	0.00887 	0.00562 	0.00562 	0.00000 	0.00562 	
0.88869	0         	0.00254 	0.00497 	-0.00014	0.00887 	0.00557 	0.00557 	0.00000 	0.00557 	
0.88969	0         	0.00254 	0.00497 	-0.00014	0.00887 	0.00557 	0.00557 	0.00000 	0.00557 	
0.89069	0         	0.00247 	0.00476 	inf     	0.00824 	0.00549 	0.00549 	0.00000 	0.00549 	
0.89169	0         	0.00247 	0.00476 	inf     	0.00824 	0.00548 	0.00548 	0.00000 	0.00548 	
0.89269	0         	0.00240 	0.00470 	inf     	0.00824 	0.00536 	0.00536 	0.00000 	0.00536 	
0.89368	0         	0.00233 	0.00467 	inf     	0.00824 	0.00535 	0.00535 	0.00000 	0.00535 	
0.89468	0         	0.00233 	0.00446 	inf     	0.00754 	0.00526 	0.00526 	0.00000 	0.00526 	
0.89568	0         	0.00233 	0.00438 	inf     	0.00754 	0.00507 	0.00507 	0.00000 	0.00507 	
0.89668	0         	0.00233 	0.00438 	inf     	0.00754 	0.00505 	0.00505 	0.00000 	0.00505 	
0.89768	0         	0.00226 	0.00430 	inf     	0.00738 	0.00500 	0.00500 	0.00000 	0.00500 	
0.89868	0         	0.00226 	0.00430 	inf     	0.00738 	0.00499 	0.00499 	0.00000 	0.00499 	
0.89968	0         	0.00226 	0.00423 	inf     	0.00722 	0.00493 	0.00493 	0.00000 	0.00493 	
0.90067	0         	0.00226 	0.00423 	inf     	0.00722 	0.00492 	0.00492 	0.00000 	0.00492 	
0.90167	0         	0.00226 	0.00421 	inf     	0.00722 	0.00487 	0.00487 	0.00000 	0.00487 	
0.90267	0         	0.00226 	0.00419 	inf     	0.00722 	0.00484 	0.00484 	0.00000 	0.00484 	
0.90367	0         	0.00205 	0.00410 	inf     	0.00722 	0.00473 	0.00473 	0.00000 	0.00473 	
0.90467	0         	0.00205 	0.00409 	inf     	0.00722 	0.00472 	0.00472 	0.00000 	0.00472 	
0.90567	0         	0.00205 	0.00408 	inf     	0.00722 	0.00468 	0.00468 	0.00000 	0.00468 	
0.90667	0         	0.00205 	0.00400 	inf     	0.00699 	0.00463 	0.00463 	0.00000 	0.00463 	
0.90766	0         	0.00205 	0.00400 	inf     	0.00699 	0.00463 	0.00463 	0.00000 	0.00463 	
0.90866	0         	0.00190 	0.00394 	inf     	0.00699 	0.00456 	0.00456 	0.00000 	0.00456 	
0.90966	0         	0.00183 	0.00391 	inf     	0.00699 	0.00454 	0.00454 	0.00000 	0.00454 	
0.91066	0         	0.00183 	0.00355 	inf     	0.00581 	0.00439 	0.00439 	0.00000 	0.00439 	
0.91166	0         	0.00162 	0.00348 	inf     	0.00581 	0.00434 	0.00434 	0.00000 	0.00434 	
0.91266	0         	0.00162 	0.00347 	inf     	0.00581 	0.00429 	0.00429 	0.00000 	0.00429 	
0.91366	0         	0.00162 	0.00343 	inf     	0.00581 	0.00419 	0.00419 	0.00000 	0.00419 	
0.91465	0         	0.00162 	0.00341 	inf     	0.00581 	0.00416 	0.00416 	0.00000 	0.00416 	
0.91565	0         	0.00155 	0.00339 	inf     	0.00581 	0.00414 	0.00414 	0.00000 	0.00414 	
0.91665	0         	0.00155 	0.00339 	inf     	0.00581 	0.00413 	0.00413 	0.00000 	0.00413 	
0.91765	0         	0.00155 	0.00337 	inf     	0.00581 	0.00409 	0.00409 	0.00000 	0.00409 	
0.91865	0         	0.00155 	0.00320 	inf     	0.00534 	0.00396 	0.00396 	0.00000 	0.00396 	
0.91965	0         	0.00155 	0.00320 	inf     	0.00534 	0.00396 	0.00396 	0.00000 	0.00396 	
0.92064	0         	0.00148 	0.00314 	inf     	0.00534 	0.00386 	0.00386 	0.00000 	0.00386 	
0.92164	0         	0.00141 	0.00309 	inf     	0.00534 	0.00377 	0.00377 	0.00000 	0.00377 	
0.92264	0         	0.00134 	0.00307 	inf     	0.00534 	0.00376 	0.00376 	0.00000 	0.00376 	
0.92364	0         	0.00134 	0.00305 	inf     	0.00534 	0.00371 	0.00371 	0.00000 	0.00371 	
0.92464	0         	0.00134 	0.00305 	inf     	0.00534 	0.00371 	0.00371 	0.00000 	0.00371 	
0.92564	0         	0.00134 	0.00305 	inf     	0.00534 	0.00371 	0.00371 	0.00000 	0.00371 	
0.92664	0         	0.00134 	0.00303 	inf     	0.00534 	0.00366 	0.00366 	0.00000 	0.00366 	
0.92763	0         	0.00127 	0.00276 	inf     	0.00455 	0.00352 	0.00352 	0.00000 	0.00352 	
0.92863	0         	0.00127 	0.00233 	inf     	0.00329 	0.00329 	0.00329 	0.00000 	0.00329 	
0.92963	0         	0.00127 	0.00220 	inf     	0.00315 	0.00315 	0.00315 	0.00000 	0.00315 	
0.93063	0         	0.00127 	0.00214 	inf     	0.00310 	0.00310 	0.00310 	0.00000 	0.00310 	
0.93163	0         	0.00085 	0.00179 	inf     	0.00275 	0.00246 	0.00246 	0.00000 	0.00246 	
0.93263	0         	0.00085 	0.00177 	inf     	0.00275 	0.00241 	0.00241 	0.00000 	0.00241 	
0.93363	0         	0.00085 	0.00176 	inf     	0.00275 	0.00238 	0.00238 	0.00000 	0.00238 	
0.93462	0         	0.00085 	0.00176 	inf     	0.00275 	0.00236 	0.00236 	0.00000 	0.00236 	
0.93562	0         	0.00085 	0.00176 	inf     	0.00275 	0.00236 	0.00236 	0.00000 	0.00236 	
0.93662	0         	0.00085 	0.00175 	inf     	0.00275 	0.00235 	0.00235 	0.00000 	0.00235 	
0.93762	0         	0.00085 	0.00175 	inf     	0.00275 	0.00234 	0.00234 	0.00000 	0.00234 	
0.93862	0         	0.00085 	0.00175 	inf     	0.00275 	0.00233 	0.00233 	0.00000 	0.00233 	
0.93962	0         	0.00085 	0.00174 	inf     	0.00275 	0.00232 	0.00232 	0.00000 	0.00232 	
0.94062	0         	0.00085 	0.00168 	inf     	0.00259 	0.00227 	0.00227 	0.00000 	0.00227 	
0.94161	0         	0.00085 	0.00168 	inf     	0.00259 	0.00227 	0.00227 	0.00000 	0.00227 	
0.94261	0         	0.00078 	0.00164 	inf     	0.00251 	0.00224 	0.00224 	0.00000 	0.00224 	
0.94361	0         	0.00078 	0.00164 	inf     	0.00251 	0.00224 	0.00224 	0.00000 	0.00224 	
0.94461	0         	0.00078 	0.00160 	inf     	0.00251 	0.00214 	0.00214 	0.00000 	0.00214 	
0.94561	0         	0.00078 	0.00159 	inf     	0.00251 	0.00212 	0.00212 	0.00000 	0.00212 	
0.94661	0         	0.00078 	0.00157 	inf     	0.00251 	0.00207 	0.00207 	0.00000 	0.00207 	
0.94760	0         	0.00078 	0.00157 	inf     	0.00251 	0.00206 	0.00206 	0.00000 	0.00206 	
0.94860	0         	0.00078 	0.00155 	inf     	0.00251 	0.00202 	0.00202 	0.00000 	0.00202 	
0.94960	0         	0.00071 	0.00153 	inf     	0.00251 	0.00201 	0.00201 	0.00000 	0.00201 	
0.95060	0         	0.00071 	0.00153 	inf     	0.00251 	0.00200 	0.00200 	0.00000 	0.00200 	
0.95160	0         	0.00071 	0.00153 	inf     	0.00251 	0.00200 	0.00200 	0.00000 	0.00200 	
0.95260	0         	0.00071 	0.00153 	inf     	0.00251 	0.00200 	0.00200 	0.00000 	0.00200 	
0.95360	0         	0.00071 	0.00150 	inf     	0.00251 	0.00194 	0.00194 	0.00000 	0.00194 	
0.95459	0         	0.00071 	0.00136 	inf     	0.00204 	0.00188 	0.00188 	0.00000 	0.00188 	
0.95559	0         	0.00071 	0.00135 	inf     	0.00204 	0.00183 	0.00183 	0.00000 	0.00183 	
0.95659	0         	0.00071 	0.00134 	inf     	0.00204 	0.00181 	0.00181 	0.00000 	0.00181 	
0.95759	0         	0.00071 	0.00130 	inf     	0.00196 	0.00175 	0.00175 	0.00000 	0.00175 	
0.95859	0         	0.00071 	0.00130 	inf     	0.00196 	0.00175 	0.00175 	0.00000 	0.00175 	
0.95959	0         	0.00063 	0.00128 	inf     	0.00196 	0.00174 	0.00174 	0.00000 	0.00174 	
0.96059	0         	0.00063 	0.00124 	inf     	0.00188 	0.00169 	0.00169 	0.00000 	0.00169 	
0.96158	0         	0.00063 	0.00117 	inf     	0.00188 	0.00150 	0.00150 	0.00000 	0.00150 	
0.96258	0         	0.00063 	0.00117 	inf     	0.00188 	0.00149 	0.00149 	0.00000 	0.00149 	
0.96358	0         	0.00063 	0.00117 	inf     	0.00188 	0.00149 	0.00149 	0.00000 	0.00149 	
0.96458	0         	0.00063 	0.00116 	inf     	0.00188 	0.00148 	0.00148 	0.00000 	0.00148 	
0.96558	0         	0.00063 	0.00116 	inf     	0.00188 	0.00147 	0.00147 	0.00000 	0.00147 	
0.96658	0         	0.00062 	0.00115 	inf     	0.00188 	0.00144 	0.00144 	0.00000 	0.00144 	
0.96758	0         	0.00056 	0.00111 	inf     	0.00188 	0.00139 	0.00139 	0.00000 	0.00139 	
0.96857	0         	0.00048 	0.00080 	inf     	0.00114 	0.00114 	0.00114 	0.00000 	0.00114 	
0.96957	0         	0.00047 	0.00080 	inf     	0.00113 	0.00113 	0.00113 	0.00000 	0.00113 	
0.97057	0         	0.00040 	0.00070 	inf     	0.00098 	0.00098 	0.00098 	0.00000 	0.00098 	
0.97157	0         	0.00035 	0.00059 	inf     	0.00088 	0.00088 	0.00088 	0.00000 	0.00088 	
0.97257	0         	0.00033 	0.00051 	inf     	0.00083 	0.00083 	0.00083 	0.00000 	0.00083 	
0.97357	0         	0.00032 	0.00051 	inf     	0.00081 	0.00081 	0.00081 	0.00000 	0.00081 	
0.97456	0         	0.00032 	0.00050 	inf     	0.00079 	0.00079 	0.00079 	0.00000 	0.00079 	
0.97556	0         	0.00016 	0.00035 	inf     	0.00068 	0.00068 	0.00068 	0.00000 	0.00068 	
0.97656	0         	0.00016 	0.00031 	inf     	0.00062 	0.00062 	0.00062 	0.00000 	0.00062 	
0.97756	0         	0.00014 	0.00027 	inf     	0.00056 	0.00056 	0.00056 	0.00000 	0.00056 	
0.97856	0         	0.00014 	0.00026 	inf     	0.00052 	0.00052 	0.00052 	0.00000 	0.00052 	
0.97956	0         	0.00014 	0.00025 	inf     	0.00049 	0.00049 	0.00049 	0.00000 	0.00049 	
0.98056	0         	0.00014 	0.00025 	inf     	0.00049 	0.00049 	0.00049 	0.00000 	0.00049 	
0.98155	0         	0.00008 	0.00020 	inf     	0.00042 	0.00042 	0.00042 	0.00000 	0.00042 	
0.98255	0         	0.00008 	0.00020 	inf     	0.00042 	0.00042 	0.00042 	0.00000 	0.00042 	
0.98355	0         	0.00008 	0.00020 	inf     	0.00042 	0.00042 	0.00042 	0.00000 	0.00042 	
0.98455	0         	0.00008 	0.00020 	inf     	0.00041 	0.00041 	0.00041 	0.00000 	0.00041 	
0.98555	0         	0.00008 	0.00020 	inf     	0.00041 	0.00041 	0.00041 	0.00000 	0.00041 	
0.98655	0         	0.00008 	0.00020 	inf     	0.00041 	0.00041 	0.00041 	0.00000 	0.00041 	
0.98755	0         	0.00008 	0.00017 	inf     	0.00035 	0.00035 	0.00035 	0.00000 	0.00035 	
0.98854	0         	0.00007 	0.00015 	inf     	0.00033 	0.00033 	0.00033 	0.00000 	0.00033 	
0.98954	0         	0.00007 	0.00013 	inf     	0.00028 	0.00028 	0.00028 	0.00000 	0.00028 	
0.99054	0         	0.00007 	0.00013 	inf     	0.00028 	0.00028 	0.00028 	0.00000 	0.00028 	
0.99154	0         	0.00007 	0.00013 	inf     	0.00027 	0.00027 	0.00027 	0.00000 	0.00027 	
0.99254	0         	0.00007 	0.00012 	inf     	0.00024 	0.00024 	0.00024 	0.00000 	0.00024 	
0.99354	0         	0.00000 	0.00009 	inf     	0.00021 	0.00021 	0.00021 	0.00000 	0.00021 	
0.99454	0         	0.00000 	0.00006 	inf     	0.00014 	0.00014 	0.00014 	0.00000 	0.00014 	
0.99553	0         	0.00000 	0.00006 	inf     	0.00012 	0.00012 	0.00012 	0.00000 	0.00012 	
0.99653	0         	0.00000 	0.00006 	inf     	0.00012 	0.00012 	0.00012 	0.00000 	0.00012 	
0.99753	0         	0.00000 	0.00005 	inf     	0.00009 	0.00009 	0.00009 	0.00000 	0.00009 	
0.99853	0         	0.00000 	0.00000 	inf     	0.00001 	0.00001 	0.00001 	0.00000 	0.00001 	
0.99953	0         	0.00000 	0.00000 	inf     	0.00001 	0.00001 	0.00001 	0.00000 	0.00001 	
1.00000	0         	0.00000 	0.00000 	-0.00000	0.00000 	0.00000 	0.00000 	0.00000 	0.00000 	
