Prop_landscape_lost  cost_needed_for_top_fraction  min_prop_rem  ave_prop_rem  weighted_ave_prop_rem   prop_remaining_at_level_of_removal_for_each_ssi_feature...
0.0000  2.0433e+005  1.0000 1.0000 1.0000   1.000 1.000 
0.0010  2.0412e+005  1.0000 1.0000 1.0000   1.000 1.000 
0.0020  2.0392e+005  1.0000 1.0000 1.0000   1.000 1.000 
0.0030  2.0372e+005  1.0000 1.0000 1.0000   1.000 1.000 
0.0040  2.0351e+005  1.0000 1.0000 1.0000   1.000 1.000 
0.0050  2.0331e+005  1.0000 1.0000 1.0000   1.000 1.000 
0.0060  2.031e+005  1.0000 1.0000 1.0000   1.000 1.000 
0.0070  2.029e+005  1.0000 1.0000 1.0000   1.000 1.000 
0.0080  2.027e+005  1.0000 1.0000 1.0000   1.000 1.000 
0.0090  2.0249e+005  1.0000 1.0000 1.0000   1.000 1.000 
0.0100  2.0229e+005  1.0000 1.0000 1.0000   1.000 1.000 
0.0110  2.0208e+005  1.0000 1.0000 1.0000   1.000 1.000 
0.0120  2.0188e+005  1.0000 1.0000 1.0000   1.000 1.000 
0.0130  2.0168e+005  1.0000 1.0000 1.0000   1.000 1.000 
0.0140  2.0147e+005  1.0000 1.0000 1.0000   1.000 1.000 
0.0150  2.0127e+005  1.0000 1.0000 1.0000   1.000 1.000 
0.0160  2.0106e+005  1.0000 1.0000 1.0000   1.000 1.000 
0.0170  2.0086e+005  1.0000 1.0000 1.0000   1.000 1.000 
0.0180  2.0066e+005  1.0000 1.0000 1.0000   1.000 1.000 
0.0190  2.0045e+005  1.0000 1.0000 1.0000   1.000 1.000 
0.0200  2.0025e+005  1.0000 1.0000 1.0000   1.000 1.000 
0.0210  2.0004e+005  1.0000 1.0000 1.0000   1.000 1.000 
0.0220  1.9984e+005  1.0000 1.0000 1.0000   1.000 1.000 
0.0230  1.9964e+005  1.0000 1.0000 1.0000   1.000 1.000 
0.0240  1.9943e+005  1.0000 1.0000 1.0000   1.000 1.000 
0.0250  1.9923e+005  1.0000 1.0000 1.0000   1.000 1.000 
0.0260  1.9902e+005  1.0000 1.0000 1.0000   1.000 1.000 
0.0270  1.9882e+005  1.0000 1.0000 1.0000   1.000 1.000 
0.0280  1.9862e+005  1.0000 1.0000 1.0000   1.000 1.000 
0.0290  1.9841e+005  1.0000 1.0000 1.0000   1.000 1.000 
0.0300  1.9821e+005  1.0000 1.0000 1.0000   1.000 1.000 
0.0310  1.98e+005   1.0000 1.0000 1.0000   1.000 1.000 
0.0320  1.978e+005  1.0000 1.0000 1.0000   1.000 1.000 
0.0330  1.976e+005  1.0000 1.0000 1.0000   1.000 1.000 
0.0340  1.9739e+005  1.0000 1.0000 1.0000   1.000 1.000 
0.0350  1.9719e+005  1.0000 1.0000 1.0000   1.000 1.000 
0.0360  1.9698e+005  1.0000 1.0000 1.0000   1.000 1.000 
0.0370  1.9678e+005  1.0000 1.0000 1.0000   1.000 1.000 
0.0379  1.9658e+005  1.0000 1.0000 1.0000   1.000 1.000 
0.0389  1.9637e+005  1.0000 1.0000 1.0000   1.000 1.000 
0.0399  1.9617e+005  1.0000 1.0000 1.0000   1.000 1.000 
0.0409  1.9596e+005  1.0000 1.0000 1.0000   1.000 1.000 
0.0419  1.9576e+005  1.0000 1.0000 1.0000   1.000 1.000 
0.0429  1.9556e+005  1.0000 1.0000 1.0000   1.000 1.000 
0.0439  1.9535e+005  1.0000 1.0000 1.0000   1.000 1.000 
0.0449  1.9515e+005  1.0000 1.0000 1.0000   1.000 1.000 
0.0459  1.9494e+005  1.0000 1.0000 1.0000   1.000 1.000 
0.0469  1.9474e+005  1.0000 1.0000 1.0000   1.000 1.000 
0.0479  1.9454e+005  1.0000 1.0000 1.0000   1.000 1.000 
0.0489  1.9433e+005  1.0000 1.0000 1.0000   1.000 1.000 
0.0499  1.9413e+005  1.0000 1.0000 1.0000   1.000 1.000 
0.0509  1.9392e+005  1.0000 1.0000 1.0000   1.000 1.000 
0.0519  1.9372e+005  1.0000 1.0000 1.0000   1.000 1.000 
0.0529  1.9352e+005  1.0000 1.0000 1.0000   1.000 1.000 
0.0539  1.9331e+005  1.0000 1.0000 1.0000   1.000 1.000 
0.0549  1.9311e+005  1.0000 1.0000 1.0000   1.000 1.000 
0.0559  1.929e+005  1.0000 1.0000 1.0000   1.000 1.000 
0.0569  1.927e+005  1.0000 1.0000 1.0000   1.000 1.000 
0.0579  1.925e+005  1.0000 1.0000 1.0000   1.000 1.000 
0.0589  1.9229e+005  1.0000 1.0000 1.0000   1.000 1.000 
0.0599  1.9209e+005  1.0000 1.0000 1.0000   1.000 1.000 
0.0609  1.9188e+005  1.0000 1.0000 1.0000   1.000 1.000 
0.0619  1.9168e+005  1.0000 1.0000 1.0000   1.000 1.000 
0.0629  1.9148e+005  1.0000 1.0000 1.0000   1.000 1.000 
0.0639  1.9127e+005  1.0000 1.0000 1.0000   1.000 1.000 
0.0649  1.9107e+005  1.0000 1.0000 1.0000   1.000 1.000 
0.0659  1.9086e+005  1.0000 1.0000 1.0000   1.000 1.000 
0.0669  1.9066e+005  1.0000 1.0000 1.0000   1.000 1.000 
0.0679  1.9046e+005  1.0000 1.0000 1.0000   1.000 1.000 
0.0689  1.9025e+005  1.0000 1.0000 1.0000   1.000 1.000 
0.0699  1.9005e+005  1.0000 1.0000 1.0000   1.000 1.000 
0.0709  1.8984e+005  1.0000 1.0000 1.0000   1.000 1.000 
0.0719  1.8964e+005  1.0000 1.0000 1.0000   1.000 1.000 
0.0729  1.8944e+005  1.0000 1.0000 1.0000   1.000 1.000 
0.0739  1.8923e+005  1.0000 1.0000 1.0000   1.000 1.000 
0.0749  1.8903e+005  1.0000 1.0000 1.0000   1.000 1.000 
0.0759  1.8882e+005  1.0000 1.0000 1.0000   1.000 1.000 
0.0769  1.8862e+005  1.0000 1.0000 1.0000   1.000 1.000 
0.0779  1.8842e+005  1.0000 1.0000 1.0000   1.000 1.000 
0.0789  1.8821e+005  1.0000 1.0000 1.0000   1.000 1.000 
0.0799  1.8801e+005  1.0000 1.0000 1.0000   1.000 1.000 
0.0809  1.878e+005  1.0000 1.0000 1.0000   1.000 1.000 
0.0819  1.876e+005  1.0000 1.0000 1.0000   1.000 1.000 
0.0829  1.874e+005  1.0000 1.0000 1.0000   1.000 1.000 
0.0839  1.8719e+005  1.0000 1.0000 1.0000   1.000 1.000 
0.0849  1.8699e+005  1.0000 1.0000 1.0000   1.000 1.000 
0.0859  1.8678e+005  1.0000 1.0000 1.0000   1.000 1.000 
0.0869  1.8658e+005  1.0000 1.0000 1.0000   1.000 1.000 
0.0879  1.8638e+005  1.0000 1.0000 1.0000   1.000 1.000 
0.0889  1.8617e+005  1.0000 1.0000 1.0000   1.000 1.000 
0.0899  1.8597e+005  1.0000 1.0000 1.0000   1.000 1.000 
0.0909  1.8576e+005  1.0000 1.0000 1.0000   1.000 1.000 
0.0919  1.8556e+005  1.0000 1.0000 1.0000   1.000 1.000 
0.0929  1.8536e+005  1.0000 1.0000 1.0000   1.000 1.000 
0.0939  1.8515e+005  1.0000 1.0000 1.0000   1.000 1.000 
0.0949  1.8495e+005  1.0000 1.0000 1.0000   1.000 1.000 
0.0959  1.8474e+005  1.0000 1.0000 1.0000   1.000 1.000 
0.0969  1.8454e+005  1.0000 1.0000 1.0000   1.000 1.000 
0.0979  1.8434e+005  1.0000 1.0000 1.0000   1.000 1.000 
0.0989  1.8413e+005  1.0000 1.0000 1.0000   1.000 1.000 
0.0998  1.8393e+005  1.0000 1.0000 1.0000   1.000 1.000 
0.1008  1.8372e+005  1.0000 1.0000 1.0000   1.000 1.000 
0.1018  1.8352e+005  1.0000 1.0000 1.0000   1.000 1.000 
0.1028  1.8332e+005  1.0000 1.0000 1.0000   1.000 1.000 
0.1038  1.8311e+005  1.0000 1.0000 1.0000   1.000 1.000 
0.1048  1.8291e+005  1.0000 1.0000 1.0000   1.000 1.000 
0.1058  1.827e+005  1.0000 1.0000 1.0000   1.000 1.000 
0.1068  1.825e+005  1.0000 1.0000 1.0000   1.000 1.000 
0.1078  1.823e+005  1.0000 1.0000 1.0000   1.000 1.000 
0.1088  1.8209e+005  1.0000 1.0000 1.0000   1.000 1.000 
0.1098  1.8189e+005  1.0000 1.0000 1.0000   1.000 1.000 
0.1108  1.8168e+005  1.0000 1.0000 1.0000   1.000 1.000 
0.1118  1.8148e+005  1.0000 1.0000 1.0000   1.000 1.000 
0.1128  1.8128e+005  1.0000 1.0000 1.0000   1.000 1.000 
0.1138  1.8107e+005  1.0000 1.0000 1.0000   1.000 1.000 
0.1148  1.8087e+005  1.0000 1.0000 1.0000   1.000 1.000 
0.1158  1.8066e+005  1.0000 1.0000 1.0000   1.000 1.000 
0.1168  1.8046e+005  1.0000 1.0000 1.0000   1.000 1.000 
0.1178  1.8026e+005  1.0000 1.0000 1.0000   1.000 1.000 
0.1188  1.8005e+005  1.0000 1.0000 1.0000   1.000 1.000 
0.1198  1.7985e+005  1.0000 1.0000 1.0000   1.000 1.000 
0.1208  1.7964e+005  1.0000 1.0000 1.0000   1.000 1.000 
0.1218  1.7944e+005  1.0000 1.0000 1.0000   1.000 1.000 
0.1228  1.7924e+005  1.0000 1.0000 1.0000   1.000 1.000 
0.1238  1.7903e+005  1.0000 1.0000 1.0000   1.000 1.000 
0.1248  1.7883e+005  1.0000 1.0000 1.0000   1.000 1.000 
0.1258  1.7862e+005  1.0000 1.0000 1.0000   1.000 1.000 
0.1268  1.7842e+005  1.0000 1.0000 1.0000   1.000 1.000 
0.1278  1.7822e+005  1.0000 1.0000 1.0000   1.000 1.000 
0.1288  1.7801e+005  1.0000 1.0000 1.0000   1.000 1.000 
0.1298  1.7781e+005  1.0000 1.0000 1.0000   1.000 1.000 
0.1308  1.776e+005  1.0000 1.0000 1.0000   1.000 1.000 
0.1318  1.774e+005  1.0000 1.0000 1.0000   1.000 1.000 
0.1328  1.772e+005  1.0000 1.0000 1.0000   1.000 1.000 
0.1338  1.7699e+005  1.0000 1.0000 1.0000   1.000 1.000 
0.1348  1.7679e+005  1.0000 1.0000 1.0000   1.000 1.000 
0.1358  1.7658e+005  1.0000 1.0000 1.0000   1.000 1.000 
0.1368  1.7638e+005  1.0000 1.0000 1.0000   1.000 1.000 
0.1378  1.7618e+005  1.0000 1.0000 1.0000   1.000 1.000 
0.1388  1.7597e+005  1.0000 1.0000 1.0000   1.000 1.000 
0.1398  1.7577e+005  1.0000 1.0000 1.0000   1.000 1.000 
0.1408  1.7556e+005  1.0000 1.0000 1.0000   1.000 1.000 
0.1418  1.7536e+005  1.0000 1.0000 1.0000   1.000 1.000 
0.1428  1.7516e+005  1.0000 1.0000 1.0000   1.000 1.000 
0.1438  1.7495e+005  1.0000 1.0000 1.0000   1.000 1.000 
0.1448  1.7475e+005  1.0000 1.0000 1.0000   1.000 1.000 
0.1458  1.7454e+005  1.0000 1.0000 1.0000   1.000 1.000 
0.1468  1.7434e+005  1.0000 1.0000 1.0000   1.000 1.000 
0.1478  1.7414e+005  1.0000 1.0000 1.0000   1.000 1.000 
0.1488  1.7393e+005  1.0000 1.0000 1.0000   1.000 1.000 
0.1498  1.7373e+005  1.0000 1.0000 1.0000   1.000 1.000 
0.1508  1.7352e+005  1.0000 1.0000 1.0000   1.000 1.000 
0.1518  1.7332e+005  1.0000 1.0000 1.0000   1.000 1.000 
0.1528  1.7312e+005  1.0000 1.0000 1.0000   1.000 1.000 
0.1538  1.7291e+005  1.0000 1.0000 1.0000   1.000 1.000 
0.1548  1.7271e+005  1.0000 1.0000 1.0000   1.000 1.000 
0.1558  1.725e+005  1.0000 1.0000 1.0000   1.000 1.000 
0.1568  1.723e+005  1.0000 1.0000 1.0000   1.000 1.000 
0.1578  1.721e+005  1.0000 1.0000 1.0000   1.000 1.000 
0.1588  1.7189e+005  1.0000 1.0000 1.0000   1.000 1.000 
0.1598  1.7169e+005  1.0000 1.0000 1.0000   1.000 1.000 
0.1608  1.7148e+005  1.0000 1.0000 1.0000   1.000 1.000 
0.1617  1.7128e+005  1.0000 1.0000 1.0000   1.000 1.000 
0.1627  1.7108e+005  1.0000 1.0000 1.0000   1.000 1.000 
0.1637  1.7087e+005  1.0000 1.0000 1.0000   1.000 1.000 
0.1647  1.7067e+005  1.0000 1.0000 1.0000   1.000 1.000 
0.1657  1.7046e+005  1.0000 1.0000 1.0000   1.000 1.000 
0.1667  1.7026e+005  1.0000 1.0000 1.0000   1.000 1.000 
0.1677  1.7006e+005  1.0000 1.0000 1.0000   1.000 1.000 
0.1687  1.6985e+005  1.0000 1.0000 1.0000   1.000 1.000 
0.1697  1.6965e+005  1.0000 1.0000 1.0000   1.000 1.000 
0.1707  1.6944e+005  1.0000 1.0000 1.0000   1.000 1.000 
0.1717  1.6924e+005  1.0000 1.0000 1.0000   1.000 1.000 
0.1727  1.6904e+005  1.0000 1.0000 1.0000   1.000 1.000 
0.1737  1.6883e+005  1.0000 1.0000 1.0000   1.000 1.000 
0.1747  1.6863e+005  1.0000 1.0000 1.0000   1.000 1.000 
0.1757  1.6842e+005  1.0000 1.0000 1.0000   1.000 1.000 
0.1767  1.6822e+005  1.0000 1.0000 1.0000   1.000 1.000 
0.1777  1.6802e+005  1.0000 1.0000 1.0000   1.000 1.000 
0.1787  1.6781e+005  1.0000 1.0000 1.0000   1.000 1.000 
0.1797  1.6761e+005  1.0000 1.0000 1.0000   1.000 1.000 
0.1807  1.674e+005  1.0000 1.0000 1.0000   1.000 1.000 
0.1817  1.672e+005  1.0000 1.0000 1.0000   1.000 1.000 
0.1827  1.67e+005   1.0000 1.0000 1.0000   1.000 1.000 
0.1837  1.6679e+005  1.0000 1.0000 1.0000   1.000 1.000 
0.1847  1.6659e+005  1.0000 1.0000 1.0000   1.000 1.000 
0.1857  1.6638e+005  1.0000 1.0000 1.0000   1.000 1.000 
0.1867  1.6618e+005  1.0000 1.0000 1.0000   1.000 1.000 
0.1877  1.6598e+005  1.0000 1.0000 1.0000   1.000 1.000 
0.1887  1.6577e+005  1.0000 1.0000 1.0000   1.000 1.000 
0.1897  1.6557e+005  1.0000 1.0000 1.0000   1.000 1.000 
0.1907  1.6536e+005  1.0000 1.0000 1.0000   1.000 1.000 
0.1917  1.6516e+005  1.0000 1.0000 1.0000   1.000 1.000 
0.1927  1.6496e+005  1.0000 1.0000 1.0000   1.000 1.000 
0.1937  1.6475e+005  1.0000 1.0000 1.0000   1.000 1.000 
0.1947  1.6455e+005  1.0000 1.0000 1.0000   1.000 1.000 
0.1957  1.6434e+005  1.0000 1.0000 1.0000   1.000 1.000 
0.1967  1.6414e+005  1.0000 1.0000 1.0000   1.000 1.000 
0.1977  1.6394e+005  1.0000 1.0000 1.0000   1.000 1.000 
0.1987  1.6373e+005  1.0000 1.0000 1.0000   1.000 1.000 
0.1997  1.6353e+005  1.0000 1.0000 1.0000   1.000 1.000 
0.2007  1.6332e+005  1.0000 1.0000 1.0000   1.000 1.000 
0.2017  1.6312e+005  1.0000 1.0000 1.0000   1.000 1.000 
0.2027  1.6292e+005  1.0000 1.0000 1.0000   1.000 1.000 
0.2037  1.6271e+005  1.0000 1.0000 1.0000   1.000 1.000 
0.2047  1.6251e+005  1.0000 1.0000 1.0000   1.000 1.000 
0.2057  1.623e+005  1.0000 1.0000 1.0000   1.000 1.000 
0.2067  1.621e+005  1.0000 1.0000 1.0000   1.000 1.000 
0.2077  1.619e+005  1.0000 1.0000 1.0000   1.000 1.000 
0.2087  1.6169e+005  1.0000 1.0000 1.0000   1.000 1.000 
0.2097  1.6149e+005  1.0000 1.0000 1.0000   1.000 1.000 
0.2107  1.6128e+005  1.0000 1.0000 1.0000   1.000 1.000 
0.2117  1.6108e+005  1.0000 1.0000 1.0000   1.000 1.000 
0.2127  1.6088e+005  1.0000 1.0000 1.0000   1.000 1.000 
0.2137  1.6067e+005  1.0000 1.0000 1.0000   1.000 1.000 
0.2147  1.6047e+005  1.0000 1.0000 1.0000   1.000 1.000 
0.2157  1.6026e+005  1.0000 1.0000 1.0000   1.000 1.000 
0.2167  1.6006e+005  1.0000 1.0000 1.0000   1.000 1.000 
0.2177  1.5986e+005  1.0000 1.0000 1.0000   1.000 1.000 
0.2187  1.5965e+005  1.0000 1.0000 1.0000   1.000 1.000 
0.2197  1.5945e+005  1.0000 1.0000 1.0000   1.000 1.000 
0.2207  1.5924e+005  1.0000 1.0000 1.0000   1.000 1.000 
0.2217  1.5904e+005  1.0000 1.0000 1.0000   1.000 1.000 
0.2227  1.5884e+005  1.0000 1.0000 1.0000   1.000 1.000 
0.2236  1.5863e+005  1.0000 1.0000 1.0000   1.000 1.000 
0.2246  1.5843e+005  1.0000 1.0000 1.0000   1.000 1.000 
0.2256  1.5822e+005  1.0000 1.0000 1.0000   1.000 1.000 
0.2266  1.5802e+005  1.0000 1.0000 1.0000   1.000 1.000 
0.2276  1.5782e+005  1.0000 1.0000 1.0000   1.000 1.000 
0.2286  1.5761e+005  1.0000 1.0000 1.0000   1.000 1.000 
0.2296  1.5741e+005  1.0000 1.0000 1.0000   1.000 1.000 
0.2306  1.572e+005  1.0000 1.0000 1.0000   1.000 1.000 
0.2316  1.57e+005   1.0000 1.0000 1.0000   1.000 1.000 
0.2326  1.568e+005  1.0000 1.0000 1.0000   1.000 1.000 
0.2336  1.5659e+005  1.0000 1.0000 1.0000   1.000 1.000 
0.2346  1.5639e+005  1.0000 1.0000 1.0000   1.000 1.000 
0.2356  1.5618e+005  1.0000 1.0000 1.0000   1.000 1.000 
0.2366  1.5598e+005  1.0000 1.0000 1.0000   1.000 1.000 
0.2376  1.5578e+005  1.0000 1.0000 1.0000   1.000 1.000 
0.2386  1.5557e+005  1.0000 1.0000 1.0000   1.000 1.000 
0.2396  1.5537e+005  1.0000 1.0000 1.0000   1.000 1.000 
0.2406  1.5516e+005  1.0000 1.0000 1.0000   1.000 1.000 
0.2416  1.5496e+005  1.0000 1.0000 1.0000   1.000 1.000 
0.2426  1.5476e+005  1.0000 1.0000 1.0000   1.000 1.000 
0.2436  1.5455e+005  1.0000 1.0000 1.0000   1.000 1.000 
0.2446  1.5435e+005  1.0000 1.0000 1.0000   1.000 1.000 
0.2456  1.5414e+005  1.0000 1.0000 1.0000   1.000 1.000 
0.2466  1.5394e+005  1.0000 1.0000 1.0000   1.000 1.000 
0.2476  1.5374e+005  1.0000 1.0000 1.0000   1.000 1.000 
0.2486  1.5353e+005  1.0000 1.0000 1.0000   1.000 1.000 
0.2496  1.5333e+005  1.0000 1.0000 1.0000   1.000 1.000 
0.2506  1.5312e+005  1.0000 1.0000 1.0000   1.000 1.000 
0.2516  1.5292e+005  1.0000 1.0000 1.0000   1.000 1.000 
0.2526  1.5272e+005  1.0000 1.0000 1.0000   1.000 1.000 
0.2536  1.5251e+005  1.0000 1.0000 1.0000   1.000 1.000 
0.2546  1.5231e+005  1.0000 1.0000 1.0000   1.000 1.000 
0.2556  1.521e+005  1.0000 1.0000 1.0000   1.000 1.000 
0.2566  1.519e+005  1.0000 1.0000 1.0000   1.000 1.000 
0.2576  1.517e+005  1.0000 1.0000 1.0000   1.000 1.000 
0.2586  1.5149e+005  1.0000 1.0000 1.0000   1.000 1.000 
0.2596  1.5129e+005  1.0000 1.0000 1.0000   1.000 1.000 
0.2606  1.5108e+005  1.0000 1.0000 1.0000   1.000 1.000 
0.2616  1.5088e+005  1.0000 1.0000 1.0000   1.000 1.000 
0.2626  1.5068e+005  1.0000 1.0000 1.0000   1.000 1.000 
0.2636  1.5047e+005  1.0000 1.0000 1.0000   1.000 1.000 
0.2646  1.5027e+005  1.0000 1.0000 1.0000   1.000 1.000 
0.2656  1.5006e+005  1.0000 1.0000 1.0000   1.000 1.000 
0.2666  1.4986e+005  1.0000 1.0000 1.0000   1.000 1.000 
0.2676  1.4966e+005  1.0000 1.0000 1.0000   1.000 1.000 
0.2686  1.4945e+005  1.0000 1.0000 1.0000   1.000 1.000 
0.2696  1.4925e+005  1.0000 1.0000 1.0000   1.000 1.000 
0.2706  1.4904e+005  1.0000 1.0000 1.0000   1.000 1.000 
0.2716  1.4884e+005  1.0000 1.0000 1.0000   1.000 1.000 
0.2726  1.4864e+005  1.0000 1.0000 1.0000   1.000 1.000 
0.2736  1.4843e+005  1.0000 1.0000 1.0000   1.000 1.000 
0.2746  1.4823e+005  1.0000 1.0000 1.0000   1.000 1.000 
0.2756  1.4802e+005  1.0000 1.0000 1.0000   1.000 1.000 
0.2766  1.4782e+005  1.0000 1.0000 1.0000   1.000 1.000 
0.2776  1.4762e+005  1.0000 1.0000 1.0000   1.000 1.000 
0.2786  1.4741e+005  1.0000 1.0000 1.0000   1.000 1.000 
0.2796  1.4721e+005  1.0000 1.0000 1.0000   1.000 1.000 
0.2806  1.47e+005   1.0000 1.0000 1.0000   1.000 1.000 
0.2816  1.468e+005  1.0000 1.0000 1.0000   1.000 1.000 
0.2826  1.466e+005  1.0000 1.0000 1.0000   1.000 1.000 
0.2836  1.4639e+005  1.0000 1.0000 1.0000   1.000 1.000 
0.2846  1.4619e+005  1.0000 1.0000 1.0000   1.000 1.000 
0.2855  1.4598e+005  1.0000 1.0000 1.0000   1.000 1.000 
0.2865  1.4578e+005  1.0000 1.0000 1.0000   1.000 1.000 
0.2875  1.4558e+005  1.0000 1.0000 1.0000   1.000 1.000 
0.2885  1.4537e+005  1.0000 1.0000 1.0000   1.000 1.000 
0.2895  1.4517e+005  1.0000 1.0000 1.0000   1.000 1.000 
0.2905  1.4496e+005  1.0000 1.0000 1.0000   1.000 1.000 
0.2915  1.4476e+005  1.0000 1.0000 1.0000   1.000 1.000 
0.2925  1.4456e+005  1.0000 1.0000 1.0000   1.000 1.000 
0.2935  1.4435e+005  1.0000 1.0000 1.0000   1.000 1.000 
0.2945  1.4415e+005  1.0000 1.0000 1.0000   1.000 1.000 
0.2955  1.4394e+005  1.0000 1.0000 1.0000   1.000 1.000 
0.2965  1.4374e+005  1.0000 1.0000 1.0000   1.000 1.000 
0.2975  1.4354e+005  1.0000 1.0000 1.0000   1.000 1.000 
0.2985  1.4333e+005  1.0000 1.0000 1.0000   1.000 1.000 
0.2995  1.4313e+005  1.0000 1.0000 1.0000   1.000 1.000 
0.3005  1.4292e+005  1.0000 1.0000 1.0000   1.000 1.000 
0.3015  1.4272e+005  1.0000 1.0000 1.0000   1.000 1.000 
0.3025  1.4252e+005  1.0000 1.0000 1.0000   1.000 1.000 
0.3035  1.4231e+005  1.0000 1.0000 1.0000   1.000 1.000 
0.3045  1.4211e+005  1.0000 1.0000 1.0000   1.000 1.000 
0.3055  1.419e+005  1.0000 1.0000 1.0000   1.000 1.000 
0.3065  1.417e+005  1.0000 1.0000 1.0000   1.000 1.000 
0.3075  1.415e+005  1.0000 1.0000 1.0000   1.000 1.000 
0.3085  1.4129e+005  1.0000 1.0000 1.0000   1.000 1.000 
0.3095  1.4109e+005  1.0000 1.0000 1.0000   1.000 1.000 
0.3105  1.4088e+005  1.0000 1.0000 1.0000   1.000 1.000 
0.3115  1.4068e+005  1.0000 1.0000 1.0000   1.000 1.000 
0.3125  1.4048e+005  1.0000 1.0000 1.0000   1.000 1.000 
0.3135  1.4027e+005  1.0000 1.0000 1.0000   1.000 1.000 
0.3145  1.4007e+005  1.0000 1.0000 1.0000   1.000 1.000 
0.3155  1.3986e+005  1.0000 1.0000 1.0000   1.000 1.000 
0.3165  1.3966e+005  1.0000 1.0000 1.0000   1.000 1.000 
0.3175  1.3946e+005  1.0000 1.0000 1.0000   1.000 1.000 
0.3185  1.3925e+005  1.0000 1.0000 1.0000   1.000 1.000 
0.3195  1.3905e+005  1.0000 1.0000 1.0000   1.000 1.000 
0.3205  1.3884e+005  1.0000 1.0000 1.0000   1.000 1.000 
0.3215  1.3864e+005  1.0000 1.0000 1.0000   1.000 1.000 
0.3225  1.3844e+005  1.0000 1.0000 1.0000   1.000 1.000 
0.3235  1.3823e+005  1.0000 1.0000 1.0000   1.000 1.000 
0.3245  1.3803e+005  1.0000 1.0000 1.0000   1.000 1.000 
0.3255  1.3782e+005  1.0000 1.0000 1.0000   1.000 1.000 
0.3265  1.3762e+005  1.0000 1.0000 1.0000   1.000 1.000 
0.3275  1.3742e+005  1.0000 1.0000 1.0000   1.000 1.000 
0.3285  1.3721e+005  1.0000 1.0000 1.0000   1.000 1.000 
0.3295  1.3701e+005  1.0000 1.0000 1.0000   1.000 1.000 
0.3305  1.368e+005  1.0000 1.0000 1.0000   1.000 1.000 
0.3315  1.366e+005  1.0000 1.0000 1.0000   1.000 1.000 
0.3325  1.364e+005  1.0000 1.0000 1.0000   1.000 1.000 
0.3335  1.3619e+005  1.0000 1.0000 1.0000   1.000 1.000 
0.3345  1.3599e+005  1.0000 1.0000 1.0000   1.000 1.000 
0.3355  1.3578e+005  1.0000 1.0000 1.0000   1.000 1.000 
0.3365  1.3558e+005  1.0000 1.0000 1.0000   1.000 1.000 
0.3375  1.3538e+005  1.0000 1.0000 1.0000   1.000 1.000 
0.3385  1.3517e+005  1.0000 1.0000 1.0000   1.000 1.000 
0.3395  1.3497e+005  1.0000 1.0000 1.0000   1.000 1.000 
0.3405  1.3476e+005  1.0000 1.0000 1.0000   1.000 1.000 
0.3415  1.3456e+005  1.0000 1.0000 1.0000   1.000 1.000 
0.3425  1.3436e+005  1.0000 1.0000 1.0000   1.000 1.000 
0.3435  1.3415e+005  1.0000 1.0000 1.0000   1.000 1.000 
0.3445  1.3395e+005  1.0000 1.0000 1.0000   1.000 1.000 
0.3455  1.3374e+005  1.0000 1.0000 1.0000   1.000 1.000 
0.3465  1.3354e+005  1.0000 1.0000 1.0000   1.000 1.000 
0.3474  1.3334e+005  1.0000 1.0000 1.0000   1.000 1.000 
0.3484  1.3313e+005  1.0000 1.0000 1.0000   1.000 1.000 
0.3494  1.3293e+005  1.0000 1.0000 1.0000   1.000 1.000 
0.3504  1.3272e+005  1.0000 1.0000 1.0000   1.000 1.000 
0.3514  1.3252e+005  1.0000 1.0000 1.0000   1.000 1.000 
0.3524  1.3232e+005  1.0000 1.0000 1.0000   1.000 1.000 
0.3534  1.3211e+005  1.0000 1.0000 1.0000   1.000 1.000 
0.3544  1.3191e+005  1.0000 1.0000 1.0000   1.000 1.000 
0.3554  1.317e+005  1.0000 1.0000 1.0000   1.000 1.000 
0.3564  1.315e+005  1.0000 1.0000 1.0000   1.000 1.000 
0.3574  1.313e+005  1.0000 1.0000 1.0000   1.000 1.000 
0.3584  1.3109e+005  1.0000 1.0000 1.0000   1.000 1.000 
0.3594  1.3089e+005  1.0000 1.0000 1.0000   1.000 1.000 
0.3604  1.3068e+005  1.0000 1.0000 1.0000   1.000 1.000 
0.3614  1.3048e+005  1.0000 1.0000 1.0000   1.000 1.000 
0.3624  1.3028e+005  1.0000 1.0000 1.0000   1.000 1.000 
0.3634  1.3007e+005  1.0000 1.0000 1.0000   1.000 1.000 
0.3644  1.2987e+005  1.0000 1.0000 1.0000   1.000 1.000 
0.3654  1.2966e+005  1.0000 1.0000 1.0000   1.000 1.000 
0.3664  1.2946e+005  1.0000 1.0000 1.0000   1.000 1.000 
0.3674  1.2926e+005  1.0000 1.0000 1.0000   1.000 1.000 
0.3684  1.2905e+005  1.0000 1.0000 1.0000   1.000 1.000 
0.3694  1.2885e+005  1.0000 1.0000 1.0000   1.000 1.000 
0.3704  1.2864e+005  1.0000 1.0000 1.0000   1.000 1.000 
0.3714  1.2844e+005  1.0000 1.0000 1.0000   1.000 1.000 
0.3724  1.2824e+005  1.0000 1.0000 1.0000   1.000 1.000 
0.3734  1.2803e+005  1.0000 1.0000 1.0000   1.000 1.000 
0.3744  1.2783e+005  1.0000 1.0000 1.0000   1.000 1.000 
0.3754  1.2762e+005  1.0000 1.0000 1.0000   1.000 1.000 
0.3764  1.2742e+005  1.0000 1.0000 1.0000   1.000 1.000 
0.3774  1.2722e+005  1.0000 1.0000 1.0000   1.000 1.000 
0.3784  1.2701e+005  1.0000 1.0000 1.0000   1.000 1.000 
0.3794  1.2681e+005  1.0000 1.0000 1.0000   1.000 1.000 
0.3804  1.266e+005  1.0000 1.0000 1.0000   1.000 1.000 
0.3814  1.264e+005  1.0000 1.0000 1.0000   1.000 1.000 
0.3824  1.262e+005  1.0000 1.0000 1.0000   1.000 1.000 
0.3834  1.2599e+005  1.0000 1.0000 1.0000   1.000 1.000 
0.3844  1.2579e+005  1.0000 1.0000 1.0000   1.000 1.000 
0.3854  1.2558e+005  1.0000 1.0000 1.0000   1.000 1.000 
0.3864  1.2538e+005  1.0000 1.0000 1.0000   1.000 1.000 
0.3874  1.2518e+005  1.0000 1.0000 1.0000   1.000 1.000 
0.3884  1.2497e+005  1.0000 1.0000 1.0000   1.000 1.000 
0.3894  1.2477e+005  1.0000 1.0000 1.0000   1.000 1.000 
0.3904  1.2456e+005  1.0000 1.0000 1.0000   1.000 1.000 
0.3914  1.2436e+005  1.0000 1.0000 1.0000   1.000 1.000 
0.3924  1.2416e+005  1.0000 1.0000 1.0000   1.000 1.000 
0.3934  1.2395e+005  1.0000 1.0000 1.0000   1.000 1.000 
0.3944  1.2375e+005  1.0000 1.0000 1.0000   1.000 1.000 
0.3954  1.2354e+005  1.0000 1.0000 1.0000   1.000 1.000 
0.3964  1.2334e+005  1.0000 1.0000 1.0000   1.000 1.000 
0.3974  1.2314e+005  1.0000 1.0000 1.0000   1.000 1.000 
0.3984  1.2293e+005  1.0000 1.0000 1.0000   1.000 1.000 
0.3994  1.2273e+005  1.0000 1.0000 1.0000   1.000 1.000 
0.4004  1.2252e+005  1.0000 1.0000 1.0000   1.000 1.000 
0.4014  1.2232e+005  1.0000 1.0000 1.0000   1.000 1.000 
0.4024  1.2212e+005  1.0000 1.0000 1.0000   1.000 1.000 
0.4034  1.2191e+005  1.0000 1.0000 1.0000   1.000 1.000 
0.4044  1.2171e+005  1.0000 1.0000 1.0000   1.000 1.000 
0.4054  1.215e+005  1.0000 1.0000 1.0000   1.000 1.000 
0.4064  1.213e+005  1.0000 1.0000 1.0000   1.000 1.000 
0.4074  1.211e+005  1.0000 1.0000 1.0000   1.000 1.000 
0.4084  1.2089e+005  1.0000 1.0000 1.0000   1.000 1.000 
0.4093  1.2069e+005  1.0000 1.0000 1.0000   1.000 1.000 
0.4103  1.2048e+005  1.0000 1.0000 1.0000   1.000 1.000 
0.4113  1.2028e+005  1.0000 1.0000 1.0000   1.000 1.000 
0.4123  1.2008e+005  1.0000 1.0000 1.0000   1.000 1.000 
0.4133  1.1987e+005  1.0000 1.0000 1.0000   1.000 1.000 
0.4143  1.1967e+005  1.0000 1.0000 1.0000   1.000 1.000 
0.4153  1.1946e+005  1.0000 1.0000 1.0000   1.000 1.000 
0.4163  1.1926e+005  1.0000 1.0000 1.0000   1.000 1.000 
0.4173  1.1906e+005  1.0000 1.0000 1.0000   1.000 1.000 
0.4183  1.1885e+005  1.0000 1.0000 1.0000   1.000 1.000 
0.4193  1.1865e+005  1.0000 1.0000 1.0000   1.000 1.000 
0.4203  1.1844e+005  1.0000 1.0000 1.0000   1.000 1.000 
0.4213  1.1824e+005  1.0000 1.0000 1.0000   1.000 1.000 
0.4223  1.1804e+005  1.0000 1.0000 1.0000   1.000 1.000 
0.4233  1.1783e+005  1.0000 1.0000 1.0000   1.000 1.000 
0.4243  1.1763e+005  1.0000 1.0000 1.0000   1.000 1.000 
0.4253  1.1742e+005  1.0000 1.0000 1.0000   1.000 1.000 
0.4263  1.1722e+005  1.0000 1.0000 1.0000   1.000 1.000 
0.4273  1.1702e+005  1.0000 1.0000 1.0000   1.000 1.000 
0.4283  1.1681e+005  1.0000 1.0000 1.0000   1.000 1.000 
0.4293  1.1661e+005  1.0000 1.0000 1.0000   1.000 1.000 
0.4303  1.164e+005  1.0000 1.0000 1.0000   1.000 1.000 
0.4313  1.162e+005  1.0000 1.0000 1.0000   1.000 1.000 
0.4323  1.16e+005   1.0000 1.0000 1.0000   1.000 1.000 
0.4333  1.1579e+005  1.0000 1.0000 1.0000   1.000 1.000 
0.4343  1.1559e+005  1.0000 1.0000 1.0000   1.000 1.000 
0.4353  1.1538e+005  1.0000 1.0000 1.0000   1.000 1.000 
0.4363  1.1518e+005  1.0000 1.0000 1.0000   1.000 1.000 
0.4373  1.1498e+005  1.0000 1.0000 1.0000   1.000 1.000 
0.4383  1.1477e+005  1.0000 1.0000 1.0000   1.000 1.000 
0.4393  1.1457e+005  1.0000 1.0000 1.0000   1.000 1.000 
0.4403  1.1436e+005  1.0000 1.0000 1.0000   1.000 1.000 
0.4413  1.1416e+005  1.0000 1.0000 1.0000   1.000 1.000 
0.4423  1.1396e+005  1.0000 1.0000 1.0000   1.000 1.000 
0.4433  1.1375e+005  1.0000 1.0000 1.0000   1.000 1.000 
0.4443  1.1355e+005  1.0000 1.0000 1.0000   1.000 1.000 
0.4453  1.1334e+005  1.0000 1.0000 1.0000   1.000 1.000 
0.4463  1.1314e+005  1.0000 1.0000 1.0000   1.000 1.000 
0.4473  1.1294e+005  1.0000 1.0000 1.0000   1.000 1.000 
0.4483  1.1273e+005  1.0000 1.0000 1.0000   1.000 1.000 
0.4493  1.1253e+005  1.0000 1.0000 1.0000   1.000 1.000 
0.4503  1.1232e+005  1.0000 1.0000 1.0000   1.000 1.000 
0.4513  1.1212e+005  1.0000 1.0000 1.0000   1.000 1.000 
0.4523  1.1192e+005  1.0000 1.0000 1.0000   1.000 1.000 
0.4533  1.1171e+005  1.0000 1.0000 1.0000   1.000 1.000 
0.4543  1.1151e+005  1.0000 1.0000 1.0000   1.000 1.000 
0.4553  1.113e+005  1.0000 1.0000 1.0000   1.000 1.000 
0.4563  1.111e+005  1.0000 1.0000 1.0000   1.000 1.000 
0.4573  1.109e+005  1.0000 1.0000 1.0000   1.000 1.000 
0.4583  1.1069e+005  1.0000 1.0000 1.0000   1.000 1.000 
0.4593  1.1049e+005  1.0000 1.0000 1.0000   1.000 1.000 
0.4603  1.1028e+005  1.0000 1.0000 1.0000   1.000 1.000 
0.4613  1.1008e+005  1.0000 1.0000 1.0000   1.000 1.000 
0.4623  1.0988e+005  1.0000 1.0000 1.0000   1.000 1.000 
0.4633  1.0967e+005  1.0000 1.0000 1.0000   1.000 1.000 
0.4643  1.0947e+005  1.0000 1.0000 1.0000   1.000 1.000 
0.4653  1.0926e+005  1.0000 1.0000 1.0000   1.000 1.000 
0.4663  1.0906e+005  1.0000 1.0000 1.0000   1.000 1.000 
0.4673  1.0886e+005  1.0000 1.0000 1.0000   1.000 1.000 
0.4683  1.0865e+005  1.0000 1.0000 1.0000   1.000 1.000 
0.4693  1.0845e+005  1.0000 1.0000 1.0000   1.000 1.000 
0.4703  1.0824e+005  1.0000 1.0000 1.0000   1.000 1.000 
0.4712  1.0804e+005  1.0000 1.0000 1.0000   1.000 1.000 
0.4722  1.0784e+005  1.0000 1.0000 1.0000   1.000 1.000 
0.4732  1.0763e+005  1.0000 1.0000 1.0000   1.000 1.000 
0.4742  1.0743e+005  1.0000 1.0000 1.0000   1.000 1.000 
0.4752  1.0722e+005  1.0000 1.0000 1.0000   1.000 1.000 
0.4762  1.0702e+005  1.0000 1.0000 1.0000   1.000 1.000 
0.4772  1.0682e+005  1.0000 1.0000 1.0000   1.000 1.000 
0.4782  1.0661e+005  1.0000 1.0000 1.0000   1.000 1.000 
0.4792  1.0641e+005  1.0000 1.0000 1.0000   1.000 1.000 
0.4802  1.062e+005  1.0000 1.0000 1.0000   1.000 1.000 
0.4812  1.06e+005   1.0000 1.0000 1.0000   1.000 1.000 
0.4822  1.058e+005  1.0000 1.0000 1.0000   1.000 1.000 
0.4832  1.0559e+005  1.0000 1.0000 1.0000   1.000 1.000 
0.4842  1.0539e+005  1.0000 1.0000 1.0000   1.000 1.000 
0.4852  1.0518e+005  1.0000 1.0000 1.0000   1.000 1.000 
0.4862  1.0498e+005  1.0000 1.0000 1.0000   1.000 1.000 
0.4872  1.0478e+005  1.0000 1.0000 1.0000   1.000 1.000 
0.4882  1.0457e+005  1.0000 1.0000 1.0000   1.000 1.000 
0.4892  1.0437e+005  1.0000 1.0000 1.0000   1.000 1.000 
0.4902  1.0416e+005  1.0000 1.0000 1.0000   1.000 1.000 
0.4912  1.0396e+005  1.0000 1.0000 1.0000   1.000 1.000 
0.4922  1.0376e+005  1.0000 1.0000 1.0000   1.000 1.000 
0.4932  1.0355e+005  1.0000 1.0000 1.0000   1.000 1.000 
0.4942  1.0335e+005  1.0000 1.0000 1.0000   1.000 1.000 
0.4952  1.0314e+005  1.0000 1.0000 1.0000   1.000 1.000 
0.4962  1.0294e+005  1.0000 1.0000 1.0000   1.000 1.000 
0.4972  1.0274e+005  1.0000 1.0000 1.0000   1.000 1.000 
0.4982  1.0253e+005  1.0000 1.0000 1.0000   1.000 1.000 
0.4992  1.0233e+005  1.0000 1.0000 1.0000   1.000 1.000 
0.5002  1.0212e+005  1.0000 1.0000 1.0000   1.000 1.000 
0.5012  1.0192e+005  1.0000 1.0000 1.0000   1.000 1.000 
0.5022  1.0172e+005  1.0000 1.0000 1.0000   1.000 1.000 
0.5032  1.0151e+005  1.0000 1.0000 1.0000   1.000 1.000 
0.5042  1.0131e+005  1.0000 1.0000 1.0000   1.000 1.000 
0.5052  1.011e+005  1.0000 1.0000 1.0000   1.000 1.000 
0.5062  1.009e+005  1.0000 1.0000 1.0000   1.000 1.000 
0.5072  1.007e+005  1.0000 1.0000 1.0000   1.000 1.000 
0.5082  1.0049e+005  1.0000 1.0000 1.0000   1.000 1.000 
0.5092  1.0029e+005  1.0000 1.0000 1.0000   1.000 1.000 
0.5102  1.0008e+005  1.0000 1.0000 1.0000   1.000 1.000 
0.5112  99879       1.0000 1.0000 1.0000   1.000 1.000 
0.5122  99675       1.0000 1.0000 1.0000   1.000 1.000 
0.5132  99471       1.0000 1.0000 1.0000   1.000 1.000 
0.5142  99267       1.0000 1.0000 1.0000   1.000 1.000 
0.5152  99063       1.0000 1.0000 1.0000   1.000 1.000 
0.5162  98859       1.0000 1.0000 1.0000   1.000 1.000 
0.5172  98655       1.0000 1.0000 1.0000   1.000 1.000 
0.5182  98451       1.0000 1.0000 1.0000   1.000 1.000 
0.5192  98247       1.0000 1.0000 1.0000   1.000 1.000 
0.5202  98043       1.0000 1.0000 1.0000   1.000 1.000 
0.5212  97839       1.0000 1.0000 1.0000   1.000 1.000 
0.5222  97635       1.0000 1.0000 1.0000   1.000 1.000 
0.5232  97431       1.0000 1.0000 1.0000   1.000 1.000 
0.5242  97227       1.0000 1.0000 1.0000   1.000 1.000 
0.5252  97023       1.0000 1.0000 1.0000   1.000 1.000 
0.5262  96819       1.0000 1.0000 1.0000   1.000 1.000 
0.5272  96615       1.0000 1.0000 1.0000   1.000 1.000 
0.5282  96411       1.0000 1.0000 1.0000   1.000 1.000 
0.5292  96207       1.0000 1.0000 1.0000   1.000 1.000 
0.5302  96003       1.0000 1.0000 1.0000   1.000 1.000 
0.5312  95799       1.0000 1.0000 1.0000   1.000 1.000 
0.5322  95595       1.0000 1.0000 1.0000   1.000 1.000 
0.5331  95391       1.0000 1.0000 1.0000   1.000 1.000 
0.5341  95187       1.0000 1.0000 1.0000   1.000 1.000 
0.5351  94983       1.0000 1.0000 1.0000   1.000 1.000 
0.5361  94779       1.0000 1.0000 1.0000   1.000 1.000 
0.5371  94575       1.0000 1.0000 1.0000   1.000 1.000 
0.5381  94371       1.0000 1.0000 1.0000   1.000 1.000 
0.5391  94167       1.0000 1.0000 1.0000   1.000 1.000 
0.5401  93963       1.0000 1.0000 1.0000   1.000 1.000 
0.5411  93759       1.0000 1.0000 1.0000   1.000 1.000 
0.5421  93555       1.0000 1.0000 1.0000   1.000 1.000 
0.5431  93351       1.0000 1.0000 1.0000   1.000 1.000 
0.5441  93147       1.0000 1.0000 1.0000   1.000 1.000 
0.5451  92943       1.0000 1.0000 1.0000   1.000 1.000 
0.5461  92739       1.0000 1.0000 1.0000   1.000 1.000 
0.5471  92535       1.0000 1.0000 1.0000   1.000 1.000 
0.5481  92331       1.0000 1.0000 1.0000   1.000 1.000 
0.5491  92127       1.0000 1.0000 1.0000   1.000 1.000 
0.5501  91923       1.0000 1.0000 1.0000   1.000 1.000 
0.5511  91719       1.0000 1.0000 1.0000   1.000 1.000 
0.5521  91515       1.0000 1.0000 1.0000   1.000 1.000 
0.5531  91311       1.0000 1.0000 1.0000   1.000 1.000 
0.5541  91107       1.0000 1.0000 1.0000   1.000 1.000 
0.5551  90903       1.0000 1.0000 1.0000   1.000 1.000 
0.5561  90699       1.0000 1.0000 1.0000   1.000 1.000 
0.5571  90495       1.0000 1.0000 1.0000   1.000 1.000 
0.5581  90291       1.0000 1.0000 1.0000   1.000 1.000 
0.5591  90087       1.0000 1.0000 1.0000   1.000 1.000 
0.5601  89883       1.0000 1.0000 1.0000   1.000 1.000 
0.5611  89679       1.0000 1.0000 1.0000   1.000 1.000 
0.5621  89475       1.0000 1.0000 1.0000   1.000 1.000 
0.5631  89271       1.0000 1.0000 1.0000   1.000 1.000 
0.5641  89067       1.0000 1.0000 1.0000   1.000 1.000 
0.5651  88863       1.0000 1.0000 1.0000   1.000 1.000 
0.5661  88659       1.0000 1.0000 1.0000   1.000 1.000 
0.5671  88455       1.0000 1.0000 1.0000   1.000 1.000 
0.5681  88251       1.0000 1.0000 1.0000   1.000 1.000 
0.5691  88047       1.0000 1.0000 1.0000   1.000 1.000 
0.5701  87843       1.0000 1.0000 1.0000   1.000 1.000 
0.5711  87639       1.0000 1.0000 1.0000   1.000 1.000 
0.5721  87435       1.0000 1.0000 1.0000   1.000 1.000 
0.5731  87231       1.0000 1.0000 1.0000   1.000 1.000 
0.5741  87027       1.0000 1.0000 1.0000   1.000 1.000 
0.5751  86823       1.0000 1.0000 1.0000   1.000 1.000 
0.5761  86619       1.0000 1.0000 1.0000   1.000 1.000 
0.5771  86415       1.0000 1.0000 1.0000   1.000 1.000 
0.5781  86211       1.0000 1.0000 1.0000   1.000 1.000 
0.5791  86007       1.0000 1.0000 1.0000   1.000 1.000 
0.5801  85803       1.0000 1.0000 1.0000   1.000 1.000 
0.5811  85599       1.0000 1.0000 1.0000   1.000 1.000 
0.5821  85395       1.0000 1.0000 1.0000   1.000 1.000 
0.5831  85191       1.0000 1.0000 1.0000   1.000 1.000 
0.5841  84987       1.0000 1.0000 1.0000   1.000 1.000 
0.5851  84783       1.0000 1.0000 1.0000   1.000 1.000 
0.5861  84579       1.0000 1.0000 1.0000   1.000 1.000 
0.5871  84375       1.0000 1.0000 1.0000   1.000 1.000 
0.5881  84171       1.0000 1.0000 1.0000   1.000 1.000 
0.5891  83967       1.0000 1.0000 1.0000   1.000 1.000 
0.5901  83763       1.0000 1.0000 1.0000   1.000 1.000 
0.5911  83559       1.0000 1.0000 1.0000   1.000 1.000 
0.5921  83355       1.0000 1.0000 1.0000   1.000 1.000 
0.5931  83151       1.0000 1.0000 1.0000   1.000 1.000 
0.5941  82947       1.0000 1.0000 1.0000   1.000 1.000 
0.5951  82743       1.0000 1.0000 1.0000   1.000 1.000 
0.5960  82539       1.0000 1.0000 1.0000   1.000 1.000 
0.5970  82335       1.0000 1.0000 1.0000   1.000 1.000 
0.5980  82131       1.0000 1.0000 1.0000   1.000 1.000 
0.5990  81927       1.0000 1.0000 1.0000   1.000 1.000 
0.6000  81723       1.0000 1.0000 1.0000   1.000 1.000 
0.6010  81519       1.0000 1.0000 1.0000   1.000 1.000 
0.6020  81315       1.0000 1.0000 1.0000   1.000 1.000 
0.6030  81111       1.0000 1.0000 1.0000   1.000 1.000 
0.6040  80907       1.0000 1.0000 1.0000   1.000 1.000 
0.6050  80703       1.0000 1.0000 1.0000   1.000 1.000 
0.6060  80499       1.0000 1.0000 1.0000   1.000 1.000 
0.6070  80295       1.0000 1.0000 1.0000   1.000 1.000 
0.6080  80091       1.0000 1.0000 1.0000   1.000 1.000 
0.6090  79887       1.0000 1.0000 1.0000   1.000 1.000 
0.6100  79683       1.0000 1.0000 1.0000   1.000 1.000 
0.6110  79479       1.0000 1.0000 1.0000   1.000 1.000 
0.6120  79275       1.0000 1.0000 1.0000   1.000 1.000 
0.6130  79071       1.0000 1.0000 1.0000   1.000 1.000 
0.6140  78867       1.0000 1.0000 1.0000   1.000 1.000 
0.6150  78663       1.0000 1.0000 1.0000   1.000 1.000 
0.6160  78459       1.0000 1.0000 1.0000   1.000 1.000 
0.6170  78255       1.0000 1.0000 1.0000   1.000 1.000 
0.6180  78051       1.0000 1.0000 1.0000   1.000 1.000 
0.6190  77847       1.0000 1.0000 1.0000   1.000 1.000 
0.6200  77643       1.0000 1.0000 1.0000   1.000 1.000 
0.6210  77439       1.0000 1.0000 1.0000   1.000 1.000 
0.6220  77235       1.0000 1.0000 1.0000   1.000 1.000 
0.6230  77031       1.0000 1.0000 1.0000   1.000 1.000 
0.6240  76827       1.0000 1.0000 1.0000   1.000 1.000 
0.6250  76623       1.0000 1.0000 1.0000   1.000 1.000 
0.6260  76419       1.0000 1.0000 1.0000   1.000 1.000 
0.6270  76215       1.0000 1.0000 1.0000   1.000 1.000 
0.6280  76011       1.0000 1.0000 1.0000   1.000 1.000 
0.6290  75807       1.0000 1.0000 1.0000   1.000 1.000 
0.6300  75603       1.0000 1.0000 1.0000   1.000 1.000 
0.6310  75399       1.0000 1.0000 1.0000   1.000 1.000 
0.6320  75195       1.0000 1.0000 1.0000   1.000 1.000 
0.6330  74991       1.0000 1.0000 1.0000   1.000 1.000 
0.6340  74787       1.0000 1.0000 1.0000   1.000 1.000 
0.6350  74583       1.0000 1.0000 1.0000   1.000 1.000 
0.6360  74379       1.0000 1.0000 1.0000   1.000 1.000 
0.6370  74175       1.0000 1.0000 1.0000   1.000 1.000 
0.6380  73971       1.0000 1.0000 1.0000   1.000 1.000 
0.6390  73767       1.0000 1.0000 1.0000   1.000 1.000 
0.6400  73563       1.0000 1.0000 1.0000   1.000 1.000 
0.6410  73359       1.0000 1.0000 1.0000   1.000 1.000 
0.6420  73155       1.0000 1.0000 1.0000   1.000 1.000 
0.6430  72951       1.0000 1.0000 1.0000   1.000 1.000 
0.6440  72747       1.0000 1.0000 1.0000   1.000 1.000 
0.6450  72543       1.0000 1.0000 1.0000   1.000 1.000 
0.6460  72339       1.0000 1.0000 1.0000   1.000 1.000 
0.6470  72135       1.0000 1.0000 1.0000   1.000 1.000 
0.6480  71931       1.0000 1.0000 1.0000   1.000 1.000 
0.6490  71727       1.0000 1.0000 1.0000   1.000 1.000 
0.6500  71523       1.0000 1.0000 1.0000   1.000 1.000 
0.6510  71319       1.0000 1.0000 1.0000   1.000 1.000 
0.6520  71115       1.0000 1.0000 1.0000   1.000 1.000 
0.6530  70911       1.0000 1.0000 1.0000   1.000 1.000 
0.6540  70707       1.0000 1.0000 1.0000   1.000 1.000 
0.6550  70503       1.0000 1.0000 1.0000   1.000 1.000 
0.6560  70299       1.0000 1.0000 1.0000   1.000 1.000 
0.6570  70095       1.0000 1.0000 1.0000   1.000 1.000 
0.6579  69891       1.0000 1.0000 1.0000   1.000 1.000 
0.6589  69687       1.0000 1.0000 1.0000   1.000 1.000 
0.6599  69483       1.0000 1.0000 1.0000   1.000 1.000 
0.6609  69279       1.0000 1.0000 1.0000   1.000 1.000 
0.6619  69075       1.0000 1.0000 1.0000   1.000 1.000 
0.6629  68871       1.0000 1.0000 1.0000   1.000 1.000 
0.6639  68667       1.0000 1.0000 1.0000   1.000 1.000 
0.6649  68463       1.0000 1.0000 1.0000   1.000 1.000 
0.6659  68259       1.0000 1.0000 1.0000   1.000 1.000 
0.6669  68055       1.0000 1.0000 1.0000   1.000 1.000 
0.6679  67851       1.0000 1.0000 1.0000   1.000 1.000 
0.6689  67647       1.0000 1.0000 1.0000   1.000 1.000 
0.6699  67443       1.0000 1.0000 1.0000   1.000 1.000 
0.6709  67239       1.0000 1.0000 1.0000   1.000 1.000 
0.6719  67035       1.0000 1.0000 1.0000   1.000 1.000 
0.6729  66831       1.0000 1.0000 1.0000   1.000 1.000 
0.6739  66627       1.0000 1.0000 1.0000   1.000 1.000 
0.6749  66423       1.0000 1.0000 1.0000   1.000 1.000 
0.6759  66219       1.0000 1.0000 1.0000   1.000 1.000 
0.6769  66015       1.0000 1.0000 1.0000   1.000 1.000 
0.6779  65811       1.0000 1.0000 1.0000   1.000 1.000 
0.6789  65607       1.0000 1.0000 1.0000   1.000 1.000 
0.6799  65403       1.0000 1.0000 1.0000   1.000 1.000 
0.6809  65199       1.0000 1.0000 1.0000   1.000 1.000 
0.6819  64995       1.0000 1.0000 1.0000   1.000 1.000 
0.6829  64791       1.0000 1.0000 1.0000   1.000 1.000 
0.6839  64587       1.0000 1.0000 1.0000   1.000 1.000 
0.6849  64383       1.0000 1.0000 1.0000   1.000 1.000 
0.6859  64179       1.0000 1.0000 1.0000   1.000 1.000 
0.6869  63975       1.0000 1.0000 1.0000   1.000 1.000 
0.6879  63771       1.0000 1.0000 1.0000   1.000 1.000 
0.6889  63567       1.0000 1.0000 1.0000   1.000 1.000 
0.6899  63363       1.0000 1.0000 1.0000   1.000 1.000 
0.6909  63159       1.0000 1.0000 1.0000   1.000 1.000 
0.6919  62955       1.0000 1.0000 1.0000   1.000 1.000 
0.6929  62751       1.0000 1.0000 1.0000   1.000 1.000 
0.6939  62547       1.0000 1.0000 1.0000   1.000 1.000 
0.6949  62343       1.0000 1.0000 1.0000   1.000 1.000 
0.6959  62139       1.0000 1.0000 1.0000   1.000 1.000 
0.6969  61935       1.0000 1.0000 1.0000   1.000 1.000 
0.6979  61731       1.0000 1.0000 1.0000   1.000 1.000 
0.6989  61527       1.0000 1.0000 1.0000   1.000 1.000 
0.6999  61323       1.0000 1.0000 1.0000   1.000 1.000 
0.7009  61119       1.0000 1.0000 1.0000   1.000 1.000 
0.7019  60915       1.0000 1.0000 1.0000   1.000 1.000 
0.7029  60711       1.0000 1.0000 1.0000   1.000 1.000 
0.7039  60507       1.0000 1.0000 1.0000   1.000 1.000 
0.7049  60303       1.0000 1.0000 1.0000   1.000 1.000 
0.7059  60099       1.0000 1.0000 1.0000   1.000 1.000 
0.7069  59895       1.0000 1.0000 1.0000   1.000 1.000 
0.7079  59691       1.0000 1.0000 1.0000   1.000 1.000 
0.7089  59487       1.0000 1.0000 1.0000   1.000 1.000 
0.7099  59283       1.0000 1.0000 1.0000   1.000 1.000 
0.7109  59079       1.0000 1.0000 1.0000   1.000 1.000 
0.7119  58875       1.0000 1.0000 1.0000   1.000 1.000 
0.7129  58671       1.0000 1.0000 1.0000   1.000 1.000 
0.7139  58467       1.0000 1.0000 1.0000   1.000 1.000 
0.7149  58263       1.0000 1.0000 1.0000   1.000 1.000 
0.7159  58059       1.0000 1.0000 1.0000   1.000 1.000 
0.7169  57855       1.0000 1.0000 1.0000   1.000 1.000 
0.7179  57651       1.0000 1.0000 1.0000   1.000 1.000 
0.7189  57447       1.0000 1.0000 1.0000   1.000 1.000 
0.7198  57243       1.0000 1.0000 1.0000   1.000 1.000 
0.7208  57039       1.0000 1.0000 1.0000   1.000 1.000 
0.7218  56835       1.0000 1.0000 1.0000   1.000 1.000 
0.7228  56631       1.0000 1.0000 1.0000   1.000 1.000 
0.7238  56427       1.0000 1.0000 1.0000   1.000 1.000 
0.7248  56223       1.0000 1.0000 1.0000   1.000 1.000 
0.7258  56019       1.0000 1.0000 1.0000   1.000 1.000 
0.7268  55815       1.0000 1.0000 1.0000   1.000 1.000 
0.7278  55611       1.0000 1.0000 1.0000   1.000 1.000 
0.7288  55407       1.0000 1.0000 1.0000   1.000 1.000 
0.7298  55203       1.0000 1.0000 1.0000   1.000 1.000 
0.7308  54999       1.0000 1.0000 1.0000   1.000 1.000 
0.7318  54795       1.0000 1.0000 1.0000   1.000 1.000 
0.7328  54591       1.0000 1.0000 1.0000   1.000 1.000 
0.7338  54387       1.0000 1.0000 1.0000   1.000 1.000 
0.7348  54183       1.0000 1.0000 1.0000   1.000 1.000 
0.7358  53979       1.0000 1.0000 1.0000   1.000 1.000 
0.7368  53775       1.0000 1.0000 1.0000   1.000 1.000 
0.7378  53571       1.0000 1.0000 1.0000   1.000 1.000 
0.7388  53367       1.0000 1.0000 1.0000   1.000 1.000 
0.7398  53163       1.0000 1.0000 1.0000   1.000 1.000 
0.7408  52959       1.0000 1.0000 1.0000   1.000 1.000 
0.7418  52755       1.0000 1.0000 1.0000   1.000 1.000 
0.7428  52551       1.0000 1.0000 1.0000   1.000 1.000 
0.7438  52347       1.0000 1.0000 1.0000   1.000 1.000 
0.7448  52143       1.0000 1.0000 1.0000   1.000 1.000 
0.7458  51939       1.0000 1.0000 1.0000   1.000 1.000 
0.7468  51735       1.0000 1.0000 1.0000   1.000 1.000 
0.7478  51531       1.0000 1.0000 1.0000   1.000 1.000 
0.7488  51327       1.0000 1.0000 1.0000   1.000 1.000 
0.7498  51123       1.0000 1.0000 1.0000   1.000 1.000 
0.7508  50919       1.0000 1.0000 1.0000   1.000 1.000 
0.7518  50715       1.0000 1.0000 1.0000   1.000 1.000 
0.7528  50511       1.0000 1.0000 1.0000   1.000 1.000 
0.7538  50307       1.0000 1.0000 1.0000   1.000 1.000 
0.7548  50103       1.0000 1.0000 1.0000   1.000 1.000 
0.7558  49899       1.0000 1.0000 1.0000   1.000 1.000 
0.7568  49695       1.0000 1.0000 1.0000   1.000 1.000 
0.7578  49491       1.0000 1.0000 1.0000   1.000 1.000 
0.7588  49287       1.0000 1.0000 1.0000   1.000 1.000 
0.7598  49083       1.0000 1.0000 1.0000   1.000 1.000 
0.7608  48879       1.0000 1.0000 1.0000   1.000 1.000 
0.7618  48675       1.0000 1.0000 1.0000   1.000 1.000 
0.7628  48471       1.0000 1.0000 1.0000   1.000 1.000 
0.7638  48267       1.0000 1.0000 1.0000   1.000 1.000 
0.7648  48063       1.0000 1.0000 1.0000   1.000 1.000 
0.7658  47859       1.0000 1.0000 1.0000   1.000 1.000 
0.7668  47655       1.0000 1.0000 1.0000   1.000 1.000 
0.7678  47451       1.0000 1.0000 1.0000   1.000 1.000 
0.7688  47247       1.0000 1.0000 1.0000   1.000 1.000 
0.7698  47043       1.0000 1.0000 1.0000   1.000 1.000 
0.7708  46839       1.0000 1.0000 1.0000   1.000 1.000 
0.7718  46635       1.0000 1.0000 1.0000   1.000 1.000 
0.7728  46431       1.0000 1.0000 1.0000   1.000 1.000 
0.7738  46227       1.0000 1.0000 1.0000   1.000 1.000 
0.7748  46023       1.0000 1.0000 1.0000   1.000 1.000 
0.7758  45819       1.0000 1.0000 1.0000   1.000 1.000 
0.7768  45615       1.0000 1.0000 1.0000   1.000 1.000 
0.7778  45411       1.0000 1.0000 1.0000   1.000 1.000 
0.7788  45207       1.0000 1.0000 1.0000   1.000 1.000 
0.7798  45003       1.0000 1.0000 1.0000   1.000 1.000 
0.7808  44799       1.0000 1.0000 1.0000   1.000 1.000 
0.7817  44595       1.0000 1.0000 1.0000   1.000 1.000 
0.7827  44391       1.0000 1.0000 1.0000   1.000 1.000 
0.7837  44187       1.0000 1.0000 1.0000   1.000 1.000 
0.7847  43983       1.0000 1.0000 1.0000   1.000 1.000 
0.7857  43779       1.0000 1.0000 1.0000   1.000 1.000 
0.7867  43575       1.0000 1.0000 1.0000   1.000 1.000 
0.7877  43371       1.0000 1.0000 1.0000   1.000 1.000 
0.7887  43167       1.0000 1.0000 1.0000   1.000 1.000 
0.7897  42963       1.0000 1.0000 1.0000   1.000 1.000 
0.7907  42759       1.0000 1.0000 1.0000   1.000 1.000 
0.7917  42555       1.0000 1.0000 1.0000   1.000 1.000 
0.7927  42351       1.0000 1.0000 1.0000   1.000 1.000 
0.7937  42147       1.0000 1.0000 1.0000   1.000 1.000 
0.7947  41943       1.0000 1.0000 1.0000   1.000 1.000 
0.7957  41739       1.0000 1.0000 1.0000   1.000 1.000 
0.7967  41535       1.0000 1.0000 1.0000   1.000 1.000 
0.7977  41331       1.0000 1.0000 1.0000   1.000 1.000 
0.7987  41127       1.0000 1.0000 1.0000   1.000 1.000 
0.7997  40923       1.0000 1.0000 1.0000   1.000 1.000 
0.8007  40719       1.0000 1.0000 1.0000   1.000 1.000 
0.8017  40515       1.0000 1.0000 1.0000   1.000 1.000 
0.8027  40311       1.0000 1.0000 1.0000   1.000 1.000 
0.8037  40107       1.0000 1.0000 1.0000   1.000 1.000 
0.8047  39903       1.0000 1.0000 1.0000   1.000 1.000 
0.8057  39699       1.0000 1.0000 1.0000   1.000 1.000 
0.8067  39495       1.0000 1.0000 1.0000   1.000 1.000 
0.8077  39291       1.0000 1.0000 1.0000   1.000 1.000 
0.8087  39087       1.0000 1.0000 1.0000   1.000 1.000 
0.8097  38883       1.0000 1.0000 1.0000   1.000 1.000 
0.8107  38679       1.0000 1.0000 1.0000   1.000 1.000 
0.8117  38475       1.0000 1.0000 1.0000   1.000 1.000 
0.8127  38271       1.0000 1.0000 1.0000   1.000 1.000 
0.8137  38067       1.0000 1.0000 1.0000   1.000 1.000 
0.8147  37863       1.0000 1.0000 1.0000   1.000 1.000 
0.8157  37659       1.0000 1.0000 1.0000   1.000 1.000 
0.8167  37455       1.0000 1.0000 1.0000   1.000 1.000 
0.8177  37251       1.0000 1.0000 1.0000   1.000 1.000 
0.8187  37047       1.0000 1.0000 1.0000   1.000 1.000 
0.8197  36843       1.0000 1.0000 1.0000   1.000 1.000 
0.8207  36639       1.0000 1.0000 1.0000   1.000 1.000 
0.8217  36435       1.0000 1.0000 1.0000   1.000 1.000 
0.8227  36231       1.0000 1.0000 1.0000   1.000 1.000 
0.8237  36027       1.0000 1.0000 1.0000   1.000 1.000 
0.8247  35823       1.0000 1.0000 1.0000   1.000 1.000 
0.8257  35619       1.0000 1.0000 1.0000   1.000 1.000 
0.8267  35415       1.0000 1.0000 1.0000   1.000 1.000 
0.8277  35211       1.0000 1.0000 1.0000   1.000 1.000 
0.8287  35007       1.0000 1.0000 1.0000   1.000 1.000 
0.8297  34803       1.0000 1.0000 1.0000   1.000 1.000 
0.8307  34599       1.0000 1.0000 1.0000   1.000 1.000 
0.8317  34395       1.0000 1.0000 1.0000   1.000 1.000 
0.8327  34191       1.0000 1.0000 1.0000   1.000 1.000 
0.8337  33987       1.0000 1.0000 1.0000   1.000 1.000 
0.8347  33783       1.0000 1.0000 1.0000   1.000 1.000 
0.8357  33579       1.0000 1.0000 1.0000   1.000 1.000 
0.8367  33375       1.0000 1.0000 1.0000   1.000 1.000 
0.8377  33171       1.0000 1.0000 1.0000   1.000 1.000 
0.8387  32967       1.0000 1.0000 1.0000   1.000 1.000 
0.8397  32763       1.0000 1.0000 1.0000   1.000 1.000 
0.8407  32559       1.0000 1.0000 1.0000   1.000 1.000 
0.8417  32355       1.0000 1.0000 1.0000   1.000 1.000 
0.8427  32151       1.0000 1.0000 1.0000   1.000 1.000 
0.8436  31947       1.0000 1.0000 1.0000   1.000 1.000 
0.8446  31743       1.0000 1.0000 1.0000   1.000 1.000 
0.8456  31539       1.0000 1.0000 1.0000   1.000 1.000 
0.8466  31335       1.0000 1.0000 1.0000   1.000 1.000 
0.8476  31131       1.0000 1.0000 1.0000   1.000 1.000 
0.8486  30927       1.0000 1.0000 1.0000   1.000 1.000 
0.8496  30723       1.0000 1.0000 1.0000   1.000 1.000 
0.8506  30519       1.0000 1.0000 1.0000   1.000 1.000 
0.8516  30315       1.0000 1.0000 1.0000   1.000 1.000 
0.8526  30111       1.0000 1.0000 1.0000   1.000 1.000 
0.8536  29907       1.0000 1.0000 1.0000   1.000 1.000 
0.8546  29703       1.0000 1.0000 1.0000   1.000 1.000 
0.8556  29499       1.0000 1.0000 1.0000   1.000 1.000 
0.8566  29295       1.0000 1.0000 1.0000   1.000 1.000 
0.8576  29091       1.0000 1.0000 1.0000   1.000 1.000 
0.8586  28887       1.0000 1.0000 1.0000   1.000 1.000 
0.8596  28683       1.0000 1.0000 1.0000   1.000 1.000 
0.8606  28479       1.0000 1.0000 1.0000   1.000 1.000 
0.8616  28275       1.0000 1.0000 1.0000   1.000 1.000 
0.8626  28071       1.0000 1.0000 1.0000   1.000 1.000 
0.8636  27867       1.0000 1.0000 1.0000   1.000 1.000 
0.8646  27663       1.0000 1.0000 1.0000   1.000 1.000 
0.8656  27459       1.0000 1.0000 1.0000   1.000 1.000 
0.8666  27255       1.0000 1.0000 1.0000   1.000 1.000 
0.8676  27051       1.0000 1.0000 1.0000   1.000 1.000 
0.8686  26847       1.0000 1.0000 1.0000   1.000 1.000 
0.8696  26643       1.0000 1.0000 1.0000   1.000 1.000 
0.8706  26439       1.0000 1.0000 1.0000   1.000 1.000 
0.8716  26235       1.0000 1.0000 1.0000   1.000 1.000 
0.8726  26031       1.0000 1.0000 1.0000   1.000 1.000 
0.8736  25827       1.0000 1.0000 1.0000   1.000 1.000 
0.8746  25623       1.0000 1.0000 1.0000   1.000 1.000 
0.8756  25419       1.0000 1.0000 1.0000   1.000 1.000 
0.8766  25215       1.0000 1.0000 1.0000   1.000 1.000 
0.8776  25011       1.0000 1.0000 1.0000   1.000 1.000 
0.8786  24807       1.0000 1.0000 1.0000   1.000 1.000 
0.8796  24603       1.0000 1.0000 1.0000   1.000 1.000 
0.8806  24399       1.0000 1.0000 1.0000   1.000 1.000 
0.8816  24195       1.0000 1.0000 1.0000   1.000 1.000 
0.8826  23991       1.0000 1.0000 1.0000   1.000 1.000 
0.8836  23787       1.0000 1.0000 1.0000   1.000 1.000 
0.8846  23583       1.0000 1.0000 1.0000   1.000 1.000 
0.8856  23379       1.0000 1.0000 1.0000   1.000 1.000 
0.8866  23175       1.0000 1.0000 1.0000   1.000 1.000 
0.8876  22971       1.0000 1.0000 1.0000   1.000 1.000 
0.8886  22767       1.0000 1.0000 1.0000   1.000 1.000 
0.8896  22563       1.0000 1.0000 1.0000   1.000 1.000 
0.8906  22359       1.0000 1.0000 1.0000   1.000 1.000 
0.8916  22155       1.0000 1.0000 1.0000   1.000 1.000 
0.8926  21951       1.0000 1.0000 1.0000   1.000 1.000 
0.8936  21747       1.0000 1.0000 1.0000   1.000 1.000 
0.8946  21543       1.0000 1.0000 1.0000   1.000 1.000 
0.8956  21339       1.0000 1.0000 1.0000   1.000 1.000 
0.8966  21135       1.0000 1.0000 1.0000   1.000 1.000 
0.8976  20931       1.0000 1.0000 1.0000   1.000 1.000 
0.8986  20727       1.0000 1.0000 1.0000   1.000 1.000 
0.8996  20523       1.0000 1.0000 1.0000   1.000 1.000 
0.9006  20319       1.0000 1.0000 1.0000   1.000 1.000 
0.9016  20115       1.0000 1.0000 1.0000   1.000 1.000 
0.9026  19911       1.0000 1.0000 1.0000   1.000 1.000 
0.9036  19707       1.0000 1.0000 1.0000   1.000 1.000 
0.9046  19503       1.0000 1.0000 1.0000   1.000 1.000 
0.9055  19299       1.0000 1.0000 1.0000   1.000 1.000 
0.9065  19095       1.0000 1.0000 1.0000   1.000 1.000 
0.9075  18891       1.0000 1.0000 1.0000   1.000 1.000 
0.9085  18687       1.0000 1.0000 1.0000   1.000 1.000 
0.9095  18483       1.0000 1.0000 1.0000   1.000 1.000 
0.9105  18279       1.0000 1.0000 1.0000   1.000 1.000 
0.9115  18075       1.0000 1.0000 1.0000   1.000 1.000 
0.9125  17871       1.0000 1.0000 1.0000   1.000 1.000 
0.9135  17667       1.0000 1.0000 1.0000   1.000 1.000 
0.9145  17463       1.0000 1.0000 1.0000   1.000 1.000 
0.9155  17259       1.0000 1.0000 1.0000   1.000 1.000 
0.9165  17055       1.0000 1.0000 1.0000   1.000 1.000 
0.9175  16851       1.0000 1.0000 1.0000   1.000 1.000 
0.9185  16647       1.0000 1.0000 1.0000   1.000 1.000 
0.9195  16443       1.0000 1.0000 1.0000   1.000 1.000 
0.9205  16239       1.0000 1.0000 1.0000   1.000 1.000 
0.9215  16035       1.0000 1.0000 1.0000   1.000 1.000 
0.9225  15831       1.0000 1.0000 1.0000   1.000 1.000 
0.9235  15627       1.0000 1.0000 1.0000   1.000 1.000 
0.9245  15423       1.0000 1.0000 1.0000   1.000 1.000 
0.9255  15219       1.0000 1.0000 1.0000   1.000 1.000 
0.9265  15015       1.0000 1.0000 1.0000   1.000 1.000 
0.9275  14811       1.0000 1.0000 1.0000   1.000 1.000 
0.9285  14607       1.0000 1.0000 1.0000   1.000 1.000 
0.9295  14403       1.0000 1.0000 1.0000   1.000 1.000 
0.9305  14199       1.0000 1.0000 1.0000   1.000 1.000 
0.9315  13995       1.0000 1.0000 1.0000   1.000 1.000 
0.9325  13791       1.0000 1.0000 1.0000   1.000 1.000 
0.9335  13587       1.0000 1.0000 1.0000   1.000 1.000 
0.9345  13383       1.0000 1.0000 1.0000   1.000 1.000 
0.9355  13179       1.0000 1.0000 1.0000   1.000 1.000 
0.9365  12975       1.0000 1.0000 1.0000   1.000 1.000 
0.9375  12771       1.0000 1.0000 1.0000   1.000 1.000 
0.9385  12567       1.0000 1.0000 1.0000   1.000 1.000 
0.9395  12363       1.0000 1.0000 1.0000   1.000 1.000 
0.9405  12159       1.0000 1.0000 1.0000   1.000 1.000 
0.9415  11955       1.0000 1.0000 1.0000   1.000 1.000 
0.9425  11751       1.0000 1.0000 1.0000   1.000 1.000 
0.9435  11547       1.0000 1.0000 1.0000   1.000 1.000 
0.9445  11343       1.0000 1.0000 1.0000   1.000 1.000 
0.9455  11139       1.0000 1.0000 1.0000   1.000 1.000 
0.9465  10935       1.0000 1.0000 1.0000   1.000 1.000 
0.9475  10731       1.0000 1.0000 1.0000   1.000 1.000 
0.9485  10527       1.0000 1.0000 1.0000   1.000 1.000 
0.9495  10323       1.0000 1.0000 1.0000   1.000 1.000 
0.9505  10119       1.0000 1.0000 1.0000   1.000 1.000 
0.9515  9915        1.0000 1.0000 1.0000   1.000 1.000 
0.9525  9711        1.0000 1.0000 1.0000   1.000 1.000 
0.9535  9507        1.0000 1.0000 1.0000   1.000 1.000 
0.9545  9303        1.0000 1.0000 1.0000   1.000 1.000 
0.9555  9099        1.0000 1.0000 1.0000   1.000 1.000 
0.9565  8895        1.0000 1.0000 1.0000   1.000 1.000 
0.9575  8691        1.0000 1.0000 1.0000   1.000 1.000 
0.9585  8487        1.0000 1.0000 1.0000   1.000 1.000 
0.9595  8283        1.0000 1.0000 1.0000   1.000 1.000 
0.9605  8079        1.0000 1.0000 1.0000   1.000 1.000 
0.9615  7875        1.0000 1.0000 1.0000   1.000 1.000 
0.9625  7671        1.0000 1.0000 1.0000   1.000 1.000 
0.9635  7467        1.0000 1.0000 1.0000   1.000 1.000 
0.9645  7263        1.0000 1.0000 1.0000   1.000 1.000 
0.9655  7059        1.0000 1.0000 1.0000   1.000 1.000 
0.9665  6855        1.0000 1.0000 1.0000   1.000 1.000 
0.9674  6651        1.0000 1.0000 1.0000   1.000 1.000 
0.9684  6447        1.0000 1.0000 1.0000   1.000 1.000 
0.9694  6243        1.0000 1.0000 1.0000   1.000 1.000 
0.9704  6039        1.0000 1.0000 1.0000   1.000 1.000 
0.9714  5835        1.0000 1.0000 1.0000   1.000 1.000 
0.9724  5631        1.0000 1.0000 1.0000   1.000 1.000 
0.9734  5427        1.0000 1.0000 1.0000   1.000 1.000 
0.9744  5223        1.0000 1.0000 1.0000   1.000 1.000 
0.9754  5019        1.0000 1.0000 1.0000   1.000 1.000 
0.9764  4815        1.0000 1.0000 1.0000   1.000 1.000 
0.9774  4611        1.0000 1.0000 1.0000   1.000 1.000 
0.9784  4407        1.0000 1.0000 1.0000   1.000 1.000 
0.9794  4203        1.0000 1.0000 1.0000   1.000 1.000 
0.9804  3999        1.0000 1.0000 1.0000   1.000 1.000 
0.9814  3795        1.0000 1.0000 1.0000   1.000 1.000 
0.9824  3591        1.0000 1.0000 1.0000   1.000 1.000 
0.9834  3387        1.0000 1.0000 1.0000   1.000 1.000 
0.9844  3183        1.0000 1.0000 1.0000   1.000 1.000 
0.9854  2979        1.0000 1.0000 1.0000   1.000 1.000 
0.9864  2775        1.0000 1.0000 1.0000   1.000 1.000 
0.9874  2571        1.0000 1.0000 1.0000   1.000 1.000 
0.9884  2367        1.0000 1.0000 1.0000   1.000 1.000 
0.9894  2163        1.0000 1.0000 1.0000   1.000 1.000 
0.9904  1959        1.0000 1.0000 1.0000   1.000 1.000 
0.9914  1755        1.0000 1.0000 1.0000   1.000 1.000 
0.9924  1551        1.0000 1.0000 1.0000   1.000 1.000 
0.9934  1347        1.0000 1.0000 1.0000   1.000 1.000 
0.9944  1143        1.0000 1.0000 1.0000   1.000 1.000 
0.9954  939         0.9286 0.9643 0.9643   0.929 1.000 
0.9964  735         0.7282 0.8641 0.8641   0.728 1.000 
0.9974  531         0.5198 0.7599 0.7599   0.520 1.000 
0.9984  327         0.3512 0.6756 0.6756   0.351 1.000 
0.9994  123         0.1548 0.2831 0.2831   0.155 0.411 
1.0000  0           0.0000 0.0000 0.0000   0.000 0.000 


Feature  lost_at_fraction_removed  file_name
0      1.00000 ../data/ssi_CAWA2005.txt
1      1.00000 ../data/ssi_CAWA2010.txt
