ADMU id: 0: F-lost, TF-cost	min-1 mean-1 wmean-1 max-1	min-2 mean-2 wmean-2 max-2	
0.00001	0         	0.64229 	0.72190 	-0.11847	0.92157 	0.66346 	0.66346 	0.00000 	0.66346 	
0.00101	0         	0.63361 	0.71785 	-0.11037	0.91403 	0.66346 	0.66346 	0.00000 	0.66346 	
0.00201	0         	0.63270 	0.71339 	-0.10197	0.89810 	0.66343 	0.66343 	0.00000 	0.66343 	
0.00301	0         	0.63044 	0.70860 	-0.09296	0.88216 	0.66334 	0.66334 	0.00000 	0.66334 	
0.00400	0         	0.62903 	0.70399 	-0.08443	0.86623 	0.66320 	0.66320 	0.00000 	0.66320 	
0.00500	0         	0.62720 	0.69927 	-0.07572	0.85029 	0.66302 	0.66302 	0.00000 	0.66302 	
0.00600	0         	0.62459 	0.69438 	-0.06665	0.83436 	0.66282 	0.66282 	0.00000 	0.66282 	
0.00700	0         	0.62282 	0.68966 	-0.05802	0.81842 	0.66260 	0.66260 	0.00000 	0.66260 	
0.00800	0         	0.61979 	0.68464 	-0.04877	0.80249 	0.66237 	0.66237 	0.00000 	0.66237 	
0.00900	0         	0.61429 	0.67905 	-0.03831	0.78655 	0.66211 	0.66211 	0.00000 	0.66211 	
0.01000	0         	0.61084 	0.67392 	-0.02890	0.77062 	0.66182 	0.66182 	0.00000 	0.66182 	
0.01099	0         	0.60929 	0.66924 	-0.02049	0.75468 	0.66149 	0.66149 	0.00000 	0.66149 	
0.01199	0         	0.60766 	0.66454 	-0.01213	0.73875 	0.66107 	0.66107 	0.00000 	0.66107 	
0.01299	0         	0.60541 	0.65963 	-0.00361	0.72281 	0.66050 	0.66050 	0.00000 	0.66050 	
0.01399	0         	0.60308 	0.65476 	inf     	0.70687 	0.66003 	0.66003 	0.00000 	0.66003 	
0.01499	0         	0.60125 	0.64999 	inf     	0.69094 	0.65959 	0.65959 	0.00000 	0.65959 	
0.01599	0         	0.59948 	0.64521 	inf     	0.67500 	0.65908 	0.65908 	0.00000 	0.65908 	
0.01698	0         	0.59758 	0.64039 	inf     	0.65907 	0.65851 	0.65851 	0.00000 	0.65851 	
0.01798	0         	0.59547 	0.63552 	inf     	0.65788 	0.65788 	0.65788 	0.00000 	0.65788 	
0.01898	0         	0.59321 	0.63059 	inf     	0.65722 	0.65722 	0.65722 	0.00000 	0.65722 	
0.01998	0         	0.59145 	0.62577 	inf     	0.65652 	0.65652 	0.65652 	0.00000 	0.65652 	
0.02098	0         	0.59018 	0.62106 	inf     	0.65576 	0.65576 	0.65576 	0.00000 	0.65576 	
0.02198	0         	0.57939 	0.61633 	inf     	0.65496 	0.65496 	0.65496 	0.00000 	0.65496 	
0.02298	0         	0.56346 	0.61158 	inf     	0.65408 	0.65408 	0.65408 	0.00000 	0.65408 	
0.02397	0         	0.54752 	0.60688 	inf     	0.65305 	0.65305 	0.65305 	0.00000 	0.65305 	
0.02497	0         	0.53159 	0.60217 	inf     	0.65190 	0.65190 	0.65190 	0.00000 	0.65190 	
0.02597	0         	0.51565 	0.59728 	inf     	0.65059 	0.65059 	0.65059 	0.00000 	0.65059 	
0.02697	0         	0.49971 	0.59210 	inf     	0.64893 	0.64893 	0.64893 	0.00000 	0.64893 	
0.02797	0         	0.48880 	0.58736 	inf     	0.64764 	0.64764 	0.64764 	0.00000 	0.64764 	
0.02897	0         	0.48731 	0.58363 	inf     	0.64754 	0.64754 	0.64754 	0.00000 	0.64754 	
0.02997	0         	0.48362 	0.57947 	inf     	0.64738 	0.64738 	0.64738 	0.00000 	0.64738 	
0.03096	0         	0.48330 	0.57576 	inf     	0.64710 	0.64710 	0.64710 	0.00000 	0.64710 	
0.03196	0         	0.47231 	0.57125 	inf     	0.64674 	0.64674 	0.64674 	0.00000 	0.64674 	
0.03296	0         	0.46139 	0.56635 	inf     	0.64640 	0.64640 	0.64640 	0.00000 	0.64640 	
0.03396	0         	0.46124 	0.56256 	inf     	0.64584 	0.64584 	0.64584 	0.00000 	0.64584 	
0.03496	0         	0.46108 	0.55864 	inf     	0.64473 	0.64473 	0.64473 	0.00000 	0.64473 	
0.03596	0         	0.46108 	0.55738 	inf     	0.64427 	0.64427 	0.64427 	0.00000 	0.64427 	
0.03696	0         	0.46108 	0.55700 	inf     	0.64426 	0.64426 	0.64426 	0.00000 	0.64426 	
0.03795	0         	0.45864 	0.55597 	inf     	0.64419 	0.64419 	0.64419 	0.00000 	0.64419 	
0.03895	0         	0.45668 	0.55497 	inf     	0.64412 	0.64412 	0.64412 	0.00000 	0.64412 	
0.03995	0         	0.45652 	0.55450 	inf     	0.64409 	0.64409 	0.64409 	0.00000 	0.64409 	
0.04095	0         	0.45652 	0.55431 	inf     	0.64405 	0.64405 	0.64405 	0.00000 	0.64405 	
0.04195	0         	0.45652 	0.55400 	inf     	0.64398 	0.64398 	0.64398 	0.00000 	0.64398 	
0.04295	0         	0.45645 	0.55367 	inf     	0.64391 	0.64391 	0.64391 	0.00000 	0.64391 	
0.04394	0         	0.45645 	0.55331 	inf     	0.64382 	0.64382 	0.64382 	0.00000 	0.64382 	
0.04494	0         	0.45645 	0.55291 	inf     	0.64374 	0.64374 	0.64374 	0.00000 	0.64374 	
0.04594	0         	0.45637 	0.55247 	inf     	0.64364 	0.64364 	0.64364 	0.00000 	0.64364 	
0.04694	0         	0.45597 	0.55202 	inf     	0.64354 	0.64354 	0.64354 	0.00000 	0.64354 	
0.04794	0         	0.45574 	0.55159 	inf     	0.64344 	0.64344 	0.64344 	0.00000 	0.64344 	
0.04894	0         	0.45511 	0.55090 	inf     	0.64334 	0.64334 	0.64334 	0.00000 	0.64334 	
0.04994	0         	0.45409 	0.55014 	inf     	0.64323 	0.64323 	0.64323 	0.00000 	0.64323 	
0.05093	0         	0.44349 	0.54717 	inf     	0.64311 	0.64311 	0.64311 	0.00000 	0.64311 	
0.05193	0         	0.44152 	0.54631 	inf     	0.64299 	0.64299 	0.64299 	0.00000 	0.64299 	
0.05293	0         	0.44152 	0.54592 	inf     	0.64288 	0.64288 	0.64288 	0.00000 	0.64288 	
0.05393	0         	0.44074 	0.54531 	inf     	0.64276 	0.64276 	0.64276 	0.00000 	0.64276 	
0.05493	0         	0.44074 	0.54485 	inf     	0.64264 	0.64264 	0.64264 	0.00000 	0.64264 	
0.05593	0         	0.44074 	0.54444 	inf     	0.64252 	0.64252 	0.64252 	0.00000 	0.64252 	
0.05693	0         	0.44074 	0.54402 	inf     	0.64240 	0.64240 	0.64240 	0.00000 	0.64240 	
0.05792	0         	0.44035 	0.54353 	inf     	0.64227 	0.64227 	0.64227 	0.00000 	0.64227 	
0.05892	0         	0.43964 	0.54279 	inf     	0.64213 	0.64213 	0.64213 	0.00000 	0.64213 	
0.05992	0         	0.43956 	0.54237 	inf     	0.64200 	0.64200 	0.64200 	0.00000 	0.64200 	
0.06092	0         	0.43940 	0.54192 	inf     	0.64187 	0.64187 	0.64187 	0.00000 	0.64187 	
0.06192	0         	0.43925 	0.54147 	inf     	0.64172 	0.64172 	0.64172 	0.00000 	0.64172 	
0.06292	0         	0.43893 	0.54101 	inf     	0.64158 	0.64158 	0.64158 	0.00000 	0.64158 	
0.06392	0         	0.43885 	0.54052 	inf     	0.64143 	0.64143 	0.64143 	0.00000 	0.64143 	
0.06491	0         	0.43885 	0.54002 	inf     	0.64129 	0.64129 	0.64129 	0.00000 	0.64129 	
0.06591	0         	0.43870 	0.53963 	inf     	0.64113 	0.64113 	0.64113 	0.00000 	0.64113 	
0.06691	0         	0.43831 	0.53902 	inf     	0.64097 	0.64097 	0.64097 	0.00000 	0.64097 	
0.06791	0         	0.43783 	0.53832 	inf     	0.64081 	0.64081 	0.64081 	0.00000 	0.64081 	
0.06891	0         	0.43783 	0.53788 	inf     	0.64066 	0.64066 	0.64066 	0.00000 	0.64066 	
0.06991	0         	0.43768 	0.53736 	inf     	0.64049 	0.64049 	0.64049 	0.00000 	0.64049 	
0.07090	0         	0.43768 	0.53699 	inf     	0.64032 	0.64032 	0.64032 	0.00000 	0.64032 	
0.07190	0         	0.43768 	0.53653 	inf     	0.64015 	0.64015 	0.64015 	0.00000 	0.64015 	
0.07290	0         	0.43760 	0.53607 	inf     	0.63997 	0.63997 	0.63997 	0.00000 	0.63997 	
0.07390	0         	0.43752 	0.53557 	inf     	0.63979 	0.63979 	0.63979 	0.00000 	0.63979 	
0.07490	0         	0.43618 	0.53455 	inf     	0.63960 	0.63960 	0.63960 	0.00000 	0.63960 	
0.07590	0         	0.43618 	0.53414 	inf     	0.63942 	0.63942 	0.63942 	0.00000 	0.63942 	
0.07690	0         	0.43618 	0.53369 	inf     	0.63923 	0.63923 	0.63923 	0.00000 	0.63923 	
0.07789	0         	0.43618 	0.53336 	inf     	0.63904 	0.63904 	0.63904 	0.00000 	0.63904 	
0.07889	0         	0.43595 	0.53291 	inf     	0.63885 	0.63885 	0.63885 	0.00000 	0.63885 	
0.07989	0         	0.43595 	0.53246 	inf     	0.63865 	0.63865 	0.63865 	0.00000 	0.63865 	
0.08089	0         	0.43595 	0.53203 	inf     	0.63845 	0.63845 	0.63845 	0.00000 	0.63845 	
0.08189	0         	0.43595 	0.53169 	inf     	0.63824 	0.63824 	0.63824 	0.00000 	0.63824 	
0.08289	0         	0.43595 	0.53129 	inf     	0.63803 	0.63803 	0.63803 	0.00000 	0.63803 	
0.08389	0         	0.43289 	0.52988 	inf     	0.63782 	0.63782 	0.63782 	0.00000 	0.63782 	
0.08488	0         	0.41695 	0.52548 	inf     	0.63767 	0.63767 	0.63767 	0.00000 	0.63767 	
0.08588	0         	0.40100 	0.52116 	inf     	0.63748 	0.63748 	0.63748 	0.00000 	0.63748 	
0.08688	0         	0.38506 	0.51676 	inf     	0.63726 	0.63726 	0.63726 	0.00000 	0.63726 	
0.08788	0         	0.37250 	0.51312 	inf     	0.63703 	0.63703 	0.63703 	0.00000 	0.63703 	
0.08888	0         	0.37250 	0.51274 	inf     	0.63682 	0.63682 	0.63682 	0.00000 	0.63682 	
0.08988	0         	0.37210 	0.51210 	inf     	0.63660 	0.63660 	0.63660 	0.00000 	0.63660 	
0.09088	0         	0.37210 	0.51166 	inf     	0.63638 	0.63638 	0.63638 	0.00000 	0.63638 	
0.09187	0         	0.37210 	0.51107 	inf     	0.63615 	0.63615 	0.63615 	0.00000 	0.63615 	
0.09287	0         	0.37210 	0.51044 	inf     	0.63592 	0.63592 	0.63592 	0.00000 	0.63592 	
0.09387	0         	0.37210 	0.51002 	inf     	0.63567 	0.63567 	0.63567 	0.00000 	0.63567 	
0.09487	0         	0.36818 	0.50839 	inf     	0.63543 	0.63543 	0.63543 	0.00000 	0.63543 	
0.09587	0         	0.36755 	0.50770 	inf     	0.63518 	0.63518 	0.63518 	0.00000 	0.63518 	
0.09687	0         	0.36724 	0.50695 	inf     	0.63492 	0.63492 	0.63492 	0.00000 	0.63492 	
0.09786	0         	0.36661 	0.50641 	inf     	0.63467 	0.63467 	0.63467 	0.00000 	0.63467 	
0.09886	0         	0.36653 	0.50584 	inf     	0.63440 	0.63440 	0.63440 	0.00000 	0.63440 	
0.09986	0         	0.36653 	0.50539 	inf     	0.63414 	0.63414 	0.63414 	0.00000 	0.63414 	
0.10086	0         	0.36645 	0.50495 	inf     	0.63387 	0.63387 	0.63387 	0.00000 	0.63387 	
0.10186	0         	0.36629 	0.50444 	inf     	0.63359 	0.63359 	0.63359 	0.00000 	0.63359 	
0.10286	0         	0.36622 	0.50403 	inf     	0.63330 	0.63330 	0.63330 	0.00000 	0.63330 	
0.10386	0         	0.36622 	0.50349 	inf     	0.63301 	0.63301 	0.63301 	0.00000 	0.63301 	
0.10485	0         	0.36567 	0.50278 	inf     	0.63272 	0.63272 	0.63272 	0.00000 	0.63272 	
0.10585	0         	0.36535 	0.50205 	inf     	0.63242 	0.63242 	0.63242 	0.00000 	0.63242 	
0.10685	0         	0.36535 	0.50160 	inf     	0.63211 	0.63211 	0.63211 	0.00000 	0.63211 	
0.10785	0         	0.36535 	0.50116 	inf     	0.63180 	0.63180 	0.63180 	0.00000 	0.63180 	
0.10885	0         	0.36535 	0.50074 	inf     	0.63148 	0.63148 	0.63148 	0.00000 	0.63148 	
0.10985	0         	0.36535 	0.50034 	inf     	0.63116 	0.63116 	0.63116 	0.00000 	0.63116 	
0.11085	0         	0.36519 	0.49979 	inf     	0.63084 	0.63084 	0.63084 	0.00000 	0.63084 	
0.11184	0         	0.36519 	0.49921 	inf     	0.63051 	0.63051 	0.63051 	0.00000 	0.63051 	
0.11284	0         	0.36519 	0.49864 	inf     	0.63017 	0.63017 	0.63017 	0.00000 	0.63017 	
0.11384	0         	0.36519 	0.49799 	inf     	0.62982 	0.62982 	0.62982 	0.00000 	0.62982 	
0.11484	0         	0.36519 	0.49756 	inf     	0.62948 	0.62948 	0.62948 	0.00000 	0.62948 	
0.11584	0         	0.36519 	0.49685 	inf     	0.62913 	0.62913 	0.62913 	0.00000 	0.62913 	
0.11684	0         	0.36260 	0.49543 	inf     	0.62876 	0.62876 	0.62876 	0.00000 	0.62876 	
0.11784	0         	0.36260 	0.49500 	inf     	0.62840 	0.62840 	0.62840 	0.00000 	0.62840 	
0.11883	0         	0.36260 	0.49452 	inf     	0.62804 	0.62804 	0.62804 	0.00000 	0.62804 	
0.11983	0         	0.36260 	0.49403 	inf     	0.62766 	0.62766 	0.62766 	0.00000 	0.62766 	
0.12083	0         	0.36252 	0.49359 	inf     	0.62729 	0.62729 	0.62729 	0.00000 	0.62729 	
0.12183	0         	0.36252 	0.49315 	inf     	0.62691 	0.62691 	0.62691 	0.00000 	0.62691 	
0.12283	0         	0.36213 	0.49263 	inf     	0.62652 	0.62652 	0.62652 	0.00000 	0.62652 	
0.12383	0         	0.36119 	0.49189 	inf     	0.62613 	0.62613 	0.62613 	0.00000 	0.62613 	
0.12482	0         	0.36119 	0.49138 	inf     	0.62573 	0.62573 	0.62573 	0.00000 	0.62573 	
0.12582	0         	0.36119 	0.49090 	inf     	0.62533 	0.62533 	0.62533 	0.00000 	0.62533 	
0.12682	0         	0.36119 	0.49041 	inf     	0.62492 	0.62492 	0.62492 	0.00000 	0.62492 	
0.12782	0         	0.36103 	0.48991 	inf     	0.62451 	0.62451 	0.62451 	0.00000 	0.62451 	
0.12882	0         	0.36103 	0.48934 	inf     	0.62409 	0.62409 	0.62409 	0.00000 	0.62409 	
0.12982	0         	0.35365 	0.48686 	inf     	0.62363 	0.62363 	0.62363 	0.00000 	0.62363 	
0.13082	0         	0.35365 	0.48640 	inf     	0.62320 	0.62320 	0.62320 	0.00000 	0.62320 	
0.13181	0         	0.35287 	0.48574 	inf     	0.62278 	0.62278 	0.62278 	0.00000 	0.62278 	
0.13281	0         	0.35287 	0.48528 	inf     	0.62234 	0.62234 	0.62234 	0.00000 	0.62234 	
0.13381	0         	0.35287 	0.48479 	inf     	0.62191 	0.62191 	0.62191 	0.00000 	0.62191 	
0.13481	0         	0.35153 	0.48383 	inf     	0.62146 	0.62146 	0.62146 	0.00000 	0.62146 	
0.13581	0         	0.35106 	0.48317 	inf     	0.62102 	0.62102 	0.62102 	0.00000 	0.62102 	
0.13681	0         	0.35106 	0.48276 	inf     	0.62057 	0.62057 	0.62057 	0.00000 	0.62057 	
0.13781	0         	0.35059 	0.48194 	inf     	0.62011 	0.62011 	0.62011 	0.00000 	0.62011 	
0.13880	0         	0.35059 	0.48151 	inf     	0.61965 	0.61965 	0.61965 	0.00000 	0.61965 	
0.13980	0         	0.35059 	0.48094 	inf     	0.61919 	0.61919 	0.61919 	0.00000 	0.61919 	
0.14080	0         	0.35035 	0.48037 	inf     	0.61873 	0.61873 	0.61873 	0.00000 	0.61873 	
0.14180	0         	0.34965 	0.47972 	inf     	0.61825 	0.61825 	0.61825 	0.00000 	0.61825 	
0.14280	0         	0.34965 	0.47921 	inf     	0.61778 	0.61778 	0.61778 	0.00000 	0.61778 	
0.14380	0         	0.34910 	0.47852 	inf     	0.61731 	0.61731 	0.61731 	0.00000 	0.61731 	
0.14480	0         	0.34328 	0.47646 	inf     	0.61688 	0.61688 	0.61688 	0.00000 	0.61688 	
0.14579	0         	0.34328 	0.47596 	inf     	0.61639 	0.61639 	0.61639 	0.00000 	0.61639 	
0.14679	0         	0.34328 	0.47548 	inf     	0.61591 	0.61591 	0.61591 	0.00000 	0.61591 	
0.14779	0         	0.34046 	0.47416 	inf     	0.61541 	0.61541 	0.61541 	0.00000 	0.61541 	
0.14879	0         	0.34046 	0.47360 	inf     	0.61491 	0.61491 	0.61491 	0.00000 	0.61491 	
0.14979	0         	0.34046 	0.47308 	inf     	0.61442 	0.61442 	0.61442 	0.00000 	0.61442 	
0.15079	0         	0.34046 	0.47250 	inf     	0.61392 	0.61392 	0.61392 	0.00000 	0.61392 	
0.15178	0         	0.34046 	0.47192 	inf     	0.61342 	0.61342 	0.61342 	0.00000 	0.61342 	
0.15278	0         	0.34014 	0.47120 	inf     	0.61291 	0.61291 	0.61291 	0.00000 	0.61291 	
0.15378	0         	0.33959 	0.47054 	inf     	0.61240 	0.61240 	0.61240 	0.00000 	0.61240 	
0.15478	0         	0.33944 	0.47007 	inf     	0.61189 	0.61189 	0.61189 	0.00000 	0.61189 	
0.15578	0         	0.33771 	0.46905 	inf     	0.61137 	0.61137 	0.61137 	0.00000 	0.61137 	
0.15678	0         	0.33771 	0.46857 	inf     	0.61085 	0.61085 	0.61085 	0.00000 	0.61085 	
0.15778	0         	0.33527 	0.46749 	inf     	0.61033 	0.61033 	0.61033 	0.00000 	0.61033 	
0.15877	0         	0.33378 	0.46629 	inf     	0.60981 	0.60981 	0.60981 	0.00000 	0.60981 	
0.15977	0         	0.33370 	0.46574 	inf     	0.60929 	0.60929 	0.60929 	0.00000 	0.60929 	
0.16077	0         	0.33308 	0.46501 	inf     	0.60876 	0.60876 	0.60876 	0.00000 	0.60876 	
0.16177	0         	0.31713 	0.46037 	inf     	0.60806 	0.60806 	0.60806 	0.00000 	0.60806 	
0.16277	0         	0.31674 	0.45930 	inf     	0.60751 	0.60751 	0.60751 	0.00000 	0.60751 	
0.16377	0         	0.31384 	0.45789 	inf     	0.60696 	0.60696 	0.60696 	0.00000 	0.60696 	
0.16477	0         	0.30967 	0.45616 	inf     	0.60640 	0.60640 	0.60640 	0.00000 	0.60640 	
0.16576	0         	0.30967 	0.45567 	inf     	0.60586 	0.60586 	0.60586 	0.00000 	0.60586 	
0.16676	0         	0.30960 	0.45510 	inf     	0.60532 	0.60532 	0.60532 	0.00000 	0.60532 	
0.16776	0         	0.30960 	0.45463 	inf     	0.60477 	0.60477 	0.60477 	0.00000 	0.60477 	
0.16876	0         	0.30920 	0.45399 	inf     	0.60424 	0.60424 	0.60424 	0.00000 	0.60424 	
0.16976	0         	0.30912 	0.45343 	inf     	0.60370 	0.60370 	0.60370 	0.00000 	0.60370 	
0.17076	0         	0.30912 	0.45283 	inf     	0.60315 	0.60315 	0.60315 	0.00000 	0.60315 	
0.17176	0         	0.30912 	0.45224 	inf     	0.60259 	0.60259 	0.60259 	0.00000 	0.60259 	
0.17275	0         	0.30237 	0.44977 	inf     	0.60198 	0.60198 	0.60198 	0.00000 	0.60198 	
0.17375	0         	0.30166 	0.44914 	inf     	0.60142 	0.60142 	0.60142 	0.00000 	0.60142 	
0.17475	0         	0.30166 	0.44863 	inf     	0.60087 	0.60087 	0.60087 	0.00000 	0.60087 	
0.17575	0         	0.30166 	0.44810 	inf     	0.60030 	0.60030 	0.60030 	0.00000 	0.60030 	
0.17675	0         	0.30166 	0.44750 	inf     	0.59975 	0.59975 	0.59975 	0.00000 	0.59975 	
0.17775	0         	0.30088 	0.44627 	inf     	0.59917 	0.59917 	0.59917 	0.00000 	0.59917 	
0.17874	0         	0.29978 	0.44536 	inf     	0.59860 	0.59860 	0.59860 	0.00000 	0.59860 	
0.17974	0         	0.29978 	0.44464 	inf     	0.59802 	0.59802 	0.59802 	0.00000 	0.59802 	
0.18074	0         	0.29970 	0.44403 	inf     	0.59743 	0.59743 	0.59743 	0.00000 	0.59743 	
0.18174	0         	0.29593 	0.44247 	inf     	0.59684 	0.59684 	0.59684 	0.00000 	0.59684 	
0.18274	0         	0.29593 	0.44183 	inf     	0.59626 	0.59626 	0.59626 	0.00000 	0.59626 	
0.18374	0         	0.29577 	0.44121 	inf     	0.59568 	0.59568 	0.59568 	0.00000 	0.59568 	
0.18474	0         	0.29562 	0.44057 	inf     	0.59509 	0.59509 	0.59509 	0.00000 	0.59509 	
0.18573	0         	0.29562 	0.44001 	inf     	0.59449 	0.59449 	0.59449 	0.00000 	0.59449 	
0.18673	0         	0.29515 	0.43915 	inf     	0.59389 	0.59389 	0.59389 	0.00000 	0.59389 	
0.18773	0         	0.29373 	0.43809 	inf     	0.59329 	0.59329 	0.59329 	0.00000 	0.59329 	
0.18873	0         	0.29373 	0.43763 	inf     	0.59269 	0.59269 	0.59269 	0.00000 	0.59269 	
0.18973	0         	0.29350 	0.43701 	inf     	0.59208 	0.59208 	0.59208 	0.00000 	0.59208 	
0.19073	0         	0.29318 	0.43637 	inf     	0.59146 	0.59146 	0.59146 	0.00000 	0.59146 	
0.19173	0         	0.29318 	0.43579 	inf     	0.59084 	0.59084 	0.59084 	0.00000 	0.59084 	
0.19272	0         	0.29318 	0.43504 	inf     	0.59022 	0.59022 	0.59022 	0.00000 	0.59022 	
0.19372	0         	0.29287 	0.43426 	inf     	0.58959 	0.58959 	0.58959 	0.00000 	0.58959 	
0.19472	0         	0.29279 	0.43373 	inf     	0.58896 	0.58896 	0.58896 	0.00000 	0.58896 	
0.19572	0         	0.28792 	0.43196 	inf     	0.58830 	0.58830 	0.58830 	0.00000 	0.58830 	
0.19672	0         	0.28761 	0.43125 	inf     	0.58766 	0.58766 	0.58766 	0.00000 	0.58766 	
0.19772	0         	0.28761 	0.43075 	inf     	0.58702 	0.58702 	0.58702 	0.00000 	0.58702 	
0.19872	0         	0.28745 	0.43009 	inf     	0.58639 	0.58639 	0.58639 	0.00000 	0.58639 	
0.19971	0         	0.28674 	0.42933 	inf     	0.58574 	0.58574 	0.58574 	0.00000 	0.58574 	
0.20071	0         	0.28674 	0.42863 	inf     	0.58508 	0.58508 	0.58508 	0.00000 	0.58508 	
0.20171	0         	0.28627 	0.42787 	inf     	0.58443 	0.58443 	0.58443 	0.00000 	0.58443 	
0.20271	0         	0.28627 	0.42725 	inf     	0.58377 	0.58377 	0.58377 	0.00000 	0.58377 	
0.20371	0         	0.28619 	0.42656 	inf     	0.58313 	0.58313 	0.58313 	0.00000 	0.58313 	
0.20471	0         	0.28447 	0.42540 	inf     	0.58246 	0.58246 	0.58246 	0.00000 	0.58246 	
0.20570	0         	0.28447 	0.42485 	inf     	0.58180 	0.58180 	0.58180 	0.00000 	0.58180 	
0.20670	0         	0.28321 	0.42392 	inf     	0.58112 	0.58112 	0.58112 	0.00000 	0.58112 	
0.20770	0         	0.28321 	0.42333 	inf     	0.58044 	0.58044 	0.58044 	0.00000 	0.58044 	
0.20870	0         	0.28321 	0.42268 	inf     	0.57977 	0.57977 	0.57977 	0.00000 	0.57977 	
0.20970	0         	0.28274 	0.42189 	inf     	0.57909 	0.57909 	0.57909 	0.00000 	0.57909 	
0.21070	0         	0.28274 	0.42127 	inf     	0.57840 	0.57840 	0.57840 	0.00000 	0.57840 	
0.21170	0         	0.28274 	0.42064 	inf     	0.57771 	0.57771 	0.57771 	0.00000 	0.57771 	
0.21269	0         	0.28274 	0.41997 	inf     	0.57702 	0.57702 	0.57702 	0.00000 	0.57702 	
0.21369	0         	0.28274 	0.41924 	inf     	0.57632 	0.57632 	0.57632 	0.00000 	0.57632 	
0.21469	0         	0.28203 	0.41849 	inf     	0.57562 	0.57562 	0.57562 	0.00000 	0.57562 	
0.21569	0         	0.28203 	0.41786 	inf     	0.57492 	0.57492 	0.57492 	0.00000 	0.57492 	
0.21669	0         	0.28195 	0.41721 	inf     	0.57421 	0.57421 	0.57421 	0.00000 	0.57421 	
0.21769	0         	0.28156 	0.41647 	inf     	0.57350 	0.57350 	0.57350 	0.00000 	0.57350 	
0.21869	0         	0.28156 	0.41588 	inf     	0.57278 	0.57278 	0.57278 	0.00000 	0.57278 	
0.21968	0         	0.27559 	0.41371 	inf     	0.57201 	0.57201 	0.57201 	0.00000 	0.57201 	
0.22068	0         	0.27489 	0.41286 	inf     	0.57130 	0.57130 	0.57130 	0.00000 	0.57130 	
0.22168	0         	0.27489 	0.41214 	inf     	0.57057 	0.57057 	0.57057 	0.00000 	0.57057 	
0.22268	0         	0.27489 	0.41139 	inf     	0.56984 	0.56984 	0.56984 	0.00000 	0.56984 	
0.22368	0         	0.27394 	0.41029 	inf     	0.56911 	0.56911 	0.56911 	0.00000 	0.56911 	
0.22468	0         	0.27394 	0.40977 	inf     	0.56838 	0.56838 	0.56838 	0.00000 	0.56838 	
0.22568	0         	0.26994 	0.40816 	inf     	0.56761 	0.56761 	0.56761 	0.00000 	0.56761 	
0.22667	0         	0.26970 	0.40755 	inf     	0.56689 	0.56689 	0.56689 	0.00000 	0.56689 	
0.22767	0         	0.26939 	0.40661 	inf     	0.56616 	0.56616 	0.56616 	0.00000 	0.56616 	
0.22867	0         	0.26915 	0.40601 	inf     	0.56542 	0.56542 	0.56542 	0.00000 	0.56542 	
0.22967	0         	0.26915 	0.40545 	inf     	0.56467 	0.56467 	0.56467 	0.00000 	0.56467 	
0.23067	0         	0.26915 	0.40498 	inf     	0.56392 	0.56392 	0.56392 	0.00000 	0.56392 	
0.23167	0         	0.26907 	0.40418 	inf     	0.56317 	0.56317 	0.56317 	0.00000 	0.56317 	
0.23266	0         	0.26907 	0.40348 	inf     	0.56244 	0.56244 	0.56244 	0.00000 	0.56244 	
0.23366	0         	0.26907 	0.40285 	inf     	0.56168 	0.56168 	0.56168 	0.00000 	0.56168 	
0.23466	0         	0.26907 	0.40213 	inf     	0.56092 	0.56092 	0.56092 	0.00000 	0.56092 	
0.23566	0         	0.26907 	0.40159 	inf     	0.56016 	0.56016 	0.56016 	0.00000 	0.56016 	
0.23666	0         	0.26900 	0.40095 	inf     	0.55939 	0.55939 	0.55939 	0.00000 	0.55939 	
0.23766	0         	0.26900 	0.40041 	inf     	0.55864 	0.55864 	0.55864 	0.00000 	0.55864 	
0.23866	0         	0.26884 	0.39960 	inf     	0.55786 	0.55786 	0.55786 	0.00000 	0.55786 	
0.23965	0         	0.26853 	0.39885 	inf     	0.55709 	0.55709 	0.55709 	0.00000 	0.55709 	
0.24065	0         	0.26853 	0.39815 	inf     	0.55631 	0.55631 	0.55631 	0.00000 	0.55631 	
0.24165	0         	0.26853 	0.39755 	inf     	0.55553 	0.55553 	0.55553 	0.00000 	0.55553 	
0.24265	0         	0.26853 	0.39707 	inf     	0.55475 	0.55475 	0.55475 	0.00000 	0.55475 	
0.24365	0         	0.26853 	0.39621 	inf     	0.55397 	0.55397 	0.55397 	0.00000 	0.55397 	
0.24465	0         	0.26853 	0.39557 	inf     	0.55318 	0.55318 	0.55318 	0.00000 	0.55318 	
0.24565	0         	0.26853 	0.39485 	inf     	0.55240 	0.55240 	0.55240 	0.00000 	0.55240 	
0.24664	0         	0.26845 	0.39412 	inf     	0.55161 	0.55161 	0.55161 	0.00000 	0.55161 	
0.24764	0         	0.26845 	0.39345 	inf     	0.55081 	0.55081 	0.55081 	0.00000 	0.55081 	
0.24864	0         	0.26837 	0.39282 	inf     	0.55001 	0.55001 	0.55001 	0.00000 	0.55001 	
0.24964	0         	0.26837 	0.39219 	inf     	0.54921 	0.54921 	0.54921 	0.00000 	0.54921 	
0.25064	0         	0.26837 	0.39151 	inf     	0.54841 	0.54841 	0.54841 	0.00000 	0.54841 	
0.25164	0         	0.26829 	0.39075 	inf     	0.54760 	0.54760 	0.54760 	0.00000 	0.54760 	
0.25264	0         	0.26829 	0.39008 	inf     	0.54679 	0.54679 	0.54679 	0.00000 	0.54679 	
0.25363	0         	0.26829 	0.38944 	inf     	0.54598 	0.54598 	0.54598 	0.00000 	0.54598 	
0.25463	0         	0.26829 	0.38882 	inf     	0.54517 	0.54517 	0.54517 	0.00000 	0.54517 	
0.25563	0         	0.26829 	0.38808 	inf     	0.54436 	0.54436 	0.54436 	0.00000 	0.54436 	
0.25663	0         	0.26185 	0.38564 	inf     	0.54353 	0.54353 	0.54353 	0.00000 	0.54353 	
0.25763	0         	0.25078 	0.38195 	inf     	0.54265 	0.54265 	0.54265 	0.00000 	0.54265 	
0.25863	0         	0.25078 	0.38138 	inf     	0.54183 	0.54183 	0.54183 	0.00000 	0.54183 	
0.25962	0         	0.25078 	0.38063 	inf     	0.54101 	0.54101 	0.54101 	0.00000 	0.54101 	
0.26062	0         	0.25062 	0.38003 	inf     	0.54018 	0.54018 	0.54018 	0.00000 	0.54018 	
0.26162	0         	0.25062 	0.37944 	inf     	0.53936 	0.53936 	0.53936 	0.00000 	0.53936 	
0.26262	0         	0.25062 	0.37882 	inf     	0.53854 	0.53854 	0.53854 	0.00000 	0.53854 	
0.26362	0         	0.25062 	0.37827 	inf     	0.53770 	0.53770 	0.53770 	0.00000 	0.53770 	
0.26462	0         	0.23594 	0.37362 	inf     	0.53672 	0.53672 	0.53672 	0.00000 	0.53672 	
0.26562	0         	0.23295 	0.37201 	inf     	0.53582 	0.53582 	0.53582 	0.00000 	0.53582 	
0.26661	0         	0.23256 	0.37120 	inf     	0.53499 	0.53499 	0.53499 	0.00000 	0.53499 	
0.26761	0         	0.23256 	0.37056 	inf     	0.53417 	0.53417 	0.53417 	0.00000 	0.53417 	
0.26861	0         	0.23091 	0.36947 	inf     	0.53333 	0.53333 	0.53333 	0.00000 	0.53333 	
0.26961	0         	0.23083 	0.36891 	inf     	0.53249 	0.53249 	0.53249 	0.00000 	0.53249 	
0.27061	0         	0.23076 	0.36827 	inf     	0.53165 	0.53165 	0.53165 	0.00000 	0.53165 	
0.27161	0         	0.23076 	0.36766 	inf     	0.53080 	0.53080 	0.53080 	0.00000 	0.53080 	
0.27261	0         	0.22997 	0.36680 	inf     	0.52995 	0.52995 	0.52995 	0.00000 	0.52995 	
0.27360	0         	0.22699 	0.36549 	inf     	0.52909 	0.52909 	0.52909 	0.00000 	0.52909 	
0.27460	0         	0.21105 	0.36081 	inf     	0.52805 	0.52805 	0.52805 	0.00000 	0.52805 	
0.27560	0         	0.20979 	0.35989 	inf     	0.52721 	0.52721 	0.52721 	0.00000 	0.52721 	
0.27660	0         	0.20979 	0.35925 	inf     	0.52637 	0.52637 	0.52637 	0.00000 	0.52637 	
0.27760	0         	0.20979 	0.35854 	inf     	0.52552 	0.52552 	0.52552 	0.00000 	0.52552 	
0.27860	0         	0.20979 	0.35796 	inf     	0.52466 	0.52466 	0.52466 	0.00000 	0.52466 	
0.27960	0         	0.20956 	0.35735 	inf     	0.52380 	0.52380 	0.52380 	0.00000 	0.52380 	
0.28059	0         	0.20956 	0.35665 	inf     	0.52294 	0.52294 	0.52294 	0.00000 	0.52294 	
0.28159	0         	0.20948 	0.35612 	inf     	0.52208 	0.52208 	0.52208 	0.00000 	0.52208 	
0.28259	0         	0.20948 	0.35549 	inf     	0.52123 	0.52123 	0.52123 	0.00000 	0.52123 	
0.28359	0         	0.20940 	0.35489 	inf     	0.52038 	0.52038 	0.52038 	0.00000 	0.52038 	
0.28459	0         	0.20940 	0.35427 	inf     	0.51951 	0.51951 	0.51951 	0.00000 	0.51951 	
0.28559	0         	0.20932 	0.35362 	inf     	0.51864 	0.51864 	0.51864 	0.00000 	0.51864 	
0.28658	0         	0.20932 	0.35299 	inf     	0.51777 	0.51777 	0.51777 	0.00000 	0.51777 	
0.28758	0         	0.20916 	0.35224 	inf     	0.51690 	0.51690 	0.51690 	0.00000 	0.51690 	
0.28858	0         	0.20901 	0.35151 	inf     	0.51603 	0.51603 	0.51603 	0.00000 	0.51603 	
0.28958	0         	0.20901 	0.35085 	inf     	0.51516 	0.51516 	0.51516 	0.00000 	0.51516 	
0.29058	0         	0.20901 	0.35020 	inf     	0.51428 	0.51428 	0.51428 	0.00000 	0.51428 	
0.29158	0         	0.20901 	0.34962 	inf     	0.51340 	0.51340 	0.51340 	0.00000 	0.51340 	
0.29258	0         	0.20901 	0.34900 	inf     	0.51252 	0.51252 	0.51252 	0.00000 	0.51252 	
0.29357	0         	0.20885 	0.34825 	inf     	0.51163 	0.51163 	0.51163 	0.00000 	0.51163 	
0.29457	0         	0.20885 	0.34770 	inf     	0.51075 	0.51075 	0.51075 	0.00000 	0.51075 	
0.29557	0         	0.20885 	0.34714 	inf     	0.50987 	0.50987 	0.50987 	0.00000 	0.50987 	
0.29657	0         	0.20885 	0.34658 	inf     	0.50898 	0.50898 	0.50898 	0.00000 	0.50898 	
0.29757	0         	0.20885 	0.34584 	inf     	0.50810 	0.50810 	0.50810 	0.00000 	0.50810 	
0.29857	0         	0.20869 	0.34514 	inf     	0.50721 	0.50721 	0.50721 	0.00000 	0.50721 	
0.29957	0         	0.20830 	0.34436 	inf     	0.50632 	0.50632 	0.50632 	0.00000 	0.50632 	
0.30056	0         	0.20830 	0.34368 	inf     	0.50545 	0.50545 	0.50545 	0.00000 	0.50545 	
0.30156	0         	0.20830 	0.34308 	inf     	0.50455 	0.50455 	0.50455 	0.00000 	0.50455 	
0.30256	0         	0.20814 	0.34236 	inf     	0.50366 	0.50366 	0.50366 	0.00000 	0.50366 	
0.30356	0         	0.20814 	0.34177 	inf     	0.50276 	0.50276 	0.50276 	0.00000 	0.50276 	
0.30456	0         	0.20799 	0.34114 	inf     	0.50186 	0.50186 	0.50186 	0.00000 	0.50186 	
0.30556	0         	0.20799 	0.34057 	inf     	0.50097 	0.50097 	0.50097 	0.00000 	0.50097 	
0.30656	0         	0.20791 	0.33998 	inf     	0.50007 	0.50007 	0.50007 	0.00000 	0.50007 	
0.30755	0         	0.20791 	0.33942 	inf     	0.49919 	0.49919 	0.49919 	0.00000 	0.49919 	
0.30855	0         	0.20791 	0.33867 	inf     	0.49829 	0.49829 	0.49829 	0.00000 	0.49829 	
0.30955	0         	0.20791 	0.33802 	inf     	0.49738 	0.49738 	0.49738 	0.00000 	0.49738 	
0.31055	0         	0.20791 	0.33732 	inf     	0.49647 	0.49647 	0.49647 	0.00000 	0.49647 	
0.31155	0         	0.20312 	0.33549 	inf     	0.49556 	0.49556 	0.49556 	0.00000 	0.49556 	
0.31255	0         	0.20312 	0.33494 	inf     	0.49465 	0.49465 	0.49465 	0.00000 	0.49465 	
0.31354	0         	0.20304 	0.33425 	inf     	0.49374 	0.49374 	0.49374 	0.00000 	0.49374 	
0.31454	0         	0.20296 	0.33349 	inf     	0.49283 	0.49283 	0.49283 	0.00000 	0.49283 	
0.31554	0         	0.20288 	0.33287 	inf     	0.49191 	0.49191 	0.49191 	0.00000 	0.49191 	
0.31654	0         	0.20288 	0.33231 	inf     	0.49100 	0.49100 	0.49100 	0.00000 	0.49100 	
0.31754	0         	0.20288 	0.33156 	inf     	0.49009 	0.49009 	0.49009 	0.00000 	0.49009 	
0.31854	0         	0.20288 	0.33092 	inf     	0.48917 	0.48917 	0.48917 	0.00000 	0.48917 	
0.31954	0         	0.20281 	0.33031 	inf     	0.48825 	0.48825 	0.48825 	0.00000 	0.48825 	
0.32053	0         	0.20281 	0.32962 	inf     	0.48732 	0.48732 	0.48732 	0.00000 	0.48732 	
0.32153	0         	0.20281 	0.32881 	inf     	0.48639 	0.48639 	0.48639 	0.00000 	0.48639 	
0.32253	0         	0.20210 	0.32805 	inf     	0.48547 	0.48547 	0.48547 	0.00000 	0.48547 	
0.32353	0         	0.20021 	0.32692 	inf     	0.48454 	0.48454 	0.48454 	0.00000 	0.48454 	
0.32453	0         	0.20014 	0.32626 	inf     	0.48361 	0.48361 	0.48361 	0.00000 	0.48361 	
0.32553	0         	0.19990 	0.32557 	inf     	0.48269 	0.48269 	0.48269 	0.00000 	0.48269 	
0.32653	0         	0.19990 	0.32490 	inf     	0.48175 	0.48175 	0.48175 	0.00000 	0.48175 	
0.32752	0         	0.19935 	0.32408 	inf     	0.48081 	0.48081 	0.48081 	0.00000 	0.48081 	
0.32852	0         	0.19692 	0.32277 	inf     	0.47987 	0.47987 	0.47987 	0.00000 	0.47987 	
0.32952	0         	0.19621 	0.32201 	inf     	0.47892 	0.47892 	0.47892 	0.00000 	0.47892 	
0.33052	0         	0.19621 	0.32135 	inf     	0.47798 	0.47798 	0.47798 	0.00000 	0.47798 	
0.33152	0         	0.19605 	0.32072 	inf     	0.47704 	0.47704 	0.47704 	0.00000 	0.47704 	
0.33252	0         	0.19605 	0.32008 	inf     	0.47609 	0.47609 	0.47609 	0.00000 	0.47609 	
0.33352	0         	0.19605 	0.31936 	inf     	0.47514 	0.47514 	0.47514 	0.00000 	0.47514 	
0.33451	0         	0.19605 	0.31881 	inf     	0.47419 	0.47419 	0.47419 	0.00000 	0.47419 	
0.33551	0         	0.18059 	0.31412 	inf     	0.47315 	0.47315 	0.47315 	0.00000 	0.47315 	
0.33651	0         	0.18027 	0.31315 	inf     	0.47218 	0.47218 	0.47218 	0.00000 	0.47218 	
0.33751	0         	0.18019 	0.31251 	inf     	0.47123 	0.47123 	0.47123 	0.00000 	0.47123 	
0.33851	0         	0.18019 	0.31179 	inf     	0.47027 	0.47027 	0.47027 	0.00000 	0.47027 	
0.33951	0         	0.18019 	0.31112 	inf     	0.46931 	0.46931 	0.46931 	0.00000 	0.46931 	
0.34050	0         	0.18019 	0.31040 	inf     	0.46835 	0.46835 	0.46835 	0.00000 	0.46835 	
0.34150	0         	0.18019 	0.30981 	inf     	0.46738 	0.46738 	0.46738 	0.00000 	0.46738 	
0.34250	0         	0.18019 	0.30905 	inf     	0.46642 	0.46642 	0.46642 	0.00000 	0.46642 	
0.34350	0         	0.18019 	0.30851 	inf     	0.46547 	0.46547 	0.46547 	0.00000 	0.46547 	
0.34450	0         	0.17925 	0.30751 	inf     	0.46449 	0.46449 	0.46449 	0.00000 	0.46449 	
0.34550	0         	0.17925 	0.30690 	inf     	0.46352 	0.46352 	0.46352 	0.00000 	0.46352 	
0.34650	0         	0.17925 	0.30630 	inf     	0.46254 	0.46254 	0.46254 	0.00000 	0.46254 	
0.34749	0         	0.17925 	0.30565 	inf     	0.46156 	0.46156 	0.46156 	0.00000 	0.46156 	
0.34849	0         	0.17925 	0.30496 	inf     	0.46058 	0.46058 	0.46058 	0.00000 	0.46058 	
0.34949	0         	0.17925 	0.30427 	inf     	0.45960 	0.45960 	0.45960 	0.00000 	0.45960 	
0.35049	0         	0.17917 	0.30358 	inf     	0.45862 	0.45862 	0.45862 	0.00000 	0.45862 	
0.35149	0         	0.17917 	0.30297 	inf     	0.45763 	0.45763 	0.45763 	0.00000 	0.45763 	
0.35249	0         	0.17917 	0.30230 	inf     	0.45665 	0.45665 	0.45665 	0.00000 	0.45665 	
0.35349	0         	0.17917 	0.30170 	inf     	0.45566 	0.45566 	0.45566 	0.00000 	0.45566 	
0.35448	0         	0.17917 	0.30097 	inf     	0.45468 	0.45468 	0.45468 	0.00000 	0.45468 	
0.35548	0         	0.17917 	0.30022 	inf     	0.45368 	0.45368 	0.45368 	0.00000 	0.45368 	
0.35648	0         	0.17917 	0.29959 	inf     	0.45268 	0.45268 	0.45268 	0.00000 	0.45268 	
0.35748	0         	0.17917 	0.29886 	inf     	0.45168 	0.45168 	0.45168 	0.00000 	0.45168 	
0.35848	0         	0.17917 	0.29817 	inf     	0.45067 	0.45067 	0.45067 	0.00000 	0.45067 	
0.35948	0         	0.17917 	0.29738 	inf     	0.44967 	0.44967 	0.44967 	0.00000 	0.44967 	
0.36048	0         	0.17917 	0.29668 	inf     	0.44866 	0.44866 	0.44866 	0.00000 	0.44866 	
0.36147	0         	0.17917 	0.29602 	inf     	0.44765 	0.44765 	0.44765 	0.00000 	0.44765 	
0.36247	0         	0.17894 	0.29526 	inf     	0.44663 	0.44663 	0.44663 	0.00000 	0.44663 	
0.36347	0         	0.17886 	0.29467 	inf     	0.44562 	0.44562 	0.44562 	0.00000 	0.44562 	
0.36447	0         	0.17886 	0.29409 	inf     	0.44460 	0.44460 	0.44460 	0.00000 	0.44460 	
0.36547	0         	0.17886 	0.29345 	inf     	0.44358 	0.44358 	0.44358 	0.00000 	0.44358 	
0.36647	0         	0.17831 	0.29264 	inf     	0.44255 	0.44255 	0.44255 	0.00000 	0.44255 	
0.36746	0         	0.17831 	0.29200 	inf     	0.44153 	0.44153 	0.44153 	0.00000 	0.44153 	
0.36846	0         	0.17831 	0.29129 	inf     	0.44050 	0.44050 	0.44050 	0.00000 	0.44050 	
0.36946	0         	0.17650 	0.29014 	inf     	0.43949 	0.43949 	0.43949 	0.00000 	0.43949 	
0.37046	0         	0.17650 	0.28935 	inf     	0.43845 	0.43845 	0.43845 	0.00000 	0.43845 	
0.37146	0         	0.17650 	0.28862 	inf     	0.43741 	0.43741 	0.43741 	0.00000 	0.43741 	
0.37246	0         	0.17650 	0.28802 	inf     	0.43637 	0.43637 	0.43637 	0.00000 	0.43637 	
0.37346	0         	0.17650 	0.28725 	inf     	0.43533 	0.43533 	0.43533 	0.00000 	0.43533 	
0.37445	0         	0.17650 	0.28636 	inf     	0.43428 	0.43428 	0.43428 	0.00000 	0.43428 	
0.37545	0         	0.17650 	0.28578 	inf     	0.43326 	0.43326 	0.43326 	0.00000 	0.43326 	
0.37645	0         	0.17650 	0.28508 	inf     	0.43222 	0.43222 	0.43222 	0.00000 	0.43222 	
0.37745	0         	0.17650 	0.28443 	inf     	0.43117 	0.43117 	0.43117 	0.00000 	0.43117 	
0.37845	0         	0.17650 	0.28377 	inf     	0.43012 	0.43012 	0.43012 	0.00000 	0.43012 	
0.37945	0         	0.17650 	0.28311 	inf     	0.42906 	0.42906 	0.42906 	0.00000 	0.42906 	
0.38045	0         	0.17650 	0.28237 	inf     	0.42800 	0.42800 	0.42800 	0.00000 	0.42800 	
0.38144	0         	0.17642 	0.28161 	inf     	0.42694 	0.42694 	0.42694 	0.00000 	0.42694 	
0.38244	0         	0.17642 	0.28091 	inf     	0.42588 	0.42588 	0.42588 	0.00000 	0.42588 	
0.38344	0         	0.17501 	0.27991 	inf     	0.42481 	0.42481 	0.42481 	0.00000 	0.42481 	
0.38444	0         	0.17109 	0.27814 	inf     	0.42373 	0.42373 	0.42373 	0.00000 	0.42373 	
0.38544	0         	0.16261 	0.27521 	inf     	0.42261 	0.42261 	0.42261 	0.00000 	0.42261 	
0.38644	0         	0.16261 	0.27446 	inf     	0.42154 	0.42154 	0.42154 	0.00000 	0.42154 	
0.38744	0         	0.16261 	0.27367 	inf     	0.42046 	0.42046 	0.42046 	0.00000 	0.42046 	
0.38843	0         	0.16253 	0.27296 	inf     	0.41938 	0.41938 	0.41938 	0.00000 	0.41938 	
0.38943	0         	0.16253 	0.27220 	inf     	0.41830 	0.41830 	0.41830 	0.00000 	0.41830 	
0.39043	0         	0.16253 	0.27141 	inf     	0.41722 	0.41722 	0.41722 	0.00000 	0.41722 	
0.39143	0         	0.16221 	0.27059 	inf     	0.41614 	0.41614 	0.41614 	0.00000 	0.41614 	
0.39243	0         	0.16221 	0.26999 	inf     	0.41505 	0.41505 	0.41505 	0.00000 	0.41505 	
0.39343	0         	0.16206 	0.26936 	inf     	0.41396 	0.41396 	0.41396 	0.00000 	0.41396 	
0.39443	0         	0.16190 	0.26860 	inf     	0.41286 	0.41286 	0.41286 	0.00000 	0.41286 	
0.39542	0         	0.16190 	0.26791 	inf     	0.41176 	0.41176 	0.41176 	0.00000 	0.41176 	
0.39642	0         	0.16143 	0.26715 	inf     	0.41066 	0.41066 	0.41066 	0.00000 	0.41066 	
0.39742	0         	0.16143 	0.26649 	inf     	0.40956 	0.40956 	0.40956 	0.00000 	0.40956 	
0.39842	0         	0.16135 	0.26572 	inf     	0.40847 	0.40847 	0.40847 	0.00000 	0.40847 	
0.39942	0         	0.16135 	0.26503 	inf     	0.40738 	0.40738 	0.40738 	0.00000 	0.40738 	
0.40042	0         	0.16135 	0.26438 	inf     	0.40627 	0.40627 	0.40627 	0.00000 	0.40627 	
0.40141	0         	0.16135 	0.26364 	inf     	0.40517 	0.40517 	0.40517 	0.00000 	0.40517 	
0.40241	0         	0.16135 	0.26299 	inf     	0.40405 	0.40405 	0.40405 	0.00000 	0.40405 	
0.40341	0         	0.16096 	0.26160 	inf     	0.40293 	0.40293 	0.40293 	0.00000 	0.40293 	
0.40441	0         	0.15625 	0.25968 	inf     	0.40180 	0.40180 	0.40180 	0.00000 	0.40180 	
0.40541	0         	0.15625 	0.25901 	inf     	0.40071 	0.40071 	0.40071 	0.00000 	0.40071 	
0.40641	0         	0.15617 	0.25830 	inf     	0.39958 	0.39958 	0.39958 	0.00000 	0.39958 	
0.40741	0         	0.15609 	0.25759 	inf     	0.39846 	0.39846 	0.39846 	0.00000 	0.39846 	
0.40840	0         	0.15609 	0.25696 	inf     	0.39733 	0.39733 	0.39733 	0.00000 	0.39733 	
0.40940	0         	0.15585 	0.25609 	inf     	0.39621 	0.39621 	0.39621 	0.00000 	0.39621 	
0.41040	0         	0.15585 	0.25535 	inf     	0.39507 	0.39507 	0.39507 	0.00000 	0.39507 	
0.41140	0         	0.15585 	0.25461 	inf     	0.39393 	0.39393 	0.39393 	0.00000 	0.39393 	
0.41240	0         	0.15585 	0.25393 	inf     	0.39285 	0.39285 	0.39285 	0.00000 	0.39285 	
0.41340	0         	0.15562 	0.25313 	inf     	0.39172 	0.39172 	0.39172 	0.00000 	0.39172 	
0.41440	0         	0.15562 	0.25243 	inf     	0.39058 	0.39058 	0.39058 	0.00000 	0.39058 	
0.41539	0         	0.15562 	0.25185 	inf     	0.38943 	0.38943 	0.38943 	0.00000 	0.38943 	
0.41639	0         	0.15562 	0.25121 	inf     	0.38828 	0.38828 	0.38828 	0.00000 	0.38828 	
0.41739	0         	0.15554 	0.25048 	inf     	0.38716 	0.38716 	0.38716 	0.00000 	0.38716 	
0.41839	0         	0.15554 	0.24958 	inf     	0.38601 	0.38601 	0.38601 	0.00000 	0.38601 	
0.41939	0         	0.15530 	0.24882 	inf     	0.38485 	0.38485 	0.38485 	0.00000 	0.38485 	
0.42039	0         	0.15530 	0.24809 	inf     	0.38369 	0.38369 	0.38369 	0.00000 	0.38369 	
0.42139	0         	0.15530 	0.24688 	inf     	0.38252 	0.38252 	0.38252 	0.00000 	0.38252 	
0.42238	0         	0.15444 	0.24595 	inf     	0.38135 	0.38135 	0.38135 	0.00000 	0.38135 	
0.42338	0         	0.15428 	0.24523 	inf     	0.38018 	0.38018 	0.38018 	0.00000 	0.38018 	
0.42438	0         	0.15428 	0.24449 	inf     	0.37904 	0.37904 	0.37904 	0.00000 	0.37904 	
0.42538	0         	0.15420 	0.24378 	inf     	0.37787 	0.37787 	0.37787 	0.00000 	0.37787 	
0.42638	0         	0.15397 	0.24303 	inf     	0.37670 	0.37670 	0.37670 	0.00000 	0.37670 	
0.42738	0         	0.15366 	0.24228 	inf     	0.37552 	0.37552 	0.37552 	0.00000 	0.37552 	
0.42837	0         	0.15295 	0.24108 	inf     	0.37432 	0.37432 	0.37432 	0.00000 	0.37432 	
0.42937	0         	0.15216 	0.24018 	inf     	0.37317 	0.37317 	0.37317 	0.00000 	0.37317 	
0.43037	0         	0.15216 	0.23943 	inf     	0.37198 	0.37198 	0.37198 	0.00000 	0.37198 	
0.43137	0         	0.15114 	0.23843 	inf     	0.37079 	0.37079 	0.37079 	0.00000 	0.37079 	
0.43237	0         	0.15114 	0.23778 	inf     	0.36960 	0.36960 	0.36960 	0.00000 	0.36960 	
0.43337	0         	0.14737 	0.23598 	inf     	0.36838 	0.36838 	0.36838 	0.00000 	0.36838 	
0.43437	0         	0.14737 	0.23535 	inf     	0.36719 	0.36719 	0.36719 	0.00000 	0.36719 	
0.43536	0         	0.14737 	0.23469 	inf     	0.36598 	0.36598 	0.36598 	0.00000 	0.36598 	
0.43636	0         	0.14737 	0.23401 	inf     	0.36478 	0.36478 	0.36478 	0.00000 	0.36478 	
0.43736	0         	0.14737 	0.23338 	inf     	0.36362 	0.36362 	0.36362 	0.00000 	0.36362 	
0.43836	0         	0.14737 	0.23263 	inf     	0.36241 	0.36241 	0.36241 	0.00000 	0.36241 	
0.43936	0         	0.14737 	0.23197 	inf     	0.36119 	0.36119 	0.36119 	0.00000 	0.36119 	
0.44036	0         	0.14737 	0.23126 	inf     	0.35998 	0.35998 	0.35998 	0.00000 	0.35998 	
0.44136	0         	0.14737 	0.23068 	inf     	0.35903 	0.35903 	0.35903 	0.00000 	0.35903 	
0.44235	0         	0.14737 	0.23008 	inf     	0.35863 	0.35863 	0.35863 	0.00000 	0.35863 	
0.44335	0         	0.14737 	0.22947 	inf     	0.35811 	0.35811 	0.35811 	0.00000 	0.35811 	
0.44435	0         	0.14690 	0.22876 	inf     	0.35730 	0.35730 	0.35730 	0.00000 	0.35730 	
0.44535	0         	0.14690 	0.22806 	inf     	0.35608 	0.35608 	0.35608 	0.00000 	0.35608 	
0.44635	0         	0.14675 	0.22735 	inf     	0.35485 	0.35485 	0.35485 	0.00000 	0.35485 	
0.44735	0         	0.14675 	0.22663 	inf     	0.35363 	0.35363 	0.35363 	0.00000 	0.35363 	
0.44835	0         	0.14675 	0.22531 	inf     	0.35239 	0.35239 	0.35239 	0.00000 	0.35239 	
0.44934	0         	0.14667 	0.22458 	inf     	0.35115 	0.35115 	0.35115 	0.00000 	0.35115 	
0.45034	0         	0.14667 	0.22394 	inf     	0.34991 	0.34991 	0.34991 	0.00000 	0.34991 	
0.45134	0         	0.14290 	0.22214 	inf     	0.34866 	0.34866 	0.34866 	0.00000 	0.34866 	
0.45234	0         	0.14219 	0.22116 	inf     	0.34741 	0.34741 	0.34741 	0.00000 	0.34741 	
0.45334	0         	0.14219 	0.22040 	inf     	0.34619 	0.34619 	0.34619 	0.00000 	0.34619 	
0.45434	0         	0.14219 	0.21969 	inf     	0.34493 	0.34493 	0.34493 	0.00000 	0.34493 	
0.45533	0         	0.14219 	0.21905 	inf     	0.34367 	0.34367 	0.34367 	0.00000 	0.34367 	
0.45633	0         	0.14078 	0.21784 	inf     	0.34240 	0.34240 	0.34240 	0.00000 	0.34240 	
0.45733	0         	0.14078 	0.21720 	inf     	0.34114 	0.34114 	0.34114 	0.00000 	0.34114 	
0.45833	0         	0.14015 	0.21625 	inf     	0.33986 	0.33986 	0.33986 	0.00000 	0.33986 	
0.45933	0         	0.13756 	0.21445 	inf     	0.33856 	0.33856 	0.33856 	0.00000 	0.33856 	
0.46033	0         	0.13756 	0.21374 	inf     	0.33728 	0.33728 	0.33728 	0.00000 	0.33728 	
0.46133	0         	0.13748 	0.21282 	inf     	0.33599 	0.33599 	0.33599 	0.00000 	0.33599 	
0.46232	0         	0.13732 	0.21200 	inf     	0.33470 	0.33470 	0.33470 	0.00000 	0.33470 	
0.46332	0         	0.13725 	0.21126 	inf     	0.33341 	0.33341 	0.33341 	0.00000 	0.33341 	
0.46432	0         	0.13725 	0.21041 	inf     	0.33211 	0.33211 	0.33211 	0.00000 	0.33211 	
0.46532	0         	0.13623 	0.20859 	inf     	0.33079 	0.33079 	0.33079 	0.00000 	0.33079 	
0.46632	0         	0.13623 	0.20790 	inf     	0.32950 	0.32950 	0.32950 	0.00000 	0.32950 	
0.46732	0         	0.13615 	0.20706 	inf     	0.32818 	0.32818 	0.32818 	0.00000 	0.32818 	
0.46832	0         	0.13615 	0.20635 	inf     	0.32687 	0.32687 	0.32687 	0.00000 	0.32687 	
0.46931	0         	0.13615 	0.20553 	inf     	0.32556 	0.32556 	0.32556 	0.00000 	0.32556 	
0.47031	0         	0.13615 	0.20477 	inf     	0.32424 	0.32424 	0.32424 	0.00000 	0.32424 	
0.47131	0         	0.13607 	0.20405 	inf     	0.32291 	0.32291 	0.32291 	0.00000 	0.32291 	
0.47231	0         	0.13607 	0.20340 	inf     	0.32158 	0.32158 	0.32158 	0.00000 	0.32158 	
0.47331	0         	0.13599 	0.20270 	inf     	0.32026 	0.32026 	0.32026 	0.00000 	0.32026 	
0.47431	0         	0.13599 	0.20195 	inf     	0.31892 	0.31892 	0.31892 	0.00000 	0.31892 	
0.47531	0         	0.13599 	0.20114 	inf     	0.31758 	0.31758 	0.31758 	0.00000 	0.31758 	
0.47630	0         	0.13583 	0.20027 	inf     	0.31622 	0.31622 	0.31622 	0.00000 	0.31622 	
0.47730	0         	0.13583 	0.19951 	inf     	0.31489 	0.31489 	0.31489 	0.00000 	0.31489 	
0.47830	0         	0.13583 	0.19870 	inf     	0.31353 	0.31353 	0.31353 	0.00000 	0.31353 	
0.47930	0         	0.13568 	0.19769 	inf     	0.31217 	0.31217 	0.31217 	0.00000 	0.31217 	
0.48030	0         	0.13568 	0.19674 	inf     	0.31080 	0.31080 	0.31080 	0.00000 	0.31080 	
0.48130	0         	0.13568 	0.19597 	inf     	0.30943 	0.30943 	0.30943 	0.00000 	0.30943 	
0.48229	0         	0.13568 	0.19515 	inf     	0.30806 	0.30806 	0.30806 	0.00000 	0.30806 	
0.48329	0         	0.13568 	0.19406 	inf     	0.30667 	0.30667 	0.30667 	0.00000 	0.30667 	
0.48429	0         	0.13568 	0.19321 	inf     	0.30529 	0.30529 	0.30529 	0.00000 	0.30529 	
0.48529	0         	0.13568 	0.19236 	inf     	0.30391 	0.30391 	0.30391 	0.00000 	0.30391 	
0.48629	0         	0.13560 	0.19155 	inf     	0.30252 	0.30252 	0.30252 	0.00000 	0.30252 	
0.48729	0         	0.13560 	0.19083 	inf     	0.30123 	0.30123 	0.30123 	0.00000 	0.30123 	
0.48829	0         	0.13560 	0.18989 	inf     	0.29985 	0.29985 	0.29985 	0.00000 	0.29985 	
0.48928	0         	0.13560 	0.18907 	inf     	0.29845 	0.29845 	0.29845 	0.00000 	0.29845 	
0.49028	0         	0.13560 	0.18831 	inf     	0.29704 	0.29704 	0.29704 	0.00000 	0.29704 	
0.49128	0         	0.13520 	0.18742 	inf     	0.29565 	0.29565 	0.29565 	0.00000 	0.29565 	
0.49228	0         	0.13520 	0.18679 	inf     	0.29426 	0.29426 	0.29426 	0.00000 	0.29426 	
0.49328	0         	0.13520 	0.18602 	inf     	0.29285 	0.29285 	0.29285 	0.00000 	0.29285 	
0.49428	0         	0.13487 	0.18526 	inf     	0.29143 	0.29143 	0.29143 	0.00000 	0.29143 	
0.49528	0         	0.13458 	0.18458 	inf     	0.29002 	0.29002 	0.29002 	0.00000 	0.29002 	
0.49627	0         	0.13374 	0.18376 	inf     	0.28859 	0.28859 	0.28859 	0.00000 	0.28859 	
0.49727	0         	0.13268 	0.18287 	inf     	0.28716 	0.28716 	0.28716 	0.00000 	0.28716 	
0.49827	0         	0.13197 	0.18208 	inf     	0.28572 	0.28572 	0.28572 	0.00000 	0.28572 	
0.49927	0         	0.13141 	0.18112 	inf     	0.28429 	0.28429 	0.28429 	0.00000 	0.28429 	
0.50027	0         	0.12979 	0.18010 	inf     	0.28287 	0.28287 	0.28287 	0.00000 	0.28287 	
0.50127	0         	0.12887 	0.17926 	inf     	0.28142 	0.28142 	0.28142 	0.00000 	0.28142 	
0.50227	0         	0.12816 	0.17849 	inf     	0.28003 	0.28003 	0.28003 	0.00000 	0.28003 	
0.50326	0         	0.12774 	0.17776 	inf     	0.27858 	0.27858 	0.27858 	0.00000 	0.27858 	
0.50426	0         	0.12732 	0.17701 	inf     	0.27713 	0.27713 	0.27713 	0.00000 	0.27713 	
0.50526	0         	0.12584 	0.17602 	inf     	0.27566 	0.27566 	0.27566 	0.00000 	0.27566 	
0.50626	0         	0.12450 	0.17500 	inf     	0.27425 	0.27425 	0.27425 	0.00000 	0.27425 	
0.50726	0         	0.12393 	0.17423 	inf     	0.27278 	0.27278 	0.27278 	0.00000 	0.27278 	
0.50826	0         	0.12316 	0.17342 	inf     	0.27130 	0.27130 	0.27130 	0.00000 	0.27130 	
0.50925	0         	0.12160 	0.17243 	inf     	0.26985 	0.26985 	0.26985 	0.00000 	0.26985 	
0.51025	0         	0.12069 	0.17150 	inf     	0.26837 	0.26837 	0.26837 	0.00000 	0.26837 	
0.51125	0         	0.12012 	0.17073 	inf     	0.26689 	0.26689 	0.26689 	0.00000 	0.26689 	
0.51225	0         	0.11963 	0.16995 	inf     	0.26540 	0.26540 	0.26540 	0.00000 	0.26540 	
0.51325	0         	0.11921 	0.16921 	inf     	0.26392 	0.26392 	0.26392 	0.00000 	0.26392 	
0.51425	0         	0.11836 	0.16838 	inf     	0.26244 	0.26244 	0.26244 	0.00000 	0.26244 	
0.51525	0         	0.11751 	0.16754 	inf     	0.26094 	0.26094 	0.26094 	0.00000 	0.26094 	
0.51624	0         	0.11596 	0.16655 	inf     	0.25946 	0.25946 	0.25946 	0.00000 	0.25946 	
0.51724	0         	0.11561 	0.16580 	inf     	0.25797 	0.25797 	0.25797 	0.00000 	0.25797 	
0.51824	0         	0.11469 	0.16494 	inf     	0.25646 	0.25646 	0.25646 	0.00000 	0.25646 	
0.51924	0         	0.11328 	0.16325 	inf     	0.25494 	0.25494 	0.25494 	0.00000 	0.25494 	
0.52024	0         	0.11258 	0.16243 	inf     	0.25343 	0.25343 	0.25343 	0.00000 	0.25343 	
0.52124	0         	0.11152 	0.16154 	inf     	0.25192 	0.25192 	0.25192 	0.00000 	0.25192 	
0.52224	0         	0.11102 	0.16077 	inf     	0.25040 	0.25040 	0.25040 	0.00000 	0.25040 	
0.52323	0         	0.10982 	0.15984 	inf     	0.24888 	0.24888 	0.24888 	0.00000 	0.24888 	
0.52423	0         	0.10912 	0.15903 	inf     	0.24737 	0.24737 	0.24737 	0.00000 	0.24737 	
0.52523	0         	0.10841 	0.15821 	inf     	0.24584 	0.24584 	0.24584 	0.00000 	0.24584 	
0.52623	0         	0.10722 	0.15728 	inf     	0.24430 	0.24430 	0.24430 	0.00000 	0.24430 	
0.52723	0         	0.10679 	0.15652 	inf     	0.24277 	0.24277 	0.24277 	0.00000 	0.24277 	
0.52823	0         	0.10595 	0.15568 	inf     	0.24124 	0.24124 	0.24124 	0.00000 	0.24124 	
0.52923	0         	0.10545 	0.15487 	inf     	0.23970 	0.23970 	0.23970 	0.00000 	0.23970 	
0.53022	0         	0.10475 	0.15404 	inf     	0.23815 	0.23815 	0.23815 	0.00000 	0.23815 	
0.53122	0         	0.10390 	0.15319 	inf     	0.23662 	0.23662 	0.23662 	0.00000 	0.23662 	
0.53222	0         	0.10327 	0.15240 	inf     	0.23509 	0.23509 	0.23509 	0.00000 	0.23509 	
0.53322	0         	0.10284 	0.15164 	inf     	0.23353 	0.23353 	0.23353 	0.00000 	0.23353 	
0.53422	0         	0.10193 	0.15077 	inf     	0.23198 	0.23198 	0.23198 	0.00000 	0.23198 	
0.53522	0         	0.10101 	0.14989 	inf     	0.23042 	0.23042 	0.23042 	0.00000 	0.23042 	
0.53621	0         	0.10058 	0.14913 	inf     	0.22889 	0.22889 	0.22889 	0.00000 	0.22889 	
0.53721	0         	0.09960 	0.14820 	inf     	0.22733 	0.22733 	0.22733 	0.00000 	0.22733 	
0.53821	0         	0.09861 	0.14723 	inf     	0.22576 	0.22576 	0.22576 	0.00000 	0.22576 	
0.53921	0         	0.09805 	0.14611 	inf     	0.22421 	0.22421 	0.22421 	0.00000 	0.22421 	
0.54021	0         	0.09755 	0.14531 	inf     	0.22263 	0.22263 	0.22263 	0.00000 	0.22263 	
0.54121	0         	0.09706 	0.14453 	inf     	0.22106 	0.22106 	0.22106 	0.00000 	0.22106 	
0.54221	0         	0.09656 	0.14375 	inf     	0.21948 	0.21948 	0.21948 	0.00000 	0.21948 	
0.54320	0         	0.09614 	0.14300 	inf     	0.21791 	0.21791 	0.21791 	0.00000 	0.21791 	
0.54420	0         	0.09529 	0.14213 	inf     	0.21632 	0.21632 	0.21632 	0.00000 	0.21632 	
0.54520	0         	0.09494 	0.14139 	inf     	0.21476 	0.21476 	0.21476 	0.00000 	0.21476 	
0.54620	0         	0.09424 	0.14056 	inf     	0.21317 	0.21317 	0.21317 	0.00000 	0.21317 	
0.54720	0         	0.09381 	0.13980 	inf     	0.21157 	0.21157 	0.21157 	0.00000 	0.21157 	
0.54820	0         	0.09318 	0.13897 	inf     	0.20997 	0.20997 	0.20997 	0.00000 	0.20997 	
0.54920	0         	0.09290 	0.13823 	inf     	0.20837 	0.20837 	0.20837 	0.00000 	0.20837 	
0.55019	0         	0.09240 	0.13739 	inf     	0.20676 	0.20676 	0.20676 	0.00000 	0.20676 	
0.55119	0         	0.09205 	0.13663 	inf     	0.20514 	0.20514 	0.20514 	0.00000 	0.20514 	
0.55219	0         	0.09149 	0.13582 	inf     	0.20351 	0.20351 	0.20351 	0.00000 	0.20351 	
0.55319	0         	0.09092 	0.13501 	inf     	0.20188 	0.20188 	0.20188 	0.00000 	0.20188 	
0.55419	0         	0.09050 	0.13424 	inf     	0.20025 	0.20025 	0.20025 	0.00000 	0.20025 	
0.55519	0         	0.08965 	0.13338 	inf     	0.19865 	0.19865 	0.19865 	0.00000 	0.19865 	
0.55619	0         	0.08782 	0.13190 	inf     	0.19699 	0.19699 	0.19699 	0.00000 	0.19699 	
0.55718	0         	0.08747 	0.13108 	inf     	0.19534 	0.19534 	0.19534 	0.00000 	0.19534 	
0.55818	0         	0.08697 	0.13022 	inf     	0.19370 	0.19370 	0.19370 	0.00000 	0.19370 	
0.55918	0         	0.08641 	0.12938 	inf     	0.19205 	0.19205 	0.19205 	0.00000 	0.19205 	
0.56018	0         	0.08591 	0.12862 	inf     	0.19049 	0.19049 	0.19049 	0.00000 	0.19049 	
0.56118	0         	0.08528 	0.12780 	inf     	0.18883 	0.18883 	0.18883 	0.00000 	0.18883 	
0.56218	0         	0.08479 	0.12699 	inf     	0.18715 	0.18715 	0.18715 	0.00000 	0.18715 	
0.56317	0         	0.08436 	0.12618 	inf     	0.18549 	0.18549 	0.18549 	0.00000 	0.18549 	
0.56417	0         	0.08337 	0.12496 	inf     	0.18381 	0.18381 	0.18381 	0.00000 	0.18381 	
0.56517	0         	0.08253 	0.12407 	inf     	0.18213 	0.18213 	0.18213 	0.00000 	0.18213 	
0.56617	0         	0.08196 	0.12326 	inf     	0.18044 	0.18044 	0.18044 	0.00000 	0.18044 	
0.56717	0         	0.08126 	0.12241 	inf     	0.17875 	0.17875 	0.17875 	0.00000 	0.17875 	
0.56817	0         	0.08069 	0.12158 	inf     	0.17706 	0.17706 	0.17706 	0.00000 	0.17706 	
0.56917	0         	0.08006 	0.12074 	inf     	0.17537 	0.17537 	0.17537 	0.00000 	0.17537 	
0.57016	0         	0.07935 	0.11987 	inf     	0.17367 	0.17367 	0.17367 	0.00000 	0.17367 	
0.57116	0         	0.07830 	0.11894 	inf     	0.17196 	0.17196 	0.17196 	0.00000 	0.17196 	
0.57216	0         	0.07689 	0.11791 	inf     	0.17025 	0.17025 	0.17025 	0.00000 	0.17025 	
0.57316	0         	0.07590 	0.11684 	inf     	0.16852 	0.16852 	0.16852 	0.00000 	0.16852 	
0.57416	0         	0.07533 	0.11603 	inf     	0.16686 	0.16686 	0.16686 	0.00000 	0.16686 	
0.57516	0         	0.07456 	0.11507 	inf     	0.16512 	0.16512 	0.16512 	0.00000 	0.16512 	
0.57616	0         	0.07413 	0.11425 	inf     	0.16341 	0.16341 	0.16341 	0.00000 	0.16341 	
0.57715	0         	0.07371 	0.11347 	inf     	0.16168 	0.16168 	0.16168 	0.00000 	0.16168 	
0.57815	0         	0.07308 	0.11261 	inf     	0.15995 	0.15995 	0.15995 	0.00000 	0.15995 	
0.57915	0         	0.07251 	0.11178 	inf     	0.15820 	0.15820 	0.15820 	0.00000 	0.15820 	
0.58015	0         	0.07195 	0.11082 	inf     	0.15643 	0.15643 	0.15643 	0.00000 	0.15643 	
0.58115	0         	0.07110 	0.10994 	inf     	0.15472 	0.15472 	0.15472 	0.00000 	0.15472 	
0.58215	0         	0.06990 	0.10894 	inf     	0.15296 	0.15296 	0.15296 	0.00000 	0.15296 	
0.58315	0         	0.06863 	0.10797 	inf     	0.15124 	0.15124 	0.15124 	0.00000 	0.15124 	
0.58414	0         	0.06793 	0.10673 	inf     	0.14949 	0.14949 	0.14949 	0.00000 	0.14949 	
0.58514	0         	0.06680 	0.10576 	inf     	0.14774 	0.14774 	0.14774 	0.00000 	0.14774 	
0.58614	0         	0.06595 	0.10486 	inf     	0.14596 	0.14596 	0.14596 	0.00000 	0.14596 	
0.58714	0         	0.06567 	0.10411 	inf     	0.14422 	0.14422 	0.14422 	0.00000 	0.14422 	
0.58814	0         	0.06546 	0.10336 	inf     	0.14244 	0.14244 	0.14244 	0.00000 	0.14244 	
0.58914	0         	0.06489 	0.10121 	inf     	0.14063 	0.14063 	0.14063 	0.00000 	0.14063 	
0.59013	0         	0.06419 	0.10030 	inf     	0.13883 	0.13883 	0.13883 	0.00000 	0.13883 	
0.59113	0         	0.06355 	0.09932 	inf     	0.13702 	0.13702 	0.13702 	0.00000 	0.13702 	
0.59213	0         	0.06292 	0.09838 	inf     	0.13530 	0.13530 	0.13530 	0.00000 	0.13530 	
0.59313	0         	0.06228 	0.09753 	inf     	0.13349 	0.13349 	0.13349 	0.00000 	0.13349 	
0.59413	0         	0.06101 	0.09653 	inf     	0.13171 	0.13171 	0.13171 	0.00000 	0.13171 	
0.59513	0         	0.06024 	0.09537 	inf     	0.12989 	0.12989 	0.12989 	0.00000 	0.12989 	
0.59613	0         	0.05967 	0.09437 	inf     	0.12807 	0.12807 	0.12807 	0.00000 	0.12807 	
0.59712	0         	0.05855 	0.09340 	inf     	0.12629 	0.12629 	0.12629 	0.00000 	0.12629 	
0.59812	0         	0.05833 	0.09245 	inf     	0.12450 	0.12450 	0.12450 	0.00000 	0.12450 	
0.59912	0         	0.05812 	0.09016 	inf     	0.12267 	0.12267 	0.12267 	0.00000 	0.12267 	
0.60012	0         	0.05728 	0.08916 	inf     	0.12088 	0.12088 	0.12088 	0.00000 	0.12088 	
0.60112	0         	0.05671 	0.08832 	inf     	0.11907 	0.11907 	0.11907 	0.00000 	0.11907 	
0.60212	0         	0.05580 	0.08739 	inf     	0.11726 	0.11726 	0.11726 	0.00000 	0.11726 	
0.60312	0         	0.05544 	0.08658 	inf     	0.11543 	0.11543 	0.11543 	0.00000 	0.11543 	
0.60411	0         	0.05509 	0.08579 	inf     	0.11364 	0.11364 	0.11364 	0.00000 	0.11364 	
0.60511	0         	0.05417 	0.08479 	inf     	0.11180 	0.11180 	0.11180 	0.00000 	0.11180 	
0.60611	0         	0.05311 	0.08382 	inf     	0.10996 	0.10996 	0.10996 	0.00000 	0.10996 	
0.60711	0         	0.05255 	0.08297 	inf     	0.10815 	0.10815 	0.10815 	0.00000 	0.10815 	
0.60811	0         	0.05213 	0.07880 	inf     	0.10642 	0.10642 	0.10642 	0.00000 	0.10642 	
0.60911	0         	0.05156 	0.07571 	inf     	0.10461 	0.10461 	0.10461 	0.00000 	0.10461 	
0.61011	0         	0.05058 	0.07476 	inf     	0.10280 	0.10280 	0.10280 	0.00000 	0.10280 	
0.61110	0         	0.05015 	0.07395 	inf     	0.10096 	0.10096 	0.10096 	0.00000 	0.10096 	
0.61210	0         	0.04959 	0.07309 	inf     	0.09913 	0.09913 	0.09913 	0.00000 	0.09913 	
0.61310	0         	0.04888 	0.07210 	inf     	0.09729 	0.09729 	0.09729 	0.00000 	0.09729 	
0.61410	0         	0.04846 	0.07125 	inf     	0.09546 	0.09546 	0.09546 	0.00000 	0.09546 	
0.61510	0         	0.04775 	0.07035 	inf     	0.09360 	0.09360 	0.09360 	0.00000 	0.09360 	
0.61610	0         	0.04712 	0.06949 	inf     	0.09179 	0.09179 	0.09179 	0.00000 	0.09179 	
0.61709	0         	0.04655 	0.06862 	inf     	0.08993 	0.08993 	0.08993 	0.00000 	0.08993 	
0.61809	0         	0.04599 	0.06763 	inf     	0.08805 	0.08805 	0.08805 	0.00000 	0.08805 	
0.61909	0         	0.04571 	0.06682 	inf     	0.08616 	0.08616 	0.08616 	0.00000 	0.08616 	
0.62009	0         	0.04486 	0.06587 	inf     	0.08436 	0.08436 	0.08436 	0.00000 	0.08436 	
0.62109	0         	0.04444 	0.06503 	inf     	0.08307 	0.08249 	0.08249 	0.00000 	0.08249 	
0.62209	0         	0.04394 	0.06418 	inf     	0.08307 	0.08062 	0.08062 	0.00000 	0.08062 	
0.62309	0         	0.04359 	0.06336 	inf     	0.08307 	0.07872 	0.07872 	0.00000 	0.07872 	
0.62408	0         	0.04282 	0.06244 	inf     	0.08307 	0.07688 	0.07688 	0.00000 	0.07688 	
0.62508	0         	0.04225 	0.06157 	inf     	0.08307 	0.07497 	0.07497 	0.00000 	0.07497 	
0.62608	0         	0.04112 	0.06017 	inf     	0.08150 	0.07307 	0.07307 	0.00000 	0.07307 	
0.62708	0         	0.04014 	0.05919 	inf     	0.08150 	0.07118 	0.07118 	0.00000 	0.07118 	
0.62808	0         	0.03908 	0.05796 	inf     	0.08048 	0.06934 	0.06934 	0.00000 	0.06934 	
0.62908	0         	0.03894 	0.05709 	inf     	0.08009 	0.06747 	0.06747 	0.00000 	0.06747 	
0.63008	0         	0.03844 	0.05623 	inf     	0.08009 	0.06555 	0.06555 	0.00000 	0.06555 	
0.63107	0         	0.03823 	0.05526 	inf     	0.07938 	0.06366 	0.06366 	0.00000 	0.06366 	
0.63207	0         	0.03760 	0.05436 	inf     	0.07938 	0.06173 	0.06173 	0.00000 	0.06173 	
0.63307	0         	0.03710 	0.05345 	inf     	0.07915 	0.05985 	0.05985 	0.00000 	0.05985 	
0.63407	0         	0.03640 	0.05237 	inf     	0.07852 	0.05791 	0.05791 	0.00000 	0.05791 	
0.63507	0         	0.03555 	0.05094 	-0.00011	0.07663 	0.05598 	0.05598 	0.00000 	0.05598 	
0.63607	0         	0.03476 	0.05004 	-0.00107	0.07593 	0.05442 	0.05442 	0.00000 	0.05442 	
0.63707	0         	0.03372 	0.04913 	-0.00270	0.07593 	0.05247 	0.05247 	0.00000 	0.05247 	
0.63806	0         	0.03265 	0.04824 	-0.00433	0.07553 	0.05054 	0.05054 	0.00000 	0.05054 	
0.63906	0         	0.03159 	0.04736 	-0.00603	0.07553 	0.04859 	0.04859 	0.00000 	0.04859 	
0.64006	0         	0.03066 	0.04660 	-0.00752	0.07553 	0.04690 	0.04690 	0.00000 	0.04690 	
0.64106	0         	0.03008 	0.04607 	-0.00839	0.07553 	0.04582 	0.04582 	0.00000 	0.04582 	
0.64206	0         	0.02956 	0.04568 	-0.00923	0.07546 	0.04490 	0.04490 	0.00000 	0.04490 	
0.64306	0         	0.02916 	0.04502 	-0.00945	0.07546 	0.04401 	0.04401 	0.00000 	0.04401 	
0.64405	0         	0.02874 	0.04451 	-0.00992	0.07546 	0.04315 	0.04315 	0.00000 	0.04315 	
0.64505	0         	0.02832 	0.04417 	-0.01062	0.07546 	0.04238 	0.04238 	0.00000 	0.04238 	
0.64605	0         	0.02797 	0.04375 	-0.01101	0.07546 	0.04167 	0.04167 	0.00000 	0.04167 	
0.64705	0         	0.02758 	0.04342 	-0.01163	0.07538 	0.04095 	0.04095 	0.00000 	0.04095 	
0.64805	0         	0.02724 	0.04308 	-0.01210	0.07538 	0.04030 	0.04030 	0.00000 	0.04030 	
0.64905	0         	0.02687 	0.04272 	-0.01256	0.07538 	0.03962 	0.03962 	0.00000 	0.03962 	
0.65005	0         	0.02653 	0.04243 	-0.01315	0.07538 	0.03896 	0.03896 	0.00000 	0.03896 	
0.65104	0         	0.02613 	0.04216 	-0.01370	0.07538 	0.03838 	0.03838 	0.00000 	0.03838 	
0.65204	0         	0.02582 	0.04181 	-0.01408	0.07538 	0.03775 	0.03775 	0.00000 	0.03775 	
0.65304	0         	0.02548 	0.04154 	-0.01462	0.07538 	0.03714 	0.03714 	0.00000 	0.03714 	
0.65404	0         	0.02515 	0.04125 	-0.01512	0.07538 	0.03653 	0.03653 	0.00000 	0.03653 	
0.65504	0         	0.02484 	0.04093 	-0.01556	0.07538 	0.03592 	0.03592 	0.00000 	0.03592 	
0.65604	0         	0.02452 	0.04061 	-0.01598	0.07538 	0.03532 	0.03532 	0.00000 	0.03532 	
0.65704	0         	0.02420 	0.04031 	-0.01644	0.07538 	0.03472 	0.03472 	0.00000 	0.03472 	
0.65803	0         	0.02389 	0.03997 	-0.01684	0.07538 	0.03411 	0.03411 	0.00000 	0.03411 	
0.65903	0         	0.02356 	0.03975 	-0.01731	0.07538 	0.03360 	0.03360 	0.00000 	0.03360 	
0.66003	0         	0.02320 	0.03948 	-0.01791	0.07538 	0.03297 	0.03297 	0.00000 	0.03297 	
0.66103	0         	0.02284 	0.03900 	-0.01820	0.07538 	0.03225 	0.03225 	0.00000 	0.03225 	
0.66203	0         	0.02253 	0.03863 	-0.01852	0.07538 	0.03165 	0.03165 	0.00000 	0.03165 	
0.66303	0         	0.02221 	0.03836 	-0.01906	0.07538 	0.03104 	0.03104 	0.00000 	0.03104 	
0.66403	0         	0.02189 	0.03807 	-0.01958	0.07538 	0.03041 	0.03041 	0.00000 	0.03041 	
0.66502	0         	0.02154 	0.03781 	-0.02017	0.07530 	0.02979 	0.02979 	0.00000 	0.02979 	
0.66602	0         	0.02119 	0.03749 	-0.02067	0.07530 	0.02915 	0.02915 	0.00000 	0.02915 	
0.66702	0         	0.02078 	0.03722 	-0.02113	0.07530 	0.02862 	0.02862 	0.00000 	0.02862 	
0.66802	0         	0.02043 	0.03696 	-0.02174	0.07530 	0.02797 	0.02797 	0.00000 	0.02797 	
0.66902	0         	0.02006 	0.03669 	-0.02234	0.07530 	0.02734 	0.02734 	0.00000 	0.02734 	
0.67002	0         	0.01972 	0.03638 	-0.02289	0.07530 	0.02668 	0.02668 	0.00000 	0.02668 	
0.67101	0         	0.01937 	0.03608 	-0.02345	0.07530 	0.02601 	0.02601 	0.00000 	0.02601 	
0.67201	0         	0.01905 	0.03573 	-0.02388	0.07530 	0.02537 	0.02537 	0.00000 	0.02537 	
0.67301	0         	0.01870 	0.03545 	-0.02444	0.07530 	0.02474 	0.02474 	0.00000 	0.02474 	
0.67401	0         	0.01832 	0.03515 	-0.02505	0.07530 	0.02406 	0.02406 	0.00000 	0.02406 	
0.67501	0         	0.01796 	0.03479 	-0.02548	0.07514 	0.02341 	0.02341 	0.00000 	0.02341 	
0.67601	0         	0.01759 	0.03454 	-0.02612	0.07514 	0.02277 	0.02277 	0.00000 	0.02277 	
0.67701	0         	0.01723 	0.03423 	-0.02666	0.07506 	0.02212 	0.02212 	0.00000 	0.02212 	
0.67800	0         	0.01686 	0.03388 	-0.02716	0.07506 	0.02145 	0.02145 	0.00000 	0.02145 	
0.67900	0         	0.01649 	0.03359 	-0.02773	0.07498 	0.02080 	0.02080 	0.00000 	0.02080 	
0.68000	0         	0.01613 	0.03309 	-0.02799	0.07483 	0.02008 	0.02008 	0.00000 	0.02008 	
0.68100	0         	0.01577 	0.03280 	-0.02864	0.07483 	0.01939 	0.01939 	0.00000 	0.01939 	
0.68200	0         	0.01538 	0.03254 	-0.02931	0.07483 	0.01872 	0.01872 	0.00000 	0.01872 	
0.68300	0         	0.01514 	0.03233 	-0.02959	0.07483 	0.01833 	0.01833 	0.00000 	0.01833 	
0.68400	0         	0.01512 	0.03231 	-0.02955	0.07475 	0.01833 	0.01833 	0.00000 	0.01833 	
0.68499	0         	0.01511 	0.03230 	-0.02956	0.07475 	0.01833 	0.01833 	0.00000 	0.01833 	
0.68599	0         	0.01510 	0.03228 	-0.02952	0.07475 	0.01833 	0.01833 	0.00000 	0.01833 	
0.68699	0         	0.01507 	0.03227 	-0.02953	0.07475 	0.01832 	0.01832 	0.00000 	0.01832 	
0.68799	0         	0.01506 	0.03225 	-0.02949	0.07467 	0.01832 	0.01832 	0.00000 	0.01832 	
0.68899	0         	0.01499 	0.03215 	-0.02937	0.07451 	0.01829 	0.01829 	0.00000 	0.01829 	
0.68999	0         	0.01493 	0.03211 	-0.02935	0.07451 	0.01828 	0.01828 	0.00000 	0.01828 	
0.69099	0         	0.01491 	0.03211 	-0.02935	0.07451 	0.01828 	0.01828 	0.00000 	0.01828 	
0.69198	0         	0.01488 	0.03198 	-0.02915	0.07420 	0.01825 	0.01825 	0.00000 	0.01825 	
0.69298	0         	0.01486 	0.03198 	-0.02915	0.07420 	0.01825 	0.01825 	0.00000 	0.01825 	
0.69398	0         	0.01483 	0.03197 	-0.02915	0.07420 	0.01824 	0.01824 	0.00000 	0.01824 	
0.69498	0         	0.01483 	0.03197 	-0.02915	0.07420 	0.01824 	0.01824 	0.00000 	0.01824 	
0.69598	0         	0.01480 	0.03196 	-0.02916	0.07420 	0.01824 	0.01824 	0.00000 	0.01824 	
0.69698	0         	0.01479 	0.03194 	-0.02913	0.07420 	0.01823 	0.01823 	0.00000 	0.01823 	
0.69797	0         	0.01475 	0.03191 	-0.02911	0.07420 	0.01822 	0.01822 	0.00000 	0.01822 	
0.69897	0         	0.01457 	0.03185 	-0.02915	0.07420 	0.01817 	0.01817 	0.00000 	0.01817 	
0.69997	0         	0.01449 	0.03176 	-0.02907	0.07396 	0.01814 	0.01814 	0.00000 	0.01814 	
0.70097	0         	0.01448 	0.03176 	-0.02907	0.07396 	0.01814 	0.01814 	0.00000 	0.01814 	
0.70197	0         	0.01434 	0.03172 	-0.02910	0.07396 	0.01811 	0.01811 	0.00000 	0.01811 	
0.70297	0         	0.01434 	0.03172 	-0.02910	0.07396 	0.01811 	0.01811 	0.00000 	0.01811 	
0.70397	0         	0.01433 	0.03169 	-0.02908	0.07396 	0.01810 	0.01810 	0.00000 	0.01810 	
0.70496	0         	0.01431 	0.03167 	-0.02906	0.07396 	0.01808 	0.01808 	0.00000 	0.01808 	
0.70596	0         	0.01429 	0.03166 	-0.02906	0.07396 	0.01808 	0.01808 	0.00000 	0.01808 	
0.70696	0         	0.01428 	0.03166 	-0.02906	0.07396 	0.01808 	0.01808 	0.00000 	0.01808 	
0.70796	0         	0.01428 	0.03166 	-0.02906	0.07396 	0.01807 	0.01807 	0.00000 	0.01807 	
0.70896	0         	0.01424 	0.03161 	-0.02902	0.07396 	0.01805 	0.01805 	0.00000 	0.01805 	
0.70996	0         	0.01422 	0.03158 	-0.02899	0.07396 	0.01804 	0.01804 	0.00000 	0.01804 	
0.71096	0         	0.01414 	0.03156 	-0.02902	0.07396 	0.01802 	0.01802 	0.00000 	0.01802 	
0.71195	0         	0.01409 	0.03152 	-0.02900	0.07396 	0.01800 	0.01800 	0.00000 	0.01800 	
0.71295	0         	0.01407 	0.03148 	-0.02893	0.07388 	0.01799 	0.01799 	0.00000 	0.01799 	
0.71395	0         	0.01406 	0.03147 	-0.02893	0.07388 	0.01799 	0.01799 	0.00000 	0.01799 	
0.71495	0         	0.01402 	0.03144 	-0.02891	0.07381 	0.01797 	0.01797 	0.00000 	0.01797 	
0.71595	0         	0.01382 	0.03108 	-0.02839	0.07263 	0.01790 	0.01790 	0.00000 	0.01790 	
0.71695	0         	0.01380 	0.03107 	-0.02840	0.07263 	0.01790 	0.01790 	0.00000 	0.01790 	
0.71795	0         	0.01356 	0.03099 	-0.02850	0.07263 	0.01779 	0.01779 	0.00000 	0.01779 	
0.71894	0         	0.01330 	0.03002 	-0.02683	0.06917 	0.01770 	0.01770 	0.00000 	0.01770 	
0.71994	0         	0.01328 	0.03001 	-0.02684	0.06917 	0.01770 	0.01770 	0.00000 	0.01770 	
0.72094	0         	0.01322 	0.02999 	-0.02686	0.06917 	0.01767 	0.01767 	0.00000 	0.01767 	
0.72194	0         	0.01322 	0.02999 	-0.02686	0.06917 	0.01767 	0.01767 	0.00000 	0.01767 	
0.72294	0         	0.01321 	0.02999 	-0.02686	0.06917 	0.01767 	0.01767 	0.00000 	0.01767 	
0.72394	0         	0.01321 	0.02999 	-0.02686	0.06917 	0.01767 	0.01767 	0.00000 	0.01767 	
0.72493	0         	0.01320 	0.02998 	-0.02688	0.06917 	0.01766 	0.01766 	0.00000 	0.01766 	
0.72593	0         	0.01318 	0.02996 	-0.02685	0.06917 	0.01765 	0.01765 	0.00000 	0.01765 	
0.72693	0         	0.01313 	0.02994 	-0.02686	0.06917 	0.01763 	0.01763 	0.00000 	0.01763 	
0.72793	0         	0.01311 	0.02991 	-0.02683	0.06910 	0.01762 	0.01762 	0.00000 	0.01762 	
0.72893	0         	0.01310 	0.02991 	-0.02684	0.06910 	0.01761 	0.01761 	0.00000 	0.01761 	
0.72993	0         	0.01308 	0.02986 	-0.02677	0.06894 	0.01761 	0.01761 	0.00000 	0.01761 	
0.73093	0         	0.01303 	0.02983 	-0.02676	0.06894 	0.01759 	0.01759 	0.00000 	0.01759 	
0.73192	0         	0.01303 	0.02981 	-0.02672	0.06894 	0.01759 	0.01759 	0.00000 	0.01759 	
0.73292	0         	0.01298 	0.02979 	-0.02675	0.06894 	0.01756 	0.01756 	0.00000 	0.01756 	
0.73392	0         	0.01293 	0.02977 	-0.02677	0.06894 	0.01754 	0.01754 	0.00000 	0.01754 	
0.73492	0         	0.01289 	0.02976 	-0.02680	0.06894 	0.01751 	0.01751 	0.00000 	0.01751 	
0.73592	0         	0.01285 	0.02974 	-0.02681	0.06894 	0.01750 	0.01750 	0.00000 	0.01750 	
0.73692	0         	0.01283 	0.02971 	-0.02678	0.06886 	0.01748 	0.01748 	0.00000 	0.01748 	
0.73792	0         	0.01280 	0.02970 	-0.02680	0.06886 	0.01747 	0.01747 	0.00000 	0.01747 	
0.73891	0         	0.01278 	0.02970 	-0.02681	0.06886 	0.01746 	0.01746 	0.00000 	0.01746 	
0.73991	0         	0.01277 	0.02969 	-0.02681	0.06886 	0.01746 	0.01746 	0.00000 	0.01746 	
0.74091	0         	0.01266 	0.02949 	-0.02657	0.06886 	0.01738 	0.01738 	0.00000 	0.01738 	
0.74191	0         	0.01265 	0.02948 	-0.02658	0.06886 	0.01737 	0.01737 	0.00000 	0.01737 	
0.74291	0         	0.01264 	0.02948 	-0.02659	0.06886 	0.01737 	0.01737 	0.00000 	0.01737 	
0.74391	0         	0.01261 	0.02947 	-0.02660	0.06886 	0.01735 	0.01735 	0.00000 	0.01735 	
0.74491	0         	0.01253 	0.02944 	-0.02664	0.06886 	0.01731 	0.01731 	0.00000 	0.01731 	
0.74590	0         	0.01246 	0.02941 	-0.02668	0.06886 	0.01728 	0.01728 	0.00000 	0.01728 	
0.74690	0         	0.01242 	0.02934 	-0.02658	0.06862 	0.01726 	0.01726 	0.00000 	0.01726 	
0.74790	0         	0.01242 	0.02932 	-0.02655	0.06862 	0.01725 	0.01725 	0.00000 	0.01725 	
0.74890	0         	0.01239 	0.02929 	-0.02653	0.06862 	0.01724 	0.01724 	0.00000 	0.01724 	
0.74990	0         	0.01239 	0.02929 	-0.02653	0.06862 	0.01724 	0.01724 	0.00000 	0.01724 	
0.75090	0         	0.01236 	0.02928 	-0.02654	0.06862 	0.01722 	0.01722 	0.00000 	0.01722 	
0.75189	0         	0.01234 	0.02927 	-0.02655	0.06862 	0.01721 	0.01721 	0.00000 	0.01721 	
0.75289	0         	0.01229 	0.02921 	-0.02650	0.06847 	0.01718 	0.01718 	0.00000 	0.01718 	
0.75389	0         	0.01229 	0.02921 	-0.02650	0.06847 	0.01718 	0.01718 	0.00000 	0.01718 	
0.75489	0         	0.01227 	0.02919 	-0.02649	0.06847 	0.01716 	0.01716 	0.00000 	0.01716 	
0.75589	0         	0.01216 	0.02910 	-0.02650	0.06847 	0.01708 	0.01708 	0.00000 	0.01708 	
0.75689	0         	0.01214 	0.02907 	-0.02649	0.06847 	0.01705 	0.01705 	0.00000 	0.01705 	
0.75789	0         	0.01208 	0.02901 	-0.02645	0.06831 	0.01702 	0.01702 	0.00000 	0.01702 	
0.75888	0         	0.01199 	0.02890 	-0.02637	0.06823 	0.01695 	0.01695 	0.00000 	0.01695 	
0.75988	0         	0.01198 	0.02889 	-0.02639	0.06823 	0.01693 	0.01693 	0.00000 	0.01693 	
0.76088	0         	0.01193 	0.02885 	-0.02639	0.06823 	0.01690 	0.01690 	0.00000 	0.01690 	
0.76188	0         	0.01192 	0.02885 	-0.02639	0.06823 	0.01689 	0.01689 	0.00000 	0.01689 	
0.76288	0         	0.01190 	0.02884 	-0.02640	0.06823 	0.01688 	0.01688 	0.00000 	0.01688 	
0.76388	0         	0.01190 	0.02882 	-0.02637	0.06815 	0.01688 	0.01688 	0.00000 	0.01688 	
0.76488	0         	0.01179 	0.02832 	-0.02556	0.06658 	0.01679 	0.01679 	0.00000 	0.01679 	
0.76587	0         	0.01179 	0.02832 	-0.02557	0.06658 	0.01679 	0.01679 	0.00000 	0.01679 	
0.76687	0         	0.01170 	0.02809 	-0.02526	0.06603 	0.01671 	0.01671 	0.00000 	0.01671 	
0.76787	0         	0.01165 	0.02805 	-0.02526	0.06595 	0.01667 	0.01667 	0.00000 	0.01667 	
0.76887	0         	0.01163 	0.02804 	-0.02528	0.06595 	0.01666 	0.01666 	0.00000 	0.01666 	
0.76987	0         	0.01160 	0.02797 	-0.02518	0.06572 	0.01664 	0.01664 	0.00000 	0.01664 	
0.77087	0         	0.01152 	0.02791 	-0.02522	0.06572 	0.01656 	0.01656 	0.00000 	0.01656 	
0.77187	0         	0.01141 	0.02777 	-0.02513	0.06548 	0.01647 	0.01647 	0.00000 	0.01647 	
0.77286	0         	0.01067 	0.02720 	-0.02538	0.06548 	0.01579 	0.01579 	0.00000 	0.01579 	
0.77386	0         	0.00978 	0.02635 	-0.02566	0.06548 	0.01477 	0.01477 	0.00000 	0.01477 	
0.77486	0         	0.00976 	0.02633 	-0.02564	0.06548 	0.01475 	0.01475 	0.00000 	0.01475 	
0.77586	0         	0.00976 	0.02633 	-0.02564	0.06548 	0.01475 	0.01475 	0.00000 	0.01475 	
0.77686	0         	0.00975 	0.02632 	-0.02565	0.06548 	0.01475 	0.01475 	0.00000 	0.01475 	
0.77786	0         	0.00973 	0.02629 	-0.02562	0.06541 	0.01473 	0.01473 	0.00000 	0.01473 	
0.77886	0         	0.00969 	0.02625 	-0.02565	0.06541 	0.01467 	0.01467 	0.00000 	0.01467 	
0.77985	0         	0.00969 	0.02625 	-0.02566	0.06541 	0.01466 	0.01466 	0.00000 	0.01466 	
0.78085	0         	0.00966 	0.02624 	-0.02568	0.06541 	0.01464 	0.01464 	0.00000 	0.01464 	
0.78185	0         	0.00964 	0.02599 	-0.02527	0.06486 	0.01460 	0.01460 	0.00000 	0.01460 	
0.78285	0         	0.00963 	0.02599 	-0.02528	0.06486 	0.01459 	0.01459 	0.00000 	0.01459 	
0.78385	0         	0.00961 	0.02598 	-0.02530	0.06486 	0.01457 	0.01457 	0.00000 	0.01457 	
0.78485	0         	0.00953 	0.02577 	-0.02502	0.06423 	0.01450 	0.01450 	0.00000 	0.01450 	
0.78584	0         	0.00895 	0.02304 	-0.02087	0.05590 	0.01382 	0.01382 	0.00000 	0.01382 	
0.78684	0         	0.00891 	0.02302 	-0.02091	0.05590 	0.01378 	0.01378 	0.00000 	0.01378 	
0.78784	0         	0.00890 	0.02299 	-0.02089	0.05590 	0.01376 	0.01376 	0.00000 	0.01376 	
0.78884	0         	0.00883 	0.02294 	-0.02092	0.05590 	0.01370 	0.01370 	0.00000 	0.01370 	
0.78984	0         	0.00882 	0.02291 	-0.02090	0.05583 	0.01368 	0.01368 	0.00000 	0.01368 	
0.79084	0         	0.00881 	0.02291 	-0.02090	0.05583 	0.01368 	0.01368 	0.00000 	0.01368 	
0.79184	0         	0.00878 	0.02284 	-0.02083	0.05583 	0.01364 	0.01364 	0.00000 	0.01364 	
0.79283	0         	0.00874 	0.02282 	-0.02087	0.05583 	0.01360 	0.01360 	0.00000 	0.01360 	
0.79383	0         	0.00873 	0.02282 	-0.02088	0.05583 	0.01359 	0.01359 	0.00000 	0.01359 	
0.79483	0         	0.00872 	0.02281 	-0.02089	0.05583 	0.01358 	0.01358 	0.00000 	0.01358 	
0.79583	0         	0.00870 	0.02277 	-0.02084	0.05583 	0.01356 	0.01356 	0.00000 	0.01356 	
0.79683	0         	0.00843 	0.02059 	-0.01725	0.04986 	0.01315 	0.01315 	0.00000 	0.01315 	
0.79783	0         	0.00741 	0.01691 	-0.01134	0.03997 	0.01235 	0.01235 	0.00000 	0.01235 	
0.79883	0         	0.00698 	0.01673 	-0.01128	0.03997 	0.01219 	0.01219 	0.00000 	0.01219 	
0.79982	0         	0.00698 	0.01673 	-0.01129	0.03997 	0.01219 	0.01219 	0.00000 	0.01219 	
0.80082	0         	0.00698 	0.01670 	-0.01135	0.03997 	0.01212 	0.01212 	0.00000 	0.01212 	
0.80182	0         	0.00698 	0.01663 	-0.01133	0.03981 	0.01207 	0.01207 	0.00000 	0.01207 	
0.80282	0         	0.00649 	0.01624 	-0.01102	0.03918 	0.01182 	0.01182 	0.00000 	0.01182 	
0.80382	0         	0.00642 	0.01591 	-0.01059	0.03816 	0.01170 	0.01170 	0.00000 	0.01170 	
0.80482	0         	0.00642 	0.01589 	-0.01057	0.03808 	0.01168 	0.01168 	0.00000 	0.01168 	
0.80582	0         	0.00607 	0.01555 	-0.01058	0.03769 	0.01130 	0.01130 	0.00000 	0.01130 	
0.80681	0         	0.00600 	0.01549 	-0.01063	0.03769 	0.01121 	0.01121 	0.00000 	0.01121 	
0.80781	0         	0.00600 	0.01545 	-0.01072	0.03769 	0.01112 	0.01112 	0.00000 	0.01112 	
0.80881	0         	0.00585 	0.01536 	-0.01076	0.03769 	0.01101 	0.01101 	0.00000 	0.01101 	
0.80981	0         	0.00578 	0.01533 	-0.01076	0.03769 	0.01097 	0.01097 	0.00000 	0.01097 	
0.81081	0         	0.00571 	0.01525 	-0.01077	0.03761 	0.01089 	0.01089 	0.00000 	0.01089 	
0.81181	0         	0.00564 	0.01523 	-0.01076	0.03761 	0.01087 	0.01087 	0.00000 	0.01087 	
0.81280	0         	0.00557 	0.01521 	-0.01073	0.03761 	0.01086 	0.01086 	0.00000 	0.01086 	
0.81380	0         	0.00550 	0.01514 	-0.01064	0.03745 	0.01084 	0.01084 	0.00000 	0.01084 	
0.81480	0         	0.00543 	0.01511 	-0.01063	0.03745 	0.01081 	0.01081 	0.00000 	0.01081 	
0.81580	0         	0.00529 	0.01468 	-0.01003	0.03612 	0.01067 	0.01067 	0.00000 	0.01067 	
0.81680	0         	0.00529 	0.01464 	-0.01011	0.03612 	0.01059 	0.01059 	0.00000 	0.01059 	
0.81780	0         	0.00522 	0.01458 	-0.01008	0.03604 	0.01055 	0.01055 	0.00000 	0.01055 	
0.81880	0         	0.00494 	0.01445 	-0.01008	0.03604 	0.01041 	0.01041 	0.00000 	0.01041 	
0.81979	0         	0.00494 	0.01444 	-0.01011	0.03604 	0.01038 	0.01038 	0.00000 	0.01038 	
0.82079	0         	0.00494 	0.01442 	-0.01014	0.03604 	0.01035 	0.01035 	0.00000 	0.01035 	
0.82179	0         	0.00494 	0.01442 	-0.01014	0.03604 	0.01035 	0.01035 	0.00000 	0.01035 	
0.82279	0         	0.00487 	0.01439 	-0.01013	0.03604 	0.01033 	0.01033 	0.00000 	0.01033 	
0.82379	0         	0.00480 	0.01436 	-0.01013	0.03604 	0.01029 	0.01029 	0.00000 	0.01029 	
0.82479	0         	0.00473 	0.01433 	-0.01012	0.03604 	0.01026 	0.01026 	0.00000 	0.01026 	
0.82579	0         	0.00473 	0.01433 	-0.01013	0.03604 	0.01026 	0.01026 	0.00000 	0.01026 	
0.82678	0         	0.00473 	0.01432 	-0.01014	0.03604 	0.01025 	0.01025 	0.00000 	0.01025 	
0.82778	0         	0.00473 	0.01420 	-0.01006	0.03573 	0.01016 	0.01016 	0.00000 	0.01016 	
0.82878	0         	0.00473 	0.01419 	-0.01009	0.03573 	0.01013 	0.01013 	0.00000 	0.01013 	
0.82978	0         	0.00473 	0.01416 	-0.01007	0.03565 	0.01012 	0.01012 	0.00000 	0.01012 	
0.83078	0         	0.00473 	0.01416 	-0.01009	0.03565 	0.01010 	0.01010 	0.00000 	0.01010 	
0.83178	0         	0.00466 	0.01413 	-0.01007	0.03565 	0.01008 	0.01008 	0.00000 	0.01008 	
0.83278	0         	0.00466 	0.01411 	-0.01010	0.03565 	0.01005 	0.01005 	0.00000 	0.01005 	
0.83377	0         	0.00466 	0.01409 	-0.01008	0.03557 	0.01003 	0.01003 	0.00000 	0.01003 	
0.83477	0         	0.00466 	0.01407 	-0.01011	0.03557 	0.01000 	0.01000 	0.00000 	0.01000 	
0.83577	0         	0.00466 	0.01407 	-0.01012	0.03557 	0.00999 	0.00999 	0.00000 	0.00999 	
0.83677	0         	0.00466 	0.01406 	-0.01013	0.03557 	0.00998 	0.00998 	0.00000 	0.00998 	
0.83777	0         	0.00466 	0.01402 	-0.01022	0.03557 	0.00989 	0.00989 	0.00000 	0.00989 	
0.83877	0         	0.00466 	0.01398 	-0.01032	0.03557 	0.00979 	0.00979 	0.00000 	0.00979 	
0.83976	0         	0.00466 	0.01397 	-0.01033	0.03557 	0.00978 	0.00978 	0.00000 	0.00978 	
0.84076	0         	0.00444 	0.01390 	-0.01028	0.03557 	0.00973 	0.00973 	0.00000 	0.00973 	
0.84176	0         	0.00444 	0.01390 	-0.01028	0.03557 	0.00972 	0.00972 	0.00000 	0.00972 	
0.84276	0         	0.00444 	0.01389 	-0.01030	0.03557 	0.00971 	0.00971 	0.00000 	0.00971 	
0.84376	0         	0.00444 	0.01388 	-0.01031	0.03557 	0.00969 	0.00969 	0.00000 	0.00969 	
0.84476	0         	0.00444 	0.01378 	-0.01021	0.03525 	0.00964 	0.00964 	0.00000 	0.00964 	
0.84576	0         	0.00437 	0.01374 	-0.01023	0.03525 	0.00958 	0.00958 	0.00000 	0.00958 	
0.84675	0         	0.00423 	0.01368 	-0.01021	0.03525 	0.00953 	0.00953 	0.00000 	0.00953 	
0.84775	0         	0.00423 	0.01368 	-0.01021	0.03525 	0.00953 	0.00953 	0.00000 	0.00953 	
0.84875	0         	0.00423 	0.01367 	-0.01024	0.03525 	0.00950 	0.00950 	0.00000 	0.00950 	
0.84975	0         	0.00423 	0.01365 	-0.01029	0.03525 	0.00945 	0.00945 	0.00000 	0.00945 	
0.85075	0         	0.00423 	0.01362 	-0.01036	0.03525 	0.00938 	0.00938 	0.00000 	0.00938 	
0.85175	0         	0.00423 	0.01361 	-0.01038	0.03525 	0.00936 	0.00936 	0.00000 	0.00936 	
0.85275	0         	0.00423 	0.01357 	-0.01047	0.03525 	0.00928 	0.00928 	0.00000 	0.00928 	
0.85374	0         	0.00416 	0.01353 	-0.01041	0.03518 	0.00926 	0.00926 	0.00000 	0.00926 	
0.85474	0         	0.00416 	0.01352 	-0.01043	0.03518 	0.00924 	0.00924 	0.00000 	0.00924 	
0.85574	0         	0.00409 	0.01316 	-0.01008	0.03416 	0.00905 	0.00905 	0.00000 	0.00905 	
0.85674	0         	0.00409 	0.01316 	-0.01009	0.03416 	0.00903 	0.00903 	0.00000 	0.00903 	
0.85774	0         	0.00409 	0.01311 	-0.01019	0.03416 	0.00894 	0.00894 	0.00000 	0.00894 	
0.85874	0         	0.00409 	0.01310 	-0.01022	0.03416 	0.00890 	0.00890 	0.00000 	0.00890 	
0.85974	0         	0.00409 	0.01305 	-0.01024	0.03408 	0.00884 	0.00884 	0.00000 	0.00884 	
0.86073	0         	0.00402 	0.01278 	-0.01003	0.03337 	0.00867 	0.00867 	0.00000 	0.00867 	
0.86173	0         	0.00402 	0.01246 	-0.00967	0.03235 	0.00851 	0.00851 	0.00000 	0.00851 	
0.86273	0         	0.00402 	0.01241 	-0.00970	0.03227 	0.00844 	0.00844 	0.00000 	0.00844 	
0.86373	0         	0.00381 	0.01223 	-0.00947	0.03188 	0.00837 	0.00837 	0.00000 	0.00837 	
0.86473	0         	0.00381 	0.01223 	-0.00947	0.03188 	0.00837 	0.00837 	0.00000 	0.00837 	
0.86573	0         	0.00374 	0.01221 	-0.00945	0.03188 	0.00836 	0.00836 	0.00000 	0.00836 	
0.86672	0         	0.00367 	0.01218 	-0.00945	0.03188 	0.00832 	0.00832 	0.00000 	0.00832 	
0.86772	0         	0.00360 	0.01210 	-0.00940	0.03172 	0.00826 	0.00826 	0.00000 	0.00826 	
0.86872	0         	0.00339 	0.01196 	-0.00925	0.03149 	0.00818 	0.00818 	0.00000 	0.00818 	
0.86972	0         	0.00339 	0.01196 	-0.00925	0.03149 	0.00818 	0.00818 	0.00000 	0.00818 	
0.87072	0         	0.00339 	0.01196 	-0.00925	0.03149 	0.00818 	0.00818 	0.00000 	0.00818 	
0.87172	0         	0.00339 	0.01196 	-0.00925	0.03149 	0.00818 	0.00818 	0.00000 	0.00818 	
0.87272	0         	0.00339 	0.01195 	-0.00927	0.03149 	0.00816 	0.00816 	0.00000 	0.00816 	
0.87371	0         	0.00339 	0.01164 	-0.00887	0.03046 	0.00805 	0.00805 	0.00000 	0.00805 	
0.87471	0         	0.00324 	0.01145 	-0.00866	0.02999 	0.00796 	0.00796 	0.00000 	0.00796 	
0.87571	0         	0.00324 	0.01142 	-0.00865	0.02992 	0.00793 	0.00793 	0.00000 	0.00793 	
0.87671	0         	0.00310 	0.01098 	-0.00817	0.02866 	0.00771 	0.00771 	0.00000 	0.00771 	
0.87771	0         	0.00310 	0.01097 	-0.00820	0.02866 	0.00769 	0.00769 	0.00000 	0.00769 	
0.87871	0         	0.00303 	0.01087 	-0.00811	0.02842 	0.00762 	0.00762 	0.00000 	0.00762 	
0.87971	0         	0.00296 	0.01049 	-0.00765	0.02725 	0.00745 	0.00745 	0.00000 	0.00745 	
0.88070	0         	0.00296 	0.01046 	-0.00764	0.02717 	0.00743 	0.00743 	0.00000 	0.00743 	
0.88170	0         	0.00296 	0.01046 	-0.00764	0.02717 	0.00743 	0.00743 	0.00000 	0.00743 	
0.88270	0         	0.00296 	0.01044 	-0.00767	0.02717 	0.00739 	0.00739 	0.00000 	0.00739 	
0.88370	0         	0.00296 	0.01044 	-0.00768	0.02717 	0.00738 	0.00738 	0.00000 	0.00738 	
0.88470	0         	0.00296 	0.01044 	-0.00768	0.02717 	0.00738 	0.00738 	0.00000 	0.00738 	
0.88570	0         	0.00282 	0.01039 	-0.00765	0.02717 	0.00735 	0.00735 	0.00000 	0.00735 	
0.88670	0         	0.00282 	0.01036 	-0.00771	0.02717 	0.00728 	0.00728 	0.00000 	0.00728 	
0.88769	0         	0.00233 	0.01001 	-0.00806	0.02717 	0.00669 	0.00669 	0.00000 	0.00669 	
0.88869	0         	0.00233 	0.01000 	-0.00807	0.02717 	0.00667 	0.00667 	0.00000 	0.00667 	
0.88969	0         	0.00226 	0.00996 	-0.00809	0.02717 	0.00662 	0.00662 	0.00000 	0.00662 	
0.89069	0         	0.00226 	0.00994 	-0.00815	0.02717 	0.00656 	0.00656 	0.00000 	0.00656 	
0.89169	0         	0.00205 	0.00985 	-0.00813	0.02717 	0.00648 	0.00648 	0.00000 	0.00648 	
0.89269	0         	0.00198 	0.00979 	-0.00811	0.02709 	0.00642 	0.00642 	0.00000 	0.00642 	
0.89368	0         	0.00198 	0.00977 	-0.00817	0.02709 	0.00637 	0.00637 	0.00000 	0.00637 	
0.89468	0         	0.00198 	0.00976 	-0.00818	0.02709 	0.00635 	0.00635 	0.00000 	0.00635 	
0.89568	0         	0.00198 	0.00972 	-0.00829	0.02709 	0.00624 	0.00624 	0.00000 	0.00624 	
0.89668	0         	0.00198 	0.00958 	-0.00818	0.02670 	0.00615 	0.00615 	0.00000 	0.00615 	
0.89768	0         	0.00198 	0.00958 	-0.00819	0.02670 	0.00615 	0.00615 	0.00000 	0.00615 	
0.89868	0         	0.00198 	0.00957 	-0.00821	0.02670 	0.00612 	0.00612 	0.00000 	0.00612 	
0.89968	0         	0.00198 	0.00957 	-0.00822	0.02670 	0.00611 	0.00611 	0.00000 	0.00611 	
0.90067	0         	0.00183 	0.00947 	-0.00814	0.02654 	0.00605 	0.00605 	0.00000 	0.00605 	
0.90167	0         	0.00148 	0.00897 	-0.00749	0.02520 	0.00585 	0.00585 	0.00000 	0.00585 	
0.90267	0         	0.00141 	0.00894 	-0.00748	0.02520 	0.00583 	0.00583 	0.00000 	0.00583 	
0.90367	0         	0.00141 	0.00892 	-0.00753	0.02520 	0.00578 	0.00578 	0.00000 	0.00578 	
0.90467	0         	0.00141 	0.00892 	-0.00754	0.02520 	0.00576 	0.00576 	0.00000 	0.00576 	
0.90567	0         	0.00141 	0.00890 	-0.00759	0.02520 	0.00572 	0.00572 	0.00000 	0.00572 	
0.90667	0         	0.00113 	0.00648 	-0.00441	0.01727 	0.00479 	0.00479 	0.00000 	0.00479 	
0.90766	0         	0.00056 	0.00342 	-0.00075	0.00769 	0.00338 	0.00338 	0.00000 	0.00338 	
0.90866	0         	0.00049 	0.00340 	-0.00073	0.00769 	0.00336 	0.00336 	0.00000 	0.00336 	
0.90966	0         	0.00049 	0.00340 	-0.00073	0.00769 	0.00336 	0.00336 	0.00000 	0.00336 	
0.91066	0         	0.00049 	0.00324 	-0.00059	0.00722 	0.00327 	0.00327 	0.00000 	0.00327 	
0.91166	0         	0.00049 	0.00324 	-0.00060	0.00722 	0.00326 	0.00326 	0.00000 	0.00326 	
0.91266	0         	0.00049 	0.00318 	-0.00076	0.00722 	0.00310 	0.00310 	0.00000 	0.00310 	
0.91366	0         	0.00049 	0.00317 	-0.00077	0.00722 	0.00309 	0.00309 	0.00000 	0.00309 	
0.91465	0         	0.00042 	0.00306 	-0.00069	0.00699 	0.00301 	0.00301 	0.00000 	0.00301 	
0.91565	0         	0.00042 	0.00306 	-0.00069	0.00699 	0.00301 	0.00301 	0.00000 	0.00301 	
0.91665	0         	0.00042 	0.00305 	-0.00073	0.00699 	0.00298 	0.00298 	0.00000 	0.00298 	
0.91765	0         	0.00035 	0.00298 	-0.00082	0.00699 	0.00286 	0.00286 	0.00000 	0.00286 	
0.91865	0         	0.00035 	0.00297 	-0.00084	0.00699 	0.00283 	0.00283 	0.00000 	0.00283 	
0.91965	0         	0.00035 	0.00297 	-0.00086	0.00699 	0.00281 	0.00281 	0.00000 	0.00281 	
0.92064	0         	0.00035 	0.00293 	-0.00094	0.00699 	0.00273 	0.00273 	0.00000 	0.00273 	
0.92164	0         	0.00035 	0.00290 	-0.00092	0.00691 	0.00271 	0.00271 	0.00000 	0.00271 	
0.92264	0         	0.00028 	0.00288 	-0.00090	0.00691 	0.00270 	0.00270 	0.00000 	0.00270 	
0.92364	0         	0.00021 	0.00275 	-0.00114	0.00691 	0.00242 	0.00242 	0.00000 	0.00242 	
0.92464	0         	0.00021 	0.00273 	-0.00119	0.00691 	0.00237 	0.00237 	0.00000 	0.00237 	
0.92564	0         	0.00021 	0.00265 	-0.00120	0.00675 	0.00228 	0.00228 	0.00000 	0.00228 	
0.92664	0         	0.00021 	0.00245 	-0.00099	0.00612 	0.00218 	0.00218 	0.00000 	0.00218 	
0.92763	0         	0.00021 	0.00227 	-0.00083	0.00557 	0.00207 	0.00207 	0.00000 	0.00207 	
0.92863	0         	0.00021 	0.00224 	-0.00081	0.00550 	0.00204 	0.00204 	0.00000 	0.00204 	
0.92963	0         	0.00021 	0.00223 	-0.00084	0.00550 	0.00202 	0.00202 	0.00000 	0.00202 	
0.93063	0         	0.00021 	0.00223 	-0.00085	0.00550 	0.00201 	0.00201 	0.00000 	0.00201 	
0.93163	0         	0.00021 	0.00212 	-0.00075	0.00518 	0.00195 	0.00195 	0.00000 	0.00195 	
0.93263	0         	0.00021 	0.00212 	-0.00075	0.00518 	0.00195 	0.00195 	0.00000 	0.00195 	
0.93363	0         	0.00021 	0.00212 	-0.00075	0.00518 	0.00195 	0.00195 	0.00000 	0.00195 	
0.93462	0         	0.00021 	0.00212 	-0.00076	0.00518 	0.00194 	0.00194 	0.00000 	0.00194 	
0.93562	0         	0.00021 	0.00206 	-0.00074	0.00503 	0.00188 	0.00188 	0.00000 	0.00188 	
0.93662	0         	0.00021 	0.00206 	-0.00074	0.00503 	0.00188 	0.00188 	0.00000 	0.00188 	
0.93762	0         	0.00021 	0.00205 	-0.00077	0.00503 	0.00185 	0.00185 	0.00000 	0.00185 	
0.93862	0         	0.00021 	0.00196 	-0.00071	0.00479 	0.00179 	0.00179 	0.00000 	0.00179 	
0.93962	0         	0.00021 	0.00184 	-0.00067	0.00448 	0.00167 	0.00167 	0.00000 	0.00167 	
0.94062	0         	0.00021 	0.00141 	-0.00022	0.00314 	0.00145 	0.00145 	0.00000 	0.00145 	
0.94161	0         	0.00021 	0.00127 	-0.00005	0.00267 	0.00139 	0.00139 	0.00000 	0.00139 	
0.94261	0         	0.00021 	0.00127 	-0.00005	0.00267 	0.00139 	0.00139 	0.00000 	0.00139 	
0.94361	0         	0.00021 	0.00126 	-0.00007	0.00267 	0.00137 	0.00137 	0.00000 	0.00137 	
0.94461	0         	0.00021 	0.00126 	-0.00007	0.00267 	0.00137 	0.00137 	0.00000 	0.00137 	
0.94561	0         	0.00021 	0.00126 	-0.00008	0.00267 	0.00136 	0.00136 	0.00000 	0.00136 	
0.94661	0         	0.00021 	0.00126 	-0.00008	0.00267 	0.00136 	0.00136 	0.00000 	0.00136 	
0.94760	0         	0.00021 	0.00125 	-0.00010	0.00267 	0.00134 	0.00134 	0.00000 	0.00134 	
0.94860	0         	0.00021 	0.00124 	-0.00014	0.00267 	0.00130 	0.00130 	0.00000 	0.00130 	
0.94960	0         	0.00021 	0.00123 	-0.00015	0.00267 	0.00129 	0.00129 	0.00000 	0.00129 	
0.95060	0         	0.00021 	0.00123 	-0.00016	0.00267 	0.00128 	0.00128 	0.00000 	0.00128 	
0.95160	0         	0.00021 	0.00120 	-0.00015	0.00259 	0.00125 	0.00125 	0.00000 	0.00125 	
0.95260	0         	0.00021 	0.00118 	-0.00019	0.00259 	0.00121 	0.00121 	0.00000 	0.00121 	
0.95360	0         	0.00021 	0.00118 	-0.00019	0.00259 	0.00121 	0.00121 	0.00000 	0.00121 	
0.95459	0         	0.00021 	0.00117 	-0.00021	0.00259 	0.00119 	0.00119 	0.00000 	0.00119 	
0.95559	0         	0.00021 	0.00117 	-0.00021	0.00259 	0.00119 	0.00119 	0.00000 	0.00119 	
0.95659	0         	0.00021 	0.00116 	-0.00025	0.00259 	0.00116 	0.00116 	0.00000 	0.00116 	
0.95759	0         	0.00021 	0.00107 	-0.00027	0.00243 	0.00105 	0.00105 	0.00000 	0.00105 	
0.95859	0         	0.00021 	0.00106 	-0.00031	0.00243 	0.00101 	0.00101 	0.00000 	0.00101 	
0.95959	0         	0.00021 	0.00104 	-0.00035	0.00243 	0.00097 	0.00097 	0.00000 	0.00097 	
0.96059	0         	0.00021 	0.00104 	-0.00036	0.00243 	0.00096 	0.00096 	0.00000 	0.00096 	
0.96158	0         	0.00021 	0.00101 	-0.00035	0.00236 	0.00093 	0.00093 	0.00000 	0.00093 	
0.96258	0         	0.00021 	0.00097 	-0.00044	0.00236 	0.00084 	0.00084 	0.00000 	0.00084 	
0.96358	0         	0.00021 	0.00097 	-0.00044	0.00236 	0.00084 	0.00084 	0.00000 	0.00084 	
0.96458	0         	0.00021 	0.00095 	-0.00049	0.00236 	0.00079 	0.00079 	0.00000 	0.00079 	
0.96558	0         	0.00021 	0.00088 	-0.00050	0.00220 	0.00071 	0.00071 	0.00000 	0.00071 	
0.96658	0         	0.00021 	0.00085 	-0.00047	0.00212 	0.00070 	0.00070 	0.00000 	0.00070 	
0.96758	0         	0.00021 	0.00085 	-0.00048	0.00212 	0.00069 	0.00069 	0.00000 	0.00069 	
0.96857	0         	0.00021 	0.00080 	-0.00043	0.00196 	0.00065 	0.00065 	0.00000 	0.00065 	
0.96957	0         	0.00021 	0.00080 	-0.00043	0.00196 	0.00065 	0.00065 	0.00000 	0.00065 	
0.97057	0         	0.00021 	0.00058 	-0.00019	0.00126 	0.00054 	0.00054 	0.00000 	0.00054 	
0.97157	0         	0.00021 	0.00058 	-0.00019	0.00126 	0.00054 	0.00054 	0.00000 	0.00054 	
0.97257	0         	0.00021 	0.00052 	-0.00032	0.00126 	0.00041 	0.00041 	0.00000 	0.00041 	
0.97357	0         	0.00014 	0.00048 	-0.00027	0.00118 	0.00039 	0.00039 	0.00000 	0.00039 	
0.97456	0         	0.00014 	0.00048 	-0.00027	0.00118 	0.00039 	0.00039 	0.00000 	0.00039 	
0.97556	0         	0.00014 	0.00048 	-0.00028	0.00118 	0.00038 	0.00038 	0.00000 	0.00038 	
0.97656	0         	0.00014 	0.00047 	-0.00028	0.00118 	0.00037 	0.00037 	0.00000 	0.00037 	
0.97756	0         	0.00014 	0.00047 	-0.00028	0.00118 	0.00037 	0.00037 	0.00000 	0.00037 	
0.97856	0         	0.00014 	0.00047 	-0.00029	0.00118 	0.00037 	0.00037 	0.00000 	0.00037 	
0.97956	0         	0.00014 	0.00047 	-0.00029	0.00118 	0.00037 	0.00037 	0.00000 	0.00037 	
0.98056	0         	0.00014 	0.00047 	-0.00030	0.00118 	0.00036 	0.00036 	0.00000 	0.00036 	
0.98155	0         	0.00007 	0.00033 	-0.00023	0.00086 	0.00024 	0.00024 	0.00000 	0.00024 	
0.98255	0         	0.00007 	0.00023 	-0.00013	0.00055 	0.00018 	0.00018 	0.00000 	0.00018 	
0.98355	0         	0.00007 	0.00023 	-0.00013	0.00055 	0.00018 	0.00018 	0.00000 	0.00018 	
0.98455	0         	0.00007 	0.00022 	-0.00013	0.00055 	0.00018 	0.00018 	0.00000 	0.00018 	
0.98555	0         	0.00007 	0.00022 	-0.00013	0.00055 	0.00018 	0.00018 	0.00000 	0.00018 	
0.98655	0         	0.00007 	0.00022 	-0.00013	0.00055 	0.00018 	0.00018 	0.00000 	0.00018 	
0.98755	0         	0.00000 	0.00012 	-0.00006	0.00031 	0.00010 	0.00010 	0.00000 	0.00010 	
0.98854	0         	0.00000 	0.00012 	-0.00006	0.00031 	0.00010 	0.00010 	0.00000 	0.00010 	
0.98954	0         	0.00000 	0.00004 	inf     	0.00008 	0.00006 	0.00006 	0.00000 	0.00006 	
0.99054	0         	0.00000 	0.00001 	inf     	0.00003 	0.00003 	0.00003 	0.00000 	0.00003 	
0.99154	0         	0.00000 	0.00001 	inf     	0.00002 	0.00002 	0.00002 	0.00000 	0.00002 	
0.99254	0         	0.00000 	0.00000 	inf     	0.00001 	0.00001 	0.00001 	0.00000 	0.00001 	
0.99354	0         	0.00000 	0.00000 	inf     	0.00001 	0.00001 	0.00001 	0.00000 	0.00001 	
0.99454	0         	0.00000 	0.00000 	inf     	0.00001 	0.00001 	0.00001 	0.00000 	0.00001 	
0.99553	0         	0.00000 	0.00000 	inf     	0.00001 	0.00001 	0.00001 	0.00000 	0.00001 	
0.99653	0         	0.00000 	0.00000 	-0.00000	0.00000 	0.00000 	0.00000 	0.00000 	0.00000 	
0.99753	0         	0.00000 	0.00000 	-0.00000	0.00000 	0.00000 	0.00000 	0.00000 	0.00000 	
0.99853	0         	0.00000 	0.00000 	-0.00000	0.00000 	0.00000 	0.00000 	0.00000 	0.00000 	
0.99953	0         	0.00000 	0.00000 	-0.00000	0.00000 	0.00000 	0.00000 	0.00000 	0.00000 	
1.00000	0         	0.00000 	0.00000 	-0.00000	0.00000 	0.00000 	0.00000 	0.00000 	0.00000 	
