ADMU id: 1: F-lost, TF-cost	min-1 mean-1 wmean-1 max-1	min-2 mean-2 wmean-2 max-2	
0.00001	0         	0.07828 	0.27801 	inf     	0.35771 	0.33654 	0.33654 	0.00000 	0.33654 	
0.00101	0         	0.07828 	0.27801 	inf     	0.35771 	0.33654 	0.33654 	0.00000 	0.33654 	
0.00201	0         	0.07828 	0.27801 	inf     	0.35771 	0.33654 	0.33654 	0.00000 	0.33654 	
0.00301	0         	0.07828 	0.27801 	inf     	0.35771 	0.33654 	0.33654 	0.00000 	0.33654 	
0.00400	0         	0.07828 	0.27801 	inf     	0.35771 	0.33654 	0.33654 	0.00000 	0.33654 	
0.00500	0         	0.07828 	0.27801 	inf     	0.35771 	0.33654 	0.33654 	0.00000 	0.33654 	
0.00600	0         	0.07828 	0.27801 	inf     	0.35771 	0.33654 	0.33654 	0.00000 	0.33654 	
0.00700	0         	0.07828 	0.27801 	inf     	0.35771 	0.33654 	0.33654 	0.00000 	0.33654 	
0.00800	0         	0.07828 	0.27801 	inf     	0.35771 	0.33654 	0.33654 	0.00000 	0.33654 	
0.00900	0         	0.07828 	0.27801 	inf     	0.35771 	0.33654 	0.33654 	0.00000 	0.33654 	
0.01000	0         	0.07828 	0.27801 	inf     	0.35771 	0.33654 	0.33654 	0.00000 	0.33654 	
0.01099	0         	0.07828 	0.27801 	inf     	0.35771 	0.33654 	0.33654 	0.00000 	0.33654 	
0.01199	0         	0.07828 	0.27801 	inf     	0.35771 	0.33654 	0.33654 	0.00000 	0.33654 	
0.01299	0         	0.07828 	0.27801 	inf     	0.35771 	0.33654 	0.33654 	0.00000 	0.33654 	
0.01399	0         	0.07828 	0.27801 	inf     	0.35771 	0.33654 	0.33654 	0.00000 	0.33654 	
0.01499	0         	0.07828 	0.27801 	inf     	0.35771 	0.33654 	0.33654 	0.00000 	0.33654 	
0.01599	0         	0.07828 	0.27801 	inf     	0.35771 	0.33654 	0.33654 	0.00000 	0.33654 	
0.01698	0         	0.07828 	0.27801 	inf     	0.35771 	0.33654 	0.33654 	0.00000 	0.33654 	
0.01798	0         	0.07828 	0.27801 	inf     	0.35771 	0.33654 	0.33654 	0.00000 	0.33654 	
0.01898	0         	0.07828 	0.27801 	inf     	0.35771 	0.33654 	0.33654 	0.00000 	0.33654 	
0.01998	0         	0.07828 	0.27801 	inf     	0.35771 	0.33654 	0.33654 	0.00000 	0.33654 	
0.02098	0         	0.07828 	0.27801 	inf     	0.35771 	0.33654 	0.33654 	0.00000 	0.33654 	
0.02198	0         	0.07828 	0.27801 	inf     	0.35771 	0.33654 	0.33654 	0.00000 	0.33654 	
0.02298	0         	0.07828 	0.27801 	inf     	0.35771 	0.33654 	0.33654 	0.00000 	0.33654 	
0.02397	0         	0.07828 	0.27801 	inf     	0.35771 	0.33654 	0.33654 	0.00000 	0.33654 	
0.02497	0         	0.07828 	0.27801 	inf     	0.35771 	0.33654 	0.33654 	0.00000 	0.33654 	
0.02597	0         	0.07828 	0.27801 	inf     	0.35771 	0.33654 	0.33654 	0.00000 	0.33654 	
0.02697	0         	0.07828 	0.27801 	inf     	0.35771 	0.33654 	0.33654 	0.00000 	0.33654 	
0.02797	0         	0.07828 	0.27801 	inf     	0.35771 	0.33654 	0.33654 	0.00000 	0.33654 	
0.02897	0         	0.07828 	0.27801 	inf     	0.35771 	0.33654 	0.33654 	0.00000 	0.33654 	
0.02997	0         	0.07828 	0.27801 	inf     	0.35771 	0.33654 	0.33654 	0.00000 	0.33654 	
0.03096	0         	0.07828 	0.27801 	inf     	0.35771 	0.33654 	0.33654 	0.00000 	0.33654 	
0.03196	0         	0.07828 	0.27801 	inf     	0.35771 	0.33654 	0.33654 	0.00000 	0.33654 	
0.03296	0         	0.07828 	0.27801 	inf     	0.35771 	0.33654 	0.33654 	0.00000 	0.33654 	
0.03396	0         	0.07828 	0.27801 	inf     	0.35771 	0.33654 	0.33654 	0.00000 	0.33654 	
0.03496	0         	0.07828 	0.27801 	inf     	0.35771 	0.33654 	0.33654 	0.00000 	0.33654 	
0.03596	0         	0.07828 	0.27801 	inf     	0.35771 	0.33654 	0.33654 	0.00000 	0.33654 	
0.03696	0         	0.07828 	0.27801 	inf     	0.35771 	0.33654 	0.33654 	0.00000 	0.33654 	
0.03795	0         	0.07828 	0.27801 	inf     	0.35771 	0.33654 	0.33654 	0.00000 	0.33654 	
0.03895	0         	0.07828 	0.27801 	inf     	0.35771 	0.33654 	0.33654 	0.00000 	0.33654 	
0.03995	0         	0.07828 	0.27801 	inf     	0.35771 	0.33654 	0.33654 	0.00000 	0.33654 	
0.04095	0         	0.07828 	0.27801 	inf     	0.35771 	0.33654 	0.33654 	0.00000 	0.33654 	
0.04195	0         	0.07828 	0.27801 	inf     	0.35771 	0.33654 	0.33654 	0.00000 	0.33654 	
0.04295	0         	0.07828 	0.27801 	inf     	0.35771 	0.33654 	0.33654 	0.00000 	0.33654 	
0.04394	0         	0.07828 	0.27801 	inf     	0.35771 	0.33654 	0.33654 	0.00000 	0.33654 	
0.04494	0         	0.07828 	0.27801 	inf     	0.35771 	0.33654 	0.33654 	0.00000 	0.33654 	
0.04594	0         	0.07828 	0.27801 	inf     	0.35771 	0.33654 	0.33654 	0.00000 	0.33654 	
0.04694	0         	0.07828 	0.27801 	inf     	0.35771 	0.33654 	0.33654 	0.00000 	0.33654 	
0.04794	0         	0.07828 	0.27801 	inf     	0.35771 	0.33654 	0.33654 	0.00000 	0.33654 	
0.04894	0         	0.07828 	0.27801 	inf     	0.35771 	0.33654 	0.33654 	0.00000 	0.33654 	
0.04994	0         	0.07828 	0.27801 	inf     	0.35771 	0.33654 	0.33654 	0.00000 	0.33654 	
0.05093	0         	0.07828 	0.27801 	inf     	0.35771 	0.33654 	0.33654 	0.00000 	0.33654 	
0.05193	0         	0.07828 	0.27801 	inf     	0.35771 	0.33654 	0.33654 	0.00000 	0.33654 	
0.05293	0         	0.07828 	0.27801 	inf     	0.35771 	0.33654 	0.33654 	0.00000 	0.33654 	
0.05393	0         	0.07828 	0.27801 	inf     	0.35771 	0.33654 	0.33654 	0.00000 	0.33654 	
0.05493	0         	0.07828 	0.27801 	inf     	0.35771 	0.33654 	0.33654 	0.00000 	0.33654 	
0.05593	0         	0.07828 	0.27801 	inf     	0.35771 	0.33654 	0.33654 	0.00000 	0.33654 	
0.05693	0         	0.07828 	0.27801 	inf     	0.35771 	0.33654 	0.33654 	0.00000 	0.33654 	
0.05792	0         	0.07828 	0.27801 	inf     	0.35771 	0.33654 	0.33654 	0.00000 	0.33654 	
0.05892	0         	0.07828 	0.27801 	inf     	0.35771 	0.33654 	0.33654 	0.00000 	0.33654 	
0.05992	0         	0.07828 	0.27801 	inf     	0.35771 	0.33654 	0.33654 	0.00000 	0.33654 	
0.06092	0         	0.07828 	0.27801 	inf     	0.35771 	0.33654 	0.33654 	0.00000 	0.33654 	
0.06192	0         	0.07828 	0.27801 	inf     	0.35771 	0.33654 	0.33654 	0.00000 	0.33654 	
0.06292	0         	0.07828 	0.27801 	inf     	0.35771 	0.33654 	0.33654 	0.00000 	0.33654 	
0.06392	0         	0.07828 	0.27801 	inf     	0.35771 	0.33654 	0.33654 	0.00000 	0.33654 	
0.06491	0         	0.07828 	0.27801 	inf     	0.35771 	0.33654 	0.33654 	0.00000 	0.33654 	
0.06591	0         	0.07828 	0.27801 	inf     	0.35771 	0.33654 	0.33654 	0.00000 	0.33654 	
0.06691	0         	0.07828 	0.27801 	inf     	0.35771 	0.33654 	0.33654 	0.00000 	0.33654 	
0.06791	0         	0.07828 	0.27801 	inf     	0.35771 	0.33654 	0.33654 	0.00000 	0.33654 	
0.06891	0         	0.07828 	0.27801 	inf     	0.35771 	0.33654 	0.33654 	0.00000 	0.33654 	
0.06991	0         	0.07828 	0.27801 	inf     	0.35771 	0.33654 	0.33654 	0.00000 	0.33654 	
0.07090	0         	0.07828 	0.27801 	inf     	0.35771 	0.33654 	0.33654 	0.00000 	0.33654 	
0.07190	0         	0.07828 	0.27801 	inf     	0.35771 	0.33654 	0.33654 	0.00000 	0.33654 	
0.07290	0         	0.07828 	0.27801 	inf     	0.35771 	0.33654 	0.33654 	0.00000 	0.33654 	
0.07390	0         	0.07828 	0.27801 	inf     	0.35771 	0.33654 	0.33654 	0.00000 	0.33654 	
0.07490	0         	0.07828 	0.27801 	inf     	0.35771 	0.33654 	0.33654 	0.00000 	0.33654 	
0.07590	0         	0.07828 	0.27801 	inf     	0.35771 	0.33654 	0.33654 	0.00000 	0.33654 	
0.07690	0         	0.07828 	0.27801 	inf     	0.35771 	0.33654 	0.33654 	0.00000 	0.33654 	
0.07789	0         	0.07828 	0.27801 	inf     	0.35771 	0.33654 	0.33654 	0.00000 	0.33654 	
0.07889	0         	0.07828 	0.27801 	inf     	0.35771 	0.33654 	0.33654 	0.00000 	0.33654 	
0.07989	0         	0.07828 	0.27801 	inf     	0.35771 	0.33654 	0.33654 	0.00000 	0.33654 	
0.08089	0         	0.07828 	0.27801 	inf     	0.35771 	0.33654 	0.33654 	0.00000 	0.33654 	
0.08189	0         	0.07828 	0.27801 	inf     	0.35771 	0.33654 	0.33654 	0.00000 	0.33654 	
0.08289	0         	0.07828 	0.27801 	inf     	0.35771 	0.33654 	0.33654 	0.00000 	0.33654 	
0.08389	0         	0.07828 	0.27801 	inf     	0.35771 	0.33654 	0.33654 	0.00000 	0.33654 	
0.08488	0         	0.07828 	0.27801 	inf     	0.35771 	0.33654 	0.33654 	0.00000 	0.33654 	
0.08588	0         	0.07828 	0.27801 	inf     	0.35771 	0.33654 	0.33654 	0.00000 	0.33654 	
0.08688	0         	0.07828 	0.27801 	inf     	0.35771 	0.33654 	0.33654 	0.00000 	0.33654 	
0.08788	0         	0.07828 	0.27801 	inf     	0.35771 	0.33654 	0.33654 	0.00000 	0.33654 	
0.08888	0         	0.07828 	0.27801 	inf     	0.35771 	0.33654 	0.33654 	0.00000 	0.33654 	
0.08988	0         	0.07828 	0.27801 	inf     	0.35771 	0.33654 	0.33654 	0.00000 	0.33654 	
0.09088	0         	0.07828 	0.27801 	inf     	0.35771 	0.33654 	0.33654 	0.00000 	0.33654 	
0.09187	0         	0.07828 	0.27801 	inf     	0.35771 	0.33654 	0.33654 	0.00000 	0.33654 	
0.09287	0         	0.07828 	0.27801 	inf     	0.35771 	0.33654 	0.33654 	0.00000 	0.33654 	
0.09387	0         	0.07828 	0.27801 	inf     	0.35771 	0.33654 	0.33654 	0.00000 	0.33654 	
0.09487	0         	0.07828 	0.27801 	inf     	0.35771 	0.33654 	0.33654 	0.00000 	0.33654 	
0.09587	0         	0.07828 	0.27801 	inf     	0.35771 	0.33654 	0.33654 	0.00000 	0.33654 	
0.09687	0         	0.07828 	0.27801 	inf     	0.35771 	0.33654 	0.33654 	0.00000 	0.33654 	
0.09786	0         	0.07828 	0.27801 	inf     	0.35771 	0.33654 	0.33654 	0.00000 	0.33654 	
0.09886	0         	0.07828 	0.27801 	inf     	0.35771 	0.33654 	0.33654 	0.00000 	0.33654 	
0.09986	0         	0.07828 	0.27801 	inf     	0.35771 	0.33654 	0.33654 	0.00000 	0.33654 	
0.10086	0         	0.07828 	0.27801 	inf     	0.35771 	0.33654 	0.33654 	0.00000 	0.33654 	
0.10186	0         	0.07828 	0.27801 	inf     	0.35771 	0.33654 	0.33654 	0.00000 	0.33654 	
0.10286	0         	0.07828 	0.27801 	inf     	0.35771 	0.33654 	0.33654 	0.00000 	0.33654 	
0.10386	0         	0.07828 	0.27801 	inf     	0.35771 	0.33654 	0.33654 	0.00000 	0.33654 	
0.10485	0         	0.07828 	0.27801 	inf     	0.35771 	0.33654 	0.33654 	0.00000 	0.33654 	
0.10585	0         	0.07828 	0.27801 	inf     	0.35771 	0.33654 	0.33654 	0.00000 	0.33654 	
0.10685	0         	0.07828 	0.27801 	inf     	0.35771 	0.33654 	0.33654 	0.00000 	0.33654 	
0.10785	0         	0.07828 	0.27801 	inf     	0.35771 	0.33654 	0.33654 	0.00000 	0.33654 	
0.10885	0         	0.07828 	0.27801 	inf     	0.35771 	0.33654 	0.33654 	0.00000 	0.33654 	
0.10985	0         	0.07828 	0.27801 	inf     	0.35771 	0.33654 	0.33654 	0.00000 	0.33654 	
0.11085	0         	0.07828 	0.27801 	inf     	0.35771 	0.33654 	0.33654 	0.00000 	0.33654 	
0.11184	0         	0.07828 	0.27801 	inf     	0.35771 	0.33654 	0.33654 	0.00000 	0.33654 	
0.11284	0         	0.07828 	0.27801 	inf     	0.35771 	0.33654 	0.33654 	0.00000 	0.33654 	
0.11384	0         	0.07828 	0.27801 	inf     	0.35771 	0.33654 	0.33654 	0.00000 	0.33654 	
0.11484	0         	0.07828 	0.27801 	inf     	0.35771 	0.33654 	0.33654 	0.00000 	0.33654 	
0.11584	0         	0.07828 	0.27801 	inf     	0.35771 	0.33654 	0.33654 	0.00000 	0.33654 	
0.11684	0         	0.07828 	0.27801 	inf     	0.35771 	0.33654 	0.33654 	0.00000 	0.33654 	
0.11784	0         	0.07828 	0.27801 	inf     	0.35771 	0.33654 	0.33654 	0.00000 	0.33654 	
0.11883	0         	0.07828 	0.27801 	inf     	0.35771 	0.33654 	0.33654 	0.00000 	0.33654 	
0.11983	0         	0.07828 	0.27801 	inf     	0.35771 	0.33654 	0.33654 	0.00000 	0.33654 	
0.12083	0         	0.07828 	0.27801 	inf     	0.35771 	0.33654 	0.33654 	0.00000 	0.33654 	
0.12183	0         	0.07828 	0.27801 	inf     	0.35771 	0.33654 	0.33654 	0.00000 	0.33654 	
0.12283	0         	0.07828 	0.27801 	inf     	0.35771 	0.33654 	0.33654 	0.00000 	0.33654 	
0.12383	0         	0.07828 	0.27801 	inf     	0.35771 	0.33654 	0.33654 	0.00000 	0.33654 	
0.12482	0         	0.07828 	0.27801 	inf     	0.35771 	0.33654 	0.33654 	0.00000 	0.33654 	
0.12582	0         	0.07828 	0.27801 	inf     	0.35771 	0.33654 	0.33654 	0.00000 	0.33654 	
0.12682	0         	0.07828 	0.27801 	inf     	0.35771 	0.33654 	0.33654 	0.00000 	0.33654 	
0.12782	0         	0.07828 	0.27801 	inf     	0.35771 	0.33654 	0.33654 	0.00000 	0.33654 	
0.12882	0         	0.07828 	0.27801 	inf     	0.35771 	0.33654 	0.33654 	0.00000 	0.33654 	
0.12982	0         	0.07828 	0.27801 	inf     	0.35771 	0.33654 	0.33654 	0.00000 	0.33654 	
0.13082	0         	0.07828 	0.27801 	inf     	0.35771 	0.33654 	0.33654 	0.00000 	0.33654 	
0.13181	0         	0.07828 	0.27801 	inf     	0.35771 	0.33654 	0.33654 	0.00000 	0.33654 	
0.13281	0         	0.07828 	0.27801 	inf     	0.35771 	0.33654 	0.33654 	0.00000 	0.33654 	
0.13381	0         	0.07828 	0.27801 	inf     	0.35771 	0.33654 	0.33654 	0.00000 	0.33654 	
0.13481	0         	0.07828 	0.27801 	inf     	0.35771 	0.33654 	0.33654 	0.00000 	0.33654 	
0.13581	0         	0.07828 	0.27801 	inf     	0.35771 	0.33654 	0.33654 	0.00000 	0.33654 	
0.13681	0         	0.07828 	0.27801 	inf     	0.35771 	0.33654 	0.33654 	0.00000 	0.33654 	
0.13781	0         	0.07828 	0.27801 	inf     	0.35771 	0.33654 	0.33654 	0.00000 	0.33654 	
0.13880	0         	0.07828 	0.27801 	inf     	0.35771 	0.33654 	0.33654 	0.00000 	0.33654 	
0.13980	0         	0.07828 	0.27801 	inf     	0.35771 	0.33654 	0.33654 	0.00000 	0.33654 	
0.14080	0         	0.07828 	0.27801 	inf     	0.35771 	0.33654 	0.33654 	0.00000 	0.33654 	
0.14180	0         	0.07828 	0.27801 	inf     	0.35771 	0.33654 	0.33654 	0.00000 	0.33654 	
0.14280	0         	0.07828 	0.27801 	inf     	0.35771 	0.33654 	0.33654 	0.00000 	0.33654 	
0.14380	0         	0.07828 	0.27801 	inf     	0.35771 	0.33654 	0.33654 	0.00000 	0.33654 	
0.14480	0         	0.07828 	0.27801 	inf     	0.35771 	0.33654 	0.33654 	0.00000 	0.33654 	
0.14579	0         	0.07828 	0.27801 	inf     	0.35771 	0.33654 	0.33654 	0.00000 	0.33654 	
0.14679	0         	0.07828 	0.27801 	inf     	0.35771 	0.33654 	0.33654 	0.00000 	0.33654 	
0.14779	0         	0.07828 	0.27801 	inf     	0.35771 	0.33654 	0.33654 	0.00000 	0.33654 	
0.14879	0         	0.07828 	0.27801 	inf     	0.35771 	0.33654 	0.33654 	0.00000 	0.33654 	
0.14979	0         	0.07828 	0.27801 	inf     	0.35771 	0.33654 	0.33654 	0.00000 	0.33654 	
0.15079	0         	0.07828 	0.27801 	inf     	0.35771 	0.33654 	0.33654 	0.00000 	0.33654 	
0.15178	0         	0.07828 	0.27801 	inf     	0.35771 	0.33654 	0.33654 	0.00000 	0.33654 	
0.15278	0         	0.07828 	0.27801 	inf     	0.35771 	0.33654 	0.33654 	0.00000 	0.33654 	
0.15378	0         	0.07828 	0.27801 	inf     	0.35771 	0.33654 	0.33654 	0.00000 	0.33654 	
0.15478	0         	0.07828 	0.27801 	inf     	0.35771 	0.33654 	0.33654 	0.00000 	0.33654 	
0.15578	0         	0.07828 	0.27801 	inf     	0.35771 	0.33654 	0.33654 	0.00000 	0.33654 	
0.15678	0         	0.07828 	0.27801 	inf     	0.35771 	0.33654 	0.33654 	0.00000 	0.33654 	
0.15778	0         	0.07828 	0.27801 	inf     	0.35771 	0.33654 	0.33654 	0.00000 	0.33654 	
0.15877	0         	0.07828 	0.27801 	inf     	0.35771 	0.33654 	0.33654 	0.00000 	0.33654 	
0.15977	0         	0.07828 	0.27801 	inf     	0.35771 	0.33654 	0.33654 	0.00000 	0.33654 	
0.16077	0         	0.07828 	0.27801 	inf     	0.35771 	0.33654 	0.33654 	0.00000 	0.33654 	
0.16177	0         	0.07828 	0.27801 	inf     	0.35771 	0.33654 	0.33654 	0.00000 	0.33654 	
0.16277	0         	0.07828 	0.27801 	inf     	0.35771 	0.33654 	0.33654 	0.00000 	0.33654 	
0.16377	0         	0.07828 	0.27801 	inf     	0.35771 	0.33654 	0.33654 	0.00000 	0.33654 	
0.16477	0         	0.07828 	0.27801 	inf     	0.35771 	0.33654 	0.33654 	0.00000 	0.33654 	
0.16576	0         	0.07828 	0.27801 	inf     	0.35771 	0.33654 	0.33654 	0.00000 	0.33654 	
0.16676	0         	0.07828 	0.27801 	inf     	0.35771 	0.33654 	0.33654 	0.00000 	0.33654 	
0.16776	0         	0.07828 	0.27801 	inf     	0.35771 	0.33654 	0.33654 	0.00000 	0.33654 	
0.16876	0         	0.07828 	0.27801 	inf     	0.35771 	0.33654 	0.33654 	0.00000 	0.33654 	
0.16976	0         	0.07828 	0.27801 	inf     	0.35771 	0.33654 	0.33654 	0.00000 	0.33654 	
0.17076	0         	0.07828 	0.27801 	inf     	0.35771 	0.33654 	0.33654 	0.00000 	0.33654 	
0.17176	0         	0.07828 	0.27801 	inf     	0.35771 	0.33654 	0.33654 	0.00000 	0.33654 	
0.17275	0         	0.07828 	0.27801 	inf     	0.35771 	0.33654 	0.33654 	0.00000 	0.33654 	
0.17375	0         	0.07828 	0.27801 	inf     	0.35771 	0.33654 	0.33654 	0.00000 	0.33654 	
0.17475	0         	0.07828 	0.27801 	inf     	0.35771 	0.33654 	0.33654 	0.00000 	0.33654 	
0.17575	0         	0.07828 	0.27801 	inf     	0.35771 	0.33654 	0.33654 	0.00000 	0.33654 	
0.17675	0         	0.07828 	0.27801 	inf     	0.35771 	0.33654 	0.33654 	0.00000 	0.33654 	
0.17775	0         	0.07828 	0.27801 	inf     	0.35771 	0.33654 	0.33654 	0.00000 	0.33654 	
0.17874	0         	0.07828 	0.27801 	inf     	0.35771 	0.33654 	0.33654 	0.00000 	0.33654 	
0.17974	0         	0.07828 	0.27801 	inf     	0.35771 	0.33654 	0.33654 	0.00000 	0.33654 	
0.18074	0         	0.07828 	0.27801 	inf     	0.35771 	0.33654 	0.33654 	0.00000 	0.33654 	
0.18174	0         	0.07828 	0.27801 	inf     	0.35771 	0.33654 	0.33654 	0.00000 	0.33654 	
0.18274	0         	0.07828 	0.27801 	inf     	0.35771 	0.33654 	0.33654 	0.00000 	0.33654 	
0.18374	0         	0.07828 	0.27801 	inf     	0.35771 	0.33654 	0.33654 	0.00000 	0.33654 	
0.18474	0         	0.07828 	0.27801 	inf     	0.35771 	0.33654 	0.33654 	0.00000 	0.33654 	
0.18573	0         	0.07828 	0.27801 	inf     	0.35771 	0.33654 	0.33654 	0.00000 	0.33654 	
0.18673	0         	0.07828 	0.27801 	inf     	0.35771 	0.33654 	0.33654 	0.00000 	0.33654 	
0.18773	0         	0.07828 	0.27801 	inf     	0.35771 	0.33653 	0.33653 	0.00000 	0.33653 	
0.18873	0         	0.07828 	0.27801 	inf     	0.35771 	0.33653 	0.33653 	0.00000 	0.33653 	
0.18973	0         	0.07828 	0.27801 	inf     	0.35771 	0.33653 	0.33653 	0.00000 	0.33653 	
0.19073	0         	0.07828 	0.27801 	inf     	0.35771 	0.33653 	0.33653 	0.00000 	0.33653 	
0.19173	0         	0.07828 	0.27801 	inf     	0.35771 	0.33653 	0.33653 	0.00000 	0.33653 	
0.19272	0         	0.07828 	0.27801 	inf     	0.35771 	0.33653 	0.33653 	0.00000 	0.33653 	
0.19372	0         	0.07828 	0.27801 	inf     	0.35771 	0.33653 	0.33653 	0.00000 	0.33653 	
0.19472	0         	0.07828 	0.27801 	inf     	0.35771 	0.33653 	0.33653 	0.00000 	0.33653 	
0.19572	0         	0.07828 	0.27801 	inf     	0.35771 	0.33653 	0.33653 	0.00000 	0.33653 	
0.19672	0         	0.07828 	0.27801 	inf     	0.35771 	0.33653 	0.33653 	0.00000 	0.33653 	
0.19772	0         	0.07828 	0.27801 	inf     	0.35771 	0.33653 	0.33653 	0.00000 	0.33653 	
0.19872	0         	0.07828 	0.27801 	inf     	0.35771 	0.33653 	0.33653 	0.00000 	0.33653 	
0.19971	0         	0.07828 	0.27801 	inf     	0.35771 	0.33653 	0.33653 	0.00000 	0.33653 	
0.20071	0         	0.07828 	0.27801 	inf     	0.35771 	0.33653 	0.33653 	0.00000 	0.33653 	
0.20171	0         	0.07828 	0.27801 	inf     	0.35771 	0.33653 	0.33653 	0.00000 	0.33653 	
0.20271	0         	0.07828 	0.27801 	inf     	0.35771 	0.33653 	0.33653 	0.00000 	0.33653 	
0.20371	0         	0.07828 	0.27801 	inf     	0.35771 	0.33653 	0.33653 	0.00000 	0.33653 	
0.20471	0         	0.07828 	0.27801 	inf     	0.35771 	0.33653 	0.33653 	0.00000 	0.33653 	
0.20570	0         	0.07828 	0.27801 	inf     	0.35771 	0.33653 	0.33653 	0.00000 	0.33653 	
0.20670	0         	0.07828 	0.27801 	inf     	0.35771 	0.33653 	0.33653 	0.00000 	0.33653 	
0.20770	0         	0.07828 	0.27801 	inf     	0.35771 	0.33653 	0.33653 	0.00000 	0.33653 	
0.20870	0         	0.07828 	0.27801 	inf     	0.35771 	0.33653 	0.33653 	0.00000 	0.33653 	
0.20970	0         	0.07828 	0.27801 	inf     	0.35771 	0.33653 	0.33653 	0.00000 	0.33653 	
0.21070	0         	0.07828 	0.27801 	inf     	0.35771 	0.33653 	0.33653 	0.00000 	0.33653 	
0.21170	0         	0.07828 	0.27801 	inf     	0.35771 	0.33653 	0.33653 	0.00000 	0.33653 	
0.21269	0         	0.07828 	0.27801 	inf     	0.35771 	0.33653 	0.33653 	0.00000 	0.33653 	
0.21369	0         	0.07828 	0.27801 	inf     	0.35771 	0.33653 	0.33653 	0.00000 	0.33653 	
0.21469	0         	0.07828 	0.27801 	inf     	0.35771 	0.33653 	0.33653 	0.00000 	0.33653 	
0.21569	0         	0.07828 	0.27801 	inf     	0.35771 	0.33653 	0.33653 	0.00000 	0.33653 	
0.21669	0         	0.07828 	0.27801 	inf     	0.35771 	0.33653 	0.33653 	0.00000 	0.33653 	
0.21769	0         	0.07828 	0.27801 	inf     	0.35771 	0.33653 	0.33653 	0.00000 	0.33653 	
0.21869	0         	0.07828 	0.27801 	inf     	0.35771 	0.33653 	0.33653 	0.00000 	0.33653 	
0.21968	0         	0.07828 	0.27801 	inf     	0.35771 	0.33653 	0.33653 	0.00000 	0.33653 	
0.22068	0         	0.07828 	0.27801 	inf     	0.35771 	0.33653 	0.33653 	0.00000 	0.33653 	
0.22168	0         	0.07828 	0.27801 	inf     	0.35771 	0.33653 	0.33653 	0.00000 	0.33653 	
0.22268	0         	0.07828 	0.27801 	inf     	0.35771 	0.33653 	0.33653 	0.00000 	0.33653 	
0.22368	0         	0.07828 	0.27801 	inf     	0.35771 	0.33653 	0.33653 	0.00000 	0.33653 	
0.22468	0         	0.07828 	0.27801 	inf     	0.35771 	0.33653 	0.33653 	0.00000 	0.33653 	
0.22568	0         	0.07828 	0.27801 	inf     	0.35771 	0.33653 	0.33653 	0.00000 	0.33653 	
0.22667	0         	0.07828 	0.27801 	inf     	0.35771 	0.33652 	0.33652 	0.00000 	0.33652 	
0.22767	0         	0.07828 	0.27801 	inf     	0.35771 	0.33652 	0.33652 	0.00000 	0.33652 	
0.22867	0         	0.07828 	0.27801 	inf     	0.35771 	0.33652 	0.33652 	0.00000 	0.33652 	
0.22967	0         	0.07828 	0.27801 	inf     	0.35771 	0.33652 	0.33652 	0.00000 	0.33652 	
0.23067	0         	0.07828 	0.27801 	inf     	0.35771 	0.33652 	0.33652 	0.00000 	0.33652 	
0.23167	0         	0.07828 	0.27801 	inf     	0.35771 	0.33652 	0.33652 	0.00000 	0.33652 	
0.23266	0         	0.07828 	0.27801 	inf     	0.35771 	0.33652 	0.33652 	0.00000 	0.33652 	
0.23366	0         	0.07828 	0.27801 	inf     	0.35771 	0.33652 	0.33652 	0.00000 	0.33652 	
0.23466	0         	0.07828 	0.27801 	inf     	0.35771 	0.33652 	0.33652 	0.00000 	0.33652 	
0.23566	0         	0.07828 	0.27801 	inf     	0.35771 	0.33652 	0.33652 	0.00000 	0.33652 	
0.23666	0         	0.07828 	0.27801 	inf     	0.35771 	0.33652 	0.33652 	0.00000 	0.33652 	
0.23766	0         	0.07828 	0.27801 	inf     	0.35771 	0.33652 	0.33652 	0.00000 	0.33652 	
0.23866	0         	0.07828 	0.27801 	inf     	0.35771 	0.33652 	0.33652 	0.00000 	0.33652 	
0.23965	0         	0.07828 	0.27801 	inf     	0.35771 	0.33652 	0.33652 	0.00000 	0.33652 	
0.24065	0         	0.07828 	0.27801 	inf     	0.35771 	0.33652 	0.33652 	0.00000 	0.33652 	
0.24165	0         	0.07828 	0.27801 	inf     	0.35771 	0.33652 	0.33652 	0.00000 	0.33652 	
0.24265	0         	0.07828 	0.27801 	inf     	0.35771 	0.33652 	0.33652 	0.00000 	0.33652 	
0.24365	0         	0.07828 	0.27801 	inf     	0.35771 	0.33651 	0.33651 	0.00000 	0.33651 	
0.24465	0         	0.07828 	0.27801 	inf     	0.35771 	0.33651 	0.33651 	0.00000 	0.33651 	
0.24565	0         	0.07828 	0.27801 	inf     	0.35771 	0.33651 	0.33651 	0.00000 	0.33651 	
0.24664	0         	0.07828 	0.27801 	inf     	0.35771 	0.33651 	0.33651 	0.00000 	0.33651 	
0.24764	0         	0.07828 	0.27801 	inf     	0.35771 	0.33651 	0.33651 	0.00000 	0.33651 	
0.24864	0         	0.07828 	0.27801 	inf     	0.35771 	0.33651 	0.33651 	0.00000 	0.33651 	
0.24964	0         	0.07828 	0.27801 	inf     	0.35771 	0.33651 	0.33651 	0.00000 	0.33651 	
0.25064	0         	0.07828 	0.27801 	inf     	0.35771 	0.33651 	0.33651 	0.00000 	0.33651 	
0.25164	0         	0.07828 	0.27801 	inf     	0.35771 	0.33651 	0.33651 	0.00000 	0.33651 	
0.25264	0         	0.07828 	0.27801 	inf     	0.35771 	0.33651 	0.33651 	0.00000 	0.33651 	
0.25363	0         	0.07828 	0.27801 	inf     	0.35771 	0.33651 	0.33651 	0.00000 	0.33651 	
0.25463	0         	0.07828 	0.27801 	inf     	0.35771 	0.33651 	0.33651 	0.00000 	0.33651 	
0.25563	0         	0.07828 	0.27801 	inf     	0.35771 	0.33651 	0.33651 	0.00000 	0.33651 	
0.25663	0         	0.07828 	0.27800 	inf     	0.35771 	0.33651 	0.33651 	0.00000 	0.33651 	
0.25763	0         	0.07828 	0.27800 	inf     	0.35771 	0.33651 	0.33651 	0.00000 	0.33651 	
0.25863	0         	0.07828 	0.27800 	inf     	0.35771 	0.33651 	0.33651 	0.00000 	0.33651 	
0.25962	0         	0.07828 	0.27800 	inf     	0.35771 	0.33651 	0.33651 	0.00000 	0.33651 	
0.26062	0         	0.07828 	0.27800 	inf     	0.35771 	0.33651 	0.33651 	0.00000 	0.33651 	
0.26162	0         	0.07828 	0.27800 	inf     	0.35771 	0.33651 	0.33651 	0.00000 	0.33651 	
0.26262	0         	0.07828 	0.27800 	inf     	0.35771 	0.33651 	0.33651 	0.00000 	0.33651 	
0.26362	0         	0.07828 	0.27800 	inf     	0.35771 	0.33651 	0.33651 	0.00000 	0.33651 	
0.26462	0         	0.07828 	0.27800 	inf     	0.35771 	0.33651 	0.33651 	0.00000 	0.33651 	
0.26562	0         	0.07828 	0.27800 	inf     	0.35771 	0.33651 	0.33651 	0.00000 	0.33651 	
0.26661	0         	0.07828 	0.27800 	inf     	0.35771 	0.33651 	0.33651 	0.00000 	0.33651 	
0.26761	0         	0.07828 	0.27800 	inf     	0.35771 	0.33651 	0.33651 	0.00000 	0.33651 	
0.26861	0         	0.07828 	0.27800 	inf     	0.35771 	0.33651 	0.33651 	0.00000 	0.33651 	
0.26961	0         	0.07828 	0.27800 	inf     	0.35771 	0.33651 	0.33651 	0.00000 	0.33651 	
0.27061	0         	0.07828 	0.27800 	inf     	0.35771 	0.33651 	0.33651 	0.00000 	0.33651 	
0.27161	0         	0.07828 	0.27800 	inf     	0.35771 	0.33651 	0.33651 	0.00000 	0.33651 	
0.27261	0         	0.07828 	0.27800 	inf     	0.35771 	0.33651 	0.33651 	0.00000 	0.33651 	
0.27360	0         	0.07828 	0.27800 	inf     	0.35771 	0.33651 	0.33651 	0.00000 	0.33651 	
0.27460	0         	0.07828 	0.27800 	inf     	0.35771 	0.33651 	0.33651 	0.00000 	0.33651 	
0.27560	0         	0.07828 	0.27800 	inf     	0.35771 	0.33650 	0.33650 	0.00000 	0.33650 	
0.27660	0         	0.07828 	0.27800 	inf     	0.35771 	0.33650 	0.33650 	0.00000 	0.33650 	
0.27760	0         	0.07828 	0.27800 	inf     	0.35771 	0.33650 	0.33650 	0.00000 	0.33650 	
0.27860	0         	0.07828 	0.27800 	inf     	0.35771 	0.33650 	0.33650 	0.00000 	0.33650 	
0.27960	0         	0.07828 	0.27800 	inf     	0.35771 	0.33650 	0.33650 	0.00000 	0.33650 	
0.28059	0         	0.07828 	0.27800 	inf     	0.35771 	0.33650 	0.33650 	0.00000 	0.33650 	
0.28159	0         	0.07828 	0.27800 	inf     	0.35771 	0.33650 	0.33650 	0.00000 	0.33650 	
0.28259	0         	0.07828 	0.27800 	inf     	0.35771 	0.33650 	0.33650 	0.00000 	0.33650 	
0.28359	0         	0.07828 	0.27800 	inf     	0.35771 	0.33650 	0.33650 	0.00000 	0.33650 	
0.28459	0         	0.07828 	0.27800 	inf     	0.35771 	0.33650 	0.33650 	0.00000 	0.33650 	
0.28559	0         	0.07828 	0.27800 	inf     	0.35771 	0.33650 	0.33650 	0.00000 	0.33650 	
0.28658	0         	0.07828 	0.27800 	inf     	0.35771 	0.33650 	0.33650 	0.00000 	0.33650 	
0.28758	0         	0.07828 	0.27800 	inf     	0.35771 	0.33650 	0.33650 	0.00000 	0.33650 	
0.28858	0         	0.07828 	0.27800 	inf     	0.35771 	0.33650 	0.33650 	0.00000 	0.33650 	
0.28958	0         	0.07828 	0.27800 	inf     	0.35771 	0.33650 	0.33650 	0.00000 	0.33650 	
0.29058	0         	0.07828 	0.27800 	inf     	0.35771 	0.33650 	0.33650 	0.00000 	0.33650 	
0.29158	0         	0.07828 	0.27800 	inf     	0.35771 	0.33650 	0.33650 	0.00000 	0.33650 	
0.29258	0         	0.07828 	0.27800 	inf     	0.35771 	0.33650 	0.33650 	0.00000 	0.33650 	
0.29357	0         	0.07828 	0.27800 	inf     	0.35771 	0.33650 	0.33650 	0.00000 	0.33650 	
0.29457	0         	0.07828 	0.27800 	inf     	0.35771 	0.33650 	0.33650 	0.00000 	0.33650 	
0.29557	0         	0.07828 	0.27800 	inf     	0.35771 	0.33650 	0.33650 	0.00000 	0.33650 	
0.29657	0         	0.07828 	0.27800 	inf     	0.35771 	0.33650 	0.33650 	0.00000 	0.33650 	
0.29757	0         	0.07828 	0.27800 	inf     	0.35771 	0.33650 	0.33650 	0.00000 	0.33650 	
0.29857	0         	0.07828 	0.27800 	inf     	0.35771 	0.33650 	0.33650 	0.00000 	0.33650 	
0.29957	0         	0.07828 	0.27800 	inf     	0.35771 	0.33650 	0.33650 	0.00000 	0.33650 	
0.30056	0         	0.07828 	0.27800 	inf     	0.35771 	0.33649 	0.33649 	0.00000 	0.33649 	
0.30156	0         	0.07828 	0.27800 	inf     	0.35771 	0.33649 	0.33649 	0.00000 	0.33649 	
0.30256	0         	0.07828 	0.27800 	inf     	0.35771 	0.33649 	0.33649 	0.00000 	0.33649 	
0.30356	0         	0.07828 	0.27800 	inf     	0.35771 	0.33649 	0.33649 	0.00000 	0.33649 	
0.30456	0         	0.07828 	0.27800 	inf     	0.35771 	0.33649 	0.33649 	0.00000 	0.33649 	
0.30556	0         	0.07828 	0.27800 	inf     	0.35771 	0.33649 	0.33649 	0.00000 	0.33649 	
0.30656	0         	0.07828 	0.27800 	inf     	0.35771 	0.33649 	0.33649 	0.00000 	0.33649 	
0.30755	0         	0.07828 	0.27800 	inf     	0.35771 	0.33649 	0.33649 	0.00000 	0.33649 	
0.30855	0         	0.07828 	0.27800 	inf     	0.35771 	0.33649 	0.33649 	0.00000 	0.33649 	
0.30955	0         	0.07828 	0.27800 	inf     	0.35771 	0.33649 	0.33649 	0.00000 	0.33649 	
0.31055	0         	0.07828 	0.27800 	inf     	0.35771 	0.33649 	0.33649 	0.00000 	0.33649 	
0.31155	0         	0.07828 	0.27800 	inf     	0.35771 	0.33649 	0.33649 	0.00000 	0.33649 	
0.31255	0         	0.07828 	0.27800 	inf     	0.35771 	0.33649 	0.33649 	0.00000 	0.33649 	
0.31354	0         	0.07828 	0.27800 	inf     	0.35771 	0.33649 	0.33649 	0.00000 	0.33649 	
0.31454	0         	0.07828 	0.27800 	inf     	0.35771 	0.33649 	0.33649 	0.00000 	0.33649 	
0.31554	0         	0.07828 	0.27800 	inf     	0.35771 	0.33649 	0.33649 	0.00000 	0.33649 	
0.31654	0         	0.07828 	0.27800 	inf     	0.35771 	0.33649 	0.33649 	0.00000 	0.33649 	
0.31754	0         	0.07828 	0.27800 	inf     	0.35771 	0.33649 	0.33649 	0.00000 	0.33649 	
0.31854	0         	0.07828 	0.27800 	inf     	0.35771 	0.33649 	0.33649 	0.00000 	0.33649 	
0.31954	0         	0.07828 	0.27800 	inf     	0.35771 	0.33649 	0.33649 	0.00000 	0.33649 	
0.32053	0         	0.07828 	0.27800 	inf     	0.35771 	0.33649 	0.33649 	0.00000 	0.33649 	
0.32153	0         	0.07828 	0.27800 	inf     	0.35771 	0.33649 	0.33649 	0.00000 	0.33649 	
0.32253	0         	0.07828 	0.27800 	inf     	0.35771 	0.33649 	0.33649 	0.00000 	0.33649 	
0.32353	0         	0.07828 	0.27800 	inf     	0.35771 	0.33649 	0.33649 	0.00000 	0.33649 	
0.32453	0         	0.07828 	0.27800 	inf     	0.35771 	0.33649 	0.33649 	0.00000 	0.33649 	
0.32553	0         	0.07828 	0.27800 	inf     	0.35771 	0.33649 	0.33649 	0.00000 	0.33649 	
0.32653	0         	0.07828 	0.27800 	inf     	0.35771 	0.33649 	0.33649 	0.00000 	0.33649 	
0.32752	0         	0.07828 	0.27800 	inf     	0.35771 	0.33649 	0.33649 	0.00000 	0.33649 	
0.32852	0         	0.07828 	0.27800 	inf     	0.35771 	0.33649 	0.33649 	0.00000 	0.33649 	
0.32952	0         	0.07828 	0.27800 	inf     	0.35771 	0.33649 	0.33649 	0.00000 	0.33649 	
0.33052	0         	0.07828 	0.27800 	inf     	0.35771 	0.33648 	0.33648 	0.00000 	0.33648 	
0.33152	0         	0.07828 	0.27800 	inf     	0.35771 	0.33648 	0.33648 	0.00000 	0.33648 	
0.33252	0         	0.07828 	0.27800 	inf     	0.35771 	0.33648 	0.33648 	0.00000 	0.33648 	
0.33352	0         	0.07828 	0.27800 	inf     	0.35771 	0.33648 	0.33648 	0.00000 	0.33648 	
0.33451	0         	0.07828 	0.27800 	inf     	0.35771 	0.33648 	0.33648 	0.00000 	0.33648 	
0.33551	0         	0.07828 	0.27800 	inf     	0.35771 	0.33648 	0.33648 	0.00000 	0.33648 	
0.33651	0         	0.07828 	0.27800 	inf     	0.35771 	0.33648 	0.33648 	0.00000 	0.33648 	
0.33751	0         	0.07828 	0.27800 	inf     	0.35771 	0.33648 	0.33648 	0.00000 	0.33648 	
0.33851	0         	0.07828 	0.27800 	inf     	0.35771 	0.33648 	0.33648 	0.00000 	0.33648 	
0.33951	0         	0.07828 	0.27800 	inf     	0.35771 	0.33648 	0.33648 	0.00000 	0.33648 	
0.34050	0         	0.07828 	0.27800 	inf     	0.35771 	0.33648 	0.33648 	0.00000 	0.33648 	
0.34150	0         	0.07828 	0.27800 	inf     	0.35771 	0.33648 	0.33648 	0.00000 	0.33648 	
0.34250	0         	0.07828 	0.27800 	inf     	0.35771 	0.33648 	0.33648 	0.00000 	0.33648 	
0.34350	0         	0.07828 	0.27800 	inf     	0.35771 	0.33648 	0.33648 	0.00000 	0.33648 	
0.34450	0         	0.07828 	0.27800 	inf     	0.35771 	0.33648 	0.33648 	0.00000 	0.33648 	
0.34550	0         	0.07828 	0.27800 	inf     	0.35771 	0.33648 	0.33648 	0.00000 	0.33648 	
0.34650	0         	0.07828 	0.27800 	inf     	0.35771 	0.33648 	0.33648 	0.00000 	0.33648 	
0.34749	0         	0.07828 	0.27800 	inf     	0.35771 	0.33648 	0.33648 	0.00000 	0.33648 	
0.34849	0         	0.07828 	0.27800 	inf     	0.35771 	0.33648 	0.33648 	0.00000 	0.33648 	
0.34949	0         	0.07828 	0.27800 	inf     	0.35771 	0.33648 	0.33648 	0.00000 	0.33648 	
0.35049	0         	0.07828 	0.27800 	inf     	0.35771 	0.33648 	0.33648 	0.00000 	0.33648 	
0.35149	0         	0.07828 	0.27800 	inf     	0.35771 	0.33648 	0.33648 	0.00000 	0.33648 	
0.35249	0         	0.07828 	0.27800 	inf     	0.35771 	0.33648 	0.33648 	0.00000 	0.33648 	
0.35349	0         	0.07828 	0.27800 	inf     	0.35771 	0.33648 	0.33648 	0.00000 	0.33648 	
0.35448	0         	0.07828 	0.27800 	inf     	0.35771 	0.33647 	0.33647 	0.00000 	0.33647 	
0.35548	0         	0.07828 	0.27800 	inf     	0.35771 	0.33647 	0.33647 	0.00000 	0.33647 	
0.35648	0         	0.07828 	0.27800 	inf     	0.35771 	0.33647 	0.33647 	0.00000 	0.33647 	
0.35748	0         	0.07828 	0.27800 	inf     	0.35771 	0.33647 	0.33647 	0.00000 	0.33647 	
0.35848	0         	0.07828 	0.27800 	inf     	0.35771 	0.33647 	0.33647 	0.00000 	0.33647 	
0.35948	0         	0.07828 	0.27800 	inf     	0.35771 	0.33647 	0.33647 	0.00000 	0.33647 	
0.36048	0         	0.07828 	0.27800 	inf     	0.35771 	0.33647 	0.33647 	0.00000 	0.33647 	
0.36147	0         	0.07828 	0.27800 	inf     	0.35771 	0.33647 	0.33647 	0.00000 	0.33647 	
0.36247	0         	0.07828 	0.27800 	inf     	0.35771 	0.33647 	0.33647 	0.00000 	0.33647 	
0.36347	0         	0.07828 	0.27800 	inf     	0.35771 	0.33647 	0.33647 	0.00000 	0.33647 	
0.36447	0         	0.07828 	0.27800 	inf     	0.35771 	0.33647 	0.33647 	0.00000 	0.33647 	
0.36547	0         	0.07828 	0.27800 	inf     	0.35771 	0.33647 	0.33647 	0.00000 	0.33647 	
0.36647	0         	0.07828 	0.27800 	inf     	0.35771 	0.33647 	0.33647 	0.00000 	0.33647 	
0.36746	0         	0.07828 	0.27800 	inf     	0.35771 	0.33647 	0.33647 	0.00000 	0.33647 	
0.36846	0         	0.07828 	0.27800 	inf     	0.35771 	0.33647 	0.33647 	0.00000 	0.33647 	
0.36946	0         	0.07828 	0.27799 	inf     	0.35771 	0.33647 	0.33647 	0.00000 	0.33647 	
0.37046	0         	0.07828 	0.27799 	inf     	0.35771 	0.33647 	0.33647 	0.00000 	0.33647 	
0.37146	0         	0.07828 	0.27799 	inf     	0.35771 	0.33647 	0.33647 	0.00000 	0.33647 	
0.37246	0         	0.07828 	0.27799 	inf     	0.35771 	0.33647 	0.33647 	0.00000 	0.33647 	
0.37346	0         	0.07828 	0.27799 	inf     	0.35771 	0.33647 	0.33647 	0.00000 	0.33647 	
0.37445	0         	0.07828 	0.27799 	inf     	0.35771 	0.33647 	0.33647 	0.00000 	0.33647 	
0.37545	0         	0.07828 	0.27799 	inf     	0.35771 	0.33646 	0.33646 	0.00000 	0.33646 	
0.37645	0         	0.07828 	0.27799 	inf     	0.35771 	0.33646 	0.33646 	0.00000 	0.33646 	
0.37745	0         	0.07828 	0.27799 	inf     	0.35771 	0.33646 	0.33646 	0.00000 	0.33646 	
0.37845	0         	0.07828 	0.27799 	inf     	0.35771 	0.33646 	0.33646 	0.00000 	0.33646 	
0.37945	0         	0.07828 	0.27799 	inf     	0.35771 	0.33646 	0.33646 	0.00000 	0.33646 	
0.38045	0         	0.07828 	0.27799 	inf     	0.35771 	0.33646 	0.33646 	0.00000 	0.33646 	
0.38144	0         	0.07828 	0.27799 	inf     	0.35771 	0.33646 	0.33646 	0.00000 	0.33646 	
0.38244	0         	0.07828 	0.27799 	inf     	0.35771 	0.33646 	0.33646 	0.00000 	0.33646 	
0.38344	0         	0.07828 	0.27799 	inf     	0.35771 	0.33646 	0.33646 	0.00000 	0.33646 	
0.38444	0         	0.07828 	0.27799 	inf     	0.35771 	0.33646 	0.33646 	0.00000 	0.33646 	
0.38544	0         	0.07828 	0.27799 	inf     	0.35771 	0.33646 	0.33646 	0.00000 	0.33646 	
0.38644	0         	0.07828 	0.27799 	inf     	0.35771 	0.33646 	0.33646 	0.00000 	0.33646 	
0.38744	0         	0.07828 	0.27799 	inf     	0.35771 	0.33646 	0.33646 	0.00000 	0.33646 	
0.38843	0         	0.07828 	0.27799 	inf     	0.35771 	0.33646 	0.33646 	0.00000 	0.33646 	
0.38943	0         	0.07828 	0.27799 	inf     	0.35771 	0.33646 	0.33646 	0.00000 	0.33646 	
0.39043	0         	0.07828 	0.27799 	inf     	0.35771 	0.33646 	0.33646 	0.00000 	0.33646 	
0.39143	0         	0.07828 	0.27799 	inf     	0.35771 	0.33645 	0.33645 	0.00000 	0.33645 	
0.39243	0         	0.07828 	0.27799 	inf     	0.35771 	0.33645 	0.33645 	0.00000 	0.33645 	
0.39343	0         	0.07828 	0.27799 	inf     	0.35771 	0.33645 	0.33645 	0.00000 	0.33645 	
0.39443	0         	0.07828 	0.27799 	inf     	0.35771 	0.33645 	0.33645 	0.00000 	0.33645 	
0.39542	0         	0.07828 	0.27799 	inf     	0.35771 	0.33645 	0.33645 	0.00000 	0.33645 	
0.39642	0         	0.07828 	0.27799 	inf     	0.35771 	0.33645 	0.33645 	0.00000 	0.33645 	
0.39742	0         	0.07828 	0.27799 	inf     	0.35771 	0.33645 	0.33645 	0.00000 	0.33645 	
0.39842	0         	0.07828 	0.27799 	inf     	0.35771 	0.33645 	0.33645 	0.00000 	0.33645 	
0.39942	0         	0.07828 	0.27799 	inf     	0.35771 	0.33645 	0.33645 	0.00000 	0.33645 	
0.40042	0         	0.07828 	0.27799 	inf     	0.35771 	0.33645 	0.33645 	0.00000 	0.33645 	
0.40141	0         	0.07828 	0.27799 	inf     	0.35771 	0.33645 	0.33645 	0.00000 	0.33645 	
0.40241	0         	0.07828 	0.27799 	inf     	0.35771 	0.33645 	0.33645 	0.00000 	0.33645 	
0.40341	0         	0.07828 	0.27799 	inf     	0.35771 	0.33645 	0.33645 	0.00000 	0.33645 	
0.40441	0         	0.07828 	0.27799 	inf     	0.35771 	0.33644 	0.33644 	0.00000 	0.33644 	
0.40541	0         	0.07828 	0.27799 	inf     	0.35771 	0.33644 	0.33644 	0.00000 	0.33644 	
0.40641	0         	0.07828 	0.27799 	inf     	0.35771 	0.33644 	0.33644 	0.00000 	0.33644 	
0.40741	0         	0.07828 	0.27799 	inf     	0.35771 	0.33644 	0.33644 	0.00000 	0.33644 	
0.40840	0         	0.07828 	0.27799 	inf     	0.35771 	0.33644 	0.33644 	0.00000 	0.33644 	
0.40940	0         	0.07828 	0.27799 	inf     	0.35771 	0.33644 	0.33644 	0.00000 	0.33644 	
0.41040	0         	0.07828 	0.27799 	inf     	0.35771 	0.33644 	0.33644 	0.00000 	0.33644 	
0.41140	0         	0.07828 	0.27799 	inf     	0.35771 	0.33644 	0.33644 	0.00000 	0.33644 	
0.41240	0         	0.07828 	0.27799 	inf     	0.35771 	0.33643 	0.33643 	0.00000 	0.33643 	
0.41340	0         	0.07828 	0.27798 	inf     	0.35771 	0.33643 	0.33643 	0.00000 	0.33643 	
0.41440	0         	0.07828 	0.27798 	inf     	0.35771 	0.33643 	0.33643 	0.00000 	0.33643 	
0.41539	0         	0.07828 	0.27798 	inf     	0.35771 	0.33643 	0.33643 	0.00000 	0.33643 	
0.41639	0         	0.07828 	0.27798 	inf     	0.35771 	0.33643 	0.33643 	0.00000 	0.33643 	
0.41739	0         	0.07828 	0.27798 	inf     	0.35771 	0.33642 	0.33642 	0.00000 	0.33642 	
0.41839	0         	0.07828 	0.27798 	inf     	0.35771 	0.33642 	0.33642 	0.00000 	0.33642 	
0.41939	0         	0.07828 	0.27798 	inf     	0.35771 	0.33642 	0.33642 	0.00000 	0.33642 	
0.42039	0         	0.07828 	0.27798 	inf     	0.35771 	0.33642 	0.33642 	0.00000 	0.33642 	
0.42139	0         	0.07828 	0.27798 	inf     	0.35771 	0.33642 	0.33642 	0.00000 	0.33642 	
0.42238	0         	0.07828 	0.27798 	inf     	0.35771 	0.33642 	0.33642 	0.00000 	0.33642 	
0.42338	0         	0.07828 	0.27798 	inf     	0.35771 	0.33642 	0.33642 	0.00000 	0.33642 	
0.42438	0         	0.07828 	0.27798 	inf     	0.35771 	0.33641 	0.33641 	0.00000 	0.33641 	
0.42538	0         	0.07828 	0.27798 	inf     	0.35771 	0.33641 	0.33641 	0.00000 	0.33641 	
0.42638	0         	0.07828 	0.27798 	inf     	0.35771 	0.33641 	0.33641 	0.00000 	0.33641 	
0.42738	0         	0.07828 	0.27798 	inf     	0.35771 	0.33641 	0.33641 	0.00000 	0.33641 	
0.42837	0         	0.07828 	0.27798 	inf     	0.35771 	0.33641 	0.33641 	0.00000 	0.33641 	
0.42937	0         	0.07828 	0.27798 	inf     	0.35771 	0.33640 	0.33640 	0.00000 	0.33640 	
0.43037	0         	0.07828 	0.27798 	inf     	0.35771 	0.33640 	0.33640 	0.00000 	0.33640 	
0.43137	0         	0.07828 	0.27798 	inf     	0.35771 	0.33640 	0.33640 	0.00000 	0.33640 	
0.43237	0         	0.07828 	0.27798 	inf     	0.35771 	0.33640 	0.33640 	0.00000 	0.33640 	
0.43337	0         	0.07828 	0.27798 	inf     	0.35771 	0.33640 	0.33640 	0.00000 	0.33640 	
0.43437	0         	0.07828 	0.27798 	inf     	0.35771 	0.33640 	0.33640 	0.00000 	0.33640 	
0.43536	0         	0.07828 	0.27798 	inf     	0.35771 	0.33640 	0.33640 	0.00000 	0.33640 	
0.43636	0         	0.07828 	0.27798 	inf     	0.35771 	0.33640 	0.33640 	0.00000 	0.33640 	
0.43736	0         	0.07828 	0.27798 	inf     	0.35771 	0.33639 	0.33639 	0.00000 	0.33639 	
0.43836	0         	0.07828 	0.27798 	inf     	0.35771 	0.33639 	0.33639 	0.00000 	0.33639 	
0.43936	0         	0.07828 	0.27798 	inf     	0.35771 	0.33639 	0.33639 	0.00000 	0.33639 	
0.44036	0         	0.07828 	0.27798 	inf     	0.35771 	0.33639 	0.33639 	0.00000 	0.33639 	
0.44136	0         	0.07828 	0.27797 	inf     	0.35771 	0.33638 	0.33638 	0.00000 	0.33638 	
0.44235	0         	0.07828 	0.27797 	inf     	0.35771 	0.33638 	0.33638 	0.00000 	0.33638 	
0.44335	0         	0.07828 	0.27797 	inf     	0.35771 	0.33638 	0.33638 	0.00000 	0.33638 	
0.44435	0         	0.07828 	0.27797 	inf     	0.35771 	0.33638 	0.33638 	0.00000 	0.33638 	
0.44535	0         	0.07828 	0.27797 	inf     	0.35771 	0.33638 	0.33638 	0.00000 	0.33638 	
0.44635	0         	0.07828 	0.27797 	inf     	0.35771 	0.33638 	0.33638 	0.00000 	0.33638 	
0.44735	0         	0.07828 	0.27797 	inf     	0.35771 	0.33638 	0.33638 	0.00000 	0.33638 	
0.44835	0         	0.07828 	0.27797 	inf     	0.35771 	0.33638 	0.33638 	0.00000 	0.33638 	
0.44934	0         	0.07828 	0.27797 	inf     	0.35771 	0.33638 	0.33638 	0.00000 	0.33638 	
0.45034	0         	0.07828 	0.27797 	inf     	0.35771 	0.33638 	0.33638 	0.00000 	0.33638 	
0.45134	0         	0.07828 	0.27797 	inf     	0.35771 	0.33638 	0.33638 	0.00000 	0.33638 	
0.45234	0         	0.07828 	0.27797 	inf     	0.35771 	0.33638 	0.33638 	0.00000 	0.33638 	
0.45334	0         	0.07828 	0.27797 	inf     	0.35771 	0.33637 	0.33637 	0.00000 	0.33637 	
0.45434	0         	0.07828 	0.27797 	inf     	0.35771 	0.33637 	0.33637 	0.00000 	0.33637 	
0.45533	0         	0.07828 	0.27797 	inf     	0.35771 	0.33637 	0.33637 	0.00000 	0.33637 	
0.45633	0         	0.07828 	0.27797 	inf     	0.35771 	0.33637 	0.33637 	0.00000 	0.33637 	
0.45733	0         	0.07828 	0.27797 	inf     	0.35771 	0.33637 	0.33637 	0.00000 	0.33637 	
0.45833	0         	0.07828 	0.27797 	inf     	0.35771 	0.33637 	0.33637 	0.00000 	0.33637 	
0.45933	0         	0.07828 	0.27797 	inf     	0.35771 	0.33637 	0.33637 	0.00000 	0.33637 	
0.46033	0         	0.07828 	0.27797 	inf     	0.35771 	0.33637 	0.33637 	0.00000 	0.33637 	
0.46133	0         	0.07828 	0.27797 	inf     	0.35771 	0.33637 	0.33637 	0.00000 	0.33637 	
0.46232	0         	0.07828 	0.27797 	inf     	0.35771 	0.33637 	0.33637 	0.00000 	0.33637 	
0.46332	0         	0.07828 	0.27797 	inf     	0.35771 	0.33637 	0.33637 	0.00000 	0.33637 	
0.46432	0         	0.07828 	0.27797 	inf     	0.35771 	0.33637 	0.33637 	0.00000 	0.33637 	
0.46532	0         	0.07828 	0.27797 	inf     	0.35771 	0.33637 	0.33637 	0.00000 	0.33637 	
0.46632	0         	0.07828 	0.27797 	inf     	0.35771 	0.33636 	0.33636 	0.00000 	0.33636 	
0.46732	0         	0.07828 	0.27797 	inf     	0.35771 	0.33636 	0.33636 	0.00000 	0.33636 	
0.46832	0         	0.07828 	0.27797 	inf     	0.35771 	0.33636 	0.33636 	0.00000 	0.33636 	
0.46931	0         	0.07828 	0.27797 	inf     	0.35771 	0.33636 	0.33636 	0.00000 	0.33636 	
0.47031	0         	0.07828 	0.27797 	inf     	0.35771 	0.33636 	0.33636 	0.00000 	0.33636 	
0.47131	0         	0.07828 	0.27797 	inf     	0.35771 	0.33636 	0.33636 	0.00000 	0.33636 	
0.47231	0         	0.07828 	0.27797 	inf     	0.35771 	0.33636 	0.33636 	0.00000 	0.33636 	
0.47331	0         	0.07828 	0.27797 	inf     	0.35771 	0.33636 	0.33636 	0.00000 	0.33636 	
0.47431	0         	0.07828 	0.27797 	inf     	0.35771 	0.33636 	0.33636 	0.00000 	0.33636 	
0.47531	0         	0.07828 	0.27797 	inf     	0.35771 	0.33636 	0.33636 	0.00000 	0.33636 	
0.47630	0         	0.07828 	0.27797 	inf     	0.35771 	0.33636 	0.33636 	0.00000 	0.33636 	
0.47730	0         	0.07828 	0.27797 	inf     	0.35771 	0.33635 	0.33635 	0.00000 	0.33635 	
0.47830	0         	0.07828 	0.27797 	inf     	0.35771 	0.33635 	0.33635 	0.00000 	0.33635 	
0.47930	0         	0.07828 	0.27797 	inf     	0.35771 	0.33635 	0.33635 	0.00000 	0.33635 	
0.48030	0         	0.07828 	0.27797 	inf     	0.35771 	0.33635 	0.33635 	0.00000 	0.33635 	
0.48130	0         	0.07828 	0.27797 	inf     	0.35771 	0.33635 	0.33635 	0.00000 	0.33635 	
0.48229	0         	0.07828 	0.27797 	inf     	0.35771 	0.33635 	0.33635 	0.00000 	0.33635 	
0.48329	0         	0.07828 	0.27797 	inf     	0.35771 	0.33635 	0.33635 	0.00000 	0.33635 	
0.48429	0         	0.07828 	0.27797 	inf     	0.35771 	0.33635 	0.33635 	0.00000 	0.33635 	
0.48529	0         	0.07828 	0.27796 	inf     	0.35771 	0.33635 	0.33635 	0.00000 	0.33635 	
0.48629	0         	0.07828 	0.27796 	inf     	0.35771 	0.33635 	0.33635 	0.00000 	0.33635 	
0.48729	0         	0.07828 	0.27796 	inf     	0.35771 	0.33633 	0.33633 	0.00000 	0.33633 	
0.48829	0         	0.07828 	0.27796 	inf     	0.35771 	0.33633 	0.33633 	0.00000 	0.33633 	
0.48928	0         	0.07828 	0.27796 	inf     	0.35771 	0.33633 	0.33633 	0.00000 	0.33633 	
0.49028	0         	0.07828 	0.27796 	inf     	0.35771 	0.33633 	0.33633 	0.00000 	0.33633 	
0.49128	0         	0.07828 	0.27796 	inf     	0.35771 	0.33633 	0.33633 	0.00000 	0.33633 	
0.49228	0         	0.07828 	0.27796 	inf     	0.35771 	0.33632 	0.33632 	0.00000 	0.33632 	
0.49328	0         	0.07828 	0.27796 	inf     	0.35771 	0.33632 	0.33632 	0.00000 	0.33632 	
0.49428	0         	0.07828 	0.27796 	inf     	0.35771 	0.33632 	0.33632 	0.00000 	0.33632 	
0.49528	0         	0.07828 	0.27796 	inf     	0.35771 	0.33632 	0.33632 	0.00000 	0.33632 	
0.49627	0         	0.07828 	0.27796 	inf     	0.35771 	0.33632 	0.33632 	0.00000 	0.33632 	
0.49727	0         	0.07828 	0.27796 	inf     	0.35771 	0.33632 	0.33632 	0.00000 	0.33632 	
0.49827	0         	0.07828 	0.27796 	inf     	0.35771 	0.33632 	0.33632 	0.00000 	0.33632 	
0.49927	0         	0.07828 	0.27796 	inf     	0.35771 	0.33631 	0.33631 	0.00000 	0.33631 	
0.50027	0         	0.07828 	0.27795 	inf     	0.35771 	0.33631 	0.33631 	0.00000 	0.33631 	
0.50127	0         	0.07828 	0.27795 	inf     	0.35771 	0.33631 	0.33631 	0.00000 	0.33631 	
0.50227	0         	0.07828 	0.27795 	inf     	0.35771 	0.33630 	0.33630 	0.00000 	0.33630 	
0.50326	0         	0.07828 	0.27795 	inf     	0.35771 	0.33630 	0.33630 	0.00000 	0.33630 	
0.50426	0         	0.07828 	0.27795 	inf     	0.35771 	0.33630 	0.33630 	0.00000 	0.33630 	
0.50526	0         	0.07828 	0.27795 	inf     	0.35771 	0.33630 	0.33630 	0.00000 	0.33630 	
0.50626	0         	0.07828 	0.27795 	inf     	0.35771 	0.33628 	0.33628 	0.00000 	0.33628 	
0.50726	0         	0.07828 	0.27795 	inf     	0.35771 	0.33628 	0.33628 	0.00000 	0.33628 	
0.50826	0         	0.07828 	0.27795 	inf     	0.35771 	0.33628 	0.33628 	0.00000 	0.33628 	
0.50925	0         	0.07828 	0.27795 	inf     	0.35771 	0.33628 	0.33628 	0.00000 	0.33628 	
0.51025	0         	0.07828 	0.27795 	inf     	0.35771 	0.33628 	0.33628 	0.00000 	0.33628 	
0.51125	0         	0.07828 	0.27795 	inf     	0.35771 	0.33628 	0.33628 	0.00000 	0.33628 	
0.51225	0         	0.07828 	0.27795 	inf     	0.35771 	0.33628 	0.33628 	0.00000 	0.33628 	
0.51325	0         	0.07828 	0.27795 	inf     	0.35771 	0.33627 	0.33627 	0.00000 	0.33627 	
0.51425	0         	0.07828 	0.27794 	inf     	0.35771 	0.33627 	0.33627 	0.00000 	0.33627 	
0.51525	0         	0.07828 	0.27794 	inf     	0.35771 	0.33627 	0.33627 	0.00000 	0.33627 	
0.51624	0         	0.07828 	0.27794 	inf     	0.35771 	0.33626 	0.33626 	0.00000 	0.33626 	
0.51724	0         	0.07828 	0.27794 	inf     	0.35771 	0.33626 	0.33626 	0.00000 	0.33626 	
0.51824	0         	0.07828 	0.27794 	inf     	0.35771 	0.33626 	0.33626 	0.00000 	0.33626 	
0.51924	0         	0.07828 	0.27794 	inf     	0.35771 	0.33626 	0.33626 	0.00000 	0.33626 	
0.52024	0         	0.07828 	0.27794 	inf     	0.35771 	0.33626 	0.33626 	0.00000 	0.33626 	
0.52124	0         	0.07828 	0.27794 	inf     	0.35771 	0.33625 	0.33625 	0.00000 	0.33625 	
0.52224	0         	0.07828 	0.27794 	inf     	0.35771 	0.33625 	0.33625 	0.00000 	0.33625 	
0.52323	0         	0.07828 	0.27794 	inf     	0.35771 	0.33625 	0.33625 	0.00000 	0.33625 	
0.52423	0         	0.07828 	0.27794 	inf     	0.35771 	0.33625 	0.33625 	0.00000 	0.33625 	
0.52523	0         	0.07828 	0.27794 	inf     	0.35771 	0.33625 	0.33625 	0.00000 	0.33625 	
0.52623	0         	0.07828 	0.27794 	inf     	0.35771 	0.33625 	0.33625 	0.00000 	0.33625 	
0.52723	0         	0.07828 	0.27794 	inf     	0.35771 	0.33625 	0.33625 	0.00000 	0.33625 	
0.52823	0         	0.07828 	0.27794 	inf     	0.35771 	0.33624 	0.33624 	0.00000 	0.33624 	
0.52923	0         	0.07828 	0.27794 	inf     	0.35771 	0.33624 	0.33624 	0.00000 	0.33624 	
0.53022	0         	0.07828 	0.27794 	inf     	0.35771 	0.33624 	0.33624 	0.00000 	0.33624 	
0.53122	0         	0.07828 	0.27794 	inf     	0.35771 	0.33624 	0.33624 	0.00000 	0.33624 	
0.53222	0         	0.07828 	0.27794 	inf     	0.35771 	0.33623 	0.33623 	0.00000 	0.33623 	
0.53322	0         	0.07828 	0.27794 	inf     	0.35771 	0.33623 	0.33623 	0.00000 	0.33623 	
0.53422	0         	0.07828 	0.27794 	inf     	0.35771 	0.33623 	0.33623 	0.00000 	0.33623 	
0.53522	0         	0.07828 	0.27794 	inf     	0.35771 	0.33623 	0.33623 	0.00000 	0.33623 	
0.53621	0         	0.07828 	0.27793 	inf     	0.35771 	0.33622 	0.33622 	0.00000 	0.33622 	
0.53721	0         	0.07828 	0.27793 	inf     	0.35771 	0.33622 	0.33622 	0.00000 	0.33622 	
0.53821	0         	0.07828 	0.27793 	inf     	0.35771 	0.33622 	0.33622 	0.00000 	0.33622 	
0.53921	0         	0.07828 	0.27793 	inf     	0.35771 	0.33621 	0.33621 	0.00000 	0.33621 	
0.54021	0         	0.07828 	0.27793 	inf     	0.35771 	0.33621 	0.33621 	0.00000 	0.33621 	
0.54121	0         	0.07828 	0.27793 	inf     	0.35771 	0.33621 	0.33621 	0.00000 	0.33621 	
0.54221	0         	0.07828 	0.27793 	inf     	0.35771 	0.33621 	0.33621 	0.00000 	0.33621 	
0.54320	0         	0.07828 	0.27793 	inf     	0.35771 	0.33621 	0.33621 	0.00000 	0.33621 	
0.54420	0         	0.07828 	0.27793 	inf     	0.35771 	0.33621 	0.33621 	0.00000 	0.33621 	
0.54520	0         	0.07828 	0.27793 	inf     	0.35771 	0.33620 	0.33620 	0.00000 	0.33620 	
0.54620	0         	0.07828 	0.27793 	inf     	0.35771 	0.33620 	0.33620 	0.00000 	0.33620 	
0.54720	0         	0.07828 	0.27793 	inf     	0.35771 	0.33620 	0.33620 	0.00000 	0.33620 	
0.54820	0         	0.07828 	0.27793 	inf     	0.35771 	0.33619 	0.33619 	0.00000 	0.33619 	
0.54920	0         	0.07828 	0.27793 	inf     	0.35771 	0.33619 	0.33619 	0.00000 	0.33619 	
0.55019	0         	0.07828 	0.27793 	inf     	0.35771 	0.33619 	0.33619 	0.00000 	0.33619 	
0.55119	0         	0.07828 	0.27793 	inf     	0.35771 	0.33619 	0.33619 	0.00000 	0.33619 	
0.55219	0         	0.07828 	0.27793 	inf     	0.35771 	0.33619 	0.33619 	0.00000 	0.33619 	
0.55319	0         	0.07828 	0.27792 	inf     	0.35771 	0.33619 	0.33619 	0.00000 	0.33619 	
0.55419	0         	0.07828 	0.27792 	inf     	0.35771 	0.33619 	0.33619 	0.00000 	0.33619 	
0.55519	0         	0.07828 	0.27792 	inf     	0.35771 	0.33618 	0.33618 	0.00000 	0.33618 	
0.55619	0         	0.07828 	0.27792 	inf     	0.35771 	0.33618 	0.33618 	0.00000 	0.33618 	
0.55718	0         	0.07828 	0.27792 	inf     	0.35771 	0.33617 	0.33617 	0.00000 	0.33617 	
0.55818	0         	0.07828 	0.27792 	inf     	0.35771 	0.33617 	0.33617 	0.00000 	0.33617 	
0.55918	0         	0.07828 	0.27792 	inf     	0.35771 	0.33617 	0.33617 	0.00000 	0.33617 	
0.56018	0         	0.07828 	0.27791 	inf     	0.35771 	0.33614 	0.33614 	0.00000 	0.33614 	
0.56118	0         	0.07828 	0.27791 	inf     	0.35771 	0.33614 	0.33614 	0.00000 	0.33614 	
0.56218	0         	0.07828 	0.27791 	inf     	0.35771 	0.33614 	0.33614 	0.00000 	0.33614 	
0.56317	0         	0.07828 	0.27791 	inf     	0.35771 	0.33613 	0.33613 	0.00000 	0.33613 	
0.56417	0         	0.07828 	0.27791 	inf     	0.35771 	0.33613 	0.33613 	0.00000 	0.33613 	
0.56517	0         	0.07828 	0.27791 	inf     	0.35771 	0.33613 	0.33613 	0.00000 	0.33613 	
0.56617	0         	0.07828 	0.27791 	inf     	0.35771 	0.33612 	0.33612 	0.00000 	0.33612 	
0.56717	0         	0.07828 	0.27791 	inf     	0.35771 	0.33612 	0.33612 	0.00000 	0.33612 	
0.56817	0         	0.07828 	0.27791 	inf     	0.35771 	0.33612 	0.33612 	0.00000 	0.33612 	
0.56917	0         	0.07828 	0.27791 	inf     	0.35771 	0.33611 	0.33611 	0.00000 	0.33611 	
0.57016	0         	0.07828 	0.27791 	inf     	0.35771 	0.33611 	0.33611 	0.00000 	0.33611 	
0.57116	0         	0.07828 	0.27790 	inf     	0.35771 	0.33611 	0.33611 	0.00000 	0.33611 	
0.57216	0         	0.07828 	0.27790 	inf     	0.35771 	0.33610 	0.33610 	0.00000 	0.33610 	
0.57316	0         	0.07828 	0.27790 	inf     	0.35771 	0.33610 	0.33610 	0.00000 	0.33610 	
0.57416	0         	0.07828 	0.27790 	inf     	0.35771 	0.33608 	0.33608 	0.00000 	0.33608 	
0.57516	0         	0.07828 	0.27790 	inf     	0.35771 	0.33608 	0.33608 	0.00000 	0.33608 	
0.57616	0         	0.07828 	0.27790 	inf     	0.35771 	0.33607 	0.33607 	0.00000 	0.33607 	
0.57715	0         	0.07828 	0.27789 	inf     	0.35771 	0.33607 	0.33607 	0.00000 	0.33607 	
0.57815	0         	0.07828 	0.27789 	inf     	0.35771 	0.33606 	0.33606 	0.00000 	0.33606 	
0.57915	0         	0.07828 	0.27789 	inf     	0.35771 	0.33606 	0.33606 	0.00000 	0.33606 	
0.58015	0         	0.07828 	0.27789 	inf     	0.35771 	0.33606 	0.33606 	0.00000 	0.33606 	
0.58115	0         	0.07828 	0.27789 	inf     	0.35771 	0.33604 	0.33604 	0.00000 	0.33604 	
0.58215	0         	0.07828 	0.27789 	inf     	0.35771 	0.33604 	0.33604 	0.00000 	0.33604 	
0.58315	0         	0.07828 	0.27788 	inf     	0.35771 	0.33602 	0.33602 	0.00000 	0.33602 	
0.58414	0         	0.07828 	0.27788 	inf     	0.35771 	0.33601 	0.33601 	0.00000 	0.33601 	
0.58514	0         	0.07828 	0.27788 	inf     	0.35771 	0.33601 	0.33601 	0.00000 	0.33601 	
0.58614	0         	0.07828 	0.27788 	inf     	0.35771 	0.33601 	0.33601 	0.00000 	0.33601 	
0.58714	0         	0.07828 	0.27788 	inf     	0.35771 	0.33599 	0.33599 	0.00000 	0.33599 	
0.58814	0         	0.07828 	0.27787 	inf     	0.35771 	0.33598 	0.33598 	0.00000 	0.33598 	
0.58914	0         	0.07828 	0.27787 	inf     	0.35771 	0.33598 	0.33598 	0.00000 	0.33598 	
0.59013	0         	0.07828 	0.27787 	inf     	0.35771 	0.33598 	0.33598 	0.00000 	0.33598 	
0.59113	0         	0.07828 	0.27787 	inf     	0.35771 	0.33598 	0.33598 	0.00000 	0.33598 	
0.59213	0         	0.07828 	0.27787 	inf     	0.35771 	0.33595 	0.33595 	0.00000 	0.33595 	
0.59313	0         	0.07828 	0.27787 	inf     	0.35771 	0.33595 	0.33595 	0.00000 	0.33595 	
0.59413	0         	0.07828 	0.27786 	inf     	0.35771 	0.33594 	0.33594 	0.00000 	0.33594 	
0.59513	0         	0.07828 	0.27786 	inf     	0.35771 	0.33594 	0.33594 	0.00000 	0.33594 	
0.59613	0         	0.07828 	0.27786 	inf     	0.35771 	0.33594 	0.33594 	0.00000 	0.33594 	
0.59712	0         	0.07828 	0.27786 	inf     	0.35771 	0.33593 	0.33593 	0.00000 	0.33593 	
0.59812	0         	0.07828 	0.27786 	inf     	0.35771 	0.33593 	0.33593 	0.00000 	0.33593 	
0.59912	0         	0.07828 	0.27786 	inf     	0.35771 	0.33593 	0.33593 	0.00000 	0.33593 	
0.60012	0         	0.07828 	0.27786 	inf     	0.35771 	0.33592 	0.33592 	0.00000 	0.33592 	
0.60112	0         	0.07828 	0.27786 	inf     	0.35771 	0.33592 	0.33592 	0.00000 	0.33592 	
0.60212	0         	0.07828 	0.27785 	inf     	0.35771 	0.33591 	0.33591 	0.00000 	0.33591 	
0.60312	0         	0.07828 	0.27785 	inf     	0.35771 	0.33591 	0.33591 	0.00000 	0.33591 	
0.60411	0         	0.07828 	0.27785 	inf     	0.35771 	0.33589 	0.33589 	0.00000 	0.33589 	
0.60511	0         	0.07828 	0.27785 	inf     	0.35771 	0.33589 	0.33589 	0.00000 	0.33589 	
0.60611	0         	0.07828 	0.27785 	inf     	0.35771 	0.33589 	0.33589 	0.00000 	0.33589 	
0.60711	0         	0.07828 	0.27785 	inf     	0.35771 	0.33588 	0.33588 	0.00000 	0.33588 	
0.60811	0         	0.07828 	0.27785 	inf     	0.35771 	0.33588 	0.33588 	0.00000 	0.33588 	
0.60911	0         	0.07828 	0.27785 	inf     	0.35771 	0.33588 	0.33588 	0.00000 	0.33588 	
0.61011	0         	0.07828 	0.27784 	inf     	0.35771 	0.33586 	0.33586 	0.00000 	0.33586 	
0.61110	0         	0.07828 	0.27784 	inf     	0.35771 	0.33586 	0.33586 	0.00000 	0.33586 	
0.61210	0         	0.07828 	0.27784 	inf     	0.35771 	0.33585 	0.33585 	0.00000 	0.33585 	
0.61310	0         	0.07828 	0.27784 	inf     	0.35771 	0.33584 	0.33584 	0.00000 	0.33584 	
0.61410	0         	0.07828 	0.27783 	inf     	0.35771 	0.33583 	0.33583 	0.00000 	0.33583 	
0.61510	0         	0.07828 	0.27783 	inf     	0.35771 	0.33583 	0.33583 	0.00000 	0.33583 	
0.61610	0         	0.07828 	0.27783 	inf     	0.35771 	0.33581 	0.33581 	0.00000 	0.33581 	
0.61709	0         	0.07828 	0.27783 	inf     	0.35771 	0.33580 	0.33580 	0.00000 	0.33580 	
0.61809	0         	0.07828 	0.27783 	inf     	0.35771 	0.33580 	0.33580 	0.00000 	0.33580 	
0.61909	0         	0.07828 	0.27783 	inf     	0.35771 	0.33580 	0.33580 	0.00000 	0.33580 	
0.62009	0         	0.07828 	0.27782 	inf     	0.35771 	0.33579 	0.33579 	0.00000 	0.33579 	
0.62109	0         	0.07828 	0.27782 	inf     	0.35771 	0.33578 	0.33578 	0.00000 	0.33578 	
0.62209	0         	0.07828 	0.27782 	inf     	0.35771 	0.33577 	0.33577 	0.00000 	0.33577 	
0.62309	0         	0.07828 	0.27782 	inf     	0.35771 	0.33577 	0.33577 	0.00000 	0.33577 	
0.62408	0         	0.07828 	0.27781 	inf     	0.35771 	0.33575 	0.33575 	0.00000 	0.33575 	
0.62508	0         	0.07828 	0.27781 	inf     	0.35771 	0.33575 	0.33575 	0.00000 	0.33575 	
0.62608	0         	0.07828 	0.27781 	inf     	0.35771 	0.33575 	0.33575 	0.00000 	0.33575 	
0.62708	0         	0.07828 	0.27781 	inf     	0.35771 	0.33574 	0.33574 	0.00000 	0.33574 	
0.62808	0         	0.07828 	0.27781 	inf     	0.35771 	0.33573 	0.33573 	0.00000 	0.33573 	
0.62908	0         	0.07828 	0.27781 	inf     	0.35771 	0.33573 	0.33573 	0.00000 	0.33573 	
0.63008	0         	0.07828 	0.27781 	inf     	0.35771 	0.33573 	0.33573 	0.00000 	0.33573 	
0.63107	0         	0.07828 	0.27781 	inf     	0.35771 	0.33572 	0.33572 	0.00000 	0.33572 	
0.63207	0         	0.07828 	0.27781 	inf     	0.35771 	0.33572 	0.33572 	0.00000 	0.33572 	
0.63307	0         	0.07828 	0.27780 	inf     	0.35771 	0.33570 	0.33570 	0.00000 	0.33570 	
0.63407	0         	0.07828 	0.27780 	inf     	0.35771 	0.33570 	0.33570 	0.00000 	0.33570 	
0.63507	0         	0.07828 	0.27780 	inf     	0.35771 	0.33569 	0.33569 	0.00000 	0.33569 	
0.63607	0         	0.07828 	0.27774 	inf     	0.35771 	0.33569 	0.33569 	0.00000 	0.33569 	
0.63707	0         	0.07828 	0.27774 	inf     	0.35771 	0.33569 	0.33569 	0.00000 	0.33569 	
0.63806	0         	0.07828 	0.27774 	inf     	0.35771 	0.33568 	0.33568 	0.00000 	0.33568 	
0.63906	0         	0.07828 	0.27774 	inf     	0.35771 	0.33568 	0.33568 	0.00000 	0.33568 	
0.64006	0         	0.07828 	0.27770 	inf     	0.35771 	0.33566 	0.33566 	0.00000 	0.33566 	
0.64106	0         	0.07828 	0.27758 	inf     	0.35771 	0.33563 	0.33563 	0.00000 	0.33563 	
0.64206	0         	0.07828 	0.27742 	inf     	0.35771 	0.33558 	0.33558 	0.00000 	0.33558 	
0.64306	0         	0.07828 	0.27726 	inf     	0.35771 	0.33554 	0.33554 	0.00000 	0.33554 	
0.64405	0         	0.07828 	0.27709 	inf     	0.35771 	0.33549 	0.33549 	0.00000 	0.33549 	
0.64505	0         	0.07828 	0.27691 	inf     	0.35771 	0.33542 	0.33542 	0.00000 	0.33542 	
0.64605	0         	0.07828 	0.27672 	inf     	0.35771 	0.33537 	0.33537 	0.00000 	0.33537 	
0.64705	0         	0.07828 	0.27653 	inf     	0.35771 	0.33530 	0.33530 	0.00000 	0.33530 	
0.64805	0         	0.07828 	0.27633 	inf     	0.35771 	0.33523 	0.33523 	0.00000 	0.33523 	
0.64905	0         	0.07828 	0.27614 	inf     	0.35771 	0.33517 	0.33517 	0.00000 	0.33517 	
0.65005	0         	0.07828 	0.27594 	inf     	0.35771 	0.33511 	0.33511 	0.00000 	0.33511 	
0.65104	0         	0.07828 	0.27574 	inf     	0.35771 	0.33504 	0.33504 	0.00000 	0.33504 	
0.65204	0         	0.07828 	0.27553 	inf     	0.35771 	0.33496 	0.33496 	0.00000 	0.33496 	
0.65304	0         	0.07828 	0.27533 	inf     	0.35771 	0.33489 	0.33489 	0.00000 	0.33489 	
0.65404	0         	0.07828 	0.27512 	inf     	0.35771 	0.33481 	0.33481 	0.00000 	0.33481 	
0.65504	0         	0.07828 	0.27491 	inf     	0.35771 	0.33473 	0.33473 	0.00000 	0.33473 	
0.65604	0         	0.07828 	0.27470 	inf     	0.35771 	0.33465 	0.33465 	0.00000 	0.33465 	
0.65704	0         	0.07828 	0.27449 	inf     	0.35771 	0.33458 	0.33458 	0.00000 	0.33458 	
0.65803	0         	0.07828 	0.27428 	inf     	0.35771 	0.33450 	0.33450 	0.00000 	0.33450 	
0.65903	0         	0.07828 	0.27409 	inf     	0.35771 	0.33441 	0.33441 	0.00000 	0.33441 	
0.66003	0         	0.07828 	0.27388 	inf     	0.35771 	0.33433 	0.33433 	0.00000 	0.33433 	
0.66103	0         	0.07828 	0.27370 	inf     	0.35771 	0.33426 	0.33426 	0.00000 	0.33426 	
0.66203	0         	0.07828 	0.27349 	inf     	0.35771 	0.33418 	0.33418 	0.00000 	0.33418 	
0.66303	0         	0.07828 	0.27327 	inf     	0.35771 	0.33410 	0.33410 	0.00000 	0.33410 	
0.66403	0         	0.07828 	0.27306 	inf     	0.35771 	0.33401 	0.33401 	0.00000 	0.33401 	
0.66502	0         	0.07828 	0.27285 	inf     	0.35771 	0.33393 	0.33393 	0.00000 	0.33393 	
0.66602	0         	0.07828 	0.27265 	inf     	0.35771 	0.33385 	0.33385 	0.00000 	0.33385 	
0.66702	0         	0.07828 	0.27247 	inf     	0.35771 	0.33377 	0.33377 	0.00000 	0.33377 	
0.66802	0         	0.07828 	0.27226 	inf     	0.35771 	0.33368 	0.33368 	0.00000 	0.33368 	
0.66902	0         	0.07828 	0.27205 	inf     	0.35771 	0.33359 	0.33359 	0.00000 	0.33359 	
0.67002	0         	0.07828 	0.27185 	inf     	0.35771 	0.33350 	0.33350 	0.00000 	0.33350 	
0.67101	0         	0.07828 	0.27164 	inf     	0.35771 	0.33341 	0.33341 	0.00000 	0.33341 	
0.67201	0         	0.07828 	0.27143 	inf     	0.35771 	0.33332 	0.33332 	0.00000 	0.33332 	
0.67301	0         	0.07828 	0.27123 	inf     	0.35771 	0.33324 	0.33324 	0.00000 	0.33324 	
0.67401	0         	0.07828 	0.27103 	inf     	0.35771 	0.33315 	0.33315 	0.00000 	0.33315 	
0.67501	0         	0.07828 	0.27083 	inf     	0.35771 	0.33305 	0.33305 	0.00000 	0.33305 	
0.67601	0         	0.07828 	0.27062 	inf     	0.35771 	0.33296 	0.33296 	0.00000 	0.33296 	
0.67701	0         	0.07828 	0.27041 	inf     	0.35771 	0.33287 	0.33287 	0.00000 	0.33287 	
0.67800	0         	0.07828 	0.27020 	inf     	0.35771 	0.33278 	0.33278 	0.00000 	0.33278 	
0.67900	0         	0.07828 	0.27000 	inf     	0.35771 	0.33268 	0.33268 	0.00000 	0.33268 	
0.68000	0         	0.07828 	0.26980 	inf     	0.35771 	0.33259 	0.33259 	0.00000 	0.33259 	
0.68100	0         	0.07828 	0.26959 	inf     	0.35771 	0.33249 	0.33249 	0.00000 	0.33249 	
0.68200	0         	0.07828 	0.26938 	inf     	0.35771 	0.33239 	0.33239 	0.00000 	0.33239 	
0.68300	0         	0.07828 	0.26915 	inf     	0.35771 	0.33228 	0.33228 	0.00000 	0.33228 	
0.68400	0         	0.07828 	0.26884 	inf     	0.35771 	0.33212 	0.33212 	0.00000 	0.33212 	
0.68499	0         	0.07828 	0.26852 	inf     	0.35771 	0.33195 	0.33195 	0.00000 	0.33195 	
0.68599	0         	0.07828 	0.26821 	inf     	0.35771 	0.33179 	0.33179 	0.00000 	0.33179 	
0.68699	0         	0.07828 	0.26790 	inf     	0.35771 	0.33161 	0.33161 	0.00000 	0.33161 	
0.68799	0         	0.07828 	0.26758 	inf     	0.35771 	0.33144 	0.33144 	0.00000 	0.33144 	
0.68899	0         	0.07828 	0.26731 	inf     	0.35771 	0.33128 	0.33128 	0.00000 	0.33128 	
0.68999	0         	0.07828 	0.26702 	inf     	0.35771 	0.33110 	0.33110 	0.00000 	0.33110 	
0.69099	0         	0.07828 	0.26669 	inf     	0.35771 	0.33091 	0.33091 	0.00000 	0.33091 	
0.69198	0         	0.07828 	0.26639 	inf     	0.35771 	0.33071 	0.33071 	0.00000 	0.33071 	
0.69298	0         	0.07828 	0.26607 	inf     	0.35771 	0.33051 	0.33051 	0.00000 	0.33051 	
0.69398	0         	0.07828 	0.26575 	inf     	0.35771 	0.33030 	0.33030 	0.00000 	0.33030 	
0.69498	0         	0.07828 	0.26542 	inf     	0.35771 	0.33008 	0.33008 	0.00000 	0.33008 	
0.69598	0         	0.07828 	0.26510 	inf     	0.35771 	0.32986 	0.32986 	0.00000 	0.32986 	
0.69698	0         	0.07828 	0.26477 	inf     	0.35771 	0.32962 	0.32962 	0.00000 	0.32962 	
0.69797	0         	0.07828 	0.26445 	inf     	0.35771 	0.32939 	0.32939 	0.00000 	0.32939 	
0.69897	0         	0.07828 	0.26418 	inf     	0.35771 	0.32920 	0.32920 	0.00000 	0.32920 	
0.69997	0         	0.07828 	0.26387 	inf     	0.35771 	0.32898 	0.32898 	0.00000 	0.32898 	
0.70097	0         	0.07828 	0.26353 	inf     	0.35771 	0.32873 	0.32873 	0.00000 	0.32873 	
0.70197	0         	0.07828 	0.26324 	inf     	0.35771 	0.32850 	0.32850 	0.00000 	0.32850 	
0.70297	0         	0.07828 	0.26289 	inf     	0.35771 	0.32825 	0.32825 	0.00000 	0.32825 	
0.70397	0         	0.07828 	0.26256 	inf     	0.35771 	0.32797 	0.32797 	0.00000 	0.32797 	
0.70496	0         	0.07828 	0.26223 	inf     	0.35771 	0.32769 	0.32769 	0.00000 	0.32769 	
0.70596	0         	0.07828 	0.26190 	inf     	0.35771 	0.32740 	0.32740 	0.00000 	0.32740 	
0.70696	0         	0.07828 	0.26155 	inf     	0.35771 	0.32712 	0.32712 	0.00000 	0.32712 	
0.70796	0         	0.07828 	0.26121 	inf     	0.35771 	0.32683 	0.32683 	0.00000 	0.32683 	
0.70896	0         	0.07828 	0.26087 	inf     	0.35771 	0.32654 	0.32654 	0.00000 	0.32654 	
0.70996	0         	0.07828 	0.26054 	inf     	0.35771 	0.32624 	0.32624 	0.00000 	0.32624 	
0.71096	0         	0.07828 	0.26022 	inf     	0.35771 	0.32595 	0.32595 	0.00000 	0.32595 	
0.71195	0         	0.07828 	0.25989 	inf     	0.35771 	0.32564 	0.32564 	0.00000 	0.32564 	
0.71295	0         	0.07828 	0.25956 	inf     	0.35771 	0.32531 	0.32531 	0.00000 	0.32531 	
0.71395	0         	0.07828 	0.25920 	inf     	0.35771 	0.32500 	0.32500 	0.00000 	0.32500 	
0.71495	0         	0.07828 	0.25886 	inf     	0.35771 	0.32467 	0.32467 	0.00000 	0.32467 	
0.71595	0         	0.07828 	0.25857 	inf     	0.35771 	0.32440 	0.32440 	0.00000 	0.32440 	
0.71695	0         	0.07828 	0.25822 	inf     	0.35771 	0.32406 	0.32406 	0.00000 	0.32406 	
0.71795	0         	0.07828 	0.25794 	inf     	0.35771 	0.32379 	0.32379 	0.00000 	0.32379 	
0.71894	0         	0.07828 	0.25768 	inf     	0.35771 	0.32350 	0.32350 	0.00000 	0.32350 	
0.71994	0         	0.07828 	0.25731 	inf     	0.35771 	0.32316 	0.32316 	0.00000 	0.32316 	
0.72094	0         	0.07828 	0.25697 	inf     	0.35771 	0.32282 	0.32282 	0.00000 	0.32282 	
0.72194	0         	0.07828 	0.25661 	inf     	0.35771 	0.32246 	0.32246 	0.00000 	0.32246 	
0.72294	0         	0.07828 	0.25624 	inf     	0.35771 	0.32208 	0.32208 	0.00000 	0.32208 	
0.72394	0         	0.07828 	0.25588 	inf     	0.35771 	0.32169 	0.32169 	0.00000 	0.32169 	
0.72493	0         	0.07828 	0.25552 	inf     	0.35771 	0.32131 	0.32131 	0.00000 	0.32131 	
0.72593	0         	0.07828 	0.25515 	inf     	0.35771 	0.32092 	0.32092 	0.00000 	0.32092 	
0.72693	0         	0.07828 	0.25480 	inf     	0.35771 	0.32054 	0.32054 	0.00000 	0.32054 	
0.72793	0         	0.07828 	0.25443 	inf     	0.35771 	0.32013 	0.32013 	0.00000 	0.32013 	
0.72893	0         	0.07828 	0.25406 	inf     	0.35771 	0.31973 	0.31973 	0.00000 	0.31973 	
0.72993	0         	0.07828 	0.25369 	inf     	0.35771 	0.31930 	0.31930 	0.00000 	0.31930 	
0.73093	0         	0.07828 	0.25333 	inf     	0.35771 	0.31888 	0.31888 	0.00000 	0.31888 	
0.73192	0         	0.07828 	0.25294 	inf     	0.35771 	0.31844 	0.31844 	0.00000 	0.31844 	
0.73292	0         	0.07828 	0.25257 	inf     	0.35771 	0.31801 	0.31801 	0.00000 	0.31801 	
0.73392	0         	0.07828 	0.25219 	inf     	0.35771 	0.31758 	0.31758 	0.00000 	0.31758 	
0.73492	0         	0.07828 	0.25183 	inf     	0.35771 	0.31714 	0.31714 	0.00000 	0.31714 	
0.73592	0         	0.07828 	0.25145 	inf     	0.35771 	0.31669 	0.31669 	0.00000 	0.31669 	
0.73692	0         	0.07828 	0.25106 	inf     	0.35771 	0.31622 	0.31622 	0.00000 	0.31622 	
0.73792	0         	0.07828 	0.25067 	inf     	0.35771 	0.31575 	0.31575 	0.00000 	0.31575 	
0.73891	0         	0.07828 	0.25028 	inf     	0.35771 	0.31526 	0.31526 	0.00000 	0.31526 	
0.73991	0         	0.07828 	0.24989 	inf     	0.35771 	0.31476 	0.31476 	0.00000 	0.31476 	
0.74091	0         	0.07828 	0.24955 	inf     	0.35771 	0.31433 	0.31433 	0.00000 	0.31433 	
0.74191	0         	0.07828 	0.24915 	inf     	0.35771 	0.31382 	0.31382 	0.00000 	0.31382 	
0.74291	0         	0.07828 	0.24875 	inf     	0.35771 	0.31330 	0.31330 	0.00000 	0.31330 	
0.74391	0         	0.07828 	0.24835 	inf     	0.35771 	0.31279 	0.31279 	0.00000 	0.31279 	
0.74491	0         	0.07828 	0.24797 	inf     	0.35771 	0.31229 	0.31229 	0.00000 	0.31229 	
0.74590	0         	0.07828 	0.24758 	inf     	0.35771 	0.31178 	0.31178 	0.00000 	0.31178 	
0.74690	0         	0.07828 	0.24718 	inf     	0.35771 	0.31124 	0.31124 	0.00000 	0.31124 	
0.74790	0         	0.07828 	0.24677 	inf     	0.35771 	0.31069 	0.31069 	0.00000 	0.31069 	
0.74890	0         	0.07828 	0.24636 	inf     	0.35771 	0.31014 	0.31014 	0.00000 	0.31014 	
0.74990	0         	0.07828 	0.24594 	inf     	0.35771 	0.30957 	0.30957 	0.00000 	0.30957 	
0.75090	0         	0.07828 	0.24554 	inf     	0.35771 	0.30900 	0.30900 	0.00000 	0.30900 	
0.75189	0         	0.07828 	0.24512 	inf     	0.35771 	0.30843 	0.30843 	0.00000 	0.30843 	
0.75289	0         	0.07828 	0.24471 	inf     	0.35771 	0.30785 	0.30785 	0.00000 	0.30785 	
0.75389	0         	0.07828 	0.24429 	inf     	0.35771 	0.30724 	0.30724 	0.00000 	0.30724 	
0.75489	0         	0.07828 	0.24387 	inf     	0.35771 	0.30663 	0.30663 	0.00000 	0.30663 	
0.75589	0         	0.07828 	0.24350 	inf     	0.35771 	0.30607 	0.30607 	0.00000 	0.30607 	
0.75689	0         	0.07828 	0.24309 	inf     	0.35771 	0.30543 	0.30543 	0.00000 	0.30543 	
0.75789	0         	0.07828 	0.24268 	inf     	0.35771 	0.30481 	0.30481 	0.00000 	0.30481 	
0.75888	0         	0.07828 	0.24229 	inf     	0.35771 	0.30421 	0.30421 	0.00000 	0.30421 	
0.75988	0         	0.07828 	0.24185 	inf     	0.35771 	0.30355 	0.30355 	0.00000 	0.30355 	
0.76088	0         	0.07828 	0.24144 	inf     	0.35771 	0.30289 	0.30289 	0.00000 	0.30289 	
0.76188	0         	0.07828 	0.24099 	inf     	0.35771 	0.30220 	0.30220 	0.00000 	0.30220 	
0.76288	0         	0.07828 	0.24054 	inf     	0.35771 	0.30150 	0.30150 	0.00000 	0.30150 	
0.76388	0         	0.07828 	0.24009 	inf     	0.35771 	0.30078 	0.30078 	0.00000 	0.30078 	
0.76488	0         	0.07828 	0.23968 	inf     	0.35771 	0.30013 	0.30013 	0.00000 	0.30013 	
0.76587	0         	0.07828 	0.23922 	inf     	0.35771 	0.29939 	0.29939 	0.00000 	0.29939 	
0.76687	0         	0.07828 	0.23881 	inf     	0.35771 	0.29871 	0.29871 	0.00000 	0.29871 	
0.76787	0         	0.07828 	0.23836 	inf     	0.35771 	0.29799 	0.29799 	0.00000 	0.29799 	
0.76887	0         	0.07828 	0.23790 	inf     	0.35771 	0.29723 	0.29723 	0.00000 	0.29723 	
0.76987	0         	0.07828 	0.23744 	inf     	0.35771 	0.29646 	0.29646 	0.00000 	0.29646 	
0.77087	0         	0.07828 	0.23701 	inf     	0.35771 	0.29573 	0.29573 	0.00000 	0.29573 	
0.77187	0         	0.07828 	0.23659 	inf     	0.35771 	0.29501 	0.29501 	0.00000 	0.29501 	
0.77286	0         	0.07828 	0.23645 	inf     	0.35771 	0.29477 	0.29477 	0.00000 	0.29477 	
0.77386	0         	0.07828 	0.23643 	inf     	0.35771 	0.29469 	0.29469 	0.00000 	0.29469 	
0.77486	0         	0.07828 	0.23597 	inf     	0.35771 	0.29388 	0.29388 	0.00000 	0.29388 	
0.77586	0         	0.07828 	0.23548 	inf     	0.35771 	0.29305 	0.29305 	0.00000 	0.29305 	
0.77686	0         	0.07828 	0.23500 	inf     	0.35771 	0.29222 	0.29222 	0.00000 	0.29222 	
0.77786	0         	0.07828 	0.23452 	inf     	0.35771 	0.29138 	0.29138 	0.00000 	0.29138 	
0.77886	0         	0.07828 	0.23405 	inf     	0.35771 	0.29056 	0.29056 	0.00000 	0.29056 	
0.77985	0         	0.07828 	0.23357 	inf     	0.35771 	0.28969 	0.28969 	0.00000 	0.28969 	
0.78085	0         	0.07828 	0.23308 	inf     	0.35771 	0.28884 	0.28884 	0.00000 	0.28884 	
0.78185	0         	0.07828 	0.23261 	inf     	0.35771 	0.28800 	0.28800 	0.00000 	0.28800 	
0.78285	0         	0.07828 	0.23212 	inf     	0.35771 	0.28711 	0.28711 	0.00000 	0.28711 	
0.78385	0         	0.07828 	0.23163 	inf     	0.35771 	0.28622 	0.28622 	0.00000 	0.28622 	
0.78485	0         	0.07828 	0.23117 	inf     	0.35771 	0.28539 	0.28539 	0.00000 	0.28539 	
0.78584	0         	0.07828 	0.23098 	inf     	0.35771 	0.28504 	0.28504 	0.00000 	0.28504 	
0.78684	0         	0.07828 	0.23050 	inf     	0.35771 	0.28415 	0.28415 	0.00000 	0.28415 	
0.78784	0         	0.07828 	0.23000 	inf     	0.35771 	0.28324 	0.28324 	0.00000 	0.28324 	
0.78884	0         	0.07828 	0.22953 	inf     	0.35771 	0.28237 	0.28237 	0.00000 	0.28237 	
0.78984	0         	0.07828 	0.22902 	inf     	0.35771 	0.28144 	0.28144 	0.00000 	0.28144 	
0.79084	0         	0.07828 	0.22851 	inf     	0.35771 	0.28050 	0.28050 	0.00000 	0.28050 	
0.79184	0         	0.07828 	0.22802 	inf     	0.35771 	0.27957 	0.27957 	0.00000 	0.27957 	
0.79283	0         	0.07828 	0.22752 	inf     	0.35771 	0.27865 	0.27865 	0.00000 	0.27865 	
0.79383	0         	0.07828 	0.22701 	inf     	0.35771 	0.27769 	0.27769 	0.00000 	0.27769 	
0.79483	0         	0.07828 	0.22650 	inf     	0.35771 	0.27672 	0.27672 	0.00000 	0.27672 	
0.79583	0         	0.07828 	0.22598 	inf     	0.35771 	0.27575 	0.27575 	0.00000 	0.27575 	
0.79683	0         	0.07828 	0.22566 	inf     	0.35771 	0.27515 	0.27515 	0.00000 	0.27515 	
0.79783	0         	0.07828 	0.22553 	inf     	0.35771 	0.27488 	0.27488 	0.00000 	0.27488 	
0.79883	0         	0.07828 	0.22509 	inf     	0.35771 	0.27402 	0.27402 	0.00000 	0.27402 	
0.79982	0         	0.07828 	0.22456 	inf     	0.35771 	0.27302 	0.27302 	0.00000 	0.27302 	
0.80082	0         	0.07828 	0.22407 	inf     	0.35771 	0.27206 	0.27206 	0.00000 	0.27206 	
0.80182	0         	0.07828 	0.22356 	inf     	0.35771 	0.27109 	0.27109 	0.00000 	0.27109 	
0.80282	0         	0.07828 	0.22314 	inf     	0.35771 	0.27026 	0.27026 	0.00000 	0.27026 	
0.80382	0         	0.07828 	0.22267 	inf     	0.35771 	0.26934 	0.26934 	0.00000 	0.26934 	
0.80482	0         	0.07828 	0.22213 	inf     	0.35771 	0.26831 	0.26831 	0.00000 	0.26831 	
0.80582	0         	0.07828 	0.22176 	inf     	0.35771 	0.26755 	0.26755 	0.00000 	0.26755 	
0.80681	0         	0.07828 	0.22126 	inf     	0.35771 	0.26655 	0.26655 	0.00000 	0.26655 	
0.80781	0         	0.07828 	0.22077 	inf     	0.35771 	0.26558 	0.26558 	0.00000 	0.26558 	
0.80881	0         	0.07828 	0.22028 	inf     	0.35771 	0.26461 	0.26461 	0.00000 	0.26461 	
0.80981	0         	0.07828 	0.21976 	inf     	0.35771 	0.26356 	0.26356 	0.00000 	0.26356 	
0.81081	0         	0.07828 	0.21926 	inf     	0.35771 	0.26256 	0.26256 	0.00000 	0.26256 	
0.81181	0         	0.07828 	0.21873 	inf     	0.35771 	0.26148 	0.26148 	0.00000 	0.26148 	
0.81280	0         	0.07828 	0.21818 	inf     	0.35771 	0.26040 	0.26040 	0.00000 	0.26040 	
0.81380	0         	0.07828 	0.21764 	inf     	0.35771 	0.25933 	0.25933 	0.00000 	0.25933 	
0.81480	0         	0.07828 	0.21711 	inf     	0.35771 	0.25824 	0.25824 	0.00000 	0.25824 	
0.81580	0         	0.07828 	0.21662 	inf     	0.35771 	0.25727 	0.25727 	0.00000 	0.25727 	
0.81680	0         	0.07828 	0.21611 	inf     	0.35771 	0.25623 	0.25623 	0.00000 	0.25623 	
0.81780	0         	0.07828 	0.21558 	inf     	0.35771 	0.25515 	0.25515 	0.00000 	0.25515 	
0.81880	0         	0.07828 	0.21510 	inf     	0.35771 	0.25416 	0.25416 	0.00000 	0.25416 	
0.81979	0         	0.07828 	0.21456 	inf     	0.35771 	0.25306 	0.25306 	0.00000 	0.25306 	
0.82079	0         	0.07828 	0.21402 	inf     	0.35771 	0.25195 	0.25195 	0.00000 	0.25195 	
0.82179	0         	0.07828 	0.21347 	inf     	0.35771 	0.25081 	0.25081 	0.00000 	0.25081 	
0.82279	0         	0.07828 	0.21291 	inf     	0.35771 	0.24968 	0.24968 	0.00000 	0.24968 	
0.82379	0         	0.07828 	0.21236 	inf     	0.35771 	0.24857 	0.24857 	0.00000 	0.24857 	
0.82479	0         	0.07828 	0.21181 	inf     	0.35771 	0.24744 	0.24744 	0.00000 	0.24744 	
0.82579	0         	0.07828 	0.21124 	inf     	0.35771 	0.24629 	0.24629 	0.00000 	0.24629 	
0.82678	0         	0.07828 	0.21068 	inf     	0.35771 	0.24513 	0.24513 	0.00000 	0.24513 	
0.82778	0         	0.07828 	0.21016 	inf     	0.35771 	0.24404 	0.24404 	0.00000 	0.24404 	
0.82878	0         	0.07828 	0.20960 	inf     	0.35771 	0.24289 	0.24289 	0.00000 	0.24289 	
0.82978	0         	0.07828 	0.20904 	inf     	0.35771 	0.24172 	0.24172 	0.00000 	0.24172 	
0.83078	0         	0.07828 	0.20848 	inf     	0.35771 	0.24056 	0.24056 	0.00000 	0.24056 	
0.83178	0         	0.07828 	0.20791 	inf     	0.35771 	0.23938 	0.23938 	0.00000 	0.23938 	
0.83278	0         	0.07828 	0.20736 	inf     	0.35771 	0.23822 	0.23822 	0.00000 	0.23822 	
0.83377	0         	0.07828 	0.20679 	inf     	0.35771 	0.23704 	0.23704 	0.00000 	0.23704 	
0.83477	0         	0.07828 	0.20623 	inf     	0.35771 	0.23587 	0.23587 	0.00000 	0.23587 	
0.83577	0         	0.07828 	0.20565 	inf     	0.35771 	0.23466 	0.23466 	0.00000 	0.23466 	
0.83677	0         	0.07828 	0.20508 	inf     	0.35771 	0.23345 	0.23345 	0.00000 	0.23345 	
0.83777	0         	0.07828 	0.20455 	inf     	0.35771 	0.23232 	0.23232 	0.00000 	0.23232 	
0.83877	0         	0.07828 	0.20401 	inf     	0.35771 	0.23118 	0.23118 	0.00000 	0.23118 	
0.83976	0         	0.07828 	0.20343 	inf     	0.35771 	0.22996 	0.22996 	0.00000 	0.22996 	
0.84076	0         	0.07828 	0.20287 	inf     	0.35771 	0.22877 	0.22877 	0.00000 	0.22877 	
0.84176	0         	0.07828 	0.20228 	inf     	0.35771 	0.22754 	0.22754 	0.00000 	0.22754 	
0.84276	0         	0.07828 	0.20171 	inf     	0.35771 	0.22631 	0.22631 	0.00000 	0.22631 	
0.84376	0         	0.07828 	0.20113 	inf     	0.35771 	0.22506 	0.22506 	0.00000 	0.22506 	
0.84476	0         	0.07828 	0.20056 	inf     	0.35771 	0.22385 	0.22385 	0.00000 	0.22385 	
0.84576	0         	0.07828 	0.20000 	inf     	0.35771 	0.22263 	0.22263 	0.00000 	0.22263 	
0.84675	0         	0.07828 	0.19943 	inf     	0.35771 	0.22141 	0.22141 	0.00000 	0.22141 	
0.84775	0         	0.07828 	0.19883 	inf     	0.35771 	0.22013 	0.22013 	0.00000 	0.22013 	
0.84875	0         	0.07828 	0.19825 	inf     	0.35771 	0.21887 	0.21887 	0.00000 	0.21887 	
0.84975	0         	0.07828 	0.19767 	-0.00037	0.35771 	0.21762 	0.21762 	0.00000 	0.21762 	
0.85075	0         	0.07828 	0.19710 	-0.00160	0.35771 	0.21639 	0.21639 	0.00000 	0.21639 	
0.85175	0         	0.07828 	0.19651 	-0.00289	0.35771 	0.21510 	0.21510 	0.00000 	0.21510 	
0.85275	0         	0.07828 	0.19595 	-0.00413	0.35771 	0.21387 	0.21387 	0.00000 	0.21387 	
0.85374	0         	0.07828 	0.19536 	-0.00543	0.35771 	0.21257 	0.21257 	0.00000 	0.21257 	
0.85474	0         	0.07828 	0.19477 	-0.00674	0.35771 	0.21125 	0.21125 	0.00000 	0.21125 	
0.85574	0         	0.07828 	0.19425 	-0.00789	0.35771 	0.21010 	0.21010 	0.00000 	0.21010 	
0.85674	0         	0.07828 	0.19365 	-0.00922	0.35771 	0.20877 	0.20877 	0.00000 	0.20877 	
0.85774	0         	0.07828 	0.19308 	-0.01048	0.35771 	0.20752 	0.20752 	0.00000 	0.20752 	
0.85874	0         	0.07828 	0.19248 	-0.01180	0.35771 	0.20620 	0.20620 	0.00000 	0.20620 	
0.85974	0         	0.07828 	0.19190 	-0.01310	0.35771 	0.20489 	0.20489 	0.00000 	0.20489 	
0.86073	0         	0.07828 	0.19136 	-0.01430	0.35771 	0.20369 	0.20369 	0.00000 	0.20369 	
0.86173	0         	0.07828 	0.19081 	-0.01553	0.35771 	0.20246 	0.20246 	0.00000 	0.20246 	
0.86273	0         	0.07828 	0.19022 	-0.01684	0.35771 	0.20115 	0.20115 	0.00000 	0.20115 	
0.86373	0         	0.07828 	0.18964 	-0.01816	0.35771 	0.19984 	0.19984 	0.00000 	0.19984 	
0.86473	0         	0.07828 	0.18896 	-0.01938	0.35743 	0.19847 	0.19847 	0.00000 	0.19847 	
0.86573	0         	0.07828 	0.18834 	-0.02076	0.35743 	0.19709 	0.19709 	0.00000 	0.19709 	
0.86672	0         	0.07828 	0.18773 	-0.02214	0.35743 	0.19571 	0.19571 	0.00000 	0.19571 	
0.86772	0         	0.07828 	0.18713 	-0.02349	0.35743 	0.19436 	0.19436 	0.00000 	0.19436 	
0.86872	0         	0.07828 	0.18654 	-0.02483	0.35743 	0.19302 	0.19302 	0.00000 	0.19302 	
0.86972	0         	0.07828 	0.18591 	-0.02626	0.35743 	0.19160 	0.19160 	0.00000 	0.19160 	
0.87072	0         	0.07828 	0.18527 	-0.02769	0.35743 	0.19017 	0.19017 	0.00000 	0.19017 	
0.87172	0         	0.07828 	0.18464 	-0.02913	0.35743 	0.18873 	0.18873 	0.00000 	0.18873 	
0.87272	0         	0.07828 	0.18401 	-0.03055	0.35743 	0.18730 	0.18730 	0.00000 	0.18730 	
0.87371	0         	0.07828 	0.18343 	-0.03190	0.35743 	0.18596 	0.18596 	0.00000 	0.18596 	
0.87471	0         	0.07828 	0.18282 	-0.03326	0.35743 	0.18459 	0.18459 	0.00000 	0.18459 	
0.87571	0         	0.07828 	0.18220 	-0.03470	0.35743 	0.18315 	0.18315 	0.00000 	0.18315 	
0.87671	0         	0.07828 	0.18165 	-0.03595	0.35743 	0.18190 	0.18190 	0.00000 	0.18190 	
0.87771	0         	0.07828 	0.18102 	-0.03740	0.35743 	0.18046 	0.18046 	0.00000 	0.18046 	
0.87871	0         	0.07828 	0.18041 	-0.03881	0.35743 	0.17904 	0.17904 	0.00000 	0.17904 	
0.87971	0         	0.07828 	0.17983 	-0.04013	0.35743 	0.17772 	0.17772 	0.00000 	0.17772 	
0.88070	0         	0.07828 	0.17920 	-0.04160	0.35743 	0.17626 	0.17626 	0.00000 	0.17626 	
0.88170	0         	0.07828 	0.17855 	-0.04309	0.35743 	0.17476 	0.17476 	0.00000 	0.17476 	
0.88270	0         	0.07828 	0.17792 	-0.04455	0.35743 	0.17330 	0.17330 	0.00000 	0.17330 	
0.88370	0         	0.07828 	0.17728 	-0.04605	0.35743 	0.17180 	0.17180 	0.00000 	0.17180 	
0.88470	0         	0.07828 	0.17663 	-0.04756	0.35743 	0.17029 	0.17029 	0.00000 	0.17029 	
0.88570	0         	0.07828 	0.17599 	-0.04904	0.35743 	0.16881 	0.16881 	0.00000 	0.16881 	
0.88670	0         	0.07828 	0.17536 	-0.05050	0.35743 	0.16735 	0.16735 	0.00000 	0.16735 	
0.88769	0         	0.07828 	0.17495 	-0.05146	0.35743 	0.16640 	0.16640 	0.00000 	0.16640 	
0.88869	0         	0.07828 	0.17430 	-0.05297	0.35743 	0.16488 	0.16488 	0.00000 	0.16488 	
0.88969	0         	0.07828 	0.17367 	-0.05445	0.35743 	0.16340 	0.16340 	0.00000 	0.16340 	
0.89069	0         	0.07828 	0.17304 	-0.05593	0.35743 	0.16193 	0.16193 	0.00000 	0.16193 	
0.89169	0         	0.07828 	0.17241 	-0.05739	0.35743 	0.16046 	0.16046 	0.00000 	0.16046 	
0.89269	0         	0.07828 	0.17178 	-0.05888	0.35743 	0.15897 	0.15897 	0.00000 	0.15897 	
0.89368	0         	0.07828 	0.17115 	-0.06038	0.35743 	0.15748 	0.15748 	0.00000 	0.15748 	
0.89468	0         	0.07828 	0.17049 	-0.06192	0.35743 	0.15594 	0.15594 	0.00000 	0.15594 	
0.89568	0         	0.07828 	0.16987 	-0.06337	0.35743 	0.15448 	0.15448 	0.00000 	0.15448 	
0.89668	0         	0.07828 	0.16924 	-0.06485	0.35743 	0.15300 	0.15300 	0.00000 	0.15300 	
0.89768	0         	0.07828 	0.16858 	-0.06641	0.35743 	0.15144 	0.15144 	0.00000 	0.15144 	
0.89868	0         	0.07828 	0.16792 	-0.06796	0.35743 	0.14989 	0.14989 	0.00000 	0.14989 	
0.89968	0         	0.07828 	0.16726 	-0.06954	0.35743 	0.14832 	0.14832 	0.00000 	0.14832 	
0.90067	0         	0.07828 	0.16661 	-0.07106	0.35743 	0.14680 	0.14680 	0.00000 	0.14680 	
0.90167	0         	0.07828 	0.16603 	-0.07245	0.35743 	0.14540 	0.14540 	0.00000 	0.14540 	
0.90267	0         	0.07828 	0.16537 	-0.07402	0.35743 	0.14383 	0.14383 	0.00000 	0.14383 	
0.90367	0         	0.07828 	0.16472 	-0.07557	0.35743 	0.14228 	0.14228 	0.00000 	0.14228 	
0.90467	0         	0.07828 	0.16405 	-0.07715	0.35743 	0.14070 	0.14070 	0.00000 	0.14070 	
0.90567	0         	0.07828 	0.16340 	-0.07871	0.35743 	0.13915 	0.13915 	0.00000 	0.13915 	
0.90667	0         	0.07820 	0.16307 	-0.07949	0.35743 	0.13836 	0.13836 	0.00000 	0.13836 	
0.90766	0         	0.07793 	0.16291 	-0.07987	0.35743 	0.13798 	0.13798 	0.00000 	0.13798 	
0.90866	0         	0.07684 	0.16223 	-0.08147	0.35743 	0.13639 	0.13639 	0.00000 	0.13639 	
0.90966	0         	0.07573 	0.16155 	-0.08308	0.35743 	0.13477 	0.13477 	0.00000 	0.13477 	
0.91066	0         	0.07468 	0.16091 	-0.08461	0.35743 	0.13324 	0.13324 	0.00000 	0.13324 	
0.91166	0         	0.07357 	0.16023 	-0.08622	0.35743 	0.13164 	0.13164 	0.00000 	0.13164 	
0.91266	0         	0.07257 	0.15961 	-0.08769	0.35743 	0.13016 	0.13016 	0.00000 	0.13016 	
0.91366	0         	0.07146 	0.15893 	-0.08931	0.35743 	0.12855 	0.12855 	0.00000 	0.12855 	
0.91465	0         	0.07045 	0.15828 	-0.09087	0.35743 	0.12698 	0.12698 	0.00000 	0.12698 	
0.91565	0         	0.06934 	0.15760 	-0.09251	0.35743 	0.12534 	0.12534 	0.00000 	0.12534 	
0.91665	0         	0.06825 	0.15692 	-0.09413	0.35743 	0.12373 	0.12373 	0.00000 	0.12373 	
0.91765	0         	0.06722 	0.15628 	-0.09565	0.35743 	0.12220 	0.12220 	0.00000 	0.12220 	
0.91865	0         	0.06614 	0.15560 	-0.09729	0.35743 	0.12057 	0.12057 	0.00000 	0.12057 	
0.91965	0         	0.06505 	0.15492 	-0.09893	0.35743 	0.11892 	0.11892 	0.00000 	0.11892 	
0.92064	0         	0.06399 	0.15423 	-0.10044	0.35729 	0.11735 	0.11735 	0.00000 	0.11735 	
0.92164	0         	0.06302 	0.15324 	-0.10118	0.35580 	0.11587 	0.11587 	0.00000 	0.11587 	
0.92264	0         	0.06211 	0.15189 	-0.10091	0.35263 	0.11455 	0.11455 	0.00000 	0.11455 	
0.92364	0         	0.06139 	0.15064 	-0.10033	0.34938 	0.11350 	0.11350 	0.00000 	0.11350 	
0.92464	0         	0.06053 	0.14918 	-0.09969	0.34565 	0.11227 	0.11227 	0.00000 	0.11227 	
0.92564	0         	0.05969 	0.14776 	-0.09906	0.34198 	0.11107 	0.11107 	0.00000 	0.11107 	
0.92664	0         	0.05884 	0.14639 	-0.09859	0.33859 	0.10985 	0.10985 	0.00000 	0.10985 	
0.92763	0         	0.05802 	0.14500 	-0.09804	0.33506 	0.10863 	0.10863 	0.00000 	0.10863 	
0.92863	0         	0.05712 	0.14355 	-0.09754	0.33147 	0.10734 	0.10734 	0.00000 	0.10734 	
0.92963	0         	0.05626 	0.14214 	-0.09713	0.32801 	0.10602 	0.10602 	0.00000 	0.10602 	
0.93063	0         	0.05539 	0.14071 	-0.09670	0.32448 	0.10468 	0.10468 	0.00000 	0.10468 	
0.93163	0         	0.05457 	0.13928 	-0.09619	0.32089 	0.10339 	0.10339 	0.00000 	0.10339 	
0.93263	0         	0.05370 	0.13773 	-0.09549	0.31686 	0.10208 	0.10208 	0.00000 	0.10208 	
0.93363	0         	0.05280 	0.13617 	-0.09480	0.31284 	0.10077 	0.10077 	0.00000 	0.10077 	
0.93462	0         	0.05192 	0.13459 	-0.09402	0.30868 	0.09947 	0.09947 	0.00000 	0.09947 	
0.93562	0         	0.05114 	0.13313 	-0.09344	0.30494 	0.09817 	0.09817 	0.00000 	0.09817 	
0.93662	0         	0.05031 	0.13170 	-0.09307	0.30142 	0.09678 	0.09678 	0.00000 	0.09678 	
0.93762	0         	0.04944 	0.13029 	-0.09276	0.29803 	0.09540 	0.09540 	0.00000 	0.09540 	
0.93862	0         	0.04860 	0.12881 	-0.09221	0.29429 	0.09408 	0.09408 	0.00000 	0.09408 	
0.93962	0         	0.04776 	0.12743 	-0.09182	0.29090 	0.09277 	0.09277 	0.00000 	0.09277 	
0.94062	0         	0.04704 	0.12606 	-0.09127	0.28738 	0.09156 	0.09156 	0.00000 	0.09156 	
0.94161	0         	0.04622 	0.12456 	-0.09066	0.28350 	0.09023 	0.09023 	0.00000 	0.09023 	
0.94261	0         	0.04535 	0.12307 	-0.09025	0.27983 	0.08880 	0.08880 	0.00000 	0.08880 	
0.94361	0         	0.04450 	0.12152 	-0.08966	0.27588 	0.08742 	0.08742 	0.00000 	0.08742 	
0.94461	0         	0.04362 	0.12004 	-0.08931	0.27228 	0.08597 	0.08597 	0.00000 	0.08597 	
0.94561	0         	0.04280 	0.11854 	-0.08887	0.26854 	0.08455 	0.08455 	0.00000 	0.08455 	
0.94661	0         	0.04194 	0.11700 	-0.08836	0.26466 	0.08311 	0.08311 	0.00000 	0.08311 	
0.94760	0         	0.04112 	0.11548 	-0.08790	0.26085 	0.08167 	0.08167 	0.00000 	0.08167 	
0.94860	0         	0.04030 	0.11392 	-0.08730	0.25683 	0.08026 	0.08026 	0.00000 	0.08026 	
0.94960	0         	0.03944 	0.11236 	-0.08676	0.25288 	0.07882 	0.07882 	0.00000 	0.07882 	
0.95060	0         	0.03858 	0.11080 	-0.08629	0.24900 	0.07735 	0.07735 	0.00000 	0.07735 	
0.95160	0         	0.03773 	0.10931 	-0.08593	0.24533 	0.07588 	0.07588 	0.00000 	0.07588 	
0.95260	0         	0.03686 	0.10781 	-0.08556	0.24167 	0.07441 	0.07441 	0.00000 	0.07441 	
0.95360	0         	0.03597 	0.10627 	-0.08521	0.23793 	0.07289 	0.07289 	0.00000 	0.07289 	
0.95459	0         	0.03511 	0.10476 	-0.08490	0.23426 	0.07137 	0.07137 	0.00000 	0.07137 	
0.95559	0         	0.03424 	0.10314 	-0.08437	0.23017 	0.06986 	0.06986 	0.00000 	0.06986 	
0.95659	0         	0.03346 	0.10146 	-0.08362	0.22572 	0.06838 	0.06838 	0.00000 	0.06838 	
0.95759	0         	0.03266 	0.09977 	-0.08272	0.22114 	0.06699 	0.06699 	0.00000 	0.06699 	
0.95859	0         	0.03187 	0.09804 	-0.08187	0.21648 	0.06551 	0.06551 	0.00000 	0.06551 	
0.95959	0         	0.03109 	0.09631 	-0.08101	0.21183 	0.06404 	0.06404 	0.00000 	0.06404 	
0.96059	0         	0.03030 	0.09457 	-0.08019	0.20717 	0.06253 	0.06253 	0.00000 	0.06253 	
0.96158	0         	0.02953 	0.09284 	-0.07937	0.20252 	0.06103 	0.06103 	0.00000 	0.06103 	
0.96258	0         	0.02875 	0.09119 	-0.07865	0.19814 	0.05956 	0.05956 	0.00000 	0.05956 	
0.96358	0         	0.02794 	0.08943 	-0.07787	0.19349 	0.05802 	0.05802 	0.00000 	0.05802 	
0.96458	0         	0.02717 	0.08771 	-0.07708	0.18890 	0.05651 	0.05651 	0.00000 	0.05651 	
0.96558	0         	0.02640 	0.08604 	-0.07636	0.18446 	0.05501 	0.05501 	0.00000 	0.05501 	
0.96658	0         	0.02561 	0.08428 	-0.07560	0.17980 	0.05344 	0.05344 	0.00000 	0.05344 	
0.96758	0         	0.02482 	0.08248 	-0.07474	0.17493 	0.05187 	0.05187 	0.00000 	0.05187 	
0.96857	0         	0.02404 	0.08064 	-0.07378	0.16993 	0.05033 	0.05033 	0.00000 	0.05033 	
0.96957	0         	0.02325 	0.07878 	-0.07282	0.16485 	0.04874 	0.04874 	0.00000 	0.04874 	
0.97057	0         	0.02251 	0.07702 	-0.07193	0.16005 	0.04724 	0.04724 	0.00000 	0.04724 	
0.97157	0         	0.02171 	0.07512 	-0.07091	0.15483 	0.04564 	0.04564 	0.00000 	0.04564 	
0.97257	0         	0.02096 	0.07334 	-0.06998	0.14996 	0.04415 	0.04415 	0.00000 	0.04415 	
0.97357	0         	0.02017 	0.07140 	-0.06889	0.14460 	0.04255 	0.04255 	0.00000 	0.04255 	
0.97456	0         	0.01936 	0.06945 	-0.06782	0.13924 	0.04094 	0.04094 	0.00000 	0.04094 	
0.97556	0         	0.01856 	0.06758 	-0.06692	0.13416 	0.03930 	0.03930 	0.00000 	0.03930 	
0.97656	0         	0.01776 	0.06568 	-0.06599	0.12901 	0.03766 	0.03766 	0.00000 	0.03766 	
0.97756	0         	0.01697 	0.06376 	-0.06504	0.12379 	0.03600 	0.03600 	0.00000 	0.03600 	
0.97856	0         	0.01621 	0.06188 	-0.06417	0.11871 	0.03432 	0.03432 	0.00000 	0.03432 	
0.97956	0         	0.01540 	0.05993 	-0.06322	0.11342 	0.03263 	0.03263 	0.00000 	0.03263 	
0.98056	0         	0.01461 	0.05803 	-0.06235	0.10827 	0.03093 	0.03093 	0.00000 	0.03093 	
0.98155	0         	0.01387 	0.05615 	-0.06139	0.10312 	0.02932 	0.02932 	0.00000 	0.02932 	
0.98255	0         	0.01310 	0.05416 	-0.06031	0.09762 	0.02765 	0.02765 	0.00000 	0.02765 	
0.98355	0         	0.01231 	0.05196 	-0.05877	0.09212 	0.02600 	0.02600 	0.00000 	0.02600 	
0.98455	0         	0.01155 	0.04931 	-0.05594	0.08690 	0.02461 	0.02461 	0.00000 	0.02461 	
0.98555	0         	0.01081 	0.04659 	-0.05300	0.08154 	0.02318 	0.02318 	0.00000 	0.02318 	
0.98655	0         	0.01004 	0.04373 	-0.04977	0.07611 	0.02177 	0.02177 	0.00000 	0.02177 	
0.98755	0         	0.00932 	0.04085 	-0.04637	0.07082 	0.02045 	0.02045 	0.00000 	0.02045 	
0.98854	0         	0.00853 	0.03785 	-0.04288	0.06525 	0.01903 	0.01903 	0.00000 	0.01903 	
0.98954	0         	0.00777 	0.03487 	-0.03943	0.05967 	0.01761 	0.01761 	0.00000 	0.01761 	
0.99054	0         	0.00705 	0.03197 	-0.03623	0.05438 	0.01612 	0.01612 	0.00000 	0.01612 	
0.99154	0         	0.00631 	0.02895 	-0.03283	0.04895 	0.01461 	0.01461 	0.00000 	0.01461 	
0.99254	0         	0.00553 	0.02591 	-0.02951	0.04324 	0.01304 	0.01304 	0.00000 	0.01304 	
0.99354	0         	0.00477 	0.02272 	-0.02590	0.03760 	0.01143 	0.01143 	0.00000 	0.01143 	
0.99454	0         	0.00404 	0.01942 	-0.02211	0.03202 	0.00980 	0.00980 	0.00000 	0.00980 	
0.99553	0         	0.00330 	0.01615 	-0.01845	0.02677 	0.00813 	0.00813 	0.00000 	0.00813 	
0.99653	0         	0.00258 	0.01281 	-0.01472	0.02159 	0.00641 	0.00641 	0.00000 	0.00641 	
0.99753	0         	0.00183 	0.00921 	-0.01052	0.01555 	0.00466 	0.00466 	0.00000 	0.00466 	
0.99853	0         	0.00111 	0.00572 	-0.00661	0.00981 	0.00285 	0.00285 	0.00000 	0.00285 	
0.99953	0         	0.00036 	0.00189 	-0.00219	0.00330 	0.00094 	0.00094 	0.00000 	0.00094 	
1.00000	0         	0.00000 	0.00000 	0.00000 	0.00000 	0.00000 	0.00000 	0.00000 	0.00000 	
