Prop_landscape_lost  cost_needed_for_top_fraction  min_prop_rem  ave_prop_rem  weighted_ave_prop_rem   prop_remaining_at_level_of_removal_for_each_ssi_feature...
0.0000  2.0202e+005  1.0000 1.0000 1.0000   1.000 1.000 
0.0010  2.0181e+005  1.0000 1.0000 1.0000   1.000 1.000 
0.0020  2.0161e+005  1.0000 1.0000 1.0000   1.000 1.000 
0.0030  2.0141e+005  1.0000 1.0000 1.0000   1.000 1.000 
0.0040  2.0121e+005  1.0000 1.0000 1.0000   1.000 1.000 
0.0050  2.0101e+005  1.0000 1.0000 1.0000   1.000 1.000 
0.0060  2.008e+005  1.0000 1.0000 1.0000   1.000 1.000 
0.0070  2.006e+005  1.0000 1.0000 1.0000   1.000 1.000 
0.0080  2.004e+005  1.0000 1.0000 1.0000   1.000 1.000 
0.0090  2.002e+005  1.0000 1.0000 1.0000   1.000 1.000 
0.0100  2e+005      1.0000 1.0000 1.0000   1.000 1.000 
0.0110  1.9979e+005  1.0000 1.0000 1.0000   1.000 1.000 
0.0120  1.9959e+005  1.0000 1.0000 1.0000   1.000 1.000 
0.0130  1.9939e+005  1.0000 1.0000 1.0000   1.000 1.000 
0.0140  1.9919e+005  1.0000 1.0000 1.0000   1.000 1.000 
0.0150  1.9899e+005  1.0000 1.0000 1.0000   1.000 1.000 
0.0160  1.9878e+005  1.0000 1.0000 1.0000   1.000 1.000 
0.0170  1.9858e+005  1.0000 1.0000 1.0000   1.000 1.000 
0.0180  1.9838e+005  1.0000 1.0000 1.0000   1.000 1.000 
0.0190  1.9818e+005  1.0000 1.0000 1.0000   1.000 1.000 
0.0200  1.9798e+005  1.0000 1.0000 1.0000   1.000 1.000 
0.0210  1.9777e+005  1.0000 1.0000 1.0000   1.000 1.000 
0.0220  1.9757e+005  1.0000 1.0000 1.0000   1.000 1.000 
0.0230  1.9737e+005  1.0000 1.0000 1.0000   1.000 1.000 
0.0240  1.9717e+005  1.0000 1.0000 1.0000   1.000 1.000 
0.0250  1.9697e+005  1.0000 1.0000 1.0000   1.000 1.000 
0.0260  1.9676e+005  1.0000 1.0000 1.0000   1.000 1.000 
0.0270  1.9656e+005  1.0000 1.0000 1.0000   1.000 1.000 
0.0280  1.9636e+005  1.0000 1.0000 1.0000   1.000 1.000 
0.0290  1.9616e+005  1.0000 1.0000 1.0000   1.000 1.000 
0.0300  1.9596e+005  1.0000 1.0000 1.0000   1.000 1.000 
0.0310  1.9575e+005  1.0000 1.0000 1.0000   1.000 1.000 
0.0320  1.9555e+005  1.0000 1.0000 1.0000   1.000 1.000 
0.0330  1.9535e+005  1.0000 1.0000 1.0000   1.000 1.000 
0.0340  1.9515e+005  1.0000 1.0000 1.0000   1.000 1.000 
0.0350  1.9495e+005  1.0000 1.0000 1.0000   1.000 1.000 
0.0360  1.9474e+005  1.0000 1.0000 1.0000   1.000 1.000 
0.0370  1.9454e+005  1.0000 1.0000 1.0000   1.000 1.000 
0.0380  1.9434e+005  1.0000 1.0000 1.0000   1.000 1.000 
0.0390  1.9414e+005  1.0000 1.0000 1.0000   1.000 1.000 
0.0400  1.9394e+005  1.0000 1.0000 1.0000   1.000 1.000 
0.0410  1.9373e+005  1.0000 1.0000 1.0000   1.000 1.000 
0.0420  1.9353e+005  1.0000 1.0000 1.0000   1.000 1.000 
0.0430  1.9333e+005  1.0000 1.0000 1.0000   1.000 1.000 
0.0440  1.9313e+005  1.0000 1.0000 1.0000   1.000 1.000 
0.0450  1.9293e+005  1.0000 1.0000 1.0000   1.000 1.000 
0.0460  1.9272e+005  1.0000 1.0000 1.0000   1.000 1.000 
0.0470  1.9252e+005  1.0000 1.0000 1.0000   1.000 1.000 
0.0480  1.9232e+005  1.0000 1.0000 1.0000   1.000 1.000 
0.0490  1.9212e+005  1.0000 1.0000 1.0000   1.000 1.000 
0.0500  1.9192e+005  1.0000 1.0000 1.0000   1.000 1.000 
0.0510  1.9171e+005  1.0000 1.0000 1.0000   1.000 1.000 
0.0520  1.9151e+005  1.0000 1.0000 1.0000   1.000 1.000 
0.0530  1.9131e+005  1.0000 1.0000 1.0000   1.000 1.000 
0.0540  1.9111e+005  1.0000 1.0000 1.0000   1.000 1.000 
0.0550  1.9091e+005  1.0000 1.0000 1.0000   1.000 1.000 
0.0560  1.907e+005  1.0000 1.0000 1.0000   1.000 1.000 
0.0570  1.905e+005  1.0000 1.0000 1.0000   1.000 1.000 
0.0580  1.903e+005  1.0000 1.0000 1.0000   1.000 1.000 
0.0590  1.901e+005  1.0000 1.0000 1.0000   1.000 1.000 
0.0600  1.899e+005  1.0000 1.0000 1.0000   1.000 1.000 
0.0610  1.8969e+005  1.0000 1.0000 1.0000   1.000 1.000 
0.0620  1.8949e+005  1.0000 1.0000 1.0000   1.000 1.000 
0.0630  1.8929e+005  1.0000 1.0000 1.0000   1.000 1.000 
0.0640  1.8909e+005  1.0000 1.0000 1.0000   1.000 1.000 
0.0650  1.8889e+005  1.0000 1.0000 1.0000   1.000 1.000 
0.0660  1.8868e+005  1.0000 1.0000 1.0000   1.000 1.000 
0.0670  1.8848e+005  1.0000 1.0000 1.0000   1.000 1.000 
0.0680  1.8828e+005  1.0000 1.0000 1.0000   1.000 1.000 
0.0690  1.8808e+005  1.0000 1.0000 1.0000   1.000 1.000 
0.0700  1.8788e+005  1.0000 1.0000 1.0000   1.000 1.000 
0.0710  1.8767e+005  1.0000 1.0000 1.0000   1.000 1.000 
0.0720  1.8747e+005  1.0000 1.0000 1.0000   1.000 1.000 
0.0730  1.8727e+005  1.0000 1.0000 1.0000   1.000 1.000 
0.0740  1.8707e+005  1.0000 1.0000 1.0000   1.000 1.000 
0.0750  1.8687e+005  1.0000 1.0000 1.0000   1.000 1.000 
0.0760  1.8666e+005  1.0000 1.0000 1.0000   1.000 1.000 
0.0770  1.8646e+005  1.0000 1.0000 1.0000   1.000 1.000 
0.0780  1.8626e+005  1.0000 1.0000 1.0000   1.000 1.000 
0.0790  1.8606e+005  1.0000 1.0000 1.0000   1.000 1.000 
0.0800  1.8586e+005  1.0000 1.0000 1.0000   1.000 1.000 
0.0810  1.8565e+005  1.0000 1.0000 1.0000   1.000 1.000 
0.0820  1.8545e+005  1.0000 1.0000 1.0000   1.000 1.000 
0.0830  1.8525e+005  1.0000 1.0000 1.0000   1.000 1.000 
0.0840  1.8505e+005  1.0000 1.0000 1.0000   1.000 1.000 
0.0850  1.8485e+005  1.0000 1.0000 1.0000   1.000 1.000 
0.0860  1.8464e+005  1.0000 1.0000 1.0000   1.000 1.000 
0.0870  1.8444e+005  1.0000 1.0000 1.0000   1.000 1.000 
0.0880  1.8424e+005  1.0000 1.0000 1.0000   1.000 1.000 
0.0890  1.8404e+005  1.0000 1.0000 1.0000   1.000 1.000 
0.0900  1.8384e+005  1.0000 1.0000 1.0000   1.000 1.000 
0.0910  1.8363e+005  1.0000 1.0000 1.0000   1.000 1.000 
0.0920  1.8343e+005  1.0000 1.0000 1.0000   1.000 1.000 
0.0930  1.8323e+005  1.0000 1.0000 1.0000   1.000 1.000 
0.0940  1.8303e+005  1.0000 1.0000 1.0000   1.000 1.000 
0.0950  1.8283e+005  1.0000 1.0000 1.0000   1.000 1.000 
0.0960  1.8262e+005  1.0000 1.0000 1.0000   1.000 1.000 
0.0970  1.8242e+005  1.0000 1.0000 1.0000   1.000 1.000 
0.0980  1.8222e+005  1.0000 1.0000 1.0000   1.000 1.000 
0.0990  1.8202e+005  1.0000 1.0000 1.0000   1.000 1.000 
0.1000  1.8182e+005  1.0000 1.0000 1.0000   1.000 1.000 
0.1010  1.8161e+005  1.0000 1.0000 1.0000   1.000 1.000 
0.1020  1.8141e+005  1.0000 1.0000 1.0000   1.000 1.000 
0.1030  1.8121e+005  1.0000 1.0000 1.0000   1.000 1.000 
0.1040  1.8101e+005  1.0000 1.0000 1.0000   1.000 1.000 
0.1050  1.8081e+005  1.0000 1.0000 1.0000   1.000 1.000 
0.1060  1.806e+005  1.0000 1.0000 1.0000   1.000 1.000 
0.1070  1.804e+005  1.0000 1.0000 1.0000   1.000 1.000 
0.1080  1.802e+005  1.0000 1.0000 1.0000   1.000 1.000 
0.1090  1.8e+005    1.0000 1.0000 1.0000   1.000 1.000 
0.1100  1.798e+005  1.0000 1.0000 1.0000   1.000 1.000 
0.1110  1.7959e+005  1.0000 1.0000 1.0000   1.000 1.000 
0.1120  1.7939e+005  1.0000 1.0000 1.0000   1.000 1.000 
0.1130  1.7919e+005  1.0000 1.0000 1.0000   1.000 1.000 
0.1140  1.7899e+005  1.0000 1.0000 1.0000   1.000 1.000 
0.1150  1.7879e+005  1.0000 1.0000 1.0000   1.000 1.000 
0.1160  1.7858e+005  1.0000 1.0000 1.0000   1.000 1.000 
0.1170  1.7838e+005  1.0000 1.0000 1.0000   1.000 1.000 
0.1180  1.7818e+005  1.0000 1.0000 1.0000   1.000 1.000 
0.1190  1.7798e+005  1.0000 1.0000 1.0000   1.000 1.000 
0.1200  1.7778e+005  1.0000 1.0000 1.0000   1.000 1.000 
0.1210  1.7757e+005  1.0000 1.0000 1.0000   1.000 1.000 
0.1220  1.7737e+005  1.0000 1.0000 1.0000   1.000 1.000 
0.1230  1.7717e+005  1.0000 1.0000 1.0000   1.000 1.000 
0.1240  1.7697e+005  1.0000 1.0000 1.0000   1.000 1.000 
0.1250  1.7677e+005  1.0000 1.0000 1.0000   1.000 1.000 
0.1260  1.7656e+005  1.0000 1.0000 1.0000   1.000 1.000 
0.1270  1.7636e+005  1.0000 1.0000 1.0000   1.000 1.000 
0.1280  1.7616e+005  1.0000 1.0000 1.0000   1.000 1.000 
0.1290  1.7596e+005  1.0000 1.0000 1.0000   1.000 1.000 
0.1300  1.7576e+005  1.0000 1.0000 1.0000   1.000 1.000 
0.1310  1.7555e+005  1.0000 1.0000 1.0000   1.000 1.000 
0.1320  1.7535e+005  1.0000 1.0000 1.0000   1.000 1.000 
0.1330  1.7515e+005  1.0000 1.0000 1.0000   1.000 1.000 
0.1340  1.7495e+005  1.0000 1.0000 1.0000   1.000 1.000 
0.1350  1.7475e+005  1.0000 1.0000 1.0000   1.000 1.000 
0.1360  1.7454e+005  1.0000 1.0000 1.0000   1.000 1.000 
0.1370  1.7434e+005  1.0000 1.0000 1.0000   1.000 1.000 
0.1380  1.7414e+005  1.0000 1.0000 1.0000   1.000 1.000 
0.1390  1.7394e+005  1.0000 1.0000 1.0000   1.000 1.000 
0.1400  1.7374e+005  1.0000 1.0000 1.0000   1.000 1.000 
0.1410  1.7353e+005  1.0000 1.0000 1.0000   1.000 1.000 
0.1420  1.7333e+005  1.0000 1.0000 1.0000   1.000 1.000 
0.1430  1.7313e+005  1.0000 1.0000 1.0000   1.000 1.000 
0.1440  1.7293e+005  1.0000 1.0000 1.0000   1.000 1.000 
0.1450  1.7273e+005  1.0000 1.0000 1.0000   1.000 1.000 
0.1460  1.7252e+005  1.0000 1.0000 1.0000   1.000 1.000 
0.1470  1.7232e+005  1.0000 1.0000 1.0000   1.000 1.000 
0.1480  1.7212e+005  1.0000 1.0000 1.0000   1.000 1.000 
0.1490  1.7192e+005  1.0000 1.0000 1.0000   1.000 1.000 
0.1500  1.7172e+005  1.0000 1.0000 1.0000   1.000 1.000 
0.1510  1.7151e+005  1.0000 1.0000 1.0000   1.000 1.000 
0.1520  1.7131e+005  1.0000 1.0000 1.0000   1.000 1.000 
0.1530  1.7111e+005  1.0000 1.0000 1.0000   1.000 1.000 
0.1540  1.7091e+005  1.0000 1.0000 1.0000   1.000 1.000 
0.1550  1.7071e+005  1.0000 1.0000 1.0000   1.000 1.000 
0.1560  1.705e+005  1.0000 1.0000 1.0000   1.000 1.000 
0.1570  1.703e+005  1.0000 1.0000 1.0000   1.000 1.000 
0.1580  1.701e+005  1.0000 1.0000 1.0000   1.000 1.000 
0.1590  1.699e+005  1.0000 1.0000 1.0000   1.000 1.000 
0.1600  1.697e+005  1.0000 1.0000 1.0000   1.000 1.000 
0.1610  1.6949e+005  1.0000 1.0000 1.0000   1.000 1.000 
0.1620  1.6929e+005  1.0000 1.0000 1.0000   1.000 1.000 
0.1630  1.6909e+005  1.0000 1.0000 1.0000   1.000 1.000 
0.1640  1.6889e+005  1.0000 1.0000 1.0000   1.000 1.000 
0.1650  1.6869e+005  1.0000 1.0000 1.0000   1.000 1.000 
0.1660  1.6848e+005  1.0000 1.0000 1.0000   1.000 1.000 
0.1670  1.6828e+005  1.0000 1.0000 1.0000   1.000 1.000 
0.1680  1.6808e+005  1.0000 1.0000 1.0000   1.000 1.000 
0.1690  1.6788e+005  1.0000 1.0000 1.0000   1.000 1.000 
0.1700  1.6768e+005  1.0000 1.0000 1.0000   1.000 1.000 
0.1710  1.6747e+005  1.0000 1.0000 1.0000   1.000 1.000 
0.1720  1.6727e+005  1.0000 1.0000 1.0000   1.000 1.000 
0.1730  1.6707e+005  1.0000 1.0000 1.0000   1.000 1.000 
0.1740  1.6687e+005  1.0000 1.0000 1.0000   1.000 1.000 
0.1750  1.6667e+005  1.0000 1.0000 1.0000   1.000 1.000 
0.1760  1.6646e+005  1.0000 1.0000 1.0000   1.000 1.000 
0.1770  1.6626e+005  1.0000 1.0000 1.0000   1.000 1.000 
0.1780  1.6606e+005  1.0000 1.0000 1.0000   1.000 1.000 
0.1790  1.6586e+005  1.0000 1.0000 1.0000   1.000 1.000 
0.1800  1.6566e+005  1.0000 1.0000 1.0000   1.000 1.000 
0.1810  1.6545e+005  1.0000 1.0000 1.0000   1.000 1.000 
0.1820  1.6525e+005  1.0000 1.0000 1.0000   1.000 1.000 
0.1830  1.6505e+005  1.0000 1.0000 1.0000   1.000 1.000 
0.1840  1.6485e+005  1.0000 1.0000 1.0000   1.000 1.000 
0.1850  1.6465e+005  1.0000 1.0000 1.0000   1.000 1.000 
0.1860  1.6444e+005  1.0000 1.0000 1.0000   1.000 1.000 
0.1870  1.6424e+005  1.0000 1.0000 1.0000   1.000 1.000 
0.1880  1.6404e+005  1.0000 1.0000 1.0000   1.000 1.000 
0.1890  1.6384e+005  1.0000 1.0000 1.0000   1.000 1.000 
0.1900  1.6364e+005  1.0000 1.0000 1.0000   1.000 1.000 
0.1910  1.6343e+005  1.0000 1.0000 1.0000   1.000 1.000 
0.1920  1.6323e+005  1.0000 1.0000 1.0000   1.000 1.000 
0.1930  1.6303e+005  1.0000 1.0000 1.0000   1.000 1.000 
0.1940  1.6283e+005  1.0000 1.0000 1.0000   1.000 1.000 
0.1950  1.6263e+005  1.0000 1.0000 1.0000   1.000 1.000 
0.1960  1.6242e+005  1.0000 1.0000 1.0000   1.000 1.000 
0.1970  1.6222e+005  1.0000 1.0000 1.0000   1.000 1.000 
0.1980  1.6202e+005  1.0000 1.0000 1.0000   1.000 1.000 
0.1990  1.6182e+005  1.0000 1.0000 1.0000   1.000 1.000 
0.2000  1.6162e+005  1.0000 1.0000 1.0000   1.000 1.000 
0.2010  1.6141e+005  1.0000 1.0000 1.0000   1.000 1.000 
0.2020  1.6121e+005  1.0000 1.0000 1.0000   1.000 1.000 
0.2030  1.6101e+005  1.0000 1.0000 1.0000   1.000 1.000 
0.2040  1.6081e+005  1.0000 1.0000 1.0000   1.000 1.000 
0.2050  1.6061e+005  1.0000 1.0000 1.0000   1.000 1.000 
0.2060  1.604e+005  1.0000 1.0000 1.0000   1.000 1.000 
0.2070  1.602e+005  1.0000 1.0000 1.0000   1.000 1.000 
0.2080  1.6e+005    1.0000 1.0000 1.0000   1.000 1.000 
0.2090  1.598e+005  1.0000 1.0000 1.0000   1.000 1.000 
0.2100  1.596e+005  1.0000 1.0000 1.0000   1.000 1.000 
0.2110  1.5939e+005  1.0000 1.0000 1.0000   1.000 1.000 
0.2120  1.5919e+005  1.0000 1.0000 1.0000   1.000 1.000 
0.2130  1.5899e+005  1.0000 1.0000 1.0000   1.000 1.000 
0.2140  1.5879e+005  1.0000 1.0000 1.0000   1.000 1.000 
0.2150  1.5859e+005  1.0000 1.0000 1.0000   1.000 1.000 
0.2160  1.5838e+005  1.0000 1.0000 1.0000   1.000 1.000 
0.2170  1.5818e+005  1.0000 1.0000 1.0000   1.000 1.000 
0.2180  1.5798e+005  1.0000 1.0000 1.0000   1.000 1.000 
0.2190  1.5778e+005  1.0000 1.0000 1.0000   1.000 1.000 
0.2200  1.5758e+005  1.0000 1.0000 1.0000   1.000 1.000 
0.2210  1.5737e+005  1.0000 1.0000 1.0000   1.000 1.000 
0.2220  1.5717e+005  1.0000 1.0000 1.0000   1.000 1.000 
0.2230  1.5697e+005  1.0000 1.0000 1.0000   1.000 1.000 
0.2240  1.5677e+005  1.0000 1.0000 1.0000   1.000 1.000 
0.2250  1.5657e+005  1.0000 1.0000 1.0000   1.000 1.000 
0.2260  1.5636e+005  1.0000 1.0000 1.0000   1.000 1.000 
0.2270  1.5616e+005  1.0000 1.0000 1.0000   1.000 1.000 
0.2280  1.5596e+005  1.0000 1.0000 1.0000   1.000 1.000 
0.2290  1.5576e+005  1.0000 1.0000 1.0000   1.000 1.000 
0.2300  1.5556e+005  1.0000 1.0000 1.0000   1.000 1.000 
0.2310  1.5535e+005  1.0000 1.0000 1.0000   1.000 1.000 
0.2320  1.5515e+005  1.0000 1.0000 1.0000   1.000 1.000 
0.2330  1.5495e+005  1.0000 1.0000 1.0000   1.000 1.000 
0.2340  1.5475e+005  1.0000 1.0000 1.0000   1.000 1.000 
0.2350  1.5455e+005  1.0000 1.0000 1.0000   1.000 1.000 
0.2360  1.5434e+005  1.0000 1.0000 1.0000   1.000 1.000 
0.2370  1.5414e+005  1.0000 1.0000 1.0000   1.000 1.000 
0.2380  1.5394e+005  1.0000 1.0000 1.0000   1.000 1.000 
0.2390  1.5374e+005  1.0000 1.0000 1.0000   1.000 1.000 
0.2400  1.5354e+005  1.0000 1.0000 1.0000   1.000 1.000 
0.2410  1.5333e+005  1.0000 1.0000 1.0000   1.000 1.000 
0.2420  1.5313e+005  1.0000 1.0000 1.0000   1.000 1.000 
0.2430  1.5293e+005  1.0000 1.0000 1.0000   1.000 1.000 
0.2440  1.5273e+005  1.0000 1.0000 1.0000   1.000 1.000 
0.2450  1.5253e+005  1.0000 1.0000 1.0000   1.000 1.000 
0.2460  1.5232e+005  1.0000 1.0000 1.0000   1.000 1.000 
0.2470  1.5212e+005  1.0000 1.0000 1.0000   1.000 1.000 
0.2480  1.5192e+005  1.0000 1.0000 1.0000   1.000 1.000 
0.2490  1.5172e+005  1.0000 1.0000 1.0000   1.000 1.000 
0.2500  1.5152e+005  1.0000 1.0000 1.0000   1.000 1.000 
0.2510  1.5131e+005  1.0000 1.0000 1.0000   1.000 1.000 
0.2520  1.5111e+005  1.0000 1.0000 1.0000   1.000 1.000 
0.2530  1.5091e+005  1.0000 1.0000 1.0000   1.000 1.000 
0.2540  1.5071e+005  1.0000 1.0000 1.0000   1.000 1.000 
0.2550  1.5051e+005  1.0000 1.0000 1.0000   1.000 1.000 
0.2560  1.503e+005  1.0000 1.0000 1.0000   1.000 1.000 
0.2570  1.501e+005  1.0000 1.0000 1.0000   1.000 1.000 
0.2580  1.499e+005  1.0000 1.0000 1.0000   1.000 1.000 
0.2590  1.497e+005  1.0000 1.0000 1.0000   1.000 1.000 
0.2600  1.495e+005  1.0000 1.0000 1.0000   1.000 1.000 
0.2610  1.4929e+005  1.0000 1.0000 1.0000   1.000 1.000 
0.2620  1.4909e+005  1.0000 1.0000 1.0000   1.000 1.000 
0.2630  1.4889e+005  1.0000 1.0000 1.0000   1.000 1.000 
0.2640  1.4869e+005  1.0000 1.0000 1.0000   1.000 1.000 
0.2650  1.4849e+005  1.0000 1.0000 1.0000   1.000 1.000 
0.2660  1.4828e+005  1.0000 1.0000 1.0000   1.000 1.000 
0.2670  1.4808e+005  1.0000 1.0000 1.0000   1.000 1.000 
0.2680  1.4788e+005  1.0000 1.0000 1.0000   1.000 1.000 
0.2690  1.4768e+005  1.0000 1.0000 1.0000   1.000 1.000 
0.2700  1.4748e+005  1.0000 1.0000 1.0000   1.000 1.000 
0.2710  1.4727e+005  1.0000 1.0000 1.0000   1.000 1.000 
0.2720  1.4707e+005  1.0000 1.0000 1.0000   1.000 1.000 
0.2730  1.4687e+005  1.0000 1.0000 1.0000   1.000 1.000 
0.2740  1.4667e+005  1.0000 1.0000 1.0000   1.000 1.000 
0.2750  1.4647e+005  1.0000 1.0000 1.0000   1.000 1.000 
0.2760  1.4626e+005  1.0000 1.0000 1.0000   1.000 1.000 
0.2770  1.4606e+005  1.0000 1.0000 1.0000   1.000 1.000 
0.2780  1.4586e+005  1.0000 1.0000 1.0000   1.000 1.000 
0.2790  1.4566e+005  1.0000 1.0000 1.0000   1.000 1.000 
0.2800  1.4546e+005  1.0000 1.0000 1.0000   1.000 1.000 
0.2810  1.4525e+005  1.0000 1.0000 1.0000   1.000 1.000 
0.2820  1.4505e+005  1.0000 1.0000 1.0000   1.000 1.000 
0.2830  1.4485e+005  1.0000 1.0000 1.0000   1.000 1.000 
0.2840  1.4465e+005  1.0000 1.0000 1.0000   1.000 1.000 
0.2850  1.4445e+005  1.0000 1.0000 1.0000   1.000 1.000 
0.2860  1.4424e+005  1.0000 1.0000 1.0000   1.000 1.000 
0.2870  1.4404e+005  1.0000 1.0000 1.0000   1.000 1.000 
0.2880  1.4384e+005  1.0000 1.0000 1.0000   1.000 1.000 
0.2890  1.4364e+005  1.0000 1.0000 1.0000   1.000 1.000 
0.2900  1.4344e+005  1.0000 1.0000 1.0000   1.000 1.000 
0.2910  1.4323e+005  1.0000 1.0000 1.0000   1.000 1.000 
0.2920  1.4303e+005  1.0000 1.0000 1.0000   1.000 1.000 
0.2930  1.4283e+005  1.0000 1.0000 1.0000   1.000 1.000 
0.2940  1.4263e+005  1.0000 1.0000 1.0000   1.000 1.000 
0.2950  1.4243e+005  1.0000 1.0000 1.0000   1.000 1.000 
0.2960  1.4222e+005  1.0000 1.0000 1.0000   1.000 1.000 
0.2970  1.4202e+005  1.0000 1.0000 1.0000   1.000 1.000 
0.2980  1.4182e+005  1.0000 1.0000 1.0000   1.000 1.000 
0.2990  1.4162e+005  1.0000 1.0000 1.0000   1.000 1.000 
0.3000  1.4142e+005  1.0000 1.0000 1.0000   1.000 1.000 
0.3010  1.4121e+005  1.0000 1.0000 1.0000   1.000 1.000 
0.3020  1.4101e+005  1.0000 1.0000 1.0000   1.000 1.000 
0.3030  1.4081e+005  1.0000 1.0000 1.0000   1.000 1.000 
0.3040  1.4061e+005  1.0000 1.0000 1.0000   1.000 1.000 
0.3050  1.4041e+005  1.0000 1.0000 1.0000   1.000 1.000 
0.3060  1.402e+005  1.0000 1.0000 1.0000   1.000 1.000 
0.3070  1.4e+005    1.0000 1.0000 1.0000   1.000 1.000 
0.3080  1.398e+005  1.0000 1.0000 1.0000   1.000 1.000 
0.3090  1.396e+005  1.0000 1.0000 1.0000   1.000 1.000 
0.3100  1.394e+005  1.0000 1.0000 1.0000   1.000 1.000 
0.3110  1.3919e+005  1.0000 1.0000 1.0000   1.000 1.000 
0.3120  1.3899e+005  1.0000 1.0000 1.0000   1.000 1.000 
0.3130  1.3879e+005  1.0000 1.0000 1.0000   1.000 1.000 
0.3140  1.3859e+005  1.0000 1.0000 1.0000   1.000 1.000 
0.3150  1.3839e+005  1.0000 1.0000 1.0000   1.000 1.000 
0.3160  1.3818e+005  1.0000 1.0000 1.0000   1.000 1.000 
0.3170  1.3798e+005  1.0000 1.0000 1.0000   1.000 1.000 
0.3180  1.3778e+005  1.0000 1.0000 1.0000   1.000 1.000 
0.3190  1.3758e+005  1.0000 1.0000 1.0000   1.000 1.000 
0.3200  1.3738e+005  1.0000 1.0000 1.0000   1.000 1.000 
0.3210  1.3717e+005  1.0000 1.0000 1.0000   1.000 1.000 
0.3220  1.3697e+005  1.0000 1.0000 1.0000   1.000 1.000 
0.3230  1.3677e+005  1.0000 1.0000 1.0000   1.000 1.000 
0.3240  1.3657e+005  1.0000 1.0000 1.0000   1.000 1.000 
0.3250  1.3637e+005  1.0000 1.0000 1.0000   1.000 1.000 
0.3260  1.3616e+005  1.0000 1.0000 1.0000   1.000 1.000 
0.3270  1.3596e+005  1.0000 1.0000 1.0000   1.000 1.000 
0.3280  1.3576e+005  1.0000 1.0000 1.0000   1.000 1.000 
0.3290  1.3556e+005  1.0000 1.0000 1.0000   1.000 1.000 
0.3300  1.3536e+005  1.0000 1.0000 1.0000   1.000 1.000 
0.3310  1.3515e+005  1.0000 1.0000 1.0000   1.000 1.000 
0.3320  1.3495e+005  1.0000 1.0000 1.0000   1.000 1.000 
0.3330  1.3475e+005  1.0000 1.0000 1.0000   1.000 1.000 
0.3340  1.3455e+005  1.0000 1.0000 1.0000   1.000 1.000 
0.3350  1.3435e+005  1.0000 1.0000 1.0000   1.000 1.000 
0.3360  1.3414e+005  1.0000 1.0000 1.0000   1.000 1.000 
0.3370  1.3394e+005  1.0000 1.0000 1.0000   1.000 1.000 
0.3380  1.3374e+005  1.0000 1.0000 1.0000   1.000 1.000 
0.3390  1.3354e+005  1.0000 1.0000 1.0000   1.000 1.000 
0.3400  1.3334e+005  1.0000 1.0000 1.0000   1.000 1.000 
0.3410  1.3313e+005  1.0000 1.0000 1.0000   1.000 1.000 
0.3420  1.3293e+005  1.0000 1.0000 1.0000   1.000 1.000 
0.3430  1.3273e+005  1.0000 1.0000 1.0000   1.000 1.000 
0.3440  1.3253e+005  1.0000 1.0000 1.0000   1.000 1.000 
0.3450  1.3233e+005  1.0000 1.0000 1.0000   1.000 1.000 
0.3460  1.3212e+005  1.0000 1.0000 1.0000   1.000 1.000 
0.3470  1.3192e+005  1.0000 1.0000 1.0000   1.000 1.000 
0.3480  1.3172e+005  1.0000 1.0000 1.0000   1.000 1.000 
0.3490  1.3152e+005  1.0000 1.0000 1.0000   1.000 1.000 
0.3500  1.3132e+005  1.0000 1.0000 1.0000   1.000 1.000 
0.3510  1.3111e+005  1.0000 1.0000 1.0000   1.000 1.000 
0.3520  1.3091e+005  1.0000 1.0000 1.0000   1.000 1.000 
0.3530  1.3071e+005  1.0000 1.0000 1.0000   1.000 1.000 
0.3540  1.3051e+005  1.0000 1.0000 1.0000   1.000 1.000 
0.3550  1.3031e+005  1.0000 1.0000 1.0000   1.000 1.000 
0.3560  1.301e+005  1.0000 1.0000 1.0000   1.000 1.000 
0.3570  1.299e+005  1.0000 1.0000 1.0000   1.000 1.000 
0.3580  1.297e+005  1.0000 1.0000 1.0000   1.000 1.000 
0.3590  1.295e+005  1.0000 1.0000 1.0000   1.000 1.000 
0.3600  1.293e+005  1.0000 1.0000 1.0000   1.000 1.000 
0.3610  1.2909e+005  1.0000 1.0000 1.0000   1.000 1.000 
0.3620  1.2889e+005  1.0000 1.0000 1.0000   1.000 1.000 
0.3630  1.2869e+005  1.0000 1.0000 1.0000   1.000 1.000 
0.3640  1.2849e+005  1.0000 1.0000 1.0000   1.000 1.000 
0.3650  1.2829e+005  1.0000 1.0000 1.0000   1.000 1.000 
0.3660  1.2808e+005  1.0000 1.0000 1.0000   1.000 1.000 
0.3670  1.2788e+005  1.0000 1.0000 1.0000   1.000 1.000 
0.3680  1.2768e+005  1.0000 1.0000 1.0000   1.000 1.000 
0.3690  1.2748e+005  1.0000 1.0000 1.0000   1.000 1.000 
0.3700  1.2728e+005  1.0000 1.0000 1.0000   1.000 1.000 
0.3710  1.2707e+005  1.0000 1.0000 1.0000   1.000 1.000 
0.3720  1.2687e+005  1.0000 1.0000 1.0000   1.000 1.000 
0.3730  1.2667e+005  1.0000 1.0000 1.0000   1.000 1.000 
0.3740  1.2647e+005  1.0000 1.0000 1.0000   1.000 1.000 
0.3750  1.2627e+005  1.0000 1.0000 1.0000   1.000 1.000 
0.3760  1.2606e+005  1.0000 1.0000 1.0000   1.000 1.000 
0.3770  1.2586e+005  1.0000 1.0000 1.0000   1.000 1.000 
0.3780  1.2566e+005  1.0000 1.0000 1.0000   1.000 1.000 
0.3790  1.2546e+005  1.0000 1.0000 1.0000   1.000 1.000 
0.3800  1.2526e+005  1.0000 1.0000 1.0000   1.000 1.000 
0.3810  1.2505e+005  1.0000 1.0000 1.0000   1.000 1.000 
0.3820  1.2485e+005  1.0000 1.0000 1.0000   1.000 1.000 
0.3830  1.2465e+005  1.0000 1.0000 1.0000   1.000 1.000 
0.3840  1.2445e+005  1.0000 1.0000 1.0000   1.000 1.000 
0.3850  1.2425e+005  1.0000 1.0000 1.0000   1.000 1.000 
0.3860  1.2404e+005  1.0000 1.0000 1.0000   1.000 1.000 
0.3870  1.2384e+005  1.0000 1.0000 1.0000   1.000 1.000 
0.3880  1.2364e+005  1.0000 1.0000 1.0000   1.000 1.000 
0.3890  1.2344e+005  1.0000 1.0000 1.0000   1.000 1.000 
0.3900  1.2324e+005  1.0000 1.0000 1.0000   1.000 1.000 
0.3910  1.2303e+005  1.0000 1.0000 1.0000   1.000 1.000 
0.3920  1.2283e+005  1.0000 1.0000 1.0000   1.000 1.000 
0.3930  1.2263e+005  1.0000 1.0000 1.0000   1.000 1.000 
0.3940  1.2243e+005  1.0000 1.0000 1.0000   1.000 1.000 
0.3950  1.2223e+005  1.0000 1.0000 1.0000   1.000 1.000 
0.3960  1.2202e+005  1.0000 1.0000 1.0000   1.000 1.000 
0.3970  1.2182e+005  1.0000 1.0000 1.0000   1.000 1.000 
0.3980  1.2162e+005  1.0000 1.0000 1.0000   1.000 1.000 
0.3990  1.2142e+005  1.0000 1.0000 1.0000   1.000 1.000 
0.4000  1.2122e+005  1.0000 1.0000 1.0000   1.000 1.000 
0.4010  1.2101e+005  1.0000 1.0000 1.0000   1.000 1.000 
0.4020  1.2081e+005  1.0000 1.0000 1.0000   1.000 1.000 
0.4030  1.2061e+005  1.0000 1.0000 1.0000   1.000 1.000 
0.4040  1.2041e+005  1.0000 1.0000 1.0000   1.000 1.000 
0.4050  1.2021e+005  1.0000 1.0000 1.0000   1.000 1.000 
0.4060  1.2e+005    1.0000 1.0000 1.0000   1.000 1.000 
0.4070  1.198e+005  1.0000 1.0000 1.0000   1.000 1.000 
0.4080  1.196e+005  1.0000 1.0000 1.0000   1.000 1.000 
0.4090  1.194e+005  1.0000 1.0000 1.0000   1.000 1.000 
0.4100  1.192e+005  1.0000 1.0000 1.0000   1.000 1.000 
0.4110  1.1899e+005  1.0000 1.0000 1.0000   1.000 1.000 
0.4120  1.1879e+005  1.0000 1.0000 1.0000   1.000 1.000 
0.4130  1.1859e+005  1.0000 1.0000 1.0000   1.000 1.000 
0.4140  1.1839e+005  1.0000 1.0000 1.0000   1.000 1.000 
0.4150  1.1819e+005  1.0000 1.0000 1.0000   1.000 1.000 
0.4160  1.1798e+005  1.0000 1.0000 1.0000   1.000 1.000 
0.4170  1.1778e+005  1.0000 1.0000 1.0000   1.000 1.000 
0.4180  1.1758e+005  1.0000 1.0000 1.0000   1.000 1.000 
0.4190  1.1738e+005  1.0000 1.0000 1.0000   1.000 1.000 
0.4200  1.1718e+005  1.0000 1.0000 1.0000   1.000 1.000 
0.4210  1.1697e+005  1.0000 1.0000 1.0000   1.000 1.000 
0.4220  1.1677e+005  1.0000 1.0000 1.0000   1.000 1.000 
0.4230  1.1657e+005  1.0000 1.0000 1.0000   1.000 1.000 
0.4240  1.1637e+005  1.0000 1.0000 1.0000   1.000 1.000 
0.4250  1.1617e+005  1.0000 1.0000 1.0000   1.000 1.000 
0.4260  1.1596e+005  1.0000 1.0000 1.0000   1.000 1.000 
0.4270  1.1576e+005  1.0000 1.0000 1.0000   1.000 1.000 
0.4280  1.1556e+005  1.0000 1.0000 1.0000   1.000 1.000 
0.4290  1.1536e+005  1.0000 1.0000 1.0000   1.000 1.000 
0.4300  1.1516e+005  1.0000 1.0000 1.0000   1.000 1.000 
0.4310  1.1495e+005  1.0000 1.0000 1.0000   1.000 1.000 
0.4320  1.1475e+005  1.0000 1.0000 1.0000   1.000 1.000 
0.4330  1.1455e+005  1.0000 1.0000 1.0000   1.000 1.000 
0.4340  1.1435e+005  1.0000 1.0000 1.0000   1.000 1.000 
0.4350  1.1415e+005  1.0000 1.0000 1.0000   1.000 1.000 
0.4360  1.1394e+005  1.0000 1.0000 1.0000   1.000 1.000 
0.4370  1.1374e+005  1.0000 1.0000 1.0000   1.000 1.000 
0.4380  1.1354e+005  1.0000 1.0000 1.0000   1.000 1.000 
0.4390  1.1334e+005  1.0000 1.0000 1.0000   1.000 1.000 
0.4400  1.1314e+005  1.0000 1.0000 1.0000   1.000 1.000 
0.4410  1.1293e+005  1.0000 1.0000 1.0000   1.000 1.000 
0.4420  1.1273e+005  1.0000 1.0000 1.0000   1.000 1.000 
0.4430  1.1253e+005  1.0000 1.0000 1.0000   1.000 1.000 
0.4440  1.1233e+005  1.0000 1.0000 1.0000   1.000 1.000 
0.4450  1.1213e+005  1.0000 1.0000 1.0000   1.000 1.000 
0.4460  1.1192e+005  1.0000 1.0000 1.0000   1.000 1.000 
0.4470  1.1172e+005  1.0000 1.0000 1.0000   1.000 1.000 
0.4480  1.1152e+005  1.0000 1.0000 1.0000   1.000 1.000 
0.4490  1.1132e+005  1.0000 1.0000 1.0000   1.000 1.000 
0.4500  1.1112e+005  1.0000 1.0000 1.0000   1.000 1.000 
0.4510  1.1091e+005  1.0000 1.0000 1.0000   1.000 1.000 
0.4520  1.1071e+005  1.0000 1.0000 1.0000   1.000 1.000 
0.4530  1.1051e+005  1.0000 1.0000 1.0000   1.000 1.000 
0.4540  1.1031e+005  1.0000 1.0000 1.0000   1.000 1.000 
0.4550  1.1011e+005  1.0000 1.0000 1.0000   1.000 1.000 
0.4560  1.099e+005  1.0000 1.0000 1.0000   1.000 1.000 
0.4570  1.097e+005  1.0000 1.0000 1.0000   1.000 1.000 
0.4580  1.095e+005  1.0000 1.0000 1.0000   1.000 1.000 
0.4590  1.093e+005  1.0000 1.0000 1.0000   1.000 1.000 
0.4600  1.091e+005  1.0000 1.0000 1.0000   1.000 1.000 
0.4610  1.0889e+005  1.0000 1.0000 1.0000   1.000 1.000 
0.4620  1.0869e+005  1.0000 1.0000 1.0000   1.000 1.000 
0.4630  1.0849e+005  1.0000 1.0000 1.0000   1.000 1.000 
0.4640  1.0829e+005  1.0000 1.0000 1.0000   1.000 1.000 
0.4650  1.0809e+005  1.0000 1.0000 1.0000   1.000 1.000 
0.4660  1.0788e+005  1.0000 1.0000 1.0000   1.000 1.000 
0.4670  1.0768e+005  1.0000 1.0000 1.0000   1.000 1.000 
0.4680  1.0748e+005  1.0000 1.0000 1.0000   1.000 1.000 
0.4690  1.0728e+005  1.0000 1.0000 1.0000   1.000 1.000 
0.4700  1.0708e+005  1.0000 1.0000 1.0000   1.000 1.000 
0.4710  1.0687e+005  1.0000 1.0000 1.0000   1.000 1.000 
0.4720  1.0667e+005  1.0000 1.0000 1.0000   1.000 1.000 
0.4730  1.0647e+005  1.0000 1.0000 1.0000   1.000 1.000 
0.4740  1.0627e+005  1.0000 1.0000 1.0000   1.000 1.000 
0.4750  1.0607e+005  1.0000 1.0000 1.0000   1.000 1.000 
0.4760  1.0586e+005  1.0000 1.0000 1.0000   1.000 1.000 
0.4770  1.0566e+005  1.0000 1.0000 1.0000   1.000 1.000 
0.4780  1.0546e+005  1.0000 1.0000 1.0000   1.000 1.000 
0.4790  1.0526e+005  1.0000 1.0000 1.0000   1.000 1.000 
0.4800  1.0506e+005  1.0000 1.0000 1.0000   1.000 1.000 
0.4810  1.0485e+005  1.0000 1.0000 1.0000   1.000 1.000 
0.4820  1.0465e+005  1.0000 1.0000 1.0000   1.000 1.000 
0.4830  1.0445e+005  1.0000 1.0000 1.0000   1.000 1.000 
0.4840  1.0425e+005  1.0000 1.0000 1.0000   1.000 1.000 
0.4850  1.0405e+005  1.0000 1.0000 1.0000   1.000 1.000 
0.4860  1.0384e+005  1.0000 1.0000 1.0000   1.000 1.000 
0.4870  1.0364e+005  1.0000 1.0000 1.0000   1.000 1.000 
0.4880  1.0344e+005  1.0000 1.0000 1.0000   1.000 1.000 
0.4890  1.0324e+005  1.0000 1.0000 1.0000   1.000 1.000 
0.4900  1.0304e+005  1.0000 1.0000 1.0000   1.000 1.000 
0.4910  1.0283e+005  1.0000 1.0000 1.0000   1.000 1.000 
0.4920  1.0263e+005  1.0000 1.0000 1.0000   1.000 1.000 
0.4930  1.0243e+005  1.0000 1.0000 1.0000   1.000 1.000 
0.4940  1.0223e+005  1.0000 1.0000 1.0000   1.000 1.000 
0.4950  1.0203e+005  1.0000 1.0000 1.0000   1.000 1.000 
0.4960  1.0182e+005  1.0000 1.0000 1.0000   1.000 1.000 
0.4970  1.0162e+005  1.0000 1.0000 1.0000   1.000 1.000 
0.4980  1.0142e+005  1.0000 1.0000 1.0000   1.000 1.000 
0.4990  1.0122e+005  1.0000 1.0000 1.0000   1.000 1.000 
0.5000  1.0102e+005  1.0000 1.0000 1.0000   1.000 1.000 
0.5010  1.0081e+005  1.0000 1.0000 1.0000   1.000 1.000 
0.5020  1.0061e+005  1.0000 1.0000 1.0000   1.000 1.000 
0.5030  1.0041e+005  1.0000 1.0000 1.0000   1.000 1.000 
0.5040  1.0021e+005  1.0000 1.0000 1.0000   1.000 1.000 
0.5050  1.0001e+005  1.0000 1.0000 1.0000   1.000 1.000 
0.5060  99804       1.0000 1.0000 1.0000   1.000 1.000 
0.5070  99602       1.0000 1.0000 1.0000   1.000 1.000 
0.5080  99400       1.0000 1.0000 1.0000   1.000 1.000 
0.5090  99198       1.0000 1.0000 1.0000   1.000 1.000 
0.5100  98996       1.0000 1.0000 1.0000   1.000 1.000 
0.5110  98794       1.0000 1.0000 1.0000   1.000 1.000 
0.5120  98592       1.0000 1.0000 1.0000   1.000 1.000 
0.5130  98390       1.0000 1.0000 1.0000   1.000 1.000 
0.5140  98188       1.0000 1.0000 1.0000   1.000 1.000 
0.5150  97986       1.0000 1.0000 1.0000   1.000 1.000 
0.5160  97784       1.0000 1.0000 1.0000   1.000 1.000 
0.5170  97582       1.0000 1.0000 1.0000   1.000 1.000 
0.5180  97380       1.0000 1.0000 1.0000   1.000 1.000 
0.5190  97178       1.0000 1.0000 1.0000   1.000 1.000 
0.5200  96976       1.0000 1.0000 1.0000   1.000 1.000 
0.5210  96774       1.0000 1.0000 1.0000   1.000 1.000 
0.5220  96572       1.0000 1.0000 1.0000   1.000 1.000 
0.5230  96370       1.0000 1.0000 1.0000   1.000 1.000 
0.5240  96168       1.0000 1.0000 1.0000   1.000 1.000 
0.5250  95966       1.0000 1.0000 1.0000   1.000 1.000 
0.5260  95764       1.0000 1.0000 1.0000   1.000 1.000 
0.5270  95562       1.0000 1.0000 1.0000   1.000 1.000 
0.5280  95360       1.0000 1.0000 1.0000   1.000 1.000 
0.5290  95158       1.0000 1.0000 1.0000   1.000 1.000 
0.5300  94956       1.0000 1.0000 1.0000   1.000 1.000 
0.5310  94754       1.0000 1.0000 1.0000   1.000 1.000 
0.5320  94552       1.0000 1.0000 1.0000   1.000 1.000 
0.5330  94350       1.0000 1.0000 1.0000   1.000 1.000 
0.5340  94148       1.0000 1.0000 1.0000   1.000 1.000 
0.5350  93946       1.0000 1.0000 1.0000   1.000 1.000 
0.5360  93744       1.0000 1.0000 1.0000   1.000 1.000 
0.5370  93542       1.0000 1.0000 1.0000   1.000 1.000 
0.5380  93340       1.0000 1.0000 1.0000   1.000 1.000 
0.5390  93138       1.0000 1.0000 1.0000   1.000 1.000 
0.5400  92936       1.0000 1.0000 1.0000   1.000 1.000 
0.5410  92734       1.0000 1.0000 1.0000   1.000 1.000 
0.5420  92532       1.0000 1.0000 1.0000   1.000 1.000 
0.5430  92330       1.0000 1.0000 1.0000   1.000 1.000 
0.5440  92128       1.0000 1.0000 1.0000   1.000 1.000 
0.5450  91926       1.0000 1.0000 1.0000   1.000 1.000 
0.5460  91724       1.0000 1.0000 1.0000   1.000 1.000 
0.5470  91522       1.0000 1.0000 1.0000   1.000 1.000 
0.5480  91320       1.0000 1.0000 1.0000   1.000 1.000 
0.5490  91118       1.0000 1.0000 1.0000   1.000 1.000 
0.5500  90916       1.0000 1.0000 1.0000   1.000 1.000 
0.5510  90714       1.0000 1.0000 1.0000   1.000 1.000 
0.5520  90512       1.0000 1.0000 1.0000   1.000 1.000 
0.5530  90310       1.0000 1.0000 1.0000   1.000 1.000 
0.5540  90108       1.0000 1.0000 1.0000   1.000 1.000 
0.5550  89906       1.0000 1.0000 1.0000   1.000 1.000 
0.5560  89704       1.0000 1.0000 1.0000   1.000 1.000 
0.5570  89502       1.0000 1.0000 1.0000   1.000 1.000 
0.5580  89300       1.0000 1.0000 1.0000   1.000 1.000 
0.5590  89098       1.0000 1.0000 1.0000   1.000 1.000 
0.5600  88896       1.0000 1.0000 1.0000   1.000 1.000 
0.5610  88694       1.0000 1.0000 1.0000   1.000 1.000 
0.5620  88492       1.0000 1.0000 1.0000   1.000 1.000 
0.5630  88290       1.0000 1.0000 1.0000   1.000 1.000 
0.5640  88088       1.0000 1.0000 1.0000   1.000 1.000 
0.5650  87886       1.0000 1.0000 1.0000   1.000 1.000 
0.5660  87684       1.0000 1.0000 1.0000   1.000 1.000 
0.5670  87482       1.0000 1.0000 1.0000   1.000 1.000 
0.5680  87280       1.0000 1.0000 1.0000   1.000 1.000 
0.5690  87078       1.0000 1.0000 1.0000   1.000 1.000 
0.5700  86876       1.0000 1.0000 1.0000   1.000 1.000 
0.5710  86674       1.0000 1.0000 1.0000   1.000 1.000 
0.5720  86472       1.0000 1.0000 1.0000   1.000 1.000 
0.5730  86270       1.0000 1.0000 1.0000   1.000 1.000 
0.5740  86068       1.0000 1.0000 1.0000   1.000 1.000 
0.5750  85866       1.0000 1.0000 1.0000   1.000 1.000 
0.5760  85664       1.0000 1.0000 1.0000   1.000 1.000 
0.5770  85462       1.0000 1.0000 1.0000   1.000 1.000 
0.5780  85260       1.0000 1.0000 1.0000   1.000 1.000 
0.5790  85058       1.0000 1.0000 1.0000   1.000 1.000 
0.5800  84856       1.0000 1.0000 1.0000   1.000 1.000 
0.5810  84654       1.0000 1.0000 1.0000   1.000 1.000 
0.5820  84452       1.0000 1.0000 1.0000   1.000 1.000 
0.5830  84250       1.0000 1.0000 1.0000   1.000 1.000 
0.5840  84048       1.0000 1.0000 1.0000   1.000 1.000 
0.5850  83846       1.0000 1.0000 1.0000   1.000 1.000 
0.5860  83644       1.0000 1.0000 1.0000   1.000 1.000 
0.5870  83442       1.0000 1.0000 1.0000   1.000 1.000 
0.5880  83240       1.0000 1.0000 1.0000   1.000 1.000 
0.5890  83038       1.0000 1.0000 1.0000   1.000 1.000 
0.5900  82836       1.0000 1.0000 1.0000   1.000 1.000 
0.5910  82634       1.0000 1.0000 1.0000   1.000 1.000 
0.5920  82432       1.0000 1.0000 1.0000   1.000 1.000 
0.5930  82230       1.0000 1.0000 1.0000   1.000 1.000 
0.5940  82028       1.0000 1.0000 1.0000   1.000 1.000 
0.5950  81826       1.0000 1.0000 1.0000   1.000 1.000 
0.5960  81624       1.0000 1.0000 1.0000   1.000 1.000 
0.5970  81422       1.0000 1.0000 1.0000   1.000 1.000 
0.5980  81220       1.0000 1.0000 1.0000   1.000 1.000 
0.5990  81018       1.0000 1.0000 1.0000   1.000 1.000 
0.6000  80816       1.0000 1.0000 1.0000   1.000 1.000 
0.6010  80614       1.0000 1.0000 1.0000   1.000 1.000 
0.6020  80412       1.0000 1.0000 1.0000   1.000 1.000 
0.6030  80210       1.0000 1.0000 1.0000   1.000 1.000 
0.6040  80008       1.0000 1.0000 1.0000   1.000 1.000 
0.6050  79806       1.0000 1.0000 1.0000   1.000 1.000 
0.6060  79604       1.0000 1.0000 1.0000   1.000 1.000 
0.6070  79402       1.0000 1.0000 1.0000   1.000 1.000 
0.6080  79200       1.0000 1.0000 1.0000   1.000 1.000 
0.6090  78998       1.0000 1.0000 1.0000   1.000 1.000 
0.6100  78796       1.0000 1.0000 1.0000   1.000 1.000 
0.6110  78594       1.0000 1.0000 1.0000   1.000 1.000 
0.6120  78392       1.0000 1.0000 1.0000   1.000 1.000 
0.6130  78190       1.0000 1.0000 1.0000   1.000 1.000 
0.6140  77988       1.0000 1.0000 1.0000   1.000 1.000 
0.6150  77786       1.0000 1.0000 1.0000   1.000 1.000 
0.6160  77584       1.0000 1.0000 1.0000   1.000 1.000 
0.6170  77382       1.0000 1.0000 1.0000   1.000 1.000 
0.6180  77180       1.0000 1.0000 1.0000   1.000 1.000 
0.6190  76978       1.0000 1.0000 1.0000   1.000 1.000 
0.6200  76776       1.0000 1.0000 1.0000   1.000 1.000 
0.6210  76574       1.0000 1.0000 1.0000   1.000 1.000 
0.6220  76372       1.0000 1.0000 1.0000   1.000 1.000 
0.6230  76170       1.0000 1.0000 1.0000   1.000 1.000 
0.6240  75968       1.0000 1.0000 1.0000   1.000 1.000 
0.6250  75766       1.0000 1.0000 1.0000   1.000 1.000 
0.6260  75564       1.0000 1.0000 1.0000   1.000 1.000 
0.6270  75362       1.0000 1.0000 1.0000   1.000 1.000 
0.6280  75160       1.0000 1.0000 1.0000   1.000 1.000 
0.6290  74958       1.0000 1.0000 1.0000   1.000 1.000 
0.6300  74756       1.0000 1.0000 1.0000   1.000 1.000 
0.6310  74554       1.0000 1.0000 1.0000   1.000 1.000 
0.6320  74352       1.0000 1.0000 1.0000   1.000 1.000 
0.6330  74150       1.0000 1.0000 1.0000   1.000 1.000 
0.6340  73948       1.0000 1.0000 1.0000   1.000 1.000 
0.6350  73746       1.0000 1.0000 1.0000   1.000 1.000 
0.6360  73544       1.0000 1.0000 1.0000   1.000 1.000 
0.6370  73342       1.0000 1.0000 1.0000   1.000 1.000 
0.6380  73140       1.0000 1.0000 1.0000   1.000 1.000 
0.6390  72938       1.0000 1.0000 1.0000   1.000 1.000 
0.6400  72736       1.0000 1.0000 1.0000   1.000 1.000 
0.6410  72534       1.0000 1.0000 1.0000   1.000 1.000 
0.6420  72332       1.0000 1.0000 1.0000   1.000 1.000 
0.6430  72130       1.0000 1.0000 1.0000   1.000 1.000 
0.6440  71928       1.0000 1.0000 1.0000   1.000 1.000 
0.6450  71726       1.0000 1.0000 1.0000   1.000 1.000 
0.6460  71524       1.0000 1.0000 1.0000   1.000 1.000 
0.6470  71322       1.0000 1.0000 1.0000   1.000 1.000 
0.6480  71120       1.0000 1.0000 1.0000   1.000 1.000 
0.6490  70918       1.0000 1.0000 1.0000   1.000 1.000 
0.6500  70716       1.0000 1.0000 1.0000   1.000 1.000 
0.6510  70514       1.0000 1.0000 1.0000   1.000 1.000 
0.6520  70312       1.0000 1.0000 1.0000   1.000 1.000 
0.6530  70110       1.0000 1.0000 1.0000   1.000 1.000 
0.6540  69908       1.0000 1.0000 1.0000   1.000 1.000 
0.6550  69706       1.0000 1.0000 1.0000   1.000 1.000 
0.6560  69504       1.0000 1.0000 1.0000   1.000 1.000 
0.6570  69302       1.0000 1.0000 1.0000   1.000 1.000 
0.6580  69100       1.0000 1.0000 1.0000   1.000 1.000 
0.6590  68898       1.0000 1.0000 1.0000   1.000 1.000 
0.6600  68696       1.0000 1.0000 1.0000   1.000 1.000 
0.6610  68494       1.0000 1.0000 1.0000   1.000 1.000 
0.6620  68292       1.0000 1.0000 1.0000   1.000 1.000 
0.6630  68090       1.0000 1.0000 1.0000   1.000 1.000 
0.6640  67888       1.0000 1.0000 1.0000   1.000 1.000 
0.6650  67686       1.0000 1.0000 1.0000   1.000 1.000 
0.6660  67484       1.0000 1.0000 1.0000   1.000 1.000 
0.6670  67282       1.0000 1.0000 1.0000   1.000 1.000 
0.6680  67080       1.0000 1.0000 1.0000   1.000 1.000 
0.6690  66878       1.0000 1.0000 1.0000   1.000 1.000 
0.6700  66676       1.0000 1.0000 1.0000   1.000 1.000 
0.6710  66474       1.0000 1.0000 1.0000   1.000 1.000 
0.6720  66272       1.0000 1.0000 1.0000   1.000 1.000 
0.6729  66070       1.0000 1.0000 1.0000   1.000 1.000 
0.6739  65868       1.0000 1.0000 1.0000   1.000 1.000 
0.6749  65666       1.0000 1.0000 1.0000   1.000 1.000 
0.6759  65464       1.0000 1.0000 1.0000   1.000 1.000 
0.6769  65262       1.0000 1.0000 1.0000   1.000 1.000 
0.6779  65060       1.0000 1.0000 1.0000   1.000 1.000 
0.6789  64858       1.0000 1.0000 1.0000   1.000 1.000 
0.6799  64656       1.0000 1.0000 1.0000   1.000 1.000 
0.6809  64454       1.0000 1.0000 1.0000   1.000 1.000 
0.6819  64252       1.0000 1.0000 1.0000   1.000 1.000 
0.6829  64050       1.0000 1.0000 1.0000   1.000 1.000 
0.6839  63848       1.0000 1.0000 1.0000   1.000 1.000 
0.6849  63646       1.0000 1.0000 1.0000   1.000 1.000 
0.6859  63444       1.0000 1.0000 1.0000   1.000 1.000 
0.6869  63242       1.0000 1.0000 1.0000   1.000 1.000 
0.6879  63040       1.0000 1.0000 1.0000   1.000 1.000 
0.6889  62838       1.0000 1.0000 1.0000   1.000 1.000 
0.6899  62636       1.0000 1.0000 1.0000   1.000 1.000 
0.6909  62434       1.0000 1.0000 1.0000   1.000 1.000 
0.6919  62232       1.0000 1.0000 1.0000   1.000 1.000 
0.6929  62030       1.0000 1.0000 1.0000   1.000 1.000 
0.6939  61828       1.0000 1.0000 1.0000   1.000 1.000 
0.6949  61626       1.0000 1.0000 1.0000   1.000 1.000 
0.6959  61424       1.0000 1.0000 1.0000   1.000 1.000 
0.6969  61222       1.0000 1.0000 1.0000   1.000 1.000 
0.6979  61020       1.0000 1.0000 1.0000   1.000 1.000 
0.6989  60818       1.0000 1.0000 1.0000   1.000 1.000 
0.6999  60616       1.0000 1.0000 1.0000   1.000 1.000 
0.7009  60414       1.0000 1.0000 1.0000   1.000 1.000 
0.7019  60212       1.0000 1.0000 1.0000   1.000 1.000 
0.7029  60010       1.0000 1.0000 1.0000   1.000 1.000 
0.7039  59808       1.0000 1.0000 1.0000   1.000 1.000 
0.7049  59606       1.0000 1.0000 1.0000   1.000 1.000 
0.7059  59404       1.0000 1.0000 1.0000   1.000 1.000 
0.7069  59202       1.0000 1.0000 1.0000   1.000 1.000 
0.7079  59000       1.0000 1.0000 1.0000   1.000 1.000 
0.7089  58798       1.0000 1.0000 1.0000   1.000 1.000 
0.7099  58596       1.0000 1.0000 1.0000   1.000 1.000 
0.7109  58394       1.0000 1.0000 1.0000   1.000 1.000 
0.7119  58192       1.0000 1.0000 1.0000   1.000 1.000 
0.7129  57990       1.0000 1.0000 1.0000   1.000 1.000 
0.7139  57788       1.0000 1.0000 1.0000   1.000 1.000 
0.7149  57586       1.0000 1.0000 1.0000   1.000 1.000 
0.7159  57384       1.0000 1.0000 1.0000   1.000 1.000 
0.7169  57182       1.0000 1.0000 1.0000   1.000 1.000 
0.7179  56980       1.0000 1.0000 1.0000   1.000 1.000 
0.7189  56778       1.0000 1.0000 1.0000   1.000 1.000 
0.7199  56576       1.0000 1.0000 1.0000   1.000 1.000 
0.7209  56374       1.0000 1.0000 1.0000   1.000 1.000 
0.7219  56172       1.0000 1.0000 1.0000   1.000 1.000 
0.7229  55970       1.0000 1.0000 1.0000   1.000 1.000 
0.7239  55768       1.0000 1.0000 1.0000   1.000 1.000 
0.7249  55566       1.0000 1.0000 1.0000   1.000 1.000 
0.7259  55364       1.0000 1.0000 1.0000   1.000 1.000 
0.7269  55162       1.0000 1.0000 1.0000   1.000 1.000 
0.7279  54960       1.0000 1.0000 1.0000   1.000 1.000 
0.7289  54758       1.0000 1.0000 1.0000   1.000 1.000 
0.7299  54556       1.0000 1.0000 1.0000   1.000 1.000 
0.7309  54354       1.0000 1.0000 1.0000   1.000 1.000 
0.7319  54152       1.0000 1.0000 1.0000   1.000 1.000 
0.7329  53950       1.0000 1.0000 1.0000   1.000 1.000 
0.7339  53748       1.0000 1.0000 1.0000   1.000 1.000 
0.7349  53546       1.0000 1.0000 1.0000   1.000 1.000 
0.7359  53344       1.0000 1.0000 1.0000   1.000 1.000 
0.7369  53142       1.0000 1.0000 1.0000   1.000 1.000 
0.7379  52940       1.0000 1.0000 1.0000   1.000 1.000 
0.7389  52738       1.0000 1.0000 1.0000   1.000 1.000 
0.7399  52536       1.0000 1.0000 1.0000   1.000 1.000 
0.7409  52334       1.0000 1.0000 1.0000   1.000 1.000 
0.7419  52132       1.0000 1.0000 1.0000   1.000 1.000 
0.7429  51930       1.0000 1.0000 1.0000   1.000 1.000 
0.7439  51728       1.0000 1.0000 1.0000   1.000 1.000 
0.7449  51526       1.0000 1.0000 1.0000   1.000 1.000 
0.7459  51324       1.0000 1.0000 1.0000   1.000 1.000 
0.7469  51122       1.0000 1.0000 1.0000   1.000 1.000 
0.7479  50920       1.0000 1.0000 1.0000   1.000 1.000 
0.7489  50718       1.0000 1.0000 1.0000   1.000 1.000 
0.7499  50516       1.0000 1.0000 1.0000   1.000 1.000 
0.7509  50314       1.0000 1.0000 1.0000   1.000 1.000 
0.7519  50112       1.0000 1.0000 1.0000   1.000 1.000 
0.7529  49910       1.0000 1.0000 1.0000   1.000 1.000 
0.7539  49708       1.0000 1.0000 1.0000   1.000 1.000 
0.7549  49506       1.0000 1.0000 1.0000   1.000 1.000 
0.7559  49304       1.0000 1.0000 1.0000   1.000 1.000 
0.7569  49102       1.0000 1.0000 1.0000   1.000 1.000 
0.7579  48900       1.0000 1.0000 1.0000   1.000 1.000 
0.7589  48698       1.0000 1.0000 1.0000   1.000 1.000 
0.7599  48496       1.0000 1.0000 1.0000   1.000 1.000 
0.7609  48294       1.0000 1.0000 1.0000   1.000 1.000 
0.7619  48092       1.0000 1.0000 1.0000   1.000 1.000 
0.7629  47890       1.0000 1.0000 1.0000   1.000 1.000 
0.7639  47688       1.0000 1.0000 1.0000   1.000 1.000 
0.7649  47486       1.0000 1.0000 1.0000   1.000 1.000 
0.7659  47284       1.0000 1.0000 1.0000   1.000 1.000 
0.7669  47082       1.0000 1.0000 1.0000   1.000 1.000 
0.7679  46880       1.0000 1.0000 1.0000   1.000 1.000 
0.7689  46678       1.0000 1.0000 1.0000   1.000 1.000 
0.7699  46476       1.0000 1.0000 1.0000   1.000 1.000 
0.7709  46274       1.0000 1.0000 1.0000   1.000 1.000 
0.7719  46072       1.0000 1.0000 1.0000   1.000 1.000 
0.7729  45870       1.0000 1.0000 1.0000   1.000 1.000 
0.7739  45668       1.0000 1.0000 1.0000   1.000 1.000 
0.7749  45466       1.0000 1.0000 1.0000   1.000 1.000 
0.7759  45264       1.0000 1.0000 1.0000   1.000 1.000 
0.7769  45062       1.0000 1.0000 1.0000   1.000 1.000 
0.7779  44860       1.0000 1.0000 1.0000   1.000 1.000 
0.7789  44658       1.0000 1.0000 1.0000   1.000 1.000 
0.7799  44456       1.0000 1.0000 1.0000   1.000 1.000 
0.7809  44254       1.0000 1.0000 1.0000   1.000 1.000 
0.7819  44052       1.0000 1.0000 1.0000   1.000 1.000 
0.7829  43850       1.0000 1.0000 1.0000   1.000 1.000 
0.7839  43648       1.0000 1.0000 1.0000   1.000 1.000 
0.7849  43446       1.0000 1.0000 1.0000   1.000 1.000 
0.7859  43244       1.0000 1.0000 1.0000   1.000 1.000 
0.7869  43042       1.0000 1.0000 1.0000   1.000 1.000 
0.7879  42840       1.0000 1.0000 1.0000   1.000 1.000 
0.7889  42638       1.0000 1.0000 1.0000   1.000 1.000 
0.7899  42436       1.0000 1.0000 1.0000   1.000 1.000 
0.7909  42234       1.0000 1.0000 1.0000   1.000 1.000 
0.7919  42032       1.0000 1.0000 1.0000   1.000 1.000 
0.7929  41830       1.0000 1.0000 1.0000   1.000 1.000 
0.7939  41628       1.0000 1.0000 1.0000   1.000 1.000 
0.7949  41426       1.0000 1.0000 1.0000   1.000 1.000 
0.7959  41224       1.0000 1.0000 1.0000   1.000 1.000 
0.7969  41022       1.0000 1.0000 1.0000   1.000 1.000 
0.7979  40820       1.0000 1.0000 1.0000   1.000 1.000 
0.7989  40618       1.0000 1.0000 1.0000   1.000 1.000 
0.7999  40416       1.0000 1.0000 1.0000   1.000 1.000 
0.8009  40214       1.0000 1.0000 1.0000   1.000 1.000 
0.8019  40012       1.0000 1.0000 1.0000   1.000 1.000 
0.8029  39810       1.0000 1.0000 1.0000   1.000 1.000 
0.8039  39608       1.0000 1.0000 1.0000   1.000 1.000 
0.8049  39406       1.0000 1.0000 1.0000   1.000 1.000 
0.8059  39204       1.0000 1.0000 1.0000   1.000 1.000 
0.8069  39002       1.0000 1.0000 1.0000   1.000 1.000 
0.8079  38800       1.0000 1.0000 1.0000   1.000 1.000 
0.8089  38598       1.0000 1.0000 1.0000   1.000 1.000 
0.8099  38396       1.0000 1.0000 1.0000   1.000 1.000 
0.8109  38194       1.0000 1.0000 1.0000   1.000 1.000 
0.8119  37992       1.0000 1.0000 1.0000   1.000 1.000 
0.8129  37790       1.0000 1.0000 1.0000   1.000 1.000 
0.8139  37588       1.0000 1.0000 1.0000   1.000 1.000 
0.8149  37386       1.0000 1.0000 1.0000   1.000 1.000 
0.8159  37184       1.0000 1.0000 1.0000   1.000 1.000 
0.8169  36982       1.0000 1.0000 1.0000   1.000 1.000 
0.8179  36780       1.0000 1.0000 1.0000   1.000 1.000 
0.8189  36578       1.0000 1.0000 1.0000   1.000 1.000 
0.8199  36376       1.0000 1.0000 1.0000   1.000 1.000 
0.8209  36174       1.0000 1.0000 1.0000   1.000 1.000 
0.8219  35972       1.0000 1.0000 1.0000   1.000 1.000 
0.8229  35770       1.0000 1.0000 1.0000   1.000 1.000 
0.8239  35568       1.0000 1.0000 1.0000   1.000 1.000 
0.8249  35366       1.0000 1.0000 1.0000   1.000 1.000 
0.8259  35164       1.0000 1.0000 1.0000   1.000 1.000 
0.8269  34962       1.0000 1.0000 1.0000   1.000 1.000 
0.8279  34760       1.0000 1.0000 1.0000   1.000 1.000 
0.8289  34558       1.0000 1.0000 1.0000   1.000 1.000 
0.8299  34356       1.0000 1.0000 1.0000   1.000 1.000 
0.8309  34154       1.0000 1.0000 1.0000   1.000 1.000 
0.8319  33952       1.0000 1.0000 1.0000   1.000 1.000 
0.8329  33750       1.0000 1.0000 1.0000   1.000 1.000 
0.8339  33548       1.0000 1.0000 1.0000   1.000 1.000 
0.8349  33346       1.0000 1.0000 1.0000   1.000 1.000 
0.8359  33144       1.0000 1.0000 1.0000   1.000 1.000 
0.8369  32942       1.0000 1.0000 1.0000   1.000 1.000 
0.8379  32740       1.0000 1.0000 1.0000   1.000 1.000 
0.8389  32538       1.0000 1.0000 1.0000   1.000 1.000 
0.8399  32336       1.0000 1.0000 1.0000   1.000 1.000 
0.8409  32134       1.0000 1.0000 1.0000   1.000 1.000 
0.8419  31932       1.0000 1.0000 1.0000   1.000 1.000 
0.8429  31730       1.0000 1.0000 1.0000   1.000 1.000 
0.8439  31528       1.0000 1.0000 1.0000   1.000 1.000 
0.8449  31326       1.0000 1.0000 1.0000   1.000 1.000 
0.8459  31124       1.0000 1.0000 1.0000   1.000 1.000 
0.8469  30922       1.0000 1.0000 1.0000   1.000 1.000 
0.8479  30720       1.0000 1.0000 1.0000   1.000 1.000 
0.8489  30518       1.0000 1.0000 1.0000   1.000 1.000 
0.8499  30316       1.0000 1.0000 1.0000   1.000 1.000 
0.8509  30114       1.0000 1.0000 1.0000   1.000 1.000 
0.8519  29912       1.0000 1.0000 1.0000   1.000 1.000 
0.8529  29710       1.0000 1.0000 1.0000   1.000 1.000 
0.8539  29508       1.0000 1.0000 1.0000   1.000 1.000 
0.8549  29306       1.0000 1.0000 1.0000   1.000 1.000 
0.8559  29104       1.0000 1.0000 1.0000   1.000 1.000 
0.8569  28902       1.0000 1.0000 1.0000   1.000 1.000 
0.8579  28700       1.0000 1.0000 1.0000   1.000 1.000 
0.8589  28498       1.0000 1.0000 1.0000   1.000 1.000 
0.8599  28296       1.0000 1.0000 1.0000   1.000 1.000 
0.8609  28094       1.0000 1.0000 1.0000   1.000 1.000 
0.8619  27892       1.0000 1.0000 1.0000   1.000 1.000 
0.8629  27690       1.0000 1.0000 1.0000   1.000 1.000 
0.8639  27488       1.0000 1.0000 1.0000   1.000 1.000 
0.8649  27286       1.0000 1.0000 1.0000   1.000 1.000 
0.8659  27084       1.0000 1.0000 1.0000   1.000 1.000 
0.8669  26882       1.0000 1.0000 1.0000   1.000 1.000 
0.8679  26680       1.0000 1.0000 1.0000   1.000 1.000 
0.8689  26478       1.0000 1.0000 1.0000   1.000 1.000 
0.8699  26276       1.0000 1.0000 1.0000   1.000 1.000 
0.8709  26074       1.0000 1.0000 1.0000   1.000 1.000 
0.8719  25872       1.0000 1.0000 1.0000   1.000 1.000 
0.8729  25670       1.0000 1.0000 1.0000   1.000 1.000 
0.8739  25468       1.0000 1.0000 1.0000   1.000 1.000 
0.8749  25266       1.0000 1.0000 1.0000   1.000 1.000 
0.8759  25064       1.0000 1.0000 1.0000   1.000 1.000 
0.8769  24862       1.0000 1.0000 1.0000   1.000 1.000 
0.8779  24660       1.0000 1.0000 1.0000   1.000 1.000 
0.8789  24458       1.0000 1.0000 1.0000   1.000 1.000 
0.8799  24256       1.0000 1.0000 1.0000   1.000 1.000 
0.8809  24054       1.0000 1.0000 1.0000   1.000 1.000 
0.8819  23852       1.0000 1.0000 1.0000   1.000 1.000 
0.8829  23650       1.0000 1.0000 1.0000   1.000 1.000 
0.8839  23448       1.0000 1.0000 1.0000   1.000 1.000 
0.8849  23246       1.0000 1.0000 1.0000   1.000 1.000 
0.8859  23044       1.0000 1.0000 1.0000   1.000 1.000 
0.8869  22842       1.0000 1.0000 1.0000   1.000 1.000 
0.8879  22640       1.0000 1.0000 1.0000   1.000 1.000 
0.8889  22438       1.0000 1.0000 1.0000   1.000 1.000 
0.8899  22236       1.0000 1.0000 1.0000   1.000 1.000 
0.8909  22034       1.0000 1.0000 1.0000   1.000 1.000 
0.8919  21832       1.0000 1.0000 1.0000   1.000 1.000 
0.8929  21630       1.0000 1.0000 1.0000   1.000 1.000 
0.8939  21428       1.0000 1.0000 1.0000   1.000 1.000 
0.8949  21226       1.0000 1.0000 1.0000   1.000 1.000 
0.8959  21024       1.0000 1.0000 1.0000   1.000 1.000 
0.8969  20822       1.0000 1.0000 1.0000   1.000 1.000 
0.8979  20620       1.0000 1.0000 1.0000   1.000 1.000 
0.8989  20418       1.0000 1.0000 1.0000   1.000 1.000 
0.8999  20216       1.0000 1.0000 1.0000   1.000 1.000 
0.9009  20014       1.0000 1.0000 1.0000   1.000 1.000 
0.9019  19812       1.0000 1.0000 1.0000   1.000 1.000 
0.9029  19610       1.0000 1.0000 1.0000   1.000 1.000 
0.9039  19408       1.0000 1.0000 1.0000   1.000 1.000 
0.9049  19206       1.0000 1.0000 1.0000   1.000 1.000 
0.9059  19004       1.0000 1.0000 1.0000   1.000 1.000 
0.9069  18802       1.0000 1.0000 1.0000   1.000 1.000 
0.9079  18600       1.0000 1.0000 1.0000   1.000 1.000 
0.9089  18398       1.0000 1.0000 1.0000   1.000 1.000 
0.9099  18196       1.0000 1.0000 1.0000   1.000 1.000 
0.9109  17994       1.0000 1.0000 1.0000   1.000 1.000 
0.9119  17792       1.0000 1.0000 1.0000   1.000 1.000 
0.9129  17590       1.0000 1.0000 1.0000   1.000 1.000 
0.9139  17388       1.0000 1.0000 1.0000   1.000 1.000 
0.9149  17186       1.0000 1.0000 1.0000   1.000 1.000 
0.9159  16984       1.0000 1.0000 1.0000   1.000 1.000 
0.9169  16782       1.0000 1.0000 1.0000   1.000 1.000 
0.9179  16580       1.0000 1.0000 1.0000   1.000 1.000 
0.9189  16378       1.0000 1.0000 1.0000   1.000 1.000 
0.9199  16176       1.0000 1.0000 1.0000   1.000 1.000 
0.9209  15974       1.0000 1.0000 1.0000   1.000 1.000 
0.9219  15772       1.0000 1.0000 1.0000   1.000 1.000 
0.9229  15570       1.0000 1.0000 1.0000   1.000 1.000 
0.9239  15368       1.0000 1.0000 1.0000   1.000 1.000 
0.9249  15166       1.0000 1.0000 1.0000   1.000 1.000 
0.9259  14964       1.0000 1.0000 1.0000   1.000 1.000 
0.9269  14762       1.0000 1.0000 1.0000   1.000 1.000 
0.9279  14560       1.0000 1.0000 1.0000   1.000 1.000 
0.9289  14358       1.0000 1.0000 1.0000   1.000 1.000 
0.9299  14156       1.0000 1.0000 1.0000   1.000 1.000 
0.9309  13954       1.0000 1.0000 1.0000   1.000 1.000 
0.9319  13752       1.0000 1.0000 1.0000   1.000 1.000 
0.9329  13550       1.0000 1.0000 1.0000   1.000 1.000 
0.9339  13348       1.0000 1.0000 1.0000   1.000 1.000 
0.9349  13146       1.0000 1.0000 1.0000   1.000 1.000 
0.9359  12944       1.0000 1.0000 1.0000   1.000 1.000 
0.9369  12742       1.0000 1.0000 1.0000   1.000 1.000 
0.9379  12540       1.0000 1.0000 1.0000   1.000 1.000 
0.9389  12338       1.0000 1.0000 1.0000   1.000 1.000 
0.9399  12136       1.0000 1.0000 1.0000   1.000 1.000 
0.9409  11934       1.0000 1.0000 1.0000   1.000 1.000 
0.9419  11732       1.0000 1.0000 1.0000   1.000 1.000 
0.9429  11530       1.0000 1.0000 1.0000   1.000 1.000 
0.9439  11328       1.0000 1.0000 1.0000   1.000 1.000 
0.9449  11126       1.0000 1.0000 1.0000   1.000 1.000 
0.9459  10924       1.0000 1.0000 1.0000   1.000 1.000 
0.9469  10722       1.0000 1.0000 1.0000   1.000 1.000 
0.9479  10520       1.0000 1.0000 1.0000   1.000 1.000 
0.9489  10318       1.0000 1.0000 1.0000   1.000 1.000 
0.9499  10116       1.0000 1.0000 1.0000   1.000 1.000 
0.9509  9914        1.0000 1.0000 1.0000   1.000 1.000 
0.9519  9712        1.0000 1.0000 1.0000   1.000 1.000 
0.9529  9510        1.0000 1.0000 1.0000   1.000 1.000 
0.9539  9308        1.0000 1.0000 1.0000   1.000 1.000 
0.9549  9106        1.0000 1.0000 1.0000   1.000 1.000 
0.9559  8904        1.0000 1.0000 1.0000   1.000 1.000 
0.9569  8702        1.0000 1.0000 1.0000   1.000 1.000 
0.9579  8500        1.0000 1.0000 1.0000   1.000 1.000 
0.9589  8298        1.0000 1.0000 1.0000   1.000 1.000 
0.9599  8096        1.0000 1.0000 1.0000   1.000 1.000 
0.9609  7894        1.0000 1.0000 1.0000   1.000 1.000 
0.9619  7692        1.0000 1.0000 1.0000   1.000 1.000 
0.9629  7490        1.0000 1.0000 1.0000   1.000 1.000 
0.9639  7288        1.0000 1.0000 1.0000   1.000 1.000 
0.9649  7086        1.0000 1.0000 1.0000   1.000 1.000 
0.9659  6884        1.0000 1.0000 1.0000   1.000 1.000 
0.9669  6682        1.0000 1.0000 1.0000   1.000 1.000 
0.9679  6480        1.0000 1.0000 1.0000   1.000 1.000 
0.9689  6278        1.0000 1.0000 1.0000   1.000 1.000 
0.9699  6076        1.0000 1.0000 1.0000   1.000 1.000 
0.9709  5874        1.0000 1.0000 1.0000   1.000 1.000 
0.9719  5672        1.0000 1.0000 1.0000   1.000 1.000 
0.9729  5470        1.0000 1.0000 1.0000   1.000 1.000 
0.9739  5268        1.0000 1.0000 1.0000   1.000 1.000 
0.9749  5066        1.0000 1.0000 1.0000   1.000 1.000 
0.9759  4864        1.0000 1.0000 1.0000   1.000 1.000 
0.9769  4662        1.0000 1.0000 1.0000   1.000 1.000 
0.9779  4460        1.0000 1.0000 1.0000   1.000 1.000 
0.9789  4258        1.0000 1.0000 1.0000   1.000 1.000 
0.9799  4056        1.0000 1.0000 1.0000   1.000 1.000 
0.9809  3854        1.0000 1.0000 1.0000   1.000 1.000 
0.9819  3652        1.0000 1.0000 1.0000   1.000 1.000 
0.9829  3450        1.0000 1.0000 1.0000   1.000 1.000 
0.9839  3248        1.0000 1.0000 1.0000   1.000 1.000 
0.9849  3046        1.0000 1.0000 1.0000   1.000 1.000 
0.9859  2844        1.0000 1.0000 1.0000   1.000 1.000 
0.9869  2642        1.0000 1.0000 1.0000   1.000 1.000 
0.9879  2440        1.0000 1.0000 1.0000   1.000 1.000 
0.9889  2238        1.0000 1.0000 1.0000   1.000 1.000 
0.9899  2036        1.0000 1.0000 1.0000   1.000 1.000 
0.9909  1834        1.0000 1.0000 1.0000   1.000 1.000 
0.9919  1632        1.0000 1.0000 1.0000   1.000 1.000 
0.9929  1430        1.0000 1.0000 1.0000   1.000 1.000 
0.9939  1228        1.0000 1.0000 1.0000   1.000 1.000 
0.9949  1026        1.0000 1.0000 1.0000   1.000 1.000 
0.9959  824         1.0000 1.0000 1.0000   1.000 1.000 
0.9969  622         0.8254 0.9127 0.9127   0.825 1.000 
0.9979  420         0.5734 0.7867 0.7867   0.573 1.000 
0.9989  218         0.3512 0.6756 0.6756   0.351 1.000 
0.9999  16          0.0278 0.0493 0.0493   0.028 0.071 
1.0000  0           0.0000 0.0000 0.0000   0.000 0.000 


Feature  lost_at_fraction_removed  file_name
0      1.00000 ../data/ssi_CAWA2005.txt
1      1.00000 ../data/ssi_CAWA2010.txt
