# Prop_landscape_lost  cost_needed_for_top_fraction  min_prop_rem  ave_prop_rem  W_prop_rem  ext-1  ext-2  prop_for_each_biodiversity_feature_(e.g._species)_remaining_at_level_of_removal...
0.00001  2.0202e+005  0.75934 0.75934 0.75934   0.06651 0.06651   0.759 
0.00101  2.0181e+005  0.75934 0.75934 0.75934   0.03325 0.06651   0.759 
0.00201  2.0161e+005  0.75934 0.75934 0.75934   0.02217 0.06651   0.759 
0.00301  2.0141e+005  0.75934 0.75934 0.75934   0.01663 0.06651   0.759 
0.00401  2.0121e+005  0.75934 0.75934 0.75934   0.01330 0.06651   0.759 
0.00501  2.0101e+005  0.75934 0.75934 0.75934   0.01109 0.06651   0.759 
0.00601  2.008e+005  0.75934 0.75934 0.75934   0.00950 0.06651   0.759 
0.00701  2.006e+005  0.75934 0.75934 0.75934   0.00831 0.06651   0.759 
0.00801  2.004e+005  0.75933 0.75933 0.75933   0.00739 0.06651   0.759 
0.00901  2.002e+005  0.75933 0.75933 0.75933   0.00665 0.06652   0.759 
0.01001  2e+005      0.75932 0.75932 0.75932   0.00605 0.06652   0.759 
0.01101  1.9979e+005  0.75931 0.75931 0.75931   0.00554 0.06652   0.759 
0.01201  1.9959e+005  0.75930 0.75930 0.75930   0.00512 0.06652   0.759 
0.01301  1.9939e+005  0.75929 0.75929 0.75929   0.00475 0.06653   0.759 
0.01401  1.9919e+005  0.75927 0.75927 0.75927   0.00444 0.06653   0.759 
0.01501  1.9899e+005  0.75925 0.75925 0.75925   0.00416 0.06654   0.759 
0.01601  1.9878e+005  0.75923 0.75923 0.75923   0.00391 0.06654   0.759 
0.01701  1.9858e+005  0.75921 0.75921 0.75921   0.00370 0.06655   0.759 
0.01801  1.9838e+005  0.75919 0.75919 0.75919   0.00350 0.06656   0.759 
0.01901  1.9818e+005  0.75916 0.75916 0.75916   0.00333 0.06657   0.759 
0.02001  1.9798e+005  0.75914 0.75914 0.75914   0.00317 0.06657   0.759 
0.02101  1.9777e+005  0.75911 0.75911 0.75911   0.00303 0.06658   0.759 
0.02201  1.9757e+005  0.75908 0.75908 0.75908   0.00290 0.06659   0.759 
0.02301  1.9737e+005  0.75904 0.75904 0.75904   0.00278 0.06660   0.759 
0.02401  1.9717e+005  0.75901 0.75901 0.75901   0.00266 0.06661   0.759 
0.02501  1.9697e+005  0.75898 0.75898 0.75898   0.00256 0.06662   0.759 
0.02601  1.9676e+005  0.75894 0.75894 0.75894   0.00247 0.06663   0.759 
0.02701  1.9656e+005  0.75890 0.75890 0.75890   0.00238 0.06665   0.759 
0.02801  1.9636e+005  0.75886 0.75886 0.75886   0.00230 0.06666   0.759 
0.02901  1.9616e+005  0.75882 0.75882 0.75882   0.00222 0.06667   0.759 
0.03001  1.9596e+005  0.75878 0.75878 0.75878   0.00215 0.06668   0.759 
0.03101  1.9575e+005  0.75873 0.75873 0.75873   0.00208 0.06670   0.759 
0.03201  1.9555e+005  0.75869 0.75869 0.75869   0.00202 0.06671   0.759 
0.03301  1.9535e+005  0.75864 0.75864 0.75864   0.00196 0.06673   0.759 
0.03401  1.9515e+005  0.75859 0.75859 0.75859   0.00191 0.06674   0.759 
0.03501  1.9495e+005  0.75857 0.75857 0.75857   0.00185 0.06675   0.759 
0.03601  1.9474e+005  0.75856 0.75856 0.75856   0.00180 0.06675   0.759 
0.03701  1.9454e+005  0.75856 0.75856 0.75856   0.00176 0.06675   0.759 
0.03801  1.9434e+005  0.75856 0.75856 0.75856   0.00171 0.06675   0.759 
0.03901  1.9414e+005  0.75856 0.75856 0.75856   0.00167 0.06675   0.759 
0.04001  1.9394e+005  0.75856 0.75856 0.75856   0.00163 0.06675   0.759 
0.04101  1.9373e+005  0.75855 0.75855 0.75855   0.00159 0.06675   0.759 
0.04201  1.9353e+005  0.75855 0.75855 0.75855   0.00155 0.06675   0.759 
0.04301  1.9333e+005  0.75854 0.75854 0.75854   0.00152 0.06676   0.759 
0.04401  1.9313e+005  0.75854 0.75854 0.75854   0.00148 0.06676   0.759 
0.04501  1.9293e+005  0.75853 0.75853 0.75853   0.00145 0.06676   0.759 
0.04601  1.9272e+005  0.75852 0.75852 0.75852   0.00142 0.06676   0.759 
0.04701  1.9252e+005  0.75851 0.75851 0.75851   0.00139 0.06677   0.759 
0.04801  1.9232e+005  0.75849 0.75849 0.75849   0.00136 0.06677   0.758 
0.04901  1.9212e+005  0.75848 0.75848 0.75848   0.00134 0.06678   0.758 
0.05001  1.9192e+005  0.75847 0.75847 0.75847   0.00131 0.06678   0.758 
0.05101  1.9171e+005  0.75845 0.75845 0.75845   0.00128 0.06678   0.758 
0.05201  1.9151e+005  0.75843 0.75843 0.75843   0.00126 0.06679   0.758 
0.05301  1.9131e+005  0.75841 0.75841 0.75841   0.00124 0.06680   0.758 
0.05401  1.9111e+005  0.75839 0.75839 0.75839   0.00121 0.06680   0.758 
0.05500  1.9091e+005  0.75836 0.75836 0.75836   0.00119 0.06681   0.758 
0.05600  1.907e+005  0.75834 0.75834 0.75834   0.00117 0.06682   0.758 
0.05700  1.905e+005  0.75831 0.75831 0.75831   0.00115 0.06683   0.758 
0.05800  1.903e+005  0.75827 0.75827 0.75827   0.00113 0.06684   0.758 
0.05900  1.901e+005  0.75824 0.75824 0.75824   0.00111 0.06685   0.758 
0.06000  1.899e+005  0.75820 0.75820 0.75820   0.00110 0.06686   0.758 
0.06100  1.8969e+005  0.75817 0.75817 0.75817   0.00108 0.06687   0.758 
0.06200  1.8949e+005  0.75812 0.75812 0.75812   0.00106 0.06689   0.758 
0.06300  1.8929e+005  0.75808 0.75808 0.75808   0.00105 0.06690   0.758 
0.06400  1.8909e+005  0.75803 0.75803 0.75803   0.00103 0.06691   0.758 
0.06500  1.8889e+005  0.75798 0.75798 0.75798   0.00101 0.06693   0.758 
0.06600  1.8868e+005  0.75793 0.75793 0.75793   0.00100 0.06694   0.758 
0.06700  1.8848e+005  0.75788 0.75788 0.75788   0.00098 0.06696   0.758 
0.06800  1.8828e+005  0.75783 0.75783 0.75783   0.00097 0.06698   0.758 
0.06900  1.8808e+005  0.75777 0.75777 0.75777   0.00096 0.06699   0.758 
0.07000  1.8788e+005  0.75772 0.75772 0.75772   0.00094 0.06701   0.758 
0.07100  1.8767e+005  0.75766 0.75766 0.75766   0.00093 0.06703   0.758 
0.07200  1.8747e+005  0.75760 0.75760 0.75760   0.00092 0.06705   0.758 
0.07300  1.8727e+005  0.75754 0.75754 0.75754   0.00091 0.06706   0.758 
0.07400  1.8707e+005  0.75748 0.75748 0.75748   0.00089 0.06708   0.757 
0.07500  1.8687e+005  0.75742 0.75742 0.75742   0.00088 0.06710   0.757 
0.07600  1.8666e+005  0.75736 0.75736 0.75736   0.00087 0.06712   0.757 
0.07700  1.8646e+005  0.75729 0.75729 0.75729   0.00086 0.06714   0.757 
0.07800  1.8626e+005  0.75723 0.75723 0.75723   0.00085 0.06716   0.757 
0.07900  1.8606e+005  0.75716 0.75716 0.75716   0.00084 0.06718   0.757 
0.08000  1.8586e+005  0.75710 0.75710 0.75710   0.00083 0.06720   0.757 
0.08100  1.8565e+005  0.75703 0.75703 0.75703   0.00082 0.06722   0.757 
0.08200  1.8545e+005  0.75696 0.75696 0.75696   0.00081 0.06724   0.757 
0.08300  1.8525e+005  0.75689 0.75689 0.75689   0.00080 0.06727   0.757 
0.08400  1.8505e+005  0.75682 0.75682 0.75682   0.00079 0.06729   0.757 
0.08500  1.8485e+005  0.75675 0.75675 0.75675   0.00078 0.06731   0.757 
0.08600  1.8464e+005  0.75668 0.75668 0.75668   0.00077 0.06733   0.757 
0.08700  1.8444e+005  0.75660 0.75660 0.75660   0.00077 0.06735   0.757 
0.08800  1.8424e+005  0.75653 0.75653 0.75653   0.00076 0.06738   0.757 
0.08900  1.8404e+005  0.75645 0.75645 0.75645   0.00075 0.06740   0.756 
0.09000  1.8384e+005  0.75637 0.75637 0.75637   0.00074 0.06743   0.756 
0.09100  1.8363e+005  0.75629 0.75629 0.75629   0.00073 0.06745   0.756 
0.09200  1.8343e+005  0.75621 0.75621 0.75621   0.00073 0.06747   0.756 
0.09300  1.8323e+005  0.75613 0.75613 0.75613   0.00072 0.06750   0.756 
0.09400  1.8303e+005  0.75605 0.75605 0.75605   0.00071 0.06752   0.756 
0.09500  1.8283e+005  0.75597 0.75597 0.75597   0.00070 0.06755   0.756 
0.09600  1.8262e+005  0.75588 0.75588 0.75588   0.00070 0.06758   0.756 
0.09700  1.8242e+005  0.75580 0.75580 0.75580   0.00069 0.06760   0.756 
0.09800  1.8222e+005  0.75571 0.75571 0.75571   0.00068 0.06763   0.756 
0.09900  1.8202e+005  0.75562 0.75562 0.75562   0.00068 0.06766   0.756 
0.10000  1.8182e+005  0.75553 0.75553 0.75553   0.00067 0.06768   0.756 
0.10100  1.8161e+005  0.75544 0.75544 0.75544   0.00066 0.06771   0.755 
0.10200  1.8141e+005  0.75535 0.75535 0.75535   0.00066 0.06774   0.755 
0.10300  1.8121e+005  0.75526 0.75526 0.75526   0.00065 0.06777   0.755 
0.10400  1.8101e+005  0.75516 0.75516 0.75516   0.00065 0.06780   0.755 
0.10500  1.8081e+005  0.75507 0.75507 0.75507   0.00064 0.06783   0.755 
0.10600  1.806e+005  0.75497 0.75497 0.75497   0.00063 0.06786   0.755 
0.10700  1.804e+005  0.75487 0.75487 0.75487   0.00063 0.06789   0.755 
0.10800  1.802e+005  0.75477 0.75477 0.75477   0.00062 0.06792   0.755 
0.10900  1.8e+005    0.75467 0.75467 0.75467   0.00062 0.06795   0.755 
0.11000  1.798e+005  0.75457 0.75457 0.75457   0.00061 0.06798   0.755 
0.11100  1.7959e+005  0.75446 0.75446 0.75446   0.00061 0.06801   0.754 
0.11200  1.7939e+005  0.75436 0.75436 0.75436   0.00060 0.06805   0.754 
0.11300  1.7919e+005  0.75425 0.75425 0.75425   0.00060 0.06808   0.754 
0.11400  1.7899e+005  0.75418 0.75418 0.75418   0.00059 0.06810   0.754 
0.11500  1.7879e+005  0.75407 0.75407 0.75407   0.00059 0.06813   0.754 
0.11600  1.7858e+005  0.75396 0.75396 0.75396   0.00058 0.06817   0.754 
0.11700  1.7838e+005  0.75385 0.75385 0.75385   0.00058 0.06820   0.754 
0.11800  1.7818e+005  0.75374 0.75374 0.75374   0.00057 0.06824   0.754 
0.11900  1.7798e+005  0.75362 0.75362 0.75362   0.00057 0.06827   0.754 
0.12000  1.7778e+005  0.75351 0.75351 0.75351   0.00056 0.06831   0.754 
0.12100  1.7757e+005  0.75339 0.75339 0.75339   0.00056 0.06835   0.753 
0.12200  1.7737e+005  0.75327 0.75327 0.75327   0.00056 0.06838   0.753 
0.12300  1.7717e+005  0.75315 0.75315 0.75315   0.00055 0.06842   0.753 
0.12400  1.7697e+005  0.75303 0.75303 0.75303   0.00055 0.06846   0.753 
0.12500  1.7677e+005  0.75290 0.75290 0.75290   0.00054 0.06850   0.753 
0.12600  1.7656e+005  0.75278 0.75278 0.75278   0.00054 0.06853   0.753 
0.12700  1.7636e+005  0.75265 0.75265 0.75265   0.00054 0.06857   0.753 
0.12800  1.7616e+005  0.75252 0.75252 0.75252   0.00053 0.06861   0.753 
0.12900  1.7596e+005  0.75239 0.75239 0.75239   0.00053 0.06865   0.752 
0.13000  1.7576e+005  0.75226 0.75226 0.75226   0.00052 0.06869   0.752 
0.13100  1.7555e+005  0.75213 0.75213 0.75213   0.00052 0.06874   0.752 
0.13200  1.7535e+005  0.75200 0.75200 0.75200   0.00052 0.06878   0.752 
0.13300  1.7515e+005  0.75186 0.75186 0.75186   0.00051 0.06882   0.752 
0.13400  1.7495e+005  0.75172 0.75172 0.75172   0.00051 0.06886   0.752 
0.13500  1.7475e+005  0.75158 0.75158 0.75158   0.00051 0.06890   0.752 
0.13600  1.7454e+005  0.75144 0.75144 0.75144   0.00050 0.06895   0.751 
0.13700  1.7434e+005  0.75130 0.75130 0.75130   0.00050 0.06899   0.751 
0.13800  1.7414e+005  0.75115 0.75115 0.75115   0.00050 0.06904   0.751 
0.13900  1.7394e+005  0.75101 0.75101 0.75101   0.00049 0.06908   0.751 
0.14000  1.7374e+005  0.75086 0.75086 0.75086   0.00049 0.06913   0.751 
0.14100  1.7353e+005  0.75071 0.75071 0.75071   0.00049 0.06917   0.751 
0.14200  1.7333e+005  0.75058 0.75058 0.75058   0.00048 0.06922   0.751 
0.14300  1.7313e+005  0.75043 0.75043 0.75043   0.00048 0.06926   0.750 
0.14400  1.7293e+005  0.75027 0.75027 0.75027   0.00048 0.06931   0.750 
0.14500  1.7273e+005  0.75012 0.75012 0.75012   0.00048 0.06936   0.750 
0.14600  1.7252e+005  0.74996 0.74996 0.74996   0.00047 0.06941   0.750 
0.14700  1.7232e+005  0.74980 0.74980 0.74980   0.00047 0.06946   0.750 
0.14800  1.7212e+005  0.74964 0.74964 0.74964   0.00047 0.06951   0.750 
0.14900  1.7192e+005  0.74949 0.74949 0.74949   0.00046 0.06955   0.749 
0.15000  1.7172e+005  0.74933 0.74933 0.74933   0.00046 0.06960   0.749 
0.15100  1.7151e+005  0.74917 0.74917 0.74917   0.00046 0.06965   0.749 
0.15200  1.7131e+005  0.74901 0.74901 0.74901   0.00046 0.06970   0.749 
0.15300  1.7111e+005  0.74884 0.74884 0.74884   0.00045 0.06976   0.749 
0.15400  1.7091e+005  0.74867 0.74867 0.74867   0.00045 0.06981   0.749 
0.15500  1.7071e+005  0.74850 0.74850 0.74850   0.00045 0.06986   0.748 
0.15600  1.705e+005  0.74833 0.74833 0.74833   0.00045 0.06991   0.748 
0.15700  1.703e+005  0.74816 0.74816 0.74816   0.00044 0.06997   0.748 
0.15800  1.701e+005  0.74798 0.74798 0.74798   0.00044 0.07002   0.748 
0.15900  1.699e+005  0.74780 0.74780 0.74780   0.00044 0.07008   0.748 
0.16000  1.697e+005  0.74762 0.74762 0.74762   0.00044 0.07013   0.748 
0.16100  1.6949e+005  0.74744 0.74744 0.74744   0.00043 0.07019   0.747 
0.16200  1.6929e+005  0.74728 0.74728 0.74728   0.00043 0.07024   0.747 
0.16300  1.6909e+005  0.74710 0.74710 0.74710   0.00043 0.07029   0.747 
0.16400  1.6889e+005  0.74693 0.74693 0.74693   0.00043 0.07035   0.747 
0.16500  1.6869e+005  0.74680 0.74680 0.74680   0.00042 0.07039   0.747 
0.16600  1.6848e+005  0.74661 0.74661 0.74661   0.00042 0.07045   0.747 
0.16700  1.6828e+005  0.74643 0.74643 0.74643   0.00042 0.07051   0.746 
0.16799  1.6808e+005  0.74624 0.74624 0.74624   0.00042 0.07056   0.746 
0.16899  1.6788e+005  0.74605 0.74605 0.74605   0.00042 0.07062   0.746 
0.16999  1.6768e+005  0.74586 0.74586 0.74586   0.00041 0.07068   0.746 
0.17099  1.6747e+005  0.74566 0.74566 0.74566   0.00041 0.07074   0.746 
0.17199  1.6727e+005  0.74548 0.74548 0.74548   0.00041 0.07080   0.745 
0.17299  1.6707e+005  0.74529 0.74529 0.74529   0.00041 0.07086   0.745 
0.17399  1.6687e+005  0.74510 0.74510 0.74510   0.00041 0.07092   0.745 
0.17499  1.6667e+005  0.74490 0.74490 0.74490   0.00040 0.07098   0.745 
0.17599  1.6646e+005  0.74473 0.74473 0.74473   0.00040 0.07103   0.745 
0.17699  1.6626e+005  0.74469 0.74469 0.74469   0.00040 0.07105   0.745 
0.17799  1.6606e+005  0.74460 0.74460 0.74460   0.00040 0.07107   0.745 
0.17899  1.6586e+005  0.74447 0.74447 0.74447   0.00040 0.07112   0.744 
0.17999  1.6566e+005  0.74429 0.74429 0.74429   0.00039 0.07117   0.744 
0.18099  1.6545e+005  0.74410 0.74410 0.74410   0.00039 0.07123   0.744 
0.18199  1.6525e+005  0.74389 0.74389 0.74389   0.00039 0.07129   0.744 
0.18299  1.6505e+005  0.74369 0.74369 0.74369   0.00039 0.07136   0.744 
0.18399  1.6485e+005  0.74349 0.74349 0.74349   0.00039 0.07142   0.743 
0.18499  1.6465e+005  0.74329 0.74329 0.74329   0.00038 0.07148   0.743 
0.18599  1.6444e+005  0.74309 0.74309 0.74309   0.00038 0.07155   0.743 
0.18699  1.6424e+005  0.74288 0.74288 0.74288   0.00038 0.07161   0.743 
0.18799  1.6404e+005  0.74267 0.74267 0.74267   0.00038 0.07168   0.743 
0.18899  1.6384e+005  0.74246 0.74246 0.74246   0.00038 0.07174   0.742 
0.18999  1.6364e+005  0.74225 0.74225 0.74225   0.00038 0.07181   0.742 
0.19099  1.6343e+005  0.74203 0.74203 0.74203   0.00037 0.07188   0.742 
0.19199  1.6323e+005  0.74182 0.74182 0.74182   0.00037 0.07194   0.742 
0.19299  1.6303e+005  0.74160 0.74160 0.74160   0.00037 0.07201   0.742 
0.19399  1.6283e+005  0.74139 0.74139 0.74139   0.00037 0.07208   0.741 
0.19499  1.6263e+005  0.74117 0.74117 0.74117   0.00037 0.07215   0.741 
0.19599  1.6242e+005  0.74095 0.74095 0.74095   0.00037 0.07222   0.741 
0.19699  1.6222e+005  0.74073 0.74073 0.74073   0.00037 0.07229   0.741 
0.19799  1.6202e+005  0.74050 0.74050 0.74050   0.00036 0.07236   0.741 
0.19899  1.6182e+005  0.74028 0.74028 0.74028   0.00036 0.07243   0.740 
0.19999  1.6162e+005  0.74005 0.74005 0.74005   0.00036 0.07250   0.740 
0.20099  1.6141e+005  0.73982 0.73982 0.73982   0.00036 0.07257   0.740 
0.20199  1.6121e+005  0.73960 0.73960 0.73960   0.00036 0.07264   0.740 
0.20299  1.6101e+005  0.73937 0.73937 0.73937   0.00036 0.07271   0.739 
0.20399  1.6081e+005  0.73914 0.73914 0.73914   0.00036 0.07278   0.739 
0.20499  1.6061e+005  0.73891 0.73891 0.73891   0.00035 0.07285   0.739 
0.20599  1.604e+005  0.73868 0.73868 0.73868   0.00035 0.07293   0.739 
0.20699  1.602e+005  0.73844 0.73844 0.73844   0.00035 0.07300   0.738 
0.20799  1.6e+005    0.73821 0.73821 0.73821   0.00035 0.07308   0.738 
0.20899  1.598e+005  0.73797 0.73797 0.73797   0.00035 0.07315   0.738 
0.20999  1.596e+005  0.73773 0.73773 0.73773   0.00035 0.07322   0.738 
0.21099  1.5939e+005  0.73749 0.73749 0.73749   0.00035 0.07330   0.737 
0.21199  1.5919e+005  0.73725 0.73725 0.73725   0.00034 0.07338   0.737 
0.21299  1.5899e+005  0.73700 0.73700 0.73700   0.00034 0.07345   0.737 
0.21399  1.5879e+005  0.73676 0.73676 0.73676   0.00034 0.07353   0.737 
0.21499  1.5859e+005  0.73651 0.73651 0.73651   0.00034 0.07361   0.737 
0.21599  1.5838e+005  0.73626 0.73626 0.73626   0.00034 0.07369   0.736 
0.21699  1.5818e+005  0.73602 0.73602 0.73602   0.00034 0.07376   0.736 
0.21799  1.5798e+005  0.73576 0.73576 0.73576   0.00034 0.07384   0.736 
0.21899  1.5778e+005  0.73551 0.73551 0.73551   0.00034 0.07392   0.736 
0.21999  1.5758e+005  0.73526 0.73526 0.73526   0.00033 0.07400   0.735 
0.22099  1.5737e+005  0.73501 0.73501 0.73501   0.00033 0.07408   0.735 
0.22199  1.5717e+005  0.73475 0.73475 0.73475   0.00033 0.07416   0.735 
0.22299  1.5697e+005  0.73449 0.73449 0.73449   0.00033 0.07424   0.734 
0.22399  1.5677e+005  0.73423 0.73423 0.73423   0.00033 0.07433   0.734 
0.22499  1.5657e+005  0.73397 0.73397 0.73397   0.00033 0.07441   0.734 
0.22599  1.5636e+005  0.73373 0.73373 0.73373   0.00033 0.07448   0.734 
0.22699  1.5616e+005  0.73347 0.73347 0.73347   0.00033 0.07457   0.733 
0.22799  1.5596e+005  0.73330 0.73330 0.73330   0.00033 0.07462   0.733 
0.22899  1.5576e+005  0.73306 0.73306 0.73306   0.00032 0.07469   0.733 
0.22999  1.5556e+005  0.73280 0.73280 0.73280   0.00032 0.07478   0.733 
0.23099  1.5535e+005  0.73254 0.73254 0.73254   0.00032 0.07486   0.733 
0.23199  1.5515e+005  0.73227 0.73227 0.73227   0.00032 0.07494   0.732 
0.23299  1.5495e+005  0.73200 0.73200 0.73200   0.00032 0.07503   0.732 
0.23399  1.5475e+005  0.73173 0.73173 0.73173   0.00032 0.07511   0.732 
0.23499  1.5455e+005  0.73146 0.73146 0.73146   0.00032 0.07520   0.731 
0.23599  1.5434e+005  0.73118 0.73118 0.73118   0.00032 0.07529   0.731 
0.23699  1.5414e+005  0.73091 0.73091 0.73091   0.00032 0.07538   0.731 
0.23799  1.5394e+005  0.73063 0.73063 0.73063   0.00032 0.07546   0.731 
0.23899  1.5374e+005  0.73036 0.73036 0.73036   0.00031 0.07555   0.730 
0.23999  1.5354e+005  0.73008 0.73008 0.73008   0.00031 0.07564   0.730 
0.24099  1.5333e+005  0.72980 0.72980 0.72980   0.00031 0.07572   0.730 
0.24199  1.5313e+005  0.72952 0.72952 0.72952   0.00031 0.07581   0.730 
0.24299  1.5293e+005  0.72924 0.72924 0.72924   0.00031 0.07590   0.729 
0.24399  1.5273e+005  0.72895 0.72895 0.72895   0.00031 0.07599   0.729 
0.24499  1.5253e+005  0.72866 0.72866 0.72866   0.00031 0.07609   0.729 
0.24599  1.5232e+005  0.72837 0.72837 0.72837   0.00031 0.07618   0.728 
0.24699  1.5212e+005  0.72808 0.72808 0.72808   0.00031 0.07627   0.728 
0.24799  1.5192e+005  0.72779 0.72779 0.72779   0.00031 0.07636   0.728 
0.24899  1.5172e+005  0.72750 0.72750 0.72750   0.00031 0.07645   0.728 
0.24999  1.5152e+005  0.72721 0.72721 0.72721   0.00030 0.07655   0.727 
0.25099  1.5131e+005  0.72691 0.72691 0.72691   0.00030 0.07664   0.727 
0.25199  1.5111e+005  0.72662 0.72662 0.72662   0.00030 0.07673   0.727 
0.25299  1.5091e+005  0.72633 0.72633 0.72633   0.00030 0.07683   0.726 
0.25399  1.5071e+005  0.72603 0.72603 0.72603   0.00030 0.07692   0.726 
0.25499  1.5051e+005  0.72573 0.72573 0.72573   0.00030 0.07702   0.726 
0.25599  1.503e+005  0.72542 0.72542 0.72542   0.00030 0.07711   0.725 
0.25699  1.501e+005  0.72512 0.72512 0.72512   0.00030 0.07721   0.725 
0.25799  1.499e+005  0.72481 0.72481 0.72481   0.00030 0.07731   0.725 
0.25899  1.497e+005  0.72450 0.72450 0.72450   0.00030 0.07741   0.725 
0.25999  1.495e+005  0.72419 0.72419 0.72419   0.00030 0.07751   0.724 
0.26099  1.4929e+005  0.72388 0.72388 0.72388   0.00030 0.07761   0.724 
0.26199  1.4909e+005  0.72359 0.72359 0.72359   0.00030 0.07770   0.724 
0.26299  1.4889e+005  0.72328 0.72328 0.72328   0.00029 0.07780   0.723 
0.26399  1.4869e+005  0.72296 0.72296 0.72296   0.00029 0.07790   0.723 
0.26499  1.4849e+005  0.72264 0.72264 0.72264   0.00029 0.07800   0.723 
0.26599  1.4828e+005  0.72232 0.72232 0.72232   0.00029 0.07810   0.722 
0.26699  1.4808e+005  0.72200 0.72200 0.72200   0.00029 0.07820   0.722 
0.26799  1.4788e+005  0.72168 0.72168 0.72168   0.00029 0.07831   0.722 
0.26899  1.4768e+005  0.72136 0.72136 0.72136   0.00029 0.07841   0.721 
0.26999  1.4748e+005  0.72103 0.72103 0.72103   0.00029 0.07851   0.721 
0.27099  1.4727e+005  0.72070 0.72070 0.72070   0.00029 0.07862   0.721 
0.27199  1.4707e+005  0.72038 0.72038 0.72038   0.00029 0.07872   0.720 
0.27299  1.4687e+005  0.72005 0.72005 0.72005   0.00029 0.07883   0.720 
0.27399  1.4667e+005  0.71972 0.71972 0.71972   0.00029 0.07893   0.720 
0.27499  1.4647e+005  0.71939 0.71939 0.71939   0.00029 0.07904   0.719 
0.27599  1.4626e+005  0.71905 0.71905 0.71905   0.00029 0.07915   0.719 
0.27699  1.4606e+005  0.71871 0.71871 0.71871   0.00029 0.07926   0.719 
0.27799  1.4586e+005  0.71837 0.71837 0.71837   0.00028 0.07936   0.718 
0.27899  1.4566e+005  0.71804 0.71804 0.71804   0.00028 0.07947   0.718 
0.27998  1.4546e+005  0.71770 0.71770 0.71770   0.00028 0.07958   0.718 
0.28098  1.4525e+005  0.71740 0.71740 0.71740   0.00028 0.07968   0.717 
0.28198  1.4505e+005  0.71705 0.71705 0.71705   0.00028 0.07979   0.717 
0.28298  1.4485e+005  0.71671 0.71671 0.71671   0.00028 0.07990   0.717 
0.28398  1.4465e+005  0.71636 0.71636 0.71636   0.00028 0.08001   0.716 
0.28498  1.4445e+005  0.71601 0.71601 0.71601   0.00028 0.08012   0.716 
0.28598  1.4424e+005  0.71566 0.71566 0.71566   0.00028 0.08024   0.716 
0.28698  1.4404e+005  0.71531 0.71531 0.71531   0.00028 0.08035   0.715 
0.28798  1.4384e+005  0.71495 0.71495 0.71495   0.00028 0.08046   0.715 
0.28898  1.4364e+005  0.71465 0.71465 0.71465   0.00028 0.08056   0.715 
0.28998  1.4344e+005  0.71429 0.71429 0.71429   0.00028 0.08068   0.714 
0.29098  1.4323e+005  0.71393 0.71393 0.71393   0.00028 0.08079   0.714 
0.29198  1.4303e+005  0.71357 0.71357 0.71357   0.00028 0.08091   0.714 
0.29298  1.4283e+005  0.71321 0.71321 0.71321   0.00028 0.08102   0.713 
0.29398  1.4263e+005  0.71285 0.71285 0.71285   0.00028 0.08114   0.713 
0.29498  1.4243e+005  0.71249 0.71249 0.71249   0.00027 0.08126   0.712 
0.29598  1.4222e+005  0.71212 0.71212 0.71212   0.00027 0.08137   0.712 
0.29698  1.4202e+005  0.71175 0.71175 0.71175   0.00027 0.08149   0.712 
0.29798  1.4182e+005  0.71138 0.71138 0.71138   0.00027 0.08161   0.711 
0.29898  1.4162e+005  0.71101 0.71101 0.71101   0.00027 0.08173   0.711 
0.29998  1.4142e+005  0.71064 0.71064 0.71064   0.00027 0.08185   0.711 
0.30098  1.4121e+005  0.71027 0.71027 0.71027   0.00027 0.08197   0.710 
0.30198  1.4101e+005  0.70990 0.70990 0.70990   0.00027 0.08209   0.710 
0.30298  1.4081e+005  0.70952 0.70952 0.70952   0.00027 0.08222   0.710 
0.30398  1.4061e+005  0.70915 0.70915 0.70915   0.00027 0.08233   0.709 
0.30498  1.4041e+005  0.70877 0.70877 0.70877   0.00027 0.08246   0.709 
0.30598  1.402e+005  0.70839 0.70839 0.70839   0.00027 0.08258   0.708 
0.30698  1.4e+005    0.70800 0.70800 0.70800   0.00027 0.08271   0.708 
0.30798  1.398e+005  0.70763 0.70763 0.70763   0.00027 0.08282   0.708 
0.30898  1.396e+005  0.70725 0.70725 0.70725   0.00027 0.08295   0.707 
0.30998  1.394e+005  0.70686 0.70686 0.70686   0.00027 0.08308   0.707 
0.31098  1.3919e+005  0.70649 0.70649 0.70649   0.00027 0.08320   0.706 
0.31198  1.3899e+005  0.70609 0.70609 0.70609   0.00027 0.08332   0.706 
0.31298  1.3879e+005  0.70570 0.70570 0.70570   0.00027 0.08345   0.706 
0.31398  1.3859e+005  0.70531 0.70531 0.70531   0.00027 0.08358   0.705 
0.31498  1.3839e+005  0.70491 0.70491 0.70491   0.00026 0.08371   0.705 
0.31598  1.3818e+005  0.70451 0.70451 0.70451   0.00026 0.08384   0.705 
0.31698  1.3798e+005  0.70411 0.70411 0.70411   0.00026 0.08397   0.704 
0.31798  1.3778e+005  0.70370 0.70370 0.70370   0.00026 0.08410   0.704 
0.31898  1.3758e+005  0.70330 0.70330 0.70330   0.00026 0.08423   0.703 
0.31998  1.3738e+005  0.70289 0.70289 0.70289   0.00026 0.08437   0.703 
0.32098  1.3717e+005  0.70248 0.70248 0.70248   0.00026 0.08450   0.702 
0.32198  1.3697e+005  0.70207 0.70207 0.70207   0.00026 0.08463   0.702 
0.32298  1.3677e+005  0.70166 0.70166 0.70166   0.00026 0.08477   0.702 
0.32398  1.3657e+005  0.70125 0.70125 0.70125   0.00026 0.08490   0.701 
0.32498  1.3637e+005  0.70084 0.70084 0.70084   0.00026 0.08503   0.701 
0.32598  1.3616e+005  0.70043 0.70043 0.70043   0.00026 0.08517   0.700 
0.32698  1.3596e+005  0.70002 0.70002 0.70002   0.00026 0.08530   0.700 
0.32798  1.3576e+005  0.69960 0.69960 0.69960   0.00026 0.08544   0.700 
0.32898  1.3556e+005  0.69918 0.69918 0.69918   0.00026 0.08558   0.699 
0.32998  1.3536e+005  0.69876 0.69876 0.69876   0.00026 0.08571   0.699 
0.33098  1.3515e+005  0.69834 0.69834 0.69834   0.00026 0.08585   0.698 
0.33198  1.3495e+005  0.69792 0.69792 0.69792   0.00026 0.08599   0.698 
0.33298  1.3475e+005  0.69749 0.69749 0.69749   0.00026 0.08613   0.697 
0.33398  1.3455e+005  0.69706 0.69706 0.69706   0.00026 0.08627   0.697 
0.33498  1.3435e+005  0.69663 0.69663 0.69663   0.00026 0.08641   0.697 
0.33598  1.3414e+005  0.69620 0.69620 0.69620   0.00026 0.08655   0.696 
0.33698  1.3394e+005  0.69577 0.69577 0.69577   0.00026 0.08669   0.696 
0.33798  1.3374e+005  0.69534 0.69534 0.69534   0.00026 0.08683   0.695 
0.33898  1.3354e+005  0.69490 0.69490 0.69490   0.00026 0.08698   0.695 
0.33998  1.3334e+005  0.69447 0.69447 0.69447   0.00026 0.08712   0.694 
0.34098  1.3313e+005  0.69411 0.69411 0.69411   0.00026 0.08724   0.694 
0.34198  1.3293e+005  0.69368 0.69368 0.69368   0.00025 0.08738   0.694 
0.34298  1.3273e+005  0.69324 0.69324 0.69324   0.00025 0.08752   0.693 
0.34398  1.3253e+005  0.69280 0.69280 0.69280   0.00025 0.08767   0.693 
0.34498  1.3233e+005  0.69236 0.69236 0.69236   0.00025 0.08782   0.692 
0.34598  1.3212e+005  0.69191 0.69191 0.69191   0.00025 0.08796   0.692 
0.34698  1.3192e+005  0.69146 0.69146 0.69146   0.00025 0.08811   0.691 
0.34798  1.3172e+005  0.69101 0.69101 0.69101   0.00025 0.08826   0.691 
0.34898  1.3152e+005  0.69056 0.69056 0.69056   0.00025 0.08841   0.691 
0.34998  1.3132e+005  0.69010 0.69010 0.69010   0.00025 0.08856   0.690 
0.35098  1.3111e+005  0.68965 0.68965 0.68965   0.00025 0.08871   0.690 
0.35198  1.3091e+005  0.68919 0.68919 0.68919   0.00025 0.08886   0.689 
0.35298  1.3071e+005  0.68873 0.68873 0.68873   0.00025 0.08901   0.689 
0.35398  1.3051e+005  0.68826 0.68826 0.68826   0.00025 0.08917   0.688 
0.35498  1.3031e+005  0.68780 0.68780 0.68780   0.00025 0.08932   0.688 
0.35598  1.301e+005  0.68734 0.68734 0.68734   0.00025 0.08947   0.687 
0.35698  1.299e+005  0.68687 0.68687 0.68687   0.00025 0.08963   0.687 
0.35798  1.297e+005  0.68644 0.68644 0.68644   0.00025 0.08977   0.686 
0.35898  1.295e+005  0.68597 0.68597 0.68597   0.00025 0.08993   0.686 
0.35998  1.293e+005  0.68549 0.68549 0.68549   0.00025 0.09008   0.685 
0.36098  1.2909e+005  0.68505 0.68505 0.68505   0.00025 0.09023   0.685 
0.36198  1.2889e+005  0.68457 0.68457 0.68457   0.00025 0.09039   0.685 
0.36298  1.2869e+005  0.68411 0.68411 0.68411   0.00025 0.09054   0.684 
0.36398  1.2849e+005  0.68363 0.68363 0.68363   0.00025 0.09070   0.684 
0.36498  1.2829e+005  0.68322 0.68322 0.68322   0.00025 0.09084   0.683 
0.36598  1.2808e+005  0.68277 0.68277 0.68277   0.00025 0.09099   0.683 
0.36698  1.2788e+005  0.68229 0.68229 0.68229   0.00025 0.09115   0.682 
0.36798  1.2768e+005  0.68181 0.68181 0.68181   0.00025 0.09131   0.682 
0.36898  1.2748e+005  0.68132 0.68132 0.68132   0.00025 0.09147   0.681 
0.36998  1.2728e+005  0.68083 0.68083 0.68083   0.00025 0.09164   0.681 
0.37098  1.2707e+005  0.68036 0.68036 0.68036   0.00025 0.09179   0.680 
0.37198  1.2687e+005  0.67989 0.67989 0.67989   0.00025 0.09195   0.680 
0.37298  1.2667e+005  0.67939 0.67939 0.67939   0.00025 0.09212   0.679 
0.37398  1.2647e+005  0.67890 0.67890 0.67890   0.00025 0.09228   0.679 
0.37498  1.2627e+005  0.67841 0.67841 0.67841   0.00025 0.09245   0.678 
0.37598  1.2606e+005  0.67791 0.67791 0.67791   0.00025 0.09261   0.678 
0.37698  1.2586e+005  0.67741 0.67741 0.67741   0.00025 0.09278   0.677 
0.37798  1.2566e+005  0.67692 0.67692 0.67692   0.00025 0.09294   0.677 
0.37898  1.2546e+005  0.67642 0.67642 0.67642   0.00025 0.09311   0.676 
0.37998  1.2526e+005  0.67604 0.67604 0.67604   0.00024 0.09324   0.676 
0.38098  1.2505e+005  0.67557 0.67557 0.67557   0.00024 0.09340   0.676 
0.38198  1.2485e+005  0.67506 0.67506 0.67506   0.00024 0.09357   0.675 
0.38298  1.2465e+005  0.67455 0.67455 0.67455   0.00024 0.09374   0.675 
0.38398  1.2445e+005  0.67405 0.67405 0.67405   0.00024 0.09391   0.674 
0.38498  1.2425e+005  0.67354 0.67354 0.67354   0.00024 0.09408   0.674 
0.38598  1.2404e+005  0.67303 0.67303 0.67303   0.00024 0.09425   0.673 
0.38698  1.2384e+005  0.67252 0.67252 0.67252   0.00024 0.09442   0.673 
0.38798  1.2364e+005  0.67201 0.67201 0.67201   0.00024 0.09459   0.672 
0.38898  1.2344e+005  0.67149 0.67149 0.67149   0.00024 0.09477   0.671 
0.38998  1.2324e+005  0.67097 0.67097 0.67097   0.00024 0.09494   0.671 
0.39098  1.2303e+005  0.67046 0.67046 0.67046   0.00024 0.09512   0.670 
0.39197  1.2283e+005  0.66993 0.66993 0.66993   0.00024 0.09529   0.670 
0.39297  1.2263e+005  0.66941 0.66941 0.66941   0.00024 0.09547   0.669 
0.39397  1.2243e+005  0.66890 0.66890 0.66890   0.00024 0.09564   0.669 
0.39497  1.2223e+005  0.66838 0.66838 0.66838   0.00024 0.09582   0.668 
0.39597  1.2202e+005  0.66784 0.66784 0.66784   0.00024 0.09600   0.668 
0.39697  1.2182e+005  0.66731 0.66731 0.66731   0.00024 0.09618   0.667 
0.39797  1.2162e+005  0.66678 0.66678 0.66678   0.00024 0.09636   0.667 
0.39897  1.2142e+005  0.66624 0.66624 0.66624   0.00024 0.09654   0.666 
0.39997  1.2122e+005  0.66579 0.66579 0.66579   0.00024 0.09670   0.666 
0.40097  1.2101e+005  0.66545 0.66545 0.66545   0.00024 0.09681   0.665 
0.40197  1.2081e+005  0.66497 0.66497 0.66497   0.00024 0.09697   0.665 
0.40297  1.2061e+005  0.66443 0.66443 0.66443   0.00024 0.09716   0.664 
0.40397  1.2041e+005  0.66390 0.66390 0.66390   0.00024 0.09734   0.664 
0.40497  1.2021e+005  0.66338 0.66338 0.66338   0.00024 0.09752   0.663 
0.40597  1.2e+005    0.66284 0.66284 0.66284   0.00024 0.09770   0.663 
0.40697  1.198e+005  0.66229 0.66229 0.66229   0.00024 0.09788   0.662 
0.40797  1.196e+005  0.66175 0.66175 0.66175   0.00024 0.09807   0.662 
0.40897  1.194e+005  0.66120 0.66120 0.66120   0.00024 0.09825   0.661 
0.40997  1.192e+005  0.66066 0.66066 0.66066   0.00024 0.09844   0.661 
0.41097  1.1899e+005  0.66011 0.66011 0.66011   0.00024 0.09863   0.660 
0.41197  1.1879e+005  0.65956 0.65956 0.65956   0.00024 0.09882   0.660 
0.41297  1.1859e+005  0.65900 0.65900 0.65900   0.00024 0.09901   0.659 
0.41397  1.1839e+005  0.65844 0.65844 0.65844   0.00024 0.09920   0.658 
0.41497  1.1819e+005  0.65789 0.65789 0.65789   0.00024 0.09939   0.658 
0.41597  1.1798e+005  0.65733 0.65733 0.65733   0.00024 0.09958   0.657 
0.41697  1.1778e+005  0.65677 0.65677 0.65677   0.00024 0.09977   0.657 
0.41797  1.1758e+005  0.65620 0.65620 0.65620   0.00024 0.09997   0.656 
0.41897  1.1738e+005  0.65564 0.65564 0.65564   0.00024 0.10016   0.656 
0.41997  1.1718e+005  0.65508 0.65508 0.65508   0.00024 0.10035   0.655 
0.42097  1.1697e+005  0.65451 0.65451 0.65451   0.00024 0.10055   0.655 
0.42197  1.1677e+005  0.65396 0.65396 0.65396   0.00024 0.10074   0.654 
0.42297  1.1657e+005  0.65339 0.65339 0.65339   0.00024 0.10093   0.653 
0.42397  1.1637e+005  0.65283 0.65283 0.65283   0.00024 0.10112   0.653 
0.42497  1.1617e+005  0.65227 0.65227 0.65227   0.00024 0.10132   0.652 
0.42597  1.1596e+005  0.65169 0.65169 0.65169   0.00024 0.10151   0.652 
0.42697  1.1576e+005  0.65114 0.65114 0.65114   0.00024 0.10171   0.651 
0.42797  1.1556e+005  0.65056 0.65056 0.65056   0.00024 0.10190   0.651 
0.42897  1.1536e+005  0.64998 0.64998 0.64998   0.00024 0.10211   0.650 
0.42997  1.1516e+005  0.64944 0.64944 0.64944   0.00024 0.10229   0.649 
0.43097  1.1495e+005  0.64890 0.64890 0.64890   0.00024 0.10248   0.649 
0.43197  1.1475e+005  0.64831 0.64831 0.64831   0.00024 0.10269   0.648 
0.43297  1.1455e+005  0.64771 0.64771 0.64771   0.00024 0.10289   0.648 
0.43397  1.1435e+005  0.64712 0.64712 0.64712   0.00024 0.10310   0.647 
0.43497  1.1415e+005  0.64656 0.64656 0.64656   0.00024 0.10329   0.647 
0.43597  1.1394e+005  0.64599 0.64599 0.64599   0.00024 0.10349   0.646 
0.43697  1.1374e+005  0.64540 0.64540 0.64540   0.00024 0.10369   0.645 
0.43797  1.1354e+005  0.64480 0.64480 0.64480   0.00024 0.10390   0.645 
0.43897  1.1334e+005  0.64420 0.64420 0.64420   0.00024 0.10411   0.644 
0.43997  1.1314e+005  0.64360 0.64360 0.64360   0.00024 0.10432   0.644 
0.44097  1.1293e+005  0.64300 0.64300 0.64300   0.00024 0.10453   0.643 
0.44197  1.1273e+005  0.64239 0.64239 0.64239   0.00024 0.10474   0.642 
0.44297  1.1253e+005  0.64179 0.64179 0.64179   0.00024 0.10495   0.642 
0.44397  1.1233e+005  0.64118 0.64118 0.64118   0.00024 0.10516   0.641 
0.44497  1.1213e+005  0.64064 0.64064 0.64064   0.00024 0.10535   0.641 
0.44597  1.1192e+005  0.64004 0.64004 0.64004   0.00024 0.10556   0.640 
0.44697  1.1172e+005  0.63943 0.63943 0.63943   0.00024 0.10577   0.639 
0.44797  1.1152e+005  0.63882 0.63882 0.63882   0.00024 0.10598   0.639 
0.44897  1.1132e+005  0.63821 0.63821 0.63821   0.00024 0.10620   0.638 
0.44997  1.1112e+005  0.63759 0.63759 0.63759   0.00024 0.10641   0.638 
0.45097  1.1091e+005  0.63697 0.63697 0.63697   0.00024 0.10663   0.637 
0.45197  1.1071e+005  0.63636 0.63636 0.63636   0.00024 0.10685   0.636 
0.45297  1.1051e+005  0.63574 0.63574 0.63574   0.00024 0.10707   0.636 
0.45397  1.1031e+005  0.63511 0.63511 0.63511   0.00024 0.10729   0.635 
0.45497  1.1011e+005  0.63449 0.63449 0.63449   0.00024 0.10750   0.634 
0.45597  1.099e+005  0.63388 0.63388 0.63388   0.00024 0.10772   0.634 
0.45697  1.097e+005  0.63327 0.63327 0.63327   0.00024 0.10793   0.633 
0.45797  1.095e+005  0.63264 0.63264 0.63264   0.00024 0.10815   0.633 
0.45897  1.093e+005  0.63201 0.63201 0.63201   0.00024 0.10838   0.632 
0.45997  1.091e+005  0.63138 0.63138 0.63138   0.00024 0.10860   0.631 
0.46097  1.0889e+005  0.63074 0.63074 0.63074   0.00024 0.10883   0.631 
0.46197  1.0869e+005  0.63010 0.63010 0.63010   0.00024 0.10905   0.630 
0.46297  1.0849e+005  0.62946 0.62946 0.62946   0.00024 0.10928   0.629 
0.46397  1.0829e+005  0.62883 0.62883 0.62883   0.00024 0.10950   0.629 
0.46497  1.0809e+005  0.62819 0.62819 0.62819   0.00024 0.10973   0.628 
0.46597  1.0788e+005  0.62755 0.62755 0.62755   0.00024 0.10995   0.628 
0.46697  1.0768e+005  0.62695 0.62695 0.62695   0.00024 0.11017   0.627 
0.46797  1.0748e+005  0.62631 0.62631 0.62631   0.00024 0.11039   0.626 
0.46897  1.0728e+005  0.62567 0.62567 0.62567   0.00024 0.11062   0.626 
0.46997  1.0708e+005  0.62502 0.62502 0.62502   0.00024 0.11085   0.625 
0.47097  1.0687e+005  0.62437 0.62437 0.62437   0.00024 0.11108   0.624 
0.47197  1.0667e+005  0.62373 0.62373 0.62373   0.00024 0.11131   0.624 
0.47297  1.0647e+005  0.62308 0.62308 0.62308   0.00024 0.11154   0.623 
0.47397  1.0627e+005  0.62244 0.62244 0.62244   0.00024 0.11177   0.622 
0.47497  1.0607e+005  0.62179 0.62179 0.62179   0.00024 0.11200   0.622 
0.47597  1.0586e+005  0.62114 0.62114 0.62114   0.00024 0.11224   0.621 
0.47697  1.0566e+005  0.62049 0.62049 0.62049   0.00024 0.11247   0.620 
0.47797  1.0546e+005  0.61983 0.61983 0.61983   0.00024 0.11270   0.620 
0.47897  1.0526e+005  0.61918 0.61918 0.61918   0.00024 0.11294   0.619 
0.47997  1.0506e+005  0.61853 0.61853 0.61853   0.00024 0.11317   0.619 
0.48097  1.0485e+005  0.61786 0.61786 0.61786   0.00024 0.11341   0.618 
0.48197  1.0465e+005  0.61720 0.61720 0.61720   0.00024 0.11365   0.617 
0.48297  1.0445e+005  0.61653 0.61653 0.61653   0.00024 0.11389   0.617 
0.48397  1.0425e+005  0.61586 0.61586 0.61586   0.00024 0.11413   0.616 
0.48497  1.0405e+005  0.61519 0.61519 0.61519   0.00024 0.11437   0.615 
0.48597  1.0384e+005  0.61452 0.61452 0.61452   0.00024 0.11461   0.615 
0.48697  1.0364e+005  0.61384 0.61384 0.61384   0.00024 0.11486   0.614 
0.48797  1.0344e+005  0.61316 0.61316 0.61316   0.00024 0.11510   0.613 
0.48897  1.0324e+005  0.61249 0.61249 0.61249   0.00024 0.11534   0.612 
0.48997  1.0304e+005  0.61182 0.61182 0.61182   0.00024 0.11559   0.612 
0.49097  1.0283e+005  0.61113 0.61113 0.61113   0.00024 0.11583   0.611 
0.49197  1.0263e+005  0.61044 0.61044 0.61044   0.00024 0.11608   0.610 
0.49297  1.0243e+005  0.60976 0.60976 0.60976   0.00024 0.11633   0.610 
0.49397  1.0223e+005  0.60911 0.60911 0.60911   0.00024 0.11657   0.609 
0.49497  1.0203e+005  0.60843 0.60843 0.60843   0.00024 0.11681   0.608 
0.49597  1.0182e+005  0.60774 0.60774 0.60774   0.00024 0.11706   0.608 
0.49697  1.0162e+005  0.60705 0.60705 0.60705   0.00024 0.11731   0.607 
0.49797  1.0142e+005  0.60635 0.60635 0.60635   0.00024 0.11757   0.606 
0.49897  1.0122e+005  0.60566 0.60566 0.60566   0.00024 0.11782   0.606 
0.49997  1.0102e+005  0.60496 0.60496 0.60496   0.00024 0.11807   0.605 
0.50097  1.0081e+005  0.60426 0.60426 0.60426   0.00024 0.11833   0.604 
0.50197  1.0061e+005  0.60356 0.60356 0.60356   0.00024 0.11859   0.604 
0.50297  1.0041e+005  0.60286 0.60286 0.60286   0.00024 0.11884   0.603 
0.50397  1.0021e+005  0.60216 0.60216 0.60216   0.00024 0.11910   0.602 
0.50496  1.0001e+005  0.60152 0.60152 0.60152   0.00024 0.11933   0.602 
0.50596  99804       0.60081 0.60081 0.60081   0.00024 0.11959   0.601 
0.50696  99602       0.60010 0.60010 0.60010   0.00024 0.11985   0.600 
0.50796  99400       0.59943 0.59943 0.59943   0.00024 0.12010   0.599 
0.50896  99198       0.59872 0.59872 0.59872   0.00024 0.12036   0.599 
0.50996  98996       0.59801 0.59801 0.59801   0.00024 0.12062   0.598 
0.51096  98794       0.59729 0.59729 0.59729   0.00024 0.12088   0.597 
0.51196  98592       0.59658 0.59658 0.59658   0.00024 0.12114   0.597 
0.51296  98390       0.59587 0.59587 0.59587   0.00024 0.12141   0.596 
0.51396  98188       0.59515 0.59515 0.59515   0.00024 0.12167   0.595 
0.51496  97986       0.59443 0.59443 0.59443   0.00024 0.12194   0.594 
0.51596  97784       0.59372 0.59372 0.59372   0.00024 0.12220   0.594 
0.51696  97582       0.59300 0.59300 0.59300   0.00024 0.12247   0.593 
0.51796  97380       0.59229 0.59229 0.59229   0.00024 0.12273   0.592 
0.51896  97178       0.59157 0.59157 0.59157   0.00024 0.12300   0.592 
0.51996  96976       0.59084 0.59084 0.59084   0.00024 0.12327   0.591 
0.52096  96774       0.59011 0.59011 0.59011   0.00024 0.12354   0.590 
0.52196  96572       0.58939 0.58939 0.58939   0.00024 0.12380   0.589 
0.52296  96370       0.58868 0.58868 0.58868   0.00024 0.12407   0.589 
0.52396  96168       0.58796 0.58796 0.58796   0.00024 0.12434   0.588 
0.52496  95966       0.58722 0.58722 0.58722   0.00024 0.12461   0.587 
0.52596  95764       0.58648 0.58648 0.58648   0.00024 0.12489   0.586 
0.52696  95562       0.58574 0.58574 0.58574   0.00024 0.12517   0.586 
0.52796  95360       0.58500 0.58500 0.58500   0.00024 0.12544   0.585 
0.52896  95158       0.58429 0.58429 0.58429   0.00024 0.12571   0.584 
0.52996  94956       0.58355 0.58355 0.58355   0.00024 0.12598   0.584 
0.53096  94754       0.58281 0.58281 0.58281   0.00024 0.12626   0.583 
0.53196  94552       0.58207 0.58207 0.58207   0.00024 0.12654   0.582 
0.53296  94350       0.58132 0.58132 0.58132   0.00024 0.12682   0.581 
0.53396  94148       0.58057 0.58057 0.58057   0.00024 0.12710   0.581 
0.53496  93946       0.57982 0.57982 0.57982   0.00024 0.12738   0.580 
0.53596  93744       0.57907 0.57907 0.57907   0.00024 0.12767   0.579 
0.53696  93542       0.57831 0.57831 0.57831   0.00024 0.12795   0.578 
0.53796  93340       0.57756 0.57756 0.57756   0.00024 0.12824   0.578 
0.53896  93138       0.57680 0.57680 0.57680   0.00024 0.12852   0.577 
0.53996  92936       0.57604 0.57604 0.57604   0.00024 0.12881   0.576 
0.54096  92734       0.57528 0.57528 0.57528   0.00024 0.12910   0.575 
0.54196  92532       0.57452 0.57452 0.57452   0.00024 0.12938   0.575 
0.54296  92330       0.57377 0.57377 0.57377   0.00024 0.12967   0.574 
0.54396  92128       0.57303 0.57303 0.57303   0.00024 0.12995   0.573 
0.54496  91926       0.57244 0.57244 0.57244   0.00024 0.13017   0.572 
0.54596  91724       0.57173 0.57173 0.57173   0.00024 0.13044   0.572 
0.54696  91522       0.57096 0.57096 0.57096   0.00024 0.13074   0.571 
0.54796  91320       0.57020 0.57020 0.57020   0.00024 0.13103   0.570 
0.54896  91118       0.56944 0.56944 0.56944   0.00024 0.13132   0.569 
0.54996  90916       0.56867 0.56867 0.56867   0.00024 0.13161   0.569 
0.55096  90714       0.56791 0.56791 0.56791   0.00024 0.13190   0.568 
0.55196  90512       0.56715 0.56715 0.56715   0.00024 0.13219   0.567 
0.55296  90310       0.56637 0.56637 0.56637   0.00024 0.13249   0.566 
0.55396  90108       0.56560 0.56560 0.56560   0.00024 0.13279   0.566 
0.55496  89906       0.56482 0.56482 0.56482   0.00024 0.13308   0.565 
0.55596  89704       0.56404 0.56404 0.56404   0.00024 0.13338   0.564 
0.55696  89502       0.56325 0.56325 0.56325   0.00024 0.13369   0.563 
0.55796  89300       0.56247 0.56247 0.56247   0.00024 0.13399   0.562 
0.55896  89098       0.56168 0.56168 0.56168   0.00024 0.13429   0.562 
0.55996  88896       0.56089 0.56089 0.56089   0.00024 0.13459   0.561 
0.56096  88694       0.56010 0.56010 0.56010   0.00024 0.13490   0.560 
0.56196  88492       0.55933 0.55933 0.55933   0.00024 0.13520   0.559 
0.56296  88290       0.55854 0.55854 0.55854   0.00024 0.13550   0.559 
0.56396  88088       0.55775 0.55775 0.55775   0.00024 0.13581   0.558 
0.56496  87886       0.55696 0.55696 0.55696   0.00024 0.13611   0.557 
0.56596  87684       0.55617 0.55617 0.55617   0.00024 0.13642   0.556 
0.56696  87482       0.55536 0.55536 0.55536   0.00024 0.13673   0.555 
0.56796  87280       0.55462 0.55462 0.55462   0.00024 0.13702   0.555 
0.56896  87078       0.55384 0.55384 0.55384   0.00024 0.13733   0.554 
0.56996  86876       0.55304 0.55304 0.55304   0.00024 0.13764   0.553 
0.57096  86674       0.55224 0.55224 0.55224   0.00024 0.13795   0.552 
0.57196  86472       0.55143 0.55143 0.55143   0.00024 0.13827   0.551 
0.57296  86270       0.55062 0.55062 0.55062   0.00024 0.13858   0.551 
0.57396  86068       0.54983 0.54983 0.54983   0.00024 0.13889   0.550 
0.57496  85866       0.54921 0.54921 0.54921   0.00024 0.13914   0.549 
0.57596  85664       0.54856 0.54856 0.54856   0.00024 0.13939   0.549 
0.57696  85462       0.54784 0.54784 0.54784   0.00024 0.13967   0.548 
0.57796  85260       0.54706 0.54706 0.54706   0.00024 0.13998   0.547 
0.57896  85058       0.54625 0.54625 0.54625   0.00024 0.14030   0.546 
0.57996  84856       0.54543 0.54543 0.54543   0.00024 0.14062   0.545 
0.58096  84654       0.54463 0.54463 0.54463   0.00024 0.14094   0.545 
0.58196  84452       0.54382 0.54382 0.54382   0.00024 0.14125   0.544 
0.58296  84250       0.54302 0.54302 0.54302   0.00024 0.14157   0.543 
0.58396  84048       0.54221 0.54221 0.54221   0.00024 0.14189   0.542 
0.58496  83846       0.54140 0.54140 0.54140   0.00024 0.14221   0.541 
0.58596  83644       0.54058 0.54058 0.54058   0.00024 0.14254   0.541 
0.58696  83442       0.53976 0.53976 0.53976   0.00024 0.14286   0.540 
0.58796  83240       0.53894 0.53894 0.53894   0.00024 0.14319   0.539 
0.58896  83038       0.53812 0.53812 0.53812   0.00024 0.14352   0.538 
0.58996  82836       0.53728 0.53728 0.53728   0.00024 0.14385   0.537 
0.59096  82634       0.53646 0.53646 0.53646   0.00024 0.14418   0.536 
0.59196  82432       0.53563 0.53563 0.53563   0.00024 0.14451   0.536 
0.59296  82230       0.53480 0.53480 0.53480   0.00024 0.14484   0.535 
0.59396  82028       0.53399 0.53399 0.53399   0.00024 0.14516   0.534 
0.59496  81826       0.53316 0.53316 0.53316   0.00024 0.14549   0.533 
0.59596  81624       0.53233 0.53233 0.53233   0.00024 0.14583   0.532 
0.59696  81422       0.53149 0.53149 0.53149   0.00024 0.14616   0.531 
0.59796  81220       0.53065 0.53065 0.53065   0.00024 0.14650   0.531 
0.59896  81018       0.52983 0.52983 0.52983   0.00024 0.14683   0.530 
0.59996  80816       0.52900 0.52900 0.52900   0.00024 0.14717   0.529 
0.60096  80614       0.52815 0.52815 0.52815   0.00025 0.14751   0.528 
0.60196  80412       0.52734 0.52734 0.52734   0.00025 0.14784   0.527 
0.60296  80210       0.52649 0.52649 0.52649   0.00025 0.14818   0.526 
0.60396  80008       0.52565 0.52565 0.52565   0.00025 0.14852   0.526 
0.60496  79806       0.52479 0.52479 0.52479   0.00025 0.14887   0.525 
0.60596  79604       0.52394 0.52394 0.52394   0.00025 0.14922   0.524 
0.60696  79402       0.52310 0.52310 0.52310   0.00025 0.14955   0.523 
0.60796  79200       0.52225 0.52225 0.52225   0.00025 0.14990   0.522 
0.60896  78998       0.52139 0.52139 0.52139   0.00025 0.15025   0.521 
0.60996  78796       0.52053 0.52053 0.52053   0.00025 0.15060   0.521 
0.61096  78594       0.51968 0.51968 0.51968   0.00025 0.15095   0.520 
0.61196  78392       0.51882 0.51882 0.51882   0.00025 0.15130   0.519 
0.61296  78190       0.51796 0.51796 0.51796   0.00025 0.15165   0.518 
0.61396  77988       0.51709 0.51709 0.51709   0.00025 0.15201   0.517 
0.61496  77786       0.51621 0.51621 0.51621   0.00025 0.15237   0.516 
0.61595  77584       0.51535 0.51535 0.51535   0.00025 0.15272   0.515 
0.61695  77382       0.51448 0.51448 0.51448   0.00025 0.15308   0.514 
0.61795  77180       0.51361 0.51361 0.51361   0.00025 0.15344   0.514 
0.61895  76978       0.51274 0.51274 0.51274   0.00025 0.15380   0.513 
0.61995  76776       0.51186 0.51186 0.51186   0.00025 0.15416   0.512 
0.62095  76574       0.51098 0.51098 0.51098   0.00025 0.15452   0.511 
0.62195  76372       0.51010 0.51010 0.51010   0.00025 0.15489   0.510 
0.62295  76170       0.50922 0.50922 0.50922   0.00025 0.15525   0.509 
0.62395  75968       0.50840 0.50840 0.50840   0.00025 0.15560   0.508 
0.62495  75766       0.50754 0.50754 0.50754   0.00025 0.15595   0.508 
0.62595  75564       0.50666 0.50666 0.50666   0.00025 0.15632   0.507 
0.62695  75362       0.50578 0.50578 0.50578   0.00025 0.15668   0.506 
0.62795  75160       0.50489 0.50489 0.50489   0.00025 0.15706   0.505 
0.62895  74958       0.50400 0.50400 0.50400   0.00025 0.15743   0.504 
0.62995  74756       0.50311 0.50311 0.50311   0.00025 0.15780   0.503 
0.63095  74554       0.50221 0.50221 0.50221   0.00025 0.15818   0.502 
0.63195  74352       0.50132 0.50132 0.50132   0.00025 0.15855   0.501 
0.63295  74150       0.50042 0.50042 0.50042   0.00025 0.15893   0.500 
0.63395  73948       0.49953 0.49953 0.49953   0.00025 0.15930   0.500 
0.63495  73746       0.49863 0.49863 0.49863   0.00025 0.15968   0.499 
0.63595  73544       0.49773 0.49773 0.49773   0.00025 0.16006   0.498 
0.63695  73342       0.49683 0.49683 0.49683   0.00025 0.16044   0.497 
0.63795  73140       0.49593 0.49593 0.49593   0.00025 0.16082   0.496 
0.63895  72938       0.49506 0.49506 0.49506   0.00025 0.16119   0.495 
0.63995  72736       0.49418 0.49418 0.49418   0.00025 0.16156   0.494 
0.64095  72534       0.49327 0.49327 0.49327   0.00025 0.16195   0.493 
0.64195  72332       0.49235 0.49235 0.49235   0.00025 0.16234   0.492 
0.64295  72130       0.49145 0.49145 0.49145   0.00025 0.16272   0.491 
0.64395  71928       0.49055 0.49055 0.49055   0.00025 0.16310   0.491 
0.64495  71726       0.48963 0.48963 0.48963   0.00025 0.16350   0.490 
0.64595  71524       0.48871 0.48871 0.48871   0.00025 0.16389   0.489 
0.64695  71322       0.48779 0.48779 0.48779   0.00025 0.16428   0.488 
0.64795  71120       0.48687 0.48687 0.48687   0.00025 0.16468   0.487 
0.64895  70918       0.48594 0.48594 0.48594   0.00025 0.16508   0.486 
0.64995  70716       0.48501 0.48501 0.48501   0.00025 0.16548   0.485 
0.65095  70514       0.48407 0.48407 0.48407   0.00025 0.16588   0.484 
0.65195  70312       0.48314 0.48314 0.48314   0.00025 0.16628   0.483 
0.65295  70110       0.48222 0.48222 0.48222   0.00025 0.16668   0.482 
0.65395  69908       0.48129 0.48129 0.48129   0.00026 0.16708   0.481 
0.65495  69706       0.48036 0.48036 0.48036   0.00026 0.16749   0.480 
0.65595  69504       0.47942 0.47942 0.47942   0.00026 0.16789   0.479 
0.65695  69302       0.47848 0.47848 0.47848   0.00026 0.16830   0.478 
0.65795  69100       0.47755 0.47755 0.47755   0.00026 0.16871   0.478 
0.65895  68898       0.47660 0.47660 0.47660   0.00026 0.16912   0.477 
0.65995  68696       0.47568 0.47568 0.47568   0.00026 0.16952   0.476 
0.66095  68494       0.47473 0.47473 0.47473   0.00026 0.16994   0.475 
0.66195  68292       0.47378 0.47378 0.47378   0.00026 0.17035   0.474 
0.66295  68090       0.47283 0.47283 0.47283   0.00026 0.17077   0.473 
0.66395  67888       0.47188 0.47188 0.47188   0.00026 0.17118   0.472 
0.66495  67686       0.47093 0.47093 0.47093   0.00026 0.17160   0.471 
0.66595  67484       0.46998 0.46998 0.46998   0.00026 0.17202   0.470 
0.66695  67282       0.46904 0.46904 0.46904   0.00026 0.17243   0.469 
0.66795  67080       0.46808 0.46808 0.46808   0.00026 0.17286   0.468 
0.66895  66878       0.46711 0.46711 0.46711   0.00026 0.17329   0.467 
0.66995  66676       0.46616 0.46616 0.46616   0.00026 0.17371   0.466 
0.67095  66474       0.46519 0.46519 0.46519   0.00026 0.17414   0.465 
0.67195  66272       0.46432 0.46432 0.46432   0.00026 0.17453   0.464 
0.67295  66070       0.46342 0.46342 0.46342   0.00026 0.17493   0.463 
0.67395  65868       0.46245 0.46245 0.46245   0.00026 0.17536   0.462 
0.67495  65666       0.46149 0.46149 0.46149   0.00026 0.17579   0.461 
0.67595  65464       0.46051 0.46051 0.46051   0.00026 0.17622   0.461 
0.67695  65262       0.45954 0.45954 0.45954   0.00026 0.17666   0.460 
0.67795  65060       0.45857 0.45857 0.45857   0.00026 0.17709   0.459 
0.67895  64858       0.45760 0.45760 0.45760   0.00026 0.17753   0.458 
0.67995  64656       0.45662 0.45662 0.45662   0.00026 0.17797   0.457 
0.68095  64454       0.45564 0.45564 0.45564   0.00026 0.17841   0.456 
0.68195  64252       0.45467 0.45467 0.45467   0.00026 0.17885   0.455 
0.68295  64050       0.45368 0.45368 0.45368   0.00026 0.17929   0.454 
0.68395  63848       0.45269 0.45269 0.45269   0.00026 0.17974   0.453 
0.68495  63646       0.45170 0.45170 0.45170   0.00026 0.18019   0.452 
0.68595  63444       0.45070 0.45070 0.45070   0.00026 0.18064   0.451 
0.68695  63242       0.44973 0.44973 0.44973   0.00026 0.18109   0.450 
0.68795  63040       0.44873 0.44873 0.44873   0.00026 0.18154   0.449 
0.68895  62838       0.44774 0.44774 0.44774   0.00026 0.18199   0.448 
0.68995  62636       0.44674 0.44674 0.44674   0.00026 0.18245   0.447 
0.69095  62434       0.44573 0.44573 0.44573   0.00026 0.18291   0.446 
0.69195  62232       0.44472 0.44472 0.44472   0.00026 0.18338   0.445 
0.69295  62030       0.44372 0.44372 0.44372   0.00026 0.18384   0.444 
0.69395  61828       0.44271 0.44271 0.44271   0.00027 0.18430   0.443 
0.69495  61626       0.44169 0.44169 0.44169   0.00027 0.18477   0.442 
0.69595  61424       0.44067 0.44067 0.44067   0.00027 0.18524   0.441 
0.69695  61222       0.43965 0.43965 0.43965   0.00027 0.18571   0.440 
0.69795  61020       0.43865 0.43865 0.43865   0.00027 0.18618   0.439 
0.69895  60818       0.43771 0.43771 0.43771   0.00027 0.18662   0.438 
0.69995  60616       0.43669 0.43669 0.43669   0.00027 0.18709   0.437 
0.70095  60414       0.43567 0.43567 0.43567   0.00027 0.18757   0.436 
0.70195  60212       0.43463 0.43463 0.43463   0.00027 0.18805   0.435 
0.70295  60010       0.43361 0.43361 0.43361   0.00027 0.18852   0.434 
0.70395  59808       0.43258 0.43258 0.43258   0.00027 0.18901   0.433 
0.70495  59606       0.43157 0.43157 0.43157   0.00027 0.18948   0.432 
0.70595  59404       0.43053 0.43053 0.43053   0.00027 0.18997   0.431 
0.70695  59202       0.42949 0.42949 0.42949   0.00027 0.19046   0.429 
0.70795  59000       0.42845 0.42845 0.42845   0.00027 0.19095   0.428 
0.70895  58798       0.42741 0.42741 0.42741   0.00027 0.19144   0.427 
0.70995  58596       0.42637 0.42637 0.42637   0.00027 0.19194   0.426 
0.71095  58394       0.42534 0.42534 0.42534   0.00027 0.19242   0.425 
0.71195  58192       0.42428 0.42428 0.42428   0.00027 0.19293   0.424 
0.71295  57990       0.42323 0.42323 0.42323   0.00027 0.19343   0.423 
0.71395  57788       0.42219 0.42219 0.42219   0.00027 0.19392   0.422 
0.71495  57586       0.42113 0.42113 0.42113   0.00027 0.19443   0.421 
0.71595  57384       0.42008 0.42008 0.42008   0.00027 0.19493   0.420 
0.71695  57182       0.41902 0.41902 0.41902   0.00027 0.19544   0.419 
0.71795  56980       0.41797 0.41797 0.41797   0.00027 0.19595   0.418 
0.71895  56778       0.41691 0.41691 0.41691   0.00027 0.19646   0.417 
0.71995  56576       0.41585 0.41585 0.41585   0.00027 0.19697   0.416 
0.72095  56374       0.41488 0.41488 0.41488   0.00027 0.19743   0.415 
0.72195  56172       0.41384 0.41384 0.41384   0.00027 0.19794   0.414 
0.72295  55970       0.41277 0.41277 0.41277   0.00027 0.19845   0.413 
0.72395  55768       0.41171 0.41171 0.41171   0.00027 0.19897   0.412 
0.72495  55566       0.41063 0.41063 0.41063   0.00027 0.19950   0.411 
0.72595  55364       0.40956 0.40956 0.40956   0.00028 0.20002   0.410 
0.72695  55162       0.40848 0.40848 0.40848   0.00028 0.20055   0.408 
0.72795  54960       0.40740 0.40740 0.40740   0.00028 0.20108   0.407 
0.72894  54758       0.40631 0.40631 0.40631   0.00028 0.20161   0.406 
0.72994  54556       0.40524 0.40524 0.40524   0.00028 0.20214   0.405 
0.73094  54354       0.40414 0.40414 0.40414   0.00028 0.20268   0.404 
0.73194  54152       0.40305 0.40305 0.40305   0.00028 0.20322   0.403 
0.73294  53950       0.40196 0.40196 0.40196   0.00028 0.20376   0.402 
0.73394  53748       0.40087 0.40087 0.40087   0.00028 0.20430   0.401 
0.73494  53546       0.39977 0.39977 0.39977   0.00028 0.20484   0.400 
0.73594  53344       0.39921 0.39921 0.39921   0.00028 0.20512   0.399 
0.73694  53142       0.39853 0.39853 0.39853   0.00028 0.20546   0.399 
0.73794  52940       0.39774 0.39774 0.39774   0.00028 0.20585   0.398 
0.73894  52738       0.39690 0.39690 0.39690   0.00028 0.20628   0.397 
0.73994  52536       0.39602 0.39602 0.39602   0.00028 0.20672   0.396 
0.74094  52334       0.39506 0.39506 0.39506   0.00028 0.20720   0.395 
0.74194  52132       0.39406 0.39406 0.39406   0.00028 0.20770   0.394 
0.74294  51930       0.39299 0.39299 0.39299   0.00028 0.20823   0.393 
0.74394  51728       0.39189 0.39189 0.39189   0.00028 0.20879   0.392 
0.74494  51526       0.39078 0.39078 0.39078   0.00028 0.20935   0.391 
0.74594  51324       0.38967 0.38967 0.38967   0.00028 0.20991   0.390 
0.74694  51122       0.38856 0.38856 0.38856   0.00028 0.21048   0.389 
0.74794  50920       0.38745 0.38745 0.38745   0.00028 0.21104   0.387 
0.74894  50718       0.38640 0.38640 0.38640   0.00028 0.21158   0.386 
0.74994  50516       0.38528 0.38528 0.38528   0.00028 0.21215   0.385 
0.75094  50314       0.38416 0.38416 0.38416   0.00028 0.21272   0.384 
0.75194  50112       0.38304 0.38304 0.38304   0.00028 0.21330   0.383 
0.75294  49910       0.38193 0.38193 0.38193   0.00028 0.21386   0.382 
0.75394  49708       0.38081 0.38081 0.38081   0.00028 0.21444   0.381 
0.75494  49506       0.37971 0.37971 0.37971   0.00028 0.21501   0.380 
0.75594  49304       0.37859 0.37859 0.37859   0.00028 0.21559   0.379 
0.75694  49102       0.37745 0.37745 0.37745   0.00029 0.21618   0.377 
0.75794  48900       0.37637 0.37637 0.37637   0.00029 0.21674   0.376 
0.75894  48698       0.37524 0.37524 0.37524   0.00029 0.21733   0.375 
0.75994  48496       0.37411 0.37411 0.37411   0.00029 0.21792   0.374 
0.76094  48294       0.37298 0.37298 0.37298   0.00029 0.21851   0.373 
0.76194  48092       0.37184 0.37184 0.37184   0.00029 0.21911   0.372 
0.76294  47890       0.37078 0.37078 0.37078   0.00029 0.21967   0.371 
0.76394  47688       0.36968 0.36968 0.36968   0.00029 0.22025   0.370 
0.76494  47486       0.36853 0.36853 0.36853   0.00029 0.22085   0.369 
0.76594  47284       0.36739 0.36739 0.36739   0.00029 0.22146   0.367 
0.76694  47082       0.36624 0.36624 0.36624   0.00029 0.22207   0.366 
0.76794  46880       0.36513 0.36513 0.36513   0.00029 0.22266   0.365 
0.76894  46678       0.36400 0.36400 0.36400   0.00029 0.22326   0.364 
0.76994  46476       0.36285 0.36285 0.36285   0.00029 0.22388   0.363 
0.77094  46274       0.36168 0.36168 0.36168   0.00029 0.22450   0.362 
0.77194  46072       0.36051 0.36051 0.36051   0.00029 0.22513   0.361 
0.77294  45870       0.35938 0.35938 0.35938   0.00029 0.22574   0.359 
0.77394  45668       0.35821 0.35821 0.35821   0.00029 0.22637   0.358 
0.77494  45466       0.35705 0.35705 0.35705   0.00029 0.22700   0.357 
0.77594  45264       0.35588 0.35588 0.35588   0.00029 0.22763   0.356 
0.77694  45062       0.35469 0.35469 0.35469   0.00029 0.22827   0.355 
0.77794  44860       0.35352 0.35352 0.35352   0.00029 0.22891   0.354 
0.77894  44658       0.35234 0.35234 0.35234   0.00029 0.22956   0.352 
0.77994  44456       0.35115 0.35115 0.35115   0.00029 0.23021   0.351 
0.78094  44254       0.35002 0.35002 0.35002   0.00030 0.23083   0.350 
0.78194  44052       0.34889 0.34889 0.34889   0.00030 0.23145   0.349 
0.78294  43850       0.34770 0.34770 0.34770   0.00030 0.23211   0.348 
0.78394  43648       0.34653 0.34653 0.34653   0.00030 0.23276   0.347 
0.78494  43446       0.34534 0.34534 0.34534   0.00030 0.23342   0.345 
0.78594  43244       0.34415 0.34415 0.34415   0.00030 0.23407   0.344 
0.78694  43042       0.34295 0.34295 0.34295   0.00030 0.23474   0.343 
0.78794  42840       0.34174 0.34174 0.34174   0.00030 0.23542   0.342 
0.78894  42638       0.34053 0.34053 0.34053   0.00030 0.23610   0.341 
0.78994  42436       0.33933 0.33933 0.33933   0.00030 0.23677   0.339 
0.79094  42234       0.33812 0.33812 0.33812   0.00030 0.23745   0.338 
0.79194  42032       0.33691 0.33691 0.33691   0.00030 0.23814   0.337 
0.79294  41830       0.33569 0.33569 0.33569   0.00030 0.23882   0.336 
0.79394  41628       0.33448 0.33448 0.33448   0.00030 0.23951   0.334 
0.79494  41426       0.33328 0.33328 0.33328   0.00030 0.24020   0.333 
0.79594  41224       0.33205 0.33205 0.33205   0.00030 0.24090   0.332 
0.79694  41022       0.33081 0.33081 0.33081   0.00030 0.24161   0.331 
0.79794  40820       0.32958 0.32958 0.32958   0.00030 0.24231   0.330 
0.79894  40618       0.32834 0.32834 0.32834   0.00030 0.24303   0.328 
0.79994  40416       0.32711 0.32711 0.32711   0.00030 0.24374   0.327 
0.80094  40214       0.32588 0.32588 0.32588   0.00030 0.24445   0.326 
0.80194  40012       0.32464 0.32464 0.32464   0.00031 0.24517   0.325 
0.80294  39810       0.32340 0.32340 0.32340   0.00031 0.24589   0.323 
0.80394  39608       0.32216 0.32216 0.32216   0.00031 0.24661   0.322 
0.80494  39406       0.32091 0.32091 0.32091   0.00031 0.24735   0.321 
0.80594  39204       0.31965 0.31965 0.31965   0.00031 0.24808   0.320 
0.80694  39002       0.31840 0.31840 0.31840   0.00031 0.24882   0.318 
0.80794  38800       0.31716 0.31716 0.31716   0.00031 0.24955   0.317 
0.80894  38598       0.31589 0.31589 0.31589   0.00031 0.25030   0.316 
0.80994  38396       0.31462 0.31462 0.31462   0.00031 0.25106   0.315 
0.81094  38194       0.31336 0.31336 0.31336   0.00031 0.25181   0.313 
0.81194  37992       0.31208 0.31208 0.31208   0.00031 0.25258   0.312 
0.81294  37790       0.31080 0.31080 0.31080   0.00031 0.25334   0.311 
0.81394  37588       0.30953 0.30953 0.30953   0.00031 0.25411   0.310 
0.81494  37386       0.30825 0.30825 0.30825   0.00031 0.25488   0.308 
0.81594  37184       0.30696 0.30696 0.30696   0.00031 0.25566   0.307 
0.81694  36982       0.30568 0.30568 0.30568   0.00031 0.25644   0.306 
0.81794  36780       0.30439 0.30439 0.30439   0.00031 0.25723   0.304 
0.81894  36578       0.30310 0.30310 0.30310   0.00031 0.25801   0.303 
0.81994  36376       0.30182 0.30182 0.30182   0.00032 0.25880   0.302 
0.82094  36174       0.30052 0.30052 0.30052   0.00032 0.25960   0.301 
0.82194  35972       0.29922 0.29922 0.29922   0.00032 0.26040   0.299 
0.82294  35770       0.29792 0.29792 0.29792   0.00032 0.26120   0.298 
0.82394  35568       0.29662 0.29662 0.29662   0.00032 0.26201   0.297 
0.82494  35366       0.29531 0.29531 0.29531   0.00032 0.26283   0.295 
0.82594  35164       0.29398 0.29398 0.29398   0.00032 0.26366   0.294 
0.82694  34962       0.29267 0.29267 0.29267   0.00032 0.26448   0.293 
0.82794  34760       0.29136 0.29136 0.29136   0.00032 0.26530   0.291 
0.82894  34558       0.29004 0.29004 0.29004   0.00032 0.26614   0.290 
0.82994  34356       0.28871 0.28871 0.28871   0.00032 0.26698   0.289 
0.83094  34154       0.28738 0.28738 0.28738   0.00032 0.26783   0.287 
0.83194  33952       0.28605 0.28605 0.28605   0.00032 0.26868   0.286 
0.83294  33750       0.28470 0.28470 0.28470   0.00032 0.26954   0.285 
0.83394  33548       0.28337 0.28337 0.28337   0.00032 0.27040   0.283 
0.83494  33346       0.28201 0.28201 0.28201   0.00032 0.27127   0.282 
0.83594  33144       0.28065 0.28065 0.28065   0.00033 0.27215   0.281 
0.83694  32942       0.27940 0.27940 0.27940   0.00033 0.27296   0.279 
0.83794  32740       0.27804 0.27804 0.27804   0.00033 0.27385   0.278 
0.83894  32538       0.27668 0.27668 0.27668   0.00033 0.27474   0.277 
0.83994  32336       0.27532 0.27532 0.27532   0.00033 0.27563   0.275 
0.84093  32134       0.27396 0.27396 0.27396   0.00033 0.27653   0.274 
0.84193  31932       0.27259 0.27259 0.27259   0.00033 0.27743   0.273 
0.84293  31730       0.27122 0.27122 0.27122   0.00033 0.27835   0.271 
0.84393  31528       0.26984 0.26984 0.26984   0.00033 0.27926   0.270 
0.84493  31326       0.26846 0.26846 0.26846   0.00033 0.28019   0.268 
0.84593  31124       0.26708 0.26708 0.26708   0.00033 0.28111   0.267 
0.84693  30922       0.26569 0.26569 0.26569   0.00033 0.28205   0.266 
0.84793  30720       0.26430 0.26430 0.26430   0.00033 0.28299   0.264 
0.84893  30518       0.26290 0.26290 0.26290   0.00033 0.28394   0.263 
0.84993  30316       0.26150 0.26150 0.26150   0.00033 0.28490   0.261 
0.85093  30114       0.26011 0.26011 0.26011   0.00034 0.28585   0.260 
0.85193  29912       0.25870 0.25870 0.25870   0.00034 0.28682   0.259 
0.85293  29710       0.25735 0.25735 0.25735   0.00034 0.28775   0.257 
0.85393  29508       0.25594 0.25594 0.25594   0.00034 0.28873   0.256 
0.85493  29306       0.25454 0.25454 0.25454   0.00034 0.28970   0.255 
0.85593  29104       0.25313 0.25313 0.25313   0.00034 0.29069   0.253 
0.85693  28902       0.25171 0.25171 0.25171   0.00034 0.29169   0.252 
0.85793  28700       0.25028 0.25028 0.25028   0.00034 0.29269   0.250 
0.85893  28498       0.24889 0.24889 0.24889   0.00034 0.29368   0.249 
0.85993  28296       0.24745 0.24745 0.24745   0.00034 0.29471   0.247 
0.86093  28094       0.24602 0.24602 0.24602   0.00034 0.29573   0.246 
0.86193  27892       0.24459 0.24459 0.24459   0.00034 0.29675   0.245 
0.86293  27690       0.24318 0.24318 0.24318   0.00034 0.29777   0.243 
0.86393  27488       0.24173 0.24173 0.24173   0.00035 0.29882   0.242 
0.86493  27286       0.24035 0.24035 0.24035   0.00035 0.29982   0.240 
0.86593  27084       0.23893 0.23893 0.23893   0.00035 0.30085   0.239 
0.86693  26882       0.23751 0.23751 0.23751   0.00035 0.30190   0.238 
0.86793  26680       0.23605 0.23605 0.23605   0.00035 0.30297   0.236 
0.86893  26478       0.23459 0.23459 0.23459   0.00035 0.30405   0.235 
0.86993  26276       0.23314 0.23314 0.23314   0.00035 0.30513   0.233 
0.87093  26074       0.23171 0.23171 0.23171   0.00035 0.30620   0.232 
0.87193  25872       0.23025 0.23025 0.23025   0.00035 0.30730   0.230 
0.87293  25670       0.22877 0.22877 0.22877   0.00035 0.30841   0.229 
0.87393  25468       0.22729 0.22729 0.22729   0.00035 0.30953   0.227 
0.87493  25266       0.22583 0.22583 0.22583   0.00035 0.31064   0.226 
0.87593  25064       0.22438 0.22438 0.22438   0.00036 0.31175   0.224 
0.87693  24862       0.22292 0.22292 0.22292   0.00036 0.31287   0.223 
0.87793  24660       0.22143 0.22143 0.22143   0.00036 0.31402   0.221 
0.87893  24458       0.21994 0.21994 0.21994   0.00036 0.31518   0.220 
0.87993  24256       0.21844 0.21844 0.21844   0.00036 0.31635   0.218 
0.88093  24054       0.21694 0.21694 0.21694   0.00036 0.31753   0.217 
0.88193  23852       0.21546 0.21546 0.21546   0.00036 0.31869   0.215 
0.88293  23650       0.21396 0.21396 0.21396   0.00036 0.31989   0.214 
0.88393  23448       0.21245 0.21245 0.21245   0.00036 0.32108   0.212 
0.88493  23246       0.21093 0.21093 0.21093   0.00036 0.32230   0.211 
0.88593  23044       0.20953 0.20953 0.20953   0.00036 0.32343   0.210 
0.88693  22842       0.20801 0.20801 0.20801   0.00037 0.32466   0.208 
0.88793  22640       0.20649 0.20649 0.20649   0.00037 0.32590   0.206 
0.88893  22438       0.20496 0.20496 0.20496   0.00037 0.32715   0.205 
0.88993  22236       0.20345 0.20345 0.20345   0.00037 0.32840   0.203 
0.89093  22034       0.20190 0.20190 0.20190   0.00037 0.32967   0.202 
0.89193  21832       0.20043 0.20043 0.20043   0.00037 0.33090   0.200 
0.89293  21630       0.19890 0.19890 0.19890   0.00037 0.33218   0.199 
0.89393  21428       0.19735 0.19735 0.19735   0.00037 0.33348   0.197 
0.89493  21226       0.19580 0.19580 0.19580   0.00037 0.33480   0.196 
0.89593  21024       0.19425 0.19425 0.19425   0.00037 0.33612   0.194 
0.89693  20822       0.19271 0.19271 0.19271   0.00038 0.33744   0.193 
0.89793  20620       0.19117 0.19117 0.19117   0.00038 0.33876   0.191 
0.89893  20418       0.18962 0.18962 0.18962   0.00038 0.34011   0.190 
0.89993  20216       0.18804 0.18804 0.18804   0.00038 0.34149   0.188 
0.90093  20014       0.18647 0.18647 0.18647   0.00038 0.34287   0.186 
0.90193  19812       0.18490 0.18490 0.18490   0.00038 0.34426   0.185 
0.90293  19610       0.18332 0.18332 0.18332   0.00038 0.34566   0.183 
0.90393  19408       0.18174 0.18174 0.18174   0.00038 0.34708   0.182 
0.90493  19206       0.18014 0.18014 0.18014   0.00038 0.34851   0.180 
0.90593  19004       0.17856 0.17856 0.17856   0.00039 0.34995   0.179 
0.90693  18802       0.17696 0.17696 0.17696   0.00039 0.35141   0.177 
0.90793  18600       0.17535 0.17535 0.17535   0.00039 0.35289   0.175 
0.90893  18398       0.17374 0.17374 0.17374   0.00039 0.35438   0.174 
0.90993  18196       0.17213 0.17213 0.17213   0.00039 0.35588   0.172 
0.91093  17994       0.17052 0.17052 0.17052   0.00039 0.35739   0.171 
0.91193  17792       0.16890 0.16890 0.16890   0.00039 0.35893   0.169 
0.91293  17590       0.16730 0.16730 0.16730   0.00039 0.36045   0.167 
0.91393  17388       0.16567 0.16567 0.16567   0.00040 0.36201   0.166 
0.91493  17186       0.16404 0.16404 0.16404   0.00040 0.36359   0.164 
0.91593  16984       0.16240 0.16240 0.16240   0.00040 0.36519   0.162 
0.91693  16782       0.16075 0.16075 0.16075   0.00040 0.36681   0.161 
0.91793  16580       0.15910 0.15910 0.15910   0.00040 0.36844   0.159 
0.91893  16378       0.15747 0.15747 0.15747   0.00040 0.37006   0.157 
0.91993  16176       0.15580 0.15580 0.15580   0.00040 0.37174   0.156 
0.92093  15974       0.15414 0.15414 0.15414   0.00041 0.37342   0.154 
0.92193  15772       0.15247 0.15247 0.15247   0.00041 0.37512   0.152 
0.92293  15570       0.15079 0.15079 0.15079   0.00041 0.37685   0.151 
0.92393  15368       0.14911 0.14911 0.14911   0.00041 0.37859   0.149 
0.92493  15166       0.14743 0.14743 0.14743   0.00041 0.38035   0.147 
0.92593  14964       0.14575 0.14575 0.14575   0.00041 0.38212   0.146 
0.92693  14762       0.14408 0.14408 0.14408   0.00041 0.38390   0.144 
0.92793  14560       0.14239 0.14239 0.14239   0.00042 0.38571   0.142 
0.92893  14358       0.14069 0.14069 0.14069   0.00042 0.38756   0.141 
0.92993  14156       0.13897 0.13897 0.13897   0.00042 0.38943   0.139 
0.93093  13954       0.13726 0.13726 0.13726   0.00042 0.39132   0.137 
0.93193  13752       0.13557 0.13557 0.13557   0.00042 0.39321   0.136 
0.93293  13550       0.13386 0.13386 0.13386   0.00042 0.39513   0.134 
0.93393  13348       0.13213 0.13213 0.13213   0.00042 0.39709   0.132 
0.93493  13146       0.13039 0.13039 0.13039   0.00043 0.39908   0.130 
0.93593  12944       0.12867 0.12867 0.12867   0.00043 0.40108   0.129 
0.93693  12742       0.12693 0.12693 0.12693   0.00043 0.40311   0.127 
0.93793  12540       0.12521 0.12521 0.12521   0.00043 0.40514   0.125 
0.93893  12338       0.12345 0.12345 0.12345   0.00043 0.40724   0.123 
0.93993  12136       0.12168 0.12168 0.12168   0.00044 0.40938   0.122 
0.94093  11934       0.11991 0.11991 0.11991   0.00044 0.41155   0.120 
0.94193  11732       0.11813 0.11813 0.11813   0.00044 0.41374   0.118 
0.94293  11530       0.11638 0.11638 0.11638   0.00044 0.41593   0.116 
0.94393  11328       0.11460 0.11460 0.11460   0.00044 0.41818   0.115 
0.94493  11126       0.11280 0.11280 0.11280   0.00044 0.42047   0.113 
0.94593  10924       0.11099 0.11099 0.11099   0.00045 0.42281   0.111 
0.94693  10722       0.10918 0.10918 0.10918   0.00045 0.42517   0.109 
0.94793  10520       0.10737 0.10737 0.10737   0.00045 0.42757   0.107 
0.94893  10318       0.10556 0.10556 0.10556   0.00045 0.43000   0.106 
0.94993  10116       0.10373 0.10373 0.10373   0.00045 0.43248   0.104 
0.95093  9914        0.10190 0.10190 0.10190   0.00046 0.43501   0.102 
0.95193  9712        0.10006 0.10006 0.10006   0.00046 0.43757   0.100 
0.95292  9510        0.09821 0.09821 0.09821   0.00046 0.44019   0.098 
0.95392  9308        0.09635 0.09635 0.09635   0.00046 0.44286   0.096 
0.95492  9106        0.09449 0.09449 0.09449   0.00047 0.44557   0.094 
0.95592  8904        0.09262 0.09262 0.09262   0.00047 0.44833   0.093 
0.95692  8702        0.09074 0.09074 0.09074   0.00047 0.45116   0.091 
0.95792  8500        0.08885 0.08885 0.08885   0.00047 0.45403   0.089 
0.95892  8298        0.08695 0.08695 0.08695   0.00048 0.45698   0.087 
0.95992  8096        0.08507 0.08507 0.08507   0.00048 0.45993   0.085 
0.96092  7894        0.08316 0.08316 0.08316   0.00048 0.46299   0.083 
0.96192  7692        0.08125 0.08125 0.08125   0.00048 0.46611   0.081 
0.96292  7490        0.07931 0.07931 0.07931   0.00049 0.46931   0.079 
0.96392  7288        0.07738 0.07738 0.07738   0.00049 0.47258   0.077 
0.96492  7086        0.07543 0.07543 0.07543   0.00049 0.47593   0.075 
0.96592  6884        0.07347 0.07347 0.07347   0.00050 0.47937   0.073 
0.96692  6682        0.07154 0.07154 0.07154   0.00050 0.48283   0.072 
0.96792  6480        0.06957 0.06957 0.06957   0.00050 0.48642   0.070 
0.96892  6278        0.06758 0.06758 0.06758   0.00051 0.49014   0.068 
0.96992  6076        0.06558 0.06558 0.06558   0.00051 0.49394   0.066 
0.97092  5874        0.06358 0.06358 0.06358   0.00051 0.49785   0.064 
0.97192  5672        0.06156 0.06156 0.06156   0.00052 0.50189   0.062 
0.97292  5470        0.05954 0.05954 0.05954   0.00052 0.50603   0.060 
0.97392  5268        0.05750 0.05750 0.05750   0.00052 0.51032   0.057 
0.97492  5066        0.05544 0.05544 0.05544   0.00053 0.51475   0.055 
0.97592  4864        0.05338 0.05338 0.05338   0.00053 0.51933   0.053 
0.97692  4662        0.05130 0.05130 0.05130   0.00054 0.52408   0.051 
0.97792  4460        0.04921 0.04921 0.04921   0.00054 0.52901   0.049 
0.97892  4258        0.04711 0.04711 0.04711   0.00055 0.53412   0.047 
0.97992  4056        0.04499 0.04499 0.04499   0.00055 0.53944   0.045 
0.98092  3854        0.04286 0.04286 0.04286   0.00055 0.54501   0.043 
0.98192  3652        0.04072 0.04072 0.04072   0.00056 0.55079   0.041 
0.98292  3450        0.03855 0.03855 0.03855   0.00057 0.55691   0.039 
0.98392  3248        0.03636 0.03636 0.03636   0.00057 0.56333   0.036 
0.98492  3046        0.03416 0.03416 0.03416   0.00058 0.57010   0.034 
0.98592  2844        0.03193 0.03193 0.03193   0.00058 0.57727   0.032 
0.98692  2642        0.02968 0.02968 0.02968   0.00059 0.58494   0.030 
0.98792  2440        0.02740 0.02740 0.02740   0.00060 0.59315   0.027 
0.98892  2238        0.02509 0.02509 0.02509   0.00061 0.60201   0.025 
0.98992  2036        0.02276 0.02276 0.02276   0.00062 0.61160   0.023 
0.99092  1834        0.02038 0.02038 0.02038   0.00063 0.62216   0.020 
0.99192  1632        0.01796 0.01796 0.01796   0.00064 0.63392   0.018 
0.99292  1430        0.01550 0.01550 0.01550   0.00065 0.64717   0.015 
0.99392  1228        0.01299 0.01299 0.01299   0.00067 0.66238   0.013 
0.99492  1026        0.01041 0.01041 0.01041   0.00068 0.68060   0.010 
0.99592  824         0.00774 0.00774 0.00774   0.00071 0.70339   0.008 
0.99692  622         0.00576 0.00576 0.00576   0.00073 0.72454   0.006 
0.99792  420         0.00407 0.00407 0.00407   0.00075 0.74747   0.004 
0.99892  218         0.00209 0.00209 0.00209   0.00079 0.78630   0.002 
0.99992  16          0.00016 0.00016 0.00016   0.00089 0.88728   0.000 
1.00000  0           0.00000 0.00000 0.00000   0.00100 0.99988   0.000 
