# Prop_landscape_lost  cost_needed_for_top_fraction  min_prop_rem  ave_prop_rem  W_prop_rem  ext-1  ext-2  prop_for_each_biodiversity_feature_(e.g._species)_remaining_at_level_of_removal...
0.00001  2.0202e+005  1.00000 1.00000 1.00000   0.00000 0.00000   1.000 
0.00101  2.0181e+005  1.00000 1.00000 1.00000   0.00000 0.00000   1.000 
0.00201  2.0161e+005  1.00000 1.00000 1.00000   0.00000 0.00000   1.000 
0.00301  2.0141e+005  0.99998 0.99998 0.99998   0.00000 0.00001   1.000 
0.00401  2.0121e+005  0.99995 0.99995 0.99995   0.00000 0.00001   1.000 
0.00501  2.0101e+005  0.99992 0.99992 0.99992   0.00000 0.00002   1.000 
0.00601  2.008e+005  0.99990 0.99990 0.99990   0.00000 0.00003   1.000 
0.00701  2.006e+005  0.99987 0.99987 0.99987   0.00000 0.00003   1.000 
0.00801  2.004e+005  0.99984 0.99984 0.99984   0.00000 0.00004   1.000 
0.00901  2.002e+005  0.99981 0.99981 0.99981   0.00000 0.00005   1.000 
0.01001  2e+005      0.99978 0.99978 0.99978   0.00001 0.00006   1.000 
0.01101  1.9979e+005  0.99975 0.99975 0.99975   0.00001 0.00006   1.000 
0.01201  1.9959e+005  0.99972 0.99972 0.99972   0.00001 0.00007   1.000 
0.01301  1.9939e+005  0.99968 0.99968 0.99968   0.00001 0.00008   1.000 
0.01401  1.9919e+005  0.99965 0.99965 0.99965   0.00001 0.00009   1.000 
0.01501  1.9899e+005  0.99961 0.99961 0.99961   0.00001 0.00010   1.000 
0.01601  1.9878e+005  0.99957 0.99957 0.99957   0.00001 0.00011   1.000 
0.01701  1.9858e+005  0.99953 0.99953 0.99953   0.00001 0.00012   1.000 
0.01801  1.9838e+005  0.99949 0.99949 0.99949   0.00001 0.00013   0.999 
0.01901  1.9818e+005  0.99944 0.99944 0.99944   0.00001 0.00014   0.999 
0.02001  1.9798e+005  0.99939 0.99939 0.99939   0.00001 0.00015   0.999 
0.02101  1.9777e+005  0.99935 0.99935 0.99935   0.00001 0.00016   0.999 
0.02201  1.9757e+005  0.99930 0.99930 0.99930   0.00001 0.00018   0.999 
0.02301  1.9737e+005  0.99924 0.99924 0.99924   0.00001 0.00019   0.999 
0.02401  1.9717e+005  0.99919 0.99919 0.99919   0.00001 0.00020   0.999 
0.02501  1.9697e+005  0.99913 0.99913 0.99913   0.00001 0.00022   0.999 
0.02601  1.9676e+005  0.99907 0.99907 0.99907   0.00001 0.00023   0.999 
0.02701  1.9656e+005  0.99900 0.99900 0.99900   0.00001 0.00025   0.999 
0.02801  1.9636e+005  0.99893 0.99893 0.99893   0.00001 0.00027   0.999 
0.02901  1.9616e+005  0.99886 0.99886 0.99886   0.00001 0.00029   0.999 
0.03001  1.9596e+005  0.99878 0.99878 0.99878   0.00001 0.00031   0.999 
0.03101  1.9575e+005  0.99870 0.99870 0.99870   0.00001 0.00033   0.999 
0.03201  1.9555e+005  0.99862 0.99862 0.99862   0.00001 0.00035   0.999 
0.03301  1.9535e+005  0.99852 0.99852 0.99852   0.00001 0.00037   0.999 
0.03401  1.9515e+005  0.99842 0.99842 0.99842   0.00001 0.00040   0.998 
0.03501  1.9495e+005  0.99831 0.99831 0.99831   0.00001 0.00042   0.998 
0.03601  1.9474e+005  0.99821 0.99821 0.99821   0.00001 0.00045   0.998 
0.03701  1.9454e+005  0.99809 0.99809 0.99809   0.00001 0.00048   0.998 
0.03801  1.9434e+005  0.99798 0.99798 0.99798   0.00001 0.00051   0.998 
0.03901  1.9414e+005  0.99785 0.99785 0.99785   0.00001 0.00054   0.998 
0.04001  1.9394e+005  0.99772 0.99772 0.99772   0.00001 0.00057   0.998 
0.04101  1.9373e+005  0.99759 0.99759 0.99759   0.00001 0.00060   0.998 
0.04201  1.9353e+005  0.99746 0.99746 0.99746   0.00001 0.00064   0.997 
0.04301  1.9333e+005  0.99735 0.99735 0.99735   0.00002 0.00066   0.997 
0.04401  1.9313e+005  0.99727 0.99727 0.99727   0.00002 0.00068   0.997 
0.04501  1.9293e+005  0.99722 0.99722 0.99722   0.00002 0.00070   0.997 
0.04601  1.9272e+005  0.99720 0.99720 0.99720   0.00001 0.00070   0.997 
0.04701  1.9252e+005  0.99713 0.99713 0.99713   0.00001 0.00072   0.997 
0.04801  1.9232e+005  0.99705 0.99705 0.99705   0.00002 0.00074   0.997 
0.04901  1.9212e+005  0.99704 0.99704 0.99704   0.00001 0.00074   0.997 
0.05001  1.9192e+005  0.99701 0.99701 0.99701   0.00001 0.00075   0.997 
0.05101  1.9171e+005  0.99695 0.99695 0.99695   0.00001 0.00076   0.997 
0.05201  1.9151e+005  0.99687 0.99687 0.99687   0.00001 0.00078   0.997 
0.05301  1.9131e+005  0.99684 0.99684 0.99684   0.00001 0.00079   0.997 
0.05401  1.9111e+005  0.99680 0.99680 0.99680   0.00001 0.00080   0.997 
0.05500  1.9091e+005  0.99673 0.99673 0.99673   0.00001 0.00082   0.997 
0.05600  1.907e+005  0.99663 0.99663 0.99663   0.00001 0.00084   0.997 
0.05700  1.905e+005  0.99654 0.99654 0.99654   0.00001 0.00087   0.997 
0.05800  1.903e+005  0.99644 0.99644 0.99644   0.00002 0.00089   0.996 
0.05900  1.901e+005  0.99632 0.99632 0.99632   0.00002 0.00092   0.996 
0.06000  1.899e+005  0.99619 0.99619 0.99619   0.00002 0.00095   0.996 
0.06100  1.8969e+005  0.99607 0.99607 0.99607   0.00002 0.00099   0.996 
0.06200  1.8949e+005  0.99593 0.99593 0.99593   0.00002 0.00102   0.996 
0.06300  1.8929e+005  0.99580 0.99580 0.99580   0.00002 0.00105   0.996 
0.06400  1.8909e+005  0.99567 0.99567 0.99567   0.00002 0.00108   0.996 
0.06500  1.8889e+005  0.99553 0.99553 0.99553   0.00002 0.00112   0.996 
0.06600  1.8868e+005  0.99542 0.99542 0.99542   0.00002 0.00115   0.995 
0.06700  1.8848e+005  0.99529 0.99529 0.99529   0.00002 0.00118   0.995 
0.06800  1.8828e+005  0.99513 0.99513 0.99513   0.00002 0.00122   0.995 
0.06900  1.8808e+005  0.99497 0.99497 0.99497   0.00002 0.00126   0.995 
0.07000  1.8788e+005  0.99480 0.99480 0.99480   0.00002 0.00130   0.995 
0.07100  1.8767e+005  0.99463 0.99463 0.99463   0.00002 0.00135   0.995 
0.07200  1.8747e+005  0.99448 0.99448 0.99448   0.00002 0.00138   0.994 
0.07300  1.8727e+005  0.99431 0.99431 0.99431   0.00002 0.00143   0.994 
0.07400  1.8707e+005  0.99413 0.99413 0.99413   0.00002 0.00147   0.994 
0.07500  1.8687e+005  0.99396 0.99396 0.99396   0.00002 0.00151   0.994 
0.07600  1.8666e+005  0.99376 0.99376 0.99376   0.00002 0.00156   0.994 
0.07700  1.8646e+005  0.99357 0.99357 0.99357   0.00002 0.00161   0.994 
0.07800  1.8626e+005  0.99339 0.99339 0.99339   0.00002 0.00166   0.993 
0.07900  1.8606e+005  0.99319 0.99319 0.99319   0.00002 0.00171   0.993 
0.08000  1.8586e+005  0.99300 0.99300 0.99300   0.00002 0.00175   0.993 
0.08100  1.8565e+005  0.99281 0.99281 0.99281   0.00002 0.00180   0.993 
0.08200  1.8545e+005  0.99261 0.99261 0.99261   0.00002 0.00185   0.993 
0.08300  1.8525e+005  0.99240 0.99240 0.99240   0.00002 0.00191   0.992 
0.08400  1.8505e+005  0.99219 0.99219 0.99219   0.00002 0.00196   0.992 
0.08500  1.8485e+005  0.99200 0.99200 0.99200   0.00002 0.00201   0.992 
0.08600  1.8464e+005  0.99178 0.99178 0.99178   0.00002 0.00206   0.992 
0.08700  1.8444e+005  0.99158 0.99158 0.99158   0.00002 0.00211   0.992 
0.08800  1.8424e+005  0.99139 0.99139 0.99139   0.00002 0.00216   0.991 
0.08900  1.8404e+005  0.99116 0.99116 0.99116   0.00002 0.00222   0.991 
0.09000  1.8384e+005  0.99095 0.99095 0.99095   0.00002 0.00227   0.991 
0.09100  1.8363e+005  0.99072 0.99072 0.99072   0.00003 0.00233   0.991 
0.09200  1.8343e+005  0.99055 0.99055 0.99055   0.00003 0.00237   0.991 
0.09300  1.8323e+005  0.99032 0.99032 0.99032   0.00003 0.00243   0.990 
0.09400  1.8303e+005  0.99010 0.99010 0.99010   0.00003 0.00248   0.990 
0.09500  1.8283e+005  0.98989 0.98989 0.98989   0.00003 0.00254   0.990 
0.09600  1.8262e+005  0.98966 0.98966 0.98966   0.00003 0.00260   0.990 
0.09700  1.8242e+005  0.98942 0.98942 0.98942   0.00003 0.00266   0.989 
0.09800  1.8222e+005  0.98918 0.98918 0.98918   0.00003 0.00272   0.989 
0.09900  1.8202e+005  0.98893 0.98893 0.98893   0.00003 0.00278   0.989 
0.10000  1.8182e+005  0.98870 0.98870 0.98870   0.00003 0.00284   0.989 
0.10100  1.8161e+005  0.98845 0.98845 0.98845   0.00003 0.00290   0.988 
0.10200  1.8141e+005  0.98819 0.98819 0.98819   0.00003 0.00297   0.988 
0.10300  1.8121e+005  0.98793 0.98793 0.98793   0.00003 0.00303   0.988 
0.10400  1.8101e+005  0.98772 0.98772 0.98772   0.00003 0.00308   0.988 
0.10500  1.8081e+005  0.98749 0.98749 0.98749   0.00003 0.00314   0.987 
0.10600  1.806e+005  0.98722 0.98722 0.98722   0.00003 0.00321   0.987 
0.10700  1.804e+005  0.98700 0.98700 0.98700   0.00003 0.00327   0.987 
0.10800  1.802e+005  0.98673 0.98673 0.98673   0.00003 0.00333   0.987 
0.10900  1.8e+005    0.98647 0.98647 0.98647   0.00003 0.00340   0.986 
0.11000  1.798e+005  0.98621 0.98621 0.98621   0.00003 0.00347   0.986 
0.11100  1.7959e+005  0.98593 0.98593 0.98593   0.00003 0.00354   0.986 
0.11200  1.7939e+005  0.98566 0.98566 0.98566   0.00003 0.00360   0.986 
0.11300  1.7919e+005  0.98539 0.98539 0.98539   0.00003 0.00367   0.985 
0.11400  1.7899e+005  0.98513 0.98513 0.98513   0.00003 0.00374   0.985 
0.11500  1.7879e+005  0.98486 0.98486 0.98486   0.00003 0.00381   0.985 
0.11600  1.7858e+005  0.98456 0.98456 0.98456   0.00003 0.00388   0.985 
0.11700  1.7838e+005  0.98429 0.98429 0.98429   0.00003 0.00395   0.984 
0.11800  1.7818e+005  0.98401 0.98401 0.98401   0.00003 0.00402   0.984 
0.11900  1.7798e+005  0.98377 0.98377 0.98377   0.00003 0.00408   0.984 
0.12000  1.7778e+005  0.98348 0.98348 0.98348   0.00003 0.00416   0.983 
0.12100  1.7757e+005  0.98323 0.98323 0.98323   0.00003 0.00422   0.983 
0.12200  1.7737e+005  0.98294 0.98294 0.98294   0.00003 0.00429   0.983 
0.12300  1.7717e+005  0.98282 0.98282 0.98282   0.00003 0.00432   0.983 
0.12400  1.7697e+005  0.98253 0.98253 0.98253   0.00004 0.00440   0.983 
0.12500  1.7677e+005  0.98223 0.98223 0.98223   0.00004 0.00447   0.982 
0.12600  1.7656e+005  0.98192 0.98192 0.98192   0.00004 0.00455   0.982 
0.12700  1.7636e+005  0.98160 0.98160 0.98160   0.00004 0.00463   0.982 
0.12800  1.7616e+005  0.98129 0.98129 0.98129   0.00004 0.00471   0.981 
0.12900  1.7596e+005  0.98098 0.98098 0.98098   0.00004 0.00479   0.981 
0.13000  1.7576e+005  0.98067 0.98067 0.98067   0.00004 0.00487   0.981 
0.13100  1.7555e+005  0.98035 0.98035 0.98035   0.00004 0.00495   0.980 
0.13200  1.7535e+005  0.98012 0.98012 0.98012   0.00004 0.00501   0.980 
0.13300  1.7515e+005  0.97982 0.97982 0.97982   0.00004 0.00508   0.980 
0.13400  1.7495e+005  0.97949 0.97949 0.97949   0.00004 0.00517   0.979 
0.13500  1.7475e+005  0.97918 0.97918 0.97918   0.00004 0.00525   0.979 
0.13600  1.7454e+005  0.97883 0.97883 0.97883   0.00004 0.00533   0.979 
0.13700  1.7434e+005  0.97850 0.97850 0.97850   0.00004 0.00542   0.979 
0.13800  1.7414e+005  0.97816 0.97816 0.97816   0.00004 0.00551   0.978 
0.13900  1.7394e+005  0.97803 0.97803 0.97803   0.00004 0.00554   0.978 
0.14000  1.7374e+005  0.97788 0.97788 0.97788   0.00004 0.00558   0.978 
0.14100  1.7353e+005  0.97769 0.97769 0.97769   0.00004 0.00563   0.978 
0.14200  1.7333e+005  0.97741 0.97741 0.97741   0.00004 0.00570   0.977 
0.14300  1.7313e+005  0.97708 0.97708 0.97708   0.00004 0.00578   0.977 
0.14400  1.7293e+005  0.97677 0.97677 0.97677   0.00004 0.00586   0.977 
0.14500  1.7273e+005  0.97642 0.97642 0.97642   0.00004 0.00595   0.976 
0.14600  1.7252e+005  0.97611 0.97611 0.97611   0.00004 0.00603   0.976 
0.14700  1.7232e+005  0.97578 0.97578 0.97578   0.00004 0.00611   0.976 
0.14800  1.7212e+005  0.97543 0.97543 0.97543   0.00004 0.00620   0.975 
0.14900  1.7192e+005  0.97512 0.97512 0.97512   0.00004 0.00628   0.975 
0.15000  1.7172e+005  0.97477 0.97477 0.97477   0.00004 0.00637   0.975 
0.15100  1.7151e+005  0.97441 0.97441 0.97441   0.00004 0.00646   0.974 
0.15200  1.7131e+005  0.97407 0.97407 0.97407   0.00004 0.00655   0.974 
0.15300  1.7111e+005  0.97375 0.97375 0.97375   0.00004 0.00663   0.974 
0.15400  1.7091e+005  0.97340 0.97340 0.97340   0.00004 0.00672   0.973 
0.15500  1.7071e+005  0.97305 0.97305 0.97305   0.00004 0.00681   0.973 
0.15600  1.705e+005  0.97270 0.97270 0.97270   0.00004 0.00690   0.973 
0.15700  1.703e+005  0.97237 0.97237 0.97237   0.00004 0.00698   0.972 
0.15800  1.701e+005  0.97200 0.97200 0.97200   0.00004 0.00707   0.972 
0.15900  1.699e+005  0.97163 0.97163 0.97163   0.00004 0.00717   0.972 
0.16000  1.697e+005  0.97127 0.97127 0.97127   0.00005 0.00726   0.971 
0.16100  1.6949e+005  0.97089 0.97089 0.97089   0.00005 0.00736   0.971 
0.16200  1.6929e+005  0.97050 0.97050 0.97050   0.00005 0.00746   0.970 
0.16300  1.6909e+005  0.97013 0.97013 0.97013   0.00005 0.00755   0.970 
0.16400  1.6889e+005  0.96977 0.96977 0.96977   0.00005 0.00765   0.970 
0.16500  1.6869e+005  0.96943 0.96943 0.96943   0.00005 0.00773   0.969 
0.16600  1.6848e+005  0.96906 0.96906 0.96906   0.00005 0.00783   0.969 
0.16700  1.6828e+005  0.96866 0.96866 0.96866   0.00005 0.00793   0.969 
0.16799  1.6808e+005  0.96826 0.96826 0.96826   0.00005 0.00803   0.968 
0.16899  1.6788e+005  0.96788 0.96788 0.96788   0.00005 0.00813   0.968 
0.16999  1.6768e+005  0.96748 0.96748 0.96748   0.00005 0.00823   0.967 
0.17099  1.6747e+005  0.96714 0.96714 0.96714   0.00005 0.00832   0.967 
0.17199  1.6727e+005  0.96673 0.96673 0.96673   0.00005 0.00842   0.967 
0.17299  1.6707e+005  0.96635 0.96635 0.96635   0.00005 0.00852   0.966 
0.17399  1.6687e+005  0.96600 0.96600 0.96600   0.00005 0.00861   0.966 
0.17499  1.6667e+005  0.96562 0.96562 0.96562   0.00005 0.00871   0.966 
0.17599  1.6646e+005  0.96523 0.96523 0.96523   0.00005 0.00881   0.965 
0.17699  1.6626e+005  0.96482 0.96482 0.96482   0.00005 0.00891   0.965 
0.17799  1.6606e+005  0.96441 0.96441 0.96441   0.00005 0.00902   0.964 
0.17899  1.6586e+005  0.96406 0.96406 0.96406   0.00005 0.00911   0.964 
0.17999  1.6566e+005  0.96367 0.96367 0.96367   0.00005 0.00921   0.964 
0.18099  1.6545e+005  0.96325 0.96325 0.96325   0.00005 0.00932   0.963 
0.18199  1.6525e+005  0.96283 0.96283 0.96283   0.00005 0.00942   0.963 
0.18299  1.6505e+005  0.96241 0.96241 0.96241   0.00005 0.00953   0.962 
0.18399  1.6485e+005  0.96204 0.96204 0.96204   0.00005 0.00963   0.962 
0.18499  1.6465e+005  0.96165 0.96165 0.96165   0.00005 0.00973   0.962 
0.18599  1.6444e+005  0.96129 0.96129 0.96129   0.00005 0.00982   0.961 
0.18699  1.6424e+005  0.96087 0.96087 0.96087   0.00005 0.00993   0.961 
0.18799  1.6404e+005  0.96058 0.96058 0.96058   0.00005 0.01000   0.961 
0.18899  1.6384e+005  0.96015 0.96015 0.96015   0.00005 0.01012   0.960 
0.18999  1.6364e+005  0.95971 0.95971 0.95971   0.00005 0.01023   0.960 
0.19099  1.6343e+005  0.95929 0.95929 0.95929   0.00005 0.01034   0.959 
0.19199  1.6323e+005  0.95885 0.95885 0.95885   0.00005 0.01045   0.959 
0.19299  1.6303e+005  0.95844 0.95844 0.95844   0.00005 0.01056   0.958 
0.19399  1.6283e+005  0.95799 0.95799 0.95799   0.00005 0.01067   0.958 
0.19499  1.6263e+005  0.95755 0.95755 0.95755   0.00006 0.01079   0.958 
0.19599  1.6242e+005  0.95714 0.95714 0.95714   0.00006 0.01089   0.957 
0.19699  1.6222e+005  0.95681 0.95681 0.95681   0.00006 0.01098   0.957 
0.19799  1.6202e+005  0.95637 0.95637 0.95637   0.00006 0.01109   0.956 
0.19899  1.6182e+005  0.95599 0.95599 0.95599   0.00006 0.01119   0.956 
0.19999  1.6162e+005  0.95576 0.95576 0.95576   0.00006 0.01125   0.956 
0.20099  1.6141e+005  0.95530 0.95530 0.95530   0.00006 0.01137   0.955 
0.20199  1.6121e+005  0.95486 0.95486 0.95486   0.00006 0.01148   0.955 
0.20299  1.6101e+005  0.95440 0.95440 0.95440   0.00006 0.01160   0.954 
0.20399  1.6081e+005  0.95395 0.95395 0.95395   0.00006 0.01172   0.954 
0.20499  1.6061e+005  0.95352 0.95352 0.95352   0.00006 0.01183   0.954 
0.20599  1.604e+005  0.95314 0.95314 0.95314   0.00006 0.01193   0.953 
0.20699  1.602e+005  0.95268 0.95268 0.95268   0.00006 0.01205   0.953 
0.20799  1.6e+005    0.95223 0.95223 0.95223   0.00006 0.01216   0.952 
0.20899  1.598e+005  0.95176 0.95176 0.95176   0.00006 0.01228   0.952 
0.20999  1.596e+005  0.95136 0.95136 0.95136   0.00006 0.01239   0.951 
0.21099  1.5939e+005  0.95091 0.95091 0.95091   0.00006 0.01251   0.951 
0.21199  1.5919e+005  0.95045 0.95045 0.95045   0.00006 0.01263   0.950 
0.21299  1.5899e+005  0.95002 0.95002 0.95002   0.00006 0.01274   0.950 
0.21399  1.5879e+005  0.94955 0.94955 0.94955   0.00006 0.01286   0.950 
0.21499  1.5859e+005  0.94907 0.94907 0.94907   0.00006 0.01298   0.949 
0.21599  1.5838e+005  0.94860 0.94860 0.94860   0.00006 0.01311   0.949 
0.21699  1.5818e+005  0.94811 0.94811 0.94811   0.00006 0.01323   0.948 
0.21799  1.5798e+005  0.94762 0.94762 0.94762   0.00006 0.01336   0.948 
0.21899  1.5778e+005  0.94714 0.94714 0.94714   0.00006 0.01349   0.947 
0.21999  1.5758e+005  0.94668 0.94668 0.94668   0.00006 0.01360   0.947 
0.22099  1.5737e+005  0.94623 0.94623 0.94623   0.00006 0.01372   0.946 
0.22199  1.5717e+005  0.94572 0.94572 0.94572   0.00006 0.01386   0.946 
0.22299  1.5697e+005  0.94522 0.94522 0.94522   0.00006 0.01399   0.945 
0.22399  1.5677e+005  0.94473 0.94473 0.94473   0.00006 0.01411   0.945 
0.22499  1.5657e+005  0.94425 0.94425 0.94425   0.00006 0.01424   0.944 
0.22599  1.5636e+005  0.94378 0.94378 0.94378   0.00006 0.01436   0.944 
0.22699  1.5616e+005  0.94330 0.94330 0.94330   0.00006 0.01449   0.943 
0.22799  1.5596e+005  0.94279 0.94279 0.94279   0.00006 0.01462   0.943 
0.22899  1.5576e+005  0.94239 0.94239 0.94239   0.00006 0.01472   0.942 
0.22999  1.5556e+005  0.94215 0.94215 0.94215   0.00006 0.01479   0.942 
0.23099  1.5535e+005  0.94182 0.94182 0.94182   0.00006 0.01487   0.942 
0.23199  1.5515e+005  0.94141 0.94141 0.94141   0.00006 0.01498   0.941 
0.23299  1.5495e+005  0.94088 0.94088 0.94088   0.00006 0.01512   0.941 
0.23399  1.5475e+005  0.94035 0.94035 0.94035   0.00006 0.01526   0.940 
0.23499  1.5455e+005  0.93994 0.93994 0.93994   0.00007 0.01536   0.940 
0.23599  1.5434e+005  0.93942 0.93942 0.93942   0.00007 0.01550   0.939 
0.23699  1.5414e+005  0.93891 0.93891 0.93891   0.00007 0.01564   0.939 
0.23799  1.5394e+005  0.93838 0.93838 0.93838   0.00007 0.01577   0.938 
0.23899  1.5374e+005  0.93787 0.93787 0.93787   0.00007 0.01591   0.938 
0.23999  1.5354e+005  0.93737 0.93737 0.93737   0.00007 0.01604   0.937 
0.24099  1.5333e+005  0.93687 0.93687 0.93687   0.00007 0.01617   0.937 
0.24199  1.5313e+005  0.93637 0.93637 0.93637   0.00007 0.01630   0.936 
0.24299  1.5293e+005  0.93583 0.93583 0.93583   0.00007 0.01644   0.936 
0.24399  1.5273e+005  0.93531 0.93531 0.93531   0.00007 0.01658   0.935 
0.24499  1.5253e+005  0.93481 0.93481 0.93481   0.00007 0.01671   0.935 
0.24599  1.5232e+005  0.93429 0.93429 0.93429   0.00007 0.01685   0.934 
0.24699  1.5212e+005  0.93380 0.93380 0.93380   0.00007 0.01698   0.934 
0.24799  1.5192e+005  0.93327 0.93327 0.93327   0.00007 0.01712   0.933 
0.24899  1.5172e+005  0.93277 0.93277 0.93277   0.00007 0.01725   0.933 
0.24999  1.5152e+005  0.93224 0.93224 0.93224   0.00007 0.01739   0.932 
0.25099  1.5131e+005  0.93170 0.93170 0.93170   0.00007 0.01753   0.932 
0.25199  1.5111e+005  0.93113 0.93113 0.93113   0.00007 0.01768   0.931 
0.25299  1.5091e+005  0.93058 0.93058 0.93058   0.00007 0.01783   0.931 
0.25399  1.5071e+005  0.93003 0.93003 0.93003   0.00007 0.01797   0.930 
0.25499  1.5051e+005  0.92952 0.92952 0.92952   0.00007 0.01811   0.930 
0.25599  1.503e+005  0.92895 0.92895 0.92895   0.00007 0.01826   0.929 
0.25699  1.501e+005  0.92838 0.92838 0.92838   0.00007 0.01841   0.928 
0.25799  1.499e+005  0.92785 0.92785 0.92785   0.00007 0.01855   0.928 
0.25899  1.497e+005  0.92741 0.92741 0.92741   0.00007 0.01866   0.927 
0.25999  1.495e+005  0.92684 0.92684 0.92684   0.00007 0.01881   0.927 
0.26099  1.4929e+005  0.92629 0.92629 0.92629   0.00007 0.01896   0.926 
0.26199  1.4909e+005  0.92573 0.92573 0.92573   0.00007 0.01911   0.926 
0.26299  1.4889e+005  0.92514 0.92514 0.92514   0.00007 0.01927   0.925 
0.26399  1.4869e+005  0.92454 0.92454 0.92454   0.00007 0.01942   0.925 
0.26499  1.4849e+005  0.92401 0.92401 0.92401   0.00007 0.01956   0.924 
0.26599  1.4828e+005  0.92349 0.92349 0.92349   0.00007 0.01970   0.923 
0.26699  1.4808e+005  0.92292 0.92292 0.92292   0.00007 0.01985   0.923 
0.26799  1.4788e+005  0.92235 0.92235 0.92235   0.00007 0.02000   0.922 
0.26899  1.4768e+005  0.92176 0.92176 0.92176   0.00007 0.02016   0.922 
0.26999  1.4748e+005  0.92133 0.92133 0.92133   0.00007 0.02028   0.921 
0.27099  1.4727e+005  0.92098 0.92098 0.92098   0.00007 0.02037   0.921 
0.27199  1.4707e+005  0.92037 0.92037 0.92037   0.00008 0.02053   0.920 
0.27299  1.4687e+005  0.91984 0.91984 0.91984   0.00008 0.02067   0.920 
0.27399  1.4667e+005  0.91935 0.91935 0.91935   0.00008 0.02080   0.919 
0.27499  1.4647e+005  0.91875 0.91875 0.91875   0.00008 0.02096   0.919 
0.27599  1.4626e+005  0.91821 0.91821 0.91821   0.00008 0.02111   0.918 
0.27699  1.4606e+005  0.91769 0.91769 0.91769   0.00008 0.02125   0.918 
0.27799  1.4586e+005  0.91708 0.91708 0.91708   0.00008 0.02141   0.917 
0.27899  1.4566e+005  0.91651 0.91651 0.91651   0.00008 0.02156   0.917 
0.27998  1.4546e+005  0.91591 0.91591 0.91591   0.00008 0.02172   0.916 
0.28098  1.4525e+005  0.91533 0.91533 0.91533   0.00008 0.02188   0.915 
0.28198  1.4505e+005  0.91474 0.91474 0.91474   0.00008 0.02203   0.915 
0.28298  1.4485e+005  0.91416 0.91416 0.91416   0.00008 0.02219   0.914 
0.28398  1.4465e+005  0.91354 0.91354 0.91354   0.00008 0.02235   0.914 
0.28498  1.4445e+005  0.91295 0.91295 0.91295   0.00008 0.02251   0.913 
0.28598  1.4424e+005  0.91235 0.91235 0.91235   0.00008 0.02267   0.912 
0.28698  1.4404e+005  0.91176 0.91176 0.91176   0.00008 0.02283   0.912 
0.28798  1.4384e+005  0.91132 0.91132 0.91132   0.00008 0.02295   0.911 
0.28898  1.4364e+005  0.91074 0.91074 0.91074   0.00008 0.02310   0.911 
0.28998  1.4344e+005  0.91011 0.91011 0.91011   0.00008 0.02327   0.910 
0.29098  1.4323e+005  0.90950 0.90950 0.90950   0.00008 0.02344   0.910 
0.29198  1.4303e+005  0.90891 0.90891 0.90891   0.00008 0.02359   0.909 
0.29298  1.4283e+005  0.90832 0.90832 0.90832   0.00008 0.02375   0.908 
0.29398  1.4263e+005  0.90770 0.90770 0.90770   0.00008 0.02392   0.908 
0.29498  1.4243e+005  0.90710 0.90710 0.90710   0.00008 0.02408   0.907 
0.29598  1.4222e+005  0.90645 0.90645 0.90645   0.00008 0.02425   0.906 
0.29698  1.4202e+005  0.90585 0.90585 0.90585   0.00008 0.02442   0.906 
0.29798  1.4182e+005  0.90520 0.90520 0.90520   0.00008 0.02459   0.905 
0.29898  1.4162e+005  0.90468 0.90468 0.90468   0.00008 0.02473   0.905 
0.29998  1.4142e+005  0.90424 0.90424 0.90424   0.00008 0.02485   0.904 
0.30098  1.4121e+005  0.90363 0.90363 0.90363   0.00008 0.02502   0.904 
0.30198  1.4101e+005  0.90311 0.90311 0.90311   0.00008 0.02516   0.903 
0.30298  1.4081e+005  0.90264 0.90264 0.90264   0.00008 0.02528   0.903 
0.30398  1.4061e+005  0.90198 0.90198 0.90198   0.00008 0.02546   0.902 
0.30498  1.4041e+005  0.90136 0.90136 0.90136   0.00008 0.02563   0.901 
0.30598  1.402e+005  0.90075 0.90075 0.90075   0.00008 0.02579   0.901 
0.30698  1.4e+005    0.90026 0.90026 0.90026   0.00008 0.02593   0.900 
0.30798  1.398e+005  0.89967 0.89967 0.89967   0.00008 0.02609   0.900 
0.30898  1.396e+005  0.89910 0.89910 0.89910   0.00008 0.02624   0.899 
0.30998  1.394e+005  0.89848 0.89848 0.89848   0.00008 0.02641   0.898 
0.31098  1.3919e+005  0.89783 0.89783 0.89783   0.00009 0.02658   0.898 
0.31198  1.3899e+005  0.89719 0.89719 0.89719   0.00009 0.02676   0.897 
0.31298  1.3879e+005  0.89654 0.89654 0.89654   0.00009 0.02693   0.897 
0.31398  1.3859e+005  0.89588 0.89588 0.89588   0.00009 0.02711   0.896 
0.31498  1.3839e+005  0.89518 0.89518 0.89518   0.00009 0.02730   0.895 
0.31598  1.3818e+005  0.89462 0.89462 0.89462   0.00009 0.02746   0.895 
0.31698  1.3798e+005  0.89401 0.89401 0.89401   0.00009 0.02762   0.894 
0.31798  1.3778e+005  0.89348 0.89348 0.89348   0.00009 0.02777   0.893 
0.31898  1.3758e+005  0.89283 0.89283 0.89283   0.00009 0.02794   0.893 
0.31998  1.3738e+005  0.89216 0.89216 0.89216   0.00009 0.02813   0.892 
0.32098  1.3717e+005  0.89148 0.89148 0.89148   0.00009 0.02831   0.891 
0.32198  1.3697e+005  0.89078 0.89078 0.89078   0.00009 0.02850   0.891 
0.32298  1.3677e+005  0.89014 0.89014 0.89014   0.00009 0.02868   0.890 
0.32398  1.3657e+005  0.88947 0.88947 0.88947   0.00009 0.02886   0.889 
0.32498  1.3637e+005  0.88878 0.88878 0.88878   0.00009 0.02905   0.889 
0.32598  1.3616e+005  0.88809 0.88809 0.88809   0.00009 0.02923   0.888 
0.32698  1.3596e+005  0.88740 0.88740 0.88740   0.00009 0.02942   0.887 
0.32798  1.3576e+005  0.88670 0.88670 0.88670   0.00009 0.02961   0.887 
0.32898  1.3556e+005  0.88601 0.88601 0.88601   0.00009 0.02980   0.886 
0.32998  1.3536e+005  0.88538 0.88538 0.88538   0.00009 0.02998   0.885 
0.33098  1.3515e+005  0.88472 0.88472 0.88472   0.00009 0.03016   0.885 
0.33198  1.3495e+005  0.88409 0.88409 0.88409   0.00009 0.03033   0.884 
0.33298  1.3475e+005  0.88341 0.88341 0.88341   0.00009 0.03052   0.883 
0.33398  1.3455e+005  0.88269 0.88269 0.88269   0.00009 0.03071   0.883 
0.33498  1.3435e+005  0.88201 0.88201 0.88201   0.00009 0.03090   0.882 
0.33598  1.3414e+005  0.88135 0.88135 0.88135   0.00009 0.03108   0.881 
0.33698  1.3394e+005  0.88072 0.88072 0.88072   0.00009 0.03126   0.881 
0.33798  1.3374e+005  0.88006 0.88006 0.88006   0.00009 0.03144   0.880 
0.33898  1.3354e+005  0.87936 0.87936 0.87936   0.00009 0.03163   0.879 
0.33998  1.3334e+005  0.87868 0.87868 0.87868   0.00009 0.03182   0.879 
0.34098  1.3313e+005  0.87800 0.87800 0.87800   0.00009 0.03200   0.878 
0.34198  1.3293e+005  0.87725 0.87725 0.87725   0.00009 0.03221   0.877 
0.34298  1.3273e+005  0.87657 0.87657 0.87657   0.00009 0.03240   0.877 
0.34398  1.3253e+005  0.87585 0.87585 0.87585   0.00009 0.03260   0.876 
0.34498  1.3233e+005  0.87520 0.87520 0.87520   0.00009 0.03278   0.875 
0.34598  1.3212e+005  0.87453 0.87453 0.87453   0.00009 0.03296   0.875 
0.34698  1.3192e+005  0.87388 0.87388 0.87388   0.00010 0.03314   0.874 
0.34798  1.3172e+005  0.87329 0.87329 0.87329   0.00010 0.03331   0.873 
0.34898  1.3152e+005  0.87258 0.87258 0.87258   0.00010 0.03350   0.873 
0.34998  1.3132e+005  0.87221 0.87221 0.87221   0.00010 0.03360   0.872 
0.35098  1.3111e+005  0.87173 0.87173 0.87173   0.00010 0.03374   0.872 
0.35198  1.3091e+005  0.87098 0.87098 0.87098   0.00010 0.03394   0.871 
0.35298  1.3071e+005  0.87025 0.87025 0.87025   0.00010 0.03415   0.870 
0.35398  1.3051e+005  0.86955 0.86955 0.86955   0.00010 0.03434   0.870 
0.35498  1.3031e+005  0.86879 0.86879 0.86879   0.00010 0.03455   0.869 
0.35598  1.301e+005  0.86809 0.86809 0.86809   0.00010 0.03475   0.868 
0.35698  1.299e+005  0.86739 0.86739 0.86739   0.00010 0.03494   0.867 
0.35798  1.297e+005  0.86668 0.86668 0.86668   0.00010 0.03514   0.867 
0.35898  1.295e+005  0.86595 0.86595 0.86595   0.00010 0.03534   0.866 
0.35998  1.293e+005  0.86520 0.86520 0.86520   0.00010 0.03555   0.865 
0.36098  1.2909e+005  0.86445 0.86445 0.86445   0.00010 0.03576   0.864 
0.36198  1.2889e+005  0.86368 0.86368 0.86368   0.00010 0.03597   0.864 
0.36298  1.2869e+005  0.86307 0.86307 0.86307   0.00010 0.03615   0.863 
0.36398  1.2849e+005  0.86259 0.86259 0.86259   0.00010 0.03628   0.863 
0.36498  1.2829e+005  0.86239 0.86239 0.86239   0.00010 0.03633   0.862 
0.36598  1.2808e+005  0.86167 0.86167 0.86167   0.00010 0.03654   0.862 
0.36698  1.2788e+005  0.86089 0.86089 0.86089   0.00010 0.03675   0.861 
0.36798  1.2768e+005  0.86012 0.86012 0.86012   0.00010 0.03697   0.860 
0.36898  1.2748e+005  0.85943 0.85943 0.85943   0.00010 0.03716   0.859 
0.36998  1.2728e+005  0.85878 0.85878 0.85878   0.00010 0.03735   0.859 
0.37098  1.2707e+005  0.85799 0.85799 0.85799   0.00010 0.03757   0.858 
0.37198  1.2687e+005  0.85722 0.85722 0.85722   0.00010 0.03778   0.857 
0.37298  1.2667e+005  0.85645 0.85645 0.85645   0.00010 0.03800   0.856 
0.37398  1.2647e+005  0.85570 0.85570 0.85570   0.00010 0.03821   0.856 
0.37498  1.2627e+005  0.85492 0.85492 0.85492   0.00010 0.03843   0.855 
0.37598  1.2606e+005  0.85420 0.85420 0.85420   0.00010 0.03863   0.854 
0.37698  1.2586e+005  0.85342 0.85342 0.85342   0.00010 0.03885   0.853 
0.37798  1.2566e+005  0.85266 0.85266 0.85266   0.00010 0.03907   0.853 
0.37898  1.2546e+005  0.85197 0.85197 0.85197   0.00010 0.03926   0.852 
0.37998  1.2526e+005  0.85122 0.85122 0.85122   0.00010 0.03947   0.851 
0.38098  1.2505e+005  0.85049 0.85049 0.85049   0.00010 0.03968   0.850 
0.38198  1.2485e+005  0.84974 0.84974 0.84974   0.00010 0.03989   0.850 
0.38298  1.2465e+005  0.84895 0.84895 0.84895   0.00010 0.04011   0.849 
0.38398  1.2445e+005  0.84815 0.84815 0.84815   0.00010 0.04034   0.848 
0.38498  1.2425e+005  0.84738 0.84738 0.84738   0.00011 0.04056   0.847 
0.38598  1.2404e+005  0.84666 0.84666 0.84666   0.00011 0.04076   0.847 
0.38698  1.2384e+005  0.84592 0.84592 0.84592   0.00011 0.04097   0.846 
0.38798  1.2364e+005  0.84524 0.84524 0.84524   0.00011 0.04116   0.845 
0.38898  1.2344e+005  0.84458 0.84458 0.84458   0.00011 0.04135   0.845 
0.38998  1.2324e+005  0.84382 0.84382 0.84382   0.00011 0.04157   0.844 
0.39098  1.2303e+005  0.84316 0.84316 0.84316   0.00011 0.04175   0.843 
0.39197  1.2283e+005  0.84242 0.84242 0.84242   0.00011 0.04196   0.842 
0.39297  1.2263e+005  0.84161 0.84161 0.84161   0.00011 0.04219   0.842 
0.39397  1.2243e+005  0.84086 0.84086 0.84086   0.00011 0.04241   0.841 
0.39497  1.2223e+005  0.84021 0.84021 0.84021   0.00011 0.04259   0.840 
0.39597  1.2202e+005  0.83943 0.83943 0.83943   0.00011 0.04282   0.839 
0.39697  1.2182e+005  0.83876 0.83876 0.83876   0.00011 0.04300   0.839 
0.39797  1.2162e+005  0.83795 0.83795 0.83795   0.00011 0.04324   0.838 
0.39897  1.2142e+005  0.83715 0.83715 0.83715   0.00011 0.04347   0.837 
0.39997  1.2122e+005  0.83643 0.83643 0.83643   0.00011 0.04367   0.836 
0.40097  1.2101e+005  0.83564 0.83564 0.83564   0.00011 0.04390   0.836 
0.40197  1.2081e+005  0.83492 0.83492 0.83492   0.00011 0.04410   0.835 
0.40297  1.2061e+005  0.83425 0.83425 0.83425   0.00011 0.04429   0.834 
0.40397  1.2041e+005  0.83362 0.83362 0.83362   0.00011 0.04447   0.834 
0.40497  1.2021e+005  0.83302 0.83302 0.83302   0.00011 0.04465   0.833 
0.40597  1.2e+005    0.83245 0.83245 0.83245   0.00011 0.04481   0.832 
0.40697  1.198e+005  0.83173 0.83173 0.83173   0.00011 0.04502   0.832 
0.40797  1.196e+005  0.83103 0.83103 0.83103   0.00011 0.04522   0.831 
0.40897  1.194e+005  0.83032 0.83032 0.83032   0.00011 0.04542   0.830 
0.40997  1.192e+005  0.82969 0.82969 0.82969   0.00011 0.04560   0.830 
0.41097  1.1899e+005  0.82898 0.82898 0.82898   0.00011 0.04581   0.829 
0.41197  1.1879e+005  0.82819 0.82819 0.82819   0.00011 0.04604   0.828 
0.41297  1.1859e+005  0.82737 0.82737 0.82737   0.00011 0.04627   0.827 
0.41397  1.1839e+005  0.82670 0.82670 0.82670   0.00011 0.04646   0.827 
0.41497  1.1819e+005  0.82599 0.82599 0.82599   0.00011 0.04667   0.826 
0.41597  1.1798e+005  0.82536 0.82536 0.82536   0.00011 0.04685   0.825 
0.41697  1.1778e+005  0.82471 0.82471 0.82471   0.00011 0.04704   0.825 
0.41797  1.1758e+005  0.82404 0.82404 0.82404   0.00011 0.04723   0.824 
0.41897  1.1738e+005  0.82328 0.82328 0.82328   0.00011 0.04745   0.823 
0.41997  1.1718e+005  0.82258 0.82258 0.82258   0.00011 0.04765   0.823 
0.42097  1.1697e+005  0.82198 0.82198 0.82198   0.00011 0.04783   0.822 
0.42197  1.1677e+005  0.82145 0.82145 0.82145   0.00011 0.04798   0.821 
0.42297  1.1657e+005  0.82068 0.82068 0.82068   0.00011 0.04821   0.821 
0.42397  1.1637e+005  0.81984 0.81984 0.81984   0.00011 0.04845   0.820 
0.42497  1.1617e+005  0.81905 0.81905 0.81905   0.00011 0.04868   0.819 
0.42597  1.1596e+005  0.81835 0.81835 0.81835   0.00011 0.04888   0.818 
0.42697  1.1576e+005  0.81759 0.81759 0.81759   0.00011 0.04910   0.818 
0.42797  1.1556e+005  0.81676 0.81676 0.81676   0.00012 0.04934   0.817 
0.42897  1.1536e+005  0.81598 0.81598 0.81598   0.00012 0.04957   0.816 
0.42997  1.1516e+005  0.81518 0.81518 0.81518   0.00012 0.04980   0.815 
0.43097  1.1495e+005  0.81431 0.81431 0.81431   0.00012 0.05006   0.814 
0.43197  1.1475e+005  0.81346 0.81346 0.81346   0.00012 0.05030   0.813 
0.43297  1.1455e+005  0.81271 0.81271 0.81271   0.00012 0.05052   0.813 
0.43397  1.1435e+005  0.81192 0.81192 0.81192   0.00012 0.05076   0.812 
0.43497  1.1415e+005  0.81114 0.81114 0.81114   0.00012 0.05098   0.811 
0.43597  1.1394e+005  0.81028 0.81028 0.81028   0.00012 0.05123   0.810 
0.43697  1.1374e+005  0.80953 0.80953 0.80953   0.00012 0.05145   0.810 
0.43797  1.1354e+005  0.80868 0.80868 0.80868   0.00012 0.05170   0.809 
0.43897  1.1334e+005  0.80781 0.80781 0.80781   0.00012 0.05196   0.808 
0.43997  1.1314e+005  0.80698 0.80698 0.80698   0.00012 0.05220   0.807 
0.44097  1.1293e+005  0.80611 0.80611 0.80611   0.00012 0.05246   0.806 
0.44197  1.1273e+005  0.80542 0.80542 0.80542   0.00012 0.05266   0.805 
0.44297  1.1253e+005  0.80484 0.80484 0.80484   0.00012 0.05283   0.805 
0.44397  1.1233e+005  0.80403 0.80403 0.80403   0.00012 0.05307   0.804 
0.44497  1.1213e+005  0.80317 0.80317 0.80317   0.00012 0.05332   0.803 
0.44597  1.1192e+005  0.80236 0.80236 0.80236   0.00012 0.05356   0.802 
0.44697  1.1172e+005  0.80160 0.80160 0.80160   0.00012 0.05379   0.802 
0.44797  1.1152e+005  0.80073 0.80073 0.80073   0.00012 0.05404   0.801 
0.44897  1.1132e+005  0.79985 0.79985 0.79985   0.00012 0.05430   0.800 
0.44997  1.1112e+005  0.79898 0.79898 0.79898   0.00012 0.05456   0.799 
0.45097  1.1091e+005  0.79813 0.79813 0.79813   0.00012 0.05481   0.798 
0.45197  1.1071e+005  0.79737 0.79737 0.79737   0.00012 0.05504   0.797 
0.45297  1.1051e+005  0.79658 0.79658 0.79658   0.00012 0.05527   0.797 
0.45397  1.1031e+005  0.79575 0.79575 0.79575   0.00012 0.05552   0.796 
0.45497  1.1011e+005  0.79490 0.79490 0.79490   0.00012 0.05577   0.795 
0.45597  1.099e+005  0.79407 0.79407 0.79407   0.00012 0.05602   0.794 
0.45697  1.097e+005  0.79318 0.79318 0.79318   0.00012 0.05628   0.793 
0.45797  1.095e+005  0.79230 0.79230 0.79230   0.00012 0.05654   0.792 
0.45897  1.093e+005  0.79163 0.79163 0.79163   0.00012 0.05674   0.792 
0.45997  1.091e+005  0.79074 0.79074 0.79074   0.00012 0.05701   0.791 
0.46097  1.0889e+005  0.78985 0.78985 0.78985   0.00012 0.05727   0.790 
0.46197  1.0869e+005  0.78897 0.78897 0.78897   0.00012 0.05753   0.789 
0.46297  1.0849e+005  0.78835 0.78835 0.78835   0.00012 0.05772   0.788 
0.46397  1.0829e+005  0.78747 0.78747 0.78747   0.00012 0.05798   0.787 
0.46497  1.0809e+005  0.78671 0.78671 0.78671   0.00012 0.05821   0.787 
0.46597  1.0788e+005  0.78586 0.78586 0.78586   0.00013 0.05847   0.786 
0.46697  1.0768e+005  0.78493 0.78493 0.78493   0.00013 0.05874   0.785 
0.46797  1.0748e+005  0.78409 0.78409 0.78409   0.00013 0.05900   0.784 
0.46897  1.0728e+005  0.78318 0.78318 0.78318   0.00013 0.05927   0.783 
0.46997  1.0708e+005  0.78229 0.78229 0.78229   0.00013 0.05954   0.782 
0.47097  1.0687e+005  0.78148 0.78148 0.78148   0.00013 0.05978   0.781 
0.47197  1.0667e+005  0.78064 0.78064 0.78064   0.00013 0.06003   0.781 
0.47297  1.0647e+005  0.77978 0.77978 0.77978   0.00013 0.06029   0.780 
0.47397  1.0627e+005  0.77896 0.77896 0.77896   0.00013 0.06054   0.779 
0.47497  1.0607e+005  0.77815 0.77815 0.77815   0.00013 0.06078   0.778 
0.47597  1.0586e+005  0.77775 0.77775 0.77775   0.00013 0.06090   0.778 
0.47697  1.0566e+005  0.77705 0.77705 0.77705   0.00013 0.06111   0.777 
0.47797  1.0546e+005  0.77625 0.77625 0.77625   0.00013 0.06136   0.776 
0.47897  1.0526e+005  0.77540 0.77540 0.77540   0.00013 0.06162   0.775 
0.47997  1.0506e+005  0.77447 0.77447 0.77447   0.00013 0.06189   0.774 
0.48097  1.0485e+005  0.77377 0.77377 0.77377   0.00013 0.06211   0.774 
0.48197  1.0465e+005  0.77333 0.77333 0.77333   0.00013 0.06224   0.773 
0.48297  1.0445e+005  0.77304 0.77304 0.77304   0.00013 0.06233   0.773 
0.48397  1.0425e+005  0.77267 0.77267 0.77267   0.00013 0.06244   0.773 
0.48497  1.0405e+005  0.77235 0.77235 0.77235   0.00013 0.06254   0.772 
0.48597  1.0384e+005  0.77159 0.77159 0.77159   0.00013 0.06277   0.772 
0.48697  1.0364e+005  0.77066 0.77066 0.77066   0.00013 0.06305   0.771 
0.48797  1.0344e+005  0.76992 0.76992 0.76992   0.00013 0.06328   0.770 
0.48897  1.0324e+005  0.76906 0.76906 0.76906   0.00013 0.06354   0.769 
0.48997  1.0304e+005  0.76814 0.76814 0.76814   0.00013 0.06382   0.768 
0.49097  1.0283e+005  0.76720 0.76720 0.76720   0.00013 0.06411   0.767 
0.49197  1.0263e+005  0.76626 0.76626 0.76626   0.00013 0.06439   0.766 
0.49297  1.0243e+005  0.76540 0.76540 0.76540   0.00013 0.06465   0.765 
0.49397  1.0223e+005  0.76451 0.76451 0.76451   0.00013 0.06493   0.765 
0.49497  1.0203e+005  0.76360 0.76360 0.76360   0.00013 0.06521   0.764 
0.49597  1.0182e+005  0.76271 0.76271 0.76271   0.00013 0.06548   0.763 
0.49697  1.0162e+005  0.76175 0.76175 0.76175   0.00013 0.06577   0.762 
0.49797  1.0142e+005  0.76086 0.76086 0.76086   0.00013 0.06604   0.761 
0.49897  1.0122e+005  0.75991 0.75991 0.75991   0.00013 0.06633   0.760 
0.49997  1.0102e+005  0.75899 0.75899 0.75899   0.00013 0.06662   0.759 
0.50097  1.0081e+005  0.75804 0.75804 0.75804   0.00013 0.06691   0.758 
0.50197  1.0061e+005  0.75717 0.75717 0.75717   0.00013 0.06718   0.757 
0.50297  1.0041e+005  0.75643 0.75643 0.75643   0.00013 0.06741   0.756 
0.50397  1.0021e+005  0.75559 0.75559 0.75559   0.00013 0.06767   0.756 
0.50496  1.0001e+005  0.75464 0.75464 0.75464   0.00013 0.06796   0.755 
0.50596  99804       0.75377 0.75377 0.75377   0.00013 0.06823   0.754 
0.50696  99602       0.75294 0.75294 0.75294   0.00013 0.06848   0.753 
0.50796  99400       0.75206 0.75206 0.75206   0.00014 0.06876   0.752 
0.50896  99198       0.75120 0.75120 0.75120   0.00014 0.06902   0.751 
0.50996  98996       0.75033 0.75033 0.75033   0.00014 0.06929   0.750 
0.51096  98794       0.74937 0.74937 0.74937   0.00014 0.06959   0.749 
0.51196  98592       0.74843 0.74843 0.74843   0.00014 0.06988   0.748 
0.51296  98390       0.74758 0.74758 0.74758   0.00014 0.07015   0.748 
0.51396  98188       0.74665 0.74665 0.74665   0.00014 0.07044   0.747 
0.51496  97986       0.74597 0.74597 0.74597   0.00014 0.07065   0.746 
0.51596  97784       0.74521 0.74521 0.74521   0.00014 0.07088   0.745 
0.51696  97582       0.74426 0.74426 0.74426   0.00014 0.07118   0.744 
0.51796  97380       0.74333 0.74333 0.74333   0.00014 0.07147   0.743 
0.51896  97178       0.74239 0.74239 0.74239   0.00014 0.07176   0.742 
0.51996  96976       0.74143 0.74143 0.74143   0.00014 0.07207   0.741 
0.52096  96774       0.74050 0.74050 0.74050   0.00014 0.07235   0.741 
0.52196  96572       0.73954 0.73954 0.73954   0.00014 0.07266   0.740 
0.52296  96370       0.73863 0.73863 0.73863   0.00014 0.07294   0.739 
0.52396  96168       0.73776 0.73776 0.73776   0.00014 0.07322   0.738 
0.52496  95966       0.73682 0.73682 0.73682   0.00014 0.07351   0.737 
0.52596  95764       0.73588 0.73588 0.73588   0.00014 0.07381   0.736 
0.52696  95562       0.73489 0.73489 0.73489   0.00014 0.07412   0.735 
0.52796  95360       0.73389 0.73389 0.73389   0.00014 0.07443   0.734 
0.52896  95158       0.73295 0.73295 0.73295   0.00014 0.07473   0.733 
0.52996  94956       0.73195 0.73195 0.73195   0.00014 0.07505   0.732 
0.53096  94754       0.73104 0.73104 0.73104   0.00014 0.07533   0.731 
0.53196  94552       0.73005 0.73005 0.73005   0.00014 0.07565   0.730 
0.53296  94350       0.72906 0.72906 0.72906   0.00014 0.07596   0.729 
0.53396  94148       0.72807 0.72807 0.72807   0.00014 0.07627   0.728 
0.53496  93946       0.72709 0.72709 0.72709   0.00014 0.07659   0.727 
0.53596  93744       0.72610 0.72610 0.72610   0.00014 0.07690   0.726 
0.53696  93542       0.72514 0.72514 0.72514   0.00014 0.07721   0.725 
0.53796  93340       0.72412 0.72412 0.72412   0.00014 0.07753   0.724 
0.53896  93138       0.72322 0.72322 0.72322   0.00014 0.07782   0.723 
0.53996  92936       0.72223 0.72223 0.72223   0.00014 0.07813   0.722 
0.54096  92734       0.72131 0.72131 0.72131   0.00014 0.07843   0.721 
0.54196  92532       0.72045 0.72045 0.72045   0.00014 0.07870   0.720 
0.54296  92330       0.71955 0.71955 0.71955   0.00015 0.07899   0.720 
0.54396  92128       0.71852 0.71852 0.71852   0.00015 0.07932   0.719 
0.54496  91926       0.71762 0.71762 0.71762   0.00015 0.07961   0.718 
0.54596  91724       0.71662 0.71662 0.71662   0.00015 0.07993   0.717 
0.54696  91522       0.71560 0.71560 0.71560   0.00015 0.08025   0.716 
0.54796  91320       0.71456 0.71456 0.71456   0.00015 0.08059   0.715 
0.54896  91118       0.71365 0.71365 0.71365   0.00015 0.08088   0.714 
0.54996  90916       0.71264 0.71264 0.71264   0.00015 0.08121   0.713 
0.55096  90714       0.71161 0.71161 0.71161   0.00015 0.08154   0.712 
0.55196  90512       0.71058 0.71058 0.71058   0.00015 0.08187   0.711 
0.55296  90310       0.70979 0.70979 0.70979   0.00015 0.08213   0.710 
0.55396  90108       0.70881 0.70881 0.70881   0.00015 0.08244   0.709 
0.55496  89906       0.70779 0.70779 0.70779   0.00015 0.08277   0.708 
0.55596  89704       0.70676 0.70676 0.70676   0.00015 0.08311   0.707 
0.55696  89502       0.70581 0.70581 0.70581   0.00015 0.08342   0.706 
0.55796  89300       0.70480 0.70480 0.70480   0.00015 0.08374   0.705 
0.55896  89098       0.70375 0.70375 0.70375   0.00015 0.08409   0.704 
0.55996  88896       0.70271 0.70271 0.70271   0.00015 0.08443   0.703 
0.56096  88694       0.70168 0.70168 0.70168   0.00015 0.08476   0.702 
0.56196  88492       0.70083 0.70083 0.70083   0.00015 0.08504   0.701 
0.56296  88290       0.69979 0.69979 0.69979   0.00015 0.08538   0.700 
0.56396  88088       0.69886 0.69886 0.69886   0.00015 0.08568   0.699 
0.56496  87886       0.69780 0.69780 0.69780   0.00015 0.08603   0.698 
0.56596  87684       0.69686 0.69686 0.69686   0.00015 0.08634   0.697 
0.56696  87482       0.69589 0.69589 0.69589   0.00015 0.08665   0.696 
0.56796  87280       0.69490 0.69490 0.69490   0.00015 0.08698   0.695 
0.56896  87078       0.69383 0.69383 0.69383   0.00015 0.08733   0.694 
0.56996  86876       0.69305 0.69305 0.69305   0.00015 0.08759   0.693 
0.57096  86674       0.69209 0.69209 0.69209   0.00015 0.08790   0.692 
0.57196  86472       0.69117 0.69117 0.69117   0.00015 0.08821   0.691 
0.57296  86270       0.69012 0.69012 0.69012   0.00015 0.08855   0.690 
0.57396  86068       0.68906 0.68906 0.68906   0.00015 0.08890   0.689 
0.57496  85866       0.68807 0.68807 0.68807   0.00015 0.08923   0.688 
0.57596  85664       0.68700 0.68700 0.68700   0.00016 0.08959   0.687 
0.57696  85462       0.68597 0.68597 0.68597   0.00016 0.08993   0.686 
0.57796  85260       0.68491 0.68491 0.68491   0.00016 0.09028   0.685 
0.57896  85058       0.68391 0.68391 0.68391   0.00016 0.09061   0.684 
0.57996  84856       0.68286 0.68286 0.68286   0.00016 0.09096   0.683 
0.58096  84654       0.68199 0.68199 0.68199   0.00016 0.09125   0.682 
0.58196  84452       0.68096 0.68096 0.68096   0.00016 0.09159   0.681 
0.58296  84250       0.67989 0.67989 0.67989   0.00016 0.09195   0.680 
0.58396  84048       0.67882 0.67882 0.67882   0.00016 0.09231   0.679 
0.58496  83846       0.67773 0.67773 0.67773   0.00016 0.09267   0.678 
0.58596  83644       0.67672 0.67672 0.67672   0.00016 0.09301   0.677 
0.58696  83442       0.67560 0.67560 0.67560   0.00016 0.09339   0.676 
0.58796  83240       0.67469 0.67469 0.67469   0.00016 0.09369   0.675 
0.58896  83038       0.67366 0.67366 0.67366   0.00016 0.09404   0.674 
0.58996  82836       0.67257 0.67257 0.67257   0.00016 0.09440   0.673 
0.59096  82634       0.67149 0.67149 0.67149   0.00016 0.09477   0.671 
0.59196  82432       0.67043 0.67043 0.67043   0.00016 0.09513   0.670 
0.59296  82230       0.66932 0.66932 0.66932   0.00016 0.09550   0.669 
0.59396  82028       0.66827 0.66827 0.66827   0.00016 0.09586   0.668 
0.59496  81826       0.66719 0.66719 0.66719   0.00016 0.09622   0.667 
0.59596  81624       0.66634 0.66634 0.66634   0.00016 0.09651   0.666 
0.59696  81422       0.66527 0.66527 0.66527   0.00016 0.09687   0.665 
0.59796  81220       0.66416 0.66416 0.66416   0.00016 0.09725   0.664 
0.59896  81018       0.66308 0.66308 0.66308   0.00016 0.09762   0.663 
0.59996  80816       0.66209 0.66209 0.66209   0.00016 0.09795   0.662 
0.60096  80614       0.66101 0.66101 0.66101   0.00016 0.09832   0.661 
0.60196  80412       0.65990 0.65990 0.65990   0.00016 0.09870   0.660 
0.60296  80210       0.65887 0.65887 0.65887   0.00016 0.09905   0.659 
0.60396  80008       0.65783 0.65783 0.65783   0.00016 0.09941   0.658 
0.60496  79806       0.65684 0.65684 0.65684   0.00016 0.09974   0.657 
0.60596  79604       0.65577 0.65577 0.65577   0.00016 0.10011   0.656 
0.60696  79402       0.65468 0.65468 0.65468   0.00017 0.10049   0.655 
0.60796  79200       0.65360 0.65360 0.65360   0.00017 0.10086   0.654 
0.60896  78998       0.65247 0.65247 0.65247   0.00017 0.10125   0.652 
0.60996  78796       0.65158 0.65158 0.65158   0.00017 0.10155   0.652 
0.61096  78594       0.65065 0.65065 0.65065   0.00017 0.10187   0.651 
0.61196  78392       0.64988 0.64988 0.64988   0.00017 0.10214   0.650 
0.61296  78190       0.64889 0.64889 0.64889   0.00017 0.10248   0.649 
0.61396  77988       0.64778 0.64778 0.64778   0.00017 0.10287   0.648 
0.61496  77786       0.64664 0.64664 0.64664   0.00017 0.10326   0.647 
0.61595  77584       0.64554 0.64554 0.64554   0.00017 0.10364   0.646 
0.61695  77382       0.64442 0.64442 0.64442   0.00017 0.10403   0.644 
0.61795  77180       0.64329 0.64329 0.64329   0.00017 0.10443   0.643 
0.61895  76978       0.64214 0.64214 0.64214   0.00017 0.10483   0.642 
0.61995  76776       0.64105 0.64105 0.64105   0.00017 0.10520   0.641 
0.62095  76574       0.63988 0.63988 0.63988   0.00017 0.10561   0.640 
0.62195  76372       0.63880 0.63880 0.63880   0.00017 0.10599   0.639 
0.62295  76170       0.63776 0.63776 0.63776   0.00017 0.10636   0.638 
0.62395  75968       0.63670 0.63670 0.63670   0.00017 0.10673   0.637 
0.62495  75766       0.63562 0.63562 0.63562   0.00017 0.10711   0.636 
0.62595  75564       0.63458 0.63458 0.63458   0.00017 0.10747   0.635 
0.62695  75362       0.63344 0.63344 0.63344   0.00017 0.10787   0.633 
0.62795  75160       0.63232 0.63232 0.63232   0.00017 0.10827   0.632 
0.62895  74958       0.63115 0.63115 0.63115   0.00017 0.10868   0.631 
0.62995  74756       0.63006 0.63006 0.63006   0.00017 0.10907   0.630 
0.63095  74554       0.62916 0.62916 0.62916   0.00017 0.10938   0.629 
0.63195  74352       0.62812 0.62812 0.62812   0.00017 0.10975   0.628 
0.63295  74150       0.62698 0.62698 0.62698   0.00017 0.11016   0.627 
0.63395  73948       0.62590 0.62590 0.62590   0.00017 0.11054   0.626 
0.63495  73746       0.62475 0.62475 0.62475   0.00017 0.11095   0.625 
0.63595  73544       0.62362 0.62362 0.62362   0.00017 0.11135   0.624 
0.63695  73342       0.62244 0.62244 0.62244   0.00018 0.11177   0.622 
0.63795  73140       0.62128 0.62128 0.62128   0.00018 0.11219   0.621 
0.63895  72938       0.62020 0.62020 0.62020   0.00018 0.11257   0.620 
0.63995  72736       0.61909 0.61909 0.61909   0.00018 0.11297   0.619 
0.64095  72534       0.61791 0.61791 0.61791   0.00018 0.11339   0.618 
0.64195  72332       0.61677 0.61677 0.61677   0.00018 0.11380   0.617 
0.64295  72130       0.61559 0.61559 0.61559   0.00018 0.11423   0.616 
0.64395  71928       0.61454 0.61454 0.61454   0.00018 0.11461   0.615 
0.64495  71726       0.61335 0.61335 0.61335   0.00018 0.11503   0.613 
0.64595  71524       0.61221 0.61221 0.61221   0.00018 0.11545   0.612 
0.64695  71322       0.61101 0.61101 0.61101   0.00018 0.11588   0.611 
0.64795  71120       0.60987 0.60987 0.60987   0.00018 0.11629   0.610 
0.64895  70918       0.60872 0.60872 0.60872   0.00018 0.11671   0.609 
0.64995  70716       0.60756 0.60756 0.60756   0.00018 0.11713   0.608 
0.65095  70514       0.60640 0.60640 0.60640   0.00018 0.11755   0.606 
0.65195  70312       0.60518 0.60518 0.60518   0.00018 0.11800   0.605 
0.65295  70110       0.60406 0.60406 0.60406   0.00018 0.11840   0.604 
0.65395  69908       0.60291 0.60291 0.60291   0.00018 0.11882   0.603 
0.65495  69706       0.60175 0.60175 0.60175   0.00018 0.11925   0.602 
0.65595  69504       0.60058 0.60058 0.60058   0.00018 0.11967   0.601 
0.65695  69302       0.59940 0.59940 0.59940   0.00018 0.12011   0.599 
0.65795  69100       0.59823 0.59823 0.59823   0.00018 0.12054   0.598 
0.65895  68898       0.59703 0.59703 0.59703   0.00018 0.12098   0.597 
0.65995  68696       0.59588 0.59588 0.59588   0.00018 0.12140   0.596 
0.66095  68494       0.59467 0.59467 0.59467   0.00018 0.12185   0.595 
0.66195  68292       0.59358 0.59358 0.59358   0.00018 0.12225   0.594 
0.66295  68090       0.59233 0.59233 0.59233   0.00018 0.12271   0.592 
0.66395  67888       0.59115 0.59115 0.59115   0.00019 0.12315   0.591 
0.66495  67686       0.59003 0.59003 0.59003   0.00019 0.12357   0.590 
0.66595  67484       0.58878 0.58878 0.58878   0.00019 0.12403   0.589 
0.66695  67282       0.58756 0.58756 0.58756   0.00019 0.12449   0.588 
0.66795  67080       0.58642 0.58642 0.58642   0.00019 0.12491   0.586 
0.66895  66878       0.58538 0.58538 0.58538   0.00019 0.12530   0.585 
0.66995  66676       0.58412 0.58412 0.58412   0.00019 0.12577   0.584 
0.67095  66474       0.58293 0.58293 0.58293   0.00019 0.12622   0.583 
0.67195  66272       0.58169 0.58169 0.58169   0.00019 0.12668   0.582 
0.67295  66070       0.58051 0.58051 0.58051   0.00019 0.12713   0.581 
0.67395  65868       0.57927 0.57927 0.57927   0.00019 0.12759   0.579 
0.67495  65666       0.57803 0.57803 0.57803   0.00019 0.12806   0.578 
0.67595  65464       0.57703 0.57703 0.57703   0.00019 0.12844   0.577 
0.67695  65262       0.57590 0.57590 0.57590   0.00019 0.12886   0.576 
0.67795  65060       0.57470 0.57470 0.57470   0.00019 0.12931   0.575 
0.67895  64858       0.57358 0.57358 0.57358   0.00019 0.12974   0.574 
0.67995  64656       0.57252 0.57252 0.57252   0.00019 0.13014   0.573 
0.68095  64454       0.57138 0.57138 0.57138   0.00019 0.13058   0.571 
0.68195  64252       0.57018 0.57018 0.57018   0.00019 0.13103   0.570 
0.68295  64050       0.56908 0.56908 0.56908   0.00019 0.13145   0.569 
0.68395  63848       0.56783 0.56783 0.56783   0.00019 0.13193   0.568 
0.68495  63646       0.56669 0.56669 0.56669   0.00019 0.13237   0.567 
0.68595  63444       0.56547 0.56547 0.56547   0.00019 0.13283   0.565 
0.68695  63242       0.56419 0.56419 0.56419   0.00019 0.13332   0.564 
0.68795  63040       0.56301 0.56301 0.56301   0.00019 0.13378   0.563 
0.68895  62838       0.56177 0.56177 0.56177   0.00019 0.13426   0.562 
0.68995  62636       0.56064 0.56064 0.56064   0.00019 0.13469   0.561 
0.69095  62434       0.55966 0.55966 0.55966   0.00020 0.13507   0.560 
0.69195  62232       0.55847 0.55847 0.55847   0.00020 0.13553   0.558 
0.69295  62030       0.55725 0.55725 0.55725   0.00020 0.13600   0.557 
0.69395  61828       0.55595 0.55595 0.55595   0.00020 0.13651   0.556 
0.69495  61626       0.55469 0.55469 0.55469   0.00020 0.13700   0.555 
0.69595  61424       0.55342 0.55342 0.55342   0.00020 0.13749   0.553 
0.69695  61222       0.55216 0.55216 0.55216   0.00020 0.13798   0.552 
0.69795  61020       0.55094 0.55094 0.55094   0.00020 0.13846   0.551 
0.69895  60818       0.54980 0.54980 0.54980   0.00020 0.13891   0.550 
0.69995  60616       0.54854 0.54854 0.54854   0.00020 0.13940   0.549 
0.70095  60414       0.54726 0.54726 0.54726   0.00020 0.13990   0.547 
0.70195  60212       0.54603 0.54603 0.54603   0.00020 0.14039   0.546 
0.70295  60010       0.54473 0.54473 0.54473   0.00020 0.14089   0.545 
0.70395  59808       0.54343 0.54343 0.54343   0.00020 0.14141   0.543 
0.70495  59606       0.54211 0.54211 0.54211   0.00020 0.14193   0.542 
0.70595  59404       0.54085 0.54085 0.54085   0.00020 0.14243   0.541 
0.70695  59202       0.53968 0.53968 0.53968   0.00020 0.14289   0.540 
0.70795  59000       0.53841 0.53841 0.53841   0.00020 0.14340   0.538 
0.70895  58798       0.53725 0.53725 0.53725   0.00020 0.14386   0.537 
0.70995  58596       0.53607 0.53607 0.53607   0.00020 0.14433   0.536 
0.71095  58394       0.53475 0.53475 0.53475   0.00020 0.14486   0.535 
0.71195  58192       0.53340 0.53340 0.53340   0.00020 0.14540   0.533 
0.71295  57990       0.53207 0.53207 0.53207   0.00020 0.14593   0.532 
0.71395  57788       0.53082 0.53082 0.53082   0.00020 0.14643   0.531 
0.71495  57586       0.52952 0.52952 0.52952   0.00021 0.14696   0.530 
0.71595  57384       0.52826 0.52826 0.52826   0.00021 0.14746   0.528 
0.71695  57182       0.52693 0.52693 0.52693   0.00021 0.14800   0.527 
0.71795  56980       0.52583 0.52583 0.52583   0.00021 0.14845   0.526 
0.71895  56778       0.52459 0.52459 0.52459   0.00021 0.14895   0.525 
0.71995  56576       0.52330 0.52330 0.52330   0.00021 0.14947   0.523 
0.72095  56374       0.52211 0.52211 0.52211   0.00021 0.14996   0.522 
0.72195  56172       0.52081 0.52081 0.52081   0.00021 0.15049   0.521 
0.72295  55970       0.51949 0.51949 0.51949   0.00021 0.15103   0.519 
0.72395  55768       0.51819 0.51819 0.51819   0.00021 0.15156   0.518 
0.72495  55566       0.51696 0.51696 0.51696   0.00021 0.15206   0.517 
0.72595  55364       0.51560 0.51560 0.51560   0.00021 0.15262   0.516 
0.72695  55162       0.51427 0.51427 0.51427   0.00021 0.15317   0.514 
0.72795  54960       0.51288 0.51288 0.51288   0.00021 0.15374   0.513 
0.72894  54758       0.51149 0.51149 0.51149   0.00021 0.15431   0.511 
0.72994  54556       0.51016 0.51016 0.51016   0.00021 0.15487   0.510 
0.73094  54354       0.50887 0.50887 0.50887   0.00021 0.15540   0.509 
0.73194  54152       0.50785 0.50785 0.50785   0.00021 0.15582   0.508 
0.73294  53950       0.50652 0.50652 0.50652   0.00021 0.15638   0.507 
0.73394  53748       0.50523 0.50523 0.50523   0.00021 0.15691   0.505 
0.73494  53546       0.50396 0.50396 0.50396   0.00021 0.15744   0.504 
0.73594  53344       0.50263 0.50263 0.50263   0.00021 0.15800   0.503 
0.73694  53142       0.50131 0.50131 0.50131   0.00021 0.15855   0.501 
0.73794  52940       0.49993 0.49993 0.49993   0.00022 0.15913   0.500 
0.73894  52738       0.49858 0.49858 0.49858   0.00022 0.15970   0.499 
0.73994  52536       0.49716 0.49716 0.49716   0.00022 0.16030   0.497 
0.74094  52334       0.49583 0.49583 0.49583   0.00022 0.16086   0.496 
0.74194  52132       0.49443 0.49443 0.49443   0.00022 0.16145   0.494 
0.74294  51930       0.49312 0.49312 0.49312   0.00022 0.16201   0.493 
0.74394  51728       0.49170 0.49170 0.49170   0.00022 0.16261   0.492 
0.74494  51526       0.49032 0.49032 0.49032   0.00022 0.16320   0.490 
0.74594  51324       0.48908 0.48908 0.48908   0.00022 0.16373   0.489 
0.74694  51122       0.48773 0.48773 0.48773   0.00022 0.16431   0.488 
0.74794  50920       0.48644 0.48644 0.48644   0.00022 0.16487   0.486 
0.74894  50718       0.48507 0.48507 0.48507   0.00022 0.16545   0.485 
0.74994  50516       0.48379 0.48379 0.48379   0.00022 0.16600   0.484 
0.75094  50314       0.48242 0.48242 0.48242   0.00022 0.16660   0.482 
0.75194  50112       0.48105 0.48105 0.48105   0.00022 0.16719   0.481 
0.75294  49910       0.47969 0.47969 0.47969   0.00022 0.16778   0.480 
0.75394  49708       0.47828 0.47828 0.47828   0.00022 0.16839   0.478 
0.75494  49506       0.47699 0.47699 0.47699   0.00022 0.16895   0.477 
0.75594  49304       0.47557 0.47557 0.47557   0.00022 0.16957   0.476 
0.75694  49102       0.47434 0.47434 0.47434   0.00022 0.17011   0.474 
0.75794  48900       0.47331 0.47331 0.47331   0.00022 0.17056   0.473 
0.75894  48698       0.47194 0.47194 0.47194   0.00023 0.17116   0.472 
0.75994  48496       0.47056 0.47056 0.47056   0.00023 0.17176   0.471 
0.76094  48294       0.46911 0.46911 0.46911   0.00023 0.17240   0.469 
0.76194  48092       0.46769 0.46769 0.46769   0.00023 0.17303   0.468 
0.76294  47890       0.46633 0.46633 0.46633   0.00023 0.17363   0.466 
0.76394  47688       0.46495 0.46495 0.46495   0.00023 0.17424   0.465 
0.76494  47486       0.46352 0.46352 0.46352   0.00023 0.17488   0.464 
0.76594  47284       0.46213 0.46213 0.46213   0.00023 0.17550   0.462 
0.76694  47082       0.46102 0.46102 0.46102   0.00023 0.17599   0.461 
0.76794  46880       0.45958 0.45958 0.45958   0.00023 0.17664   0.460 
0.76894  46678       0.45827 0.45827 0.45827   0.00023 0.17723   0.458 
0.76994  46476       0.45679 0.45679 0.45679   0.00023 0.17789   0.457 
0.77094  46274       0.45543 0.45543 0.45543   0.00023 0.17850   0.455 
0.77194  46072       0.45395 0.45395 0.45395   0.00023 0.17917   0.454 
0.77294  45870       0.45254 0.45254 0.45254   0.00023 0.17981   0.453 
0.77394  45668       0.45117 0.45117 0.45117   0.00023 0.18043   0.451 
0.77494  45466       0.44981 0.44981 0.44981   0.00023 0.18105   0.450 
0.77594  45264       0.44840 0.44840 0.44840   0.00023 0.18169   0.448 
0.77694  45062       0.44689 0.44689 0.44689   0.00023 0.18238   0.447 
0.77794  44860       0.44538 0.44538 0.44538   0.00024 0.18308   0.445 
0.77894  44658       0.44393 0.44393 0.44393   0.00024 0.18374   0.444 
0.77994  44456       0.44267 0.44267 0.44267   0.00024 0.18432   0.443 
0.78094  44254       0.44132 0.44132 0.44132   0.00024 0.18494   0.441 
0.78194  44052       0.44000 0.44000 0.44000   0.00024 0.18555   0.440 
0.78294  43850       0.43858 0.43858 0.43858   0.00024 0.18621   0.439 
0.78394  43648       0.43713 0.43713 0.43713   0.00024 0.18688   0.437 
0.78494  43446       0.43608 0.43608 0.43608   0.00024 0.18737   0.436 
0.78594  43244       0.43466 0.43466 0.43466   0.00024 0.18803   0.435 
0.78694  43042       0.43319 0.43319 0.43319   0.00024 0.18872   0.433 
0.78794  42840       0.43174 0.43174 0.43174   0.00024 0.18940   0.432 
0.78894  42638       0.43034 0.43034 0.43034   0.00024 0.19006   0.430 
0.78994  42436       0.42896 0.42896 0.42896   0.00024 0.19071   0.429 
0.79094  42234       0.42747 0.42747 0.42747   0.00024 0.19142   0.427 
0.79194  42032       0.42599 0.42599 0.42599   0.00024 0.19211   0.426 
0.79294  41830       0.42445 0.42445 0.42445   0.00024 0.19285   0.424 
0.79394  41628       0.42291 0.42291 0.42291   0.00024 0.19358   0.423 
0.79494  41426       0.42153 0.42153 0.42153   0.00024 0.19424   0.422 
0.79594  41224       0.42005 0.42005 0.42005   0.00024 0.19495   0.420 
0.79694  41022       0.41853 0.41853 0.41853   0.00025 0.19568   0.419 
0.79794  40820       0.41704 0.41704 0.41704   0.00025 0.19639   0.417 
0.79894  40618       0.41595 0.41595 0.41595   0.00025 0.19692   0.416 
0.79994  40416       0.41446 0.41446 0.41446   0.00025 0.19764   0.414 
0.80094  40214       0.41298 0.41298 0.41298   0.00025 0.19836   0.413 
0.80194  40012       0.41145 0.41145 0.41145   0.00025 0.19910   0.411 
0.80294  39810       0.41000 0.41000 0.41000   0.00025 0.19981   0.410 
0.80394  39608       0.40867 0.40867 0.40867   0.00025 0.20045   0.409 
0.80494  39406       0.40715 0.40715 0.40715   0.00025 0.20120   0.407 
0.80594  39204       0.40560 0.40560 0.40560   0.00025 0.20196   0.406 
0.80694  39002       0.40402 0.40402 0.40402   0.00025 0.20274   0.404 
0.80794  38800       0.40257 0.40257 0.40257   0.00025 0.20346   0.403 
0.80894  38598       0.40102 0.40102 0.40102   0.00025 0.20422   0.401 
0.80994  38396       0.39946 0.39946 0.39946   0.00025 0.20500   0.399 
0.81094  38194       0.39790 0.39790 0.39790   0.00025 0.20578   0.398 
0.81194  37992       0.39638 0.39638 0.39638   0.00025 0.20653   0.396 
0.81294  37790       0.39483 0.39483 0.39483   0.00025 0.20731   0.395 
0.81394  37588       0.39376 0.39376 0.39376   0.00026 0.20785   0.394 
0.81494  37386       0.39247 0.39247 0.39247   0.00026 0.20850   0.392 
0.81594  37184       0.39086 0.39086 0.39086   0.00026 0.20931   0.391 
0.81694  36982       0.38944 0.38944 0.38944   0.00026 0.21003   0.389 
0.81794  36780       0.38783 0.38783 0.38783   0.00026 0.21085   0.388 
0.81894  36578       0.38626 0.38626 0.38626   0.00026 0.21165   0.386 
0.81994  36376       0.38464 0.38464 0.38464   0.00026 0.21248   0.385 
0.82094  36174       0.38303 0.38303 0.38303   0.00026 0.21330   0.383 
0.82194  35972       0.38142 0.38142 0.38142   0.00026 0.21413   0.381 
0.82294  35770       0.37982 0.37982 0.37982   0.00026 0.21495   0.380 
0.82394  35568       0.37827 0.37827 0.37827   0.00026 0.21576   0.378 
0.82494  35366       0.37663 0.37663 0.37663   0.00026 0.21661   0.377 
0.82594  35164       0.37504 0.37504 0.37504   0.00026 0.21744   0.375 
0.82694  34962       0.37342 0.37342 0.37342   0.00026 0.21828   0.373 
0.82794  34760       0.37192 0.37192 0.37192   0.00026 0.21907   0.372 
0.82894  34558       0.37029 0.37029 0.37029   0.00026 0.21993   0.370 
0.82994  34356       0.36866 0.36866 0.36866   0.00027 0.22079   0.369 
0.83094  34154       0.36700 0.36700 0.36700   0.00027 0.22167   0.367 
0.83194  33952       0.36539 0.36539 0.36539   0.00027 0.22252   0.365 
0.83294  33750       0.36387 0.36387 0.36387   0.00027 0.22333   0.364 
0.83394  33548       0.36224 0.36224 0.36224   0.00027 0.22420   0.362 
0.83494  33346       0.36060 0.36060 0.36060   0.00027 0.22508   0.361 
0.83594  33144       0.35899 0.35899 0.35899   0.00027 0.22595   0.359 
0.83694  32942       0.35738 0.35738 0.35738   0.00027 0.22682   0.357 
0.83794  32740       0.35572 0.35572 0.35572   0.00027 0.22772   0.356 
0.83894  32538       0.35405 0.35405 0.35405   0.00027 0.22862   0.354 
0.83994  32336       0.35237 0.35237 0.35237   0.00027 0.22954   0.352 
0.84093  32134       0.35071 0.35071 0.35071   0.00027 0.23045   0.351 
0.84193  31932       0.34902 0.34902 0.34902   0.00027 0.23138   0.349 
0.84293  31730       0.34732 0.34732 0.34732   0.00028 0.23231   0.347 
0.84393  31528       0.34563 0.34563 0.34563   0.00028 0.23325   0.346 
0.84493  31326       0.34408 0.34408 0.34408   0.00028 0.23411   0.344 
0.84593  31124       0.34299 0.34299 0.34299   0.00028 0.23472   0.343 
0.84693  30922       0.34138 0.34138 0.34138   0.00028 0.23562   0.341 
0.84793  30720       0.33967 0.33967 0.33967   0.00028 0.23658   0.340 
0.84893  30518       0.33803 0.33803 0.33803   0.00028 0.23750   0.338 
0.84993  30316       0.33653 0.33653 0.33653   0.00028 0.23835   0.337 
0.85093  30114       0.33482 0.33482 0.33482   0.00028 0.23932   0.335 
0.85193  29912       0.33317 0.33317 0.33317   0.00028 0.24026   0.333 
0.85293  29710       0.33146 0.33146 0.33146   0.00028 0.24123   0.331 
0.85393  29508       0.32971 0.32971 0.32971   0.00028 0.24224   0.330 
0.85493  29306       0.32798 0.32798 0.32798   0.00028 0.24323   0.328 
0.85593  29104       0.32627 0.32627 0.32627   0.00028 0.24422   0.326 
0.85693  28902       0.32453 0.32453 0.32453   0.00029 0.24523   0.325 
0.85793  28700       0.32277 0.32277 0.32277   0.00029 0.24626   0.323 
0.85893  28498       0.32103 0.32103 0.32103   0.00029 0.24727   0.321 
0.85993  28296       0.31927 0.31927 0.31927   0.00029 0.24831   0.319 
0.86093  28094       0.31761 0.31761 0.31761   0.00029 0.24929   0.318 
0.86193  27892       0.31606 0.31606 0.31606   0.00029 0.25020   0.316 
0.86293  27690       0.31430 0.31430 0.31430   0.00029 0.25125   0.314 
0.86393  27488       0.31259 0.31259 0.31259   0.00029 0.25227   0.313 
0.86493  27286       0.31081 0.31081 0.31081   0.00029 0.25334   0.311 
0.86593  27084       0.30907 0.30907 0.30907   0.00029 0.25439   0.309 
0.86693  26882       0.30728 0.30728 0.30728   0.00029 0.25547   0.307 
0.86793  26680       0.30546 0.30546 0.30546   0.00030 0.25657   0.305 
0.86893  26478       0.30364 0.30364 0.30364   0.00030 0.25768   0.304 
0.86993  26276       0.30186 0.30186 0.30186   0.00030 0.25877   0.302 
0.87093  26074       0.30004 0.30004 0.30004   0.00030 0.25989   0.300 
0.87193  25872       0.29850 0.29850 0.29850   0.00030 0.26084   0.299 
0.87293  25670       0.29671 0.29671 0.29671   0.00030 0.26196   0.297 
0.87393  25468       0.29494 0.29494 0.29494   0.00030 0.26306   0.295 
0.87493  25266       0.29310 0.29310 0.29310   0.00030 0.26421   0.293 
0.87593  25064       0.29128 0.29128 0.29128   0.00030 0.26536   0.291 
0.87693  24862       0.28983 0.28983 0.28983   0.00030 0.26627   0.290 
0.87793  24660       0.28801 0.28801 0.28801   0.00030 0.26742   0.288 
0.87893  24458       0.28619 0.28619 0.28619   0.00031 0.26859   0.286 
0.87993  24256       0.28438 0.28438 0.28438   0.00031 0.26975   0.284 
0.88093  24054       0.28264 0.28264 0.28264   0.00031 0.27087   0.283 
0.88193  23852       0.28091 0.28091 0.28091   0.00031 0.27199   0.281 
0.88293  23650       0.27914 0.27914 0.27914   0.00031 0.27313   0.279 
0.88393  23448       0.27730 0.27730 0.27730   0.00031 0.27433   0.277 
0.88493  23246       0.27544 0.27544 0.27544   0.00031 0.27555   0.275 
0.88593  23044       0.27359 0.27359 0.27359   0.00031 0.27677   0.274 
0.88693  22842       0.27172 0.27172 0.27172   0.00031 0.27801   0.272 
0.88793  22640       0.26990 0.26990 0.26990   0.00031 0.27922   0.270 
0.88893  22438       0.26809 0.26809 0.26809   0.00032 0.28043   0.268 
0.88993  22236       0.26622 0.26622 0.26622   0.00032 0.28170   0.266 
0.89093  22034       0.26431 0.26431 0.26431   0.00032 0.28298   0.264 
0.89193  21832       0.26279 0.26279 0.26279   0.00032 0.28402   0.263 
0.89293  21630       0.26092 0.26092 0.26092   0.00032 0.28530   0.261 
0.89393  21428       0.25898 0.25898 0.25898   0.00032 0.28663   0.259 
0.89493  21226       0.25710 0.25710 0.25710   0.00032 0.28793   0.257 
0.89593  21024       0.25522 0.25522 0.25522   0.00032 0.28923   0.255 
0.89693  20822       0.25327 0.25327 0.25327   0.00032 0.29059   0.253 
0.89793  20620       0.25132 0.25132 0.25132   0.00032 0.29196   0.251 
0.89893  20418       0.24939 0.24939 0.24939   0.00033 0.29333   0.249 
0.89993  20216       0.24747 0.24747 0.24747   0.00033 0.29469   0.247 
0.90093  20014       0.24560 0.24560 0.24560   0.00033 0.29603   0.246 
0.90193  19812       0.24368 0.24368 0.24368   0.00033 0.29741   0.244 
0.90293  19610       0.24169 0.24169 0.24169   0.00033 0.29885   0.242 
0.90393  19408       0.23981 0.23981 0.23981   0.00033 0.30021   0.240 
0.90493  19206       0.23793 0.23793 0.23793   0.00033 0.30158   0.238 
0.90593  19004       0.23596 0.23596 0.23596   0.00033 0.30304   0.236 
0.90693  18802       0.23396 0.23396 0.23396   0.00034 0.30452   0.234 
0.90793  18600       0.23200 0.23200 0.23200   0.00034 0.30598   0.232 
0.90893  18398       0.23006 0.23006 0.23006   0.00034 0.30743   0.230 
0.90993  18196       0.22806 0.22806 0.22806   0.00034 0.30894   0.228 
0.91093  17994       0.22615 0.22615 0.22615   0.00034 0.31040   0.226 
0.91193  17792       0.22413 0.22413 0.22413   0.00034 0.31194   0.224 
0.91293  17590       0.22208 0.22208 0.22208   0.00034 0.31352   0.222 
0.91393  17388       0.22010 0.22010 0.22010   0.00034 0.31506   0.220 
0.91493  17186       0.21808 0.21808 0.21808   0.00035 0.31663   0.218 
0.91593  16984       0.21606 0.21606 0.21606   0.00035 0.31822   0.216 
0.91693  16782       0.21402 0.21402 0.21402   0.00035 0.31984   0.214 
0.91793  16580       0.21194 0.21194 0.21194   0.00035 0.32150   0.212 
0.91893  16378       0.20986 0.20986 0.20986   0.00035 0.32316   0.210 
0.91993  16176       0.20777 0.20777 0.20777   0.00035 0.32486   0.208 
0.92093  15974       0.20570 0.20570 0.20570   0.00035 0.32655   0.206 
0.92193  15772       0.20358 0.20358 0.20358   0.00036 0.32829   0.204 
0.92293  15570       0.20156 0.20156 0.20156   0.00036 0.32996   0.202 
0.92393  15368       0.19947 0.19947 0.19947   0.00036 0.33170   0.199 
0.92493  15166       0.19735 0.19735 0.19735   0.00036 0.33348   0.197 
0.92593  14964       0.19523 0.19523 0.19523   0.00036 0.33528   0.195 
0.92693  14762       0.19308 0.19308 0.19308   0.00036 0.33712   0.193 
0.92793  14560       0.19095 0.19095 0.19095   0.00036 0.33895   0.191 
0.92893  14358       0.18881 0.18881 0.18881   0.00037 0.34082   0.189 
0.92993  14156       0.18663 0.18663 0.18663   0.00037 0.34273   0.187 
0.93093  13954       0.18450 0.18450 0.18450   0.00037 0.34461   0.185 
0.93193  13752       0.18231 0.18231 0.18231   0.00037 0.34656   0.182 
0.93293  13550       0.18012 0.18012 0.18012   0.00037 0.34854   0.180 
0.93393  13348       0.17790 0.17790 0.17790   0.00037 0.35056   0.178 
0.93493  13146       0.17574 0.17574 0.17574   0.00038 0.35253   0.176 
0.93593  12944       0.17353 0.17353 0.17353   0.00038 0.35458   0.174 
0.93693  12742       0.17134 0.17134 0.17134   0.00038 0.35663   0.171 
0.93793  12540       0.16913 0.16913 0.16913   0.00038 0.35871   0.169 
0.93893  12338       0.16719 0.16719 0.16719   0.00038 0.36055   0.167 
0.93993  12136       0.16492 0.16492 0.16492   0.00039 0.36273   0.165 
0.94093  11934       0.16264 0.16264 0.16264   0.00039 0.36495   0.163 
0.94193  11732       0.16044 0.16044 0.16044   0.00039 0.36711   0.160 
0.94293  11530       0.15818 0.15818 0.15818   0.00039 0.36935   0.158 
0.94393  11328       0.15595 0.15595 0.15595   0.00039 0.37159   0.156 
0.94493  11126       0.15363 0.15363 0.15363   0.00040 0.37394   0.154 
0.94593  10924       0.15134 0.15134 0.15134   0.00040 0.37629   0.151 
0.94693  10722       0.14902 0.14902 0.14902   0.00040 0.37868   0.149 
0.94793  10520       0.14668 0.14668 0.14668   0.00040 0.38114   0.147 
0.94893  10318       0.14433 0.14433 0.14433   0.00040 0.38364   0.144 
0.94993  10116       0.14197 0.14197 0.14197   0.00041 0.38617   0.142 
0.95093  9914        0.13958 0.13958 0.13958   0.00041 0.38877   0.140 
0.95193  9712        0.13723 0.13723 0.13723   0.00041 0.39136   0.137 
0.95292  9510        0.13482 0.13482 0.13482   0.00041 0.39404   0.135 
0.95392  9308        0.13240 0.13240 0.13240   0.00042 0.39678   0.132 
0.95492  9106        0.13002 0.13002 0.13002   0.00042 0.39951   0.130 
0.95592  8904        0.12762 0.12762 0.12762   0.00042 0.40230   0.128 
0.95692  8702        0.12520 0.12520 0.12520   0.00042 0.40516   0.125 
0.95792  8500        0.12278 0.12278 0.12278   0.00043 0.40805   0.123 
0.95892  8298        0.12031 0.12031 0.12031   0.00043 0.41105   0.120 
0.95992  8096        0.11792 0.11792 0.11792   0.00043 0.41400   0.118 
0.96092  7894        0.11542 0.11542 0.11542   0.00043 0.41714   0.115 
0.96192  7692        0.11289 0.11289 0.11289   0.00044 0.42036   0.113 
0.96292  7490        0.11037 0.11037 0.11037   0.00044 0.42361   0.110 
0.96392  7288        0.10782 0.10782 0.10782   0.00044 0.42697   0.108 
0.96492  7086        0.10526 0.10526 0.10526   0.00045 0.43040   0.105 
0.96592  6884        0.10273 0.10273 0.10273   0.00045 0.43386   0.103 
0.96692  6682        0.10012 0.10012 0.10012   0.00045 0.43748   0.100 
0.96792  6480        0.09750 0.09750 0.09750   0.00046 0.44120   0.098 
0.96892  6278        0.09486 0.09486 0.09486   0.00046 0.44502   0.095 
0.96992  6076        0.09220 0.09220 0.09220   0.00046 0.44896   0.092 
0.97092  5874        0.08952 0.08952 0.08952   0.00047 0.45300   0.090 
0.97192  5672        0.08681 0.08681 0.08681   0.00047 0.45719   0.087 
0.97292  5470        0.08409 0.08409 0.08409   0.00047 0.46150   0.084 
0.97392  5268        0.08134 0.08134 0.08134   0.00048 0.46596   0.081 
0.97492  5066        0.07856 0.07856 0.07856   0.00048 0.47058   0.079 
0.97592  4864        0.07577 0.07577 0.07577   0.00049 0.47535   0.076 
0.97692  4662        0.07298 0.07298 0.07298   0.00049 0.48025   0.073 
0.97792  4460        0.07013 0.07013 0.07013   0.00050 0.48540   0.070 
0.97892  4258        0.06726 0.06726 0.06726   0.00050 0.49075   0.067 
0.97992  4056        0.06435 0.06435 0.06435   0.00051 0.49634   0.064 
0.98092  3854        0.06142 0.06142 0.06142   0.00051 0.50218   0.061 
0.98192  3652        0.05844 0.05844 0.05844   0.00052 0.50832   0.058 
0.98292  3450        0.05544 0.05544 0.05544   0.00052 0.51477   0.055 
0.98392  3248        0.05240 0.05240 0.05240   0.00053 0.52155   0.052 
0.98492  3046        0.04932 0.04932 0.04932   0.00054 0.52874   0.049 
0.98592  2844        0.04620 0.04620 0.04620   0.00054 0.53638   0.046 
0.98692  2642        0.04303 0.04303 0.04303   0.00055 0.54454   0.043 
0.98792  2440        0.03983 0.03983 0.03983   0.00056 0.55326   0.040 
0.98892  2238        0.03659 0.03659 0.03659   0.00057 0.56263   0.037 
0.98992  2036        0.03328 0.03328 0.03328   0.00058 0.57289   0.033 
0.99092  1834        0.02996 0.02996 0.02996   0.00059 0.58397   0.030 
0.99192  1632        0.02664 0.02664 0.02664   0.00060 0.59600   0.027 
0.99292  1430        0.02332 0.02332 0.02332   0.00061 0.60922   0.023 
0.99392  1228        0.02000 0.02000 0.02000   0.00063 0.62394   0.020 
0.99492  1026        0.01668 0.01668 0.01668   0.00064 0.64062   0.017 
0.99592  824         0.01336 0.01336 0.01336   0.00066 0.66001   0.013 
0.99692  622         0.01004 0.01004 0.01004   0.00068 0.68342   0.010 
0.99792  420         0.00673 0.00673 0.00673   0.00071 0.71355   0.007 
0.99892  218         0.00344 0.00344 0.00344   0.00076 0.75779   0.003 
0.99992  16          0.00026 0.00026 0.00026   0.00087 0.87267   0.000 
1.00000  0           0.00000 0.00000 0.00000   0.00100 0.99979   0.000 
