# Prop_landscape_lost  cost_needed_for_top_fraction  min_prop_rem  ave_prop_rem  W_prop_rem  ext-1  ext-2  prop_for_each_biodiversity_feature_(e.g._species)_remaining_at_level_of_removal...
0.00001  2.0234e+005  1.00000 1.00004 1.00001   -0.00001 -0.00000   1.000 1.000 1.000 1.000 
0.00101  2.0213e+005  0.99114 0.99608 1.00001   0.00049 -0.00000   1.000 0.991 0.993 1.000 
0.00201  2.0193e+005  0.98532 0.99394 1.00001   0.00051 -0.00000   1.000 0.985 0.990 1.000 
0.00300  2.0173e+005  0.98281 0.99291 1.00001   0.00045 -0.00000   1.000 0.983 0.989 1.000 
0.00400  2.0153e+005  0.97818 0.99150 1.00000   0.00043 0.00000   1.000 0.978 0.988 1.000 
0.00500  2.0133e+005  0.97488 0.99032 0.99999   0.00041 0.00000   1.000 0.975 0.987 1.000 
0.00600  2.0112e+005  0.97213 0.98929 0.99998   0.00039 0.00000   1.000 0.972 0.985 1.000 
0.00700  2.0092e+005  0.96970 0.98824 0.99997   0.00037 0.00001   1.000 0.970 0.984 1.000 
0.00800  2.0072e+005  0.96719 0.98698 0.99997   0.00037 0.00001   1.000 0.967 0.981 1.000 
0.00899  2.0052e+005  0.96554 0.98633 0.99996   0.00035 0.00001   1.000 0.966 0.980 0.999 
0.00999  2.0032e+005  0.96452 0.98584 0.99995   0.00033 0.00001   1.000 0.965 0.980 0.999 
0.01099  2.0011e+005  0.96420 0.98545 0.99993   0.00031 0.00002   1.000 0.964 0.978 0.999 
0.01199  1.9991e+005  0.96389 0.98499 0.99992   0.00029 0.00002   1.000 0.964 0.977 0.999 
0.01299  1.9971e+005  0.96357 0.98444 0.99991   0.00028 0.00002   1.000 0.964 0.975 0.999 
0.01399  1.9951e+005  0.96310 0.98398 0.99990   0.00027 0.00003   1.000 0.963 0.974 0.999 
0.01498  1.9931e+005  0.96263 0.98349 0.99989   0.00026 0.00003   1.000 0.963 0.973 0.999 
0.01598  1.991e+005  0.96200 0.98309 0.99987   0.00025 0.00003   1.000 0.962 0.972 0.999 
0.01698  1.989e+005  0.96130 0.98264 0.99986   0.00024 0.00004   1.000 0.961 0.971 0.999 
0.01798  1.987e+005  0.96035 0.98196 0.99984   0.00024 0.00004   1.000 0.960 0.969 0.998 
0.01898  1.985e+005  0.95965 0.98149 0.99983   0.00023 0.00004   1.000 0.960 0.968 0.998 
0.01998  1.983e+005  0.95894 0.98094 0.99981   0.00023 0.00005   1.000 0.959 0.967 0.998 
0.02097  1.9809e+005  0.95761 0.98027 0.99979   0.00023 0.00005   1.000 0.958 0.966 0.998 
0.02197  1.9789e+005  0.95627 0.97958 0.99978   0.00023 0.00006   1.000 0.956 0.964 0.998 
0.02297  1.9769e+005  0.95517 0.97893 0.99976   0.00022 0.00006   1.000 0.955 0.963 0.998 
0.02397  1.9749e+005  0.95423 0.97834 0.99974   0.00022 0.00007   1.000 0.954 0.962 0.998 
0.02497  1.9729e+005  0.95305 0.97773 0.99972   0.00022 0.00007   1.000 0.953 0.961 0.998 
0.02597  1.9708e+005  0.95164 0.97701 0.99970   0.00022 0.00008   1.000 0.952 0.959 0.997 
0.02696  1.9688e+005  0.95030 0.97634 0.99968   0.00021 0.00008   1.000 0.950 0.958 0.997 
0.02796  1.9668e+005  0.94850 0.97537 0.99965   0.00022 0.00009   1.000 0.948 0.956 0.997 
0.02896  1.9648e+005  0.94559 0.97435 0.99963   0.00022 0.00009   1.000 0.946 0.955 0.997 
0.02996  1.9628e+005  0.94347 0.97348 0.99961   0.00022 0.00010   1.000 0.943 0.954 0.997 
0.03096  1.9607e+005  0.94214 0.97264 0.99958   0.00022 0.00010   1.000 0.942 0.952 0.997 
0.03196  1.9587e+005  0.94080 0.97189 0.99956   0.00022 0.00011   1.000 0.941 0.951 0.997 
0.03295  1.9567e+005  0.93915 0.97117 0.99953   0.00022 0.00012   1.000 0.939 0.950 0.996 
0.03395  1.9547e+005  0.93813 0.97051 0.99951   0.00022 0.00012   1.000 0.938 0.948 0.996 
0.03495  1.9527e+005  0.93680 0.96981 0.99948   0.00021 0.00013   0.999 0.937 0.947 0.996 
0.03595  1.9506e+005  0.93538 0.96911 0.99945   0.00021 0.00014   0.999 0.935 0.946 0.996 
0.03695  1.9486e+005  0.93413 0.96846 0.99942   0.00021 0.00014   0.999 0.934 0.945 0.996 
0.03795  1.9466e+005  0.93303 0.96796 0.99939   0.00021 0.00015   0.999 0.933 0.944 0.996 
0.03894  1.9446e+005  0.93209 0.96720 0.99936   0.00021 0.00016   0.999 0.932 0.942 0.995 
0.03994  1.9426e+005  0.93099 0.96643 0.99933   0.00021 0.00017   0.999 0.931 0.940 0.995 
0.04094  1.9405e+005  0.93020 0.96588 0.99930   0.00021 0.00018   0.999 0.930 0.939 0.995 
0.04194  1.9385e+005  0.92871 0.96513 0.99926   0.00021 0.00018   0.999 0.929 0.938 0.995 
0.04294  1.9365e+005  0.92745 0.96462 0.99923   0.00021 0.00019   0.999 0.927 0.937 0.995 
0.04394  1.9345e+005  0.92620 0.96390 0.99919   0.00021 0.00020   0.999 0.926 0.936 0.994 
0.04493  1.9325e+005  0.92502 0.96319 0.99915   0.00021 0.00021   0.999 0.925 0.934 0.994 
0.04593  1.9304e+005  0.92368 0.96251 0.99912   0.00020 0.00022   0.999 0.924 0.933 0.994 
0.04693  1.9284e+005  0.92258 0.96179 0.99908   0.00020 0.00023   0.999 0.923 0.932 0.994 
0.04793  1.9264e+005  0.92148 0.96113 0.99903   0.00020 0.00024   0.999 0.921 0.930 0.994 
0.04893  1.9244e+005  0.92023 0.96037 0.99899   0.00020 0.00025   0.999 0.920 0.929 0.993 
0.04993  1.9224e+005  0.91842 0.95957 0.99895   0.00020 0.00026   0.999 0.918 0.928 0.993 
0.05092  1.9203e+005  0.91599 0.95865 0.99890   0.00020 0.00027   0.999 0.916 0.927 0.993 
0.05192  1.9183e+005  0.91402 0.95781 0.99886   0.00021 0.00029   0.999 0.914 0.926 0.993 
0.05292  1.9163e+005  0.91120 0.95668 0.99881   0.00021 0.00030   0.999 0.911 0.924 0.992 
0.05392  1.9143e+005  0.90931 0.95570 0.99876   0.00021 0.00031   0.999 0.909 0.922 0.992 
0.05492  1.9123e+005  0.90704 0.95471 0.99871   0.00021 0.00032   0.999 0.907 0.921 0.992 
0.05592  1.9102e+005  0.90476 0.95370 0.99866   0.00021 0.00034   0.999 0.905 0.920 0.992 
0.05691  1.9082e+005  0.90311 0.95295 0.99860   0.00021 0.00035   0.999 0.903 0.919 0.992 
0.05791  1.9062e+005  0.90146 0.95227 0.99855   0.00021 0.00036   0.999 0.901 0.918 0.991 
0.05891  1.9042e+005  0.89981 0.95159 0.99849   0.00021 0.00038   0.998 0.900 0.917 0.991 
0.05991  1.9022e+005  0.89777 0.95081 0.99843   0.00021 0.00039   0.998 0.898 0.916 0.991 
0.06091  1.9001e+005  0.89596 0.95000 0.99837   0.00021 0.00041   0.998 0.896 0.915 0.991 
0.06191  1.8981e+005  0.89424 0.94930 0.99831   0.00021 0.00042   0.998 0.894 0.914 0.990 
0.06290  1.8961e+005  0.89212 0.94840 0.99824   0.00021 0.00044   0.998 0.892 0.913 0.990 
0.06390  1.8941e+005  0.89039 0.94753 0.99818   0.00021 0.00046   0.998 0.890 0.912 0.990 
0.06490  1.8921e+005  0.88850 0.94668 0.99811   0.00021 0.00047   0.998 0.889 0.911 0.990 
0.06590  1.89e+005   0.88591 0.94568 0.99804   0.00021 0.00049   0.998 0.886 0.909 0.989 
0.06690  1.888e+005  0.88332 0.94470 0.99797   0.00021 0.00051   0.998 0.883 0.909 0.989 
0.06790  1.886e+005  0.88065 0.94370 0.99789   0.00021 0.00053   0.998 0.881 0.908 0.989 
0.06889  1.884e+005  0.87555 0.94214 0.99782   0.00022 0.00055   0.998 0.876 0.907 0.988 
0.06989  1.882e+005  0.86212 0.93858 0.99778   0.00023 0.00056   0.998 0.862 0.906 0.988 
0.07089  1.8799e+005  0.84932 0.93530 0.99771   0.00024 0.00057   0.998 0.849 0.906 0.988 
0.07189  1.8779e+005  0.84304 0.93344 0.99763   0.00024 0.00059   0.998 0.843 0.905 0.988 
0.07289  1.8759e+005  0.83809 0.93190 0.99756   0.00024 0.00061   0.998 0.838 0.904 0.988 
0.07389  1.8739e+005  0.83314 0.93023 0.99748   0.00025 0.00063   0.997 0.833 0.903 0.987 
0.07488  1.8719e+005  0.82773 0.92855 0.99739   0.00025 0.00065   0.997 0.828 0.902 0.987 
0.07588  1.8698e+005  0.82286 0.92702 0.99731   0.00025 0.00067   0.997 0.823 0.901 0.987 
0.07688  1.8678e+005  0.81705 0.92516 0.99722   0.00025 0.00069   0.997 0.817 0.900 0.987 
0.07788  1.8658e+005  0.81163 0.92337 0.99714   0.00026 0.00072   0.997 0.812 0.898 0.986 
0.07888  1.8638e+005  0.80621 0.92173 0.99705   0.00026 0.00074   0.997 0.806 0.898 0.986 
0.07988  1.8618e+005  0.80056 0.91987 0.99695   0.00026 0.00076   0.997 0.801 0.896 0.986 
0.08087  1.8597e+005  0.79537 0.91805 0.99686   0.00027 0.00079   0.997 0.795 0.895 0.985 
0.08187  1.8577e+005  0.78980 0.91619 0.99676   0.00027 0.00081   0.997 0.790 0.893 0.985 
0.08287  1.8557e+005  0.78438 0.91433 0.99667   0.00027 0.00083   0.997 0.784 0.892 0.985 
0.08387  1.8537e+005  0.77912 0.91268 0.99657   0.00028 0.00086   0.997 0.779 0.891 0.984 
0.08487  1.8517e+005  0.77394 0.91089 0.99647   0.00028 0.00088   0.996 0.774 0.889 0.984 
0.08587  1.8496e+005  0.76907 0.90920 0.99636   0.00028 0.00091   0.996 0.769 0.888 0.984 
0.08686  1.8476e+005  0.76389 0.90723 0.99626   0.00028 0.00094   0.996 0.764 0.885 0.983 
0.08786  1.8456e+005  0.76012 0.90567 0.99615   0.00029 0.00096   0.996 0.760 0.883 0.983 
0.08886  1.8436e+005  0.75619 0.90408 0.99604   0.00029 0.00099   0.996 0.756 0.881 0.983 
0.08986  1.8416e+005  0.75313 0.90290 0.99593   0.00029 0.00102   0.996 0.753 0.880 0.982 
0.09086  1.8395e+005  0.74983 0.90161 0.99582   0.00029 0.00105   0.996 0.750 0.879 0.982 
0.09186  1.8375e+005  0.74653 0.90018 0.99571   0.00029 0.00108   0.996 0.747 0.877 0.982 
0.09285  1.8355e+005  0.74308 0.89874 0.99559   0.00029 0.00110   0.996 0.743 0.875 0.981 
0.09385  1.8335e+005  0.73986 0.89741 0.99547   0.00029 0.00113   0.995 0.740 0.873 0.981 
0.09485  1.8315e+005  0.73640 0.89614 0.99535   0.00030 0.00116   0.995 0.736 0.872 0.981 
0.09585  1.8294e+005  0.73373 0.89514 0.99523   0.00030 0.00120   0.995 0.734 0.871 0.980 
0.09685  1.8274e+005  0.73075 0.89397 0.99510   0.00030 0.00123   0.995 0.731 0.870 0.980 
0.09785  1.8254e+005  0.72808 0.89294 0.99497   0.00030 0.00126   0.995 0.728 0.869 0.980 
0.09884  1.8234e+005  0.72588 0.89208 0.99484   0.00030 0.00129   0.995 0.726 0.868 0.979 
0.09984  1.8214e+005  0.72400 0.89125 0.99471   0.00029 0.00132   0.995 0.724 0.868 0.979 
0.10084  1.8193e+005  0.72290 0.89068 0.99458   0.00029 0.00136   0.995 0.723 0.867 0.978 
0.10184  1.8173e+005  0.72117 0.88975 0.99444   0.00029 0.00139   0.994 0.721 0.865 0.978 
0.10284  1.8153e+005  0.71991 0.88905 0.99430   0.00029 0.00143   0.994 0.720 0.864 0.978 
0.10384  1.8133e+005  0.71850 0.88842 0.99416   0.00029 0.00146   0.994 0.718 0.864 0.977 
0.10483  1.8113e+005  0.71677 0.88768 0.99402   0.00029 0.00150   0.994 0.717 0.863 0.977 
0.10583  1.8092e+005  0.71504 0.88686 0.99387   0.00029 0.00153   0.994 0.715 0.862 0.976 
0.10683  1.8072e+005  0.71394 0.88623 0.99373   0.00029 0.00157   0.994 0.714 0.861 0.976 
0.10783  1.8052e+005  0.71292 0.88566 0.99358   0.00029 0.00161   0.994 0.713 0.861 0.975 
0.10883  1.8032e+005  0.71175 0.88501 0.99343   0.00029 0.00165   0.993 0.712 0.860 0.975 
0.10983  1.8012e+005  0.71072 0.88426 0.99327   0.00029 0.00169   0.993 0.711 0.859 0.974 
0.11082  1.7991e+005  0.70994 0.88361 0.99312   0.00029 0.00172   0.993 0.710 0.857 0.974 
0.11182  1.7971e+005  0.70915 0.88289 0.99296   0.00029 0.00176   0.993 0.709 0.856 0.974 
0.11282  1.7951e+005  0.70774 0.88217 0.99280   0.00028 0.00180   0.993 0.708 0.855 0.973 
0.11382  1.7931e+005  0.70703 0.88162 0.99264   0.00028 0.00184   0.993 0.707 0.854 0.973 
0.11482  1.7911e+005  0.70609 0.88098 0.99248   0.00028 0.00188   0.992 0.706 0.853 0.972 
0.11582  1.789e+005  0.70546 0.88045 0.99232   0.00028 0.00193   0.992 0.705 0.852 0.972 
0.11681  1.787e+005  0.70476 0.87985 0.99215   0.00028 0.00197   0.992 0.705 0.851 0.971 
0.11781  1.785e+005  0.70350 0.87909 0.99199   0.00028 0.00201   0.992 0.704 0.850 0.971 
0.11881  1.783e+005  0.69950 0.87766 0.99183   0.00028 0.00205   0.992 0.699 0.849 0.970 
0.11981  1.781e+005  0.69683 0.87652 0.99166   0.00028 0.00209   0.992 0.697 0.848 0.970 
0.12081  1.7789e+005  0.69557 0.87577 0.99148   0.00028 0.00214   0.991 0.696 0.847 0.969 
0.12181  1.7769e+005  0.69439 0.87507 0.99131   0.00028 0.00218   0.991 0.694 0.846 0.969 
0.12280  1.7749e+005  0.69329 0.87433 0.99113   0.00028 0.00222   0.991 0.693 0.845 0.968 
0.12380  1.7729e+005  0.69243 0.87370 0.99096   0.00028 0.00227   0.991 0.692 0.844 0.968 
0.12480  1.7709e+005  0.69109 0.87302 0.99078   0.00028 0.00231   0.991 0.691 0.843 0.967 
0.12580  1.7688e+005  0.69015 0.87242 0.99059   0.00028 0.00236   0.991 0.690 0.842 0.967 
0.12680  1.7668e+005  0.68952 0.87185 0.99041   0.00028 0.00241   0.990 0.690 0.841 0.966 
0.12780  1.7648e+005  0.68835 0.87107 0.99022   0.00028 0.00245   0.990 0.688 0.840 0.966 
0.12879  1.7628e+005  0.68646 0.87020 0.99003   0.00028 0.00250   0.990 0.686 0.839 0.965 
0.12979  1.7608e+005  0.68426 0.86922 0.98984   0.00028 0.00255   0.990 0.684 0.838 0.965 
0.13079  1.7587e+005  0.68191 0.86828 0.98965   0.00028 0.00260   0.990 0.682 0.837 0.964 
0.13179  1.7567e+005  0.68034 0.86749 0.98945   0.00028 0.00265   0.989 0.680 0.836 0.964 
0.13279  1.7547e+005  0.67971 0.86682 0.98925   0.00028 0.00270   0.989 0.680 0.835 0.963 
0.13379  1.7527e+005  0.67884 0.86612 0.98905   0.00028 0.00275   0.989 0.679 0.834 0.963 
0.13478  1.7507e+005  0.67798 0.86543 0.98884   0.00028 0.00280   0.989 0.678 0.832 0.962 
0.13578  1.7486e+005  0.67696 0.86468 0.98863   0.00027 0.00285   0.989 0.677 0.831 0.962 
0.13678  1.7466e+005  0.67562 0.86389 0.98842   0.00027 0.00291   0.988 0.676 0.830 0.961 
0.13778  1.7446e+005  0.67429 0.86311 0.98821   0.00027 0.00296   0.988 0.674 0.829 0.961 
0.13878  1.7426e+005  0.67374 0.86253 0.98799   0.00027 0.00302   0.988 0.674 0.828 0.960 
0.13978  1.7406e+005  0.67186 0.86151 0.98777   0.00027 0.00307   0.988 0.672 0.826 0.960 
0.14077  1.7385e+005  0.67091 0.86079 0.98754   0.00027 0.00313   0.988 0.671 0.825 0.959 
0.14177  1.7365e+005  0.66950 0.86007 0.98731   0.00027 0.00319   0.987 0.669 0.825 0.959 
0.14277  1.7345e+005  0.66809 0.85923 0.98708   0.00027 0.00325   0.987 0.668 0.823 0.958 
0.14377  1.7325e+005  0.66604 0.85829 0.98685   0.00027 0.00331   0.987 0.666 0.822 0.958 
0.14477  1.7305e+005  0.66432 0.85744 0.98661   0.00027 0.00337   0.987 0.664 0.821 0.957 
0.14577  1.7284e+005  0.66228 0.85649 0.98637   0.00027 0.00343   0.986 0.662 0.820 0.957 
0.14676  1.7264e+005  0.66047 0.85554 0.98612   0.00027 0.00349   0.986 0.660 0.819 0.956 
0.14776  1.7244e+005  0.65874 0.85451 0.98588   0.00027 0.00355   0.986 0.659 0.818 0.956 
0.14876  1.7224e+005  0.65694 0.85358 0.98563   0.00027 0.00361   0.986 0.657 0.817 0.955 
0.14976  1.7204e+005  0.65537 0.85263 0.98537   0.00027 0.00368   0.985 0.655 0.815 0.955 
0.15076  1.7183e+005  0.65340 0.85160 0.98512   0.00027 0.00374   0.985 0.653 0.814 0.954 
0.15176  1.7163e+005  0.65183 0.85067 0.98486   0.00027 0.00381   0.985 0.652 0.812 0.954 
0.15275  1.7143e+005  0.65026 0.84981 0.98460   0.00027 0.00387   0.985 0.650 0.811 0.953 
0.15375  1.7123e+005  0.64853 0.84891 0.98433   0.00027 0.00394   0.984 0.649 0.810 0.952 
0.15475  1.7103e+005  0.64610 0.84783 0.98406   0.00027 0.00401   0.984 0.646 0.809 0.952 
0.15575  1.7082e+005  0.64421 0.84694 0.98379   0.00027 0.00408   0.984 0.644 0.808 0.951 
0.15675  1.7062e+005  0.64233 0.84603 0.98353   0.00027 0.00414   0.984 0.642 0.807 0.951 
0.15775  1.7042e+005  0.64052 0.84518 0.98325   0.00027 0.00421   0.983 0.641 0.807 0.950 
0.15874  1.7022e+005  0.63825 0.84418 0.98298   0.00027 0.00428   0.983 0.638 0.806 0.950 
0.15974  1.7002e+005  0.63621 0.84316 0.98270   0.00028 0.00435   0.983 0.636 0.805 0.949 
0.16074  1.6981e+005  0.63456 0.84240 0.98241   0.00027 0.00443   0.982 0.635 0.804 0.948 
0.16174  1.6961e+005  0.63259 0.84145 0.98213   0.00027 0.00450   0.982 0.633 0.803 0.948 
0.16274  1.6941e+005  0.63024 0.84047 0.98184   0.00028 0.00457   0.982 0.630 0.802 0.947 
0.16374  1.6921e+005  0.62867 0.83969 0.98155   0.00028 0.00465   0.982 0.629 0.802 0.947 
0.16473  1.6901e+005  0.62655 0.83866 0.98125   0.00028 0.00472   0.981 0.627 0.801 0.946 
0.16573  1.688e+005  0.62466 0.83772 0.98095   0.00028 0.00480   0.981 0.625 0.800 0.946 
0.16673  1.686e+005  0.62238 0.83668 0.98065   0.00028 0.00487   0.981 0.622 0.799 0.945 
0.16773  1.684e+005  0.62089 0.83569 0.98035   0.00028 0.00495   0.980 0.621 0.797 0.944 
0.16873  1.682e+005  0.61956 0.83503 0.98013   0.00028 0.00501   0.980 0.620 0.797 0.944 
0.16973  1.68e+005   0.61791 0.83421 0.97984   0.00028 0.00508   0.980 0.618 0.796 0.943 
0.17072  1.6779e+005  0.61563 0.83312 0.97952   0.00028 0.00516   0.980 0.616 0.795 0.943 
0.17172  1.6759e+005  0.61406 0.83225 0.97921   0.00028 0.00524   0.979 0.614 0.794 0.942 
0.17272  1.6739e+005  0.61186 0.83127 0.97889   0.00028 0.00532   0.979 0.612 0.793 0.941 
0.17372  1.6719e+005  0.60966 0.83019 0.97857   0.00028 0.00540   0.979 0.610 0.792 0.941 
0.17472  1.6699e+005  0.60817 0.82946 0.97829   0.00028 0.00547   0.978 0.608 0.791 0.940 
0.17572  1.6678e+005  0.60660 0.82876 0.97806   0.00028 0.00553   0.978 0.607 0.791 0.940 
0.17671  1.6658e+005  0.60432 0.82781 0.97774   0.00028 0.00561   0.978 0.604 0.790 0.939 
0.17771  1.6638e+005  0.60205 0.82673 0.97741   0.00028 0.00570   0.977 0.602 0.789 0.939 
0.17871  1.6618e+005  0.60016 0.82579 0.97708   0.00028 0.00578   0.977 0.600 0.788 0.938 
0.17971  1.6598e+005  0.59781 0.82464 0.97674   0.00028 0.00587   0.977 0.598 0.787 0.937 
0.18071  1.6577e+005  0.59537 0.82347 0.97640   0.00028 0.00595   0.976 0.595 0.785 0.937 
0.18171  1.6557e+005  0.59310 0.82231 0.97606   0.00028 0.00604   0.976 0.593 0.784 0.936 
0.18270  1.6537e+005  0.59098 0.82127 0.97571   0.00028 0.00613   0.976 0.591 0.783 0.935 
0.18370  1.6517e+005  0.58862 0.82008 0.97536   0.00028 0.00622   0.975 0.589 0.782 0.935 
0.18470  1.6497e+005  0.58626 0.81892 0.97501   0.00028 0.00631   0.975 0.586 0.780 0.934 
0.18570  1.6476e+005  0.58375 0.81769 0.97465   0.00028 0.00640   0.975 0.584 0.779 0.933 
0.18670  1.6456e+005  0.58163 0.81666 0.97438   0.00028 0.00647   0.974 0.582 0.778 0.933 
0.18770  1.6436e+005  0.58045 0.81597 0.97416   0.00028 0.00652   0.974 0.580 0.777 0.932 
0.18869  1.6416e+005  0.57865 0.81506 0.97386   0.00028 0.00660   0.974 0.579 0.776 0.932 
0.18969  1.6396e+005  0.57535 0.81359 0.97350   0.00028 0.00669   0.973 0.575 0.774 0.931 
0.19069  1.6375e+005  0.57378 0.81259 0.97313   0.00028 0.00679   0.973 0.574 0.773 0.931 
0.19169  1.6355e+005  0.57158 0.81142 0.97276   0.00028 0.00688   0.973 0.572 0.771 0.930 
0.19269  1.6335e+005  0.56930 0.81026 0.97240   0.00028 0.00697   0.972 0.569 0.770 0.929 
0.19369  1.6315e+005  0.56750 0.80942 0.97213   0.00028 0.00704   0.972 0.567 0.769 0.929 
0.19468  1.6295e+005  0.56608 0.80874 0.97192   0.00028 0.00710   0.972 0.566 0.769 0.928 
0.19568  1.6274e+005  0.56443 0.80787 0.97159   0.00028 0.00718   0.972 0.564 0.768 0.928 
0.19668  1.6254e+005  0.56278 0.80686 0.97122   0.00028 0.00727   0.971 0.563 0.766 0.927 
0.19768  1.6234e+005  0.56098 0.80584 0.97083   0.00028 0.00737   0.971 0.561 0.765 0.926 
0.19868  1.6214e+005  0.55886 0.80485 0.97044   0.00028 0.00747   0.970 0.559 0.764 0.926 
0.19968  1.6194e+005  0.55760 0.80394 0.97006   0.00028 0.00757   0.970 0.558 0.763 0.925 
0.20067  1.6173e+005  0.55580 0.80283 0.96966   0.00028 0.00767   0.970 0.556 0.762 0.924 
0.20167  1.6153e+005  0.55423 0.80186 0.96926   0.00028 0.00777   0.969 0.554 0.760 0.924 
0.20267  1.6133e+005  0.55211 0.80083 0.96886   0.00028 0.00788   0.969 0.552 0.759 0.923 
0.20367  1.6113e+005  0.55038 0.79991 0.96846   0.00028 0.00798   0.968 0.550 0.759 0.922 
0.20467  1.6093e+005  0.54896 0.79900 0.96806   0.00028 0.00808   0.968 0.549 0.757 0.921 
0.20567  1.6072e+005  0.54747 0.79814 0.96766   0.00028 0.00818   0.968 0.547 0.757 0.921 
0.20666  1.6052e+005  0.54661 0.79756 0.96738   0.00028 0.00826   0.967 0.547 0.756 0.920 
0.20766  1.6032e+005  0.54543 0.79702 0.96716   0.00028 0.00831   0.967 0.545 0.756 0.920 
0.20866  1.6012e+005  0.54496 0.79651 0.96693   0.00028 0.00837   0.967 0.545 0.755 0.919 
0.20966  1.5992e+005  0.54331 0.79555 0.96654   0.00028 0.00847   0.967 0.543 0.754 0.919 
0.21066  1.5971e+005  0.54205 0.79473 0.96614   0.00028 0.00858   0.966 0.542 0.753 0.918 
0.21166  1.5951e+005  0.54064 0.79383 0.96571   0.00028 0.00868   0.966 0.541 0.752 0.917 
0.21265  1.5931e+005  0.53954 0.79303 0.96529   0.00028 0.00879   0.965 0.540 0.751 0.917 
0.21365  1.5911e+005  0.53836 0.79231 0.96492   0.00028 0.00889   0.965 0.538 0.750 0.916 
0.21465  1.5891e+005  0.53679 0.79156 0.96463   0.00028 0.00896   0.965 0.537 0.749 0.915 
0.21565  1.587e+005  0.53609 0.79118 0.96442   0.00028 0.00902   0.964 0.536 0.749 0.915 
0.21665  1.585e+005  0.53554 0.79078 0.96424   0.00028 0.00906   0.964 0.536 0.749 0.915 
0.21765  1.583e+005  0.53436 0.79005 0.96384   0.00028 0.00917   0.964 0.534 0.748 0.914 
0.21864  1.581e+005  0.53318 0.78937 0.96342   0.00028 0.00927   0.963 0.533 0.748 0.913 
0.21964  1.579e+005  0.53153 0.78851 0.96299   0.00028 0.00938   0.963 0.532 0.747 0.913 
0.22064  1.5769e+005  0.52980 0.78750 0.96255   0.00028 0.00950   0.963 0.530 0.746 0.912 
0.22164  1.5749e+005  0.52839 0.78660 0.96210   0.00028 0.00961   0.962 0.528 0.745 0.911 
0.22264  1.5729e+005  0.52729 0.78587 0.96166   0.00028 0.00973   0.962 0.527 0.744 0.910 
0.22364  1.5709e+005  0.52549 0.78475 0.96121   0.00028 0.00984   0.961 0.525 0.743 0.910 
0.22463  1.5689e+005  0.52439 0.78396 0.96075   0.00028 0.00996   0.961 0.524 0.742 0.909 
0.22563  1.5668e+005  0.52313 0.78304 0.96030   0.00028 0.01008   0.960 0.523 0.741 0.908 
0.22663  1.5648e+005  0.52180 0.78212 0.95984   0.00028 0.01019   0.960 0.522 0.740 0.907 
0.22763  1.5628e+005  0.52022 0.78118 0.95946   0.00028 0.01029   0.959 0.520 0.738 0.907 
0.22863  1.5608e+005  0.51936 0.78060 0.95915   0.00028 0.01037   0.959 0.519 0.738 0.906 
0.22963  1.5588e+005  0.51858 0.78006 0.95888   0.00028 0.01044   0.959 0.519 0.737 0.906 
0.23062  1.5567e+005  0.51834 0.77977 0.95871   0.00028 0.01049   0.959 0.518 0.737 0.905 
0.23162  1.5547e+005  0.51771 0.77937 0.95850   0.00028 0.01054   0.959 0.518 0.736 0.905 
0.23262  1.5527e+005  0.51646 0.77851 0.95805   0.00028 0.01066   0.958 0.516 0.735 0.904 
0.23362  1.5507e+005  0.51488 0.77759 0.95762   0.00028 0.01077   0.958 0.515 0.734 0.903 
0.23462  1.5487e+005  0.51347 0.77668 0.95714   0.00028 0.01089   0.957 0.513 0.733 0.903 
0.23562  1.5466e+005  0.51222 0.77582 0.95667   0.00028 0.01101   0.957 0.512 0.732 0.902 
0.23661  1.5446e+005  0.51135 0.77526 0.95635   0.00028 0.01110   0.956 0.511 0.732 0.901 
0.23761  1.5426e+005  0.51080 0.77483 0.95607   0.00028 0.01117   0.956 0.511 0.732 0.901 
0.23861  1.5406e+005  0.50994 0.77435 0.95580   0.00028 0.01124   0.956 0.510 0.731 0.900 
0.23961  1.5386e+005  0.50915 0.77388 0.95561   0.00028 0.01129   0.956 0.509 0.731 0.900 
0.24061  1.5365e+005  0.50892 0.77357 0.95544   0.00028 0.01133   0.955 0.509 0.730 0.900 
0.24161  1.5345e+005  0.50703 0.77261 0.95499   0.00028 0.01145   0.955 0.507 0.729 0.899 
0.24260  1.5325e+005  0.50609 0.77178 0.95456   0.00028 0.01156   0.955 0.506 0.728 0.898 
0.24360  1.5305e+005  0.50491 0.77091 0.95409   0.00028 0.01168   0.954 0.505 0.727 0.897 
0.24460  1.5285e+005  0.50342 0.77001 0.95360   0.00028 0.01181   0.954 0.503 0.726 0.897 
0.24560  1.5264e+005  0.50161 0.76902 0.95311   0.00028 0.01194   0.953 0.502 0.725 0.896 
0.24660  1.5244e+005  0.50028 0.76815 0.95261   0.00028 0.01206   0.953 0.500 0.725 0.895 
0.24760  1.5224e+005  0.49942 0.76734 0.95211   0.00028 0.01219   0.952 0.499 0.724 0.894 
0.24859  1.5204e+005  0.49800 0.76636 0.95160   0.00028 0.01233   0.952 0.498 0.722 0.894 
0.24959  1.5184e+005  0.49651 0.76547 0.95110   0.00028 0.01246   0.951 0.497 0.722 0.893 
0.25059  1.5163e+005  0.49533 0.76459 0.95060   0.00028 0.01259   0.951 0.495 0.720 0.892 
0.25159  1.5143e+005  0.49478 0.76400 0.95021   0.00028 0.01269   0.950 0.495 0.720 0.891 
0.25259  1.5123e+005  0.49447 0.76358 0.94995   0.00028 0.01275   0.950 0.494 0.719 0.891 
0.25359  1.5103e+005  0.49376 0.76310 0.94971   0.00028 0.01282   0.950 0.494 0.719 0.890 
0.25458  1.5083e+005  0.49313 0.76267 0.94948   0.00028 0.01288   0.949 0.493 0.718 0.890 
0.25558  1.5062e+005  0.49290 0.76241 0.94928   0.00028 0.01293   0.949 0.493 0.718 0.890 
0.25658  1.5042e+005  0.49219 0.76207 0.94909   0.00028 0.01298   0.949 0.492 0.718 0.889 
0.25758  1.5022e+005  0.49148 0.76142 0.94865   0.00027 0.01309   0.949 0.491 0.717 0.889 
0.25858  1.5002e+005  0.49039 0.76061 0.94815   0.00027 0.01322   0.948 0.490 0.716 0.888 
0.25958  1.4982e+005  0.48929 0.75991 0.94766   0.00027 0.01335   0.948 0.489 0.716 0.887 
0.26057  1.4961e+005  0.48724 0.75895 0.94715   0.00027 0.01348   0.947 0.487 0.715 0.886 
0.26157  1.4941e+005  0.48622 0.75815 0.94662   0.00027 0.01362   0.947 0.486 0.714 0.885 
0.26257  1.4921e+005  0.48560 0.75744 0.94610   0.00027 0.01376   0.946 0.486 0.714 0.885 
0.26357  1.4901e+005  0.48489 0.75698 0.94577   0.00027 0.01384   0.946 0.485 0.713 0.884 
0.26457  1.4881e+005  0.48457 0.75663 0.94551   0.00027 0.01391   0.946 0.485 0.713 0.884 
0.26557  1.486e+005  0.48434 0.75641 0.94534   0.00027 0.01395   0.945 0.484 0.713 0.883 
0.26656  1.484e+005  0.48395 0.75604 0.94513   0.00027 0.01401   0.945 0.484 0.712 0.883 
0.26756  1.482e+005  0.48355 0.75573 0.94493   0.00027 0.01406   0.945 0.484 0.712 0.882 
0.26856  1.48e+005   0.48316 0.75521 0.94457   0.00027 0.01415   0.945 0.483 0.711 0.882 
0.26956  1.478e+005  0.48261 0.75456 0.94405   0.00027 0.01429   0.944 0.483 0.710 0.881 
0.27056  1.4759e+005  0.48214 0.75389 0.94355   0.00027 0.01442   0.944 0.482 0.710 0.880 
0.27156  1.4739e+005  0.48151 0.75331 0.94302   0.00027 0.01456   0.943 0.482 0.709 0.879 
0.27255  1.4719e+005  0.48073 0.75254 0.94247   0.00027 0.01470   0.942 0.481 0.708 0.879 
0.27355  1.4699e+005  0.48041 0.75171 0.94192   0.00027 0.01485   0.942 0.480 0.707 0.878 
0.27455  1.4679e+005  0.47955 0.75105 0.94137   0.00027 0.01499   0.941 0.480 0.706 0.877 
0.27555  1.4658e+005  0.47884 0.75041 0.94082   0.00027 0.01513   0.941 0.479 0.706 0.876 
0.27655  1.4638e+005  0.47829 0.74972 0.94027   0.00027 0.01528   0.940 0.478 0.705 0.875 
0.27755  1.4618e+005  0.47759 0.74898 0.93971   0.00027 0.01543   0.940 0.478 0.704 0.874 
0.27854  1.4598e+005  0.47719 0.74834 0.93915   0.00027 0.01557   0.939 0.477 0.703 0.874 
0.27954  1.4578e+005  0.47602 0.74746 0.93859   0.00027 0.01572   0.939 0.476 0.703 0.873 
0.28054  1.4557e+005  0.47554 0.74691 0.93807   0.00027 0.01586   0.938 0.476 0.702 0.872 
0.28154  1.4537e+005  0.47492 0.74628 0.93760   0.00027 0.01598   0.938 0.475 0.701 0.871 
0.28254  1.4517e+005  0.47476 0.74592 0.93730   0.00027 0.01606   0.937 0.475 0.701 0.871 
0.28354  1.4497e+005  0.47444 0.74558 0.93709   0.00027 0.01611   0.937 0.474 0.700 0.870 
0.28453  1.4477e+005  0.47413 0.74528 0.93684   0.00027 0.01618   0.937 0.474 0.700 0.870 
0.28553  1.4456e+005  0.47382 0.74491 0.93653   0.00027 0.01626   0.937 0.474 0.700 0.869 
0.28653  1.4436e+005  0.47350 0.74442 0.93614   0.00027 0.01636   0.936 0.474 0.699 0.869 
0.28753  1.4416e+005  0.47287 0.74375 0.93569   0.00027 0.01648   0.936 0.473 0.698 0.868 
0.28853  1.4396e+005  0.47193 0.74300 0.93516   0.00027 0.01662   0.935 0.472 0.698 0.867 
0.28953  1.4376e+005  0.47091 0.74224 0.93460   0.00027 0.01677   0.935 0.471 0.697 0.866 
0.29052  1.4355e+005  0.47028 0.74153 0.93402   0.00027 0.01692   0.934 0.470 0.696 0.866 
0.29152  1.4335e+005  0.46950 0.74068 0.93346   0.00027 0.01707   0.933 0.469 0.695 0.865 
0.29252  1.4315e+005  0.46887 0.73993 0.93293   0.00027 0.01721   0.933 0.469 0.694 0.864 
0.29352  1.4295e+005  0.46832 0.73942 0.93252   0.00027 0.01731   0.933 0.468 0.694 0.863 
0.29452  1.4275e+005  0.46816 0.73901 0.93220   0.00027 0.01740   0.932 0.468 0.693 0.863 
0.29552  1.4254e+005  0.46738 0.73844 0.93181   0.00027 0.01750   0.932 0.467 0.692 0.862 
0.29651  1.4234e+005  0.46675 0.73791 0.93140   0.00026 0.01761   0.931 0.467 0.692 0.862 
0.29751  1.4214e+005  0.46651 0.73747 0.93107   0.00026 0.01770   0.931 0.467 0.691 0.861 
0.29851  1.4194e+005  0.46604 0.73699 0.93065   0.00026 0.01781   0.931 0.466 0.691 0.860 
0.29951  1.4174e+005  0.46518 0.73638 0.93021   0.00026 0.01792   0.930 0.465 0.690 0.860 
0.30051  1.4153e+005  0.46455 0.73568 0.92969   0.00026 0.01806   0.930 0.465 0.690 0.859 
0.30151  1.4133e+005  0.46377 0.73500 0.92910   0.00026 0.01822   0.929 0.464 0.689 0.858 
0.30250  1.4113e+005  0.46306 0.73427 0.92853   0.00026 0.01837   0.929 0.463 0.688 0.857 
0.30350  1.4093e+005  0.46204 0.73351 0.92793   0.00026 0.01853   0.928 0.462 0.688 0.856 
0.30450  1.4073e+005  0.46141 0.73273 0.92733   0.00026 0.01868   0.927 0.461 0.687 0.855 
0.30550  1.4052e+005  0.46078 0.73190 0.92673   0.00026 0.01884   0.927 0.461 0.686 0.855 
0.30650  1.4032e+005  0.45984 0.73105 0.92613   0.00026 0.01900   0.926 0.460 0.685 0.854 
0.30750  1.4012e+005  0.45890 0.73032 0.92552   0.00026 0.01916   0.926 0.459 0.684 0.853 
0.30849  1.3992e+005  0.45803 0.72945 0.92492   0.00026 0.01932   0.925 0.458 0.683 0.852 
0.30949  1.3972e+005  0.45748 0.72869 0.92432   0.00026 0.01948   0.924 0.457 0.682 0.851 
0.31049  1.3951e+005  0.45662 0.72788 0.92373   0.00026 0.01964   0.924 0.457 0.681 0.850 
0.31149  1.3931e+005  0.45591 0.72704 0.92317   0.00026 0.01979   0.923 0.456 0.680 0.849 
0.31249  1.3911e+005  0.45505 0.72630 0.92266   0.00026 0.01992   0.923 0.455 0.679 0.849 
0.31349  1.3891e+005  0.45419 0.72561 0.92225   0.00026 0.02003   0.922 0.454 0.678 0.848 
0.31448  1.3871e+005  0.45316 0.72494 0.92180   0.00026 0.02015   0.922 0.453 0.678 0.847 
0.31548  1.385e+005  0.45261 0.72444 0.92131   0.00026 0.02028   0.921 0.453 0.677 0.846 
0.31648  1.383e+005  0.45222 0.72391 0.92082   0.00026 0.02041   0.921 0.452 0.677 0.846 
0.31748  1.381e+005  0.45175 0.72338 0.92033   0.00026 0.02054   0.920 0.452 0.676 0.845 
0.31848  1.379e+005  0.45128 0.72284 0.91982   0.00026 0.02068   0.920 0.451 0.676 0.844 
0.31948  1.377e+005  0.45057 0.72227 0.91932   0.00026 0.02081   0.919 0.451 0.676 0.844 
0.32047  1.3749e+005  0.45018 0.72177 0.91879   0.00026 0.02095   0.919 0.450 0.675 0.843 
0.32147  1.3729e+005  0.44947 0.72106 0.91821   0.00026 0.02111   0.918 0.449 0.675 0.842 
0.32247  1.3709e+005  0.44837 0.72038 0.91761   0.00026 0.02127   0.918 0.448 0.675 0.841 
0.32347  1.3689e+005  0.44728 0.71957 0.91702   0.00026 0.02142   0.917 0.447 0.674 0.840 
0.32447  1.3669e+005  0.44618 0.71873 0.91645   0.00026 0.02158   0.916 0.446 0.673 0.839 
0.32547  1.3648e+005  0.44523 0.71807 0.91596   0.00026 0.02171   0.916 0.445 0.672 0.839 
0.32646  1.3628e+005  0.44421 0.71733 0.91550   0.00026 0.02183   0.915 0.444 0.672 0.838 
0.32746  1.3608e+005  0.44343 0.71663 0.91497   0.00026 0.02197   0.915 0.443 0.671 0.837 
0.32846  1.3588e+005  0.44186 0.71570 0.91443   0.00026 0.02212   0.914 0.442 0.670 0.836 
0.32946  1.3568e+005  0.44052 0.71477 0.91390   0.00026 0.02226   0.914 0.441 0.669 0.836 
0.33046  1.3547e+005  0.43950 0.71405 0.91338   0.00026 0.02240   0.913 0.440 0.669 0.835 
0.33146  1.3527e+005  0.43770 0.71314 0.91285   0.00026 0.02254   0.913 0.438 0.668 0.834 
0.33245  1.3507e+005  0.43558 0.71212 0.91233   0.00026 0.02268   0.912 0.436 0.667 0.833 
0.33345  1.3487e+005  0.43338 0.71101 0.91178   0.00026 0.02282   0.912 0.433 0.666 0.832 
0.33445  1.3467e+005  0.43157 0.71002 0.91120   0.00026 0.02298   0.911 0.432 0.666 0.832 
0.33545  1.3446e+005  0.42929 0.70882 0.91055   0.00026 0.02315   0.911 0.429 0.665 0.831 
0.33645  1.3426e+005  0.42757 0.70778 0.90991   0.00026 0.02333   0.910 0.428 0.664 0.830 
0.33745  1.3406e+005  0.42545 0.70674 0.90927   0.00026 0.02350   0.909 0.425 0.663 0.829 
0.33844  1.3386e+005  0.42340 0.70567 0.90862   0.00027 0.02367   0.909 0.423 0.663 0.828 
0.33944  1.3366e+005  0.42089 0.70437 0.90797   0.00027 0.02385   0.908 0.421 0.662 0.827 
0.34044  1.3345e+005  0.41791 0.70294 0.90732   0.00027 0.02402   0.907 0.418 0.660 0.826 
0.34144  1.3325e+005  0.41681 0.70199 0.90667   0.00027 0.02420   0.907 0.417 0.659 0.825 
0.34244  1.3305e+005  0.41626 0.70122 0.90608   0.00027 0.02435   0.906 0.416 0.658 0.824 
0.34344  1.3285e+005  0.41555 0.70064 0.90560   0.00027 0.02448   0.906 0.416 0.658 0.824 
0.34443  1.3265e+005  0.41492 0.69993 0.90508   0.00027 0.02462   0.905 0.415 0.657 0.823 
0.34543  1.3244e+005  0.41430 0.69915 0.90456   0.00027 0.02477   0.905 0.414 0.656 0.822 
0.34643  1.3224e+005  0.41351 0.69838 0.90402   0.00027 0.02491   0.904 0.414 0.655 0.821 
0.34743  1.3204e+005  0.41288 0.69773 0.90347   0.00027 0.02506   0.903 0.413 0.654 0.821 
0.34843  1.3184e+005  0.41225 0.69714 0.90295   0.00027 0.02520   0.903 0.412 0.654 0.820 
0.34943  1.3164e+005  0.41178 0.69657 0.90243   0.00027 0.02534   0.902 0.412 0.653 0.819 
0.35042  1.3143e+005  0.41115 0.69596 0.90187   0.00027 0.02549   0.902 0.411 0.653 0.818 
0.35142  1.3123e+005  0.41060 0.69542 0.90133   0.00027 0.02564   0.901 0.411 0.652 0.817 
0.35242  1.3103e+005  0.40998 0.69490 0.90080   0.00027 0.02578   0.901 0.410 0.652 0.817 
0.35342  1.3083e+005  0.40935 0.69427 0.90023   0.00027 0.02593   0.900 0.409 0.652 0.816 
0.35442  1.3063e+005  0.40856 0.69358 0.89965   0.00027 0.02609   0.900 0.409 0.651 0.815 
0.35542  1.3042e+005  0.40809 0.69286 0.89909   0.00027 0.02624   0.899 0.408 0.650 0.814 
0.35641  1.3022e+005  0.40746 0.69226 0.89855   0.00027 0.02639   0.899 0.407 0.650 0.813 
0.35741  1.3002e+005  0.40715 0.69176 0.89802   0.00027 0.02653   0.898 0.407 0.649 0.813 
0.35841  1.2982e+005  0.40636 0.69112 0.89748   0.00026 0.02668   0.897 0.406 0.649 0.812 
0.35941  1.2962e+005  0.40542 0.69042 0.89688   0.00026 0.02684   0.897 0.405 0.648 0.811 
0.36041  1.2941e+005  0.40464 0.68957 0.89620   0.00027 0.02702   0.896 0.405 0.647 0.810 
0.36141  1.2921e+005  0.40401 0.68882 0.89551   0.00027 0.02721   0.896 0.404 0.647 0.809 
0.36240  1.2901e+005  0.40346 0.68813 0.89481   0.00026 0.02740   0.895 0.403 0.646 0.808 
0.36340  1.2881e+005  0.40220 0.68718 0.89411   0.00027 0.02759   0.894 0.402 0.645 0.807 
0.36440  1.2861e+005  0.40173 0.68652 0.89344   0.00027 0.02778   0.893 0.402 0.645 0.806 
0.36540  1.284e+005  0.40095 0.68584 0.89288   0.00026 0.02793   0.893 0.401 0.644 0.805 
0.36640  1.282e+005  0.40032 0.68528 0.89230   0.00026 0.02809   0.892 0.400 0.644 0.805 
0.36740  1.28e+005   0.39977 0.68461 0.89168   0.00026 0.02825   0.892 0.400 0.643 0.804 
0.36839  1.278e+005  0.39906 0.68391 0.89113   0.00026 0.02840   0.891 0.399 0.643 0.803 
0.36939  1.276e+005  0.39851 0.68331 0.89061   0.00026 0.02855   0.891 0.399 0.642 0.802 
0.37039  1.2739e+005  0.39741 0.68253 0.89007   0.00026 0.02870   0.890 0.397 0.641 0.801 
0.37139  1.2719e+005  0.39639 0.68175 0.88943   0.00026 0.02887   0.889 0.396 0.641 0.800 
0.37239  1.2699e+005  0.39592 0.68122 0.88886   0.00026 0.02902   0.889 0.396 0.640 0.800 
0.37339  1.2679e+005  0.39529 0.68065 0.88826   0.00026 0.02919   0.888 0.395 0.640 0.799 
0.37438  1.2659e+005  0.39466 0.67994 0.88763   0.00026 0.02936   0.888 0.395 0.640 0.798 
0.37538  1.2638e+005  0.39356 0.67916 0.88703   0.00026 0.02953   0.887 0.394 0.639 0.797 
0.37638  1.2618e+005  0.39270 0.67844 0.88643   0.00026 0.02969   0.886 0.393 0.638 0.796 
0.37738  1.2598e+005  0.39215 0.67785 0.88581   0.00026 0.02986   0.886 0.392 0.638 0.795 
0.37838  1.2578e+005  0.39129 0.67713 0.88524   0.00026 0.03001   0.885 0.391 0.637 0.795 
0.37938  1.2558e+005  0.39066 0.67647 0.88467   0.00026 0.03017   0.885 0.391 0.637 0.794 
0.38037  1.2537e+005  0.39011 0.67580 0.88408   0.00026 0.03033   0.884 0.390 0.636 0.793 
0.38137  1.2517e+005  0.38925 0.67507 0.88342   0.00026 0.03051   0.883 0.389 0.636 0.792 
0.38237  1.2497e+005  0.38822 0.67418 0.88268   0.00026 0.03072   0.883 0.388 0.635 0.791 
0.38337  1.2477e+005  0.38760 0.67332 0.88194   0.00026 0.03092   0.882 0.388 0.634 0.790 
0.38437  1.2457e+005  0.38673 0.67252 0.88119   0.00026 0.03113   0.881 0.387 0.633 0.789 
0.38537  1.2436e+005  0.38603 0.67176 0.88056   0.00026 0.03130   0.881 0.386 0.632 0.788 
0.38636  1.2416e+005  0.38501 0.67093 0.87987   0.00026 0.03149   0.880 0.385 0.632 0.787 
0.38736  1.2396e+005  0.38461 0.67034 0.87934   0.00026 0.03163   0.879 0.385 0.631 0.786 
0.38836  1.2376e+005  0.38383 0.66969 0.87873   0.00026 0.03180   0.879 0.384 0.631 0.786 
0.38936  1.2356e+005  0.38273 0.66878 0.87803   0.00026 0.03199   0.878 0.383 0.630 0.785 
0.39036  1.2335e+005  0.38210 0.66804 0.87736   0.00026 0.03218   0.877 0.382 0.629 0.784 
0.39136  1.2315e+005  0.38116 0.66709 0.87672   0.00026 0.03236   0.877 0.381 0.628 0.783 
0.39235  1.2295e+005  0.38053 0.66630 0.87604   0.00026 0.03255   0.876 0.381 0.627 0.782 
0.39335  1.2275e+005  0.37959 0.66543 0.87533   0.00026 0.03274   0.875 0.380 0.626 0.781 
0.39435  1.2255e+005  0.37888 0.66478 0.87473   0.00026 0.03291   0.875 0.379 0.625 0.780 
0.39535  1.2234e+005  0.37833 0.66413 0.87409   0.00026 0.03308   0.874 0.378 0.625 0.779 
0.39635  1.2214e+005  0.37731 0.66338 0.87346   0.00026 0.03326   0.873 0.377 0.624 0.778 
0.39735  1.2194e+005  0.37652 0.66267 0.87283   0.00026 0.03343   0.873 0.377 0.624 0.777 
0.39834  1.2174e+005  0.37558 0.66193 0.87219   0.00026 0.03361   0.872 0.376 0.623 0.777 
0.39934  1.2154e+005  0.37480 0.66119 0.87151   0.00026 0.03380   0.872 0.375 0.623 0.776 
0.40034  1.2133e+005  0.37393 0.66023 0.87074   0.00026 0.03401   0.871 0.374 0.622 0.775 
0.40134  1.2113e+005  0.37268 0.65917 0.86996   0.00027 0.03423   0.870 0.373 0.620 0.774 
0.40234  1.2093e+005  0.37166 0.65831 0.86916   0.00027 0.03445   0.869 0.372 0.620 0.773 
0.40334  1.2073e+005  0.37103 0.65774 0.86866   0.00027 0.03459   0.869 0.371 0.619 0.772 
0.40433  1.2053e+005  0.36985 0.65667 0.86789   0.00027 0.03480   0.868 0.370 0.618 0.771 
0.40533  1.2032e+005  0.36906 0.65594 0.86722   0.00027 0.03499   0.867 0.369 0.618 0.770 
0.40633  1.2012e+005  0.36773 0.65501 0.86648   0.00027 0.03519   0.866 0.368 0.617 0.769 
0.40733  1.1992e+005  0.36663 0.65405 0.86576   0.00027 0.03540   0.866 0.367 0.616 0.768 
0.40833  1.1972e+005  0.36561 0.65317 0.86507   0.00027 0.03559   0.865 0.366 0.615 0.767 
0.40933  1.1952e+005  0.36451 0.65229 0.86440   0.00027 0.03578   0.864 0.365 0.614 0.766 
0.41032  1.1931e+005  0.36333 0.65144 0.86368   0.00027 0.03597   0.864 0.363 0.614 0.765 
0.41132  1.1911e+005  0.36263 0.65073 0.86298   0.00027 0.03617   0.863 0.363 0.613 0.764 
0.41232  1.1891e+005  0.36153 0.64988 0.86228   0.00027 0.03637   0.862 0.362 0.612 0.763 
0.41332  1.1871e+005  0.36003 0.64883 0.86157   0.00027 0.03656   0.862 0.360 0.611 0.762 
0.41432  1.1851e+005  0.35909 0.64803 0.86091   0.00027 0.03675   0.861 0.359 0.611 0.761 
0.41531  1.183e+005  0.35760 0.64712 0.86024   0.00027 0.03694   0.860 0.358 0.610 0.760 
0.41631  1.181e+005  0.35674 0.64633 0.85952   0.00027 0.03714   0.860 0.357 0.610 0.760 
0.41731  1.179e+005  0.35532 0.64515 0.85871   0.00027 0.03736   0.859 0.355 0.608 0.758 
0.41831  1.177e+005  0.35422 0.64421 0.85788   0.00027 0.03760   0.858 0.354 0.607 0.757 
0.41931  1.175e+005  0.35320 0.64338 0.85728   0.00027 0.03777   0.857 0.353 0.606 0.757 
0.42031  1.1729e+005  0.35218 0.64249 0.85652   0.00027 0.03798   0.857 0.352 0.606 0.756 
0.42130  1.1709e+005  0.35116 0.64157 0.85578   0.00027 0.03819   0.856 0.351 0.605 0.755 
0.42230  1.1689e+005  0.35022 0.64080 0.85504   0.00027 0.03840   0.855 0.350 0.604 0.754 
0.42330  1.1669e+005  0.34936 0.63998 0.85426   0.00027 0.03862   0.854 0.349 0.604 0.753 
0.42430  1.1649e+005  0.34865 0.63925 0.85355   0.00027 0.03881   0.854 0.349 0.603 0.752 
0.42530  1.1628e+005  0.34731 0.63826 0.85279   0.00027 0.03903   0.853 0.347 0.602 0.751 
0.42630  1.1608e+005  0.34637 0.63729 0.85204   0.00027 0.03924   0.852 0.346 0.601 0.750 
0.42729  1.1588e+005  0.34519 0.63652 0.85137   0.00027 0.03943   0.851 0.345 0.601 0.749 
0.42829  1.1568e+005  0.34417 0.63568 0.85064   0.00027 0.03963   0.851 0.344 0.600 0.748 
0.42929  1.1548e+005  0.34292 0.63481 0.84996   0.00027 0.03983   0.850 0.343 0.600 0.747 
0.43029  1.1527e+005  0.34229 0.63405 0.84928   0.00027 0.04002   0.849 0.342 0.599 0.746 
0.43129  1.1507e+005  0.34119 0.63304 0.84853   0.00027 0.04023   0.849 0.341 0.597 0.745 
0.43229  1.1487e+005  0.34001 0.63214 0.84778   0.00027 0.04044   0.848 0.340 0.597 0.744 
0.43328  1.1467e+005  0.33820 0.63103 0.84699   0.00027 0.04067   0.847 0.338 0.596 0.743 
0.43428  1.1447e+005  0.33718 0.63017 0.84620   0.00027 0.04089   0.846 0.337 0.595 0.742 
0.43528  1.1426e+005  0.33593 0.62926 0.84546   0.00027 0.04110   0.845 0.336 0.595 0.741 
0.43628  1.1406e+005  0.33444 0.62829 0.84471   0.00027 0.04131   0.845 0.334 0.594 0.740 
0.43728  1.1386e+005  0.33271 0.62734 0.84395   0.00027 0.04153   0.844 0.333 0.594 0.739 
0.43828  1.1366e+005  0.33059 0.62619 0.84315   0.00027 0.04176   0.843 0.331 0.593 0.738 
0.43927  1.1346e+005  0.32862 0.62501 0.84238   0.00027 0.04197   0.842 0.329 0.592 0.737 
0.44027  1.1325e+005  0.32737 0.62405 0.84163   0.00027 0.04219   0.842 0.327 0.591 0.736 
0.44127  1.1305e+005  0.32533 0.62304 0.84092   0.00027 0.04239   0.841 0.325 0.591 0.735 
0.44227  1.1285e+005  0.32368 0.62198 0.84017   0.00027 0.04260   0.840 0.324 0.590 0.734 
0.44327  1.1265e+005  0.32219 0.62102 0.83939   0.00027 0.04283   0.839 0.322 0.589 0.733 
0.44427  1.1245e+005  0.32046 0.61990 0.83861   0.00027 0.04305   0.839 0.320 0.588 0.732 
0.44526  1.1224e+005  0.31936 0.61911 0.83793   0.00027 0.04324   0.838 0.319 0.588 0.731 
0.44626  1.1204e+005  0.31763 0.61796 0.83713   0.00028 0.04347   0.837 0.318 0.587 0.730 
0.44726  1.1184e+005  0.31583 0.61685 0.83637   0.00028 0.04369   0.836 0.316 0.586 0.729 
0.44826  1.1164e+005  0.31418 0.61580 0.83561   0.00028 0.04391   0.836 0.314 0.585 0.728 
0.44926  1.1144e+005  0.31253 0.61474 0.83488   0.00028 0.04412   0.835 0.313 0.584 0.727 
0.45026  1.1123e+005  0.31096 0.61387 0.83422   0.00028 0.04430   0.834 0.311 0.584 0.726 
0.45125  1.1103e+005  0.30860 0.61259 0.83337   0.00028 0.04455   0.833 0.309 0.583 0.725 
0.45225  1.1083e+005  0.30680 0.61152 0.83259   0.00028 0.04477   0.833 0.307 0.582 0.724 
0.45325  1.1063e+005  0.30507 0.61045 0.83180   0.00028 0.04500   0.832 0.305 0.582 0.723 
0.45425  1.1043e+005  0.30365 0.60944 0.83101   0.00028 0.04522   0.831 0.304 0.581 0.722 
0.45525  1.1022e+005  0.30161 0.60835 0.83020   0.00028 0.04546   0.830 0.302 0.580 0.721 
0.45625  1.1002e+005  0.29996 0.60723 0.82938   0.00028 0.04569   0.829 0.300 0.579 0.720 
0.45724  1.0982e+005  0.29855 0.60625 0.82862   0.00028 0.04591   0.829 0.299 0.579 0.719 
0.45824  1.0962e+005  0.29682 0.60507 0.82779   0.00028 0.04615   0.828 0.297 0.577 0.718 
0.45924  1.0942e+005  0.29572 0.60406 0.82696   0.00028 0.04639   0.827 0.296 0.576 0.717 
0.46024  1.0921e+005  0.29337 0.60279 0.82614   0.00028 0.04663   0.826 0.293 0.576 0.716 
0.46124  1.0901e+005  0.29180 0.60161 0.82533   0.00028 0.04686   0.825 0.292 0.574 0.715 
0.46224  1.0881e+005  0.29038 0.60059 0.82451   0.00028 0.04710   0.825 0.290 0.573 0.714 
0.46323  1.0861e+005  0.28897 0.59950 0.82367   0.00028 0.04734   0.824 0.289 0.572 0.713 
0.46423  1.0841e+005  0.28748 0.59851 0.82286   0.00028 0.04757   0.823 0.287 0.572 0.712 
0.46523  1.082e+005  0.28614 0.59757 0.82204   0.00028 0.04781   0.822 0.286 0.571 0.711 
0.46623  1.08e+005   0.28512 0.59672 0.82123   0.00028 0.04804   0.821 0.285 0.571 0.710 
0.46723  1.078e+005  0.28426 0.59596 0.82046   0.00028 0.04827   0.820 0.284 0.570 0.709 
0.46823  1.076e+005  0.28324 0.59517 0.81967   0.00028 0.04850   0.820 0.283 0.570 0.708 
0.46922  1.074e+005  0.28222 0.59425 0.81881   0.00028 0.04875   0.819 0.282 0.569 0.707 
0.47022  1.0719e+005  0.28120 0.59340 0.81800   0.00028 0.04898   0.818 0.281 0.569 0.706 
0.47122  1.0699e+005  0.28033 0.59266 0.81721   0.00028 0.04921   0.817 0.280 0.568 0.705 
0.47222  1.0679e+005  0.27931 0.59165 0.81634   0.00028 0.04947   0.816 0.279 0.567 0.704 
0.47322  1.0659e+005  0.27837 0.59083 0.81552   0.00028 0.04970   0.816 0.278 0.567 0.703 
0.47422  1.0639e+005  0.27774 0.58991 0.81464   0.00028 0.04996   0.815 0.278 0.566 0.702 
0.47521  1.0618e+005  0.27703 0.58901 0.81379   0.00028 0.05021   0.814 0.277 0.565 0.701 
0.47621  1.0598e+005  0.27625 0.58817 0.81289   0.00028 0.05047   0.813 0.276 0.564 0.699 
0.47721  1.0578e+005  0.27539 0.58730 0.81202   0.00028 0.05073   0.812 0.275 0.563 0.698 
0.47821  1.0558e+005  0.27476 0.58652 0.81112   0.00028 0.05099   0.811 0.275 0.563 0.697 
0.47921  1.0538e+005  0.27444 0.58573 0.81026   0.00028 0.05124   0.810 0.274 0.562 0.696 
0.48021  1.0517e+005  0.27421 0.58502 0.80945   0.00028 0.05148   0.809 0.274 0.561 0.695 
0.48120  1.0497e+005  0.27374 0.58423 0.80859   0.00028 0.05173   0.809 0.274 0.561 0.694 
0.48220  1.0477e+005  0.27342 0.58349 0.80769   0.00028 0.05199   0.808 0.273 0.560 0.693 
0.48320  1.0457e+005  0.27311 0.58274 0.80681   0.00028 0.05225   0.807 0.273 0.559 0.692 
0.48420  1.0437e+005  0.27264 0.58193 0.80596   0.00028 0.05250   0.806 0.273 0.558 0.691 
0.48520  1.0416e+005  0.27232 0.58116 0.80505   0.00028 0.05277   0.805 0.272 0.558 0.690 
0.48620  1.0396e+005  0.27193 0.58044 0.80414   0.00028 0.05304   0.804 0.272 0.557 0.689 
0.48719  1.0376e+005  0.27162 0.57967 0.80321   0.00028 0.05331   0.803 0.272 0.556 0.687 
0.48819  1.0356e+005  0.27107 0.57887 0.80231   0.00028 0.05358   0.802 0.271 0.556 0.686 
0.48919  1.0336e+005  0.27099 0.57818 0.80137   0.00028 0.05385   0.801 0.271 0.555 0.685 
0.49019  1.0315e+005  0.27083 0.57753 0.80054   0.00028 0.05410   0.801 0.271 0.555 0.684 
0.49119  1.0295e+005  0.27052 0.57687 0.79968   0.00028 0.05435   0.800 0.271 0.554 0.683 
0.49219  1.0275e+005  0.27036 0.57612 0.79876   0.00028 0.05463   0.799 0.270 0.553 0.682 
0.49318  1.0255e+005  0.26997 0.57544 0.79789   0.00028 0.05488   0.798 0.270 0.553 0.681 
0.49418  1.0235e+005  0.26965 0.57466 0.79709   0.00028 0.05512   0.797 0.270 0.552 0.680 
0.49518  1.0214e+005  0.26942 0.57396 0.79620   0.00028 0.05538   0.796 0.269 0.551 0.679 
0.49618  1.0194e+005  0.26918 0.57326 0.79525   0.00028 0.05567   0.795 0.269 0.551 0.678 
0.49718  1.0174e+005  0.26879 0.57245 0.79430   0.00028 0.05595   0.794 0.269 0.550 0.677 
0.49818  1.0154e+005  0.26808 0.57168 0.79334   0.00028 0.05623   0.793 0.268 0.550 0.676 
0.49917  1.0134e+005  0.26777 0.57101 0.79241   0.00028 0.05651   0.792 0.268 0.549 0.674 
0.50017  1.0113e+005  0.26745 0.57038 0.79152   0.00028 0.05677   0.792 0.267 0.549 0.673 
0.50117  1.0093e+005  0.26722 0.56977 0.79068   0.00028 0.05702   0.791 0.267 0.549 0.672 
0.50217  1.0073e+005  0.26675 0.56908 0.78975   0.00028 0.05730   0.790 0.267 0.549 0.671 
0.50317  1.0053e+005  0.26643 0.56844 0.78881   0.00028 0.05758   0.789 0.266 0.548 0.670 
0.50417  1.0033e+005  0.26612 0.56771 0.78801   0.00028 0.05782   0.788 0.266 0.547 0.669 
0.50516  1.0012e+005  0.26565 0.56705 0.78711   0.00028 0.05809   0.787 0.266 0.547 0.668 
0.50616  99922       0.26549 0.56634 0.78614   0.00028 0.05838   0.786 0.265 0.547 0.667 
0.50716  99720       0.26533 0.56566 0.78520   0.00028 0.05866   0.785 0.265 0.546 0.666 
0.50816  99518       0.26478 0.56488 0.78419   0.00028 0.05897   0.784 0.265 0.546 0.665 
0.50916  99316       0.26431 0.56412 0.78324   0.00028 0.05925   0.783 0.264 0.545 0.664 
0.51016  99114       0.26384 0.56335 0.78229   0.00028 0.05954   0.782 0.264 0.545 0.663 
0.51115  98912       0.26361 0.56272 0.78142   0.00028 0.05980   0.781 0.264 0.544 0.662 
0.51215  98710       0.26337 0.56212 0.78051   0.00028 0.06007   0.781 0.263 0.544 0.661 
0.51315  98508       0.26314 0.56141 0.77953   0.00028 0.06037   0.780 0.263 0.543 0.659 
0.51415  98306       0.26274 0.56067 0.77868   0.00028 0.06062   0.779 0.263 0.543 0.658 
0.51515  98104       0.26274 0.56034 0.77850   0.00028 0.06068   0.778 0.263 0.542 0.658 
0.51615  97902       0.26274 0.55998 0.77824   0.00028 0.06076   0.778 0.263 0.541 0.658 
0.51714  97700       0.26274 0.55953 0.77783   0.00028 0.06088   0.778 0.263 0.541 0.657 
0.51814  97498       0.26259 0.55894 0.77705   0.00028 0.06112   0.777 0.263 0.540 0.656 
0.51914  97296       0.26235 0.55830 0.77609   0.00028 0.06141   0.776 0.262 0.540 0.655 
0.52014  97094       0.26204 0.55748 0.77505   0.00028 0.06172   0.775 0.262 0.539 0.654 
0.52114  96892       0.26180 0.55680 0.77408   0.00028 0.06201   0.774 0.262 0.539 0.653 
0.52214  96690       0.26164 0.55597 0.77306   0.00028 0.06232   0.773 0.262 0.538 0.652 
0.52313  96488       0.26133 0.55530 0.77211   0.00028 0.06261   0.772 0.261 0.537 0.651 
0.52413  96286       0.26102 0.55455 0.77112   0.00028 0.06291   0.771 0.261 0.537 0.649 
0.52513  96084       0.26086 0.55390 0.77012   0.00028 0.06321   0.770 0.261 0.536 0.648 
0.52613  95882       0.26062 0.55327 0.76921   0.00028 0.06349   0.769 0.261 0.536 0.647 
0.52713  95680       0.26047 0.55251 0.76825   0.00028 0.06378   0.768 0.260 0.535 0.646 
0.52813  95478       0.26023 0.55175 0.76730   0.00028 0.06407   0.767 0.260 0.534 0.645 
0.52912  95276       0.25968 0.55092 0.76628   0.00028 0.06439   0.766 0.260 0.534 0.644 
0.53012  95074       0.25952 0.55014 0.76520   0.00028 0.06472   0.765 0.260 0.533 0.643 
0.53112  94872       0.25913 0.54935 0.76415   0.00028 0.06504   0.764 0.259 0.532 0.642 
0.53212  94670       0.25842 0.54868 0.76337   0.00028 0.06527   0.763 0.258 0.532 0.641 
0.53312  94468       0.25835 0.54798 0.76231   0.00028 0.06560   0.762 0.258 0.532 0.640 
0.53412  94266       0.25803 0.54707 0.76128   0.00028 0.06592   0.761 0.258 0.530 0.639 
0.53511  94064       0.25764 0.54642 0.76030   0.00028 0.06622   0.760 0.258 0.530 0.637 
0.53611  93862       0.25740 0.54579 0.75944   0.00028 0.06648   0.759 0.257 0.530 0.636 
0.53711  93660       0.25693 0.54503 0.75847   0.00028 0.06678   0.758 0.257 0.529 0.635 
0.53811  93458       0.25662 0.54421 0.75744   0.00028 0.06710   0.757 0.257 0.529 0.634 
0.53911  93256       0.25638 0.54347 0.75639   0.00028 0.06742   0.756 0.256 0.528 0.633 
0.54011  93054       0.25615 0.54268 0.75533   0.00028 0.06775   0.755 0.256 0.527 0.632 
0.54110  92852       0.25222 0.54113 0.75459   0.00028 0.06798   0.755 0.252 0.527 0.631 
0.54210  92650       0.25183 0.54036 0.75355   0.00028 0.06829   0.754 0.252 0.526 0.630 
0.54310  92448       0.25175 0.53954 0.75253   0.00028 0.06861   0.753 0.252 0.525 0.629 
0.54410  92246       0.25151 0.53878 0.75146   0.00028 0.06894   0.751 0.252 0.524 0.628 
0.54510  92044       0.25128 0.53801 0.75044   0.00028 0.06926   0.750 0.251 0.524 0.627 
0.54610  91842       0.25089 0.53726 0.74951   0.00028 0.06955   0.750 0.251 0.523 0.626 
0.54709  91640       0.25034 0.53642 0.74844   0.00028 0.06988   0.748 0.250 0.523 0.624 
0.54809  91438       0.25026 0.53581 0.74749   0.00028 0.07017   0.747 0.250 0.522 0.623 
0.54909  91236       0.24994 0.53503 0.74648   0.00028 0.07049   0.746 0.250 0.521 0.622 
0.55009  91034       0.24971 0.53424 0.74545   0.00028 0.07081   0.745 0.250 0.521 0.621 
0.55109  90832       0.24955 0.53346 0.74443   0.00028 0.07113   0.744 0.250 0.520 0.620 
0.55209  90630       0.24932 0.53267 0.74340   0.00028 0.07145   0.743 0.249 0.519 0.619 
0.55308  90428       0.24853 0.53177 0.74231   0.00028 0.07179   0.742 0.249 0.519 0.618 
0.55408  90226       0.24822 0.53098 0.74136   0.00028 0.07209   0.741 0.248 0.518 0.617 
0.55508  90024       0.24782 0.53023 0.74029   0.00028 0.07242   0.740 0.248 0.517 0.615 
0.55608  89822       0.24743 0.52936 0.73922   0.00028 0.07276   0.739 0.247 0.516 0.614 
0.55708  89620       0.24696 0.52866 0.73827   0.00028 0.07306   0.738 0.247 0.516 0.613 
0.55808  89418       0.24688 0.52789 0.73716   0.00028 0.07340   0.737 0.247 0.515 0.612 
0.55907  89216       0.24665 0.52709 0.73607   0.00028 0.07375   0.736 0.247 0.515 0.611 
0.56007  89014       0.24649 0.52628 0.73505   0.00028 0.07407   0.735 0.246 0.514 0.610 
0.56107  88812       0.24617 0.52553 0.73402   0.00028 0.07439   0.734 0.246 0.513 0.609 
0.56207  88610       0.24602 0.52474 0.73299   0.00028 0.07472   0.733 0.246 0.512 0.608 
0.56307  88408       0.24586 0.52391 0.73194   0.00028 0.07505   0.732 0.246 0.511 0.606 
0.56407  88206       0.24562 0.52308 0.73086   0.00028 0.07539   0.731 0.246 0.511 0.605 
0.56506  88004       0.24555 0.52240 0.72981   0.00028 0.07572   0.730 0.246 0.510 0.604 
0.56606  87802       0.24547 0.52158 0.72869   0.00028 0.07608   0.729 0.245 0.509 0.603 
0.56706  87600       0.24523 0.52082 0.72764   0.00028 0.07641   0.728 0.245 0.509 0.602 
0.56806  87398       0.24484 0.52014 0.72657   0.00028 0.07675   0.727 0.245 0.508 0.601 
0.56906  87196       0.24476 0.51951 0.72553   0.00028 0.07708   0.726 0.245 0.508 0.600 
0.57006  86994       0.24460 0.51865 0.72442   0.00028 0.07743   0.724 0.245 0.507 0.598 
0.57105  86792       0.24445 0.51791 0.72337   0.00028 0.07777   0.723 0.244 0.507 0.597 
0.57205  86590       0.24421 0.51702 0.72230   0.00028 0.07811   0.722 0.244 0.505 0.596 
0.57305  86388       0.24413 0.51613 0.72115   0.00028 0.07848   0.721 0.244 0.504 0.595 
0.57405  86186       0.24413 0.51548 0.72012   0.00028 0.07881   0.720 0.244 0.504 0.594 
0.57505  85984       0.24398 0.51469 0.71901   0.00028 0.07916   0.719 0.244 0.503 0.593 
0.57605  85782       0.24390 0.51386 0.71784   0.00028 0.07953   0.718 0.244 0.502 0.591 
0.57704  85580       0.24374 0.51303 0.71673   0.00028 0.07989   0.717 0.244 0.501 0.590 
0.57804  85378       0.24374 0.51231 0.71566   0.00028 0.08023   0.716 0.244 0.501 0.589 
0.57904  85176       0.24350 0.51141 0.71454   0.00028 0.08060   0.715 0.244 0.500 0.588 
0.58004  84974       0.24343 0.51052 0.71333   0.00028 0.08099   0.713 0.243 0.499 0.587 
0.58104  84772       0.24327 0.50958 0.71218   0.00028 0.08135   0.712 0.243 0.497 0.586 
0.58204  84570       0.24303 0.50873 0.71104   0.00029 0.08172   0.711 0.243 0.496 0.584 
0.58303  84368       0.24303 0.50791 0.70989   0.00029 0.08210   0.710 0.243 0.496 0.583 
0.58403  84166       0.24288 0.50721 0.70890   0.00029 0.08242   0.709 0.243 0.495 0.582 
0.58503  83964       0.24272 0.50644 0.70774   0.00029 0.08279   0.708 0.243 0.494 0.581 
0.58603  83762       0.24248 0.50566 0.70657   0.00029 0.08317   0.707 0.242 0.494 0.580 
0.58703  83560       0.24233 0.50485 0.70533   0.00029 0.08357   0.705 0.242 0.493 0.579 
0.58803  83358       0.24209 0.50401 0.70414   0.00029 0.08396   0.704 0.242 0.492 0.577 
0.58902  83156       0.24178 0.50318 0.70300   0.00029 0.08433   0.703 0.242 0.492 0.576 
0.59002  82954       0.24162 0.50246 0.70185   0.00029 0.08470   0.702 0.242 0.491 0.575 
0.59102  82752       0.24146 0.50160 0.70060   0.00029 0.08511   0.701 0.241 0.491 0.574 
0.59202  82550       0.24138 0.50088 0.69946   0.00029 0.08548   0.699 0.241 0.490 0.573 
0.59302  82348       0.24131 0.50008 0.69822   0.00029 0.08589   0.698 0.241 0.489 0.571 
0.59402  82146       0.24115 0.49913 0.69695   0.00029 0.08631   0.697 0.241 0.488 0.570 
0.59501  81944       0.24099 0.49831 0.69576   0.00029 0.08670   0.696 0.241 0.488 0.569 
0.59601  81742       0.24083 0.49754 0.69457   0.00029 0.08709   0.695 0.241 0.487 0.568 
0.59701  81540       0.24044 0.49680 0.69340   0.00029 0.08747   0.693 0.240 0.487 0.567 
0.59801  81338       0.24028 0.49603 0.69222   0.00029 0.08786   0.692 0.240 0.486 0.565 
0.59901  81136       0.24013 0.49525 0.69099   0.00029 0.08827   0.691 0.240 0.486 0.564 
0.60001  80934       0.23981 0.49433 0.68975   0.00029 0.08867   0.690 0.240 0.485 0.563 
0.60100  80732       0.23966 0.49360 0.68860   0.00029 0.08905   0.689 0.240 0.484 0.562 
0.60200  80530       0.23919 0.49274 0.68735   0.00029 0.08947   0.687 0.239 0.484 0.561 
0.60300  80328       0.23895 0.49197 0.68616   0.00029 0.08986   0.686 0.239 0.483 0.559 
0.60400  80126       0.23887 0.49104 0.68493   0.00029 0.09027   0.685 0.239 0.482 0.558 
0.60500  79924       0.23871 0.49031 0.68371   0.00029 0.09068   0.684 0.239 0.482 0.557 
0.60600  79722       0.23840 0.48946 0.68240   0.00029 0.09111   0.682 0.238 0.481 0.556 
0.60699  79520       0.23832 0.48878 0.68125   0.00029 0.09150   0.681 0.238 0.481 0.555 
0.60799  79318       0.23824 0.48805 0.68008   0.00029 0.09189   0.680 0.238 0.480 0.553 
0.60899  79116       0.23801 0.48718 0.67883   0.00029 0.09230   0.679 0.238 0.480 0.552 
0.60999  78914       0.23785 0.48638 0.67762   0.00029 0.09271   0.678 0.238 0.479 0.551 
0.61099  78712       0.23762 0.48556 0.67638   0.00029 0.09312   0.676 0.238 0.479 0.550 
0.61199  78510       0.23730 0.48473 0.67506   0.00029 0.09357   0.675 0.237 0.478 0.548 
0.61298  78308       0.23691 0.48390 0.67387   0.00029 0.09397   0.674 0.237 0.478 0.547 
0.61398  78106       0.23691 0.48314 0.67263   0.00029 0.09438   0.673 0.237 0.477 0.546 
0.61498  77904       0.23667 0.48222 0.67130   0.00029 0.09483   0.671 0.237 0.476 0.545 
0.61598  77702       0.23644 0.48143 0.67015   0.00029 0.09522   0.670 0.236 0.475 0.544 
0.61698  77500       0.23620 0.48069 0.66891   0.00029 0.09564   0.669 0.236 0.475 0.542 
0.61798  77298       0.23604 0.47996 0.66770   0.00029 0.09605   0.668 0.236 0.475 0.541 
0.61897  77096       0.23581 0.47913 0.66642   0.00029 0.09648   0.666 0.236 0.474 0.540 
0.61997  76894       0.23573 0.47842 0.66521   0.00029 0.09689   0.665 0.236 0.474 0.539 
0.62097  76692       0.23542 0.47768 0.66404   0.00029 0.09729   0.664 0.235 0.474 0.538 
0.62197  76490       0.23510 0.47682 0.66283   0.00029 0.09770   0.663 0.235 0.473 0.536 
0.62297  76288       0.23479 0.47603 0.66163   0.00029 0.09811   0.662 0.235 0.472 0.535 
0.62397  76086       0.23447 0.47506 0.66031   0.00029 0.09856   0.660 0.234 0.471 0.534 
0.62496  75884       0.23432 0.47419 0.65907   0.00029 0.09898   0.659 0.234 0.471 0.533 
0.62596  75682       0.23408 0.47338 0.65791   0.00029 0.09938   0.658 0.234 0.470 0.532 
0.62696  75480       0.23408 0.47258 0.65670   0.00029 0.09980   0.657 0.234 0.469 0.530 
0.62796  75278       0.23392 0.47169 0.65551   0.00029 0.10020   0.656 0.234 0.468 0.529 
0.62896  75076       0.23392 0.47094 0.65429   0.00029 0.10062   0.654 0.234 0.467 0.528 
0.62996  74874       0.23377 0.47009 0.65300   0.00029 0.10106   0.653 0.234 0.467 0.527 
0.63095  74672       0.23377 0.46914 0.65166   0.00029 0.10153   0.652 0.234 0.466 0.526 
0.63195  74470       0.23361 0.46839 0.65066   0.00029 0.10187   0.651 0.234 0.465 0.525 
0.63295  74268       0.23353 0.46770 0.64943   0.00029 0.10230   0.649 0.234 0.464 0.523 
0.63395  74066       0.23337 0.46678 0.64810   0.00029 0.10276   0.648 0.233 0.464 0.522 
0.63495  73864       0.23330 0.46602 0.64680   0.00029 0.10321   0.647 0.233 0.463 0.521 
0.63595  73662       0.23314 0.46523 0.64571   0.00029 0.10359   0.646 0.233 0.462 0.520 
0.63694  73460       0.23306 0.46441 0.64451   0.00029 0.10400   0.645 0.233 0.462 0.519 
0.63794  73258       0.23290 0.46351 0.64329   0.00029 0.10443   0.643 0.233 0.461 0.517 
0.63894  73056       0.23283 0.46276 0.64208   0.00029 0.10485   0.642 0.233 0.460 0.516 
0.63994  72854       0.23275 0.46172 0.64064   0.00029 0.10535   0.641 0.233 0.459 0.515 
0.64094  72652       0.23275 0.46092 0.63945   0.00029 0.10577   0.639 0.233 0.458 0.514 
0.64194  72450       0.23251 0.46002 0.63804   0.00029 0.10626   0.638 0.233 0.457 0.512 
0.64293  72248       0.23220 0.45915 0.63689   0.00029 0.10666   0.637 0.232 0.456 0.511 
0.64393  72046       0.23188 0.45842 0.63571   0.00029 0.10707   0.636 0.232 0.456 0.510 
0.64493  71844       0.23165 0.45747 0.63439   0.00029 0.10754   0.634 0.232 0.455 0.509 
0.64593  71642       0.23110 0.45662 0.63325   0.00029 0.10794   0.633 0.231 0.455 0.508 
0.64693  71440       0.23078 0.45554 0.63185   0.00029 0.10843   0.632 0.231 0.453 0.506 
0.64793  71238       0.23031 0.45469 0.63068   0.00029 0.10885   0.631 0.230 0.453 0.505 
0.64892  71036       0.22961 0.45378 0.62945   0.00029 0.10928   0.629 0.230 0.452 0.504 
0.64992  70834       0.22906 0.45280 0.62803   0.00029 0.10978   0.628 0.229 0.452 0.503 
0.65092  70632       0.22851 0.45188 0.62671   0.00029 0.11025   0.627 0.229 0.451 0.501 
0.65192  70430       0.22741 0.45061 0.62528   0.00029 0.11076   0.625 0.227 0.450 0.500 
0.65292  70228       0.22662 0.44961 0.62378   0.00029 0.11129   0.624 0.227 0.449 0.499 
0.65392  70026       0.22623 0.44868 0.62234   0.00029 0.11181   0.622 0.226 0.449 0.497 
0.65491  69824       0.22537 0.44762 0.62091   0.00029 0.11232   0.621 0.225 0.448 0.496 
0.65591  69622       0.22458 0.44665 0.61946   0.00029 0.11284   0.619 0.225 0.448 0.495 
0.65691  69420       0.22387 0.44551 0.61789   0.00029 0.11340   0.618 0.224 0.447 0.493 
0.65791  69218       0.22317 0.44447 0.61645   0.00029 0.11392   0.616 0.223 0.446 0.492 
0.65891  69016       0.22254 0.44350 0.61498   0.00029 0.11445   0.615 0.223 0.446 0.491 
0.65991  68814       0.22175 0.44237 0.61351   0.00029 0.11498   0.614 0.222 0.445 0.489 
0.66090  68612       0.22105 0.44117 0.61188   0.00029 0.11556   0.612 0.221 0.444 0.488 
0.66190  68410       0.22026 0.44007 0.61030   0.00029 0.11614   0.610 0.220 0.443 0.486 
0.66290  68208       0.21963 0.43903 0.60886   0.00029 0.11666   0.609 0.220 0.442 0.485 
0.66390  68006       0.21885 0.43797 0.60735   0.00029 0.11720   0.607 0.219 0.442 0.484 
0.66490  67804       0.21822 0.43683 0.60575   0.00029 0.11779   0.606 0.218 0.441 0.482 
0.66590  67602       0.21751 0.43571 0.60421   0.00029 0.11835   0.604 0.218 0.440 0.481 
0.66689  67400       0.21712 0.43482 0.60277   0.00030 0.11887   0.603 0.217 0.440 0.480 
0.66789  67198       0.21579 0.43357 0.60115   0.00030 0.11947   0.601 0.216 0.439 0.478 
0.66889  66996       0.21461 0.43237 0.59957   0.00030 0.12005   0.600 0.215 0.438 0.477 
0.66989  66794       0.21390 0.43125 0.59790   0.00030 0.12066   0.598 0.214 0.438 0.475 
0.67089  66592       0.21304 0.43011 0.59627   0.00030 0.12126   0.596 0.213 0.437 0.474 
0.67189  66390       0.21209 0.42902 0.59472   0.00030 0.12183   0.595 0.212 0.437 0.473 
0.67288  66188       0.21131 0.42783 0.59321   0.00030 0.12239   0.593 0.211 0.436 0.471 
0.67388  65986       0.21060 0.42662 0.59157   0.00030 0.12300   0.592 0.211 0.434 0.470 
0.67488  65784       0.20974 0.42535 0.59001   0.00030 0.12358   0.590 0.210 0.433 0.468 
0.67588  65582       0.20840 0.42407 0.58828   0.00030 0.12422   0.588 0.208 0.433 0.467 
0.67688  65380       0.20770 0.42293 0.58664   0.00030 0.12483   0.587 0.208 0.432 0.466 
0.67788  65178       0.20660 0.42172 0.58505   0.00030 0.12542   0.585 0.207 0.431 0.464 
0.67887  64976       0.20597 0.42072 0.58349   0.00030 0.12601   0.583 0.206 0.431 0.463 
0.67987  64774       0.20495 0.41952 0.58174   0.00030 0.12666   0.582 0.205 0.430 0.461 
0.68087  64572       0.20432 0.41845 0.58013   0.00030 0.12727   0.580 0.204 0.429 0.460 
0.68187  64370       0.20361 0.41721 0.57846   0.00030 0.12789   0.578 0.204 0.428 0.458 
0.68287  64168       0.20299 0.41612 0.57684   0.00030 0.12851   0.577 0.203 0.428 0.457 
0.68387  63966       0.20244 0.41485 0.57511   0.00030 0.12916   0.575 0.202 0.426 0.456 
0.68486  63764       0.20220 0.41389 0.57352   0.00030 0.12976   0.574 0.202 0.426 0.454 
0.68586  63562       0.20165 0.41277 0.57178   0.00030 0.13042   0.572 0.202 0.425 0.453 
0.68686  63360       0.20149 0.41172 0.57004   0.00030 0.13109   0.570 0.201 0.424 0.451 
0.68786  63158       0.20126 0.41066 0.56830   0.00030 0.13175   0.568 0.201 0.423 0.450 
0.68886  62956       0.20071 0.40958 0.56660   0.00030 0.13240   0.567 0.201 0.423 0.448 
0.68986  62754       0.20039 0.40862 0.56508   0.00030 0.13298   0.565 0.200 0.422 0.447 
0.69085  62552       0.19984 0.40763 0.56337   0.00030 0.13364   0.563 0.200 0.422 0.446 
0.69185  62350       0.19969 0.40669 0.56175   0.00030 0.13426   0.562 0.200 0.421 0.444 
0.69285  62148       0.19945 0.40560 0.55995   0.00030 0.13496   0.560 0.199 0.420 0.443 
0.69385  61946       0.19922 0.40458 0.55834   0.00030 0.13558   0.558 0.199 0.420 0.441 
0.69485  61744       0.19882 0.40351 0.55658   0.00030 0.13626   0.557 0.199 0.419 0.440 
0.69585  61542       0.19851 0.40251 0.55493   0.00030 0.13690   0.555 0.199 0.418 0.438 
0.69684  61340       0.19820 0.40149 0.55325   0.00031 0.13756   0.553 0.198 0.418 0.437 
0.69784  61138       0.19772 0.40039 0.55148   0.00031 0.13825   0.551 0.198 0.417 0.435 
0.69884  60936       0.19717 0.39935 0.54980   0.00031 0.13890   0.550 0.197 0.416 0.434 
0.69984  60734       0.19655 0.39828 0.54816   0.00031 0.13955   0.548 0.197 0.416 0.433 
0.70084  60532       0.19576 0.39708 0.54632   0.00031 0.14027   0.546 0.196 0.415 0.431 
0.70184  60330       0.19505 0.39593 0.54466   0.00031 0.14092   0.545 0.195 0.414 0.430 
0.70283  60128       0.19451 0.39498 0.54300   0.00031 0.14158   0.543 0.195 0.414 0.428 
0.70383  59926       0.19380 0.39372 0.54116   0.00031 0.14231   0.541 0.194 0.413 0.427 
0.70483  59724       0.19341 0.39256 0.53935   0.00031 0.14302   0.539 0.193 0.412 0.425 
0.70583  59522       0.19152 0.39118 0.53787   0.00031 0.14361   0.538 0.192 0.411 0.424 
0.70683  59320       0.19050 0.38999 0.53635   0.00031 0.14422   0.536 0.191 0.411 0.423 
0.70783  59118       0.18995 0.38896 0.53456   0.00031 0.14493   0.535 0.190 0.410 0.421 
0.70882  58916       0.18909 0.38777 0.53278   0.00031 0.14565   0.533 0.189 0.410 0.420 
0.70982  58714       0.18846 0.38681 0.53112   0.00031 0.14632   0.531 0.188 0.409 0.418 
0.71082  58512       0.18775 0.38566 0.52935   0.00031 0.14702   0.529 0.188 0.409 0.417 
0.71182  58310       0.18728 0.38464 0.52767   0.00031 0.14771   0.528 0.187 0.408 0.415 
0.71282  58108       0.18681 0.38363 0.52596   0.00031 0.14840   0.526 0.187 0.408 0.414 
0.71382  57906       0.18673 0.38265 0.52411   0.00031 0.14914   0.524 0.187 0.407 0.413 
0.71481  57704       0.18626 0.38153 0.52247   0.00031 0.14981   0.522 0.186 0.406 0.411 
0.71581  57502       0.18610 0.38034 0.52058   0.00031 0.15058   0.521 0.186 0.405 0.410 
0.71681  57300       0.18571 0.37926 0.51885   0.00031 0.15129   0.519 0.186 0.404 0.408 
0.71781  57098       0.18547 0.37825 0.51693   0.00031 0.15208   0.517 0.185 0.404 0.407 
0.71881  56896       0.18508 0.37726 0.51520   0.00031 0.15278   0.515 0.185 0.404 0.405 
0.71981  56694       0.18500 0.37637 0.51354   0.00031 0.15347   0.514 0.185 0.403 0.404 
0.72080  56492       0.18477 0.37543 0.51182   0.00031 0.15418   0.512 0.185 0.403 0.403 
0.72180  56290       0.18414 0.37440 0.51020   0.00031 0.15485   0.510 0.184 0.402 0.401 
0.72280  56088       0.18375 0.37348 0.50851   0.00031 0.15555   0.509 0.184 0.402 0.400 
0.72380  55886       0.18335 0.37248 0.50677   0.00031 0.15627   0.507 0.183 0.401 0.398 
0.72480  55684       0.18320 0.37168 0.50518   0.00031 0.15694   0.505 0.183 0.401 0.397 
0.72580  55482       0.18304 0.37084 0.50352   0.00031 0.15763   0.504 0.183 0.401 0.396 
0.72679  55280       0.18296 0.36985 0.50175   0.00031 0.15837   0.502 0.183 0.400 0.394 
0.72779  55078       0.18139 0.36837 0.49946   0.00032 0.15933   0.499 0.181 0.400 0.393 
0.72879  54876       0.18131 0.36743 0.49775   0.00032 0.16005   0.498 0.181 0.399 0.391 
0.72979  54674       0.18131 0.36665 0.49674   0.00032 0.16048   0.497 0.181 0.398 0.390 
0.73079  54472       0.18131 0.36581 0.49553   0.00032 0.16099   0.496 0.181 0.397 0.389 
0.73179  54270       0.18116 0.36487 0.49377   0.00032 0.16173   0.494 0.181 0.397 0.388 
0.73278  54068       0.18108 0.36390 0.49187   0.00032 0.16254   0.492 0.181 0.396 0.386 
0.73378  53866       0.18084 0.36289 0.49010   0.00032 0.16330   0.490 0.181 0.396 0.385 
0.73478  53664       0.18084 0.36203 0.48843   0.00032 0.16401   0.488 0.181 0.395 0.383 
0.73578  53462       0.18076 0.36106 0.48652   0.00032 0.16483   0.487 0.181 0.395 0.382 
0.73678  53260       0.18068 0.36022 0.48478   0.00032 0.16558   0.485 0.181 0.395 0.381 
0.73778  53058       0.18053 0.35934 0.48301   0.00032 0.16634   0.483 0.181 0.395 0.379 
0.73877  52856       0.18053 0.35856 0.48136   0.00032 0.16705   0.481 0.181 0.394 0.378 
0.73977  52654       0.18037 0.35760 0.47953   0.00032 0.16785   0.480 0.180 0.394 0.376 
0.74077  52452       0.17982 0.35649 0.47781   0.00032 0.16859   0.478 0.180 0.393 0.375 
0.74177  52250       0.17982 0.35572 0.47618   0.00032 0.16930   0.476 0.180 0.393 0.374 
0.74277  52048       0.17974 0.35483 0.47438   0.00032 0.17009   0.474 0.180 0.393 0.372 
0.74377  51846       0.17974 0.35395 0.47263   0.00032 0.17086   0.473 0.180 0.393 0.371 
0.74476  51644       0.17974 0.35317 0.47091   0.00032 0.17161   0.471 0.180 0.392 0.370 
0.74576  51442       0.17974 0.35228 0.46913   0.00032 0.17239   0.469 0.180 0.392 0.368 
0.74676  51240       0.17974 0.35144 0.46732   0.00032 0.17319   0.467 0.180 0.392 0.367 
0.74776  51038       0.17974 0.35054 0.46557   0.00032 0.17397   0.466 0.180 0.391 0.365 
0.74876  50836       0.17974 0.34976 0.46389   0.00032 0.17472   0.464 0.180 0.391 0.364 
0.74976  50634       0.17904 0.34853 0.46167   0.00032 0.17571   0.462 0.179 0.391 0.362 
0.75075  50432       0.17841 0.34727 0.45917   0.00032 0.17682   0.459 0.178 0.391 0.361 
0.75175  50230       0.17794 0.34644 0.45761   0.00032 0.17752   0.458 0.178 0.391 0.360 
0.75275  50028       0.17747 0.34545 0.45576   0.00032 0.17835   0.456 0.177 0.390 0.358 
0.75375  49826       0.17652 0.34437 0.45394   0.00032 0.17918   0.454 0.177 0.390 0.357 
0.75475  49624       0.17503 0.34301 0.45196   0.00032 0.18007   0.452 0.175 0.390 0.355 
0.75575  49422       0.17299 0.34162 0.45011   0.00032 0.18091   0.450 0.173 0.390 0.354 
0.75674  49220       0.17299 0.34079 0.44853   0.00032 0.18163   0.449 0.173 0.389 0.352 
0.75774  49018       0.17213 0.33979 0.44696   0.00032 0.18235   0.447 0.172 0.389 0.351 
0.75874  48816       0.17205 0.33891 0.44515   0.00032 0.18318   0.445 0.172 0.389 0.350 
0.75974  48614       0.16388 0.33592 0.44398   0.00032 0.18372   0.444 0.164 0.387 0.349 
0.76074  48412       0.16388 0.33512 0.44237   0.00032 0.18446   0.442 0.164 0.387 0.347 
0.76174  48210       0.16380 0.33429 0.44064   0.00033 0.18526   0.441 0.164 0.387 0.346 
0.76273  48008       0.16380 0.33335 0.43873   0.00033 0.18614   0.439 0.164 0.386 0.345 
0.76373  47806       0.16380 0.33247 0.43705   0.00033 0.18692   0.437 0.164 0.386 0.343 
0.76473  47604       0.16372 0.33161 0.43534   0.00033 0.18772   0.435 0.164 0.386 0.342 
0.76573  47402       0.16364 0.33068 0.43343   0.00033 0.18861   0.433 0.164 0.385 0.340 
0.76673  47200       0.16294 0.32969 0.43174   0.00033 0.18940   0.432 0.163 0.385 0.339 
0.76773  46998       0.16278 0.32869 0.42997   0.00033 0.19023   0.430 0.163 0.384 0.338 
0.76872  46796       0.16035 0.32702 0.42788   0.00033 0.19122   0.428 0.160 0.384 0.336 
0.76972  46594       0.14503 0.32194 0.42515   0.00033 0.19251   0.425 0.145 0.383 0.334 
0.77072  46392       0.14024 0.31994 0.42346   0.00033 0.19332   0.423 0.140 0.383 0.333 
0.77172  46190       0.13985 0.31903 0.42177   0.00033 0.19412   0.422 0.140 0.383 0.332 
0.77272  45988       0.13946 0.31804 0.41997   0.00034 0.19499   0.420 0.139 0.382 0.330 
0.77372  45786       0.13922 0.31716 0.41826   0.00034 0.19581   0.418 0.139 0.382 0.329 
0.77471  45584       0.13860 0.31613 0.41645   0.00034 0.19667   0.416 0.139 0.382 0.328 
0.77571  45382       0.13836 0.31505 0.41427   0.00034 0.19773   0.414 0.138 0.381 0.326 
0.77671  45180       0.13750 0.31392 0.41246   0.00034 0.19861   0.412 0.137 0.381 0.325 
0.77771  44978       0.13742 0.31305 0.41056   0.00034 0.19953   0.411 0.137 0.381 0.323 
0.77871  44776       0.13726 0.31217 0.40874   0.00034 0.20042   0.409 0.137 0.381 0.322 
0.77971  44574       0.13718 0.31117 0.40680   0.00034 0.20137   0.407 0.137 0.380 0.320 
0.78070  44372       0.13710 0.31021 0.40493   0.00034 0.20229   0.405 0.137 0.380 0.319 
0.78170  44170       0.13341 0.30819 0.40333   0.00034 0.20308   0.403 0.133 0.378 0.318 
0.78270  43968       0.12124 0.30353 0.40220   0.00034 0.20364   0.402 0.121 0.374 0.317 
0.78370  43766       0.12116 0.30267 0.40041   0.00034 0.20453   0.400 0.121 0.374 0.315 
0.78470  43564       0.12108 0.30182 0.39858   0.00034 0.20544   0.399 0.121 0.374 0.314 
0.78570  43362       0.12085 0.30090 0.39665   0.00034 0.20640   0.397 0.121 0.374 0.312 
0.78669  43160       0.12061 0.29985 0.39466   0.00035 0.20740   0.395 0.121 0.373 0.311 
0.78769  42958       0.11944 0.29863 0.39291   0.00035 0.20827   0.393 0.119 0.373 0.310 
0.78869  42756       0.11928 0.29773 0.39108   0.00035 0.20920   0.391 0.119 0.372 0.308 
0.78969  42554       0.11904 0.29677 0.38940   0.00035 0.21005   0.389 0.119 0.372 0.307 
0.79069  42352       0.11896 0.29588 0.38750   0.00035 0.21102   0.388 0.119 0.372 0.305 
0.79169  42150       0.11889 0.29502 0.38574   0.00035 0.21191   0.386 0.119 0.372 0.304 
0.79268  41948       0.11857 0.29411 0.38401   0.00035 0.21280   0.384 0.119 0.371 0.303 
0.79368  41746       0.11841 0.29324 0.38218   0.00035 0.21374   0.382 0.118 0.371 0.301 
0.79468  41544       0.11779 0.29229 0.38050   0.00035 0.21461   0.380 0.118 0.371 0.300 
0.79568  41342       0.11771 0.29139 0.37875   0.00035 0.21551   0.379 0.118 0.371 0.298 
0.79668  41140       0.11755 0.29055 0.37711   0.00035 0.21636   0.377 0.118 0.371 0.297 
0.79768  40938       0.11739 0.28965 0.37524   0.00035 0.21733   0.375 0.117 0.370 0.296 
0.79867  40736       0.11700 0.28874 0.37345   0.00035 0.21827   0.373 0.117 0.370 0.294 
0.79967  40534       0.11692 0.28789 0.37171   0.00035 0.21918   0.372 0.117 0.370 0.293 
0.80067  40332       0.11677 0.28698 0.36995   0.00035 0.22011   0.370 0.117 0.370 0.291 
0.80167  40130       0.11677 0.28616 0.36819   0.00035 0.22104   0.368 0.117 0.370 0.290 
0.80267  39928       0.11677 0.28532 0.36639   0.00035 0.22199   0.366 0.117 0.370 0.289 
0.80367  39726       0.11677 0.28439 0.36448   0.00035 0.22300   0.364 0.117 0.369 0.287 
0.80466  39524       0.11677 0.28356 0.36264   0.00035 0.22399   0.363 0.117 0.369 0.286 
0.80566  39322       0.11669 0.28273 0.36081   0.00035 0.22497   0.361 0.117 0.369 0.284 
0.80666  39120       0.11669 0.28178 0.35891   0.00035 0.22599   0.359 0.117 0.369 0.283 
0.80766  38918       0.11669 0.28096 0.35714   0.00035 0.22695   0.357 0.117 0.369 0.281 
0.80866  38716       0.11669 0.28006 0.35535   0.00035 0.22792   0.355 0.117 0.368 0.280 
0.80966  38514       0.11669 0.27921 0.35347   0.00035 0.22894   0.353 0.117 0.368 0.279 
0.81065  38312       0.11669 0.27831 0.35151   0.00035 0.23001   0.352 0.117 0.368 0.277 
0.81165  38110       0.11669 0.27743 0.34959   0.00035 0.23106   0.350 0.117 0.368 0.276 
0.81265  37908       0.11669 0.27656 0.34775   0.00035 0.23208   0.348 0.117 0.368 0.274 
0.81365  37706       0.11669 0.27566 0.34591   0.00035 0.23310   0.346 0.117 0.367 0.273 
0.81465  37504       0.11669 0.27476 0.34396   0.00035 0.23418   0.344 0.117 0.367 0.271 
0.81565  37302       0.11669 0.27382 0.34193   0.00035 0.23531   0.342 0.117 0.367 0.270 
0.81664  37100       0.11669 0.27284 0.33994   0.00035 0.23643   0.340 0.117 0.366 0.268 
0.81764  36898       0.11535 0.27157 0.33801   0.00035 0.23751   0.338 0.115 0.366 0.267 
0.81864  36696       0.11535 0.27064 0.33609   0.00035 0.23860   0.336 0.115 0.366 0.265 
0.81964  36494       0.11527 0.26970 0.33413   0.00035 0.23971   0.334 0.115 0.366 0.264 
0.82064  36292       0.11527 0.26876 0.33220   0.00035 0.24081   0.332 0.115 0.365 0.262 
0.82164  36090       0.11527 0.26789 0.33025   0.00035 0.24193   0.330 0.115 0.365 0.261 
0.82263  35888       0.11527 0.26701 0.32827   0.00035 0.24307   0.328 0.115 0.365 0.259 
0.82363  35686       0.11527 0.26634 0.32688   0.00035 0.24387   0.327 0.115 0.365 0.258 
0.82463  35484       0.11527 0.26576 0.32573   0.00035 0.24453   0.326 0.115 0.365 0.257 
0.82563  35282       0.11527 0.26518 0.32459   0.00035 0.24520   0.325 0.115 0.365 0.256 
0.82663  35080       0.11527 0.26459 0.32343   0.00035 0.24587   0.323 0.115 0.365 0.255 
0.82763  34878       0.11527 0.26400 0.32226   0.00035 0.24656   0.322 0.115 0.365 0.253 
0.82862  34676       0.11520 0.26335 0.32107   0.00035 0.24725   0.321 0.115 0.365 0.252 
0.82962  34474       0.11520 0.26275 0.31986   0.00035 0.24796   0.320 0.115 0.365 0.251 
0.83062  34272       0.11520 0.26214 0.31865   0.00035 0.24868   0.319 0.115 0.365 0.250 
0.83162  34070       0.11488 0.26145 0.31741   0.00035 0.24940   0.317 0.115 0.365 0.249 
0.83262  33868       0.11488 0.26084 0.31617   0.00035 0.25014   0.316 0.115 0.365 0.247 
0.83362  33666       0.11488 0.26022 0.31491   0.00035 0.25089   0.315 0.115 0.365 0.246 
0.83461  33464       0.11480 0.25957 0.31366   0.00036 0.25163   0.314 0.115 0.365 0.245 
0.83561  33262       0.11480 0.25893 0.31240   0.00036 0.25238   0.312 0.115 0.365 0.244 
0.83661  33060       0.11480 0.25829 0.31114   0.00036 0.25314   0.311 0.115 0.365 0.242 
0.83761  32858       0.11480 0.25764 0.30985   0.00036 0.25392   0.310 0.115 0.365 0.241 
0.83861  32656       0.11480 0.25701 0.30856   0.00036 0.25469   0.309 0.115 0.365 0.240 
0.83961  32454       0.11480 0.25637 0.30727   0.00036 0.25548   0.307 0.115 0.365 0.239 
0.84060  32252       0.11480 0.25571 0.30597   0.00036 0.25626   0.306 0.115 0.365 0.237 
0.84160  32050       0.11472 0.25503 0.30467   0.00036 0.25705   0.305 0.115 0.365 0.236 
0.84260  31848       0.11472 0.25439 0.30336   0.00036 0.25785   0.303 0.115 0.365 0.235 
0.84360  31646       0.11472 0.25374 0.30204   0.00036 0.25866   0.302 0.115 0.365 0.234 
0.84460  31444       0.11441 0.25301 0.30072   0.00036 0.25948   0.301 0.114 0.365 0.232 
0.84560  31242       0.11433 0.25233 0.29940   0.00036 0.26028   0.299 0.114 0.365 0.231 
0.84659  31040       0.11433 0.25168 0.29809   0.00036 0.26110   0.298 0.114 0.365 0.230 
0.84759  30838       0.11433 0.25100 0.29674   0.00036 0.26193   0.297 0.114 0.364 0.228 
0.84859  30636       0.11433 0.25024 0.29539   0.00036 0.26277   0.295 0.114 0.364 0.227 
0.84959  30434       0.11433 0.24955 0.29405   0.00036 0.26361   0.294 0.114 0.364 0.226 
0.85059  30232       0.11433 0.24886 0.29269   0.00036 0.26446   0.293 0.114 0.364 0.224 
0.85158  30030       0.11433 0.24817 0.29134   0.00036 0.26531   0.291 0.114 0.364 0.223 
0.85258  29828       0.11433 0.24747 0.28998   0.00036 0.26617   0.290 0.114 0.364 0.222 
0.85358  29626       0.11433 0.24678 0.28858   0.00036 0.26706   0.289 0.114 0.364 0.220 
0.85458  29424       0.11433 0.24610 0.28720   0.00036 0.26794   0.287 0.114 0.364 0.219 
0.85558  29222       0.11433 0.24540 0.28577   0.00036 0.26885   0.286 0.114 0.364 0.218 
0.85658  29020       0.11433 0.24468 0.28434   0.00036 0.26977   0.284 0.114 0.364 0.216 
0.85757  28818       0.11425 0.24397 0.28293   0.00036 0.27068   0.283 0.114 0.364 0.215 
0.85857  28616       0.11323 0.24298 0.28149   0.00036 0.27161   0.281 0.113 0.364 0.214 
0.85957  28414       0.11323 0.24227 0.28003   0.00036 0.27255   0.280 0.113 0.364 0.212 
0.86057  28212       0.11323 0.24151 0.27862   0.00036 0.27347   0.279 0.113 0.363 0.211 
0.86157  28010       0.11284 0.24069 0.27714   0.00036 0.27444   0.277 0.113 0.363 0.209 
0.86257  27808       0.11260 0.23986 0.27567   0.00036 0.27540   0.276 0.113 0.363 0.208 
0.86356  27606       0.11260 0.23910 0.27420   0.00036 0.27637   0.274 0.113 0.363 0.206 
0.86456  27404       0.11260 0.23837 0.27272   0.00036 0.27735   0.273 0.113 0.363 0.205 
0.86556  27202       0.11260 0.23764 0.27122   0.00036 0.27835   0.271 0.113 0.363 0.204 
0.86656  27000       0.11253 0.23689 0.26970   0.00036 0.27935   0.270 0.113 0.363 0.202 
0.86756  26798       0.11253 0.23615 0.26819   0.00036 0.28037   0.268 0.113 0.363 0.201 
0.86856  26596       0.11245 0.23536 0.26664   0.00036 0.28141   0.267 0.112 0.363 0.199 
0.86955  26394       0.11143 0.23435 0.26507   0.00036 0.28247   0.265 0.111 0.363 0.198 
0.87055  26192       0.11135 0.23358 0.26352   0.00036 0.28352   0.264 0.111 0.363 0.196 
0.87155  25990       0.11135 0.23281 0.26197   0.00036 0.28458   0.262 0.111 0.363 0.195 
0.87255  25788       0.11135 0.23204 0.26035   0.00036 0.28569   0.260 0.111 0.363 0.194 
0.87355  25586       0.11135 0.23127 0.25872   0.00036 0.28681   0.259 0.111 0.363 0.192 
0.87455  25384       0.11119 0.23032 0.25704   0.00036 0.28797   0.257 0.111 0.362 0.191 
0.87554  25182       0.11119 0.22954 0.25539   0.00036 0.28911   0.255 0.111 0.362 0.189 
0.87654  24980       0.11119 0.22874 0.25370   0.00036 0.29029   0.254 0.111 0.362 0.188 
0.87754  24778       0.11119 0.22793 0.25199   0.00036 0.29149   0.252 0.111 0.362 0.186 
0.87854  24576       0.11119 0.22713 0.25026   0.00036 0.29271   0.250 0.111 0.362 0.185 
0.87954  24374       0.10962 0.22586 0.24849   0.00037 0.29397   0.248 0.110 0.362 0.183 
0.88054  24172       0.10860 0.22479 0.24670   0.00037 0.29524   0.247 0.109 0.362 0.182 
0.88153  23970       0.10742 0.22365 0.24491   0.00037 0.29652   0.245 0.107 0.362 0.180 
0.88253  23768       0.10719 0.22271 0.24310   0.00037 0.29782   0.243 0.107 0.362 0.179 
0.88353  23566       0.10719 0.22189 0.24129   0.00037 0.29914   0.241 0.107 0.362 0.177 
0.88453  23364       0.10695 0.22098 0.23946   0.00037 0.30047   0.239 0.107 0.362 0.176 
0.88553  23162       0.10695 0.22013 0.23762   0.00037 0.30181   0.238 0.107 0.362 0.174 
0.88653  22960       0.10695 0.21929 0.23576   0.00037 0.30319   0.236 0.107 0.362 0.173 
0.88752  22758       0.10695 0.21845 0.23389   0.00037 0.30457   0.234 0.107 0.362 0.171 
0.88852  22556       0.10695 0.21760 0.23201   0.00037 0.30598   0.232 0.107 0.362 0.170 
0.88952  22354       0.10648 0.21660 0.23011   0.00037 0.30740   0.230 0.106 0.361 0.168 
0.89052  22152       0.10648 0.21574 0.22821   0.00037 0.30883   0.228 0.106 0.361 0.167 
0.89152  21950       0.10648 0.21487 0.22629   0.00037 0.31029   0.226 0.106 0.361 0.165 
0.89252  21748       0.10640 0.21399 0.22436   0.00037 0.31177   0.224 0.106 0.361 0.164 
0.89351  21546       0.10640 0.21312 0.22243   0.00037 0.31325   0.222 0.106 0.361 0.162 
0.89451  21344       0.10640 0.21221 0.22048   0.00037 0.31476   0.220 0.106 0.361 0.161 
0.89551  21142       0.10601 0.21123 0.21851   0.00037 0.31629   0.219 0.106 0.361 0.159 
0.89651  20940       0.10601 0.21034 0.21654   0.00037 0.31784   0.217 0.106 0.361 0.158 
0.89751  20738       0.10593 0.20941 0.21454   0.00037 0.31942   0.215 0.106 0.361 0.156 
0.89851  20536       0.10593 0.20852 0.21253   0.00037 0.32103   0.213 0.106 0.361 0.154 
0.89950  20334       0.10593 0.20762 0.21050   0.00037 0.32265   0.211 0.106 0.361 0.153 
0.90050  20132       0.10507 0.20649 0.20843   0.00038 0.32432   0.208 0.105 0.361 0.151 
0.90150  19930       0.10507 0.20558 0.20636   0.00038 0.32600   0.206 0.105 0.361 0.150 
0.90250  19728       0.10507 0.20466 0.20428   0.00038 0.32771   0.204 0.105 0.361 0.148 
0.90350  19526       0.10507 0.20374 0.20218   0.00038 0.32945   0.202 0.105 0.361 0.146 
0.90450  19324       0.10507 0.20281 0.20006   0.00038 0.33121   0.200 0.105 0.361 0.145 
0.90549  19122       0.10507 0.20187 0.19794   0.00038 0.33299   0.198 0.105 0.361 0.143 
0.90649  18920       0.10507 0.20093 0.19579   0.00038 0.33481   0.196 0.105 0.361 0.142 
0.90749  18718       0.10459 0.19987 0.19362   0.00038 0.33666   0.194 0.105 0.361 0.140 
0.90849  18516       0.10459 0.19892 0.19145   0.00038 0.33853   0.191 0.105 0.361 0.138 
0.90949  18314       0.10459 0.19793 0.18925   0.00038 0.34044   0.189 0.105 0.361 0.137 
0.91049  18112       0.10459 0.19697 0.18705   0.00038 0.34236   0.187 0.105 0.361 0.135 
0.91148  17910       0.10459 0.19601 0.18484   0.00038 0.34431   0.185 0.105 0.361 0.134 
0.91248  17708       0.10459 0.19504 0.18260   0.00038 0.34631   0.183 0.105 0.361 0.132 
0.91348  17506       0.10444 0.19402 0.18035   0.00038 0.34833   0.180 0.104 0.361 0.130 
0.91448  17304       0.10444 0.19304 0.17809   0.00038 0.35038   0.178 0.104 0.361 0.129 
0.91548  17102       0.10389 0.19192 0.17580   0.00038 0.35247   0.176 0.104 0.361 0.127 
0.91648  16900       0.10342 0.19070 0.17348   0.00039 0.35463   0.173 0.103 0.361 0.125 
0.91747  16698       0.10342 0.18970 0.17117   0.00039 0.35678   0.171 0.103 0.361 0.124 
0.91847  16496       0.10342 0.18871 0.16884   0.00039 0.35898   0.169 0.103 0.361 0.122 
0.91947  16294       0.10342 0.18770 0.16650   0.00039 0.36121   0.167 0.103 0.361 0.120 
0.92047  16092       0.10342 0.18669 0.16414   0.00039 0.36349   0.164 0.103 0.361 0.119 
0.92147  15890       0.10342 0.18568 0.16178   0.00039 0.36579   0.162 0.103 0.361 0.117 
0.92247  15688       0.10310 0.18458 0.15939   0.00039 0.36814   0.159 0.103 0.361 0.115 
0.92346  15486       0.10310 0.18355 0.15700   0.00039 0.37053   0.157 0.103 0.361 0.113 
0.92446  15284       0.10310 0.18252 0.15460   0.00039 0.37295   0.155 0.103 0.361 0.112 
0.92546  15082       0.10310 0.18149 0.15217   0.00039 0.37542   0.152 0.103 0.361 0.110 
0.92646  14880       0.10310 0.18045 0.14973   0.00039 0.37794   0.150 0.103 0.361 0.108 
0.92746  14678       0.10295 0.17937 0.14728   0.00039 0.38051   0.147 0.103 0.361 0.107 
0.92846  14476       0.10295 0.17832 0.14481   0.00040 0.38312   0.145 0.103 0.361 0.105 
0.92945  14274       0.10295 0.17726 0.14233   0.00040 0.38578   0.142 0.103 0.361 0.103 
0.93045  14072       0.10139 0.17612 0.13983   0.00040 0.38850   0.140 0.103 0.361 0.101 
0.93145  13870       0.09964 0.17472 0.13731   0.00040 0.39127   0.137 0.101 0.361 0.100 
0.93245  13668       0.09788 0.17365 0.13480   0.00040 0.39407   0.135 0.101 0.361 0.098 
0.93345  13466       0.09611 0.17258 0.13227   0.00040 0.39693   0.132 0.101 0.361 0.096 
0.93445  13264       0.09431 0.17142 0.12972   0.00040 0.39986   0.130 0.101 0.361 0.094 
0.93544  13062       0.09254 0.17020 0.12716   0.00040 0.40284   0.127 0.101 0.361 0.093 
0.93644  12860       0.09077 0.16911 0.12459   0.00040 0.40588   0.125 0.101 0.361 0.091 
0.93744  12658       0.08897 0.16802 0.12202   0.00041 0.40898   0.122 0.101 0.361 0.089 
0.93844  12456       0.08718 0.16684 0.11941   0.00041 0.41215   0.119 0.100 0.361 0.087 
0.93944  12254       0.08540 0.16558 0.11680   0.00041 0.41540   0.117 0.100 0.361 0.085 
0.94044  12052       0.08381 0.16412 0.11447   0.00041 0.41834   0.114 0.099 0.359 0.084 
0.94143  11850       0.08271 0.16202 0.11288   0.00041 0.42036   0.113 0.099 0.353 0.083 
0.94243  11648       0.08159 0.15993 0.11128   0.00041 0.42243   0.111 0.099 0.348 0.082 
0.94343  11446       0.08047 0.15780 0.10969   0.00041 0.42451   0.110 0.099 0.342 0.080 
0.94443  11244       0.07933 0.15566 0.10806   0.00042 0.42665   0.108 0.099 0.336 0.079 
0.94543  11042       0.07821 0.15352 0.10646   0.00042 0.42879   0.106 0.099 0.330 0.078 
0.94643  10840       0.07702 0.15143 0.10479   0.00042 0.43105   0.105 0.099 0.325 0.077 
0.94742  10638       0.07583 0.14931 0.10310   0.00042 0.43335   0.103 0.099 0.319 0.076 
0.94842  10436       0.07462 0.14721 0.10140   0.00042 0.43570   0.101 0.099 0.314 0.075 
0.94942  10234       0.07345 0.14505 0.09973   0.00042 0.43803   0.100 0.099 0.308 0.073 
0.95042  10032       0.07224 0.14289 0.09806   0.00042 0.44040   0.098 0.099 0.302 0.072 
0.95142  9830        0.07048 0.13816 0.09517   0.00043 0.44457   0.095 0.086 0.301 0.070 
0.95242  9628        0.06927 0.13474 0.09342   0.00044 0.44715   0.093 0.082 0.295 0.069 
0.95341  9426        0.06804 0.13254 0.09173   0.00044 0.44967   0.092 0.081 0.289 0.068 
0.95441  9224        0.06678 0.13034 0.08999   0.00044 0.45229   0.090 0.081 0.283 0.067 
0.95541  9022        0.06551 0.12821 0.08823   0.00044 0.45500   0.088 0.081 0.278 0.066 
0.95641  8820        0.06421 0.12610 0.08640   0.00044 0.45784   0.086 0.081 0.273 0.064 
0.95741  8618        0.06288 0.12398 0.08455   0.00044 0.46077   0.085 0.081 0.267 0.063 
0.95841  8416        0.06156 0.12182 0.08272   0.00045 0.46371   0.083 0.081 0.262 0.062 
0.95940  8214        0.06024 0.11962 0.08089   0.00045 0.46670   0.081 0.081 0.256 0.060 
0.96040  8012        0.05886 0.11741 0.07895   0.00045 0.46992   0.079 0.081 0.251 0.059 
0.96140  7810        0.05748 0.11523 0.07705   0.00045 0.47315   0.077 0.081 0.246 0.057 
0.96240  7608        0.05607 0.11300 0.07508   0.00046 0.47655   0.075 0.081 0.240 0.056 
0.96340  7406        0.05465 0.11080 0.07312   0.00046 0.48000   0.073 0.081 0.235 0.055 
0.96440  7204        0.05322 0.10853 0.07117   0.00046 0.48349   0.071 0.081 0.229 0.053 
0.96539  7002        0.05182 0.10615 0.06929   0.00046 0.48694   0.069 0.081 0.223 0.052 
0.96639  6800        0.05040 0.10380 0.06736   0.00046 0.49054   0.067 0.081 0.217 0.050 
0.96739  6598        0.04893 0.10144 0.06534   0.00047 0.49441   0.065 0.080 0.211 0.049 
0.96839  6396        0.04748 0.09906 0.06336   0.00047 0.49828   0.063 0.080 0.205 0.047 
0.96939  6194        0.04602 0.09667 0.06136   0.00047 0.50229   0.061 0.080 0.199 0.046 
0.97039  5992        0.04455 0.09418 0.05938   0.00048 0.50636   0.059 0.080 0.192 0.045 
0.97138  5790        0.04306 0.09171 0.05736   0.00048 0.51061   0.057 0.080 0.186 0.043 
0.97238  5588        0.04155 0.08922 0.05532   0.00048 0.51501   0.055 0.080 0.180 0.042 
0.97338  5386        0.04002 0.08667 0.05329   0.00049 0.51953   0.053 0.080 0.173 0.040 
0.97438  5184        0.03848 0.08413 0.05121   0.00049 0.52429   0.051 0.080 0.167 0.038 
0.97538  4982        0.03692 0.08144 0.04909   0.00049 0.52931   0.049 0.080 0.160 0.037 
0.97638  4780        0.03535 0.07879 0.04698   0.00050 0.53444   0.047 0.079 0.154 0.035 
0.97737  4578        0.03380 0.07616 0.04486   0.00050 0.53978   0.045 0.079 0.147 0.034 
0.97837  4376        0.03224 0.07349 0.04272   0.00050 0.54537   0.043 0.079 0.140 0.032 
0.97937  4174        0.03067 0.07081 0.04056   0.00051 0.55123   0.041 0.079 0.133 0.031 
0.98037  3972        0.02909 0.06810 0.03837   0.00051 0.55740   0.038 0.079 0.126 0.029 
0.98137  3770        0.02750 0.06534 0.03618   0.00052 0.56388   0.036 0.079 0.118 0.027 
0.98237  3568        0.02588 0.06257 0.03393   0.00052 0.57081   0.034 0.079 0.111 0.026 
0.98336  3366        0.02427 0.05975 0.03167   0.00053 0.57816   0.032 0.079 0.104 0.024 
0.98436  3164        0.02262 0.05688 0.02936   0.00053 0.58607   0.029 0.079 0.096 0.023 
0.98536  2962        0.02103 0.05392 0.02711   0.00054 0.59423   0.027 0.078 0.089 0.021 
0.98636  2760        0.01979 0.05057 0.02539   0.00055 0.60082   0.025 0.074 0.084 0.020 
0.98736  2558        0.01852 0.04714 0.02368   0.00056 0.60773   0.024 0.069 0.078 0.019 
0.98836  2356        0.01724 0.04367 0.02198   0.00056 0.61496   0.022 0.063 0.072 0.017 
0.98935  2154        0.01596 0.04045 0.02036   0.00057 0.62228   0.020 0.059 0.067 0.016 
0.99035  1952        0.01465 0.03729 0.01868   0.00058 0.63028   0.019 0.054 0.062 0.015 
0.99135  1750        0.01332 0.03405 0.01701   0.00059 0.63884   0.017 0.050 0.056 0.013 
0.99235  1548        0.01198 0.03076 0.01533   0.00060 0.64814   0.015 0.045 0.051 0.012 
0.99335  1346        0.01056 0.02736 0.01358   0.00061 0.65863   0.014 0.040 0.045 0.011 
0.99435  1144        0.00912 0.02343 0.01194   0.00062 0.66944   0.012 0.035 0.038 0.009 
0.99534  942         0.00766 0.01906 0.01028   0.00064 0.68161   0.010 0.028 0.030 0.008 
0.99634  740         0.00611 0.01474 0.00852   0.00066 0.69620   0.009 0.022 0.023 0.006 
0.99734  538         0.00458 0.01094 0.00656   0.00069 0.71545   0.007 0.016 0.016 0.005 
0.99834  336         0.00296 0.00704 0.00437   0.00072 0.74290   0.004 0.011 0.010 0.003 
0.99934  134         0.00122 0.00280 0.00185   0.00077 0.79254   0.002 0.004 0.004 0.001 
1.00000  0           0.00000 0.00000 0.00000   0.00100 1.00000   0.000 0.000 0.000 0.000 
