ADMU id: 1: F-lost, TF-cost	min-1 mean-1 wmean-1 max-1	
0.00001	0         	0.26898 	0.26898 	0.26898 	0.26898 	
0.00101	0         	0.26898 	0.26898 	0.26898 	0.26898 	
0.00201	0         	0.26898 	0.26898 	0.26898 	0.26898 	
0.00301	0         	0.26898 	0.26898 	0.26898 	0.26898 	
0.00401	0         	0.26898 	0.26898 	0.26898 	0.26898 	
0.00501	0         	0.26898 	0.26898 	0.26898 	0.26898 	
0.00601	0         	0.26898 	0.26898 	0.26898 	0.26898 	
0.00701	0         	0.26898 	0.26898 	0.26898 	0.26898 	
0.00801	0         	0.26898 	0.26898 	0.26898 	0.26898 	
0.00901	0         	0.26898 	0.26898 	0.26898 	0.26898 	
0.01001	0         	0.26898 	0.26898 	0.26898 	0.26898 	
0.01101	0         	0.26898 	0.26898 	0.26898 	0.26898 	
0.01201	0         	0.26898 	0.26898 	0.26898 	0.26898 	
0.01301	0         	0.26898 	0.26898 	0.26898 	0.26898 	
0.01401	0         	0.26898 	0.26898 	0.26898 	0.26898 	
0.01501	0         	0.26898 	0.26898 	0.26898 	0.26898 	
0.01601	0         	0.26898 	0.26898 	0.26898 	0.26898 	
0.01701	0         	0.26898 	0.26898 	0.26898 	0.26898 	
0.01801	0         	0.26898 	0.26898 	0.26898 	0.26898 	
0.01901	0         	0.26898 	0.26898 	0.26898 	0.26898 	
0.02001	0         	0.26897 	0.26897 	0.26897 	0.26897 	
0.02101	0         	0.26897 	0.26897 	0.26897 	0.26897 	
0.02201	0         	0.26897 	0.26897 	0.26897 	0.26897 	
0.02301	0         	0.26897 	0.26897 	0.26897 	0.26897 	
0.02401	0         	0.26897 	0.26897 	0.26897 	0.26897 	
0.02501	0         	0.26897 	0.26897 	0.26897 	0.26897 	
0.02601	0         	0.26897 	0.26897 	0.26897 	0.26897 	
0.02701	0         	0.26897 	0.26897 	0.26897 	0.26897 	
0.02801	0         	0.26897 	0.26897 	0.26897 	0.26897 	
0.02901	0         	0.26897 	0.26897 	0.26897 	0.26897 	
0.03001	0         	0.26897 	0.26897 	0.26897 	0.26897 	
0.03101	0         	0.26897 	0.26897 	0.26897 	0.26897 	
0.03201	0         	0.26897 	0.26897 	0.26897 	0.26897 	
0.03301	0         	0.26897 	0.26897 	0.26897 	0.26897 	
0.03401	0         	0.26897 	0.26897 	0.26897 	0.26897 	
0.03501	0         	0.26897 	0.26897 	0.26897 	0.26897 	
0.03601	0         	0.26897 	0.26897 	0.26897 	0.26897 	
0.03701	0         	0.26897 	0.26897 	0.26897 	0.26897 	
0.03801	0         	0.26897 	0.26897 	0.26897 	0.26897 	
0.03901	0         	0.26897 	0.26897 	0.26897 	0.26897 	
0.04001	0         	0.26897 	0.26897 	0.26897 	0.26897 	
0.04101	0         	0.26897 	0.26897 	0.26897 	0.26897 	
0.04201	0         	0.26897 	0.26897 	0.26897 	0.26897 	
0.04301	0         	0.26897 	0.26897 	0.26897 	0.26897 	
0.04401	0         	0.26897 	0.26897 	0.26897 	0.26897 	
0.04501	0         	0.26897 	0.26897 	0.26897 	0.26897 	
0.04601	0         	0.26897 	0.26897 	0.26897 	0.26897 	
0.04701	0         	0.26897 	0.26897 	0.26897 	0.26897 	
0.04801	0         	0.26897 	0.26897 	0.26897 	0.26897 	
0.04901	0         	0.26897 	0.26897 	0.26897 	0.26897 	
0.05001	0         	0.26897 	0.26897 	0.26897 	0.26897 	
0.05101	0         	0.26897 	0.26897 	0.26897 	0.26897 	
0.05201	0         	0.26897 	0.26897 	0.26897 	0.26897 	
0.05301	0         	0.26897 	0.26897 	0.26897 	0.26897 	
0.05401	0         	0.26897 	0.26897 	0.26897 	0.26897 	
0.05500	0         	0.26897 	0.26897 	0.26897 	0.26897 	
0.05600	0         	0.26897 	0.26897 	0.26897 	0.26897 	
0.05700	0         	0.26897 	0.26897 	0.26897 	0.26897 	
0.05800	0         	0.26897 	0.26897 	0.26897 	0.26897 	
0.05900	0         	0.26896 	0.26896 	0.26896 	0.26896 	
0.06000	0         	0.26896 	0.26896 	0.26896 	0.26896 	
0.06100	0         	0.26896 	0.26896 	0.26896 	0.26896 	
0.06200	0         	0.26896 	0.26896 	0.26896 	0.26896 	
0.06300	0         	0.26896 	0.26896 	0.26896 	0.26896 	
0.06400	0         	0.26896 	0.26896 	0.26896 	0.26896 	
0.06500	0         	0.26896 	0.26896 	0.26896 	0.26896 	
0.06600	0         	0.26896 	0.26896 	0.26896 	0.26896 	
0.06700	0         	0.26896 	0.26896 	0.26896 	0.26896 	
0.06800	0         	0.26896 	0.26896 	0.26896 	0.26896 	
0.06900	0         	0.26896 	0.26896 	0.26896 	0.26896 	
0.07000	0         	0.26896 	0.26896 	0.26896 	0.26896 	
0.07100	0         	0.26896 	0.26896 	0.26896 	0.26896 	
0.07200	0         	0.26896 	0.26896 	0.26896 	0.26896 	
0.07300	0         	0.26896 	0.26896 	0.26896 	0.26896 	
0.07400	0         	0.26895 	0.26895 	0.26895 	0.26895 	
0.07500	0         	0.26895 	0.26895 	0.26895 	0.26895 	
0.07600	0         	0.26895 	0.26895 	0.26895 	0.26895 	
0.07700	0         	0.26895 	0.26895 	0.26895 	0.26895 	
0.07800	0         	0.26895 	0.26895 	0.26895 	0.26895 	
0.07900	0         	0.26895 	0.26895 	0.26895 	0.26895 	
0.08000	0         	0.26895 	0.26895 	0.26895 	0.26895 	
0.08100	0         	0.26895 	0.26895 	0.26895 	0.26895 	
0.08200	0         	0.26894 	0.26894 	0.26894 	0.26894 	
0.08300	0         	0.26893 	0.26893 	0.26893 	0.26893 	
0.08400	0         	0.26893 	0.26893 	0.26893 	0.26893 	
0.08500	0         	0.26893 	0.26893 	0.26893 	0.26893 	
0.08600	0         	0.26892 	0.26892 	0.26892 	0.26892 	
0.08700	0         	0.26891 	0.26891 	0.26891 	0.26891 	
0.08800	0         	0.26890 	0.26890 	0.26890 	0.26890 	
0.08900	0         	0.26890 	0.26890 	0.26890 	0.26890 	
0.09000	0         	0.26889 	0.26889 	0.26889 	0.26889 	
0.09100	0         	0.26888 	0.26888 	0.26888 	0.26888 	
0.09200	0         	0.26887 	0.26887 	0.26887 	0.26887 	
0.09300	0         	0.26885 	0.26885 	0.26885 	0.26885 	
0.09400	0         	0.26884 	0.26884 	0.26884 	0.26884 	
0.09500	0         	0.26882 	0.26882 	0.26882 	0.26882 	
0.09600	0         	0.26880 	0.26880 	0.26880 	0.26880 	
0.09700	0         	0.26878 	0.26878 	0.26878 	0.26878 	
0.09800	0         	0.26877 	0.26877 	0.26877 	0.26877 	
0.09900	0         	0.26877 	0.26877 	0.26877 	0.26877 	
0.10000	0         	0.26877 	0.26877 	0.26877 	0.26877 	
0.10100	0         	0.26877 	0.26877 	0.26877 	0.26877 	
0.10200	0         	0.26877 	0.26877 	0.26877 	0.26877 	
0.10300	0         	0.26877 	0.26877 	0.26877 	0.26877 	
0.10400	0         	0.26877 	0.26877 	0.26877 	0.26877 	
0.10500	0         	0.26877 	0.26877 	0.26877 	0.26877 	
0.10600	0         	0.26877 	0.26877 	0.26877 	0.26877 	
0.10700	0         	0.26877 	0.26877 	0.26877 	0.26877 	
0.10800	0         	0.26877 	0.26877 	0.26877 	0.26877 	
0.10900	0         	0.26877 	0.26877 	0.26877 	0.26877 	
0.11000	0         	0.26877 	0.26877 	0.26877 	0.26877 	
0.11100	0         	0.26876 	0.26876 	0.26876 	0.26876 	
0.11200	0         	0.26874 	0.26874 	0.26874 	0.26874 	
0.11300	0         	0.26873 	0.26873 	0.26873 	0.26873 	
0.11400	0         	0.26872 	0.26872 	0.26872 	0.26872 	
0.11500	0         	0.26870 	0.26870 	0.26870 	0.26870 	
0.11600	0         	0.26869 	0.26869 	0.26869 	0.26869 	
0.11700	0         	0.26869 	0.26869 	0.26869 	0.26869 	
0.11800	0         	0.26869 	0.26869 	0.26869 	0.26869 	
0.11900	0         	0.26869 	0.26869 	0.26869 	0.26869 	
0.12000	0         	0.26869 	0.26869 	0.26869 	0.26869 	
0.12100	0         	0.26869 	0.26869 	0.26869 	0.26869 	
0.12200	0         	0.26869 	0.26869 	0.26869 	0.26869 	
0.12300	0         	0.26869 	0.26869 	0.26869 	0.26869 	
0.12400	0         	0.26869 	0.26869 	0.26869 	0.26869 	
0.12500	0         	0.26869 	0.26869 	0.26869 	0.26869 	
0.12600	0         	0.26869 	0.26869 	0.26869 	0.26869 	
0.12700	0         	0.26869 	0.26869 	0.26869 	0.26869 	
0.12800	0         	0.26869 	0.26869 	0.26869 	0.26869 	
0.12900	0         	0.26867 	0.26867 	0.26867 	0.26867 	
0.13000	0         	0.26865 	0.26865 	0.26865 	0.26865 	
0.13100	0         	0.26863 	0.26863 	0.26863 	0.26863 	
0.13200	0         	0.26862 	0.26862 	0.26862 	0.26862 	
0.13300	0         	0.26860 	0.26860 	0.26860 	0.26860 	
0.13400	0         	0.26860 	0.26860 	0.26860 	0.26860 	
0.13500	0         	0.26859 	0.26859 	0.26859 	0.26859 	
0.13600	0         	0.26859 	0.26859 	0.26859 	0.26859 	
0.13700	0         	0.26859 	0.26859 	0.26859 	0.26859 	
0.13800	0         	0.26859 	0.26859 	0.26859 	0.26859 	
0.13900	0         	0.26859 	0.26859 	0.26859 	0.26859 	
0.14000	0         	0.26859 	0.26859 	0.26859 	0.26859 	
0.14100	0         	0.26859 	0.26859 	0.26859 	0.26859 	
0.14200	0         	0.26859 	0.26859 	0.26859 	0.26859 	
0.14300	0         	0.26858 	0.26858 	0.26858 	0.26858 	
0.14400	0         	0.26858 	0.26858 	0.26858 	0.26858 	
0.14500	0         	0.26858 	0.26858 	0.26858 	0.26858 	
0.14600	0         	0.26858 	0.26858 	0.26858 	0.26858 	
0.14700	0         	0.26858 	0.26858 	0.26858 	0.26858 	
0.14800	0         	0.26858 	0.26858 	0.26858 	0.26858 	
0.14900	0         	0.26858 	0.26858 	0.26858 	0.26858 	
0.15000	0         	0.26858 	0.26858 	0.26858 	0.26858 	
0.15100	0         	0.26856 	0.26856 	0.26856 	0.26856 	
0.15200	0         	0.26854 	0.26854 	0.26854 	0.26854 	
0.15300	0         	0.26852 	0.26852 	0.26852 	0.26852 	
0.15400	0         	0.26851 	0.26851 	0.26851 	0.26851 	
0.15500	0         	0.26849 	0.26849 	0.26849 	0.26849 	
0.15600	0         	0.26849 	0.26849 	0.26849 	0.26849 	
0.15700	0         	0.26849 	0.26849 	0.26849 	0.26849 	
0.15800	0         	0.26849 	0.26849 	0.26849 	0.26849 	
0.15900	0         	0.26849 	0.26849 	0.26849 	0.26849 	
0.16000	0         	0.26849 	0.26849 	0.26849 	0.26849 	
0.16100	0         	0.26849 	0.26849 	0.26849 	0.26849 	
0.16200	0         	0.26849 	0.26849 	0.26849 	0.26849 	
0.16300	0         	0.26849 	0.26849 	0.26849 	0.26849 	
0.16400	0         	0.26847 	0.26847 	0.26847 	0.26847 	
0.16500	0         	0.26845 	0.26845 	0.26845 	0.26845 	
0.16600	0         	0.26843 	0.26843 	0.26843 	0.26843 	
0.16700	0         	0.26841 	0.26841 	0.26841 	0.26841 	
0.16799	0         	0.26839 	0.26839 	0.26839 	0.26839 	
0.16899	0         	0.26839 	0.26839 	0.26839 	0.26839 	
0.16999	0         	0.26839 	0.26839 	0.26839 	0.26839 	
0.17099	0         	0.26839 	0.26839 	0.26839 	0.26839 	
0.17199	0         	0.26839 	0.26839 	0.26839 	0.26839 	
0.17299	0         	0.26839 	0.26839 	0.26839 	0.26839 	
0.17399	0         	0.26839 	0.26839 	0.26839 	0.26839 	
0.17499	0         	0.26839 	0.26839 	0.26839 	0.26839 	
0.17599	0         	0.26839 	0.26839 	0.26839 	0.26839 	
0.17699	0         	0.26839 	0.26839 	0.26839 	0.26839 	
0.17799	0         	0.26839 	0.26839 	0.26839 	0.26839 	
0.17899	0         	0.26839 	0.26839 	0.26839 	0.26839 	
0.17999	0         	0.26839 	0.26839 	0.26839 	0.26839 	
0.18099	0         	0.26839 	0.26839 	0.26839 	0.26839 	
0.18199	0         	0.26839 	0.26839 	0.26839 	0.26839 	
0.18299	0         	0.26838 	0.26838 	0.26838 	0.26838 	
0.18399	0         	0.26836 	0.26836 	0.26836 	0.26836 	
0.18499	0         	0.26834 	0.26834 	0.26834 	0.26834 	
0.18599	0         	0.26832 	0.26832 	0.26832 	0.26832 	
0.18699	0         	0.26830 	0.26830 	0.26830 	0.26830 	
0.18799	0         	0.26828 	0.26828 	0.26828 	0.26828 	
0.18899	0         	0.26828 	0.26828 	0.26828 	0.26828 	
0.18999	0         	0.26828 	0.26828 	0.26828 	0.26828 	
0.19099	0         	0.26828 	0.26828 	0.26828 	0.26828 	
0.19199	0         	0.26828 	0.26828 	0.26828 	0.26828 	
0.19299	0         	0.26828 	0.26828 	0.26828 	0.26828 	
0.19399	0         	0.26828 	0.26828 	0.26828 	0.26828 	
0.19499	0         	0.26828 	0.26828 	0.26828 	0.26828 	
0.19599	0         	0.26828 	0.26828 	0.26828 	0.26828 	
0.19699	0         	0.26828 	0.26828 	0.26828 	0.26828 	
0.19799	0         	0.26828 	0.26828 	0.26828 	0.26828 	
0.19899	0         	0.26828 	0.26828 	0.26828 	0.26828 	
0.19999	0         	0.26828 	0.26828 	0.26828 	0.26828 	
0.20099	0         	0.26826 	0.26826 	0.26826 	0.26826 	
0.20199	0         	0.26823 	0.26823 	0.26823 	0.26823 	
0.20299	0         	0.26820 	0.26820 	0.26820 	0.26820 	
0.20399	0         	0.26818 	0.26818 	0.26818 	0.26818 	
0.20499	0         	0.26818 	0.26818 	0.26818 	0.26818 	
0.20599	0         	0.26818 	0.26818 	0.26818 	0.26818 	
0.20699	0         	0.26818 	0.26818 	0.26818 	0.26818 	
0.20799	0         	0.26818 	0.26818 	0.26818 	0.26818 	
0.20899	0         	0.26818 	0.26818 	0.26818 	0.26818 	
0.20999	0         	0.26818 	0.26818 	0.26818 	0.26818 	
0.21099	0         	0.26818 	0.26818 	0.26818 	0.26818 	
0.21199	0         	0.26818 	0.26818 	0.26818 	0.26818 	
0.21299	0         	0.26818 	0.26818 	0.26818 	0.26818 	
0.21399	0         	0.26818 	0.26818 	0.26818 	0.26818 	
0.21499	0         	0.26818 	0.26818 	0.26818 	0.26818 	
0.21599	0         	0.26818 	0.26818 	0.26818 	0.26818 	
0.21699	0         	0.26817 	0.26817 	0.26817 	0.26817 	
0.21799	0         	0.26814 	0.26814 	0.26814 	0.26814 	
0.21899	0         	0.26811 	0.26811 	0.26811 	0.26811 	
0.21999	0         	0.26809 	0.26809 	0.26809 	0.26809 	
0.22099	0         	0.26806 	0.26806 	0.26806 	0.26806 	
0.22199	0         	0.26805 	0.26805 	0.26805 	0.26805 	
0.22299	0         	0.26805 	0.26805 	0.26805 	0.26805 	
0.22399	0         	0.26805 	0.26805 	0.26805 	0.26805 	
0.22499	0         	0.26805 	0.26805 	0.26805 	0.26805 	
0.22599	0         	0.26805 	0.26805 	0.26805 	0.26805 	
0.22699	0         	0.26805 	0.26805 	0.26805 	0.26805 	
0.22799	0         	0.26805 	0.26805 	0.26805 	0.26805 	
0.22899	0         	0.26805 	0.26805 	0.26805 	0.26805 	
0.22999	0         	0.26805 	0.26805 	0.26805 	0.26805 	
0.23099	0         	0.26805 	0.26805 	0.26805 	0.26805 	
0.23199	0         	0.26805 	0.26805 	0.26805 	0.26805 	
0.23299	0         	0.26805 	0.26805 	0.26805 	0.26805 	
0.23399	0         	0.26805 	0.26805 	0.26805 	0.26805 	
0.23499	0         	0.26802 	0.26802 	0.26802 	0.26802 	
0.23599	0         	0.26800 	0.26800 	0.26800 	0.26800 	
0.23699	0         	0.26797 	0.26797 	0.26797 	0.26797 	
0.23799	0         	0.26795 	0.26795 	0.26795 	0.26795 	
0.23899	0         	0.26793 	0.26793 	0.26793 	0.26793 	
0.23999	0         	0.26793 	0.26793 	0.26793 	0.26793 	
0.24099	0         	0.26793 	0.26793 	0.26793 	0.26793 	
0.24199	0         	0.26793 	0.26793 	0.26793 	0.26793 	
0.24299	0         	0.26793 	0.26793 	0.26793 	0.26793 	
0.24399	0         	0.26793 	0.26793 	0.26793 	0.26793 	
0.24499	0         	0.26793 	0.26793 	0.26793 	0.26793 	
0.24599	0         	0.26793 	0.26793 	0.26793 	0.26793 	
0.24699	0         	0.26793 	0.26793 	0.26793 	0.26793 	
0.24799	0         	0.26793 	0.26793 	0.26793 	0.26793 	
0.24899	0         	0.26793 	0.26793 	0.26793 	0.26793 	
0.24999	0         	0.26793 	0.26793 	0.26793 	0.26793 	
0.25099	0         	0.26792 	0.26792 	0.26792 	0.26792 	
0.25199	0         	0.26789 	0.26789 	0.26789 	0.26789 	
0.25299	0         	0.26786 	0.26786 	0.26786 	0.26786 	
0.25399	0         	0.26783 	0.26783 	0.26783 	0.26783 	
0.25499	0         	0.26780 	0.26780 	0.26780 	0.26780 	
0.25599	0         	0.26780 	0.26780 	0.26780 	0.26780 	
0.25699	0         	0.26780 	0.26780 	0.26780 	0.26780 	
0.25799	0         	0.26780 	0.26780 	0.26780 	0.26780 	
0.25899	0         	0.26780 	0.26780 	0.26780 	0.26780 	
0.25999	0         	0.26780 	0.26780 	0.26780 	0.26780 	
0.26099	0         	0.26780 	0.26780 	0.26780 	0.26780 	
0.26199	0         	0.26780 	0.26780 	0.26780 	0.26780 	
0.26299	0         	0.26780 	0.26780 	0.26780 	0.26780 	
0.26399	0         	0.26780 	0.26780 	0.26780 	0.26780 	
0.26499	0         	0.26780 	0.26780 	0.26780 	0.26780 	
0.26599	0         	0.26780 	0.26780 	0.26780 	0.26780 	
0.26699	0         	0.26776 	0.26776 	0.26776 	0.26776 	
0.26799	0         	0.26773 	0.26773 	0.26773 	0.26773 	
0.26899	0         	0.26768 	0.26768 	0.26768 	0.26768 	
0.26999	0         	0.26765 	0.26765 	0.26765 	0.26765 	
0.27099	0         	0.26762 	0.26762 	0.26762 	0.26762 	
0.27199	0         	0.26762 	0.26762 	0.26762 	0.26762 	
0.27299	0         	0.26762 	0.26762 	0.26762 	0.26762 	
0.27399	0         	0.26762 	0.26762 	0.26762 	0.26762 	
0.27499	0         	0.26762 	0.26762 	0.26762 	0.26762 	
0.27599	0         	0.26762 	0.26762 	0.26762 	0.26762 	
0.27699	0         	0.26762 	0.26762 	0.26762 	0.26762 	
0.27799	0         	0.26759 	0.26759 	0.26759 	0.26759 	
0.27899	0         	0.26756 	0.26756 	0.26756 	0.26756 	
0.27998	0         	0.26752 	0.26752 	0.26752 	0.26752 	
0.28098	0         	0.26749 	0.26749 	0.26749 	0.26749 	
0.28198	0         	0.26747 	0.26747 	0.26747 	0.26747 	
0.28298	0         	0.26747 	0.26747 	0.26747 	0.26747 	
0.28398	0         	0.26747 	0.26747 	0.26747 	0.26747 	
0.28498	0         	0.26747 	0.26747 	0.26747 	0.26747 	
0.28598	0         	0.26747 	0.26747 	0.26747 	0.26747 	
0.28698	0         	0.26747 	0.26747 	0.26747 	0.26747 	
0.28798	0         	0.26747 	0.26747 	0.26747 	0.26747 	
0.28898	0         	0.26747 	0.26747 	0.26747 	0.26747 	
0.28998	0         	0.26747 	0.26747 	0.26747 	0.26747 	
0.29098	0         	0.26747 	0.26747 	0.26747 	0.26747 	
0.29198	0         	0.26747 	0.26747 	0.26747 	0.26747 	
0.29298	0         	0.26743 	0.26743 	0.26743 	0.26743 	
0.29398	0         	0.26740 	0.26740 	0.26740 	0.26740 	
0.29498	0         	0.26737 	0.26737 	0.26737 	0.26737 	
0.29598	0         	0.26733 	0.26733 	0.26733 	0.26733 	
0.29698	0         	0.26733 	0.26733 	0.26733 	0.26733 	
0.29798	0         	0.26733 	0.26733 	0.26733 	0.26733 	
0.29898	0         	0.26733 	0.26733 	0.26733 	0.26733 	
0.29998	0         	0.26733 	0.26733 	0.26733 	0.26733 	
0.30098	0         	0.26733 	0.26733 	0.26733 	0.26733 	
0.30198	0         	0.26733 	0.26733 	0.26733 	0.26733 	
0.30298	0         	0.26733 	0.26733 	0.26733 	0.26733 	
0.30398	0         	0.26733 	0.26733 	0.26733 	0.26733 	
0.30498	0         	0.26733 	0.26733 	0.26733 	0.26733 	
0.30598	0         	0.26733 	0.26733 	0.26733 	0.26733 	
0.30698	0         	0.26729 	0.26729 	0.26729 	0.26729 	
0.30798	0         	0.26726 	0.26726 	0.26726 	0.26726 	
0.30898	0         	0.26722 	0.26722 	0.26722 	0.26722 	
0.30998	0         	0.26721 	0.26721 	0.26721 	0.26721 	
0.31098	0         	0.26719 	0.26719 	0.26719 	0.26719 	
0.31198	0         	0.26719 	0.26719 	0.26719 	0.26719 	
0.31298	0         	0.26719 	0.26719 	0.26719 	0.26719 	
0.31398	0         	0.26719 	0.26719 	0.26719 	0.26719 	
0.31498	0         	0.26719 	0.26719 	0.26719 	0.26719 	
0.31598	0         	0.26719 	0.26719 	0.26719 	0.26719 	
0.31698	0         	0.26719 	0.26719 	0.26719 	0.26719 	
0.31798	0         	0.26719 	0.26719 	0.26719 	0.26719 	
0.31898	0         	0.26719 	0.26719 	0.26719 	0.26719 	
0.31998	0         	0.26719 	0.26719 	0.26719 	0.26719 	
0.32098	0         	0.26719 	0.26719 	0.26719 	0.26719 	
0.32198	0         	0.26715 	0.26715 	0.26715 	0.26715 	
0.32298	0         	0.26711 	0.26711 	0.26711 	0.26711 	
0.32398	0         	0.26706 	0.26706 	0.26706 	0.26706 	
0.32498	0         	0.26699 	0.26699 	0.26699 	0.26699 	
0.32598	0         	0.26694 	0.26694 	0.26694 	0.26694 	
0.32698	0         	0.26693 	0.26693 	0.26693 	0.26693 	
0.32798	0         	0.26693 	0.26693 	0.26693 	0.26693 	
0.32898	0         	0.26693 	0.26693 	0.26693 	0.26693 	
0.32998	0         	0.26693 	0.26693 	0.26693 	0.26693 	
0.33098	0         	0.26693 	0.26693 	0.26693 	0.26693 	
0.33198	0         	0.26693 	0.26693 	0.26693 	0.26693 	
0.33298	0         	0.26693 	0.26693 	0.26693 	0.26693 	
0.33398	0         	0.26693 	0.26693 	0.26693 	0.26693 	
0.33498	0         	0.26693 	0.26693 	0.26693 	0.26693 	
0.33598	0         	0.26693 	0.26693 	0.26693 	0.26693 	
0.33698	0         	0.26693 	0.26693 	0.26693 	0.26693 	
0.33798	0         	0.26693 	0.26693 	0.26693 	0.26693 	
0.33898	0         	0.26691 	0.26691 	0.26691 	0.26691 	
0.33998	0         	0.26686 	0.26686 	0.26686 	0.26686 	
0.34098	0         	0.26682 	0.26682 	0.26682 	0.26682 	
0.34198	0         	0.26678 	0.26678 	0.26678 	0.26678 	
0.34298	0         	0.26678 	0.26678 	0.26678 	0.26678 	
0.34398	0         	0.26678 	0.26678 	0.26678 	0.26678 	
0.34498	0         	0.26678 	0.26678 	0.26678 	0.26678 	
0.34598	0         	0.26678 	0.26678 	0.26678 	0.26678 	
0.34698	0         	0.26678 	0.26678 	0.26678 	0.26678 	
0.34798	0         	0.26678 	0.26678 	0.26678 	0.26678 	
0.34898	0         	0.26678 	0.26678 	0.26678 	0.26678 	
0.34998	0         	0.26678 	0.26678 	0.26678 	0.26678 	
0.35098	0         	0.26678 	0.26678 	0.26678 	0.26678 	
0.35198	0         	0.26673 	0.26673 	0.26673 	0.26673 	
0.35298	0         	0.26668 	0.26668 	0.26668 	0.26668 	
0.35398	0         	0.26663 	0.26663 	0.26663 	0.26663 	
0.35498	0         	0.26660 	0.26660 	0.26660 	0.26660 	
0.35598	0         	0.26660 	0.26660 	0.26660 	0.26660 	
0.35698	0         	0.26660 	0.26660 	0.26660 	0.26660 	
0.35798	0         	0.26660 	0.26660 	0.26660 	0.26660 	
0.35898	0         	0.26660 	0.26660 	0.26660 	0.26660 	
0.35998	0         	0.26660 	0.26660 	0.26660 	0.26660 	
0.36098	0         	0.26659 	0.26659 	0.26659 	0.26659 	
0.36198	0         	0.26659 	0.26659 	0.26659 	0.26659 	
0.36298	0         	0.26659 	0.26659 	0.26659 	0.26659 	
0.36398	0         	0.26659 	0.26659 	0.26659 	0.26659 	
0.36498	0         	0.26658 	0.26658 	0.26658 	0.26658 	
0.36598	0         	0.26653 	0.26653 	0.26653 	0.26653 	
0.36698	0         	0.26648 	0.26648 	0.26648 	0.26648 	
0.36798	0         	0.26646 	0.26646 	0.26646 	0.26646 	
0.36898	0         	0.26642 	0.26642 	0.26642 	0.26642 	
0.36998	0         	0.26642 	0.26642 	0.26642 	0.26642 	
0.37098	0         	0.26642 	0.26642 	0.26642 	0.26642 	
0.37198	0         	0.26642 	0.26642 	0.26642 	0.26642 	
0.37298	0         	0.26642 	0.26642 	0.26642 	0.26642 	
0.37398	0         	0.26639 	0.26639 	0.26639 	0.26639 	
0.37498	0         	0.26634 	0.26634 	0.26634 	0.26634 	
0.37598	0         	0.26629 	0.26629 	0.26629 	0.26629 	
0.37698	0         	0.26625 	0.26625 	0.26625 	0.26625 	
0.37798	0         	0.26624 	0.26624 	0.26624 	0.26624 	
0.37898	0         	0.26624 	0.26624 	0.26624 	0.26624 	
0.37998	0         	0.26624 	0.26624 	0.26624 	0.26624 	
0.38098	0         	0.26624 	0.26624 	0.26624 	0.26624 	
0.38198	0         	0.26624 	0.26624 	0.26624 	0.26624 	
0.38298	0         	0.26624 	0.26624 	0.26624 	0.26624 	
0.38398	0         	0.26624 	0.26624 	0.26624 	0.26624 	
0.38498	0         	0.26624 	0.26624 	0.26624 	0.26624 	
0.38598	0         	0.26622 	0.26622 	0.26622 	0.26622 	
0.38698	0         	0.26617 	0.26617 	0.26617 	0.26617 	
0.38798	0         	0.26611 	0.26611 	0.26611 	0.26611 	
0.38898	0         	0.26606 	0.26606 	0.26606 	0.26606 	
0.38998	0         	0.26605 	0.26605 	0.26605 	0.26605 	
0.39098	0         	0.26605 	0.26605 	0.26605 	0.26605 	
0.39197	0         	0.26605 	0.26605 	0.26605 	0.26605 	
0.39297	0         	0.26605 	0.26605 	0.26605 	0.26605 	
0.39397	0         	0.26605 	0.26605 	0.26605 	0.26605 	
0.39497	0         	0.26605 	0.26605 	0.26605 	0.26605 	
0.39597	0         	0.26605 	0.26605 	0.26605 	0.26605 	
0.39697	0         	0.26605 	0.26605 	0.26605 	0.26605 	
0.39797	0         	0.26605 	0.26605 	0.26605 	0.26605 	
0.39897	0         	0.26600 	0.26600 	0.26600 	0.26600 	
0.39997	0         	0.26594 	0.26594 	0.26594 	0.26594 	
0.40097	0         	0.26588 	0.26588 	0.26588 	0.26588 	
0.40197	0         	0.26586 	0.26586 	0.26586 	0.26586 	
0.40297	0         	0.26586 	0.26586 	0.26586 	0.26586 	
0.40397	0         	0.26586 	0.26586 	0.26586 	0.26586 	
0.40497	0         	0.26586 	0.26586 	0.26586 	0.26586 	
0.40597	0         	0.26586 	0.26586 	0.26586 	0.26586 	
0.40697	0         	0.26586 	0.26586 	0.26586 	0.26586 	
0.40797	0         	0.26586 	0.26586 	0.26586 	0.26586 	
0.40897	0         	0.26586 	0.26586 	0.26586 	0.26586 	
0.40997	0         	0.26581 	0.26581 	0.26581 	0.26581 	
0.41097	0         	0.26576 	0.26576 	0.26576 	0.26576 	
0.41197	0         	0.26570 	0.26570 	0.26570 	0.26570 	
0.41297	0         	0.26560 	0.26560 	0.26560 	0.26560 	
0.41397	0         	0.26560 	0.26560 	0.26560 	0.26560 	
0.41497	0         	0.26560 	0.26560 	0.26560 	0.26560 	
0.41597	0         	0.26560 	0.26560 	0.26560 	0.26560 	
0.41697	0         	0.26560 	0.26560 	0.26560 	0.26560 	
0.41797	0         	0.26560 	0.26560 	0.26560 	0.26560 	
0.41897	0         	0.26560 	0.26560 	0.26560 	0.26560 	
0.41997	0         	0.26560 	0.26560 	0.26560 	0.26560 	
0.42097	0         	0.26554 	0.26554 	0.26554 	0.26554 	
0.42197	0         	0.26548 	0.26548 	0.26548 	0.26548 	
0.42297	0         	0.26542 	0.26542 	0.26542 	0.26542 	
0.42397	0         	0.26540 	0.26540 	0.26540 	0.26540 	
0.42497	0         	0.26540 	0.26540 	0.26540 	0.26540 	
0.42597	0         	0.26540 	0.26540 	0.26540 	0.26540 	
0.42697	0         	0.26540 	0.26540 	0.26540 	0.26540 	
0.42797	0         	0.26540 	0.26540 	0.26540 	0.26540 	
0.42897	0         	0.26540 	0.26540 	0.26540 	0.26540 	
0.42997	0         	0.26540 	0.26540 	0.26540 	0.26540 	
0.43097	0         	0.26533 	0.26533 	0.26533 	0.26533 	
0.43197	0         	0.26528 	0.26528 	0.26528 	0.26528 	
0.43297	0         	0.26521 	0.26521 	0.26521 	0.26521 	
0.43397	0         	0.26518 	0.26518 	0.26518 	0.26518 	
0.43497	0         	0.26518 	0.26518 	0.26518 	0.26518 	
0.43597	0         	0.26518 	0.26518 	0.26518 	0.26518 	
0.43697	0         	0.26518 	0.26518 	0.26518 	0.26518 	
0.43797	0         	0.26517 	0.26517 	0.26517 	0.26517 	
0.43897	0         	0.26517 	0.26517 	0.26517 	0.26517 	
0.43997	0         	0.26517 	0.26517 	0.26517 	0.26517 	
0.44097	0         	0.26512 	0.26512 	0.26512 	0.26512 	
0.44197	0         	0.26506 	0.26506 	0.26506 	0.26506 	
0.44297	0         	0.26500 	0.26500 	0.26500 	0.26500 	
0.44397	0         	0.26499 	0.26499 	0.26499 	0.26499 	
0.44497	0         	0.26499 	0.26499 	0.26499 	0.26499 	
0.44597	0         	0.26499 	0.26499 	0.26499 	0.26499 	
0.44697	0         	0.26496 	0.26496 	0.26496 	0.26496 	
0.44797	0         	0.26489 	0.26489 	0.26489 	0.26489 	
0.44897	0         	0.26482 	0.26482 	0.26482 	0.26482 	
0.44997	0         	0.26478 	0.26478 	0.26478 	0.26478 	
0.45097	0         	0.26478 	0.26478 	0.26478 	0.26478 	
0.45197	0         	0.26478 	0.26478 	0.26478 	0.26478 	
0.45297	0         	0.26478 	0.26478 	0.26478 	0.26478 	
0.45397	0         	0.26478 	0.26478 	0.26478 	0.26478 	
0.45497	0         	0.26478 	0.26478 	0.26478 	0.26478 	
0.45597	0         	0.26478 	0.26478 	0.26478 	0.26478 	
0.45697	0         	0.26472 	0.26472 	0.26472 	0.26472 	
0.45797	0         	0.26464 	0.26464 	0.26464 	0.26464 	
0.45897	0         	0.26458 	0.26458 	0.26458 	0.26458 	
0.45997	0         	0.26456 	0.26456 	0.26456 	0.26456 	
0.46097	0         	0.26456 	0.26456 	0.26456 	0.26456 	
0.46197	0         	0.26456 	0.26456 	0.26456 	0.26456 	
0.46297	0         	0.26456 	0.26456 	0.26456 	0.26456 	
0.46397	0         	0.26456 	0.26456 	0.26456 	0.26456 	
0.46497	0         	0.26456 	0.26456 	0.26456 	0.26456 	
0.46597	0         	0.26456 	0.26456 	0.26456 	0.26456 	
0.46697	0         	0.26448 	0.26448 	0.26448 	0.26448 	
0.46797	0         	0.26442 	0.26442 	0.26442 	0.26442 	
0.46897	0         	0.26433 	0.26433 	0.26433 	0.26433 	
0.46997	0         	0.26433 	0.26433 	0.26433 	0.26433 	
0.47097	0         	0.26433 	0.26433 	0.26433 	0.26433 	
0.47197	0         	0.26433 	0.26433 	0.26433 	0.26433 	
0.47297	0         	0.26433 	0.26433 	0.26433 	0.26433 	
0.47397	0         	0.26433 	0.26433 	0.26433 	0.26433 	
0.47497	0         	0.26433 	0.26433 	0.26433 	0.26433 	
0.47597	0         	0.26431 	0.26431 	0.26431 	0.26431 	
0.47697	0         	0.26422 	0.26422 	0.26422 	0.26422 	
0.47797	0         	0.26413 	0.26413 	0.26413 	0.26413 	
0.47897	0         	0.26410 	0.26410 	0.26410 	0.26410 	
0.47997	0         	0.26410 	0.26410 	0.26410 	0.26410 	
0.48097	0         	0.26410 	0.26410 	0.26410 	0.26410 	
0.48197	0         	0.26410 	0.26410 	0.26410 	0.26410 	
0.48297	0         	0.26410 	0.26410 	0.26410 	0.26410 	
0.48397	0         	0.26410 	0.26410 	0.26410 	0.26410 	
0.48497	0         	0.26403 	0.26403 	0.26403 	0.26403 	
0.48597	0         	0.26395 	0.26395 	0.26395 	0.26395 	
0.48697	0         	0.26387 	0.26387 	0.26387 	0.26387 	
0.48797	0         	0.26383 	0.26383 	0.26383 	0.26383 	
0.48897	0         	0.26383 	0.26383 	0.26383 	0.26383 	
0.48997	0         	0.26383 	0.26383 	0.26383 	0.26383 	
0.49097	0         	0.26383 	0.26383 	0.26383 	0.26383 	
0.49197	0         	0.26383 	0.26383 	0.26383 	0.26383 	
0.49297	0         	0.26380 	0.26380 	0.26380 	0.26380 	
0.49397	0         	0.26372 	0.26372 	0.26372 	0.26372 	
0.49497	0         	0.26363 	0.26363 	0.26363 	0.26363 	
0.49597	0         	0.26358 	0.26358 	0.26358 	0.26358 	
0.49697	0         	0.26358 	0.26358 	0.26358 	0.26358 	
0.49797	0         	0.26358 	0.26358 	0.26358 	0.26358 	
0.49897	0         	0.26357 	0.26357 	0.26357 	0.26357 	
0.49997	0         	0.26357 	0.26357 	0.26357 	0.26357 	
0.50097	0         	0.26357 	0.26357 	0.26357 	0.26357 	
0.50197	0         	0.26350 	0.26350 	0.26350 	0.26350 	
0.50297	0         	0.26339 	0.26339 	0.26339 	0.26339 	
0.50397	0         	0.26330 	0.26330 	0.26330 	0.26330 	
0.50496	0         	0.26330 	0.26330 	0.26330 	0.26330 	
0.50596	0         	0.26330 	0.26330 	0.26330 	0.26330 	
0.50696	0         	0.26330 	0.26330 	0.26330 	0.26330 	
0.50796	0         	0.26327 	0.26327 	0.26327 	0.26327 	
0.50896	0         	0.26319 	0.26319 	0.26319 	0.26319 	
0.50996	0         	0.26310 	0.26310 	0.26310 	0.26310 	
0.51096	0         	0.26304 	0.26304 	0.26304 	0.26304 	
0.51196	0         	0.26304 	0.26304 	0.26304 	0.26304 	
0.51296	0         	0.26304 	0.26304 	0.26304 	0.26304 	
0.51396	0         	0.26304 	0.26304 	0.26304 	0.26304 	
0.51496	0         	0.26304 	0.26304 	0.26304 	0.26304 	
0.51596	0         	0.26300 	0.26300 	0.26300 	0.26300 	
0.51696	0         	0.26292 	0.26292 	0.26292 	0.26292 	
0.51796	0         	0.26281 	0.26281 	0.26281 	0.26281 	
0.51896	0         	0.26278 	0.26278 	0.26278 	0.26278 	
0.51996	0         	0.26278 	0.26278 	0.26278 	0.26278 	
0.52096	0         	0.26278 	0.26278 	0.26278 	0.26278 	
0.52196	0         	0.26278 	0.26278 	0.26278 	0.26278 	
0.52296	0         	0.26278 	0.26278 	0.26278 	0.26278 	
0.52396	0         	0.26272 	0.26272 	0.26272 	0.26272 	
0.52496	0         	0.26262 	0.26262 	0.26262 	0.26262 	
0.52596	0         	0.26253 	0.26253 	0.26253 	0.26253 	
0.52696	0         	0.26253 	0.26253 	0.26253 	0.26253 	
0.52796	0         	0.26253 	0.26253 	0.26253 	0.26253 	
0.52896	0         	0.26253 	0.26253 	0.26253 	0.26253 	
0.52996	0         	0.26253 	0.26253 	0.26253 	0.26253 	
0.53096	0         	0.26248 	0.26248 	0.26248 	0.26248 	
0.53196	0         	0.26238 	0.26238 	0.26238 	0.26238 	
0.53296	0         	0.26228 	0.26228 	0.26228 	0.26228 	
0.53396	0         	0.26226 	0.26226 	0.26226 	0.26226 	
0.53496	0         	0.26226 	0.26226 	0.26226 	0.26226 	
0.53596	0         	0.26226 	0.26226 	0.26226 	0.26226 	
0.53696	0         	0.26226 	0.26226 	0.26226 	0.26226 	
0.53796	0         	0.26222 	0.26222 	0.26222 	0.26222 	
0.53896	0         	0.26212 	0.26212 	0.26212 	0.26212 	
0.53996	0         	0.26201 	0.26201 	0.26201 	0.26201 	
0.54096	0         	0.26200 	0.26200 	0.26200 	0.26200 	
0.54196	0         	0.26200 	0.26200 	0.26200 	0.26200 	
0.54296	0         	0.26200 	0.26200 	0.26200 	0.26200 	
0.54396	0         	0.26200 	0.26200 	0.26200 	0.26200 	
0.54496	0         	0.26191 	0.26191 	0.26191 	0.26191 	
0.54596	0         	0.26177 	0.26177 	0.26177 	0.26177 	
0.54696	0         	0.26171 	0.26171 	0.26171 	0.26171 	
0.54796	0         	0.26171 	0.26171 	0.26171 	0.26171 	
0.54896	0         	0.26171 	0.26171 	0.26171 	0.26171 	
0.54996	0         	0.26171 	0.26171 	0.26171 	0.26171 	
0.55096	0         	0.26161 	0.26161 	0.26161 	0.26161 	
0.55196	0         	0.26148 	0.26148 	0.26148 	0.26148 	
0.55296	0         	0.26141 	0.26141 	0.26141 	0.26141 	
0.55396	0         	0.26141 	0.26141 	0.26141 	0.26141 	
0.55496	0         	0.26135 	0.26135 	0.26135 	0.26135 	
0.55596	0         	0.26122 	0.26122 	0.26122 	0.26122 	
0.55696	0         	0.26113 	0.26113 	0.26113 	0.26113 	
0.55796	0         	0.26113 	0.26113 	0.26113 	0.26113 	
0.55896	0         	0.26113 	0.26113 	0.26113 	0.26113 	
0.55996	0         	0.26113 	0.26113 	0.26113 	0.26113 	
0.56096	0         	0.26101 	0.26101 	0.26101 	0.26101 	
0.56196	0         	0.26088 	0.26088 	0.26088 	0.26088 	
0.56296	0         	0.26081 	0.26081 	0.26081 	0.26081 	
0.56396	0         	0.26081 	0.26081 	0.26081 	0.26081 	
0.56496	0         	0.26081 	0.26081 	0.26081 	0.26081 	
0.56596	0         	0.26081 	0.26081 	0.26081 	0.26081 	
0.56696	0         	0.26072 	0.26072 	0.26072 	0.26072 	
0.56796	0         	0.26058 	0.26058 	0.26058 	0.26058 	
0.56896	0         	0.26052 	0.26052 	0.26052 	0.26052 	
0.56996	0         	0.26052 	0.26052 	0.26052 	0.26052 	
0.57096	0         	0.26052 	0.26052 	0.26052 	0.26052 	
0.57196	0         	0.26052 	0.26052 	0.26052 	0.26052 	
0.57296	0         	0.26047 	0.26047 	0.26047 	0.26047 	
0.57396	0         	0.26036 	0.26036 	0.26036 	0.26036 	
0.57496	0         	0.26028 	0.26028 	0.26028 	0.26028 	
0.57596	0         	0.26028 	0.26028 	0.26028 	0.26028 	
0.57696	0         	0.26028 	0.26028 	0.26028 	0.26028 	
0.57796	0         	0.26028 	0.26028 	0.26028 	0.26028 	
0.57896	0         	0.26028 	0.26028 	0.26028 	0.26028 	
0.57996	0         	0.26028 	0.26028 	0.26028 	0.26028 	
0.58096	0         	0.26028 	0.26028 	0.26028 	0.26028 	
0.58196	0         	0.26027 	0.26027 	0.26027 	0.26027 	
0.58296	0         	0.26015 	0.26015 	0.26015 	0.26015 	
0.58396	0         	0.26004 	0.26004 	0.26004 	0.26004 	
0.58496	0         	0.26004 	0.26004 	0.26004 	0.26004 	
0.58596	0         	0.26004 	0.26004 	0.26004 	0.26004 	
0.58696	0         	0.26004 	0.26004 	0.26004 	0.26004 	
0.58796	0         	0.25997 	0.25997 	0.25997 	0.25997 	
0.58896	0         	0.25983 	0.25983 	0.25983 	0.25983 	
0.58996	0         	0.25977 	0.25977 	0.25977 	0.25977 	
0.59096	0         	0.25977 	0.25977 	0.25977 	0.25977 	
0.59196	0         	0.25977 	0.25977 	0.25977 	0.25977 	
0.59296	0         	0.25975 	0.25975 	0.25975 	0.25975 	
0.59396	0         	0.25962 	0.25962 	0.25962 	0.25962 	
0.59496	0         	0.25954 	0.25954 	0.25954 	0.25954 	
0.59596	0         	0.25952 	0.25952 	0.25952 	0.25952 	
0.59696	0         	0.25949 	0.25949 	0.25949 	0.25949 	
0.59796	0         	0.25936 	0.25936 	0.25936 	0.25936 	
0.59896	0         	0.25925 	0.25925 	0.25925 	0.25925 	
0.59996	0         	0.25925 	0.25925 	0.25925 	0.25925 	
0.60096	0         	0.25925 	0.25925 	0.25925 	0.25925 	
0.60196	0         	0.25924 	0.25924 	0.25924 	0.25924 	
0.60296	0         	0.25913 	0.25913 	0.25913 	0.25913 	
0.60396	0         	0.25899 	0.25899 	0.25899 	0.25899 	
0.60496	0         	0.25896 	0.25896 	0.25896 	0.25896 	
0.60596	0         	0.25896 	0.25896 	0.25896 	0.25896 	
0.60696	0         	0.25896 	0.25896 	0.25896 	0.25896 	
0.60796	0         	0.25883 	0.25883 	0.25883 	0.25883 	
0.60896	0         	0.25870 	0.25870 	0.25870 	0.25870 	
0.60996	0         	0.25870 	0.25870 	0.25870 	0.25870 	
0.61096	0         	0.25870 	0.25870 	0.25870 	0.25870 	
0.61196	0         	0.25866 	0.25866 	0.25866 	0.25866 	
0.61296	0         	0.25851 	0.25851 	0.25851 	0.25851 	
0.61396	0         	0.25842 	0.25842 	0.25842 	0.25842 	
0.61496	0         	0.25842 	0.25842 	0.25842 	0.25842 	
0.61595	0         	0.25842 	0.25842 	0.25842 	0.25842 	
0.61695	0         	0.25835 	0.25835 	0.25835 	0.25835 	
0.61795	0         	0.25819 	0.25819 	0.25819 	0.25819 	
0.61895	0         	0.25815 	0.25815 	0.25815 	0.25815 	
0.61995	0         	0.25814 	0.25814 	0.25814 	0.25814 	
0.62095	0         	0.25812 	0.25812 	0.25812 	0.25812 	
0.62195	0         	0.25795 	0.25795 	0.25795 	0.25795 	
0.62295	0         	0.25787 	0.25787 	0.25787 	0.25787 	
0.62395	0         	0.25785 	0.25785 	0.25785 	0.25785 	
0.62495	0         	0.25783 	0.25783 	0.25783 	0.25783 	
0.62595	0         	0.25766 	0.25766 	0.25766 	0.25766 	
0.62695	0         	0.25758 	0.25758 	0.25758 	0.25758 	
0.62795	0         	0.25751 	0.25751 	0.25751 	0.25751 	
0.62895	0         	0.25735 	0.25735 	0.25735 	0.25735 	
0.62995	0         	0.25733 	0.25733 	0.25733 	0.25733 	
0.63095	0         	0.25733 	0.25733 	0.25733 	0.25733 	
0.63195	0         	0.25722 	0.25722 	0.25722 	0.25722 	
0.63295	0         	0.25709 	0.25709 	0.25709 	0.25709 	
0.63395	0         	0.25709 	0.25709 	0.25709 	0.25709 	
0.63495	0         	0.25709 	0.25709 	0.25709 	0.25709 	
0.63595	0         	0.25691 	0.25691 	0.25691 	0.25691 	
0.63695	0         	0.25682 	0.25682 	0.25682 	0.25682 	
0.63795	0         	0.25682 	0.25682 	0.25682 	0.25682 	
0.63895	0         	0.25678 	0.25678 	0.25678 	0.25678 	
0.63995	0         	0.25658 	0.25658 	0.25658 	0.25658 	
0.64095	0         	0.25649 	0.25649 	0.25649 	0.25649 	
0.64195	0         	0.25649 	0.25649 	0.25649 	0.25649 	
0.64295	0         	0.25641 	0.25641 	0.25641 	0.25641 	
0.64395	0         	0.25621 	0.25621 	0.25621 	0.25621 	
0.64495	0         	0.25618 	0.25618 	0.25618 	0.25618 	
0.64595	0         	0.25618 	0.25618 	0.25618 	0.25618 	
0.64695	0         	0.25607 	0.25607 	0.25607 	0.25607 	
0.64795	0         	0.25595 	0.25595 	0.25595 	0.25595 	
0.64895	0         	0.25594 	0.25594 	0.25594 	0.25594 	
0.64995	0         	0.25586 	0.25586 	0.25586 	0.25586 	
0.65095	0         	0.25568 	0.25568 	0.25568 	0.25568 	
0.65195	0         	0.25565 	0.25565 	0.25565 	0.25565 	
0.65295	0         	0.25546 	0.25546 	0.25546 	0.25546 	
0.65395	0         	0.25540 	0.25540 	0.25540 	0.25540 	
0.65495	0         	0.25540 	0.25540 	0.25540 	0.25540 	
0.65595	0         	0.25519 	0.25519 	0.25519 	0.25519 	
0.65695	0         	0.25509 	0.25509 	0.25509 	0.25509 	
0.65795	0         	0.25509 	0.25509 	0.25509 	0.25509 	
0.65895	0         	0.25491 	0.25491 	0.25491 	0.25491 	
0.65995	0         	0.25477 	0.25477 	0.25477 	0.25477 	
0.66095	0         	0.25477 	0.25477 	0.25477 	0.25477 	
0.66195	0         	0.25466 	0.25466 	0.25466 	0.25466 	
0.66295	0         	0.25449 	0.25449 	0.25449 	0.25449 	
0.66395	0         	0.25449 	0.25449 	0.25449 	0.25449 	
0.66495	0         	0.25439 	0.25439 	0.25439 	0.25439 	
0.66595	0         	0.25418 	0.25418 	0.25418 	0.25418 	
0.66695	0         	0.25418 	0.25418 	0.25418 	0.25418 	
0.66795	0         	0.25412 	0.25412 	0.25412 	0.25412 	
0.66895	0         	0.25389 	0.25389 	0.25389 	0.25389 	
0.66995	0         	0.25386 	0.25386 	0.25386 	0.25386 	
0.67095	0         	0.25385 	0.25385 	0.25385 	0.25385 	
0.67195	0         	0.25369 	0.25369 	0.25369 	0.25369 	
0.67295	0         	0.25357 	0.25357 	0.25357 	0.25357 	
0.67395	0         	0.25345 	0.25345 	0.25345 	0.25345 	
0.67495	0         	0.25329 	0.25329 	0.25329 	0.25329 	
0.67595	0         	0.25329 	0.25329 	0.25329 	0.25329 	
0.67695	0         	0.25328 	0.25328 	0.25328 	0.25328 	
0.67795	0         	0.25309 	0.25309 	0.25309 	0.25309 	
0.67895	0         	0.25301 	0.25301 	0.25301 	0.25301 	
0.67995	0         	0.25298 	0.25298 	0.25298 	0.25298 	
0.68095	0         	0.25276 	0.25276 	0.25276 	0.25276 	
0.68195	0         	0.25272 	0.25272 	0.25272 	0.25272 	
0.68295	0         	0.25265 	0.25265 	0.25265 	0.25265 	
0.68395	0         	0.25246 	0.25246 	0.25246 	0.25246 	
0.68495	0         	0.25246 	0.25246 	0.25246 	0.25246 	
0.68595	0         	0.25226 	0.25226 	0.25226 	0.25226 	
0.68695	0         	0.25213 	0.25213 	0.25213 	0.25213 	
0.68795	0         	0.25212 	0.25212 	0.25212 	0.25212 	
0.68895	0         	0.25188 	0.25188 	0.25188 	0.25188 	
0.68995	0         	0.25178 	0.25178 	0.25178 	0.25178 	
0.69095	0         	0.25175 	0.25175 	0.25175 	0.25175 	
0.69195	0         	0.25149 	0.25149 	0.25149 	0.25149 	
0.69295	0         	0.25141 	0.25141 	0.25141 	0.25141 	
0.69395	0         	0.25115 	0.25115 	0.25115 	0.25115 	
0.69495	0         	0.25114 	0.25114 	0.25114 	0.25114 	
0.69595	0         	0.25112 	0.25112 	0.25112 	0.25112 	
0.69695	0         	0.25109 	0.25109 	0.25109 	0.25109 	
0.69795	0         	0.25084 	0.25084 	0.25084 	0.25084 	
0.69895	0         	0.25082 	0.25082 	0.25082 	0.25082 	
0.69995	0         	0.25047 	0.25047 	0.25047 	0.25047 	
0.70095	0         	0.25020 	0.25020 	0.25020 	0.25020 	
0.70195	0         	0.25020 	0.25020 	0.25020 	0.25020 	
0.70295	0         	0.24999 	0.24999 	0.24999 	0.24999 	
0.70395	0         	0.24988 	0.24988 	0.24988 	0.24988 	
0.70495	0         	0.24972 	0.24972 	0.24972 	0.24972 	
0.70595	0         	0.24966 	0.24966 	0.24966 	0.24966 	
0.70695	0         	0.24955 	0.24955 	0.24955 	0.24955 	
0.70795	0         	0.24955 	0.24955 	0.24955 	0.24955 	
0.70895	0         	0.24932 	0.24932 	0.24932 	0.24932 	
0.70995	0         	0.24919 	0.24919 	0.24919 	0.24919 	
0.71095	0         	0.24905 	0.24905 	0.24905 	0.24905 	
0.71195	0         	0.24894 	0.24894 	0.24894 	0.24894 	
0.71295	0         	0.24882 	0.24882 	0.24882 	0.24882 	
0.71395	0         	0.24855 	0.24855 	0.24855 	0.24855 	
0.71495	0         	0.24840 	0.24840 	0.24840 	0.24840 	
0.71595	0         	0.24828 	0.24828 	0.24828 	0.24828 	
0.71695	0         	0.24811 	0.24811 	0.24811 	0.24811 	
0.71795	0         	0.24793 	0.24793 	0.24793 	0.24793 	
0.71895	0         	0.24773 	0.24773 	0.24773 	0.24773 	
0.71995	0         	0.24752 	0.24752 	0.24752 	0.24752 	
0.72095	0         	0.24734 	0.24734 	0.24734 	0.24734 	
0.72195	0         	0.24716 	0.24716 	0.24716 	0.24716 	
0.72295	0         	0.24695 	0.24695 	0.24695 	0.24695 	
0.72395	0         	0.24680 	0.24680 	0.24680 	0.24680 	
0.72495	0         	0.24661 	0.24661 	0.24661 	0.24661 	
0.72595	0         	0.24649 	0.24649 	0.24649 	0.24649 	
0.72695	0         	0.24633 	0.24633 	0.24633 	0.24633 	
0.72795	0         	0.24615 	0.24615 	0.24615 	0.24615 	
0.72894	0         	0.24584 	0.24584 	0.24584 	0.24584 	
0.72994	0         	0.24563 	0.24563 	0.24563 	0.24563 	
0.73094	0         	0.24547 	0.24547 	0.24547 	0.24547 	
0.73194	0         	0.24531 	0.24531 	0.24531 	0.24531 	
0.73294	0         	0.24512 	0.24512 	0.24512 	0.24512 	
0.73394	0         	0.24490 	0.24490 	0.24490 	0.24490 	
0.73494	0         	0.24468 	0.24468 	0.24468 	0.24468 	
0.73594	0         	0.24450 	0.24450 	0.24450 	0.24450 	
0.73694	0         	0.24427 	0.24427 	0.24427 	0.24427 	
0.73794	0         	0.24408 	0.24408 	0.24408 	0.24408 	
0.73894	0         	0.24383 	0.24383 	0.24383 	0.24383 	
0.73994	0         	0.24364 	0.24364 	0.24364 	0.24364 	
0.74094	0         	0.24344 	0.24344 	0.24344 	0.24344 	
0.74194	0         	0.24320 	0.24320 	0.24320 	0.24320 	
0.74294	0         	0.24286 	0.24286 	0.24286 	0.24286 	
0.74394	0         	0.24274 	0.24274 	0.24274 	0.24274 	
0.74494	0         	0.24242 	0.24242 	0.24242 	0.24242 	
0.74594	0         	0.24220 	0.24220 	0.24220 	0.24220 	
0.74694	0         	0.24191 	0.24191 	0.24191 	0.24191 	
0.74794	0         	0.24167 	0.24167 	0.24167 	0.24167 	
0.74894	0         	0.24148 	0.24148 	0.24148 	0.24148 	
0.74994	0         	0.24138 	0.24138 	0.24138 	0.24138 	
0.75094	0         	0.24112 	0.24112 	0.24112 	0.24112 	
0.75194	0         	0.24077 	0.24077 	0.24077 	0.24077 	
0.75294	0         	0.24049 	0.24049 	0.24049 	0.24049 	
0.75394	0         	0.24022 	0.24022 	0.24022 	0.24022 	
0.75494	0         	0.23997 	0.23997 	0.23997 	0.23997 	
0.75594	0         	0.23970 	0.23970 	0.23970 	0.23970 	
0.75694	0         	0.23941 	0.23941 	0.23941 	0.23941 	
0.75794	0         	0.23909 	0.23909 	0.23909 	0.23909 	
0.75894	0         	0.23878 	0.23878 	0.23878 	0.23878 	
0.75994	0         	0.23851 	0.23851 	0.23851 	0.23851 	
0.76094	0         	0.23825 	0.23825 	0.23825 	0.23825 	
0.76194	0         	0.23792 	0.23792 	0.23792 	0.23792 	
0.76294	0         	0.23758 	0.23758 	0.23758 	0.23758 	
0.76394	0         	0.23730 	0.23730 	0.23730 	0.23730 	
0.76494	0         	0.23696 	0.23696 	0.23696 	0.23696 	
0.76594	0         	0.23667 	0.23667 	0.23667 	0.23667 	
0.76694	0         	0.23637 	0.23637 	0.23637 	0.23637 	
0.76794	0         	0.23601 	0.23601 	0.23601 	0.23601 	
0.76894	0         	0.23579 	0.23579 	0.23579 	0.23579 	
0.76994	0         	0.23555 	0.23555 	0.23555 	0.23555 	
0.77094	0         	0.23511 	0.23511 	0.23511 	0.23511 	
0.77194	0         	0.23472 	0.23472 	0.23472 	0.23472 	
0.77294	0         	0.23435 	0.23435 	0.23435 	0.23435 	
0.77394	0         	0.23404 	0.23404 	0.23404 	0.23404 	
0.77494	0         	0.23348 	0.23348 	0.23348 	0.23348 	
0.77594	0         	0.23290 	0.23290 	0.23290 	0.23290 	
0.77694	0         	0.23250 	0.23250 	0.23250 	0.23250 	
0.77794	0         	0.23211 	0.23211 	0.23211 	0.23211 	
0.77894	0         	0.23168 	0.23168 	0.23168 	0.23168 	
0.77994	0         	0.23133 	0.23133 	0.23133 	0.23133 	
0.78094	0         	0.23074 	0.23074 	0.23074 	0.23074 	
0.78194	0         	0.23033 	0.23033 	0.23033 	0.23033 	
0.78294	0         	0.22990 	0.22990 	0.22990 	0.22990 	
0.78394	0         	0.22946 	0.22946 	0.22946 	0.22946 	
0.78494	0         	0.22907 	0.22907 	0.22907 	0.22907 	
0.78594	0         	0.22886 	0.22886 	0.22886 	0.22886 	
0.78694	0         	0.22853 	0.22853 	0.22853 	0.22853 	
0.78794	0         	0.22806 	0.22806 	0.22806 	0.22806 	
0.78894	0         	0.22762 	0.22762 	0.22762 	0.22762 	
0.78994	0         	0.22721 	0.22721 	0.22721 	0.22721 	
0.79094	0         	0.22674 	0.22674 	0.22674 	0.22674 	
0.79194	0         	0.22614 	0.22614 	0.22614 	0.22614 	
0.79294	0         	0.22566 	0.22566 	0.22566 	0.22566 	
0.79394	0         	0.22526 	0.22526 	0.22526 	0.22526 	
0.79494	0         	0.22475 	0.22475 	0.22475 	0.22475 	
0.79594	0         	0.22428 	0.22428 	0.22428 	0.22428 	
0.79694	0         	0.22382 	0.22382 	0.22382 	0.22382 	
0.79794	0         	0.22323 	0.22323 	0.22323 	0.22323 	
0.79894	0         	0.22275 	0.22275 	0.22275 	0.22275 	
0.79994	0         	0.22217 	0.22217 	0.22217 	0.22217 	
0.80094	0         	0.22165 	0.22165 	0.22165 	0.22165 	
0.80194	0         	0.22111 	0.22111 	0.22111 	0.22111 	
0.80294	0         	0.22061 	0.22061 	0.22061 	0.22061 	
0.80394	0         	0.22011 	0.22011 	0.22011 	0.22011 	
0.80494	0         	0.21955 	0.21955 	0.21955 	0.21955 	
0.80594	0         	0.21896 	0.21896 	0.21896 	0.21896 	
0.80694	0         	0.21836 	0.21836 	0.21836 	0.21836 	
0.80794	0         	0.21781 	0.21781 	0.21781 	0.21781 	
0.80894	0         	0.21726 	0.21726 	0.21726 	0.21726 	
0.80994	0         	0.21668 	0.21668 	0.21668 	0.21668 	
0.81094	0         	0.21604 	0.21604 	0.21604 	0.21604 	
0.81194	0         	0.21546 	0.21546 	0.21546 	0.21546 	
0.81294	0         	0.21476 	0.21476 	0.21476 	0.21476 	
0.81394	0         	0.21422 	0.21422 	0.21422 	0.21422 	
0.81494	0         	0.21366 	0.21366 	0.21366 	0.21366 	
0.81594	0         	0.21312 	0.21312 	0.21312 	0.21312 	
0.81694	0         	0.21254 	0.21254 	0.21254 	0.21254 	
0.81794	0         	0.21200 	0.21200 	0.21200 	0.21200 	
0.81894	0         	0.21140 	0.21140 	0.21140 	0.21140 	
0.81994	0         	0.21080 	0.21080 	0.21080 	0.21080 	
0.82094	0         	0.21016 	0.21016 	0.21016 	0.21016 	
0.82194	0         	0.20957 	0.20957 	0.20957 	0.20957 	
0.82294	0         	0.20896 	0.20896 	0.20896 	0.20896 	
0.82394	0         	0.20834 	0.20834 	0.20834 	0.20834 	
0.82494	0         	0.20764 	0.20764 	0.20764 	0.20764 	
0.82594	0         	0.20699 	0.20699 	0.20699 	0.20699 	
0.82694	0         	0.20642 	0.20642 	0.20642 	0.20642 	
0.82794	0         	0.20575 	0.20575 	0.20575 	0.20575 	
0.82894	0         	0.20504 	0.20504 	0.20504 	0.20504 	
0.82994	0         	0.20439 	0.20439 	0.20439 	0.20439 	
0.83094	0         	0.20370 	0.20370 	0.20370 	0.20370 	
0.83194	0         	0.20300 	0.20300 	0.20300 	0.20300 	
0.83294	0         	0.20233 	0.20233 	0.20233 	0.20233 	
0.83394	0         	0.20165 	0.20165 	0.20165 	0.20165 	
0.83494	0         	0.20096 	0.20096 	0.20096 	0.20096 	
0.83594	0         	0.20030 	0.20030 	0.20030 	0.20030 	
0.83694	0         	0.19957 	0.19957 	0.19957 	0.19957 	
0.83794	0         	0.19887 	0.19887 	0.19887 	0.19887 	
0.83894	0         	0.19813 	0.19813 	0.19813 	0.19813 	
0.83994	0         	0.19742 	0.19742 	0.19742 	0.19742 	
0.84093	0         	0.19673 	0.19673 	0.19673 	0.19673 	
0.84193	0         	0.19601 	0.19601 	0.19601 	0.19601 	
0.84293	0         	0.19540 	0.19540 	0.19540 	0.19540 	
0.84393	0         	0.19469 	0.19469 	0.19469 	0.19469 	
0.84493	0         	0.19401 	0.19401 	0.19401 	0.19401 	
0.84593	0         	0.19335 	0.19335 	0.19335 	0.19335 	
0.84693	0         	0.19261 	0.19261 	0.19261 	0.19261 	
0.84793	0         	0.19185 	0.19185 	0.19185 	0.19185 	
0.84893	0         	0.19108 	0.19108 	0.19108 	0.19108 	
0.84993	0         	0.19035 	0.19035 	0.19035 	0.19035 	
0.85093	0         	0.18959 	0.18959 	0.18959 	0.18959 	
0.85193	0         	0.18883 	0.18883 	0.18883 	0.18883 	
0.85293	0         	0.18807 	0.18807 	0.18807 	0.18807 	
0.85393	0         	0.18731 	0.18731 	0.18731 	0.18731 	
0.85493	0         	0.18652 	0.18652 	0.18652 	0.18652 	
0.85593	0         	0.18584 	0.18584 	0.18584 	0.18584 	
0.85693	0         	0.18507 	0.18507 	0.18507 	0.18507 	
0.85793	0         	0.18434 	0.18434 	0.18434 	0.18434 	
0.85893	0         	0.18434 	0.18434 	0.18434 	0.18434 	
0.85993	0         	0.18366 	0.18366 	0.18366 	0.18366 	
0.86093	0         	0.18283 	0.18283 	0.18283 	0.18283 	
0.86193	0         	0.18207 	0.18207 	0.18207 	0.18207 	
0.86293	0         	0.18116 	0.18116 	0.18116 	0.18116 	
0.86393	0         	0.18035 	0.18035 	0.18035 	0.18035 	
0.86493	0         	0.17951 	0.17951 	0.17951 	0.17951 	
0.86593	0         	0.17872 	0.17872 	0.17872 	0.17872 	
0.86693	0         	0.17789 	0.17789 	0.17789 	0.17789 	
0.86793	0         	0.17704 	0.17704 	0.17704 	0.17704 	
0.86893	0         	0.17615 	0.17615 	0.17615 	0.17615 	
0.86993	0         	0.17529 	0.17529 	0.17529 	0.17529 	
0.87093	0         	0.17446 	0.17446 	0.17446 	0.17446 	
0.87193	0         	0.17370 	0.17370 	0.17370 	0.17370 	
0.87293	0         	0.17281 	0.17281 	0.17281 	0.17281 	
0.87393	0         	0.17192 	0.17192 	0.17192 	0.17192 	
0.87493	0         	0.17105 	0.17105 	0.17105 	0.17105 	
0.87593	0         	0.17019 	0.17019 	0.17019 	0.17019 	
0.87693	0         	0.16939 	0.16939 	0.16939 	0.16939 	
0.87793	0         	0.16847 	0.16847 	0.16847 	0.16847 	
0.87893	0         	0.16752 	0.16752 	0.16752 	0.16752 	
0.87993	0         	0.16658 	0.16658 	0.16658 	0.16658 	
0.88093	0         	0.16564 	0.16564 	0.16564 	0.16564 	
0.88193	0         	0.16474 	0.16474 	0.16474 	0.16474 	
0.88293	0         	0.16382 	0.16382 	0.16382 	0.16382 	
0.88393	0         	0.16291 	0.16291 	0.16291 	0.16291 	
0.88493	0         	0.16195 	0.16195 	0.16195 	0.16195 	
0.88593	0         	0.16130 	0.16130 	0.16130 	0.16130 	
0.88693	0         	0.16034 	0.16034 	0.16034 	0.16034 	
0.88793	0         	0.15934 	0.15934 	0.15934 	0.15934 	
0.88893	0         	0.15836 	0.15836 	0.15836 	0.15836 	
0.88993	0         	0.15737 	0.15737 	0.15737 	0.15737 	
0.89093	0         	0.15635 	0.15635 	0.15635 	0.15635 	
0.89193	0         	0.15534 	0.15534 	0.15534 	0.15534 	
0.89293	0         	0.15433 	0.15433 	0.15433 	0.15433 	
0.89393	0         	0.15335 	0.15335 	0.15335 	0.15335 	
0.89493	0         	0.15241 	0.15241 	0.15241 	0.15241 	
0.89593	0         	0.15141 	0.15141 	0.15141 	0.15141 	
0.89693	0         	0.15040 	0.15040 	0.15040 	0.15040 	
0.89793	0         	0.14936 	0.14936 	0.14936 	0.14936 	
0.89893	0         	0.14829 	0.14829 	0.14829 	0.14829 	
0.89993	0         	0.14724 	0.14724 	0.14724 	0.14724 	
0.90093	0         	0.14617 	0.14617 	0.14617 	0.14617 	
0.90193	0         	0.14512 	0.14512 	0.14512 	0.14512 	
0.90293	0         	0.14405 	0.14405 	0.14405 	0.14405 	
0.90393	0         	0.14297 	0.14297 	0.14297 	0.14297 	
0.90493	0         	0.14190 	0.14190 	0.14190 	0.14190 	
0.90593	0         	0.14081 	0.14081 	0.14081 	0.14081 	
0.90693	0         	0.13972 	0.13972 	0.13972 	0.13972 	
0.90793	0         	0.13862 	0.13862 	0.13862 	0.13862 	
0.90893	0         	0.13749 	0.13749 	0.13749 	0.13749 	
0.90993	0         	0.13638 	0.13638 	0.13638 	0.13638 	
0.91093	0         	0.13530 	0.13530 	0.13530 	0.13530 	
0.91193	0         	0.13423 	0.13423 	0.13423 	0.13423 	
0.91293	0         	0.13315 	0.13315 	0.13315 	0.13315 	
0.91393	0         	0.13204 	0.13204 	0.13204 	0.13204 	
0.91493	0         	0.13090 	0.13090 	0.13090 	0.13090 	
0.91593	0         	0.12975 	0.12975 	0.12975 	0.12975 	
0.91693	0         	0.12864 	0.12864 	0.12864 	0.12864 	
0.91793	0         	0.12749 	0.12749 	0.12749 	0.12749 	
0.91893	0         	0.12630 	0.12630 	0.12630 	0.12630 	
0.91993	0         	0.12527 	0.12527 	0.12527 	0.12527 	
0.92093	0         	0.12411 	0.12411 	0.12411 	0.12411 	
0.92193	0         	0.12291 	0.12291 	0.12291 	0.12291 	
0.92293	0         	0.12172 	0.12172 	0.12172 	0.12172 	
0.92393	0         	0.12050 	0.12050 	0.12050 	0.12050 	
0.92493	0         	0.11926 	0.11926 	0.11926 	0.11926 	
0.92593	0         	0.11799 	0.11799 	0.11799 	0.11799 	
0.92693	0         	0.11679 	0.11679 	0.11679 	0.11679 	
0.92793	0         	0.11551 	0.11551 	0.11551 	0.11551 	
0.92893	0         	0.11423 	0.11423 	0.11423 	0.11423 	
0.92993	0         	0.11294 	0.11294 	0.11294 	0.11294 	
0.93093	0         	0.11170 	0.11170 	0.11170 	0.11170 	
0.93193	0         	0.11039 	0.11039 	0.11039 	0.11039 	
0.93293	0         	0.10909 	0.10909 	0.10909 	0.10909 	
0.93393	0         	0.10777 	0.10777 	0.10777 	0.10777 	
0.93493	0         	0.10675 	0.10675 	0.10675 	0.10675 	
0.93593	0         	0.10541 	0.10541 	0.10541 	0.10541 	
0.93693	0         	0.10417 	0.10417 	0.10417 	0.10417 	
0.93793	0         	0.10286 	0.10286 	0.10286 	0.10286 	
0.93893	0         	0.10150 	0.10150 	0.10150 	0.10150 	
0.93993	0         	0.10018 	0.10018 	0.10018 	0.10018 	
0.94093	0         	0.09883 	0.09883 	0.09883 	0.09883 	
0.94193	0         	0.09750 	0.09750 	0.09750 	0.09750 	
0.94293	0         	0.09619 	0.09619 	0.09619 	0.09619 	
0.94393	0         	0.09487 	0.09487 	0.09487 	0.09487 	
0.94493	0         	0.09355 	0.09355 	0.09355 	0.09355 	
0.94593	0         	0.09213 	0.09213 	0.09213 	0.09213 	
0.94693	0         	0.09073 	0.09073 	0.09073 	0.09073 	
0.94793	0         	0.08931 	0.08931 	0.08931 	0.08931 	
0.94893	0         	0.08788 	0.08788 	0.08788 	0.08788 	
0.94993	0         	0.08651 	0.08651 	0.08651 	0.08651 	
0.95093	0         	0.08504 	0.08504 	0.08504 	0.08504 	
0.95193	0         	0.08356 	0.08356 	0.08356 	0.08356 	
0.95292	0         	0.08213 	0.08213 	0.08213 	0.08213 	
0.95392	0         	0.08068 	0.08068 	0.08068 	0.08068 	
0.95492	0         	0.07921 	0.07921 	0.07921 	0.07921 	
0.95592	0         	0.07774 	0.07774 	0.07774 	0.07774 	
0.95692	0         	0.07621 	0.07621 	0.07621 	0.07621 	
0.95792	0         	0.07471 	0.07471 	0.07471 	0.07471 	
0.95892	0         	0.07318 	0.07318 	0.07318 	0.07318 	
0.95992	0         	0.07166 	0.07166 	0.07166 	0.07166 	
0.96092	0         	0.07011 	0.07011 	0.07011 	0.07011 	
0.96192	0         	0.06858 	0.06858 	0.06858 	0.06858 	
0.96292	0         	0.06699 	0.06699 	0.06699 	0.06699 	
0.96392	0         	0.06541 	0.06541 	0.06541 	0.06541 	
0.96492	0         	0.06381 	0.06381 	0.06381 	0.06381 	
0.96592	0         	0.06220 	0.06220 	0.06220 	0.06220 	
0.96692	0         	0.06057 	0.06057 	0.06057 	0.06057 	
0.96792	0         	0.05895 	0.05895 	0.05895 	0.05895 	
0.96892	0         	0.05729 	0.05729 	0.05729 	0.05729 	
0.96992	0         	0.05563 	0.05563 	0.05563 	0.05563 	
0.97092	0         	0.05412 	0.05412 	0.05412 	0.05412 	
0.97192	0         	0.05243 	0.05243 	0.05243 	0.05243 	
0.97292	0         	0.05084 	0.05084 	0.05084 	0.05084 	
0.97392	0         	0.04912 	0.04912 	0.04912 	0.04912 	
0.97492	0         	0.04753 	0.04753 	0.04753 	0.04753 	
0.97592	0         	0.04578 	0.04578 	0.04578 	0.04578 	
0.97692	0         	0.04403 	0.04403 	0.04403 	0.04403 	
0.97792	0         	0.04226 	0.04226 	0.04226 	0.04226 	
0.97892	0         	0.04046 	0.04046 	0.04046 	0.04046 	
0.97992	0         	0.03879 	0.03879 	0.03879 	0.03879 	
0.98092	0         	0.03698 	0.03698 	0.03698 	0.03698 	
0.98192	0         	0.03521 	0.03521 	0.03521 	0.03521 	
0.98292	0         	0.03337 	0.03337 	0.03337 	0.03337 	
0.98392	0         	0.03148 	0.03148 	0.03148 	0.03148 	
0.98492	0         	0.02965 	0.02965 	0.02965 	0.02965 	
0.98592	0         	0.02769 	0.02769 	0.02769 	0.02769 	
0.98692	0         	0.02572 	0.02572 	0.02572 	0.02572 	
0.98792	0         	0.02369 	0.02369 	0.02369 	0.02369 	
0.98892	0         	0.02164 	0.02164 	0.02164 	0.02164 	
0.98992	0         	0.01962 	0.01962 	0.01962 	0.01962 	
0.99092	0         	0.01751 	0.01751 	0.01751 	0.01751 	
0.99192	0         	0.01534 	0.01534 	0.01534 	0.01534 	
0.99292	0         	0.01325 	0.01325 	0.01325 	0.01325 	
0.99392	0         	0.01168 	0.01168 	0.01168 	0.01168 	
0.99492	0         	0.01008 	0.01008 	0.01008 	0.01008 	
0.99592	0         	0.00848 	0.00848 	0.00848 	0.00848 	
0.99692	0         	0.00640 	0.00640 	0.00640 	0.00640 	
0.99792	0         	0.00426 	0.00426 	0.00426 	0.00426 	
0.99892	0         	0.00240 	0.00240 	0.00240 	0.00240 	
0.99992	0         	0.00020 	0.00020 	0.00020 	0.00020 	
1.00000	0         	0.00000 	0.00000 	0.00000 	0.00000 	
