ADMU id: 0: F-lost, TF-cost	min-1 mean-1 wmean-1 max-1	
0.00001	0         	0.49036 	0.49036 	0.49036 	0.49036 	
0.00101	0         	0.49036 	0.49036 	0.49036 	0.49036 	
0.00201	0         	0.49036 	0.49036 	0.49036 	0.49036 	
0.00301	0         	0.49036 	0.49036 	0.49036 	0.49036 	
0.00401	0         	0.49036 	0.49036 	0.49036 	0.49036 	
0.00501	0         	0.49036 	0.49036 	0.49036 	0.49036 	
0.00601	0         	0.49036 	0.49036 	0.49036 	0.49036 	
0.00701	0         	0.49036 	0.49036 	0.49036 	0.49036 	
0.00801	0         	0.49036 	0.49036 	0.49036 	0.49036 	
0.00901	0         	0.49035 	0.49035 	0.49035 	0.49035 	
0.01001	0         	0.49034 	0.49034 	0.49034 	0.49034 	
0.01101	0         	0.49033 	0.49033 	0.49033 	0.49033 	
0.01201	0         	0.49032 	0.49032 	0.49032 	0.49032 	
0.01301	0         	0.49030 	0.49030 	0.49030 	0.49030 	
0.01401	0         	0.49029 	0.49029 	0.49029 	0.49029 	
0.01501	0         	0.49027 	0.49027 	0.49027 	0.49027 	
0.01601	0         	0.49024 	0.49024 	0.49024 	0.49024 	
0.01701	0         	0.49022 	0.49022 	0.49022 	0.49022 	
0.01801	0         	0.49020 	0.49020 	0.49020 	0.49020 	
0.01901	0         	0.49017 	0.49017 	0.49017 	0.49017 	
0.02001	0         	0.49014 	0.49014 	0.49014 	0.49014 	
0.02101	0         	0.49011 	0.49011 	0.49011 	0.49011 	
0.02201	0         	0.49008 	0.49008 	0.49008 	0.49008 	
0.02301	0         	0.49005 	0.49005 	0.49005 	0.49005 	
0.02401	0         	0.49001 	0.49001 	0.49001 	0.49001 	
0.02501	0         	0.48998 	0.48998 	0.48998 	0.48998 	
0.02601	0         	0.48994 	0.48994 	0.48994 	0.48994 	
0.02701	0         	0.48989 	0.48989 	0.48989 	0.48989 	
0.02801	0         	0.48985 	0.48985 	0.48985 	0.48985 	
0.02901	0         	0.48981 	0.48981 	0.48981 	0.48981 	
0.03001	0         	0.48976 	0.48976 	0.48976 	0.48976 	
0.03101	0         	0.48971 	0.48971 	0.48971 	0.48971 	
0.03201	0         	0.48966 	0.48966 	0.48966 	0.48966 	
0.03301	0         	0.48961 	0.48961 	0.48961 	0.48961 	
0.03401	0         	0.48955 	0.48955 	0.48955 	0.48955 	
0.03501	0         	0.48950 	0.48950 	0.48950 	0.48950 	
0.03601	0         	0.48944 	0.48944 	0.48944 	0.48944 	
0.03701	0         	0.48938 	0.48938 	0.48938 	0.48938 	
0.03801	0         	0.48932 	0.48932 	0.48932 	0.48932 	
0.03901	0         	0.48926 	0.48926 	0.48926 	0.48926 	
0.04001	0         	0.48920 	0.48920 	0.48920 	0.48920 	
0.04101	0         	0.48914 	0.48914 	0.48914 	0.48914 	
0.04201	0         	0.48908 	0.48908 	0.48908 	0.48908 	
0.04301	0         	0.48902 	0.48902 	0.48902 	0.48902 	
0.04401	0         	0.48895 	0.48895 	0.48895 	0.48895 	
0.04501	0         	0.48888 	0.48888 	0.48888 	0.48888 	
0.04601	0         	0.48880 	0.48880 	0.48880 	0.48880 	
0.04701	0         	0.48872 	0.48872 	0.48872 	0.48872 	
0.04801	0         	0.48865 	0.48865 	0.48865 	0.48865 	
0.04901	0         	0.48857 	0.48857 	0.48857 	0.48857 	
0.05001	0         	0.48849 	0.48849 	0.48849 	0.48849 	
0.05101	0         	0.48840 	0.48840 	0.48840 	0.48840 	
0.05201	0         	0.48832 	0.48832 	0.48832 	0.48832 	
0.05301	0         	0.48823 	0.48823 	0.48823 	0.48823 	
0.05401	0         	0.48814 	0.48814 	0.48814 	0.48814 	
0.05500	0         	0.48805 	0.48805 	0.48805 	0.48805 	
0.05600	0         	0.48796 	0.48796 	0.48796 	0.48796 	
0.05700	0         	0.48787 	0.48787 	0.48787 	0.48787 	
0.05800	0         	0.48778 	0.48778 	0.48778 	0.48778 	
0.05900	0         	0.48769 	0.48769 	0.48769 	0.48769 	
0.06000	0         	0.48759 	0.48759 	0.48759 	0.48759 	
0.06100	0         	0.48748 	0.48748 	0.48748 	0.48748 	
0.06200	0         	0.48737 	0.48737 	0.48737 	0.48737 	
0.06300	0         	0.48727 	0.48727 	0.48727 	0.48727 	
0.06400	0         	0.48715 	0.48715 	0.48715 	0.48715 	
0.06500	0         	0.48704 	0.48704 	0.48704 	0.48704 	
0.06600	0         	0.48692 	0.48692 	0.48692 	0.48692 	
0.06700	0         	0.48681 	0.48681 	0.48681 	0.48681 	
0.06800	0         	0.48668 	0.48668 	0.48668 	0.48668 	
0.06900	0         	0.48656 	0.48656 	0.48656 	0.48656 	
0.07000	0         	0.48643 	0.48643 	0.48643 	0.48643 	
0.07100	0         	0.48634 	0.48634 	0.48634 	0.48634 	
0.07200	0         	0.48623 	0.48623 	0.48623 	0.48623 	
0.07300	0         	0.48611 	0.48611 	0.48611 	0.48611 	
0.07400	0         	0.48608 	0.48608 	0.48608 	0.48608 	
0.07500	0         	0.48608 	0.48608 	0.48608 	0.48608 	
0.07600	0         	0.48608 	0.48608 	0.48608 	0.48608 	
0.07700	0         	0.48608 	0.48608 	0.48608 	0.48608 	
0.07800	0         	0.48608 	0.48608 	0.48608 	0.48608 	
0.07900	0         	0.48608 	0.48608 	0.48608 	0.48608 	
0.08000	0         	0.48607 	0.48607 	0.48607 	0.48607 	
0.08100	0         	0.48606 	0.48606 	0.48606 	0.48606 	
0.08200	0         	0.48606 	0.48606 	0.48606 	0.48606 	
0.08300	0         	0.48606 	0.48606 	0.48606 	0.48606 	
0.08400	0         	0.48605 	0.48605 	0.48605 	0.48605 	
0.08500	0         	0.48604 	0.48604 	0.48604 	0.48604 	
0.08600	0         	0.48602 	0.48602 	0.48602 	0.48602 	
0.08700	0         	0.48602 	0.48602 	0.48602 	0.48602 	
0.08800	0         	0.48601 	0.48601 	0.48601 	0.48601 	
0.08900	0         	0.48598 	0.48598 	0.48598 	0.48598 	
0.09000	0         	0.48598 	0.48598 	0.48598 	0.48598 	
0.09100	0         	0.48596 	0.48596 	0.48596 	0.48596 	
0.09200	0         	0.48593 	0.48593 	0.48593 	0.48593 	
0.09300	0         	0.48592 	0.48592 	0.48592 	0.48592 	
0.09400	0         	0.48591 	0.48591 	0.48591 	0.48591 	
0.09500	0         	0.48587 	0.48587 	0.48587 	0.48587 	
0.09600	0         	0.48586 	0.48586 	0.48586 	0.48586 	
0.09700	0         	0.48585 	0.48585 	0.48585 	0.48585 	
0.09800	0         	0.48577 	0.48577 	0.48577 	0.48577 	
0.09900	0         	0.48563 	0.48563 	0.48563 	0.48563 	
0.10000	0         	0.48549 	0.48549 	0.48549 	0.48549 	
0.10100	0         	0.48535 	0.48535 	0.48535 	0.48535 	
0.10200	0         	0.48520 	0.48520 	0.48520 	0.48520 	
0.10300	0         	0.48506 	0.48506 	0.48506 	0.48506 	
0.10400	0         	0.48492 	0.48492 	0.48492 	0.48492 	
0.10500	0         	0.48477 	0.48477 	0.48477 	0.48477 	
0.10600	0         	0.48464 	0.48464 	0.48464 	0.48464 	
0.10700	0         	0.48449 	0.48449 	0.48449 	0.48449 	
0.10800	0         	0.48433 	0.48433 	0.48433 	0.48433 	
0.10900	0         	0.48418 	0.48418 	0.48418 	0.48418 	
0.11000	0         	0.48403 	0.48403 	0.48403 	0.48403 	
0.11100	0         	0.48392 	0.48392 	0.48392 	0.48392 	
0.11200	0         	0.48385 	0.48385 	0.48385 	0.48385 	
0.11300	0         	0.48378 	0.48378 	0.48378 	0.48378 	
0.11400	0         	0.48368 	0.48368 	0.48368 	0.48368 	
0.11500	0         	0.48361 	0.48361 	0.48361 	0.48361 	
0.11600	0         	0.48350 	0.48350 	0.48350 	0.48350 	
0.11700	0         	0.48333 	0.48333 	0.48333 	0.48333 	
0.11800	0         	0.48316 	0.48316 	0.48316 	0.48316 	
0.11900	0         	0.48299 	0.48299 	0.48299 	0.48299 	
0.12000	0         	0.48281 	0.48281 	0.48281 	0.48281 	
0.12100	0         	0.48263 	0.48263 	0.48263 	0.48263 	
0.12200	0         	0.48248 	0.48248 	0.48248 	0.48248 	
0.12300	0         	0.48229 	0.48229 	0.48229 	0.48229 	
0.12400	0         	0.48211 	0.48211 	0.48211 	0.48211 	
0.12500	0         	0.48192 	0.48192 	0.48192 	0.48192 	
0.12600	0         	0.48173 	0.48173 	0.48173 	0.48173 	
0.12700	0         	0.48154 	0.48154 	0.48154 	0.48154 	
0.12800	0         	0.48137 	0.48137 	0.48137 	0.48137 	
0.12900	0         	0.48128 	0.48128 	0.48128 	0.48128 	
0.13000	0         	0.48119 	0.48119 	0.48119 	0.48119 	
0.13100	0         	0.48110 	0.48110 	0.48110 	0.48110 	
0.13200	0         	0.48099 	0.48099 	0.48099 	0.48099 	
0.13300	0         	0.48089 	0.48089 	0.48089 	0.48089 	
0.13400	0         	0.48082 	0.48082 	0.48082 	0.48082 	
0.13500	0         	0.48071 	0.48071 	0.48071 	0.48071 	
0.13600	0         	0.48055 	0.48055 	0.48055 	0.48055 	
0.13700	0         	0.48034 	0.48034 	0.48034 	0.48034 	
0.13800	0         	0.48014 	0.48014 	0.48014 	0.48014 	
0.13900	0         	0.47994 	0.47994 	0.47994 	0.47994 	
0.14000	0         	0.47974 	0.47974 	0.47974 	0.47974 	
0.14100	0         	0.47953 	0.47953 	0.47953 	0.47953 	
0.14200	0         	0.47933 	0.47933 	0.47933 	0.47933 	
0.14300	0         	0.47916 	0.47916 	0.47916 	0.47916 	
0.14400	0         	0.47895 	0.47895 	0.47895 	0.47895 	
0.14500	0         	0.47873 	0.47873 	0.47873 	0.47873 	
0.14600	0         	0.47852 	0.47852 	0.47852 	0.47852 	
0.14700	0         	0.47830 	0.47830 	0.47830 	0.47830 	
0.14800	0         	0.47808 	0.47808 	0.47808 	0.47808 	
0.14900	0         	0.47785 	0.47785 	0.47785 	0.47785 	
0.15000	0         	0.47765 	0.47765 	0.47765 	0.47765 	
0.15100	0         	0.47754 	0.47754 	0.47754 	0.47754 	
0.15200	0         	0.47739 	0.47739 	0.47739 	0.47739 	
0.15300	0         	0.47728 	0.47728 	0.47728 	0.47728 	
0.15400	0         	0.47717 	0.47717 	0.47717 	0.47717 	
0.15500	0         	0.47701 	0.47701 	0.47701 	0.47701 	
0.15600	0         	0.47678 	0.47678 	0.47678 	0.47678 	
0.15700	0         	0.47655 	0.47655 	0.47655 	0.47655 	
0.15800	0         	0.47632 	0.47632 	0.47632 	0.47632 	
0.15900	0         	0.47608 	0.47608 	0.47608 	0.47608 	
0.16000	0         	0.47584 	0.47584 	0.47584 	0.47584 	
0.16100	0         	0.47560 	0.47560 	0.47560 	0.47560 	
0.16200	0         	0.47536 	0.47536 	0.47536 	0.47536 	
0.16300	0         	0.47515 	0.47515 	0.47515 	0.47515 	
0.16400	0         	0.47500 	0.47500 	0.47500 	0.47500 	
0.16500	0         	0.47486 	0.47486 	0.47486 	0.47486 	
0.16600	0         	0.47473 	0.47473 	0.47473 	0.47473 	
0.16700	0         	0.47458 	0.47458 	0.47458 	0.47458 	
0.16799	0         	0.47444 	0.47444 	0.47444 	0.47444 	
0.16899	0         	0.47420 	0.47420 	0.47420 	0.47420 	
0.16999	0         	0.47395 	0.47395 	0.47395 	0.47395 	
0.17099	0         	0.47369 	0.47369 	0.47369 	0.47369 	
0.17199	0         	0.47343 	0.47343 	0.47343 	0.47343 	
0.17299	0         	0.47318 	0.47318 	0.47318 	0.47318 	
0.17399	0         	0.47293 	0.47293 	0.47293 	0.47293 	
0.17499	0         	0.47270 	0.47270 	0.47270 	0.47270 	
0.17599	0         	0.47252 	0.47252 	0.47252 	0.47252 	
0.17699	0         	0.47226 	0.47226 	0.47226 	0.47226 	
0.17799	0         	0.47200 	0.47200 	0.47200 	0.47200 	
0.17899	0         	0.47173 	0.47173 	0.47173 	0.47173 	
0.17999	0         	0.47146 	0.47146 	0.47146 	0.47146 	
0.18099	0         	0.47119 	0.47119 	0.47119 	0.47119 	
0.18199	0         	0.47092 	0.47092 	0.47092 	0.47092 	
0.18299	0         	0.47067 	0.47067 	0.47067 	0.47067 	
0.18399	0         	0.47051 	0.47051 	0.47051 	0.47051 	
0.18499	0         	0.47034 	0.47034 	0.47034 	0.47034 	
0.18599	0         	0.47018 	0.47018 	0.47018 	0.47018 	
0.18699	0         	0.47001 	0.47001 	0.47001 	0.47001 	
0.18799	0         	0.46980 	0.46980 	0.46980 	0.46980 	
0.18899	0         	0.46952 	0.46952 	0.46952 	0.46952 	
0.18999	0         	0.46923 	0.46923 	0.46923 	0.46923 	
0.19099	0         	0.46894 	0.46894 	0.46894 	0.46894 	
0.19199	0         	0.46865 	0.46865 	0.46865 	0.46865 	
0.19299	0         	0.46836 	0.46836 	0.46836 	0.46836 	
0.19399	0         	0.46807 	0.46807 	0.46807 	0.46807 	
0.19499	0         	0.46778 	0.46778 	0.46778 	0.46778 	
0.19599	0         	0.46749 	0.46749 	0.46749 	0.46749 	
0.19699	0         	0.46719 	0.46719 	0.46719 	0.46719 	
0.19799	0         	0.46689 	0.46689 	0.46689 	0.46689 	
0.19899	0         	0.46659 	0.46659 	0.46659 	0.46659 	
0.19999	0         	0.46629 	0.46629 	0.46629 	0.46629 	
0.20099	0         	0.46610 	0.46610 	0.46610 	0.46610 	
0.20199	0         	0.46596 	0.46596 	0.46596 	0.46596 	
0.20299	0         	0.46577 	0.46577 	0.46577 	0.46577 	
0.20399	0         	0.46558 	0.46558 	0.46558 	0.46558 	
0.20499	0         	0.46532 	0.46532 	0.46532 	0.46532 	
0.20599	0         	0.46501 	0.46501 	0.46501 	0.46501 	
0.20699	0         	0.46469 	0.46469 	0.46469 	0.46469 	
0.20799	0         	0.46437 	0.46437 	0.46437 	0.46437 	
0.20899	0         	0.46405 	0.46405 	0.46405 	0.46405 	
0.20999	0         	0.46373 	0.46373 	0.46373 	0.46373 	
0.21099	0         	0.46341 	0.46341 	0.46341 	0.46341 	
0.21199	0         	0.46309 	0.46309 	0.46309 	0.46309 	
0.21299	0         	0.46276 	0.46276 	0.46276 	0.46276 	
0.21399	0         	0.46243 	0.46243 	0.46243 	0.46243 	
0.21499	0         	0.46211 	0.46211 	0.46211 	0.46211 	
0.21599	0         	0.46177 	0.46177 	0.46177 	0.46177 	
0.21699	0         	0.46147 	0.46147 	0.46147 	0.46147 	
0.21799	0         	0.46128 	0.46128 	0.46128 	0.46128 	
0.21899	0         	0.46108 	0.46108 	0.46108 	0.46108 	
0.21999	0         	0.46088 	0.46088 	0.46088 	0.46088 	
0.22099	0         	0.46067 	0.46067 	0.46067 	0.46067 	
0.22199	0         	0.46042 	0.46042 	0.46042 	0.46042 	
0.22299	0         	0.46007 	0.46007 	0.46007 	0.46007 	
0.22399	0         	0.45973 	0.45973 	0.45973 	0.45973 	
0.22499	0         	0.45938 	0.45938 	0.45938 	0.45938 	
0.22599	0         	0.45903 	0.45903 	0.45903 	0.45903 	
0.22699	0         	0.45868 	0.45868 	0.45868 	0.45868 	
0.22799	0         	0.45836 	0.45836 	0.45836 	0.45836 	
0.22899	0         	0.45801 	0.45801 	0.45801 	0.45801 	
0.22999	0         	0.45766 	0.45766 	0.45766 	0.45766 	
0.23099	0         	0.45730 	0.45730 	0.45730 	0.45730 	
0.23199	0         	0.45694 	0.45694 	0.45694 	0.45694 	
0.23299	0         	0.45658 	0.45658 	0.45658 	0.45658 	
0.23399	0         	0.45621 	0.45621 	0.45621 	0.45621 	
0.23499	0         	0.45599 	0.45599 	0.45599 	0.45599 	
0.23599	0         	0.45576 	0.45576 	0.45576 	0.45576 	
0.23699	0         	0.45552 	0.45552 	0.45552 	0.45552 	
0.23799	0         	0.45530 	0.45530 	0.45530 	0.45530 	
0.23899	0         	0.45501 	0.45501 	0.45501 	0.45501 	
0.23999	0         	0.45464 	0.45464 	0.45464 	0.45464 	
0.24099	0         	0.45426 	0.45426 	0.45426 	0.45426 	
0.24199	0         	0.45389 	0.45389 	0.45389 	0.45389 	
0.24299	0         	0.45352 	0.45352 	0.45352 	0.45352 	
0.24399	0         	0.45314 	0.45314 	0.45314 	0.45314 	
0.24499	0         	0.45277 	0.45277 	0.45277 	0.45277 	
0.24599	0         	0.45239 	0.45239 	0.45239 	0.45239 	
0.24699	0         	0.45200 	0.45200 	0.45200 	0.45200 	
0.24799	0         	0.45162 	0.45162 	0.45162 	0.45162 	
0.24899	0         	0.45123 	0.45123 	0.45123 	0.45123 	
0.24999	0         	0.45084 	0.45084 	0.45084 	0.45084 	
0.25099	0         	0.45050 	0.45050 	0.45050 	0.45050 	
0.25199	0         	0.45028 	0.45028 	0.45028 	0.45028 	
0.25299	0         	0.45002 	0.45002 	0.45002 	0.45002 	
0.25399	0         	0.44979 	0.44979 	0.44979 	0.44979 	
0.25499	0         	0.44954 	0.44954 	0.44954 	0.44954 	
0.25599	0         	0.44913 	0.44913 	0.44913 	0.44913 	
0.25699	0         	0.44873 	0.44873 	0.44873 	0.44873 	
0.25799	0         	0.44832 	0.44832 	0.44832 	0.44832 	
0.25899	0         	0.44791 	0.44791 	0.44791 	0.44791 	
0.25999	0         	0.44750 	0.44750 	0.44750 	0.44750 	
0.26099	0         	0.44710 	0.44710 	0.44710 	0.44710 	
0.26199	0         	0.44669 	0.44669 	0.44669 	0.44669 	
0.26299	0         	0.44628 	0.44628 	0.44628 	0.44628 	
0.26399	0         	0.44586 	0.44586 	0.44586 	0.44586 	
0.26499	0         	0.44544 	0.44544 	0.44544 	0.44544 	
0.26599	0         	0.44502 	0.44502 	0.44502 	0.44502 	
0.26699	0         	0.44482 	0.44482 	0.44482 	0.44482 	
0.26799	0         	0.44455 	0.44455 	0.44455 	0.44455 	
0.26899	0         	0.44436 	0.44436 	0.44436 	0.44436 	
0.26999	0         	0.44409 	0.44409 	0.44409 	0.44409 	
0.27099	0         	0.44384 	0.44384 	0.44384 	0.44384 	
0.27199	0         	0.44342 	0.44342 	0.44342 	0.44342 	
0.27299	0         	0.44300 	0.44300 	0.44300 	0.44300 	
0.27399	0         	0.44256 	0.44256 	0.44256 	0.44256 	
0.27499	0         	0.44212 	0.44212 	0.44212 	0.44212 	
0.27599	0         	0.44177 	0.44177 	0.44177 	0.44177 	
0.27699	0         	0.44134 	0.44134 	0.44134 	0.44134 	
0.27799	0         	0.44103 	0.44103 	0.44103 	0.44103 	
0.27899	0         	0.44075 	0.44075 	0.44075 	0.44075 	
0.27998	0         	0.44049 	0.44049 	0.44049 	0.44049 	
0.28098	0         	0.44023 	0.44023 	0.44023 	0.44023 	
0.28198	0         	0.43987 	0.43987 	0.43987 	0.43987 	
0.28298	0         	0.43942 	0.43942 	0.43942 	0.43942 	
0.28398	0         	0.43897 	0.43897 	0.43897 	0.43897 	
0.28498	0         	0.43851 	0.43851 	0.43851 	0.43851 	
0.28598	0         	0.43806 	0.43806 	0.43806 	0.43806 	
0.28698	0         	0.43760 	0.43760 	0.43760 	0.43760 	
0.28798	0         	0.43714 	0.43714 	0.43714 	0.43714 	
0.28898	0         	0.43668 	0.43668 	0.43668 	0.43668 	
0.28998	0         	0.43623 	0.43623 	0.43623 	0.43623 	
0.29098	0         	0.43576 	0.43576 	0.43576 	0.43576 	
0.29198	0         	0.43533 	0.43533 	0.43533 	0.43533 	
0.29298	0         	0.43507 	0.43507 	0.43507 	0.43507 	
0.29398	0         	0.43476 	0.43476 	0.43476 	0.43476 	
0.29498	0         	0.43445 	0.43445 	0.43445 	0.43445 	
0.29598	0         	0.43416 	0.43416 	0.43416 	0.43416 	
0.29698	0         	0.43370 	0.43370 	0.43370 	0.43370 	
0.29798	0         	0.43322 	0.43322 	0.43322 	0.43322 	
0.29898	0         	0.43273 	0.43273 	0.43273 	0.43273 	
0.29998	0         	0.43225 	0.43225 	0.43225 	0.43225 	
0.30098	0         	0.43177 	0.43177 	0.43177 	0.43177 	
0.30198	0         	0.43129 	0.43129 	0.43129 	0.43129 	
0.30298	0         	0.43080 	0.43080 	0.43080 	0.43080 	
0.30398	0         	0.43030 	0.43030 	0.43030 	0.43030 	
0.30498	0         	0.42983 	0.42983 	0.42983 	0.42983 	
0.30598	0         	0.42934 	0.42934 	0.42934 	0.42934 	
0.30698	0         	0.42904 	0.42904 	0.42904 	0.42904 	
0.30798	0         	0.42871 	0.42871 	0.42871 	0.42871 	
0.30898	0         	0.42839 	0.42839 	0.42839 	0.42839 	
0.30998	0         	0.42806 	0.42806 	0.42806 	0.42806 	
0.31098	0         	0.42768 	0.42768 	0.42768 	0.42768 	
0.31198	0         	0.42717 	0.42717 	0.42717 	0.42717 	
0.31298	0         	0.42667 	0.42667 	0.42667 	0.42667 	
0.31398	0         	0.42617 	0.42617 	0.42617 	0.42617 	
0.31498	0         	0.42566 	0.42566 	0.42566 	0.42566 	
0.31598	0         	0.42515 	0.42515 	0.42515 	0.42515 	
0.31698	0         	0.42464 	0.42464 	0.42464 	0.42464 	
0.31798	0         	0.42412 	0.42412 	0.42412 	0.42412 	
0.31898	0         	0.42360 	0.42360 	0.42360 	0.42360 	
0.31998	0         	0.42308 	0.42308 	0.42308 	0.42308 	
0.32098	0         	0.42258 	0.42258 	0.42258 	0.42258 	
0.32198	0         	0.42225 	0.42225 	0.42225 	0.42225 	
0.32298	0         	0.42196 	0.42196 	0.42196 	0.42196 	
0.32398	0         	0.42181 	0.42181 	0.42181 	0.42181 	
0.32498	0         	0.42171 	0.42171 	0.42171 	0.42171 	
0.32598	0         	0.42139 	0.42139 	0.42139 	0.42139 	
0.32698	0         	0.42090 	0.42090 	0.42090 	0.42090 	
0.32798	0         	0.42036 	0.42036 	0.42036 	0.42036 	
0.32898	0         	0.42000 	0.42000 	0.42000 	0.42000 	
0.32998	0         	0.41960 	0.41960 	0.41960 	0.41960 	
0.33098	0         	0.41909 	0.41909 	0.41909 	0.41909 	
0.33198	0         	0.41855 	0.41855 	0.41855 	0.41855 	
0.33298	0         	0.41803 	0.41803 	0.41803 	0.41803 	
0.33398	0         	0.41750 	0.41750 	0.41750 	0.41750 	
0.33498	0         	0.41697 	0.41697 	0.41697 	0.41697 	
0.33598	0         	0.41643 	0.41643 	0.41643 	0.41643 	
0.33698	0         	0.41589 	0.41589 	0.41589 	0.41589 	
0.33798	0         	0.41534 	0.41534 	0.41534 	0.41534 	
0.33898	0         	0.41493 	0.41493 	0.41493 	0.41493 	
0.33998	0         	0.41459 	0.41459 	0.41459 	0.41459 	
0.34098	0         	0.41425 	0.41425 	0.41425 	0.41425 	
0.34198	0         	0.41390 	0.41390 	0.41390 	0.41390 	
0.34298	0         	0.41335 	0.41335 	0.41335 	0.41335 	
0.34398	0         	0.41279 	0.41279 	0.41279 	0.41279 	
0.34498	0         	0.41222 	0.41222 	0.41222 	0.41222 	
0.34598	0         	0.41165 	0.41165 	0.41165 	0.41165 	
0.34698	0         	0.41109 	0.41109 	0.41109 	0.41109 	
0.34798	0         	0.41055 	0.41055 	0.41055 	0.41055 	
0.34898	0         	0.40998 	0.40998 	0.40998 	0.40998 	
0.34998	0         	0.40941 	0.40941 	0.40941 	0.40941 	
0.35098	0         	0.40883 	0.40883 	0.40883 	0.40883 	
0.35198	0         	0.40850 	0.40850 	0.40850 	0.40850 	
0.35298	0         	0.40815 	0.40815 	0.40815 	0.40815 	
0.35398	0         	0.40782 	0.40782 	0.40782 	0.40782 	
0.35498	0         	0.40746 	0.40746 	0.40746 	0.40746 	
0.35598	0         	0.40690 	0.40690 	0.40690 	0.40690 	
0.35698	0         	0.40631 	0.40631 	0.40631 	0.40631 	
0.35798	0         	0.40572 	0.40572 	0.40572 	0.40572 	
0.35898	0         	0.40516 	0.40516 	0.40516 	0.40516 	
0.35998	0         	0.40458 	0.40458 	0.40458 	0.40458 	
0.36098	0         	0.40405 	0.40405 	0.40405 	0.40405 	
0.36198	0         	0.40345 	0.40345 	0.40345 	0.40345 	
0.36298	0         	0.40285 	0.40285 	0.40285 	0.40285 	
0.36398	0         	0.40226 	0.40226 	0.40226 	0.40226 	
0.36498	0         	0.40174 	0.40174 	0.40174 	0.40174 	
0.36598	0         	0.40138 	0.40138 	0.40138 	0.40138 	
0.36698	0         	0.40101 	0.40101 	0.40101 	0.40101 	
0.36798	0         	0.40056 	0.40056 	0.40056 	0.40056 	
0.36898	0         	0.40014 	0.40014 	0.40014 	0.40014 	
0.36998	0         	0.39953 	0.39953 	0.39953 	0.39953 	
0.37098	0         	0.39892 	0.39892 	0.39892 	0.39892 	
0.37198	0         	0.39831 	0.39831 	0.39831 	0.39831 	
0.37298	0         	0.39769 	0.39769 	0.39769 	0.39769 	
0.37398	0         	0.39721 	0.39721 	0.39721 	0.39721 	
0.37498	0         	0.39682 	0.39682 	0.39682 	0.39682 	
0.37598	0         	0.39647 	0.39647 	0.39647 	0.39647 	
0.37698	0         	0.39609 	0.39609 	0.39609 	0.39609 	
0.37798	0         	0.39551 	0.39551 	0.39551 	0.39551 	
0.37898	0         	0.39488 	0.39488 	0.39488 	0.39488 	
0.37998	0         	0.39425 	0.39425 	0.39425 	0.39425 	
0.38098	0         	0.39361 	0.39361 	0.39361 	0.39361 	
0.38198	0         	0.39298 	0.39298 	0.39298 	0.39298 	
0.38298	0         	0.39234 	0.39234 	0.39234 	0.39234 	
0.38398	0         	0.39171 	0.39171 	0.39171 	0.39171 	
0.38498	0         	0.39106 	0.39106 	0.39106 	0.39106 	
0.38598	0         	0.39057 	0.39057 	0.39057 	0.39057 	
0.38698	0         	0.39016 	0.39016 	0.39016 	0.39016 	
0.38798	0         	0.38978 	0.38978 	0.38978 	0.38978 	
0.38898	0         	0.38937 	0.38937 	0.38937 	0.38937 	
0.38998	0         	0.38876 	0.38876 	0.38876 	0.38876 	
0.39098	0         	0.38811 	0.38811 	0.38811 	0.38811 	
0.39197	0         	0.38747 	0.38747 	0.38747 	0.38747 	
0.39297	0         	0.38683 	0.38683 	0.38683 	0.38683 	
0.39397	0         	0.38617 	0.38617 	0.38617 	0.38617 	
0.39497	0         	0.38553 	0.38553 	0.38553 	0.38553 	
0.39597	0         	0.38489 	0.38489 	0.38489 	0.38489 	
0.39697	0         	0.38426 	0.38426 	0.38426 	0.38426 	
0.39797	0         	0.38360 	0.38360 	0.38360 	0.38360 	
0.39897	0         	0.38320 	0.38320 	0.38320 	0.38320 	
0.39997	0         	0.38281 	0.38281 	0.38281 	0.38281 	
0.40097	0         	0.38242 	0.38242 	0.38242 	0.38242 	
0.40197	0         	0.38185 	0.38185 	0.38185 	0.38185 	
0.40297	0         	0.38118 	0.38118 	0.38118 	0.38118 	
0.40397	0         	0.38051 	0.38051 	0.38051 	0.38051 	
0.40497	0         	0.37983 	0.37983 	0.37983 	0.37983 	
0.40597	0         	0.37917 	0.37917 	0.37917 	0.37917 	
0.40697	0         	0.37850 	0.37850 	0.37850 	0.37850 	
0.40797	0         	0.37781 	0.37781 	0.37781 	0.37781 	
0.40897	0         	0.37712 	0.37712 	0.37712 	0.37712 	
0.40997	0         	0.37661 	0.37661 	0.37661 	0.37661 	
0.41097	0         	0.37619 	0.37619 	0.37619 	0.37619 	
0.41197	0         	0.37578 	0.37578 	0.37578 	0.37578 	
0.41297	0         	0.37566 	0.37566 	0.37566 	0.37566 	
0.41397	0         	0.37496 	0.37496 	0.37496 	0.37496 	
0.41497	0         	0.37427 	0.37427 	0.37427 	0.37427 	
0.41597	0         	0.37356 	0.37356 	0.37356 	0.37356 	
0.41697	0         	0.37285 	0.37285 	0.37285 	0.37285 	
0.41797	0         	0.37215 	0.37215 	0.37215 	0.37215 	
0.41897	0         	0.37144 	0.37144 	0.37144 	0.37144 	
0.41997	0         	0.37073 	0.37073 	0.37073 	0.37073 	
0.42097	0         	0.37027 	0.37027 	0.37027 	0.37027 	
0.42197	0         	0.36983 	0.36983 	0.36983 	0.36983 	
0.42297	0         	0.36939 	0.36939 	0.36939 	0.36939 	
0.42397	0         	0.36879 	0.36879 	0.36879 	0.36879 	
0.42497	0         	0.36807 	0.36807 	0.36807 	0.36807 	
0.42597	0         	0.36735 	0.36735 	0.36735 	0.36735 	
0.42697	0         	0.36663 	0.36663 	0.36663 	0.36663 	
0.42797	0         	0.36590 	0.36590 	0.36590 	0.36590 	
0.42897	0         	0.36516 	0.36516 	0.36516 	0.36516 	
0.42997	0         	0.36443 	0.36443 	0.36443 	0.36443 	
0.43097	0         	0.36400 	0.36400 	0.36400 	0.36400 	
0.43197	0         	0.36354 	0.36354 	0.36354 	0.36354 	
0.43297	0         	0.36314 	0.36314 	0.36314 	0.36314 	
0.43397	0         	0.36251 	0.36251 	0.36251 	0.36251 	
0.43497	0         	0.36184 	0.36184 	0.36184 	0.36184 	
0.43597	0         	0.36109 	0.36109 	0.36109 	0.36109 	
0.43697	0         	0.36034 	0.36034 	0.36034 	0.36034 	
0.43797	0         	0.35964 	0.35964 	0.35964 	0.35964 	
0.43897	0         	0.35889 	0.35889 	0.35889 	0.35889 	
0.43997	0         	0.35813 	0.35813 	0.35813 	0.35813 	
0.44097	0         	0.35760 	0.35760 	0.35760 	0.35760 	
0.44197	0         	0.35712 	0.35712 	0.35712 	0.35712 	
0.44297	0         	0.35667 	0.35667 	0.35667 	0.35667 	
0.44397	0         	0.35592 	0.35592 	0.35592 	0.35592 	
0.44497	0         	0.35515 	0.35515 	0.35515 	0.35515 	
0.44597	0         	0.35440 	0.35440 	0.35440 	0.35440 	
0.44697	0         	0.35380 	0.35380 	0.35380 	0.35380 	
0.44797	0         	0.35339 	0.35339 	0.35339 	0.35339 	
0.44897	0         	0.35293 	0.35293 	0.35293 	0.35293 	
0.44997	0         	0.35233 	0.35233 	0.35233 	0.35233 	
0.45097	0         	0.35155 	0.35155 	0.35155 	0.35155 	
0.45197	0         	0.35076 	0.35076 	0.35076 	0.35076 	
0.45297	0         	0.34998 	0.34998 	0.34998 	0.34998 	
0.45397	0         	0.34920 	0.34920 	0.34920 	0.34920 	
0.45497	0         	0.34841 	0.34841 	0.34841 	0.34841 	
0.45597	0         	0.34765 	0.34765 	0.34765 	0.34765 	
0.45697	0         	0.34719 	0.34719 	0.34719 	0.34719 	
0.45797	0         	0.34672 	0.34672 	0.34672 	0.34672 	
0.45897	0         	0.34622 	0.34622 	0.34622 	0.34622 	
0.45997	0         	0.34551 	0.34551 	0.34551 	0.34551 	
0.46097	0         	0.34471 	0.34471 	0.34471 	0.34471 	
0.46197	0         	0.34392 	0.34392 	0.34392 	0.34392 	
0.46297	0         	0.34313 	0.34313 	0.34313 	0.34313 	
0.46397	0         	0.34232 	0.34232 	0.34232 	0.34232 	
0.46497	0         	0.34152 	0.34152 	0.34152 	0.34152 	
0.46597	0         	0.34073 	0.34073 	0.34073 	0.34073 	
0.46697	0         	0.34031 	0.34031 	0.34031 	0.34031 	
0.46797	0         	0.33979 	0.33979 	0.33979 	0.33979 	
0.46897	0         	0.33936 	0.33936 	0.33936 	0.33936 	
0.46997	0         	0.33860 	0.33860 	0.33860 	0.33860 	
0.47097	0         	0.33780 	0.33780 	0.33780 	0.33780 	
0.47197	0         	0.33697 	0.33697 	0.33697 	0.33697 	
0.47297	0         	0.33617 	0.33617 	0.33617 	0.33617 	
0.47397	0         	0.33534 	0.33534 	0.33534 	0.33534 	
0.47497	0         	0.33450 	0.33450 	0.33450 	0.33450 	
0.47597	0         	0.33377 	0.33377 	0.33377 	0.33377 	
0.47697	0         	0.33334 	0.33334 	0.33334 	0.33334 	
0.47797	0         	0.33290 	0.33290 	0.33290 	0.33290 	
0.47897	0         	0.33220 	0.33220 	0.33220 	0.33220 	
0.47997	0         	0.33137 	0.33137 	0.33137 	0.33137 	
0.48097	0         	0.33052 	0.33052 	0.33052 	0.33052 	
0.48197	0         	0.32970 	0.32970 	0.32970 	0.32970 	
0.48297	0         	0.32885 	0.32885 	0.32885 	0.32885 	
0.48397	0         	0.32800 	0.32800 	0.32800 	0.32800 	
0.48497	0         	0.32743 	0.32743 	0.32743 	0.32743 	
0.48597	0         	0.32695 	0.32695 	0.32695 	0.32695 	
0.48697	0         	0.32644 	0.32644 	0.32644 	0.32644 	
0.48797	0         	0.32575 	0.32575 	0.32575 	0.32575 	
0.48897	0         	0.32487 	0.32487 	0.32487 	0.32487 	
0.48997	0         	0.32401 	0.32401 	0.32401 	0.32401 	
0.49097	0         	0.32313 	0.32313 	0.32313 	0.32313 	
0.49197	0         	0.32226 	0.32226 	0.32226 	0.32226 	
0.49297	0         	0.32149 	0.32149 	0.32149 	0.32149 	
0.49397	0         	0.32097 	0.32097 	0.32097 	0.32097 	
0.49497	0         	0.32048 	0.32048 	0.32048 	0.32048 	
0.49597	0         	0.31982 	0.31982 	0.31982 	0.31982 	
0.49697	0         	0.31893 	0.31893 	0.31893 	0.31893 	
0.49797	0         	0.31804 	0.31804 	0.31804 	0.31804 	
0.49897	0         	0.31719 	0.31719 	0.31719 	0.31719 	
0.49997	0         	0.31629 	0.31629 	0.31629 	0.31629 	
0.50097	0         	0.31544 	0.31544 	0.31544 	0.31544 	
0.50197	0         	0.31486 	0.31486 	0.31486 	0.31486 	
0.50297	0         	0.31442 	0.31442 	0.31442 	0.31442 	
0.50397	0         	0.31393 	0.31393 	0.31393 	0.31393 	
0.50496	0         	0.31309 	0.31309 	0.31309 	0.31309 	
0.50596	0         	0.31219 	0.31219 	0.31219 	0.31219 	
0.50696	0         	0.31128 	0.31128 	0.31128 	0.31128 	
0.50796	0         	0.31058 	0.31058 	0.31058 	0.31058 	
0.50896	0         	0.31000 	0.31000 	0.31000 	0.31000 	
0.50996	0         	0.30950 	0.30950 	0.30950 	0.30950 	
0.51096	0         	0.30884 	0.30884 	0.30884 	0.30884 	
0.51196	0         	0.30793 	0.30793 	0.30793 	0.30793 	
0.51296	0         	0.30700 	0.30700 	0.30700 	0.30700 	
0.51396	0         	0.30607 	0.30607 	0.30607 	0.30607 	
0.51496	0         	0.30514 	0.30514 	0.30514 	0.30514 	
0.51596	0         	0.30440 	0.30440 	0.30440 	0.30440 	
0.51696	0         	0.30382 	0.30382 	0.30382 	0.30382 	
0.51796	0         	0.30333 	0.30333 	0.30333 	0.30333 	
0.51896	0         	0.30252 	0.30252 	0.30252 	0.30252 	
0.51996	0         	0.30159 	0.30159 	0.30159 	0.30159 	
0.52096	0         	0.30067 	0.30067 	0.30067 	0.30067 	
0.52196	0         	0.29972 	0.29972 	0.29972 	0.29972 	
0.52296	0         	0.29877 	0.29877 	0.29877 	0.29877 	
0.52396	0         	0.29810 	0.29810 	0.29810 	0.29810 	
0.52496	0         	0.29757 	0.29757 	0.29757 	0.29757 	
0.52596	0         	0.29699 	0.29699 	0.29699 	0.29699 	
0.52696	0         	0.29604 	0.29604 	0.29604 	0.29604 	
0.52796	0         	0.29509 	0.29509 	0.29509 	0.29509 	
0.52896	0         	0.29414 	0.29414 	0.29414 	0.29414 	
0.52996	0         	0.29319 	0.29319 	0.29319 	0.29319 	
0.53096	0         	0.29241 	0.29241 	0.29241 	0.29241 	
0.53196	0         	0.29189 	0.29189 	0.29189 	0.29189 	
0.53296	0         	0.29132 	0.29132 	0.29132 	0.29132 	
0.53396	0         	0.29047 	0.29047 	0.29047 	0.29047 	
0.53496	0         	0.28948 	0.28948 	0.28948 	0.28948 	
0.53596	0         	0.28851 	0.28851 	0.28851 	0.28851 	
0.53696	0         	0.28752 	0.28752 	0.28752 	0.28752 	
0.53796	0         	0.28672 	0.28672 	0.28672 	0.28672 	
0.53896	0         	0.28616 	0.28616 	0.28616 	0.28616 	
0.53996	0         	0.28563 	0.28563 	0.28563 	0.28563 	
0.54096	0         	0.28468 	0.28468 	0.28468 	0.28468 	
0.54196	0         	0.28369 	0.28369 	0.28369 	0.28369 	
0.54296	0         	0.28269 	0.28269 	0.28269 	0.28269 	
0.54396	0         	0.28168 	0.28168 	0.28168 	0.28168 	
0.54496	0         	0.28105 	0.28105 	0.28105 	0.28105 	
0.54596	0         	0.28059 	0.28059 	0.28059 	0.28059 	
0.54696	0         	0.27983 	0.27983 	0.27983 	0.27983 	
0.54796	0         	0.27880 	0.27880 	0.27880 	0.27880 	
0.54896	0         	0.27778 	0.27778 	0.27778 	0.27778 	
0.54996	0         	0.27675 	0.27675 	0.27675 	0.27675 	
0.55096	0         	0.27614 	0.27614 	0.27614 	0.27614 	
0.55196	0         	0.27565 	0.27565 	0.27565 	0.27565 	
0.55296	0         	0.27491 	0.27491 	0.27491 	0.27491 	
0.55396	0         	0.27387 	0.27387 	0.27387 	0.27387 	
0.55496	0         	0.27307 	0.27307 	0.27307 	0.27307 	
0.55596	0         	0.27257 	0.27257 	0.27257 	0.27257 	
0.55696	0         	0.27188 	0.27188 	0.27188 	0.27188 	
0.55796	0         	0.27084 	0.27084 	0.27084 	0.27084 	
0.55896	0         	0.26980 	0.26980 	0.26980 	0.26980 	
0.55996	0         	0.26875 	0.26875 	0.26875 	0.26875 	
0.56096	0         	0.26818 	0.26818 	0.26818 	0.26818 	
0.56196	0         	0.26767 	0.26767 	0.26767 	0.26767 	
0.56296	0         	0.26699 	0.26699 	0.26699 	0.26699 	
0.56396	0         	0.26602 	0.26602 	0.26602 	0.26602 	
0.56496	0         	0.26497 	0.26497 	0.26497 	0.26497 	
0.56596	0         	0.26391 	0.26391 	0.26391 	0.26391 	
0.56696	0         	0.26322 	0.26322 	0.26322 	0.26322 	
0.56796	0         	0.26269 	0.26269 	0.26269 	0.26269 	
0.56896	0         	0.26185 	0.26185 	0.26185 	0.26185 	
0.56996	0         	0.26076 	0.26076 	0.26076 	0.26076 	
0.57096	0         	0.25974 	0.25974 	0.25974 	0.25974 	
0.57196	0         	0.25873 	0.25873 	0.25873 	0.25873 	
0.57296	0         	0.25785 	0.25785 	0.25785 	0.25785 	
0.57396	0         	0.25723 	0.25723 	0.25723 	0.25723 	
0.57496	0         	0.25651 	0.25651 	0.25651 	0.25651 	
0.57596	0         	0.25597 	0.25597 	0.25597 	0.25597 	
0.57696	0         	0.25515 	0.25515 	0.25515 	0.25515 	
0.57796	0         	0.25423 	0.25423 	0.25423 	0.25423 	
0.57896	0         	0.25321 	0.25321 	0.25321 	0.25321 	
0.57996	0         	0.25211 	0.25211 	0.25211 	0.25211 	
0.58096	0         	0.25118 	0.25118 	0.25118 	0.25118 	
0.58196	0         	0.25011 	0.25011 	0.25011 	0.25011 	
0.58296	0         	0.24952 	0.24952 	0.24952 	0.24952 	
0.58396	0         	0.24883 	0.24883 	0.24883 	0.24883 	
0.58496	0         	0.24780 	0.24780 	0.24780 	0.24780 	
0.58596	0         	0.24669 	0.24669 	0.24669 	0.24669 	
0.58696	0         	0.24559 	0.24559 	0.24559 	0.24559 	
0.58796	0         	0.24476 	0.24476 	0.24476 	0.24476 	
0.58896	0         	0.24418 	0.24418 	0.24418 	0.24418 	
0.58996	0         	0.24332 	0.24332 	0.24332 	0.24332 	
0.59096	0         	0.24219 	0.24219 	0.24219 	0.24219 	
0.59196	0         	0.24111 	0.24111 	0.24111 	0.24111 	
0.59296	0         	0.24002 	0.24002 	0.24002 	0.24002 	
0.59396	0         	0.23940 	0.23940 	0.23940 	0.23940 	
0.59496	0         	0.23867 	0.23867 	0.23867 	0.23867 	
0.59596	0         	0.23761 	0.23761 	0.23761 	0.23761 	
0.59696	0         	0.23657 	0.23657 	0.23657 	0.23657 	
0.59796	0         	0.23596 	0.23596 	0.23596 	0.23596 	
0.59896	0         	0.23524 	0.23524 	0.23524 	0.23524 	
0.59996	0         	0.23415 	0.23415 	0.23415 	0.23415 	
0.60096	0         	0.23298 	0.23298 	0.23298 	0.23298 	
0.60196	0         	0.23188 	0.23188 	0.23188 	0.23188 	
0.60296	0         	0.23118 	0.23118 	0.23118 	0.23118 	
0.60396	0         	0.23060 	0.23060 	0.23060 	0.23060 	
0.60496	0         	0.22955 	0.22955 	0.22955 	0.22955 	
0.60596	0         	0.22838 	0.22838 	0.22838 	0.22838 	
0.60696	0         	0.22721 	0.22721 	0.22721 	0.22721 	
0.60796	0         	0.22649 	0.22649 	0.22649 	0.22649 	
0.60896	0         	0.22585 	0.22585 	0.22585 	0.22585 	
0.60996	0         	0.22467 	0.22467 	0.22467 	0.22467 	
0.61096	0         	0.22352 	0.22352 	0.22352 	0.22352 	
0.61196	0         	0.22247 	0.22247 	0.22247 	0.22247 	
0.61296	0         	0.22183 	0.22183 	0.22183 	0.22183 	
0.61396	0         	0.22097 	0.22097 	0.22097 	0.22097 	
0.61496	0         	0.21976 	0.21976 	0.21976 	0.21976 	
0.61595	0         	0.21858 	0.21858 	0.21858 	0.21858 	
0.61695	0         	0.21762 	0.21762 	0.21762 	0.21762 	
0.61795	0         	0.21701 	0.21701 	0.21701 	0.21701 	
0.61895	0         	0.21597 	0.21597 	0.21597 	0.21597 	
0.61995	0         	0.21476 	0.21476 	0.21476 	0.21476 	
0.62095	0         	0.21361 	0.21361 	0.21361 	0.21361 	
0.62195	0         	0.21301 	0.21301 	0.21301 	0.21301 	
0.62295	0         	0.21210 	0.21210 	0.21210 	0.21210 	
0.62395	0         	0.21091 	0.21091 	0.21091 	0.21091 	
0.62495	0         	0.20977 	0.20977 	0.20977 	0.20977 	
0.62595	0         	0.20914 	0.20914 	0.20914 	0.20914 	
0.62695	0         	0.20819 	0.20819 	0.20819 	0.20819 	
0.62795	0         	0.20721 	0.20721 	0.20721 	0.20721 	
0.62895	0         	0.20655 	0.20655 	0.20655 	0.20655 	
0.62995	0         	0.20537 	0.20537 	0.20537 	0.20537 	
0.63095	0         	0.20411 	0.20411 	0.20411 	0.20411 	
0.63195	0         	0.20323 	0.20323 	0.20323 	0.20323 	
0.63295	0         	0.20243 	0.20243 	0.20243 	0.20243 	
0.63395	0         	0.20116 	0.20116 	0.20116 	0.20116 	
0.63495	0         	0.19988 	0.19988 	0.19988 	0.19988 	
0.63595	0         	0.19928 	0.19928 	0.19928 	0.19928 	
0.63695	0         	0.19832 	0.19832 	0.19832 	0.19832 	
0.63795	0         	0.19703 	0.19703 	0.19703 	0.19703 	
0.63895	0         	0.19587 	0.19587 	0.19587 	0.19587 	
0.63995	0         	0.19535 	0.19535 	0.19535 	0.19535 	
0.64095	0         	0.19437 	0.19437 	0.19437 	0.19437 	
0.64195	0         	0.19308 	0.19308 	0.19308 	0.19308 	
0.64295	0         	0.19209 	0.19209 	0.19209 	0.19209 	
0.64395	0         	0.19149 	0.19149 	0.19149 	0.19149 	
0.64495	0         	0.19027 	0.19027 	0.19027 	0.19027 	
0.64595	0         	0.18895 	0.18895 	0.18895 	0.18895 	
0.64695	0         	0.18801 	0.18801 	0.18801 	0.18801 	
0.64795	0         	0.18713 	0.18713 	0.18713 	0.18713 	
0.64895	0         	0.18584 	0.18584 	0.18584 	0.18584 	
0.64995	0         	0.18477 	0.18477 	0.18477 	0.18477 	
0.65095	0         	0.18404 	0.18404 	0.18404 	0.18404 	
0.65195	0         	0.18281 	0.18281 	0.18281 	0.18281 	
0.65295	0         	0.18222 	0.18222 	0.18222 	0.18222 	
0.65395	0         	0.18106 	0.18106 	0.18106 	0.18106 	
0.65495	0         	0.17969 	0.17969 	0.17969 	0.17969 	
0.65595	0         	0.17904 	0.17904 	0.17904 	0.17904 	
0.65695	0         	0.17805 	0.17805 	0.17805 	0.17805 	
0.65795	0         	0.17666 	0.17666 	0.17666 	0.17666 	
0.65895	0         	0.17591 	0.17591 	0.17591 	0.17591 	
0.65995	0         	0.17498 	0.17498 	0.17498 	0.17498 	
0.66095	0         	0.17362 	0.17362 	0.17362 	0.17362 	
0.66195	0         	0.17260 	0.17260 	0.17260 	0.17260 	
0.66295	0         	0.17181 	0.17181 	0.17181 	0.17181 	
0.66395	0         	0.17044 	0.17044 	0.17044 	0.17044 	
0.66495	0         	0.16938 	0.16938 	0.16938 	0.16938 	
0.66595	0         	0.16869 	0.16869 	0.16869 	0.16869 	
0.66695	0         	0.16730 	0.16730 	0.16730 	0.16730 	
0.66795	0         	0.16607 	0.16607 	0.16607 	0.16607 	
0.66895	0         	0.16542 	0.16542 	0.16542 	0.16542 	
0.66995	0         	0.16413 	0.16413 	0.16413 	0.16413 	
0.67095	0         	0.16275 	0.16275 	0.16275 	0.16275 	
0.67195	0         	0.16191 	0.16191 	0.16191 	0.16191 	
0.67295	0         	0.16086 	0.16086 	0.16086 	0.16086 	
0.67395	0         	0.15986 	0.15986 	0.15986 	0.15986 	
0.67495	0         	0.15896 	0.15896 	0.15896 	0.15896 	
0.67595	0         	0.15766 	0.15766 	0.15766 	0.15766 	
0.67695	0         	0.15624 	0.15624 	0.15624 	0.15624 	
0.67795	0         	0.15548 	0.15548 	0.15548 	0.15548 	
0.67895	0         	0.15427 	0.15427 	0.15427 	0.15427 	
0.67995	0         	0.15293 	0.15293 	0.15293 	0.15293 	
0.68095	0         	0.15219 	0.15219 	0.15219 	0.15219 	
0.68195	0         	0.15085 	0.15085 	0.15085 	0.15085 	
0.68295	0         	0.14959 	0.14959 	0.14959 	0.14959 	
0.68395	0         	0.14874 	0.14874 	0.14874 	0.14874 	
0.68495	0         	0.14723 	0.14723 	0.14723 	0.14723 	
0.68595	0         	0.14641 	0.14641 	0.14641 	0.14641 	
0.68695	0         	0.14538 	0.14538 	0.14538 	0.14538 	
0.68795	0         	0.14390 	0.14390 	0.14390 	0.14390 	
0.68895	0         	0.14320 	0.14320 	0.14320 	0.14320 	
0.68995	0         	0.14203 	0.14203 	0.14203 	0.14203 	
0.69095	0         	0.14064 	0.14064 	0.14064 	0.14064 	
0.69195	0         	0.13998 	0.13998 	0.13998 	0.13998 	
0.69295	0         	0.13870 	0.13870 	0.13870 	0.13870 	
0.69395	0         	0.13808 	0.13808 	0.13808 	0.13808 	
0.69495	0         	0.13656 	0.13656 	0.13656 	0.13656 	
0.69595	0         	0.13522 	0.13522 	0.13522 	0.13522 	
0.69695	0         	0.13387 	0.13387 	0.13387 	0.13387 	
0.69795	0         	0.13321 	0.13321 	0.13321 	0.13321 	
0.69895	0         	0.13170 	0.13170 	0.13170 	0.13170 	
0.69995	0         	0.13143 	0.13143 	0.13143 	0.13143 	
0.70095	0         	0.13075 	0.13075 	0.13075 	0.13075 	
0.70195	0         	0.12919 	0.12919 	0.12919 	0.12919 	
0.70295	0         	0.12832 	0.12832 	0.12832 	0.12832 	
0.70395	0         	0.12709 	0.12709 	0.12709 	0.12709 	
0.70495	0         	0.12614 	0.12614 	0.12614 	0.12614 	
0.70595	0         	0.12484 	0.12484 	0.12484 	0.12484 	
0.70695	0         	0.12371 	0.12371 	0.12371 	0.12371 	
0.70795	0         	0.12307 	0.12307 	0.12307 	0.12307 	
0.70895	0         	0.12259 	0.12259 	0.12259 	0.12259 	
0.70995	0         	0.12142 	0.12142 	0.12142 	0.12142 	
0.71095	0         	0.12025 	0.12025 	0.12025 	0.12025 	
0.71195	0         	0.11904 	0.11904 	0.11904 	0.11904 	
0.71295	0         	0.11781 	0.11781 	0.11781 	0.11781 	
0.71395	0         	0.11708 	0.11708 	0.11708 	0.11708 	
0.71495	0         	0.11592 	0.11592 	0.11592 	0.11592 	
0.71595	0         	0.11476 	0.11476 	0.11476 	0.11476 	
0.71695	0         	0.11367 	0.11367 	0.11367 	0.11367 	
0.71795	0         	0.11263 	0.11263 	0.11263 	0.11263 	
0.71895	0         	0.11160 	0.11160 	0.11160 	0.11160 	
0.71995	0         	0.11062 	0.11062 	0.11062 	0.11062 	
0.72095	0         	0.10955 	0.10955 	0.10955 	0.10955 	
0.72195	0         	0.10845 	0.10845 	0.10845 	0.10845 	
0.72295	0         	0.10745 	0.10745 	0.10745 	0.10745 	
0.72395	0         	0.10625 	0.10625 	0.10625 	0.10625 	
0.72495	0         	0.10516 	0.10516 	0.10516 	0.10516 	
0.72595	0         	0.10387 	0.10387 	0.10387 	0.10387 	
0.72695	0         	0.10271 	0.10271 	0.10271 	0.10271 	
0.72795	0         	0.10158 	0.10158 	0.10158 	0.10158 	
0.72894	0         	0.10087 	0.10087 	0.10087 	0.10087 	
0.72994	0         	0.09979 	0.09979 	0.09979 	0.09979 	
0.73094	0         	0.09862 	0.09862 	0.09862 	0.09862 	
0.73194	0         	0.09744 	0.09744 	0.09744 	0.09744 	
0.73294	0         	0.09632 	0.09632 	0.09632 	0.09632 	
0.73394	0         	0.09530 	0.09530 	0.09530 	0.09530 	
0.73494	0         	0.09423 	0.09423 	0.09423 	0.09423 	
0.73594	0         	0.09309 	0.09309 	0.09309 	0.09309 	
0.73694	0         	0.09207 	0.09207 	0.09207 	0.09207 	
0.73794	0         	0.09089 	0.09089 	0.09089 	0.09089 	
0.73894	0         	0.08991 	0.08991 	0.08991 	0.08991 	
0.73994	0         	0.08870 	0.08870 	0.08870 	0.08870 	
0.74094	0         	0.08754 	0.08754 	0.08754 	0.08754 	
0.74194	0         	0.08654 	0.08654 	0.08654 	0.08654 	
0.74294	0         	0.08583 	0.08583 	0.08583 	0.08583 	
0.74394	0         	0.08448 	0.08448 	0.08448 	0.08448 	
0.74494	0         	0.08368 	0.08368 	0.08368 	0.08368 	
0.74594	0         	0.08260 	0.08260 	0.08260 	0.08260 	
0.74694	0         	0.08167 	0.08167 	0.08167 	0.08167 	
0.74794	0         	0.08068 	0.08068 	0.08068 	0.08068 	
0.74894	0         	0.07955 	0.07955 	0.07955 	0.07955 	
0.74994	0         	0.07864 	0.07864 	0.07864 	0.07864 	
0.75094	0         	0.07767 	0.07767 	0.07767 	0.07767 	
0.75194	0         	0.07691 	0.07691 	0.07691 	0.07691 	
0.75294	0         	0.07592 	0.07592 	0.07592 	0.07592 	
0.75394	0         	0.07488 	0.07488 	0.07488 	0.07488 	
0.75494	0         	0.07378 	0.07378 	0.07378 	0.07378 	
0.75594	0         	0.07280 	0.07280 	0.07280 	0.07280 	
0.75694	0         	0.07195 	0.07195 	0.07195 	0.07195 	
0.75794	0         	0.07107 	0.07107 	0.07107 	0.07107 	
0.75894	0         	0.07019 	0.07019 	0.07019 	0.07019 	
0.75994	0         	0.06919 	0.06919 	0.06919 	0.06919 	
0.76094	0         	0.06815 	0.06815 	0.06815 	0.06815 	
0.76194	0         	0.06723 	0.06723 	0.06723 	0.06723 	
0.76294	0         	0.06632 	0.06632 	0.06632 	0.06632 	
0.76394	0         	0.06528 	0.06528 	0.06528 	0.06528 	
0.76494	0         	0.06438 	0.06438 	0.06438 	0.06438 	
0.76594	0         	0.06334 	0.06334 	0.06334 	0.06334 	
0.76694	0         	0.06241 	0.06241 	0.06241 	0.06241 	
0.76794	0         	0.06168 	0.06168 	0.06168 	0.06168 	
0.76894	0         	0.06108 	0.06108 	0.06108 	0.06108 	
0.76994	0         	0.06057 	0.06057 	0.06057 	0.06057 	
0.77094	0         	0.05993 	0.05993 	0.05993 	0.05993 	
0.77194	0         	0.05917 	0.05917 	0.05917 	0.05917 	
0.77294	0         	0.05836 	0.05836 	0.05836 	0.05836 	
0.77394	0         	0.05737 	0.05737 	0.05737 	0.05737 	
0.77494	0         	0.05730 	0.05730 	0.05730 	0.05730 	
0.77594	0         	0.05709 	0.05709 	0.05709 	0.05709 	
0.77694	0         	0.05632 	0.05632 	0.05632 	0.05632 	
0.77794	0         	0.05551 	0.05551 	0.05551 	0.05551 	
0.77894	0         	0.05483 	0.05483 	0.05483 	0.05483 	
0.77994	0         	0.05396 	0.05396 	0.05396 	0.05396 	
0.78094	0         	0.05380 	0.05380 	0.05380 	0.05380 	
0.78194	0         	0.05302 	0.05302 	0.05302 	0.05302 	
0.78294	0         	0.05227 	0.05227 	0.05227 	0.05227 	
0.78394	0         	0.05154 	0.05154 	0.05154 	0.05154 	
0.78494	0         	0.05074 	0.05074 	0.05074 	0.05074 	
0.78594	0         	0.04964 	0.04964 	0.04964 	0.04964 	
0.78694	0         	0.04869 	0.04869 	0.04869 	0.04869 	
0.78794	0         	0.04803 	0.04803 	0.04803 	0.04803 	
0.78894	0         	0.04729 	0.04729 	0.04729 	0.04729 	
0.78994	0         	0.04648 	0.04648 	0.04648 	0.04648 	
0.79094	0         	0.04579 	0.04579 	0.04579 	0.04579 	
0.79194	0         	0.04548 	0.04548 	0.04548 	0.04548 	
0.79294	0         	0.04481 	0.04481 	0.04481 	0.04481 	
0.79394	0         	0.04414 	0.04414 	0.04414 	0.04414 	
0.79494	0         	0.04352 	0.04352 	0.04352 	0.04352 	
0.79594	0         	0.04285 	0.04285 	0.04285 	0.04285 	
0.79694	0         	0.04216 	0.04216 	0.04216 	0.04216 	
0.79794	0         	0.04176 	0.04176 	0.04176 	0.04176 	
0.79894	0         	0.04106 	0.04106 	0.04106 	0.04106 	
0.79994	0         	0.04064 	0.04064 	0.04064 	0.04064 	
0.80094	0         	0.04004 	0.04004 	0.04004 	0.04004 	
0.80194	0         	0.03945 	0.03945 	0.03945 	0.03945 	
0.80294	0         	0.03878 	0.03878 	0.03878 	0.03878 	
0.80394	0         	0.03810 	0.03810 	0.03810 	0.03810 	
0.80494	0         	0.03757 	0.03757 	0.03757 	0.03757 	
0.80594	0         	0.03710 	0.03710 	0.03710 	0.03710 	
0.80694	0         	0.03679 	0.03679 	0.03679 	0.03679 	
0.80794	0         	0.03619 	0.03619 	0.03619 	0.03619 	
0.80894	0         	0.03562 	0.03562 	0.03562 	0.03562 	
0.80994	0         	0.03557 	0.03557 	0.03557 	0.03557 	
0.81094	0         	0.03551 	0.03551 	0.03551 	0.03551 	
0.81194	0         	0.03499 	0.03499 	0.03499 	0.03499 	
0.81294	0         	0.03485 	0.03485 	0.03485 	0.03485 	
0.81394	0         	0.03434 	0.03434 	0.03434 	0.03434 	
0.81494	0         	0.03373 	0.03373 	0.03373 	0.03373 	
0.81594	0         	0.03315 	0.03315 	0.03315 	0.03315 	
0.81694	0         	0.03266 	0.03266 	0.03266 	0.03266 	
0.81794	0         	0.03203 	0.03203 	0.03203 	0.03203 	
0.81894	0         	0.03153 	0.03153 	0.03153 	0.03153 	
0.81994	0         	0.03103 	0.03103 	0.03103 	0.03103 	
0.82094	0         	0.03061 	0.03061 	0.03061 	0.03061 	
0.82194	0         	0.03004 	0.03004 	0.03004 	0.03004 	
0.82294	0         	0.02955 	0.02955 	0.02955 	0.02955 	
0.82394	0         	0.02910 	0.02910 	0.02910 	0.02910 	
0.82494	0         	0.02888 	0.02888 	0.02888 	0.02888 	
0.82594	0         	0.02844 	0.02844 	0.02844 	0.02844 	
0.82694	0         	0.02799 	0.02799 	0.02799 	0.02799 	
0.82794	0         	0.02763 	0.02763 	0.02763 	0.02763 	
0.82894	0         	0.02740 	0.02740 	0.02740 	0.02740 	
0.82994	0         	0.02696 	0.02696 	0.02696 	0.02696 	
0.83094	0         	0.02664 	0.02664 	0.02664 	0.02664 	
0.83194	0         	0.02629 	0.02629 	0.02629 	0.02629 	
0.83294	0         	0.02591 	0.02591 	0.02591 	0.02591 	
0.83394	0         	0.02548 	0.02548 	0.02548 	0.02548 	
0.83494	0         	0.02509 	0.02509 	0.02509 	0.02509 	
0.83594	0         	0.02465 	0.02465 	0.02465 	0.02465 	
0.83694	0         	0.02436 	0.02436 	0.02436 	0.02436 	
0.83794	0         	0.02398 	0.02398 	0.02398 	0.02398 	
0.83894	0         	0.02370 	0.02370 	0.02370 	0.02370 	
0.83994	0         	0.02333 	0.02333 	0.02333 	0.02333 	
0.84093	0         	0.02290 	0.02290 	0.02290 	0.02290 	
0.84193	0         	0.02253 	0.02253 	0.02253 	0.02253 	
0.84293	0         	0.02189 	0.02189 	0.02189 	0.02189 	
0.84393	0         	0.02148 	0.02148 	0.02148 	0.02148 	
0.84493	0         	0.02111 	0.02111 	0.02111 	0.02111 	
0.84593	0         	0.02069 	0.02069 	0.02069 	0.02069 	
0.84693	0         	0.02034 	0.02034 	0.02034 	0.02034 	
0.84793	0         	0.02007 	0.02007 	0.02007 	0.02007 	
0.84893	0         	0.01977 	0.01977 	0.01977 	0.01977 	
0.84993	0         	0.01947 	0.01947 	0.01947 	0.01947 	
0.85093	0         	0.01914 	0.01914 	0.01914 	0.01914 	
0.85193	0         	0.01882 	0.01882 	0.01882 	0.01882 	
0.85293	0         	0.01844 	0.01844 	0.01844 	0.01844 	
0.85393	0         	0.01809 	0.01809 	0.01809 	0.01809 	
0.85493	0         	0.01786 	0.01786 	0.01786 	0.01786 	
0.85593	0         	0.01745 	0.01745 	0.01745 	0.01745 	
0.85693	0         	0.01713 	0.01713 	0.01713 	0.01713 	
0.85793	0         	0.01670 	0.01670 	0.01670 	0.01670 	
0.85893	0         	0.01531 	0.01531 	0.01531 	0.01531 	
0.85993	0         	0.01491 	0.01491 	0.01491 	0.01491 	
0.86093	0         	0.01472 	0.01472 	0.01472 	0.01472 	
0.86193	0         	0.01431 	0.01431 	0.01431 	0.01431 	
0.86293	0         	0.01424 	0.01424 	0.01424 	0.01424 	
0.86393	0         	0.01393 	0.01393 	0.01393 	0.01393 	
0.86493	0         	0.01369 	0.01369 	0.01369 	0.01369 	
0.86593	0         	0.01335 	0.01335 	0.01335 	0.01335 	
0.86693	0         	0.01315 	0.01315 	0.01315 	0.01315 	
0.86793	0         	0.01290 	0.01290 	0.01290 	0.01290 	
0.86893	0         	0.01272 	0.01272 	0.01272 	0.01272 	
0.86993	0         	0.01247 	0.01247 	0.01247 	0.01247 	
0.87093	0         	0.01217 	0.01217 	0.01217 	0.01217 	
0.87193	0         	0.01211 	0.01211 	0.01211 	0.01211 	
0.87293	0         	0.01196 	0.01196 	0.01196 	0.01196 	
0.87393	0         	0.01173 	0.01173 	0.01173 	0.01173 	
0.87493	0         	0.01155 	0.01155 	0.01155 	0.01155 	
0.87593	0         	0.01135 	0.01135 	0.01135 	0.01135 	
0.87693	0         	0.01103 	0.01103 	0.01103 	0.01103 	
0.87793	0         	0.01085 	0.01085 	0.01085 	0.01085 	
0.87893	0         	0.01079 	0.01079 	0.01079 	0.01079 	
0.87993	0         	0.01062 	0.01062 	0.01062 	0.01062 	
0.88093	0         	0.01046 	0.01046 	0.01046 	0.01046 	
0.88193	0         	0.01025 	0.01025 	0.01025 	0.01025 	
0.88293	0         	0.01007 	0.01007 	0.01007 	0.01007 	
0.88393	0         	0.00981 	0.00981 	0.00981 	0.00981 	
0.88493	0         	0.00965 	0.00965 	0.00965 	0.00965 	
0.88593	0         	0.00909 	0.00909 	0.00909 	0.00909 	
0.88693	0         	0.00890 	0.00890 	0.00890 	0.00890 	
0.88793	0         	0.00882 	0.00882 	0.00882 	0.00882 	
0.88893	0         	0.00869 	0.00869 	0.00869 	0.00869 	
0.88993	0         	0.00857 	0.00857 	0.00857 	0.00857 	
0.89093	0         	0.00848 	0.00848 	0.00848 	0.00848 	
0.89193	0         	0.00838 	0.00838 	0.00838 	0.00838 	
0.89293	0         	0.00825 	0.00825 	0.00825 	0.00825 	
0.89393	0         	0.00810 	0.00810 	0.00810 	0.00810 	
0.89493	0         	0.00781 	0.00781 	0.00781 	0.00781 	
0.89593	0         	0.00763 	0.00763 	0.00763 	0.00763 	
0.89693	0         	0.00750 	0.00750 	0.00750 	0.00750 	
0.89793	0         	0.00738 	0.00738 	0.00738 	0.00738 	
0.89893	0         	0.00729 	0.00729 	0.00729 	0.00729 	
0.89993	0         	0.00718 	0.00718 	0.00718 	0.00718 	
0.90093	0         	0.00710 	0.00710 	0.00710 	0.00710 	
0.90193	0         	0.00695 	0.00695 	0.00695 	0.00695 	
0.90293	0         	0.00684 	0.00684 	0.00684 	0.00684 	
0.90393	0         	0.00676 	0.00676 	0.00676 	0.00676 	
0.90493	0         	0.00664 	0.00664 	0.00664 	0.00664 	
0.90593	0         	0.00654 	0.00654 	0.00654 	0.00654 	
0.90693	0         	0.00644 	0.00644 	0.00644 	0.00644 	
0.90793	0         	0.00639 	0.00639 	0.00639 	0.00639 	
0.90893	0         	0.00633 	0.00633 	0.00633 	0.00633 	
0.90993	0         	0.00622 	0.00622 	0.00622 	0.00622 	
0.91093	0         	0.00613 	0.00613 	0.00613 	0.00613 	
0.91193	0         	0.00598 	0.00598 	0.00598 	0.00598 	
0.91293	0         	0.00583 	0.00583 	0.00583 	0.00583 	
0.91393	0         	0.00574 	0.00574 	0.00574 	0.00574 	
0.91493	0         	0.00565 	0.00565 	0.00565 	0.00565 	
0.91593	0         	0.00555 	0.00555 	0.00555 	0.00555 	
0.91693	0         	0.00538 	0.00538 	0.00538 	0.00538 	
0.91793	0         	0.00530 	0.00530 	0.00530 	0.00530 	
0.91893	0         	0.00526 	0.00526 	0.00526 	0.00526 	
0.91993	0         	0.00502 	0.00502 	0.00502 	0.00502 	
0.92093	0         	0.00492 	0.00492 	0.00492 	0.00492 	
0.92193	0         	0.00484 	0.00484 	0.00484 	0.00484 	
0.92293	0         	0.00479 	0.00479 	0.00479 	0.00479 	
0.92393	0         	0.00476 	0.00476 	0.00476 	0.00476 	
0.92493	0         	0.00472 	0.00472 	0.00472 	0.00472 	
0.92593	0         	0.00472 	0.00472 	0.00472 	0.00472 	
0.92693	0         	0.00465 	0.00465 	0.00465 	0.00465 	
0.92793	0         	0.00465 	0.00465 	0.00465 	0.00465 	
0.92893	0         	0.00464 	0.00464 	0.00464 	0.00464 	
0.92993	0         	0.00463 	0.00463 	0.00463 	0.00463 	
0.93093	0         	0.00457 	0.00457 	0.00457 	0.00457 	
0.93193	0         	0.00456 	0.00456 	0.00456 	0.00456 	
0.93293	0         	0.00453 	0.00453 	0.00453 	0.00453 	
0.93393	0         	0.00452 	0.00452 	0.00452 	0.00452 	
0.93493	0         	0.00419 	0.00419 	0.00419 	0.00419 	
0.93593	0         	0.00418 	0.00418 	0.00418 	0.00418 	
0.93693	0         	0.00410 	0.00410 	0.00410 	0.00410 	
0.93793	0         	0.00403 	0.00403 	0.00403 	0.00403 	
0.93893	0         	0.00403 	0.00403 	0.00403 	0.00403 	
0.93993	0         	0.00396 	0.00396 	0.00396 	0.00396 	
0.94093	0         	0.00390 	0.00390 	0.00390 	0.00390 	
0.94193	0         	0.00384 	0.00384 	0.00384 	0.00384 	
0.94293	0         	0.00373 	0.00373 	0.00373 	0.00373 	
0.94393	0         	0.00363 	0.00363 	0.00363 	0.00363 	
0.94493	0         	0.00352 	0.00352 	0.00352 	0.00352 	
0.94593	0         	0.00351 	0.00351 	0.00351 	0.00351 	
0.94693	0         	0.00347 	0.00347 	0.00347 	0.00347 	
0.94793	0         	0.00345 	0.00345 	0.00345 	0.00345 	
0.94893	0         	0.00342 	0.00342 	0.00342 	0.00342 	
0.94993	0         	0.00332 	0.00332 	0.00332 	0.00332 	
0.95093	0         	0.00332 	0.00332 	0.00332 	0.00332 	
0.95193	0         	0.00331 	0.00331 	0.00331 	0.00331 	
0.95292	0         	0.00325 	0.00325 	0.00325 	0.00325 	
0.95392	0         	0.00320 	0.00320 	0.00320 	0.00320 	
0.95492	0         	0.00314 	0.00314 	0.00314 	0.00314 	
0.95592	0         	0.00310 	0.00310 	0.00310 	0.00310 	
0.95692	0         	0.00310 	0.00310 	0.00310 	0.00310 	
0.95792	0         	0.00307 	0.00307 	0.00307 	0.00307 	
0.95892	0         	0.00305 	0.00305 	0.00305 	0.00305 	
0.95992	0         	0.00301 	0.00301 	0.00301 	0.00301 	
0.96092	0         	0.00301 	0.00301 	0.00301 	0.00301 	
0.96192	0         	0.00296 	0.00296 	0.00296 	0.00296 	
0.96292	0         	0.00296 	0.00296 	0.00296 	0.00296 	
0.96392	0         	0.00294 	0.00294 	0.00294 	0.00294 	
0.96492	0         	0.00294 	0.00294 	0.00294 	0.00294 	
0.96592	0         	0.00293 	0.00293 	0.00293 	0.00293 	
0.96692	0         	0.00293 	0.00293 	0.00293 	0.00293 	
0.96792	0         	0.00291 	0.00291 	0.00291 	0.00291 	
0.96892	0         	0.00291 	0.00291 	0.00291 	0.00291 	
0.96992	0         	0.00291 	0.00291 	0.00291 	0.00291 	
0.97092	0         	0.00273 	0.00273 	0.00273 	0.00273 	
0.97192	0         	0.00272 	0.00272 	0.00272 	0.00272 	
0.97292	0         	0.00257 	0.00257 	0.00257 	0.00257 	
0.97392	0         	0.00257 	0.00257 	0.00257 	0.00257 	
0.97492	0         	0.00244 	0.00244 	0.00244 	0.00244 	
0.97592	0         	0.00243 	0.00243 	0.00243 	0.00243 	
0.97692	0         	0.00239 	0.00239 	0.00239 	0.00239 	
0.97792	0         	0.00238 	0.00238 	0.00238 	0.00238 	
0.97892	0         	0.00237 	0.00237 	0.00237 	0.00237 	
0.97992	0         	0.00218 	0.00218 	0.00218 	0.00218 	
0.98092	0         	0.00214 	0.00214 	0.00214 	0.00214 	
0.98192	0         	0.00202 	0.00202 	0.00202 	0.00202 	
0.98292	0         	0.00197 	0.00197 	0.00197 	0.00197 	
0.98392	0         	0.00194 	0.00194 	0.00194 	0.00194 	
0.98492	0         	0.00181 	0.00181 	0.00181 	0.00181 	
0.98592	0         	0.00180 	0.00180 	0.00180 	0.00180 	
0.98692	0         	0.00177 	0.00177 	0.00177 	0.00177 	
0.98792	0         	0.00177 	0.00177 	0.00177 	0.00177 	
0.98892	0         	0.00176 	0.00176 	0.00176 	0.00176 	
0.98992	0         	0.00168 	0.00168 	0.00168 	0.00168 	
0.99092	0         	0.00166 	0.00166 	0.00166 	0.00166 	
0.99192	0         	0.00164 	0.00164 	0.00164 	0.00164 	
0.99292	0         	0.00159 	0.00159 	0.00159 	0.00159 	
0.99392	0         	0.00132 	0.00132 	0.00132 	0.00132 	
0.99492	0         	0.00105 	0.00105 	0.00105 	0.00105 	
0.99592	0         	0.00069 	0.00069 	0.00069 	0.00069 	
0.99692	0         	0.00054 	0.00054 	0.00054 	0.00054 	
0.99792	0         	0.00042 	0.00042 	0.00042 	0.00042 	
0.99892	0         	0.00013 	0.00013 	0.00013 	0.00013 	
0.99992	0         	0.00000 	0.00000 	0.00000 	0.00000 	
1.00000	0         	0.00000 	0.00000 	0.00000 	0.00000 	
