ADMU id: 0: F-lost, TF-cost	min-1 mean-1 wmean-1 max-1	min-2 mean-2 wmean-2 max-2	
0.00001	0         	0.64243 	0.74593 	0.67374 	0.92161 	0.67468 	0.67468 	0.00000 	0.67468 	
0.00101	0         	0.63523 	0.74060 	0.67374 	0.91281 	0.67468 	0.67468 	0.00000 	0.67468 	
0.00201	0         	0.63219 	0.73794 	0.67374 	0.90787 	0.67468 	0.67468 	0.00000 	0.67468 	
0.00300	0         	0.62930 	0.73650 	0.67374 	0.90645 	0.67468 	0.67468 	0.00000 	0.67468 	
0.00400	0         	0.62577 	0.73522 	0.67374 	0.90614 	0.67467 	0.67467 	0.00000 	0.67467 	
0.00500	0         	0.62373 	0.73454 	0.67374 	0.90614 	0.67466 	0.67466 	0.00000 	0.67466 	
0.00600	0         	0.62118 	0.73364 	0.67374 	0.90598 	0.67465 	0.67465 	0.00000 	0.67465 	
0.00700	0         	0.61956 	0.73297 	0.67374 	0.90559 	0.67464 	0.67464 	0.00000 	0.67464 	
0.00800	0         	0.61752 	0.73194 	0.67374 	0.90457 	0.67462 	0.67462 	0.00000 	0.67462 	
0.00899	0         	0.61476 	0.73069 	0.67374 	0.90355 	0.67460 	0.67460 	0.00000 	0.67460 	
0.00999	0         	0.61321 	0.72988 	0.67374 	0.90269 	0.67457 	0.67457 	0.00000 	0.67457 	
0.01099	0         	0.61236 	0.72939 	0.67374 	0.90206 	0.67455 	0.67455 	0.00000 	0.67455 	
0.01199	0         	0.61173 	0.72907 	0.67374 	0.90174 	0.67452 	0.67452 	0.00000 	0.67452 	
0.01299	0         	0.61095 	0.72871 	0.67374 	0.90143 	0.67448 	0.67448 	0.00000 	0.67448 	
0.01399	0         	0.61003 	0.72838 	0.67374 	0.90135 	0.67444 	0.67444 	0.00000 	0.67444 	
0.01498	0         	0.60883 	0.72795 	0.67374 	0.90127 	0.67440 	0.67440 	0.00000 	0.67440 	
0.01598	0         	0.60764 	0.72745 	0.67374 	0.90096 	0.67435 	0.67435 	0.00000 	0.67435 	
0.01698	0         	0.60686 	0.72700 	0.67374 	0.90041 	0.67429 	0.67429 	0.00000 	0.67429 	
0.01798	0         	0.60580 	0.72647 	0.67374 	0.89986 	0.67424 	0.67424 	0.00000 	0.67424 	
0.01898	0         	0.60460 	0.72604 	0.67374 	0.89978 	0.67418 	0.67418 	0.00000 	0.67418 	
0.01998	0         	0.60354 	0.72553 	0.67374 	0.89931 	0.67412 	0.67412 	0.00000 	0.67412 	
0.02097	0         	0.60270 	0.72512 	0.67374 	0.89892 	0.67406 	0.67406 	0.00000 	0.67406 	
0.02197	0         	0.60178 	0.72468 	0.67374 	0.89853 	0.67399 	0.67399 	0.00000 	0.67399 	
0.02297	0         	0.60093 	0.72430 	0.67374 	0.89821 	0.67392 	0.67392 	0.00000 	0.67392 	
0.02397	0         	0.59994 	0.72389 	0.67374 	0.89798 	0.67385 	0.67385 	0.00000 	0.67385 	
0.02497	0         	0.59959 	0.72374 	0.67374 	0.89790 	0.67377 	0.67377 	0.00000 	0.67377 	
0.02597	0         	0.59888 	0.72338 	0.67374 	0.89751 	0.67370 	0.67370 	0.00000 	0.67370 	
0.02696	0         	0.59846 	0.72311 	0.67374 	0.89711 	0.67361 	0.67361 	0.00000 	0.67361 	
0.02796	0         	0.59747 	0.72270 	0.67374 	0.89688 	0.67353 	0.67353 	0.00000 	0.67353 	
0.02896	0         	0.59677 	0.72236 	0.67374 	0.89656 	0.67345 	0.67345 	0.00000 	0.67345 	
0.02996	0         	0.59564 	0.72185 	0.67374 	0.89617 	0.67336 	0.67336 	0.00000 	0.67336 	
0.03096	0         	0.59423 	0.72122 	0.67374 	0.89570 	0.67327 	0.67327 	0.00000 	0.67327 	
0.03196	0         	0.59310 	0.72076 	0.67373 	0.89547 	0.67318 	0.67318 	0.00000 	0.67318 	
0.03295	0         	0.59183 	0.72010 	0.67372 	0.89476 	0.67308 	0.67308 	0.00000 	0.67308 	
0.03395	0         	0.59070 	0.71964 	0.67371 	0.89452 	0.67298 	0.67298 	0.00000 	0.67298 	
0.03495	0         	0.58893 	0.71900 	0.67369 	0.89437 	0.67289 	0.67289 	0.00000 	0.67289 	
0.03595	0         	0.58738 	0.71829 	0.67368 	0.89382 	0.67279 	0.67279 	0.00000 	0.67279 	
0.03695	0         	0.58653 	0.71788 	0.67367 	0.89342 	0.67269 	0.67269 	0.00000 	0.67269 	
0.03795	0         	0.58484 	0.71718 	0.67366 	0.89303 	0.67258 	0.67258 	0.00000 	0.67258 	
0.03894	0         	0.58343 	0.71652 	0.67365 	0.89248 	0.67247 	0.67247 	0.00000 	0.67247 	
0.03994	0         	0.58209 	0.71578 	0.67363 	0.89162 	0.67236 	0.67236 	0.00000 	0.67236 	
0.04094	0         	0.58145 	0.71515 	0.67362 	0.89036 	0.67225 	0.67225 	0.00000 	0.67225 	
0.04194	0         	0.58054 	0.71463 	0.67361 	0.88973 	0.67213 	0.67213 	0.00000 	0.67213 	
0.04294	0         	0.57870 	0.71364 	0.67360 	0.88864 	0.67200 	0.67200 	0.00000 	0.67200 	
0.04394	0         	0.57757 	0.71300 	0.67359 	0.88785 	0.67187 	0.67187 	0.00000 	0.67187 	
0.04493	0         	0.57567 	0.71210 	0.67357 	0.88707 	0.67174 	0.67174 	0.00000 	0.67174 	
0.04593	0         	0.57411 	0.71106 	0.67356 	0.88550 	0.67161 	0.67161 	0.00000 	0.67161 	
0.04693	0         	0.57235 	0.70999 	0.67355 	0.88408 	0.67147 	0.67147 	0.00000 	0.67147 	
0.04793	0         	0.57058 	0.70885 	0.67354 	0.88243 	0.67133 	0.67133 	0.00000 	0.67133 	
0.04893	0         	0.56960 	0.70805 	0.67353 	0.88102 	0.67120 	0.67120 	0.00000 	0.67120 	
0.04993	0         	0.56868 	0.70716 	0.67351 	0.87929 	0.67105 	0.67105 	0.00000 	0.67105 	
0.05092	0         	0.56741 	0.70644 	0.67349 	0.87843 	0.67090 	0.67090 	0.00000 	0.67090 	
0.05192	0         	0.56649 	0.70576 	0.67347 	0.87733 	0.67073 	0.67073 	0.00000 	0.67073 	
0.05292	0         	0.56522 	0.70486 	0.67344 	0.87592 	0.67057 	0.67057 	0.00000 	0.67057 	
0.05392	0         	0.56402 	0.70403 	0.67342 	0.87466 	0.67040 	0.67040 	0.00000 	0.67040 	
0.05492	0         	0.56317 	0.70351 	0.67339 	0.87396 	0.67023 	0.67023 	0.00000 	0.67023 	
0.05592	0         	0.56190 	0.70250 	0.67337 	0.87223 	0.67006 	0.67006 	0.00000 	0.67006 	
0.05691	0         	0.56035 	0.70150 	0.67335 	0.87082 	0.66987 	0.66987 	0.00000 	0.66987 	
0.05791	0         	0.55901 	0.70071 	0.67332 	0.86980 	0.66969 	0.66969 	0.00000 	0.66969 	
0.05891	0         	0.55760 	0.69966 	0.67330 	0.86807 	0.66950 	0.66950 	0.00000 	0.66950 	
0.05991	0         	0.55668 	0.69869 	0.67327 	0.86611 	0.66931 	0.66931 	0.00000 	0.66931 	
0.06091	0         	0.55584 	0.69795 	0.67325 	0.86477 	0.66911 	0.66911 	0.00000 	0.66911 	
0.06191	0         	0.55449 	0.69684 	0.67323 	0.86281 	0.66892 	0.66892 	0.00000 	0.66892 	
0.06290	0         	0.55358 	0.69595 	0.67319 	0.86108 	0.66871 	0.66871 	0.00000 	0.66871 	
0.06390	0         	0.55287 	0.69492 	0.67315 	0.85873 	0.66850 	0.66850 	0.00000 	0.66850 	
0.06490	0         	0.55202 	0.69405 	0.67312 	0.85700 	0.66829 	0.66829 	0.00000 	0.66829 	
0.06590	0         	0.55153 	0.69309 	0.67308 	0.85465 	0.66807 	0.66807 	0.00000 	0.66807 	
0.06690	0         	0.55047 	0.69215 	0.67305 	0.85292 	0.66786 	0.66786 	0.00000 	0.66786 	
0.06790	0         	0.54991 	0.69156 	0.67303 	0.85174 	0.66775 	0.66775 	0.00000 	0.66775 	
0.06889	0         	0.54871 	0.69034 	0.67299 	0.84931 	0.66754 	0.66754 	0.00000 	0.66754 	
0.06989	0         	0.54786 	0.68954 	0.67296 	0.84782 	0.66731 	0.66731 	0.00000 	0.66731 	
0.07089	0         	0.54631 	0.68849 	0.67292 	0.84625 	0.66708 	0.66708 	0.00000 	0.66708 	
0.07189	0         	0.54518 	0.68768 	0.67288 	0.84499 	0.66684 	0.66684 	0.00000 	0.66684 	
0.07289	0         	0.54412 	0.68684 	0.67283 	0.84358 	0.66659 	0.66659 	0.00000 	0.66659 	
0.07389	0         	0.54292 	0.68465 	0.67279 	0.83824 	0.66640 	0.66640 	0.00000 	0.66640 	
0.07488	0         	0.54179 	0.68342 	0.67275 	0.83573 	0.66617 	0.66617 	0.00000 	0.66617 	
0.07588	0         	0.54066 	0.68224 	0.67270 	0.83337 	0.66592 	0.66592 	0.00000 	0.66592 	
0.07688	0         	0.53967 	0.68140 	0.67265 	0.83188 	0.66566 	0.66566 	0.00000 	0.66566 	
0.07788	0         	0.53904 	0.68099 	0.67260 	0.83133 	0.66540 	0.66540 	0.00000 	0.66540 	
0.07888	0         	0.53840 	0.68055 	0.67256 	0.83070 	0.66512 	0.66512 	0.00000 	0.66512 	
0.07988	0         	0.53685 	0.67963 	0.67251 	0.82953 	0.66485 	0.66485 	0.00000 	0.66485 	
0.08087	0         	0.53572 	0.67903 	0.67246 	0.82890 	0.66459 	0.66459 	0.00000 	0.66459 	
0.08187	0         	0.53445 	0.67840 	0.67240 	0.82835 	0.66430 	0.66430 	0.00000 	0.66430 	
0.08287	0         	0.53311 	0.67767 	0.67234 	0.82756 	0.66402 	0.66402 	0.00000 	0.66402 	
0.08387	0         	0.53212 	0.67706 	0.67228 	0.82678 	0.66373 	0.66373 	0.00000 	0.66373 	
0.08487	0         	0.53121 	0.67660 	0.67222 	0.82639 	0.66344 	0.66344 	0.00000 	0.66344 	
0.08587	0         	0.53057 	0.67608 	0.67216 	0.82552 	0.66315 	0.66315 	0.00000 	0.66315 	
0.08686	0         	0.52979 	0.67562 	0.67210 	0.82497 	0.66284 	0.66284 	0.00000 	0.66284 	
0.08786	0         	0.52867 	0.67494 	0.67204 	0.82411 	0.66254 	0.66254 	0.00000 	0.66254 	
0.08886	0         	0.52768 	0.67422 	0.67198 	0.82301 	0.66223 	0.66223 	0.00000 	0.66223 	
0.08986	0         	0.52648 	0.67367 	0.67191 	0.82262 	0.66192 	0.66192 	0.00000 	0.66192 	
0.09086	0         	0.52542 	0.67313 	0.67184 	0.82215 	0.66160 	0.66160 	0.00000 	0.66160 	
0.09186	0         	0.52408 	0.67251 	0.67177 	0.82168 	0.66129 	0.66129 	0.00000 	0.66129 	
0.09285	0         	0.52238 	0.67163 	0.67169 	0.82081 	0.66097 	0.66097 	0.00000 	0.66097 	
0.09385	0         	0.52140 	0.67104 	0.67163 	0.82011 	0.66070 	0.66070 	0.00000 	0.66070 	
0.09485	0         	0.52020 	0.67052 	0.67157 	0.81979 	0.66042 	0.66042 	0.00000 	0.66042 	
0.09585	0         	0.51900 	0.66978 	0.67150 	0.81885 	0.66009 	0.66009 	0.00000 	0.66009 	
0.09685	0         	0.51808 	0.66922 	0.67143 	0.81814 	0.65976 	0.65976 	0.00000 	0.65976 	
0.09785	0         	0.51702 	0.66863 	0.67135 	0.81752 	0.65943 	0.65943 	0.00000 	0.65943 	
0.09884	0         	0.51610 	0.66793 	0.67127 	0.81642 	0.65910 	0.65910 	0.00000 	0.65910 	
0.09984	0         	0.51490 	0.66732 	0.67119 	0.81587 	0.65876 	0.65876 	0.00000 	0.65876 	
0.10084	0         	0.51399 	0.66662 	0.67110 	0.81477 	0.65842 	0.65842 	0.00000 	0.65842 	
0.10184	0         	0.51257 	0.66583 	0.67102 	0.81390 	0.65808 	0.65808 	0.00000 	0.65808 	
0.10284	0         	0.51138 	0.66512 	0.67093 	0.81304 	0.65773 	0.65773 	0.00000 	0.65773 	
0.10384	0         	0.51003 	0.66438 	0.67085 	0.81226 	0.65738 	0.65738 	0.00000 	0.65738 	
0.10483	0         	0.50891 	0.66374 	0.67077 	0.81155 	0.65704 	0.65704 	0.00000 	0.65704 	
0.10583	0         	0.50841 	0.66334 	0.67068 	0.81092 	0.65668 	0.65668 	0.00000 	0.65668 	
0.10683	0         	0.50728 	0.66262 	0.67060 	0.80998 	0.65633 	0.65633 	0.00000 	0.65633 	
0.10783	0         	0.50644 	0.66208 	0.67052 	0.80927 	0.65604 	0.65604 	0.00000 	0.65604 	
0.10883	0         	0.50531 	0.66149 	0.67043 	0.80872 	0.65569 	0.65569 	0.00000 	0.65569 	
0.10983	0         	0.50474 	0.66113 	0.67033 	0.80833 	0.65533 	0.65533 	0.00000 	0.65533 	
0.11082	0         	0.50382 	0.66053 	0.67023 	0.80755 	0.65497 	0.65497 	0.00000 	0.65497 	
0.11182	0         	0.50269 	0.65986 	0.67014 	0.80676 	0.65461 	0.65461 	0.00000 	0.65461 	
0.11282	0         	0.50178 	0.65916 	0.67004 	0.80566 	0.65424 	0.65424 	0.00000 	0.65424 	
0.11382	0         	0.50051 	0.65839 	0.66994 	0.80472 	0.65387 	0.65387 	0.00000 	0.65387 	
0.11482	0         	0.49980 	0.65784 	0.66985 	0.80386 	0.65350 	0.65350 	0.00000 	0.65350 	
0.11582	0         	0.49917 	0.65725 	0.66974 	0.80284 	0.65313 	0.65313 	0.00000 	0.65313 	
0.11681	0         	0.49804 	0.65668 	0.66964 	0.80236 	0.65275 	0.65275 	0.00000 	0.65275 	
0.11781	0         	0.49620 	0.65559 	0.66953 	0.80103 	0.65238 	0.65238 	0.00000 	0.65238 	
0.11881	0         	0.49493 	0.65479 	0.66942 	0.80001 	0.65199 	0.65199 	0.00000 	0.65199 	
0.11981	0         	0.49381 	0.65406 	0.66931 	0.79907 	0.65162 	0.65162 	0.00000 	0.65162 	
0.12081	0         	0.49289 	0.65356 	0.66921 	0.79860 	0.65122 	0.65122 	0.00000 	0.65122 	
0.12181	0         	0.49148 	0.65267 	0.66910 	0.79742 	0.65083 	0.65083 	0.00000 	0.65083 	
0.12280	0         	0.49049 	0.65183 	0.66899 	0.79601 	0.65044 	0.65044 	0.00000 	0.65044 	
0.12380	0         	0.48915 	0.65113 	0.66887 	0.79538 	0.65004 	0.65004 	0.00000 	0.65004 	
0.12480	0         	0.48823 	0.65052 	0.66874 	0.79459 	0.64964 	0.64964 	0.00000 	0.64964 	
0.12580	0         	0.48710 	0.64987 	0.66862 	0.79389 	0.64924 	0.64924 	0.00000 	0.64924 	
0.12680	0         	0.48626 	0.64931 	0.66850 	0.79318 	0.64883 	0.64883 	0.00000 	0.64883 	
0.12780	0         	0.48520 	0.64863 	0.66838 	0.79232 	0.64842 	0.64842 	0.00000 	0.64842 	
0.12879	0         	0.48266 	0.64694 	0.66827 	0.78988 	0.64809 	0.64809 	0.00000 	0.64809 	
0.12979	0         	0.48181 	0.64630 	0.66816 	0.78894 	0.64772 	0.64772 	0.00000 	0.64772 	
0.13079	0         	0.48090 	0.64551 	0.66804 	0.78761 	0.64736 	0.64736 	0.00000 	0.64736 	
0.13179	0         	0.47913 	0.64457 	0.66791 	0.78666 	0.64695 	0.64695 	0.00000 	0.64695 	
0.13279	0         	0.47786 	0.64371 	0.66778 	0.78549 	0.64654 	0.64654 	0.00000 	0.64654 	
0.13379	0         	0.47702 	0.64302 	0.66765 	0.78439 	0.64613 	0.64613 	0.00000 	0.64613 	
0.13478	0         	0.47617 	0.64225 	0.66752 	0.78305 	0.64571 	0.64571 	0.00000 	0.64571 	
0.13578	0         	0.47490 	0.64131 	0.66738 	0.78164 	0.64529 	0.64529 	0.00000 	0.64529 	
0.13678	0         	0.47363 	0.64053 	0.66725 	0.78070 	0.64486 	0.64486 	0.00000 	0.64486 	
0.13778	0         	0.47208 	0.63947 	0.66711 	0.77921 	0.64443 	0.64443 	0.00000 	0.64443 	
0.13878	0         	0.47053 	0.63783 	0.66697 	0.77599 	0.64406 	0.64406 	0.00000 	0.64406 	
0.13978	0         	0.46961 	0.63690 	0.66683 	0.77426 	0.64363 	0.64363 	0.00000 	0.64363 	
0.14077	0         	0.46869 	0.63602 	0.66668 	0.77269 	0.64321 	0.64321 	0.00000 	0.64321 	
0.14177	0         	0.46799 	0.63536 	0.66656 	0.77151 	0.64286 	0.64286 	0.00000 	0.64286 	
0.14277	0         	0.46672 	0.63428 	0.66643 	0.76971 	0.64244 	0.64244 	0.00000 	0.64244 	
0.14377	0         	0.46559 	0.63326 	0.66629 	0.76790 	0.64202 	0.64202 	0.00000 	0.64202 	
0.14477	0         	0.46495 	0.63253 	0.66614 	0.76649 	0.64158 	0.64158 	0.00000 	0.64158 	
0.14577	0         	0.46425 	0.63092 	0.66609 	0.76241 	0.64146 	0.64146 	0.00000 	0.64146 	
0.14676	0         	0.46390 	0.62653 	0.66608 	0.74961 	0.64144 	0.64144 	0.00000 	0.64144 	
0.14776	0         	0.46361 	0.62182 	0.66606 	0.73580 	0.64140 	0.64140 	0.00000 	0.64140 	
0.14876	0         	0.46354 	0.62154 	0.66605 	0.73501 	0.64139 	0.64139 	0.00000 	0.64139 	
0.14976	0         	0.46354 	0.62154 	0.66605 	0.73501 	0.64139 	0.64139 	0.00000 	0.64139 	
0.15076	0         	0.46347 	0.62149 	0.66605 	0.73493 	0.64139 	0.64139 	0.00000 	0.64139 	
0.15176	0         	0.46333 	0.61789 	0.66602 	0.72434 	0.64133 	0.64133 	0.00000 	0.64133 	
0.15275	0         	0.46326 	0.61787 	0.66602 	0.72434 	0.64133 	0.64133 	0.00000 	0.64133 	
0.15375	0         	0.46326 	0.61782 	0.66601 	0.72418 	0.64133 	0.64133 	0.00000 	0.64133 	
0.15475	0         	0.46312 	0.61643 	0.66599 	0.72018 	0.64130 	0.64130 	0.00000 	0.64130 	
0.15575	0         	0.46298 	0.61633 	0.66599 	0.72002 	0.64130 	0.64130 	0.00000 	0.64130 	
0.15675	0         	0.46263 	0.61326 	0.66592 	0.71123 	0.64118 	0.64118 	0.00000 	0.64118 	
0.15775	0         	0.46263 	0.61323 	0.66592 	0.71115 	0.64118 	0.64118 	0.00000 	0.64118 	
0.15874	0         	0.46263 	0.61189 	0.66589 	0.70715 	0.64112 	0.64112 	0.00000 	0.64112 	
0.15974	0         	0.46263 	0.61186 	0.66589 	0.70707 	0.64112 	0.64112 	0.00000 	0.64112 	
0.16074	0         	0.46248 	0.61141 	0.66586 	0.70589 	0.64106 	0.64106 	0.00000 	0.64106 	
0.16174	0         	0.46171 	0.61058 	0.66571 	0.70432 	0.64064 	0.64064 	0.00000 	0.64064 	
0.16274	0         	0.46086 	0.60993 	0.66556 	0.70338 	0.64021 	0.64021 	0.00000 	0.64021 	
0.16374	0         	0.46002 	0.60903 	0.66541 	0.70165 	0.63978 	0.63978 	0.00000 	0.63978 	
0.16473	0         	0.45903 	0.60812 	0.66526 	0.70008 	0.63935 	0.63935 	0.00000 	0.63935 	
0.16573	0         	0.45776 	0.60681 	0.66511 	0.69757 	0.63892 	0.63892 	0.00000 	0.63892 	
0.16673	0         	0.45691 	0.60580 	0.66495 	0.69553 	0.63847 	0.63847 	0.00000 	0.63847 	
0.16773	0         	0.45592 	0.60492 	0.66479 	0.69404 	0.63802 	0.63802 	0.00000 	0.63802 	
0.16873	0         	0.45508 	0.60408 	0.66462 	0.69254 	0.63757 	0.63757 	0.00000 	0.63757 	
0.16973	0         	0.45430 	0.60317 	0.66445 	0.69074 	0.63711 	0.63711 	0.00000 	0.63711 	
0.17072	0         	0.45310 	0.60211 	0.66429 	0.68893 	0.63664 	0.63664 	0.00000 	0.63664 	
0.17172	0         	0.45190 	0.60108 	0.66412 	0.68721 	0.63619 	0.63619 	0.00000 	0.63619 	
0.17272	0         	0.45085 	0.60006 	0.66395 	0.68540 	0.63572 	0.63572 	0.00000 	0.63572 	
0.17372	0         	0.44958 	0.59906 	0.66378 	0.68383 	0.63525 	0.63525 	0.00000 	0.63525 	
0.17472	0         	0.44852 	0.59802 	0.66360 	0.68195 	0.63477 	0.63477 	0.00000 	0.63477 	
0.17572	0         	0.44725 	0.59717 	0.66342 	0.68085 	0.63429 	0.63429 	0.00000 	0.63429 	
0.17671	0         	0.44584 	0.59623 	0.66326 	0.67959 	0.63386 	0.63386 	0.00000 	0.63386 	
0.17771	0         	0.44577 	0.59601 	0.66322 	0.67904 	0.63376 	0.63376 	0.00000 	0.63376 	
0.17871	0         	0.44520 	0.59559 	0.66315 	0.67841 	0.63356 	0.63356 	0.00000 	0.63356 	
0.17971	0         	0.44457 	0.59493 	0.66299 	0.67724 	0.63314 	0.63314 	0.00000 	0.63314 	
0.18071	0         	0.44358 	0.59410 	0.66282 	0.67590 	0.63268 	0.63268 	0.00000 	0.63268 	
0.18171	0         	0.44238 	0.59323 	0.66266 	0.67465 	0.63223 	0.63223 	0.00000 	0.63223 	
0.18270	0         	0.44125 	0.59229 	0.66248 	0.67315 	0.63175 	0.63175 	0.00000 	0.63175 	
0.18370	0         	0.43991 	0.59139 	0.66229 	0.67198 	0.63128 	0.63128 	0.00000 	0.63128 	
0.18470	0         	0.43899 	0.59053 	0.66211 	0.67049 	0.63081 	0.63081 	0.00000 	0.63081 	
0.18570	0         	0.43794 	0.58967 	0.66192 	0.66915 	0.63034 	0.63034 	0.00000 	0.63034 	
0.18670	0         	0.43695 	0.58889 	0.66173 	0.66797 	0.62984 	0.62984 	0.00000 	0.62984 	
0.18770	0         	0.43582 	0.58806 	0.66155 	0.66680 	0.62935 	0.62935 	0.00000 	0.62935 	
0.18869	0         	0.43497 	0.58751 	0.66145 	0.66609 	0.62909 	0.62909 	0.00000 	0.62909 	
0.18969	0         	0.43441 	0.58701 	0.66139 	0.66523 	0.62893 	0.62893 	0.00000 	0.62893 	
0.19069	0         	0.43370 	0.58634 	0.66125 	0.66405 	0.62858 	0.62858 	0.00000 	0.62858 	
0.19169	0         	0.43307 	0.58575 	0.66108 	0.66311 	0.62815 	0.62815 	0.00000 	0.62815 	
0.19269	0         	0.43236 	0.58496 	0.66089 	0.66162 	0.62768 	0.62768 	0.00000 	0.62768 	
0.19369	0         	0.43102 	0.58410 	0.66070 	0.66070 	0.62718 	0.62718 	0.00000 	0.62718 	
0.19468	0         	0.43039 	0.58349 	0.66051 	0.66051 	0.62670 	0.62670 	0.00000 	0.62670 	
0.19568	0         	0.42961 	0.58267 	0.66031 	0.66031 	0.62619 	0.62619 	0.00000 	0.62619 	
0.19668	0         	0.42862 	0.58188 	0.66010 	0.66010 	0.62567 	0.62567 	0.00000 	0.62567 	
0.19768	0         	0.42806 	0.58125 	0.65989 	0.65989 	0.62514 	0.62514 	0.00000 	0.62514 	
0.19868	0         	0.42735 	0.58058 	0.65968 	0.65968 	0.62461 	0.62461 	0.00000 	0.62461 	
0.19968	0         	0.42587 	0.57957 	0.65947 	0.65947 	0.62410 	0.62410 	0.00000 	0.62410 	
0.20067	0         	0.42446 	0.57846 	0.65926 	0.65926 	0.62359 	0.62359 	0.00000 	0.62359 	
0.20167	0         	0.42340 	0.57746 	0.65905 	0.65905 	0.62307 	0.62307 	0.00000 	0.62307 	
0.20267	0         	0.42270 	0.57681 	0.65883 	0.65883 	0.62253 	0.62253 	0.00000 	0.62253 	
0.20367	0         	0.42143 	0.57568 	0.65860 	0.65860 	0.62200 	0.62200 	0.00000 	0.62200 	
0.20467	0         	0.42016 	0.57471 	0.65837 	0.65837 	0.62146 	0.62146 	0.00000 	0.62146 	
0.20567	0         	0.41931 	0.57372 	0.65814 	0.65814 	0.62091 	0.62091 	0.00000 	0.62091 	
0.20666	0         	0.41797 	0.57270 	0.65791 	0.65791 	0.62037 	0.62037 	0.00000 	0.62037 	
0.20766	0         	0.41713 	0.57218 	0.65782 	0.65782 	0.62015 	0.62015 	0.00000 	0.62015 	
0.20866	0         	0.41663 	0.57183 	0.65773 	0.65773 	0.61993 	0.61993 	0.00000 	0.61993 	
0.20966	0         	0.41586 	0.57093 	0.65754 	0.65754 	0.61951 	0.61951 	0.00000 	0.61951 	
0.21066	0         	0.41487 	0.57020 	0.65734 	0.65734 	0.61902 	0.61902 	0.00000 	0.61902 	
0.21166	0         	0.41409 	0.56921 	0.65713 	0.65713 	0.61855 	0.61855 	0.00000 	0.61855 	
0.21265	0         	0.41261 	0.56804 	0.65690 	0.65690 	0.61800 	0.61800 	0.00000 	0.61800 	
0.21365	0         	0.41176 	0.56732 	0.65667 	0.65667 	0.61747 	0.61747 	0.00000 	0.61747 	
0.21465	0         	0.41064 	0.56658 	0.65644 	0.65644 	0.61693 	0.61693 	0.00000 	0.61693 	
0.21565	0         	0.40901 	0.56536 	0.65621 	0.65621 	0.61640 	0.61640 	0.00000 	0.61640 	
0.21665	0         	0.40852 	0.56494 	0.65607 	0.65607 	0.61609 	0.61609 	0.00000 	0.61609 	
0.21765	0         	0.40803 	0.56466 	0.65597 	0.65597 	0.61587 	0.61587 	0.00000 	0.61587 	
0.21864	0         	0.40669 	0.56354 	0.65576 	0.65576 	0.61539 	0.61539 	0.00000 	0.61539 	
0.21964	0         	0.40563 	0.56257 	0.65555 	0.65555 	0.61490 	0.61490 	0.00000 	0.61490 	
0.22064	0         	0.40471 	0.56164 	0.65533 	0.65533 	0.61441 	0.61441 	0.00000 	0.61441 	
0.22164	0         	0.40422 	0.56116 	0.65517 	0.65517 	0.61405 	0.61405 	0.00000 	0.61405 	
0.22264	0         	0.40337 	0.56087 	0.65516 	0.65516 	0.61394 	0.61394 	0.00000 	0.61394 	
0.22364	0         	0.40252 	0.56058 	0.65513 	0.65513 	0.61376 	0.61376 	0.00000 	0.61376 	
0.22463	0         	0.40161 	0.56015 	0.65506 	0.65506 	0.61351 	0.61351 	0.00000 	0.61351 	
0.22563	0         	0.40076 	0.55929 	0.65482 	0.65482 	0.61298 	0.61298 	0.00000 	0.61298 	
0.22663	0         	0.39991 	0.55845 	0.65457 	0.65457 	0.61242 	0.61242 	0.00000 	0.61242 	
0.22763	0         	0.39829 	0.55728 	0.65433 	0.65433 	0.61188 	0.61188 	0.00000 	0.61188 	
0.22863	0         	0.39759 	0.55647 	0.65408 	0.65408 	0.61133 	0.61133 	0.00000 	0.61133 	
0.22963	0         	0.39674 	0.55562 	0.65381 	0.65381 	0.61075 	0.61075 	0.00000 	0.61075 	
0.23062	0         	0.39610 	0.55469 	0.65354 	0.65354 	0.61015 	0.61015 	0.00000 	0.61015 	
0.23162	0         	0.39554 	0.55392 	0.65326 	0.65326 	0.60955 	0.60955 	0.00000 	0.60955 	
0.23262	0         	0.39434 	0.55287 	0.65299 	0.65299 	0.60895 	0.60895 	0.00000 	0.60895 	
0.23362	0         	0.39392 	0.55227 	0.65270 	0.65270 	0.60832 	0.60832 	0.00000 	0.60832 	
0.23462	0         	0.39286 	0.55128 	0.65242 	0.65242 	0.60773 	0.60773 	0.00000 	0.60773 	
0.23562	0         	0.39244 	0.55084 	0.65233 	0.65233 	0.60751 	0.60751 	0.00000 	0.60751 	
0.23661	0         	0.39194 	0.55024 	0.65218 	0.65218 	0.60719 	0.60719 	0.00000 	0.60719 	
0.23761	0         	0.39088 	0.54928 	0.65194 	0.65194 	0.60668 	0.60668 	0.00000 	0.60668 	
0.23861	0         	0.39018 	0.54849 	0.65169 	0.65169 	0.60616 	0.60616 	0.00000 	0.60616 	
0.23961	0         	0.38954 	0.54760 	0.65144 	0.65144 	0.60563 	0.60563 	0.00000 	0.60563 	
0.24061	0         	0.38870 	0.54678 	0.65118 	0.65118 	0.60508 	0.60508 	0.00000 	0.60508 	
0.24161	0         	0.38757 	0.54579 	0.65090 	0.65090 	0.60449 	0.60449 	0.00000 	0.60449 	
0.24260	0         	0.38665 	0.54478 	0.65060 	0.65060 	0.60388 	0.60388 	0.00000 	0.60388 	
0.24360	0         	0.38588 	0.54418 	0.65037 	0.65037 	0.60337 	0.60337 	0.00000 	0.60337 	
0.24460	0         	0.38559 	0.54384 	0.65024 	0.65024 	0.60311 	0.60311 	0.00000 	0.60311 	
0.24560	0         	0.38489 	0.54322 	0.65005 	0.65005 	0.60270 	0.60270 	0.00000 	0.60270 	
0.24660	0         	0.38383 	0.54197 	0.64978 	0.64978 	0.60216 	0.60216 	0.00000 	0.60216 	
0.24760	0         	0.38312 	0.54096 	0.64951 	0.64951 	0.60162 	0.60162 	0.00000 	0.60162 	
0.24859	0         	0.38214 	0.54010 	0.64923 	0.64923 	0.60106 	0.60106 	0.00000 	0.60106 	
0.24959	0         	0.38115 	0.53925 	0.64894 	0.64894 	0.60046 	0.60046 	0.00000 	0.60046 	
0.25059	0         	0.38030 	0.53848 	0.64865 	0.64865 	0.59986 	0.59986 	0.00000 	0.59986 	
0.25159	0         	0.37861 	0.53714 	0.64835 	0.64835 	0.59926 	0.59926 	0.00000 	0.59926 	
0.25259	0         	0.37741 	0.53601 	0.64804 	0.64804 	0.59864 	0.59864 	0.00000 	0.59864 	
0.25359	0         	0.37621 	0.53493 	0.64772 	0.64772 	0.59801 	0.59801 	0.00000 	0.59801 	
0.25458	0         	0.37522 	0.53384 	0.64741 	0.64741 	0.59738 	0.59738 	0.00000 	0.59738 	
0.25558	0         	0.37431 	0.53274 	0.64709 	0.64709 	0.59675 	0.59675 	0.00000 	0.59675 	
0.25658	0         	0.37311 	0.53168 	0.64675 	0.64675 	0.59609 	0.59609 	0.00000 	0.59609 	
0.25758	0         	0.37212 	0.53064 	0.64642 	0.64642 	0.59543 	0.59543 	0.00000 	0.59543 	
0.25858	0         	0.37127 	0.52981 	0.64610 	0.64610 	0.59481 	0.59481 	0.00000 	0.59481 	
0.25958	0         	0.37078 	0.52928 	0.64595 	0.64595 	0.59450 	0.59450 	0.00000 	0.59450 	
0.26057	0         	0.37022 	0.52871 	0.64574 	0.64574 	0.59410 	0.59410 	0.00000 	0.59410 	
0.26157	0         	0.36951 	0.52788 	0.64545 	0.64545 	0.59351 	0.59351 	0.00000 	0.59351 	
0.26257	0         	0.36873 	0.52681 	0.64514 	0.64514 	0.59293 	0.59293 	0.00000 	0.59293 	
0.26357	0         	0.36810 	0.52568 	0.64482 	0.64482 	0.59233 	0.59233 	0.00000 	0.59233 	
0.26457	0         	0.36690 	0.52454 	0.64449 	0.64449 	0.59169 	0.59169 	0.00000 	0.59169 	
0.26557	0         	0.36612 	0.52352 	0.64416 	0.64416 	0.59104 	0.59104 	0.00000 	0.59104 	
0.26656	0         	0.36577 	0.52288 	0.64384 	0.64384 	0.59042 	0.59042 	0.00000 	0.59042 	
0.26756	0         	0.36521 	0.52226 	0.64365 	0.64365 	0.59005 	0.59005 	0.00000 	0.59005 	
0.26856	0         	0.36464 	0.52178 	0.64349 	0.64349 	0.58974 	0.58974 	0.00000 	0.58974 	
0.26956	0         	0.36380 	0.52110 	0.64322 	0.64322 	0.58923 	0.58923 	0.00000 	0.58923 	
0.27056	0         	0.36330 	0.52030 	0.64291 	0.64291 	0.58863 	0.58863 	0.00000 	0.58863 	
0.27156	0         	0.36246 	0.51934 	0.64259 	0.64259 	0.58801 	0.58801 	0.00000 	0.58801 	
0.27255	0         	0.36133 	0.51843 	0.64224 	0.64224 	0.58736 	0.58736 	0.00000 	0.58736 	
0.27355	0         	0.36055 	0.51768 	0.64188 	0.64188 	0.58667 	0.58667 	0.00000 	0.58667 	
0.27455	0         	0.35956 	0.51661 	0.64153 	0.64153 	0.58602 	0.58602 	0.00000 	0.58602 	
0.27555	0         	0.35879 	0.51581 	0.64118 	0.64118 	0.58535 	0.58535 	0.00000 	0.58535 	
0.27655	0         	0.35759 	0.51490 	0.64082 	0.64082 	0.58466 	0.58466 	0.00000 	0.58466 	
0.27755	0         	0.35660 	0.51372 	0.64044 	0.64044 	0.58396 	0.58396 	0.00000 	0.58396 	
0.27854	0         	0.35505 	0.51255 	0.64006 	0.64006 	0.58326 	0.58326 	0.00000 	0.58326 	
0.27954	0         	0.35392 	0.51147 	0.63968 	0.63968 	0.58254 	0.58254 	0.00000 	0.58254 	
0.28054	0         	0.35265 	0.51037 	0.63931 	0.63931 	0.58185 	0.58185 	0.00000 	0.58185 	
0.28154	0         	0.35209 	0.50975 	0.63909 	0.63909 	0.58145 	0.58145 	0.00000 	0.58145 	
0.28254	0         	0.35124 	0.50912 	0.63885 	0.63885 	0.58100 	0.58100 	0.00000 	0.58100 	
0.28354	0         	0.34997 	0.50810 	0.63855 	0.63855 	0.58045 	0.58045 	0.00000 	0.58045 	
0.28453	0         	0.34926 	0.50733 	0.63821 	0.63821 	0.57984 	0.57984 	0.00000 	0.57984 	
0.28553	0         	0.34771 	0.50633 	0.63784 	0.63784 	0.57915 	0.57915 	0.00000 	0.57915 	
0.28653	0         	0.34687 	0.50550 	0.63746 	0.63746 	0.57844 	0.57844 	0.00000 	0.57844 	
0.28753	0         	0.34630 	0.50479 	0.63708 	0.63708 	0.57774 	0.57774 	0.00000 	0.57774 	
0.28853	0         	0.34560 	0.50405 	0.63675 	0.63675 	0.57714 	0.57714 	0.00000 	0.57714 	
0.28953	0         	0.34475 	0.50288 	0.63642 	0.63642 	0.57657 	0.57657 	0.00000 	0.57657 	
0.29052	0         	0.34327 	0.50179 	0.63606 	0.63606 	0.57591 	0.57591 	0.00000 	0.57591 	
0.29152	0         	0.34256 	0.50105 	0.63572 	0.63572 	0.57528 	0.57528 	0.00000 	0.57528 	
0.29252	0         	0.34165 	0.49993 	0.63532 	0.63532 	0.57458 	0.57458 	0.00000 	0.57458 	
0.29352	0         	0.34038 	0.49895 	0.63490 	0.63490 	0.57383 	0.57383 	0.00000 	0.57383 	
0.29452	0         	0.33925 	0.49775 	0.63448 	0.63448 	0.57309 	0.57309 	0.00000 	0.57309 	
0.29552	0         	0.33868 	0.49700 	0.63412 	0.63412 	0.57243 	0.57243 	0.00000 	0.57243 	
0.29651	0         	0.33819 	0.49645 	0.63390 	0.63390 	0.57205 	0.57205 	0.00000 	0.57205 	
0.29751	0         	0.33755 	0.49568 	0.63355 	0.63355 	0.57144 	0.57144 	0.00000 	0.57144 	
0.29851	0         	0.33650 	0.49473 	0.63318 	0.63318 	0.57078 	0.57078 	0.00000 	0.57078 	
0.29951	0         	0.33565 	0.49388 	0.63281 	0.63281 	0.57013 	0.57013 	0.00000 	0.57013 	
0.30051	0         	0.33445 	0.49291 	0.63237 	0.63237 	0.56936 	0.56936 	0.00000 	0.56936 	
0.30151	0         	0.33346 	0.49200 	0.63203 	0.63203 	0.56876 	0.56876 	0.00000 	0.56876 	
0.30250	0         	0.33283 	0.49129 	0.63173 	0.63173 	0.56825 	0.56825 	0.00000 	0.56825 	
0.30350	0         	0.33212 	0.49054 	0.63144 	0.63144 	0.56775 	0.56775 	0.00000 	0.56775 	
0.30450	0         	0.33128 	0.48974 	0.63113 	0.63113 	0.56722 	0.56722 	0.00000 	0.56722 	
0.30550	0         	0.33078 	0.48916 	0.63074 	0.63074 	0.56655 	0.56655 	0.00000 	0.56655 	
0.30650	0         	0.32937 	0.48814 	0.63034 	0.63034 	0.56584 	0.56584 	0.00000 	0.56584 	
0.30750	0         	0.32817 	0.48710 	0.62993 	0.62993 	0.56513 	0.56513 	0.00000 	0.56513 	
0.30849	0         	0.32768 	0.48627 	0.62949 	0.62949 	0.56439 	0.56439 	0.00000 	0.56439 	
0.30949	0         	0.32669 	0.48536 	0.62910 	0.62910 	0.56370 	0.56370 	0.00000 	0.56370 	
0.31049	0         	0.32648 	0.48477 	0.62872 	0.62872 	0.56306 	0.56306 	0.00000 	0.56306 	
0.31149	0         	0.32584 	0.48399 	0.62833 	0.62833 	0.56239 	0.56239 	0.00000 	0.56239 	
0.31249	0         	0.32507 	0.48328 	0.62791 	0.62791 	0.56167 	0.56167 	0.00000 	0.56167 	
0.31349	0         	0.32408 	0.48247 	0.62750 	0.62750 	0.56095 	0.56095 	0.00000 	0.56095 	
0.31448	0         	0.32345 	0.48166 	0.62706 	0.62706 	0.56020 	0.56020 	0.00000 	0.56020 	
0.31548	0         	0.32281 	0.48082 	0.62659 	0.62659 	0.55940 	0.55940 	0.00000 	0.55940 	
0.31648	0         	0.32218 	0.48021 	0.62616 	0.62616 	0.55865 	0.55865 	0.00000 	0.55865 	
0.31748	0         	0.32154 	0.47922 	0.62579 	0.62579 	0.55804 	0.55804 	0.00000 	0.55804 	
0.31848	0         	0.32048 	0.47825 	0.62543 	0.62543 	0.55745 	0.55745 	0.00000 	0.55745 	
0.31948	0         	0.31964 	0.47749 	0.62502 	0.62502 	0.55676 	0.55676 	0.00000 	0.55676 	
0.32047	0         	0.31858 	0.47670 	0.62456 	0.62456 	0.55599 	0.55599 	0.00000 	0.55599 	
0.32147	0         	0.31759 	0.47587 	0.62410 	0.62410 	0.55520 	0.55520 	0.00000 	0.55520 	
0.32247	0         	0.31646 	0.47500 	0.62364 	0.62364 	0.55444 	0.55444 	0.00000 	0.55444 	
0.32347	0         	0.31618 	0.47448 	0.62329 	0.62329 	0.55385 	0.55385 	0.00000 	0.55385 	
0.32447	0         	0.31583 	0.47396 	0.62294 	0.62294 	0.55326 	0.55326 	0.00000 	0.55326 	
0.32547	0         	0.31555 	0.47347 	0.62262 	0.62262 	0.55274 	0.55274 	0.00000 	0.55274 	
0.32646	0         	0.31491 	0.47266 	0.62224 	0.62224 	0.55211 	0.55211 	0.00000 	0.55211 	
0.32746	0         	0.31442 	0.47217 	0.62183 	0.62183 	0.55141 	0.55141 	0.00000 	0.55141 	
0.32846	0         	0.31371 	0.47141 	0.62142 	0.62142 	0.55075 	0.55075 	0.00000 	0.55075 	
0.32946	0         	0.31315 	0.47068 	0.62096 	0.62096 	0.54999 	0.54999 	0.00000 	0.54999 	
0.33046	0         	0.31244 	0.46995 	0.62052 	0.62052 	0.54927 	0.54927 	0.00000 	0.54927 	
0.33146	0         	0.31145 	0.46898 	0.62008 	0.62008 	0.54854 	0.54854 	0.00000 	0.54854 	
0.33245	0         	0.31075 	0.46818 	0.61964 	0.61964 	0.54783 	0.54783 	0.00000 	0.54783 	
0.33345	0         	0.30976 	0.46728 	0.61918 	0.61918 	0.54708 	0.54708 	0.00000 	0.54708 	
0.33445	0         	0.30898 	0.46644 	0.61870 	0.61870 	0.54630 	0.54630 	0.00000 	0.54630 	
0.33545	0         	0.30793 	0.46569 	0.61820 	0.61820 	0.54548 	0.54548 	0.00000 	0.54548 	
0.33645	0         	0.30701 	0.46487 	0.61770 	0.61770 	0.54467 	0.54467 	0.00000 	0.54467 	
0.33745	0         	0.30630 	0.46414 	0.61723 	0.61723 	0.54392 	0.54392 	0.00000 	0.54392 	
0.33844	0         	0.30560 	0.46367 	0.61692 	0.61692 	0.54342 	0.54342 	0.00000 	0.54342 	
0.33944	0         	0.30440 	0.46280 	0.61653 	0.61653 	0.54280 	0.54280 	0.00000 	0.54280 	
0.34044	0         	0.30362 	0.46216 	0.61609 	0.61609 	0.54209 	0.54209 	0.00000 	0.54209 	
0.34144	0         	0.30313 	0.46167 	0.61559 	0.61559 	0.54127 	0.54127 	0.00000 	0.54127 	
0.34244	0         	0.30186 	0.46067 	0.61512 	0.61512 	0.54052 	0.54052 	0.00000 	0.54052 	
0.34344	0         	0.30130 	0.46004 	0.61473 	0.61473 	0.53991 	0.53991 	0.00000 	0.53991 	
0.34443	0         	0.30066 	0.45958 	0.61445 	0.61445 	0.53946 	0.53946 	0.00000 	0.53946 	
0.34543	0         	0.29996 	0.45898 	0.61413 	0.61413 	0.53896 	0.53896 	0.00000 	0.53896 	
0.34643	0         	0.29939 	0.45841 	0.61372 	0.61372 	0.53830 	0.53830 	0.00000 	0.53830 	
0.34743	0         	0.29847 	0.45753 	0.61323 	0.61323 	0.53753 	0.53753 	0.00000 	0.53753 	
0.34843	0         	0.29749 	0.45674 	0.61272 	0.61272 	0.53672 	0.53672 	0.00000 	0.53672 	
0.34943	0         	0.29692 	0.45612 	0.61222 	0.61222 	0.53593 	0.53593 	0.00000 	0.53593 	
0.35042	0         	0.29558 	0.45530 	0.61172 	0.61172 	0.53514 	0.53514 	0.00000 	0.53514 	
0.35142	0         	0.29509 	0.45465 	0.61121 	0.61121 	0.53432 	0.53432 	0.00000 	0.53432 	
0.35242	0         	0.29403 	0.45347 	0.61068 	0.61068 	0.53350 	0.53350 	0.00000 	0.53350 	
0.35342	0         	0.29304 	0.45275 	0.61015 	0.61015 	0.53266 	0.53266 	0.00000 	0.53266 	
0.35442	0         	0.29213 	0.45188 	0.60962 	0.60962 	0.53183 	0.53183 	0.00000 	0.53183 	
0.35542	0         	0.29149 	0.45122 	0.60916 	0.60916 	0.53111 	0.53111 	0.00000 	0.53111 	
0.35641	0         	0.29100 	0.45066 	0.60881 	0.60881 	0.53057 	0.53057 	0.00000 	0.53057 	
0.35741	0         	0.29043 	0.45015 	0.60840 	0.60840 	0.52993 	0.52993 	0.00000 	0.52993 	
0.35841	0         	0.28952 	0.44925 	0.60787 	0.60787 	0.52912 	0.52912 	0.00000 	0.52912 	
0.35941	0         	0.28888 	0.44860 	0.60735 	0.60735 	0.52831 	0.52831 	0.00000 	0.52831 	
0.36041	0         	0.28832 	0.44799 	0.60686 	0.60686 	0.52756 	0.52756 	0.00000 	0.52756 	
0.36141	0         	0.28775 	0.44744 	0.60649 	0.60649 	0.52699 	0.52699 	0.00000 	0.52699 	
0.36240	0         	0.28726 	0.44703 	0.60615 	0.60615 	0.52646 	0.52646 	0.00000 	0.52646 	
0.36340	0         	0.28662 	0.44642 	0.60573 	0.60573 	0.52581 	0.52581 	0.00000 	0.52581 	
0.36440	0         	0.28627 	0.44599 	0.60520 	0.60520 	0.52500 	0.52500 	0.00000 	0.52500 	
0.36540	0         	0.28514 	0.44516 	0.60462 	0.60462 	0.52411 	0.52411 	0.00000 	0.52411 	
0.36640	0         	0.28437 	0.44445 	0.60404 	0.60404 	0.52323 	0.52323 	0.00000 	0.52323 	
0.36740	0         	0.28331 	0.44351 	0.60345 	0.60345 	0.52233 	0.52233 	0.00000 	0.52233 	
0.36839	0         	0.28267 	0.44278 	0.60286 	0.60286 	0.52145 	0.52145 	0.00000 	0.52145 	
0.36939	0         	0.28211 	0.44211 	0.60227 	0.60227 	0.52056 	0.52056 	0.00000 	0.52056 	
0.37039	0         	0.28126 	0.44132 	0.60168 	0.60168 	0.51966 	0.51966 	0.00000 	0.51966 	
0.37139	0         	0.28091 	0.44078 	0.60113 	0.60113 	0.51883 	0.51883 	0.00000 	0.51883 	
0.37239	0         	0.28020 	0.44035 	0.60071 	0.60071 	0.51820 	0.51820 	0.00000 	0.51820 	
0.37339	0         	0.27978 	0.43994 	0.60030 	0.60030 	0.51759 	0.51759 	0.00000 	0.51759 	
0.37438	0         	0.27908 	0.43920 	0.59981 	0.59981 	0.51686 	0.51686 	0.00000 	0.51686 	
0.37538	0         	0.27816 	0.43850 	0.59924 	0.59924 	0.51601 	0.51601 	0.00000 	0.51601 	
0.37638	0         	0.27710 	0.43770 	0.59868 	0.59868 	0.51518 	0.51518 	0.00000 	0.51518 	
0.37738	0         	0.27647 	0.43724 	0.59825 	0.59825 	0.51453 	0.51453 	0.00000 	0.51453 	
0.37838	0         	0.27590 	0.43668 	0.59784 	0.59784 	0.51393 	0.51393 	0.00000 	0.51393 	
0.37938	0         	0.27548 	0.43604 	0.59737 	0.59737 	0.51325 	0.51325 	0.00000 	0.51325 	
0.38037	0         	0.27534 	0.43530 	0.59686 	0.59686 	0.51249 	0.51249 	0.00000 	0.51249 	
0.38137	0         	0.27421 	0.43287 	0.59636 	0.59636 	0.51176 	0.51176 	0.00000 	0.51176 	
0.38237	0         	0.27364 	0.43209 	0.59574 	0.59574 	0.51086 	0.51086 	0.00000 	0.51086 	
0.38337	0         	0.27301 	0.43135 	0.59510 	0.59510 	0.50993 	0.50993 	0.00000 	0.50993 	
0.38437	0         	0.27237 	0.43061 	0.59448 	0.59448 	0.50903 	0.50903 	0.00000 	0.50903 	
0.38537	0         	0.27153 	0.42975 	0.59384 	0.59384 	0.50810 	0.50810 	0.00000 	0.50810 	
0.38636	0         	0.27075 	0.42882 	0.59324 	0.59324 	0.50725 	0.50725 	0.00000 	0.50725 	
0.38736	0         	0.27047 	0.42837 	0.59278 	0.59278 	0.50658 	0.50658 	0.00000 	0.50658 	
0.38836	0         	0.26990 	0.42771 	0.59231 	0.59231 	0.50591 	0.50591 	0.00000 	0.50591 	
0.38936	0         	0.26892 	0.42667 	0.59175 	0.59175 	0.50511 	0.50511 	0.00000 	0.50511 	
0.39036	0         	0.26807 	0.42574 	0.59116 	0.59116 	0.50426 	0.50426 	0.00000 	0.50426 	
0.39136	0         	0.26751 	0.42508 	0.59059 	0.59059 	0.50346 	0.50346 	0.00000 	0.50346 	
0.39235	0         	0.26729 	0.42458 	0.59016 	0.59016 	0.50284 	0.50284 	0.00000 	0.50284 	
0.39335	0         	0.26715 	0.42398 	0.58970 	0.58970 	0.50217 	0.50217 	0.00000 	0.50217 	
0.39435	0         	0.26687 	0.42352 	0.58921 	0.58921 	0.50148 	0.50148 	0.00000 	0.50148 	
0.39535	0         	0.26610 	0.42263 	0.58858 	0.58858 	0.50059 	0.50059 	0.00000 	0.50059 	
0.39635	0         	0.26539 	0.42178 	0.58791 	0.58791 	0.49965 	0.49965 	0.00000 	0.49965 	
0.39735	0         	0.26447 	0.42087 	0.58728 	0.58728 	0.49875 	0.49875 	0.00000 	0.49875 	
0.39834	0         	0.26391 	0.42011 	0.58660 	0.58660 	0.49779 	0.49779 	0.00000 	0.49779 	
0.39934	0         	0.26327 	0.41929 	0.58593 	0.58593 	0.49685 	0.49685 	0.00000 	0.49685 	
0.40034	0         	0.26243 	0.41858 	0.58535 	0.58535 	0.49604 	0.49604 	0.00000 	0.49604 	
0.40134	0         	0.26172 	0.41793 	0.58483 	0.58483 	0.49532 	0.49532 	0.00000 	0.49532 	
0.40234	0         	0.26151 	0.41750 	0.58446 	0.58446 	0.49481 	0.49481 	0.00000 	0.49481 	
0.40334	0         	0.26080 	0.41681 	0.58396 	0.58396 	0.49411 	0.49411 	0.00000 	0.49411 	
0.40433	0         	0.26038 	0.41603 	0.58336 	0.58336 	0.49330 	0.49330 	0.00000 	0.49330 	
0.40533	0         	0.25953 	0.41527 	0.58274 	0.58274 	0.49244 	0.49244 	0.00000 	0.49244 	
0.40633	0         	0.25855 	0.41441 	0.58206 	0.58206 	0.49151 	0.49151 	0.00000 	0.49151 	
0.40733	0         	0.25770 	0.41357 	0.58135 	0.58135 	0.49051 	0.49051 	0.00000 	0.49051 	
0.40833	0         	0.25692 	0.41280 	0.58066 	0.58066 	0.48958 	0.48958 	0.00000 	0.48958 	
0.40933	0         	0.25622 	0.41213 	0.58009 	0.58009 	0.48879 	0.48879 	0.00000 	0.48879 	
0.41032	0         	0.25587 	0.41155 	0.57954 	0.57954 	0.48804 	0.48804 	0.00000 	0.48804 	
0.41132	0         	0.25530 	0.41081 	0.57899 	0.57899 	0.48732 	0.48732 	0.00000 	0.48732 	
0.41232	0         	0.25446 	0.41010 	0.57843 	0.57843 	0.48656 	0.48656 	0.00000 	0.48656 	
0.41332	0         	0.25382 	0.40953 	0.57781 	0.57781 	0.48571 	0.48571 	0.00000 	0.48571 	
0.41432	0         	0.25347 	0.40893 	0.57723 	0.57723 	0.48493 	0.48493 	0.00000 	0.48493 	
0.41531	0         	0.25276 	0.40837 	0.57673 	0.57673 	0.48425 	0.48425 	0.00000 	0.48425 	
0.41631	0         	0.25213 	0.40770 	0.57615 	0.57615 	0.48346 	0.48346 	0.00000 	0.48346 	
0.41731	0         	0.25156 	0.40699 	0.57553 	0.57553 	0.48262 	0.48262 	0.00000 	0.48262 	
0.41831	0         	0.25100 	0.40628 	0.57490 	0.57490 	0.48178 	0.48178 	0.00000 	0.48178 	
0.41931	0         	0.25001 	0.40539 	0.57423 	0.57423 	0.48090 	0.48090 	0.00000 	0.48090 	
0.42031	0         	0.24959 	0.40450 	0.57349 	0.57349 	0.47991 	0.47991 	0.00000 	0.47991 	
0.42130	0         	0.24924 	0.40394 	0.57277 	0.57277 	0.47895 	0.47895 	0.00000 	0.47895 	
0.42230	0         	0.24832 	0.40301 	0.57201 	0.57201 	0.47794 	0.47794 	0.00000 	0.47794 	
0.42330	0         	0.24804 	0.40250 	0.57146 	0.57146 	0.47722 	0.47722 	0.00000 	0.47722 	
0.42430	0         	0.24775 	0.40186 	0.57086 	0.57086 	0.47642 	0.47642 	0.00000 	0.47642 	
0.42530	0         	0.24684 	0.40114 	0.57021 	0.57021 	0.47557 	0.47557 	0.00000 	0.47557 	
0.42630	0         	0.24620 	0.40054 	0.56969 	0.56969 	0.47488 	0.47488 	0.00000 	0.47488 	
0.42729	0         	0.24571 	0.39980 	0.56906 	0.56906 	0.47405 	0.47405 	0.00000 	0.47405 	
0.42829	0         	0.24486 	0.39892 	0.56846 	0.56846 	0.47328 	0.47328 	0.00000 	0.47328 	
0.42929	0         	0.24437 	0.39835 	0.56787 	0.56787 	0.47249 	0.47249 	0.00000 	0.47249 	
0.43029	0         	0.24345 	0.39765 	0.56724 	0.56724 	0.47166 	0.47166 	0.00000 	0.47166 	
0.43129	0         	0.24310 	0.39715 	0.56663 	0.56663 	0.47087 	0.47087 	0.00000 	0.47087 	
0.43229	0         	0.24232 	0.39628 	0.56590 	0.56590 	0.46992 	0.46992 	0.00000 	0.46992 	
0.43328	0         	0.24148 	0.39555 	0.56511 	0.56511 	0.46889 	0.46889 	0.00000 	0.46889 	
0.43428	0         	0.24077 	0.39471 	0.56430 	0.56430 	0.46785 	0.46785 	0.00000 	0.46785 	
0.43528	0         	0.23992 	0.39382 	0.56359 	0.56359 	0.46694 	0.46694 	0.00000 	0.46694 	
0.43628	0         	0.23936 	0.39324 	0.56296 	0.56296 	0.46612 	0.46612 	0.00000 	0.46612 	
0.43728	0         	0.23858 	0.39261 	0.56230 	0.56230 	0.46527 	0.46527 	0.00000 	0.46527 	
0.43828	0         	0.23760 	0.39190 	0.56165 	0.56165 	0.46444 	0.46444 	0.00000 	0.46444 	
0.43927	0         	0.23703 	0.39132 	0.56103 	0.56103 	0.46363 	0.46363 	0.00000 	0.46363 	
0.44027	0         	0.23668 	0.39080 	0.56044 	0.56044 	0.46288 	0.46288 	0.00000 	0.46288 	
0.44127	0         	0.23640 	0.39014 	0.55983 	0.55983 	0.46209 	0.46209 	0.00000 	0.46209 	
0.44227	0         	0.23555 	0.38942 	0.55916 	0.55916 	0.46122 	0.46122 	0.00000 	0.46122 	
0.44327	0         	0.23492 	0.38866 	0.55847 	0.55847 	0.46034 	0.46034 	0.00000 	0.46034 	
0.44427	0         	0.23414 	0.38784 	0.55770 	0.55770 	0.45936 	0.45936 	0.00000 	0.45936 	
0.44526	0         	0.23365 	0.38711 	0.55688 	0.55688 	0.45832 	0.45832 	0.00000 	0.45832 	
0.44626	0         	0.23273 	0.38622 	0.55600 	0.55600 	0.45722 	0.45722 	0.00000 	0.45722 	
0.44726	0         	0.23188 	0.38530 	0.55526 	0.55526 	0.45627 	0.45627 	0.00000 	0.45627 	
0.44826	0         	0.23146 	0.38484 	0.55460 	0.55460 	0.45543 	0.45543 	0.00000 	0.45543 	
0.44926	0         	0.23061 	0.38400 	0.55396 	0.55396 	0.45463 	0.45463 	0.00000 	0.45463 	
0.45026	0         	0.22998 	0.38340 	0.55326 	0.55326 	0.45375 	0.45375 	0.00000 	0.45375 	
0.45125	0         	0.22948 	0.38274 	0.55264 	0.55264 	0.45297 	0.45297 	0.00000 	0.45297 	
0.45225	0         	0.22913 	0.38214 	0.55199 	0.55199 	0.45215 	0.45215 	0.00000 	0.45215 	
0.45325	0         	0.22864 	0.38132 	0.55126 	0.55126 	0.45126 	0.45126 	0.00000 	0.45126 	
0.45425	0         	0.22793 	0.38059 	0.55057 	0.55057 	0.45039 	0.45039 	0.00000 	0.45039 	
0.45525	0         	0.22702 	0.37969 	0.54980 	0.54980 	0.44943 	0.44943 	0.00000 	0.44943 	
0.45625	0         	0.22631 	0.37884 	0.54898 	0.54898 	0.44842 	0.44842 	0.00000 	0.44842 	
0.45724	0         	0.22546 	0.37791 	0.54814 	0.54814 	0.44737 	0.44737 	0.00000 	0.44737 	
0.45824	0         	0.22476 	0.37714 	0.54731 	0.54731 	0.44635 	0.44635 	0.00000 	0.44635 	
0.45924	0         	0.22426 	0.37645 	0.54660 	0.54660 	0.44545 	0.44545 	0.00000 	0.44545 	
0.46024	0         	0.22405 	0.37584 	0.54602 	0.54602 	0.44474 	0.44474 	0.00000 	0.44474 	
0.46124	0         	0.22363 	0.37526 	0.54533 	0.54533 	0.44390 	0.44390 	0.00000 	0.44390 	
0.46224	0         	0.22271 	0.37444 	0.54472 	0.54472 	0.44316 	0.44316 	0.00000 	0.44316 	
0.46323	0         	0.22187 	0.37363 	0.54400 	0.54400 	0.44228 	0.44228 	0.00000 	0.44228 	
0.46423	0         	0.22130 	0.37301 	0.54332 	0.54332 	0.44144 	0.44144 	0.00000 	0.44144 	
0.46523	0         	0.22067 	0.37224 	0.54267 	0.54267 	0.44065 	0.44065 	0.00000 	0.44065 	
0.46623	0         	0.21989 	0.37109 	0.54189 	0.54189 	0.43972 	0.43972 	0.00000 	0.43972 	
0.46723	0         	0.21926 	0.37011 	0.54100 	0.54100 	0.43865 	0.43865 	0.00000 	0.43865 	
0.46823	0         	0.21862 	0.36932 	0.54014 	0.54014 	0.43760 	0.43760 	0.00000 	0.43760 	
0.46922	0         	0.21834 	0.36878 	0.53943 	0.53943 	0.43672 	0.43672 	0.00000 	0.43672 	
0.47022	0         	0.21763 	0.36784 	0.53866 	0.53866 	0.43580 	0.43580 	0.00000 	0.43580 	
0.47122	0         	0.21700 	0.36706 	0.53796 	0.53796 	0.43496 	0.43496 	0.00000 	0.43496 	
0.47222	0         	0.21629 	0.36643 	0.53724 	0.53724 	0.43410 	0.43410 	0.00000 	0.43410 	
0.47322	0         	0.21594 	0.36580 	0.53649 	0.53649 	0.43318 	0.43318 	0.00000 	0.43318 	
0.47422	0         	0.21559 	0.36499 	0.53574 	0.53574 	0.43229 	0.43229 	0.00000 	0.43229 	
0.47521	0         	0.21523 	0.36444 	0.53507 	0.53507 	0.43148 	0.43148 	0.00000 	0.43148 	
0.47621	0         	0.21467 	0.36366 	0.53426 	0.53426 	0.43052 	0.43052 	0.00000 	0.43052 	
0.47721	0         	0.21425 	0.36299 	0.53343 	0.53343 	0.42954 	0.42954 	0.00000 	0.42954 	
0.47821	0         	0.21382 	0.36205 	0.53270 	0.53270 	0.42868 	0.42868 	0.00000 	0.42868 	
0.47921	0         	0.21354 	0.36146 	0.53191 	0.53191 	0.42774 	0.42774 	0.00000 	0.42774 	
0.48021	0         	0.21326 	0.36076 	0.53113 	0.53113 	0.42682 	0.42682 	0.00000 	0.42682 	
0.48120	0         	0.21312 	0.36023 	0.53045 	0.53045 	0.42601 	0.42601 	0.00000 	0.42601 	
0.48220	0         	0.21248 	0.35949 	0.52972 	0.52972 	0.42515 	0.42515 	0.00000 	0.42515 	
0.48320	0         	0.21192 	0.35868 	0.52888 	0.52888 	0.42417 	0.42417 	0.00000 	0.42417 	
0.48420	0         	0.21150 	0.35802 	0.52811 	0.52811 	0.42327 	0.42327 	0.00000 	0.42327 	
0.48520	0         	0.21100 	0.35720 	0.52726 	0.52726 	0.42229 	0.42229 	0.00000 	0.42229 	
0.48620	0         	0.21023 	0.35644 	0.52638 	0.52638 	0.42128 	0.42128 	0.00000 	0.42128 	
0.48719	0         	0.20980 	0.35579 	0.52555 	0.52555 	0.42032 	0.42032 	0.00000 	0.42032 	
0.48819	0         	0.20938 	0.35499 	0.52476 	0.52476 	0.41943 	0.41943 	0.00000 	0.41943 	
0.48919	0         	0.20853 	0.35424 	0.52399 	0.52399 	0.41853 	0.41853 	0.00000 	0.41853 	
0.49019	0         	0.20797 	0.35353 	0.52319 	0.52319 	0.41761 	0.41761 	0.00000 	0.41761 	
0.49119	0         	0.20755 	0.35296 	0.52245 	0.52245 	0.41675 	0.41675 	0.00000 	0.41675 	
0.49219	0         	0.20712 	0.35209 	0.52160 	0.52160 	0.41579 	0.41579 	0.00000 	0.41579 	
0.49318	0         	0.20670 	0.35154 	0.52085 	0.52085 	0.41489 	0.41489 	0.00000 	0.41489 	
0.49418	0         	0.20599 	0.35064 	0.52005 	0.52005 	0.41398 	0.41398 	0.00000 	0.41398 	
0.49518	0         	0.20543 	0.34995 	0.51925 	0.51925 	0.41307 	0.41307 	0.00000 	0.41307 	
0.49618	0         	0.20472 	0.34916 	0.51836 	0.51836 	0.41205 	0.41205 	0.00000 	0.41205 	
0.49718	0         	0.20409 	0.34845 	0.51756 	0.51756 	0.41113 	0.41113 	0.00000 	0.41113 	
0.49818	0         	0.20352 	0.34763 	0.51676 	0.51676 	0.41022 	0.41022 	0.00000 	0.41022 	
0.49917	0         	0.20310 	0.34702 	0.51600 	0.51600 	0.40934 	0.40934 	0.00000 	0.40934 	
0.50017	0         	0.20296 	0.34653 	0.51520 	0.51520 	0.40844 	0.40844 	0.00000 	0.40844 	
0.50117	0         	0.20247 	0.34577 	0.51438 	0.51438 	0.40752 	0.40752 	0.00000 	0.40752 	
0.50217	0         	0.20197 	0.34501 	0.51352 	0.51352 	0.40655 	0.40655 	0.00000 	0.40655 	
0.50317	0         	0.20141 	0.34433 	0.51262 	0.51262 	0.40554 	0.40554 	0.00000 	0.40554 	
0.50417	0         	0.20106 	0.34368 	0.51180 	0.51180 	0.40461 	0.40461 	0.00000 	0.40461 	
0.50516	0         	0.20042 	0.34299 	0.51099 	0.51099 	0.40371 	0.40371 	0.00000 	0.40371 	
0.50616	0         	0.19972 	0.34206 	0.51008 	0.51008 	0.40271 	0.40271 	0.00000 	0.40271 	
0.50716	0         	0.19880 	0.34125 	0.50926 	0.50926 	0.40181 	0.40181 	0.00000 	0.40181 	
0.50816	0         	0.19837 	0.34053 	0.50839 	0.50839 	0.40085 	0.40085 	0.00000 	0.40085 	
0.50916	0         	0.19746 	0.33972 	0.50745 	0.50745 	0.39981 	0.39981 	0.00000 	0.39981 	
0.51016	0         	0.19675 	0.33887 	0.50654 	0.50654 	0.39880 	0.39880 	0.00000 	0.39880 	
0.51115	0         	0.19598 	0.33806 	0.50559 	0.50559 	0.39775 	0.39775 	0.00000 	0.39775 	
0.51215	0         	0.19534 	0.33728 	0.50468 	0.50468 	0.39676 	0.39676 	0.00000 	0.39676 	
0.51315	0         	0.19450 	0.33647 	0.50372 	0.50372 	0.39571 	0.39571 	0.00000 	0.39571 	
0.51415	0         	0.19407 	0.33596 	0.50301 	0.50301 	0.39492 	0.39492 	0.00000 	0.39492 	
0.51515	0         	0.19386 	0.33532 	0.50208 	0.50208 	0.39390 	0.39390 	0.00000 	0.39390 	
0.51615	0         	0.19323 	0.33444 	0.50116 	0.50116 	0.39290 	0.39290 	0.00000 	0.39290 	
0.51714	0         	0.19294 	0.33374 	0.50022 	0.50022 	0.39187 	0.39187 	0.00000 	0.39187 	
0.51814	0         	0.19203 	0.33288 	0.49925 	0.49925 	0.39084 	0.39084 	0.00000 	0.39084 	
0.51914	0         	0.19146 	0.33217 	0.49823 	0.49823 	0.38974 	0.38974 	0.00000 	0.38974 	
0.52014	0         	0.19054 	0.33131 	0.49736 	0.49736 	0.38879 	0.38879 	0.00000 	0.38879 	
0.52114	0         	0.19005 	0.33080 	0.49655 	0.49655 	0.38793 	0.38793 	0.00000 	0.38793 	
0.52214	0         	0.18928 	0.32896 	0.49574 	0.49574 	0.38699 	0.38699 	0.00000 	0.38699 	
0.52313	0         	0.18864 	0.32811 	0.49478 	0.49478 	0.38597 	0.38597 	0.00000 	0.38597 	
0.52413	0         	0.18793 	0.32721 	0.49373 	0.49373 	0.38485 	0.38485 	0.00000 	0.38485 	
0.52513	0         	0.18737 	0.32596 	0.49281 	0.49281 	0.38389 	0.38389 	0.00000 	0.38389 	
0.52613	0         	0.18681 	0.32531 	0.49183 	0.49183 	0.38285 	0.38285 	0.00000 	0.38285 	
0.52713	0         	0.18638 	0.32450 	0.49082 	0.49082 	0.38178 	0.38178 	0.00000 	0.38178 	
0.52813	0         	0.18617 	0.32391 	0.48989 	0.48989 	0.38081 	0.38081 	0.00000 	0.38081 	
0.52912	0         	0.18540 	0.32302 	0.48879 	0.48879 	0.37965 	0.37965 	0.00000 	0.37965 	
0.53012	0         	0.18504 	0.32226 	0.48790 	0.48790 	0.37871 	0.37871 	0.00000 	0.37871 	
0.53112	0         	0.18462 	0.32153 	0.48692 	0.48692 	0.37768 	0.37768 	0.00000 	0.37768 	
0.53212	0         	0.18391 	0.32053 	0.48595 	0.48595 	0.37668 	0.37668 	0.00000 	0.37668 	
0.53312	0         	0.18328 	0.31983 	0.48495 	0.48495 	0.37562 	0.37562 	0.00000 	0.37562 	
0.53412	0         	0.18264 	0.31910 	0.48395 	0.48395 	0.37457 	0.37457 	0.00000 	0.37457 	
0.53511	0         	0.18208 	0.31822 	0.48296 	0.48296 	0.37355 	0.37355 	0.00000 	0.37355 	
0.53611	0         	0.18166 	0.31733 	0.48192 	0.48192 	0.37248 	0.37248 	0.00000 	0.37248 	
0.53711	0         	0.18123 	0.31661 	0.48088 	0.48088 	0.37140 	0.37140 	0.00000 	0.37140 	
0.53811	0         	0.18060 	0.31571 	0.47982 	0.47982 	0.37033 	0.37033 	0.00000 	0.37033 	
0.53911	0         	0.18025 	0.31492 	0.47882 	0.47882 	0.36931 	0.36931 	0.00000 	0.36931 	
0.54011	0         	0.17947 	0.31413 	0.47786 	0.47786 	0.36831 	0.36831 	0.00000 	0.36831 	
0.54110	0         	0.17848 	0.31299 	0.47678 	0.47678 	0.36721 	0.36721 	0.00000 	0.36721 	
0.54210	0         	0.17778 	0.31205 	0.47569 	0.47569 	0.36611 	0.36611 	0.00000 	0.36611 	
0.54310	0         	0.17735 	0.31127 	0.47462 	0.47462 	0.36502 	0.36502 	0.00000 	0.36502 	
0.54410	0         	0.17693 	0.31043 	0.47356 	0.47356 	0.36395 	0.36395 	0.00000 	0.36395 	
0.54510	0         	0.17601 	0.30947 	0.47246 	0.47246 	0.36283 	0.36283 	0.00000 	0.36283 	
0.54610	0         	0.17566 	0.30877 	0.47140 	0.47140 	0.36176 	0.36176 	0.00000 	0.36176 	
0.54709	0         	0.17503 	0.30790 	0.47031 	0.47031 	0.36066 	0.36066 	0.00000 	0.36066 	
0.54809	0         	0.17467 	0.30719 	0.46924 	0.46924 	0.35958 	0.35958 	0.00000 	0.35958 	
0.54909	0         	0.17418 	0.30626 	0.46819 	0.46819 	0.35853 	0.35853 	0.00000 	0.35853 	
0.55009	0         	0.17354 	0.30532 	0.46702 	0.46702 	0.35736 	0.35736 	0.00000 	0.35736 	
0.55109	0         	0.17270 	0.30436 	0.46592 	0.46592 	0.35626 	0.35626 	0.00000 	0.35626 	
0.55209	0         	0.17249 	0.30354 	0.46478 	0.46478 	0.35513 	0.35513 	0.00000 	0.35513 	
0.55308	0         	0.17164 	0.30249 	0.46366 	0.46366 	0.35403 	0.35403 	0.00000 	0.35403 	
0.55408	0         	0.17115 	0.30171 	0.46251 	0.46251 	0.35289 	0.35289 	0.00000 	0.35289 	
0.55508	0         	0.17002 	0.30041 	0.46132 	0.46132 	0.35171 	0.35171 	0.00000 	0.35171 	
0.55608	0         	0.16945 	0.29953 	0.46026 	0.46026 	0.35066 	0.35066 	0.00000 	0.35066 	
0.55708	0         	0.16889 	0.29864 	0.45918 	0.45918 	0.34960 	0.34960 	0.00000 	0.34960 	
0.55808	0         	0.16811 	0.29759 	0.45798 	0.45798 	0.34839 	0.34839 	0.00000 	0.34839 	
0.55907	0         	0.16755 	0.29683 	0.45674 	0.45674 	0.34719 	0.34719 	0.00000 	0.34719 	
0.56007	0         	0.16677 	0.29576 	0.45565 	0.45565 	0.34612 	0.34612 	0.00000 	0.34612 	
0.56107	0         	0.16600 	0.29465 	0.45440 	0.45440 	0.34492 	0.34492 	0.00000 	0.34492 	
0.56207	0         	0.16536 	0.29377 	0.45327 	0.45327 	0.34377 	0.34377 	0.00000 	0.34377 	
0.56307	0         	0.16487 	0.29308 	0.45209 	0.45209 	0.34262 	0.34262 	0.00000 	0.34262 	
0.56407	0         	0.16423 	0.29220 	0.45088 	0.45088 	0.34145 	0.34145 	0.00000 	0.34145 	
0.56506	0         	0.16360 	0.29116 	0.44964 	0.44964 	0.34026 	0.34026 	0.00000 	0.34026 	
0.56606	0         	0.16310 	0.29030 	0.44858 	0.44858 	0.33921 	0.33921 	0.00000 	0.33921 	
0.56706	0         	0.16275 	0.28949 	0.44744 	0.44744 	0.33811 	0.33811 	0.00000 	0.33811 	
0.56806	0         	0.16219 	0.28857 	0.44620 	0.44620 	0.33692 	0.33692 	0.00000 	0.33692 	
0.56906	0         	0.16169 	0.28783 	0.44509 	0.44509 	0.33585 	0.33585 	0.00000 	0.33585 	
0.57006	0         	0.16134 	0.28716 	0.44406 	0.44406 	0.33476 	0.33476 	0.00000 	0.33476 	
0.57105	0         	0.16085 	0.28662 	0.44293 	0.44293 	0.33356 	0.33356 	0.00000 	0.33356 	
0.57205	0         	0.16035 	0.28602 	0.44162 	0.44162 	0.33226 	0.33226 	0.00000 	0.33226 	
0.57305	0         	0.15979 	0.28532 	0.44017 	0.44017 	0.33087 	0.33087 	0.00000 	0.33087 	
0.57405	0         	0.15922 	0.28453 	0.43901 	0.43901 	0.32977 	0.32977 	0.00000 	0.32977 	
0.57505	0         	0.15873 	0.28363 	0.43780 	0.43780 	0.32863 	0.32863 	0.00000 	0.32863 	
0.57605	0         	0.15824 	0.28257 	0.43655 	0.43655 	0.32745 	0.32745 	0.00000 	0.32745 	
0.57704	0         	0.15774 	0.28165 	0.43538 	0.43538 	0.32633 	0.32633 	0.00000 	0.32633 	
0.57804	0         	0.15718 	0.28086 	0.43405 	0.43405 	0.32507 	0.32507 	0.00000 	0.32507 	
0.57904	0         	0.15654 	0.27979 	0.43273 	0.43273 	0.32383 	0.32383 	0.00000 	0.32383 	
0.58004	0         	0.15626 	0.27896 	0.43145 	0.43145 	0.32263 	0.32263 	0.00000 	0.32263 	
0.58104	0         	0.15570 	0.27789 	0.43014 	0.43014 	0.32142 	0.32142 	0.00000 	0.32142 	
0.58204	0         	0.15527 	0.27692 	0.42893 	0.42893 	0.32030 	0.32030 	0.00000 	0.32030 	
0.58303	0         	0.15457 	0.27597 	0.42757 	0.42757 	0.31903 	0.31903 	0.00000 	0.31903 	
0.58403	0         	0.15393 	0.27495 	0.42624 	0.42624 	0.31780 	0.31780 	0.00000 	0.31780 	
0.58503	0         	0.15316 	0.27399 	0.42492 	0.42492 	0.31657 	0.31657 	0.00000 	0.31657 	
0.58603	0         	0.15259 	0.27284 	0.42368 	0.42368 	0.31545 	0.31545 	0.00000 	0.31545 	
0.58703	0         	0.15245 	0.27233 	0.42229 	0.42229 	0.31413 	0.31413 	0.00000 	0.31413 	
0.58803	0         	0.15168 	0.27142 	0.42105 	0.42105 	0.31299 	0.31299 	0.00000 	0.31299 	
0.58902	0         	0.15118 	0.27043 	0.41966 	0.41966 	0.31172 	0.31172 	0.00000 	0.31172 	
0.59002	0         	0.15069 	0.26952 	0.41836 	0.41836 	0.31053 	0.31053 	0.00000 	0.31053 	
0.59102	0         	0.14998 	0.26849 	0.41701 	0.41701 	0.30929 	0.30929 	0.00000 	0.30929 	
0.59202	0         	0.14963 	0.26766 	0.41574 	0.41574 	0.30814 	0.30814 	0.00000 	0.30814 	
0.59302	0         	0.14914 	0.26665 	0.41438 	0.41438 	0.30691 	0.30691 	0.00000 	0.30691 	
0.59402	0         	0.14808 	0.26550 	0.41299 	0.41299 	0.30566 	0.30566 	0.00000 	0.30566 	
0.59501	0         	0.14744 	0.26447 	0.41172 	0.41172 	0.30451 	0.30451 	0.00000 	0.30451 	
0.59601	0         	0.14674 	0.26320 	0.41036 	0.41036 	0.30329 	0.30329 	0.00000 	0.30329 	
0.59701	0         	0.14631 	0.26223 	0.40897 	0.40897 	0.30206 	0.30206 	0.00000 	0.30206 	
0.59801	0         	0.14554 	0.26136 	0.40759 	0.40759 	0.30080 	0.30080 	0.00000 	0.30080 	
0.59901	0         	0.14490 	0.26039 	0.40635 	0.40635 	0.29967 	0.29967 	0.00000 	0.29967 	
0.60001	0         	0.14378 	0.25935 	0.40506 	0.40506 	0.29851 	0.29851 	0.00000 	0.29851 	
0.60100	0         	0.14300 	0.25774 	0.40361 	0.40361 	0.29718 	0.29718 	0.00000 	0.29718 	
0.60200	0         	0.14208 	0.25680 	0.40225 	0.40225 	0.29596 	0.29596 	0.00000 	0.29596 	
0.60300	0         	0.14159 	0.25586 	0.40077 	0.40077 	0.29460 	0.29460 	0.00000 	0.29460 	
0.60400	0         	0.14102 	0.25495 	0.39941 	0.39941 	0.29337 	0.29337 	0.00000 	0.29337 	
0.60500	0         	0.14067 	0.25418 	0.39800 	0.39800 	0.29210 	0.29210 	0.00000 	0.29210 	
0.60600	0         	0.13990 	0.25315 	0.39662 	0.39662 	0.29087 	0.29087 	0.00000 	0.29087 	
0.60699	0         	0.13968 	0.25233 	0.39525 	0.39525 	0.28963 	0.28963 	0.00000 	0.28963 	
0.60799	0         	0.13905 	0.25149 	0.39382 	0.39382 	0.28835 	0.28835 	0.00000 	0.28835 	
0.60899	0         	0.13834 	0.25054 	0.39239 	0.39239 	0.28708 	0.28708 	0.00000 	0.28708 	
0.60999	0         	0.13736 	0.24920 	0.39084 	0.39084 	0.28574 	0.28574 	0.00000 	0.28574 	
0.61099	0         	0.13672 	0.24828 	0.38944 	0.38944 	0.28449 	0.28449 	0.00000 	0.28449 	
0.61199	0         	0.13630 	0.24733 	0.38802 	0.38802 	0.28325 	0.28325 	0.00000 	0.28325 	
0.61298	0         	0.13559 	0.24620 	0.38667 	0.38667 	0.28207 	0.28207 	0.00000 	0.28207 	
0.61398	0         	0.13517 	0.24539 	0.38520 	0.38520 	0.28078 	0.28078 	0.00000 	0.28078 	
0.61498	0         	0.13432 	0.24428 	0.38384 	0.38384 	0.27959 	0.27959 	0.00000 	0.27959 	
0.61598	0         	0.13390 	0.24332 	0.38232 	0.38232 	0.27828 	0.27828 	0.00000 	0.27828 	
0.61698	0         	0.13334 	0.24235 	0.38099 	0.38099 	0.27712 	0.27712 	0.00000 	0.27712 	
0.61798	0         	0.13277 	0.24138 	0.37959 	0.37959 	0.27589 	0.27589 	0.00000 	0.27589 	
0.61897	0         	0.13221 	0.24042 	0.37813 	0.37813 	0.27463 	0.27463 	0.00000 	0.27463 	
0.61997	0         	0.13108 	0.23939 	0.37671 	0.37671 	0.27339 	0.27339 	0.00000 	0.27339 	
0.62097	0         	0.13058 	0.23833 	0.37528 	0.37528 	0.27216 	0.27216 	0.00000 	0.27216 	
0.62197	0         	0.12931 	0.23706 	0.37393 	0.37393 	0.27097 	0.27097 	0.00000 	0.27097 	
0.62297	0         	0.12833 	0.23595 	0.37239 	0.37239 	0.26964 	0.26964 	0.00000 	0.26964 	
0.62397	0         	0.12776 	0.23507 	0.37110 	0.37110 	0.26850 	0.26850 	0.00000 	0.26850 	
0.62496	0         	0.12706 	0.23400 	0.36967 	0.36967 	0.26729 	0.26729 	0.00000 	0.26729 	
0.62596	0         	0.12649 	0.23292 	0.36818 	0.36818 	0.26603 	0.26603 	0.00000 	0.26603 	
0.62696	0         	0.12607 	0.23202 	0.36668 	0.36668 	0.26474 	0.26474 	0.00000 	0.26474 	
0.62796	0         	0.12480 	0.23094 	0.36518 	0.36518 	0.26347 	0.26347 	0.00000 	0.26347 	
0.62896	0         	0.12424 	0.22989 	0.36363 	0.36363 	0.26216 	0.26216 	0.00000 	0.26216 	
0.62996	0         	0.12367 	0.22891 	0.36203 	0.36203 	0.26079 	0.26079 	0.00000 	0.26079 	
0.63095	0         	0.12304 	0.22801 	0.36060 	0.36060 	0.25958 	0.25958 	0.00000 	0.25958 	
0.63195	0         	0.12261 	0.22747 	0.35963 	0.35963 	0.25876 	0.25876 	0.00000 	0.25876 	
0.63295	0         	0.12212 	0.22650 	0.35817 	0.35817 	0.25754 	0.25754 	0.00000 	0.25754 	
0.63395	0         	0.12120 	0.22543 	0.35682 	0.35682 	0.25640 	0.25640 	0.00000 	0.25640 	
0.63495	0         	0.12092 	0.22442 	0.35533 	0.35533 	0.25515 	0.25515 	0.00000 	0.25515 	
0.63595	0         	0.12007 	0.22351 	0.35389 	0.35389 	0.25395 	0.25395 	0.00000 	0.25395 	
0.63694	0         	0.11951 	0.22252 	0.35245 	0.35245 	0.25273 	0.25273 	0.00000 	0.25273 	
0.63794	0         	0.11880 	0.22161 	0.35096 	0.35096 	0.25149 	0.25149 	0.00000 	0.25149 	
0.63894	0         	0.11817 	0.22082 	0.34940 	0.34940 	0.25021 	0.25021 	0.00000 	0.25021 	
0.63994	0         	0.11732 	0.21989 	0.34815 	0.34815 	0.24915 	0.24915 	0.00000 	0.24915 	
0.64094	0         	0.11662 	0.21908 	0.34673 	0.34673 	0.24798 	0.24798 	0.00000 	0.24798 	
0.64194	0         	0.11633 	0.21835 	0.34522 	0.34522 	0.24673 	0.24673 	0.00000 	0.24673 	
0.64293	0         	0.11563 	0.21742 	0.34368 	0.34368 	0.24544 	0.24544 	0.00000 	0.24544 	
0.64393	0         	0.11478 	0.21636 	0.34213 	0.34213 	0.24416 	0.24416 	0.00000 	0.24416 	
0.64493	0         	0.11443 	0.21565 	0.34068 	0.34068 	0.24296 	0.24296 	0.00000 	0.24296 	
0.64593	0         	0.11386 	0.21486 	0.33904 	0.33904 	0.24161 	0.24161 	0.00000 	0.24161 	
0.64693	0         	0.11288 	0.21379 	0.33744 	0.33744 	0.24028 	0.24028 	0.00000 	0.24028 	
0.64793	0         	0.11252 	0.21296 	0.33601 	0.33601 	0.23910 	0.23910 	0.00000 	0.23910 	
0.64892	0         	0.11182 	0.21201 	0.33442 	0.33442 	0.23779 	0.23779 	0.00000 	0.23779 	
0.64992	0         	0.11147 	0.21104 	0.33287 	0.33287 	0.23652 	0.23652 	0.00000 	0.23652 	
0.65092	0         	0.10991 	0.20956 	0.33141 	0.33141 	0.23531 	0.23531 	0.00000 	0.23531 	
0.65192	0         	0.10942 	0.20841 	0.33001 	0.33001 	0.23413 	0.23413 	0.00000 	0.23413 	
0.65292	0         	0.10921 	0.20740 	0.32823 	0.32823 	0.23268 	0.23268 	0.00000 	0.23268 	
0.65392	0         	0.10900 	0.20670 	0.32681 	0.32681 	0.23152 	0.23152 	0.00000 	0.23152 	
0.65491	0         	0.10836 	0.20579 	0.32543 	0.32543 	0.23040 	0.23040 	0.00000 	0.23040 	
0.65591	0         	0.10808 	0.20506 	0.32382 	0.32382 	0.22908 	0.22908 	0.00000 	0.22908 	
0.65691	0         	0.10730 	0.20407 	0.32218 	0.32218 	0.22775 	0.22775 	0.00000 	0.22775 	
0.65791	0         	0.10681 	0.20318 	0.32056 	0.32056 	0.22644 	0.22644 	0.00000 	0.22644 	
0.65891	0         	0.10625 	0.20215 	0.31890 	0.31890 	0.22510 	0.22510 	0.00000 	0.22510 	
0.65991	0         	0.10547 	0.20110 	0.31722 	0.31722 	0.22375 	0.22375 	0.00000 	0.22375 	
0.66090	0         	0.10490 	0.20017 	0.31562 	0.31562 	0.22247 	0.22247 	0.00000 	0.22247 	
0.66190	0         	0.10434 	0.19928 	0.31407 	0.31407 	0.22121 	0.22121 	0.00000 	0.22121 	
0.66290	0         	0.10328 	0.19821 	0.31231 	0.31231 	0.21980 	0.21980 	0.00000 	0.21980 	
0.66390	0         	0.10251 	0.19683 	0.31090 	0.31090 	0.21864 	0.21864 	0.00000 	0.21864 	
0.66490	0         	0.10180 	0.19576 	0.30936 	0.30936 	0.21742 	0.21742 	0.00000 	0.21742 	
0.66590	0         	0.10102 	0.19477 	0.30771 	0.30771 	0.21611 	0.21611 	0.00000 	0.21611 	
0.66689	0         	0.10060 	0.19399 	0.30610 	0.30610 	0.21482 	0.21482 	0.00000 	0.21482 	
0.66789	0         	0.10011 	0.19305 	0.30456 	0.30456 	0.21360 	0.21360 	0.00000 	0.21360 	
0.66889	0         	0.09954 	0.19213 	0.30291 	0.30291 	0.21228 	0.21228 	0.00000 	0.21228 	
0.66989	0         	0.09905 	0.19113 	0.30127 	0.30127 	0.21100 	0.21100 	0.00000 	0.21100 	
0.67089	0         	0.09841 	0.19021 	0.29952 	0.29952 	0.20962 	0.20962 	0.00000 	0.20962 	
0.67189	0         	0.09792 	0.18944 	0.29788 	0.29788 	0.20833 	0.20833 	0.00000 	0.20833 	
0.67288	0         	0.09714 	0.18847 	0.29622 	0.29622 	0.20703 	0.20703 	0.00000 	0.20703 	
0.67388	0         	0.09658 	0.18755 	0.29442 	0.29442 	0.20559 	0.20559 	0.00000 	0.20559 	
0.67488	0         	0.09609 	0.18661 	0.29264 	0.29264 	0.20420 	0.20420 	0.00000 	0.20420 	
0.67588	0         	0.09531 	0.18559 	0.29105 	0.29105 	0.20295 	0.20295 	0.00000 	0.20295 	
0.67688	0         	0.09482 	0.18464 	0.28942 	0.28942 	0.20169 	0.20169 	0.00000 	0.20169 	
0.67788	0         	0.09418 	0.18366 	0.28773 	0.28773 	0.20038 	0.20038 	0.00000 	0.20038 	
0.67887	0         	0.09376 	0.18265 	0.28598 	0.28598 	0.19901 	0.19901 	0.00000 	0.19901 	
0.67987	0         	0.09333 	0.18174 	0.28430 	0.28430 	0.19772 	0.19772 	0.00000 	0.19772 	
0.68087	0         	0.09263 	0.18072 	0.28252 	0.28252 	0.19633 	0.19633 	0.00000 	0.19633 	
0.68187	0         	0.09206 	0.17978 	0.28088 	0.28088 	0.19504 	0.19504 	0.00000 	0.19504 	
0.68287	0         	0.09150 	0.17891 	0.27908 	0.27908 	0.19365 	0.19365 	0.00000 	0.19365 	
0.68387	0         	0.09101 	0.17802 	0.27735 	0.27735 	0.19232 	0.19232 	0.00000 	0.19232 	
0.68486	0         	0.09058 	0.17721 	0.27567 	0.27567 	0.19103 	0.19103 	0.00000 	0.19103 	
0.68586	0         	0.09002 	0.17628 	0.27391 	0.27391 	0.18968 	0.18968 	0.00000 	0.18968 	
0.68686	0         	0.08917 	0.17495 	0.27218 	0.27218 	0.18835 	0.18835 	0.00000 	0.18835 	
0.68786	0         	0.08854 	0.17384 	0.27037 	0.27037 	0.18695 	0.18695 	0.00000 	0.18695 	
0.68886	0         	0.08811 	0.17283 	0.26871 	0.26871 	0.18569 	0.18569 	0.00000 	0.18569 	
0.68986	0         	0.08762 	0.17185 	0.26697 	0.26697 	0.18435 	0.18435 	0.00000 	0.18435 	
0.69085	0         	0.08713 	0.17072 	0.26522 	0.26522 	0.18299 	0.18299 	0.00000 	0.18299 	
0.69185	0         	0.08649 	0.16965 	0.26370 	0.26370 	0.18183 	0.18183 	0.00000 	0.18183 	
0.69285	0         	0.08550 	0.16852 	0.26200 	0.26200 	0.18053 	0.18053 	0.00000 	0.18053 	
0.69385	0         	0.08515 	0.16758 	0.26024 	0.26024 	0.17917 	0.17917 	0.00000 	0.17917 	
0.69485	0         	0.08501 	0.16673 	0.25781 	0.25781 	0.17734 	0.17734 	0.00000 	0.17734 	
0.69585	0         	0.08487 	0.16601 	0.25612 	0.25612 	0.17607 	0.17607 	0.00000 	0.17607 	
0.69684	0         	0.08423 	0.16493 	0.25428 	0.25428 	0.17467 	0.17467 	0.00000 	0.17467 	
0.69784	0         	0.08374 	0.16409 	0.25257 	0.25257 	0.17338 	0.17338 	0.00000 	0.17338 	
0.69884	0         	0.08296 	0.16308 	0.25073 	0.25073 	0.17200 	0.17200 	0.00000 	0.17200 	
0.69984	0         	0.08268 	0.16227 	0.24903 	0.24903 	0.17072 	0.17072 	0.00000 	0.17072 	
0.70084	0         	0.08191 	0.16125 	0.24724 	0.24724 	0.16939 	0.16939 	0.00000 	0.16939 	
0.70184	0         	0.08085 	0.16001 	0.24535 	0.24535 	0.16797 	0.16797 	0.00000 	0.16797 	
0.70283	0         	0.08007 	0.15858 	0.24340 	0.24340 	0.16652 	0.16652 	0.00000 	0.16652 	
0.70383	0         	0.07958 	0.15766 	0.24154 	0.24154 	0.16512 	0.16512 	0.00000 	0.16512 	
0.70483	0         	0.07894 	0.15650 	0.23978 	0.23978 	0.16381 	0.16381 	0.00000 	0.16381 	
0.70583	0         	0.07838 	0.15137 	0.23753 	0.23753 	0.16225 	0.16225 	0.00000 	0.16225 	
0.70683	0         	0.07810 	0.14951 	0.23591 	0.23591 	0.16110 	0.16110 	0.00000 	0.16110 	
0.70783	0         	0.07746 	0.14837 	0.23416 	0.23416 	0.15980 	0.15980 	0.00000 	0.15980 	
0.70882	0         	0.07690 	0.14700 	0.23235 	0.23235 	0.15847 	0.15847 	0.00000 	0.15847 	
0.70982	0         	0.07619 	0.14649 	0.23166 	0.23166 	0.15751 	0.15751 	0.00000 	0.15751 	
0.71082	0         	0.07457 	0.14563 	0.23088 	0.23088 	0.15660 	0.15660 	0.00000 	0.15660 	
0.71182	0         	0.07407 	0.14452 	0.22913 	0.22913 	0.15529 	0.15529 	0.00000 	0.15529 	
0.71282	0         	0.07358 	0.14343 	0.22746 	0.22746 	0.15406 	0.15406 	0.00000 	0.15406 	
0.71382	0         	0.07273 	0.14221 	0.22567 	0.22567 	0.15274 	0.15274 	0.00000 	0.15274 	
0.71481	0         	0.07238 	0.14123 	0.22403 	0.22403 	0.15153 	0.15153 	0.00000 	0.15153 	
0.71581	0         	0.07175 	0.14000 	0.22224 	0.22224 	0.15022 	0.15022 	0.00000 	0.15022 	
0.71681	0         	0.07146 	0.13914 	0.22055 	0.22055 	0.14898 	0.14898 	0.00000 	0.14898 	
0.71781	0         	0.07097 	0.13814 	0.21891 	0.21891 	0.14777 	0.14777 	0.00000 	0.14777 	
0.71881	0         	0.07012 	0.13712 	0.21733 	0.21733 	0.14658 	0.14658 	0.00000 	0.14658 	
0.71981	0         	0.06963 	0.13607 	0.21570 	0.21570 	0.14537 	0.14537 	0.00000 	0.14537 	
0.72080	0         	0.06899 	0.13493 	0.21408 	0.21408 	0.14418 	0.14418 	0.00000 	0.14418 	
0.72180	0         	0.06801 	0.13370 	0.21257 	0.21257 	0.14306 	0.14306 	0.00000 	0.14306 	
0.72280	0         	0.06751 	0.13274 	0.21113 	0.21113 	0.14198 	0.14198 	0.00000 	0.14198 	
0.72380	0         	0.06695 	0.13171 	0.20960 	0.20960 	0.14087 	0.14087 	0.00000 	0.14087 	
0.72480	0         	0.06646 	0.13070 	0.20809 	0.20809 	0.13977 	0.13977 	0.00000 	0.13977 	
0.72580	0         	0.06610 	0.12973 	0.20681 	0.20681 	0.13881 	0.13881 	0.00000 	0.13881 	
0.72679	0         	0.06547 	0.12883 	0.20537 	0.20537 	0.13775 	0.13775 	0.00000 	0.13775 	
0.72779	0         	0.06476 	0.12795 	0.20398 	0.20398 	0.13673 	0.13673 	0.00000 	0.13673 	
0.72879	0         	0.06413 	0.12689 	0.20261 	0.20261 	0.13573 	0.13573 	0.00000 	0.13573 	
0.72979	0         	0.06384 	0.12592 	0.20109 	0.20109 	0.13463 	0.13463 	0.00000 	0.13463 	
0.73079	0         	0.06349 	0.12494 	0.19974 	0.19974 	0.13365 	0.13365 	0.00000 	0.13365 	
0.73179	0         	0.06307 	0.12419 	0.19848 	0.19848 	0.13272 	0.13272 	0.00000 	0.13272 	
0.73278	0         	0.06265 	0.12323 	0.19704 	0.19704 	0.13166 	0.13166 	0.00000 	0.13166 	
0.73378	0         	0.06222 	0.12221 	0.19551 	0.19551 	0.13056 	0.13056 	0.00000 	0.13056 	
0.73478	0         	0.06081 	0.11868 	0.19456 	0.19456 	0.12968 	0.12968 	0.00000 	0.12968 	
0.73578	0         	0.06039 	0.11780 	0.19320 	0.19320 	0.12869 	0.12869 	0.00000 	0.12869 	
0.73678	0         	0.06011 	0.11694 	0.19161 	0.19161 	0.12753 	0.12753 	0.00000 	0.12753 	
0.73778	0         	0.05700 	0.11277 	0.19084 	0.19084 	0.12680 	0.12680 	0.00000 	0.12680 	
0.73877	0         	0.05460 	0.10941 	0.19039 	0.19039 	0.12637 	0.12637 	0.00000 	0.12637 	
0.73977	0         	0.05446 	0.10873 	0.18928 	0.18928 	0.12554 	0.12554 	0.00000 	0.12554 	
0.74077	0         	0.05376 	0.10790 	0.18796 	0.18796 	0.12459 	0.12459 	0.00000 	0.12459 	
0.74177	0         	0.05362 	0.10730 	0.18671 	0.18671 	0.12367 	0.12367 	0.00000 	0.12367 	
0.74277	0         	0.05319 	0.10638 	0.18554 	0.18554 	0.12283 	0.12283 	0.00000 	0.12283 	
0.74377	0         	0.05291 	0.10573 	0.18426 	0.18426 	0.12188 	0.12188 	0.00000 	0.12188 	
0.74476	0         	0.05235 	0.10457 	0.18309 	0.18309 	0.12098 	0.12098 	0.00000 	0.12098 	
0.74576	0         	0.05199 	0.10387 	0.18188 	0.18188 	0.12010 	0.12010 	0.00000 	0.12010 	
0.74676	0         	0.05150 	0.10315 	0.18053 	0.18053 	0.11912 	0.11912 	0.00000 	0.11912 	
0.74776	0         	0.05108 	0.10202 	0.17929 	0.17929 	0.11820 	0.11820 	0.00000 	0.11820 	
0.74876	0         	0.05065 	0.10133 	0.17810 	0.17810 	0.11733 	0.11733 	0.00000 	0.11733 	
0.74976	0         	0.05016 	0.10065 	0.17689 	0.17689 	0.11646 	0.11646 	0.00000 	0.11646 	
0.75075	0         	0.04917 	0.09988 	0.17578 	0.17578 	0.11560 	0.11560 	0.00000 	0.11560 	
0.75175	0         	0.04861 	0.09920 	0.17470 	0.17470 	0.11477 	0.11477 	0.00000 	0.11477 	
0.75275	0         	0.04832 	0.09859 	0.17346 	0.17346 	0.11386 	0.11386 	0.00000 	0.11386 	
0.75375	0         	0.04790 	0.09798 	0.17229 	0.17229 	0.11302 	0.11302 	0.00000 	0.11302 	
0.75475	0         	0.04727 	0.09710 	0.17101 	0.17101 	0.11212 	0.11212 	0.00000 	0.11212 	
0.75575	0         	0.04691 	0.09661 	0.16996 	0.16996 	0.11131 	0.11131 	0.00000 	0.11131 	
0.75674	0         	0.04656 	0.09602 	0.16871 	0.16871 	0.11042 	0.11042 	0.00000 	0.11042 	
0.75774	0         	0.04614 	0.09544 	0.16764 	0.16764 	0.10964 	0.10964 	0.00000 	0.10964 	
0.75874	0         	0.04600 	0.09485 	0.16640 	0.16640 	0.10876 	0.10876 	0.00000 	0.10876 	
0.75974	0         	0.04557 	0.09431 	0.16527 	0.16527 	0.10795 	0.10795 	0.00000 	0.10795 	
0.76074	0         	0.04543 	0.09373 	0.16415 	0.16415 	0.10715 	0.10715 	0.00000 	0.10715 	
0.76174	0         	0.04515 	0.09310 	0.16307 	0.16307 	0.10638 	0.10638 	0.00000 	0.10638 	
0.76273	0         	0.04466 	0.09238 	0.16181 	0.16181 	0.10549 	0.10549 	0.00000 	0.10549 	
0.76373	0         	0.04423 	0.09169 	0.16056 	0.16056 	0.10461 	0.10461 	0.00000 	0.10461 	
0.76473	0         	0.04388 	0.09097 	0.15931 	0.15931 	0.10373 	0.10373 	0.00000 	0.10373 	
0.76573	0         	0.04360 	0.09039 	0.15817 	0.15817 	0.10292 	0.10292 	0.00000 	0.10292 	
0.76673	0         	0.04332 	0.08976 	0.15695 	0.15695 	0.10206 	0.10206 	0.00000 	0.10206 	
0.76773	0         	0.04282 	0.08870 	0.15582 	0.15582 	0.10123 	0.10123 	0.00000 	0.10123 	
0.76872	0         	0.04240 	0.08806 	0.15479 	0.15479 	0.10049 	0.10049 	0.00000 	0.10049 	
0.76972	0         	0.04155 	0.08728 	0.15354 	0.15354 	0.09960 	0.09960 	0.00000 	0.09960 	
0.77072	0         	0.04141 	0.08674 	0.15237 	0.15237 	0.09878 	0.09878 	0.00000 	0.09878 	
0.77172	0         	0.04120 	0.08625 	0.15120 	0.15120 	0.09795 	0.09795 	0.00000 	0.09795 	
0.77272	0         	0.04092 	0.08556 	0.14996 	0.14996 	0.09708 	0.09708 	0.00000 	0.09708 	
0.77372	0         	0.04092 	0.08538 	0.14957 	0.14957 	0.09679 	0.09679 	0.00000 	0.09679 	
0.77471	0         	0.04056 	0.08463 	0.14824 	0.14824 	0.09585 	0.09585 	0.00000 	0.09585 	
0.77571	0         	0.04014 	0.08404 	0.14712 	0.14712 	0.09501 	0.09501 	0.00000 	0.09501 	
0.77671	0         	0.03993 	0.08334 	0.14594 	0.14594 	0.09420 	0.09420 	0.00000 	0.09420 	
0.77771	0         	0.03958 	0.08270 	0.14477 	0.14477 	0.09339 	0.09339 	0.00000 	0.09339 	
0.77871	0         	0.03915 	0.08200 	0.14362 	0.14362 	0.09259 	0.09259 	0.00000 	0.09259 	
0.77971	0         	0.03887 	0.08143 	0.14252 	0.14252 	0.09182 	0.09182 	0.00000 	0.09182 	
0.78070	0         	0.03845 	0.08075 	0.14146 	0.14146 	0.09108 	0.09108 	0.00000 	0.09108 	
0.78170	0         	0.03824 	0.08040 	0.14085 	0.14085 	0.09065 	0.09065 	0.00000 	0.09065 	
0.78270	0         	0.03817 	0.08018 	0.14050 	0.14050 	0.09041 	0.09041 	0.00000 	0.09041 	
0.78370	0         	0.03767 	0.07962 	0.13946 	0.13946 	0.08970 	0.08970 	0.00000 	0.08970 	
0.78470	0         	0.03746 	0.07896 	0.13833 	0.13833 	0.08892 	0.08892 	0.00000 	0.08892 	
0.78570	0         	0.03697 	0.07844 	0.13743 	0.13743 	0.08830 	0.08830 	0.00000 	0.08830 	
0.78669	0         	0.03647 	0.07778 	0.13632 	0.13632 	0.08753 	0.08753 	0.00000 	0.08753 	
0.78769	0         	0.03626 	0.07724 	0.13522 	0.13522 	0.08676 	0.08676 	0.00000 	0.08676 	
0.78869	0         	0.03612 	0.07671 	0.13427 	0.13427 	0.08611 	0.08611 	0.00000 	0.08611 	
0.78969	0         	0.03598 	0.07624 	0.13331 	0.13331 	0.08545 	0.08545 	0.00000 	0.08545 	
0.79069	0         	0.03549 	0.07492 	0.13126 	0.13126 	0.08393 	0.08393 	0.00000 	0.08393 	
0.79169	0         	0.03527 	0.07436 	0.13018 	0.13018 	0.08317 	0.08317 	0.00000 	0.08317 	
0.79268	0         	0.03499 	0.07382 	0.12914 	0.12914 	0.08245 	0.08245 	0.00000 	0.08245 	
0.79368	0         	0.03464 	0.07311 	0.12801 	0.12801 	0.08168 	0.08168 	0.00000 	0.08168 	
0.79468	0         	0.03422 	0.07248 	0.12692 	0.12692 	0.08094 	0.08094 	0.00000 	0.08094 	
0.79568	0         	0.03407 	0.07197 	0.12585 	0.12585 	0.08022 	0.08022 	0.00000 	0.08022 	
0.79668	0         	0.03379 	0.07149 	0.12469 	0.12469 	0.07943 	0.07943 	0.00000 	0.07943 	
0.79768	0         	0.03351 	0.07103 	0.12359 	0.12359 	0.07868 	0.07868 	0.00000 	0.07868 	
0.79867	0         	0.03330 	0.07055 	0.12252 	0.12252 	0.07796 	0.07796 	0.00000 	0.07796 	
0.79967	0         	0.03302 	0.06994 	0.12130 	0.12130 	0.07714 	0.07714 	0.00000 	0.07714 	
0.80067	0         	0.03266 	0.06941 	0.12013 	0.12013 	0.07635 	0.07635 	0.00000 	0.07635 	
0.80167	0         	0.03217 	0.06872 	0.11903 	0.11903 	0.07561 	0.07561 	0.00000 	0.07561 	
0.80267	0         	0.03189 	0.06827 	0.11795 	0.11795 	0.07487 	0.07487 	0.00000 	0.07487 	
0.80367	0         	0.03168 	0.06780 	0.11683 	0.11683 	0.07412 	0.07412 	0.00000 	0.07412 	
0.80466	0         	0.03153 	0.06729 	0.11584 	0.11584 	0.07346 	0.07346 	0.00000 	0.07346 	
0.80566	0         	0.03132 	0.06672 	0.11465 	0.11465 	0.07267 	0.07267 	0.00000 	0.07267 	
0.80666	0         	0.03104 	0.06597 	0.11370 	0.11370 	0.07201 	0.07201 	0.00000 	0.07201 	
0.80766	0         	0.03104 	0.06597 	0.11370 	0.11370 	0.07201 	0.07201 	0.00000 	0.07201 	
0.80866	0         	0.03104 	0.06596 	0.11367 	0.11367 	0.07198 	0.07198 	0.00000 	0.07198 	
0.80966	0         	0.03104 	0.06587 	0.11364 	0.11364 	0.07193 	0.07193 	0.00000 	0.07193 	
0.81065	0         	0.03041 	0.06496 	0.11210 	0.11210 	0.07090 	0.07090 	0.00000 	0.07090 	
0.81165	0         	0.03019 	0.06442 	0.11077 	0.11077 	0.07001 	0.07001 	0.00000 	0.07001 	
0.81265	0         	0.03005 	0.06395 	0.10966 	0.10966 	0.06926 	0.06926 	0.00000 	0.06926 	
0.81365	0         	0.02935 	0.06325 	0.10850 	0.10850 	0.06847 	0.06847 	0.00000 	0.06847 	
0.81465	0         	0.02914 	0.06267 	0.10744 	0.10744 	0.06775 	0.06775 	0.00000 	0.06775 	
0.81565	0         	0.02871 	0.06215 	0.10639 	0.10639 	0.06706 	0.06706 	0.00000 	0.06706 	
0.81664	0         	0.02843 	0.06167 	0.10531 	0.10531 	0.06635 	0.06635 	0.00000 	0.06635 	
0.81764	0         	0.02815 	0.06121 	0.10427 	0.10427 	0.06566 	0.06566 	0.00000 	0.06566 	
0.81864	0         	0.02773 	0.06067 	0.10317 	0.10317 	0.06493 	0.06493 	0.00000 	0.06493 	
0.81964	0         	0.02751 	0.06012 	0.10204 	0.10204 	0.06418 	0.06418 	0.00000 	0.06418 	
0.82064	0         	0.02723 	0.05966 	0.10110 	0.10110 	0.06356 	0.06356 	0.00000 	0.06356 	
0.82164	0         	0.02702 	0.05913 	0.09996 	0.09996 	0.06281 	0.06281 	0.00000 	0.06281 	
0.82263	0         	0.02681 	0.05861 	0.09883 	0.09883 	0.06207 	0.06207 	0.00000 	0.06207 	
0.82363	0         	0.02660 	0.05812 	0.09783 	0.09783 	0.06142 	0.06142 	0.00000 	0.06142 	
0.82463	0         	0.02653 	0.05767 	0.09663 	0.09663 	0.06063 	0.06063 	0.00000 	0.06063 	
0.82563	0         	0.02624 	0.05708 	0.09561 	0.09561 	0.05994 	0.05994 	0.00000 	0.05994 	
0.82663	0         	0.02596 	0.05656 	0.09450 	0.09450 	0.05922 	0.05922 	0.00000 	0.05922 	
0.82763	0         	0.02575 	0.05608 	0.09333 	0.09333 	0.05845 	0.05845 	0.00000 	0.05845 	
0.82862	0         	0.02554 	0.05553 	0.09230 	0.09230 	0.05778 	0.05778 	0.00000 	0.05778 	
0.82962	0         	0.02526 	0.05495 	0.09121 	0.09121 	0.05708 	0.05708 	0.00000 	0.05708 	
0.83062	0         	0.02497 	0.05428 	0.08990 	0.08990 	0.05622 	0.05622 	0.00000 	0.05622 	
0.83162	0         	0.02469 	0.05376 	0.08878 	0.08878 	0.05550 	0.05550 	0.00000 	0.05550 	
0.83262	0         	0.02434 	0.05343 	0.08812 	0.08812 	0.05503 	0.05503 	0.00000 	0.05503 	
0.83362	0         	0.02413 	0.05308 	0.08737 	0.08737 	0.05455 	0.05455 	0.00000 	0.05455 	
0.83461	0         	0.02377 	0.05258 	0.08637 	0.08637 	0.05391 	0.05391 	0.00000 	0.05391 	
0.83561	0         	0.02349 	0.05205 	0.08532 	0.08532 	0.05320 	0.05320 	0.00000 	0.05320 	
0.83661	0         	0.02335 	0.05160 	0.08419 	0.08419 	0.05248 	0.05248 	0.00000 	0.05248 	
0.83761	0         	0.02314 	0.05118 	0.08314 	0.08314 	0.05181 	0.05181 	0.00000 	0.05181 	
0.83861	0         	0.02300 	0.05080 	0.08222 	0.08222 	0.05122 	0.05122 	0.00000 	0.05122 	
0.83961	0         	0.02272 	0.05003 	0.08136 	0.08136 	0.05060 	0.05060 	0.00000 	0.05060 	
0.84060	0         	0.02236 	0.04944 	0.08017 	0.08017 	0.04984 	0.04984 	0.00000 	0.04984 	
0.84160	0         	0.02208 	0.04893 	0.07909 	0.07909 	0.04915 	0.04915 	0.00000 	0.04915 	
0.84260	0         	0.02173 	0.04836 	0.07795 	0.07795 	0.04842 	0.04842 	0.00000 	0.04842 	
0.84360	0         	0.02159 	0.04772 	0.07698 	0.07698 	0.04778 	0.04778 	0.00000 	0.04778 	
0.84460	0         	0.02131 	0.04726 	0.07586 	0.07586 	0.04707 	0.04707 	0.00000 	0.04707 	
0.84560	0         	0.02088 	0.04659 	0.07467 	0.07467 	0.04631 	0.04631 	0.00000 	0.04631 	
0.84659	0         	0.02067 	0.04599 	0.07348 	0.07348 	0.04555 	0.04555 	0.00000 	0.04555 	
0.84759	0         	0.02053 	0.04544 	0.07221 	0.07221 	0.04476 	0.04476 	0.00000 	0.04476 	
0.84859	0         	0.02025 	0.04490 	0.07110 	0.07110 	0.04405 	0.04405 	0.00000 	0.04405 	
0.84959	0         	0.01961 	0.04406 	0.06994 	0.06994 	0.04330 	0.04330 	0.00000 	0.04330 	
0.85059	0         	0.01926 	0.04351 	0.06880 	0.06880 	0.04256 	0.04256 	0.00000 	0.04256 	
0.85158	0         	0.01891 	0.04246 	0.06763 	0.06763 	0.04179 	0.04179 	0.00000 	0.04179 	
0.85258	0         	0.01862 	0.04189 	0.06652 	0.06652 	0.04109 	0.04109 	0.00000 	0.04109 	
0.85358	0         	0.01834 	0.04131 	0.06530 	0.06530 	0.04033 	0.04033 	0.00000 	0.04033 	
0.85458	0         	0.01827 	0.04086 	0.06418 	0.06418 	0.03963 	0.03963 	0.00000 	0.03963 	
0.85558	0         	0.01792 	0.04023 	0.06312 	0.06312 	0.03897 	0.03897 	0.00000 	0.03897 	
0.85658	0         	0.01778 	0.03979 	0.06209 	0.06209 	0.03834 	0.03834 	0.00000 	0.03834 	
0.85757	0         	0.01707 	0.03896 	0.06103 	0.06103 	0.03766 	0.03766 	0.00000 	0.03766 	
0.85857	0         	0.01665 	0.03833 	0.05985 	0.05985 	0.03693 	0.03693 	0.00000 	0.03693 	
0.85957	0         	0.01637 	0.03780 	0.05871 	0.05871 	0.03624 	0.03624 	0.00000 	0.03624 	
0.86057	0         	0.01601 	0.03727 	0.05764 	0.05764 	0.03557 	0.03557 	0.00000 	0.03557 	
0.86157	0         	0.01573 	0.03677 	0.05658 	0.05658 	0.03492 	0.03492 	0.00000 	0.03492 	
0.86257	0         	0.01552 	0.03629 	0.05549 	0.05549 	0.03418 	0.03418 	0.00000 	0.03418 	
0.86356	0         	0.01531 	0.03581 	0.05436 	0.05436 	0.03345 	0.03345 	0.00000 	0.03345 	
0.86456	0         	0.01510 	0.03525 	0.05327 	0.05327 	0.03278 	0.03278 	0.00000 	0.03278 	
0.86556	0         	0.01474 	0.03479 	0.05232 	0.05232 	0.03219 	0.03219 	0.00000 	0.03219 	
0.86656	0         	0.01446 	0.03434 	0.05134 	0.05134 	0.03158 	0.03158 	0.00000 	0.03158 	
0.86756	0         	0.01432 	0.03381 	0.05027 	0.05027 	0.03093 	0.03093 	0.00000 	0.03093 	
0.86856	0         	0.01411 	0.03181 	0.04881 	0.04881 	0.02997 	0.02997 	0.00000 	0.02997 	
0.86955	0         	0.01340 	0.02624 	0.04633 	0.04633 	0.02839 	0.02839 	0.00000 	0.02839 	
0.87055	0         	0.01340 	0.02614 	0.04608 	0.04608 	0.02824 	0.02824 	0.00000 	0.02824 	
0.87155	0         	0.01319 	0.02572 	0.04519 	0.04519 	0.02769 	0.02769 	0.00000 	0.02769 	
0.87255	0         	0.01305 	0.02523 	0.04425 	0.04425 	0.02713 	0.02713 	0.00000 	0.02713 	
0.87355	0         	0.01291 	0.02476 	0.04330 	0.04330 	0.02656 	0.02656 	0.00000 	0.02656 	
0.87455	0         	0.01263 	0.02422 	0.04228 	0.04228 	0.02594 	0.02594 	0.00000 	0.02594 	
0.87554	0         	0.01249 	0.02379 	0.04130 	0.04130 	0.02536 	0.02536 	0.00000 	0.02536 	
0.87654	0         	0.01228 	0.02335 	0.04027 	0.04027 	0.02474 	0.02474 	0.00000 	0.02474 	
0.87754	0         	0.01228 	0.02303 	0.03939 	0.03939 	0.02421 	0.02421 	0.00000 	0.02421 	
0.87854	0         	0.01206 	0.02257 	0.03859 	0.03859 	0.02372 	0.02372 	0.00000 	0.02372 	
0.87954	0         	0.01192 	0.02157 	0.03756 	0.03756 	0.02304 	0.02304 	0.00000 	0.02304 	
0.88054	0         	0.01171 	0.02115 	0.03660 	0.03660 	0.02247 	0.02247 	0.00000 	0.02247 	
0.88153	0         	0.01164 	0.02074 	0.03559 	0.03559 	0.02189 	0.02189 	0.00000 	0.02189 	
0.88253	0         	0.01122 	0.02017 	0.03454 	0.03454 	0.02127 	0.02127 	0.00000 	0.02127 	
0.88353	0         	0.01101 	0.01960 	0.03366 	0.03366 	0.02069 	0.02069 	0.00000 	0.02069 	
0.88453	0         	0.01086 	0.01921 	0.03279 	0.03279 	0.02018 	0.02018 	0.00000 	0.02018 	
0.88553	0         	0.01058 	0.01874 	0.03182 	0.03182 	0.01962 	0.01962 	0.00000 	0.01962 	
0.88653	0         	0.01030 	0.01834 	0.03090 	0.03090 	0.01908 	0.01908 	0.00000 	0.01908 	
0.88752	0         	0.00995 	0.01785 	0.02995 	0.02995 	0.01851 	0.01851 	0.00000 	0.01851 	
0.88852	0         	0.00966 	0.01748 	0.02910 	0.02910 	0.01802 	0.01802 	0.00000 	0.01802 	
0.88952	0         	0.00931 	0.01713 	0.02843 	0.02843 	0.01762 	0.01762 	0.00000 	0.01762 	
0.89052	0         	0.00889 	0.01669 	0.02766 	0.02766 	0.01717 	0.01717 	0.00000 	0.01717 	
0.89152	0         	0.00861 	0.01629 	0.02677 	0.02677 	0.01666 	0.01666 	0.00000 	0.01666 	
0.89252	0         	0.00840 	0.01596 	0.02598 	0.02598 	0.01619 	0.01619 	0.00000 	0.01619 	
0.89351	0         	0.00818 	0.01564 	0.02523 	0.02523 	0.01575 	0.01575 	0.00000 	0.01575 	
0.89451	0         	0.00790 	0.01528 	0.02452 	0.02452 	0.01532 	0.01532 	0.00000 	0.01532 	
0.89551	0         	0.00776 	0.01501 	0.02385 	0.02385 	0.01495 	0.01495 	0.00000 	0.01495 	
0.89651	0         	0.00769 	0.01476 	0.02316 	0.02316 	0.01456 	0.01456 	0.00000 	0.01456 	
0.89751	0         	0.00762 	0.01450 	0.02252 	0.02252 	0.01417 	0.01417 	0.00000 	0.01417 	
0.89851	0         	0.00755 	0.01431 	0.02203 	0.02203 	0.01390 	0.01390 	0.00000 	0.01390 	
0.89950	0         	0.00734 	0.01392 	0.02116 	0.02116 	0.01339 	0.01339 	0.00000 	0.01339 	
0.90050	0         	0.00713 	0.01363 	0.02048 	0.02048 	0.01300 	0.01300 	0.00000 	0.01300 	
0.90150	0         	0.00713 	0.01344 	0.01993 	0.01993 	0.01269 	0.01269 	0.00000 	0.01269 	
0.90250	0         	0.00691 	0.01320 	0.01942 	0.01942 	0.01240 	0.01240 	0.00000 	0.01240 	
0.90350	0         	0.00663 	0.01291 	0.01882 	0.01882 	0.01208 	0.01208 	0.00000 	0.01208 	
0.90450	0         	0.00642 	0.01255 	0.01827 	0.01827 	0.01176 	0.01176 	0.00000 	0.01176 	
0.90549	0         	0.00578 	0.01213 	0.01765 	0.01765 	0.01139 	0.01139 	0.00000 	0.01139 	
0.90649	0         	0.00564 	0.01191 	0.01713 	0.01713 	0.01107 	0.01107 	0.00000 	0.01107 	
0.90749	0         	0.00550 	0.01166 	0.01668 	0.01668 	0.01083 	0.01083 	0.00000 	0.01083 	
0.90849	0         	0.00536 	0.01125 	0.01613 	0.01613 	0.01052 	0.01052 	0.00000 	0.01052 	
0.90949	0         	0.00522 	0.01075 	0.01564 	0.01564 	0.01022 	0.01022 	0.00000 	0.01022 	
0.91049	0         	0.00501 	0.01052 	0.01515 	0.01515 	0.00995 	0.00995 	0.00000 	0.00995 	
0.91148	0         	0.00494 	0.01033 	0.01466 	0.01466 	0.00969 	0.00969 	0.00000 	0.00969 	
0.91248	0         	0.00480 	0.01007 	0.01418 	0.01418 	0.00942 	0.00942 	0.00000 	0.00942 	
0.91348	0         	0.00473 	0.00988 	0.01377 	0.01377 	0.00921 	0.00921 	0.00000 	0.00921 	
0.91448	0         	0.00452 	0.00939 	0.01315 	0.01315 	0.00885 	0.00885 	0.00000 	0.00885 	
0.91548	0         	0.00452 	0.00930 	0.01286 	0.01286 	0.00870 	0.00870 	0.00000 	0.00870 	
0.91648	0         	0.00430 	0.00900 	0.01234 	0.01234 	0.00839 	0.00839 	0.00000 	0.00839 	
0.91747	0         	0.00423 	0.00880 	0.01180 	0.01180 	0.00799 	0.00799 	0.00000 	0.00799 	
0.91847	0         	0.00423 	0.00865 	0.01135 	0.01135 	0.00775 	0.00775 	0.00000 	0.00775 	
0.91947	0         	0.00409 	0.00847 	0.01103 	0.01103 	0.00754 	0.00754 	0.00000 	0.00754 	
0.92047	0         	0.00409 	0.00837 	0.01080 	0.01080 	0.00742 	0.00742 	0.00000 	0.00742 	
0.92147	0         	0.00395 	0.00819 	0.01056 	0.01056 	0.00730 	0.00730 	0.00000 	0.00730 	
0.92247	0         	0.00374 	0.00798 	0.01030 	0.01030 	0.00714 	0.00714 	0.00000 	0.00714 	
0.92346	0         	0.00353 	0.00754 	0.00944 	0.00966 	0.00657 	0.00657 	0.00000 	0.00657 	
0.92446	0         	0.00296 	0.00712 	0.00881 	0.00958 	0.00609 	0.00609 	0.00000 	0.00609 	
0.92546	0         	0.00296 	0.00634 	0.00827 	0.00827 	0.00570 	0.00570 	0.00000 	0.00570 	
0.92646	0         	0.00289 	0.00624 	0.00807 	0.00807 	0.00557 	0.00557 	0.00000 	0.00557 	
0.92746	0         	0.00289 	0.00606 	0.00782 	0.00782 	0.00545 	0.00545 	0.00000 	0.00545 	
0.92846	0         	0.00289 	0.00594 	0.00763 	0.00763 	0.00535 	0.00535 	0.00000 	0.00535 	
0.92945	0         	0.00282 	0.00576 	0.00738 	0.00738 	0.00518 	0.00518 	0.00000 	0.00518 	
0.93045	0         	0.00282 	0.00563 	0.00723 	0.00723 	0.00511 	0.00511 	0.00000 	0.00511 	
0.93145	0         	0.00282 	0.00521 	0.00685 	0.00685 	0.00488 	0.00488 	0.00000 	0.00488 	
0.93245	0         	0.00282 	0.00490 	0.00655 	0.00655 	0.00472 	0.00472 	0.00000 	0.00472 	
0.93345	0         	0.00282 	0.00468 	0.00618 	0.00618 	0.00451 	0.00451 	0.00000 	0.00451 	
0.93445	0         	0.00282 	0.00451 	0.00598 	0.00598 	0.00441 	0.00441 	0.00000 	0.00441 	
0.93544	0         	0.00275 	0.00423 	0.00570 	0.00570 	0.00425 	0.00425 	0.00000 	0.00425 	
0.93644	0         	0.00275 	0.00401 	0.00549 	0.00549 	0.00414 	0.00414 	0.00000 	0.00414 	
0.93744	0         	0.00275 	0.00389 	0.00539 	0.00539 	0.00408 	0.00408 	0.00000 	0.00408 	
0.93844	0         	0.00275 	0.00388 	0.00536 	0.00536 	0.00406 	0.00406 	0.00000 	0.00406 	
0.93944	0         	0.00261 	0.00379 	0.00531 	0.00531 	0.00403 	0.00403 	0.00000 	0.00403 	
0.94044	0         	0.00261 	0.00379 	0.00530 	0.00530 	0.00402 	0.00402 	0.00000 	0.00402 	
0.94143	0         	0.00261 	0.00376 	0.00522 	0.00522 	0.00396 	0.00396 	0.00000 	0.00396 	
0.94243	0         	0.00261 	0.00357 	0.00510 	0.00510 	0.00387 	0.00387 	0.00000 	0.00387 	
0.94343	0         	0.00254 	0.00353 	0.00506 	0.00506 	0.00384 	0.00384 	0.00000 	0.00384 	
0.94443	0         	0.00247 	0.00347 	0.00497 	0.00497 	0.00377 	0.00377 	0.00000 	0.00377 	
0.94543	0         	0.00247 	0.00347 	0.00497 	0.00497 	0.00377 	0.00377 	0.00000 	0.00377 	
0.94643	0         	0.00247 	0.00344 	0.00494 	0.00494 	0.00375 	0.00375 	0.00000 	0.00375 	
0.94742	0         	0.00247 	0.00343 	0.00492 	0.00492 	0.00374 	0.00374 	0.00000 	0.00374 	
0.94842	0         	0.00247 	0.00341 	0.00487 	0.00487 	0.00370 	0.00370 	0.00000 	0.00370 	
0.94942	0         	0.00247 	0.00341 	0.00485 	0.00485 	0.00369 	0.00369 	0.00000 	0.00369 	
0.95042	0         	0.00247 	0.00339 	0.00479 	0.00479 	0.00365 	0.00365 	0.00000 	0.00365 	
0.95142	0         	0.00247 	0.00338 	0.00478 	0.00478 	0.00363 	0.00363 	0.00000 	0.00363 	
0.95242	0         	0.00247 	0.00335 	0.00476 	0.00476 	0.00362 	0.00362 	0.00000 	0.00362 	
0.95341	0         	0.00247 	0.00333 	0.00469 	0.00469 	0.00357 	0.00357 	0.00000 	0.00357 	
0.95441	0         	0.00247 	0.00333 	0.00469 	0.00469 	0.00357 	0.00357 	0.00000 	0.00357 	
0.95541	0         	0.00247 	0.00325 	0.00446 	0.00446 	0.00342 	0.00342 	0.00000 	0.00342 	
0.95641	0         	0.00228 	0.00300 	0.00426 	0.00426 	0.00328 	0.00328 	0.00000 	0.00328 	
0.95741	0         	0.00228 	0.00300 	0.00426 	0.00426 	0.00328 	0.00328 	0.00000 	0.00328 	
0.95841	0         	0.00228 	0.00296 	0.00422 	0.00422 	0.00324 	0.00324 	0.00000 	0.00324 	
0.95940	0         	0.00228 	0.00295 	0.00418 	0.00418 	0.00322 	0.00322 	0.00000 	0.00322 	
0.96040	0         	0.00228 	0.00293 	0.00410 	0.00410 	0.00316 	0.00316 	0.00000 	0.00316 	
0.96140	0         	0.00228 	0.00291 	0.00405 	0.00405 	0.00313 	0.00313 	0.00000 	0.00313 	
0.96240	0         	0.00228 	0.00291 	0.00405 	0.00405 	0.00313 	0.00313 	0.00000 	0.00313 	
0.96340	0         	0.00204 	0.00275 	0.00388 	0.00388 	0.00302 	0.00302 	0.00000 	0.00302 	
0.96440	0         	0.00204 	0.00275 	0.00387 	0.00387 	0.00301 	0.00301 	0.00000 	0.00301 	
0.96539	0         	0.00204 	0.00268 	0.00382 	0.00382 	0.00298 	0.00298 	0.00000 	0.00298 	
0.96639	0         	0.00196 	0.00259 	0.00368 	0.00368 	0.00288 	0.00288 	0.00000 	0.00288 	
0.96739	0         	0.00196 	0.00259 	0.00368 	0.00368 	0.00288 	0.00288 	0.00000 	0.00288 	
0.96839	0         	0.00141 	0.00223 	0.00330 	0.00330 	0.00264 	0.00264 	0.00000 	0.00264 	
0.96939	0         	0.00141 	0.00221 	0.00325 	0.00325 	0.00261 	0.00261 	0.00000 	0.00261 	
0.97039	0         	0.00141 	0.00219 	0.00320 	0.00320 	0.00257 	0.00257 	0.00000 	0.00257 	
0.97138	0         	0.00141 	0.00217 	0.00312 	0.00312 	0.00253 	0.00253 	0.00000 	0.00253 	
0.97238	0         	0.00110 	0.00203 	0.00301 	0.00301 	0.00246 	0.00246 	0.00000 	0.00246 	
0.97338	0         	0.00110 	0.00202 	0.00299 	0.00299 	0.00245 	0.00245 	0.00000 	0.00245 	
0.97438	0         	0.00110 	0.00202 	0.00298 	0.00298 	0.00243 	0.00243 	0.00000 	0.00243 	
0.97538	0         	0.00110 	0.00202 	0.00298 	0.00298 	0.00243 	0.00243 	0.00000 	0.00243 	
0.97638	0         	0.00110 	0.00202 	0.00298 	0.00298 	0.00243 	0.00243 	0.00000 	0.00243 	
0.97737	0         	0.00110 	0.00202 	0.00298 	0.00298 	0.00243 	0.00243 	0.00000 	0.00243 	
0.97837	0         	0.00110 	0.00199 	0.00296 	0.00296 	0.00242 	0.00242 	0.00000 	0.00242 	
0.97937	0         	0.00110 	0.00195 	0.00286 	0.00286 	0.00236 	0.00236 	0.00000 	0.00236 	
0.98037	0         	0.00110 	0.00194 	0.00282 	0.00282 	0.00233 	0.00233 	0.00000 	0.00233 	
0.98137	0         	0.00110 	0.00193 	0.00280 	0.00280 	0.00232 	0.00232 	0.00000 	0.00232 	
0.98237	0         	0.00102 	0.00190 	0.00278 	0.00278 	0.00231 	0.00231 	0.00000 	0.00231 	
0.98336	0         	0.00102 	0.00189 	0.00275 	0.00275 	0.00230 	0.00230 	0.00000 	0.00230 	
0.98436	0         	0.00102 	0.00189 	0.00273 	0.00273 	0.00228 	0.00228 	0.00000 	0.00228 	
0.98536	0         	0.00102 	0.00187 	0.00269 	0.00269 	0.00226 	0.00226 	0.00000 	0.00226 	
0.98636	0         	0.00102 	0.00185 	0.00262 	0.00262 	0.00221 	0.00221 	0.00000 	0.00221 	
0.98736	0         	0.00102 	0.00184 	0.00259 	0.00259 	0.00220 	0.00220 	0.00000 	0.00220 	
0.98836	0         	0.00102 	0.00180 	0.00255 	0.00255 	0.00215 	0.00215 	0.00000 	0.00215 	
0.98935	0         	0.00102 	0.00168 	0.00233 	0.00233 	0.00194 	0.00194 	0.00000 	0.00194 	
0.99035	0         	0.00094 	0.00148 	0.00209 	0.00209 	0.00171 	0.00171 	0.00000 	0.00171 	
0.99135	0         	0.00063 	0.00123 	0.00186 	0.00186 	0.00150 	0.00150 	0.00000 	0.00150 	
0.99235	0         	0.00047 	0.00094 	0.00157 	0.00157 	0.00125 	0.00125 	0.00000 	0.00125 	
0.99335	0         	0.00047 	0.00076 	0.00125 	0.00125 	0.00098 	0.00098 	0.00000 	0.00098 	
0.99435	0         	0.00024 	0.00049 	0.00090 	0.00090 	0.00073 	0.00073 	0.00000 	0.00073 	
0.99534	0         	0.00024 	0.00048 	0.00084 	0.00084 	0.00070 	0.00070 	0.00000 	0.00070 	
0.99634	0         	0.00024 	0.00048 	0.00084 	0.00084 	0.00070 	0.00070 	0.00000 	0.00070 	
0.99734	0         	0.00024 	0.00038 	0.00062 	0.00062 	0.00052 	0.00052 	0.00000 	0.00052 	
0.99834	0         	0.00008 	0.00018 	0.00032 	0.00032 	0.00025 	0.00025 	0.00000 	0.00025 	
0.99934	0         	0.00000 	0.00001 	0.00002 	0.00002 	0.00000 	0.00000 	0.00000 	0.00000 	
1.00000	0         	0.00000 	0.00001 	0.00002 	0.00002 	0.00000 	0.00000 	0.00000 	0.00000 	
