F-lost	   TF_cost	min-1	mean-1	max-1	w-mean-1	ext2-1	min-2	mean-2	max-2	w-mean-2	ext2-2	
0.0000	2.033e+005	0.9999	1.0000	1.0000	0.0000	0.0000	1.0000	1.0000	1.0000	0.0000	0.0000	
0.0010	2.031e+005	0.9913	0.9959	1.0000	0.0000	0.0000	1.0000	1.0000	1.0000	0.0000	0.0000	
0.0020	2.0289e+005	0.9764	0.9911	1.0000	0.0000	0.0000	1.0000	1.0000	1.0000	0.0000	0.0000	
0.0030	2.0269e+005	0.9605	0.9866	0.9999	0.0000	0.0000	0.9999	0.9999	0.9999	0.0000	0.0000	
0.0040	2.0249e+005	0.9446	0.9819	0.9998	0.0000	0.0000	0.9998	0.9998	0.9998	0.0000	0.0000	
0.0050	2.0228e+005	0.9286	0.9770	0.9996	0.0000	0.0000	0.9996	0.9996	0.9996	0.0000	0.0000	
0.0060	2.0208e+005	0.9127	0.9718	0.9994	0.0000	0.0000	0.9994	0.9994	0.9994	0.0000	0.0000	
0.0070	2.0188e+005	0.8967	0.9669	0.9992	0.0000	0.0000	0.9992	0.9992	0.9992	0.0000	0.0000	
0.0080	2.0168e+005	0.8808	0.9618	0.9989	0.0000	0.0000	0.9989	0.9989	0.9989	0.0000	0.0000	
0.0090	2.0147e+005	0.8649	0.9569	0.9986	0.0000	0.0000	0.9986	0.9986	0.9986	0.0000	0.0000	
0.0100	2.0127e+005	0.8489	0.9521	0.9983	0.0000	0.0000	0.9983	0.9983	0.9983	0.0000	0.0000	
0.0110	2.0107e+005	0.8330	0.9471	0.9979	0.0000	0.0000	0.9979	0.9979	0.9979	0.0000	0.0000	
0.0120	2.0086e+005	0.8171	0.9421	0.9975	0.0000	0.0000	0.9975	0.9975	0.9975	0.0000	0.0000	
0.0130	2.0066e+005	0.8011	0.9374	0.9970	0.0000	0.0000	0.9970	0.9970	0.9970	0.0000	0.0000	
0.0140	2.0046e+005	0.7852	0.9325	0.9967	0.0000	0.0000	0.9967	0.9967	0.9967	0.0000	0.0000	
0.0150	2.0025e+005	0.7692	0.9278	0.9963	0.0000	0.0000	0.9963	0.9963	0.9963	0.0000	0.0000	
0.0160	2.0005e+005	0.7533	0.9231	0.9958	0.0000	0.0000	0.9958	0.9958	0.9958	0.0000	0.0000	
0.0170	1.9985e+005	0.7374	0.9183	0.9953	0.0000	0.0000	0.9953	0.9953	0.9953	0.0000	0.0000	
0.0180	1.9964e+005	0.7214	0.9135	0.9947	0.0000	0.0000	0.9947	0.9947	0.9947	0.0000	0.0000	
0.0190	1.9944e+005	0.7055	0.9085	0.9941	0.0000	0.0000	0.9941	0.9941	0.9941	0.0000	0.0000	
0.0200	1.9924e+005	0.6895	0.9039	0.9934	0.0000	0.0000	0.9934	0.9934	0.9934	0.0000	0.0000	
0.0210	1.9904e+005	0.6736	0.8990	0.9927	0.0000	0.0000	0.9927	0.9927	0.9927	0.0000	0.0000	
0.0220	1.9883e+005	0.6577	0.8943	0.9918	0.0000	0.0000	0.9918	0.9918	0.9918	0.0000	0.0000	
0.0230	1.9863e+005	0.6417	0.8896	0.9908	0.0000	0.0000	0.9908	0.9908	0.9908	0.0000	0.0000	
0.0240	1.9843e+005	0.6258	0.8848	0.9896	0.0000	0.0000	0.9896	0.9896	0.9896	0.0000	0.0000	
0.0250	1.9822e+005	0.6098	0.8797	0.9880	0.0000	0.0000	0.9880	0.9880	0.9880	0.0000	0.0000	
0.0260	1.9802e+005	0.5939	0.8748	0.9862	0.0000	0.0000	0.9862	0.9862	0.9862	0.0000	0.0000	
0.0270	1.9782e+005	0.5780	0.8697	0.9843	0.0000	0.0000	0.9843	0.9843	0.9843	0.0000	0.0000	
0.0280	1.9762e+005	0.5671	0.8650	0.9827	0.0000	0.0000	0.9827	0.9827	0.9827	0.0000	0.0000	
0.0290	1.9741e+005	0.5670	0.8614	0.9827	0.0000	0.0000	0.9827	0.9827	0.9827	0.0000	0.0000	
0.0300	1.9721e+005	0.5652	0.8577	0.9826	0.0000	0.0000	0.9826	0.9826	0.9826	0.0000	0.0000	
0.0310	1.9701e+005	0.5616	0.8535	0.9825	0.0000	0.0000	0.9825	0.9825	0.9825	0.0000	0.0000	
0.0320	1.968e+005	0.5487	0.8487	0.9824	0.0000	0.0000	0.9824	0.9824	0.9824	0.0000	0.0000	
0.0330	1.966e+005	0.5440	0.8444	0.9821	0.0000	0.0000	0.9821	0.9821	0.9821	0.0000	0.0000	
0.0340	1.964e+005	0.5393	0.8404	0.9817	0.0000	0.0000	0.9817	0.9817	0.9817	0.0000	0.0000	
0.0350	1.9619e+005	0.5393	0.8365	0.9807	0.0000	0.0000	0.9807	0.9807	0.9807	0.0000	0.0000	
0.0360	1.9599e+005	0.5393	0.8353	0.9802	0.0000	0.0000	0.9802	0.9802	0.9802	0.0000	0.0000	
0.0370	1.9579e+005	0.5393	0.8349	0.9802	0.0000	0.0000	0.9802	0.9802	0.9802	0.0000	0.0000	
0.0380	1.9558e+005	0.5351	0.8334	0.9800	0.0000	0.0000	0.9800	0.9800	0.9800	0.0000	0.0000	
0.0390	1.9538e+005	0.5349	0.8329	0.9800	0.0000	0.0000	0.9800	0.9800	0.9800	0.0000	0.0000	
0.0400	1.9518e+005	0.5348	0.8324	0.9800	0.0000	0.0000	0.9800	0.9800	0.9800	0.0000	0.0000	
0.0409	1.9498e+005	0.5348	0.8321	0.9800	0.0000	0.0000	0.9800	0.9800	0.9800	0.0000	0.0000	
0.0419	1.9477e+005	0.5348	0.8318	0.9800	0.0000	0.0000	0.9800	0.9800	0.9800	0.0000	0.0000	
0.0429	1.9457e+005	0.5348	0.8314	0.9799	0.0000	0.0000	0.9799	0.9799	0.9799	0.0000	0.0000	
0.0439	1.9437e+005	0.5347	0.8311	0.9799	0.0000	0.0000	0.9799	0.9799	0.9799	0.0000	0.0000	
0.0449	1.9416e+005	0.5347	0.8307	0.9799	0.0000	0.0000	0.9799	0.9799	0.9799	0.0000	0.0000	
0.0459	1.9396e+005	0.5342	0.8301	0.9799	0.0000	0.0000	0.9799	0.9799	0.9799	0.0000	0.0000	
0.0469	1.9376e+005	0.5342	0.8297	0.9799	0.0000	0.0000	0.9799	0.9799	0.9799	0.0000	0.0000	
0.0479	1.9356e+005	0.5342	0.8294	0.9799	0.0000	0.0000	0.9799	0.9799	0.9799	0.0000	0.0000	
0.0489	1.9335e+005	0.5342	0.8290	0.9798	0.0000	0.0000	0.9798	0.9798	0.9798	0.0000	0.0000	
0.0499	1.9315e+005	0.5328	0.8282	0.9798	0.0000	0.0000	0.9798	0.9798	0.9798	0.0000	0.0000	
0.0509	1.9295e+005	0.5326	0.8277	0.9798	0.0000	0.0000	0.9798	0.9798	0.9798	0.0000	0.0000	
0.0519	1.9274e+005	0.5326	0.8274	0.9797	0.0000	0.0000	0.9797	0.9797	0.9797	0.0000	0.0000	
0.0529	1.9254e+005	0.5325	0.8271	0.9797	0.0000	0.0000	0.9797	0.9797	0.9797	0.0000	0.0000	
0.0539	1.9234e+005	0.5323	0.8266	0.9796	0.0000	0.0000	0.9796	0.9796	0.9796	0.0000	0.0000	
0.0549	1.9213e+005	0.5322	0.8262	0.9796	0.0000	0.0000	0.9796	0.9796	0.9796	0.0000	0.0000	
0.0559	1.9193e+005	0.5322	0.8259	0.9795	0.0000	0.0000	0.9795	0.9795	0.9795	0.0000	0.0000	
0.0569	1.9173e+005	0.5321	0.8255	0.9795	0.0000	0.0000	0.9795	0.9795	0.9795	0.0000	0.0000	
0.0579	1.9152e+005	0.5319	0.8250	0.9794	0.0000	0.0000	0.9794	0.9794	0.9794	0.0000	0.0000	
0.0589	1.9132e+005	0.5318	0.8244	0.9793	0.0000	0.0000	0.9793	0.9793	0.9793	0.0000	0.0000	
0.0599	1.9112e+005	0.5318	0.8240	0.9793	0.0000	0.0000	0.9793	0.9793	0.9793	0.0000	0.0000	
0.0609	1.9092e+005	0.5311	0.8233	0.9792	0.0000	0.0000	0.9792	0.9792	0.9792	0.0000	0.0000	
0.0619	1.9071e+005	0.5311	0.8230	0.9791	0.0000	0.0000	0.9791	0.9791	0.9791	0.0000	0.0000	
0.0629	1.9051e+005	0.5309	0.8226	0.9790	0.0000	0.0000	0.9790	0.9790	0.9790	0.0000	0.0000	
0.0639	1.9031e+005	0.5299	0.8219	0.9790	0.0000	0.0000	0.9790	0.9790	0.9790	0.0000	0.0000	
0.0649	1.901e+005	0.5290	0.8211	0.9789	0.0000	0.0000	0.9789	0.9789	0.9789	0.0000	0.0000	
0.0659	1.899e+005	0.5288	0.8207	0.9788	0.0000	0.0000	0.9788	0.9788	0.9788	0.0000	0.0000	
0.0669	1.897e+005	0.5287	0.8203	0.9787	0.0000	0.0000	0.9787	0.9787	0.9787	0.0000	0.0000	
0.0679	1.895e+005	0.5285	0.8198	0.9786	0.0000	0.0000	0.9786	0.9786	0.9786	0.0000	0.0000	
0.0689	1.8929e+005	0.5283	0.8193	0.9785	0.0000	0.0000	0.9785	0.9785	0.9785	0.0000	0.0000	
0.0699	1.8909e+005	0.5276	0.8186	0.9784	0.0000	0.0000	0.9784	0.9784	0.9784	0.0000	0.0000	
0.0709	1.8889e+005	0.5276	0.8182	0.9784	0.0000	0.0000	0.9784	0.9784	0.9784	0.0000	0.0000	
0.0719	1.8868e+005	0.5276	0.8178	0.9783	0.0000	0.0000	0.9783	0.9783	0.9783	0.0000	0.0000	
0.0729	1.8848e+005	0.5269	0.8171	0.9782	0.0000	0.0000	0.9782	0.9782	0.9782	0.0000	0.0000	
0.0739	1.8828e+005	0.5268	0.8167	0.9781	0.0000	0.0000	0.9781	0.9781	0.9781	0.0000	0.0000	
0.0749	1.8807e+005	0.5267	0.8162	0.9779	0.0000	0.0000	0.9779	0.9779	0.9779	0.0000	0.0000	
0.0759	1.8787e+005	0.5264	0.8158	0.9778	0.0000	0.0000	0.9778	0.9778	0.9778	0.0000	0.0000	
0.0769	1.8767e+005	0.5263	0.8155	0.9777	0.0000	0.0000	0.9777	0.9777	0.9777	0.0000	0.0000	
0.0779	1.8746e+005	0.5144	0.8121	0.9776	0.0000	0.0000	0.9776	0.9776	0.9776	0.0000	0.0000	
0.0789	1.8726e+005	0.5144	0.8118	0.9775	0.0000	0.0000	0.9775	0.9775	0.9775	0.0000	0.0000	
0.0799	1.8706e+005	0.5141	0.8113	0.9774	0.0000	0.0000	0.9774	0.9774	0.9774	0.0000	0.0000	
0.0809	1.8686e+005	0.5140	0.8108	0.9773	0.0000	0.0000	0.9773	0.9773	0.9773	0.0000	0.0000	
0.0819	1.8665e+005	0.5135	0.8104	0.9771	0.0000	0.0000	0.9771	0.9771	0.9771	0.0000	0.0000	
0.0829	1.8645e+005	0.5135	0.8098	0.9770	0.0000	0.0000	0.9770	0.9770	0.9770	0.0000	0.0000	
0.0839	1.8625e+005	0.5135	0.8095	0.9769	0.0000	0.0000	0.9769	0.9769	0.9769	0.0000	0.0000	
0.0849	1.8604e+005	0.5131	0.8089	0.9767	0.0000	0.0000	0.9767	0.9767	0.9767	0.0000	0.0000	
0.0859	1.8584e+005	0.5131	0.8084	0.9765	0.0000	0.0000	0.9765	0.9765	0.9765	0.0000	0.0000	
0.0869	1.8564e+005	0.5131	0.8080	0.9764	0.0000	0.0000	0.9764	0.9764	0.9764	0.0000	0.0000	
0.0879	1.8544e+005	0.5105	0.8066	0.9762	0.0000	0.0000	0.9762	0.9762	0.9762	0.0000	0.0000	
0.0889	1.8523e+005	0.5105	0.8059	0.9760	0.0000	0.0000	0.9760	0.9760	0.9760	0.0000	0.0000	
0.0899	1.8503e+005	0.5105	0.8054	0.9759	0.0000	0.0000	0.9759	0.9759	0.9759	0.0000	0.0000	
0.0909	1.8483e+005	0.5105	0.8050	0.9757	0.0000	0.0000	0.9757	0.9757	0.9757	0.0000	0.0000	
0.0919	1.8462e+005	0.5104	0.8046	0.9755	0.0000	0.0000	0.9755	0.9755	0.9755	0.0000	0.0000	
0.0929	1.8442e+005	0.5104	0.8041	0.9753	0.0000	0.0000	0.9753	0.9753	0.9753	0.0000	0.0000	
0.0939	1.8422e+005	0.5104	0.8038	0.9751	0.0000	0.0000	0.9751	0.9751	0.9751	0.0000	0.0000	
0.0949	1.8401e+005	0.5104	0.8033	0.9749	0.0000	0.0000	0.9749	0.9749	0.9749	0.0000	0.0000	
0.0959	1.8381e+005	0.5099	0.8028	0.9747	0.0000	0.0000	0.9747	0.9747	0.9747	0.0000	0.0000	
0.0969	1.8361e+005	0.5097	0.8020	0.9745	0.0000	0.0000	0.9745	0.9745	0.9745	0.0000	0.0000	
0.0979	1.834e+005	0.5097	0.8016	0.9743	0.0000	0.0000	0.9743	0.9743	0.9743	0.0000	0.0000	
0.0989	1.832e+005	0.5097	0.8009	0.9740	0.0000	0.0000	0.9740	0.9740	0.9740	0.0000	0.0000	
0.0999	1.83e+005 	0.5096	0.8002	0.9738	0.0000	0.0000	0.9738	0.9738	0.9738	0.0000	0.0000	
0.1009	1.828e+005	0.5096	0.7997	0.9736	0.0000	0.0000	0.9736	0.9736	0.9736	0.0000	0.0000	
0.1019	1.8259e+005	0.5070	0.7985	0.9733	0.0000	0.0000	0.9733	0.9733	0.9733	0.0000	0.0000	
0.1029	1.8239e+005	0.5067	0.7980	0.9731	0.0000	0.0000	0.9731	0.9731	0.9731	0.0000	0.0000	
0.1039	1.8219e+005	0.5066	0.7974	0.9728	0.0000	0.0000	0.9728	0.9728	0.9728	0.0000	0.0000	
0.1049	1.8198e+005	0.5066	0.7970	0.9726	0.0000	0.0000	0.9726	0.9726	0.9726	0.0000	0.0000	
0.1059	1.8178e+005	0.5064	0.7965	0.9723	0.0000	0.0000	0.9723	0.9723	0.9723	0.0000	0.0000	
0.1069	1.8158e+005	0.5064	0.7961	0.9721	0.0000	0.0000	0.9721	0.9721	0.9721	0.0000	0.0000	
0.1078	1.8138e+005	0.5064	0.7957	0.9718	0.0000	0.0000	0.9718	0.9718	0.9718	0.0000	0.0000	
0.1088	1.8117e+005	0.5064	0.7953	0.9716	0.0000	0.0000	0.9716	0.9716	0.9716	0.0000	0.0000	
0.1098	1.8097e+005	0.5011	0.7933	0.9713	0.0000	0.0000	0.9713	0.9713	0.9713	0.0000	0.0000	
0.1108	1.8077e+005	0.5011	0.7929	0.9710	0.0000	0.0000	0.9710	0.9710	0.9710	0.0000	0.0000	
0.1118	1.8056e+005	0.4989	0.7918	0.9707	0.0000	0.0000	0.9707	0.9707	0.9707	0.0000	0.0000	
0.1128	1.8036e+005	0.4934	0.7898	0.9704	0.0000	0.0000	0.9704	0.9704	0.9704	0.0000	0.0000	
0.1138	1.8016e+005	0.4934	0.7894	0.9701	0.0000	0.0000	0.9701	0.9701	0.9701	0.0000	0.0000	
0.1148	1.7995e+005	0.4934	0.7889	0.9699	0.0000	0.0000	0.9699	0.9699	0.9699	0.0000	0.0000	
0.1158	1.7975e+005	0.4934	0.7885	0.9696	0.0000	0.0000	0.9696	0.9696	0.9696	0.0000	0.0000	
0.1168	1.7955e+005	0.4934	0.7880	0.9693	0.0000	0.0000	0.9693	0.9693	0.9693	0.0000	0.0000	
0.1178	1.7934e+005	0.4934	0.7876	0.9690	0.0000	0.0000	0.9690	0.9690	0.9690	0.0000	0.0000	
0.1188	1.7914e+005	0.4811	0.7840	0.9689	0.0000	0.0000	0.9689	0.9689	0.9689	0.0000	0.0000	
0.1198	1.7894e+005	0.4651	0.7797	0.9689	0.0000	0.0000	0.9689	0.9689	0.9689	0.0000	0.0000	
0.1208	1.7874e+005	0.4492	0.7753	0.9688	0.0000	0.0000	0.9688	0.9688	0.9688	0.0000	0.0000	
0.1218	1.7853e+005	0.4333	0.7709	0.9686	0.0000	0.0000	0.9686	0.9686	0.9686	0.0000	0.0000	
0.1228	1.7833e+005	0.4300	0.7697	0.9685	0.0000	0.0000	0.9685	0.9685	0.9685	0.0000	0.0000	
0.1238	1.7813e+005	0.4299	0.7691	0.9683	0.0000	0.0000	0.9683	0.9683	0.9683	0.0000	0.0000	
0.1248	1.7792e+005	0.4298	0.7687	0.9680	0.0000	0.0000	0.9680	0.9680	0.9680	0.0000	0.0000	
0.1258	1.7772e+005	0.4298	0.7682	0.9677	0.0000	0.0000	0.9677	0.9677	0.9677	0.0000	0.0000	
0.1268	1.7752e+005	0.4298	0.7676	0.9674	0.0000	0.0000	0.9674	0.9674	0.9674	0.0000	0.0000	
0.1278	1.7732e+005	0.4298	0.7672	0.9671	0.0000	0.0000	0.9671	0.9671	0.9671	0.0000	0.0000	
0.1288	1.7711e+005	0.4298	0.7668	0.9667	0.0000	0.0000	0.9667	0.9667	0.9667	0.0000	0.0000	
0.1298	1.7691e+005	0.4297	0.7662	0.9664	0.0000	0.0000	0.9664	0.9664	0.9664	0.0000	0.0000	
0.1308	1.7671e+005	0.4296	0.7656	0.9661	0.0000	0.0000	0.9661	0.9661	0.9661	0.0000	0.0000	
0.1318	1.765e+005	0.4293	0.7650	0.9658	0.0000	0.0000	0.9658	0.9658	0.9658	0.0000	0.0000	
0.1328	1.763e+005	0.4280	0.7636	0.9654	0.0000	0.0000	0.9654	0.9654	0.9654	0.0000	0.0000	
0.1338	1.761e+005	0.4280	0.7631	0.9651	0.0000	0.0000	0.9651	0.9651	0.9651	0.0000	0.0000	
0.1348	1.7589e+005	0.4273	0.7621	0.9648	0.0000	0.0000	0.9648	0.9648	0.9648	0.0000	0.0000	
0.1358	1.7569e+005	0.4273	0.7617	0.9644	0.0000	0.0000	0.9644	0.9644	0.9644	0.0000	0.0000	
0.1368	1.7549e+005	0.4269	0.7609	0.9641	0.0000	0.0000	0.9641	0.9641	0.9641	0.0000	0.0000	
0.1378	1.7528e+005	0.4269	0.7605	0.9637	0.0000	0.0000	0.9637	0.9637	0.9637	0.0000	0.0000	
0.1388	1.7508e+005	0.4267	0.7598	0.9634	0.0000	0.0000	0.9634	0.9634	0.9634	0.0000	0.0000	
0.1398	1.7488e+005	0.4267	0.7593	0.9630	0.0000	0.0000	0.9630	0.9630	0.9630	0.0000	0.0000	
0.1408	1.7468e+005	0.4267	0.7587	0.9627	0.0000	0.0000	0.9627	0.9627	0.9627	0.0000	0.0000	
0.1418	1.7447e+005	0.4267	0.7583	0.9623	0.0000	0.0000	0.9623	0.9623	0.9623	0.0000	0.0000	
0.1428	1.7427e+005	0.4267	0.7579	0.9622	0.0000	0.0000	0.9622	0.9622	0.9622	0.0000	0.0000	
0.1438	1.7407e+005	0.4267	0.7573	0.9620	0.0000	0.0000	0.9620	0.9620	0.9620	0.0000	0.0000	
0.1448	1.7386e+005	0.4267	0.7569	0.9618	0.0000	0.0000	0.9618	0.9618	0.9618	0.0000	0.0000	
0.1458	1.7366e+005	0.4267	0.7558	0.9615	0.0000	0.0000	0.9615	0.9615	0.9615	0.0000	0.0000	
0.1468	1.7346e+005	0.4253	0.7549	0.9611	0.0000	0.0000	0.9611	0.9611	0.9611	0.0000	0.0000	
0.1478	1.7326e+005	0.4253	0.7544	0.9607	0.0000	0.0000	0.9607	0.9607	0.9607	0.0000	0.0000	
0.1488	1.7305e+005	0.4253	0.7539	0.9604	0.0000	0.0000	0.9604	0.9604	0.9604	0.0000	0.0000	
0.1498	1.7285e+005	0.4253	0.7534	0.9600	0.0000	0.0000	0.9600	0.9600	0.9600	0.0000	0.0000	
0.1508	1.7265e+005	0.4253	0.7529	0.9596	0.0000	0.0000	0.9596	0.9596	0.9596	0.0000	0.0000	
0.1518	1.7244e+005	0.4183	0.7505	0.9592	0.0000	0.0000	0.9592	0.9592	0.9592	0.0000	0.0000	
0.1528	1.7224e+005	0.4183	0.7498	0.9588	0.0000	0.0000	0.9588	0.9588	0.9588	0.0000	0.0000	
0.1538	1.7204e+005	0.4125	0.7478	0.9583	0.0000	0.0000	0.9583	0.9583	0.9583	0.0000	0.0000	
0.1548	1.7183e+005	0.4012	0.7440	0.9577	0.0000	0.0000	0.9577	0.9577	0.9577	0.0000	0.0000	
0.1558	1.7163e+005	0.4012	0.7434	0.9573	0.0000	0.0000	0.9573	0.9573	0.9573	0.0000	0.0000	
0.1568	1.7143e+005	0.4012	0.7429	0.9569	0.0000	0.0000	0.9569	0.9569	0.9569	0.0000	0.0000	
0.1578	1.7122e+005	0.4012	0.7424	0.9565	0.0000	0.0000	0.9565	0.9565	0.9565	0.0000	0.0000	
0.1588	1.7102e+005	0.4012	0.7418	0.9561	0.0000	0.0000	0.9561	0.9561	0.9561	0.0000	0.0000	
0.1598	1.7082e+005	0.4012	0.7410	0.9557	0.0000	0.0000	0.9557	0.9557	0.9557	0.0000	0.0000	
0.1608	1.7062e+005	0.4012	0.7398	0.9553	0.0000	0.0000	0.9553	0.9553	0.9553	0.0000	0.0000	
0.1618	1.7041e+005	0.4012	0.7394	0.9549	0.0000	0.0000	0.9549	0.9549	0.9549	0.0000	0.0000	
0.1628	1.7021e+005	0.4012	0.7389	0.9545	0.0000	0.0000	0.9545	0.9545	0.9545	0.0000	0.0000	
0.1638	1.7001e+005	0.4012	0.7381	0.9541	0.0000	0.0000	0.9541	0.9541	0.9541	0.0000	0.0000	
0.1648	1.698e+005	0.4012	0.7375	0.9537	0.0000	0.0000	0.9537	0.9537	0.9537	0.0000	0.0000	
0.1658	1.696e+005	0.4012	0.7370	0.9533	0.0000	0.0000	0.9533	0.9533	0.9533	0.0000	0.0000	
0.1668	1.694e+005	0.4012	0.7365	0.9528	0.0000	0.0000	0.9528	0.9528	0.9528	0.0000	0.0000	
0.1678	1.692e+005	0.4012	0.7359	0.9524	0.0000	0.0000	0.9524	0.9524	0.9524	0.0000	0.0000	
0.1688	1.6899e+005	0.4008	0.7352	0.9520	0.0000	0.0000	0.9520	0.9520	0.9520	0.0000	0.0000	
0.1698	1.6879e+005	0.4007	0.7347	0.9516	0.0000	0.0000	0.9516	0.9516	0.9516	0.0000	0.0000	
0.1708	1.6859e+005	0.4007	0.7343	0.9512	0.0000	0.0000	0.9512	0.9512	0.9512	0.0000	0.0000	
0.1718	1.6838e+005	0.3938	0.7318	0.9507	0.0000	0.0000	0.9507	0.9507	0.9507	0.0000	0.0000	
0.1728	1.6818e+005	0.3938	0.7313	0.9502	0.0000	0.0000	0.9502	0.9502	0.9502	0.0000	0.0000	
0.1738	1.6798e+005	0.3938	0.7308	0.9498	0.0000	0.0000	0.9498	0.9498	0.9498	0.0000	0.0000	
0.1748	1.6777e+005	0.3935	0.7302	0.9494	0.0000	0.0000	0.9494	0.9494	0.9494	0.0000	0.0000	
0.1757	1.6757e+005	0.3935	0.7294	0.9489	0.0000	0.0000	0.9489	0.9489	0.9489	0.0000	0.0000	
0.1767	1.6737e+005	0.3894	0.7275	0.9484	0.0000	0.0000	0.9484	0.9484	0.9484	0.0000	0.0000	
0.1777	1.6716e+005	0.3764	0.7234	0.9474	0.0000	0.0000	0.9474	0.9474	0.9474	0.0000	0.0000	
0.1787	1.6696e+005	0.3764	0.7228	0.9470	0.0000	0.0000	0.9470	0.9470	0.9470	0.0000	0.0000	
0.1797	1.6676e+005	0.3759	0.7221	0.9465	0.0000	0.0000	0.9465	0.9465	0.9465	0.0000	0.0000	
0.1807	1.6656e+005	0.3759	0.7216	0.9461	0.0000	0.0000	0.9461	0.9461	0.9461	0.0000	0.0000	
0.1817	1.6635e+005	0.3759	0.7210	0.9456	0.0000	0.0000	0.9456	0.9456	0.9456	0.0000	0.0000	
0.1827	1.6615e+005	0.3757	0.7203	0.9452	0.0000	0.0000	0.9452	0.9452	0.9452	0.0000	0.0000	
0.1837	1.6595e+005	0.3757	0.7198	0.9447	0.0000	0.0000	0.9447	0.9447	0.9447	0.0000	0.0000	
0.1847	1.6574e+005	0.3756	0.7193	0.9442	0.0000	0.0000	0.9442	0.9442	0.9442	0.0000	0.0000	
0.1857	1.6554e+005	0.3756	0.7188	0.9438	0.0000	0.0000	0.9438	0.9438	0.9438	0.0000	0.0000	
0.1867	1.6534e+005	0.3719	0.7173	0.9433	0.0000	0.0000	0.9433	0.9433	0.9433	0.0000	0.0000	
0.1877	1.6514e+005	0.3719	0.7168	0.9428	0.0000	0.0000	0.9428	0.9428	0.9428	0.0000	0.0000	
0.1887	1.6493e+005	0.3719	0.7163	0.9423	0.0000	0.0000	0.9423	0.9423	0.9423	0.0000	0.0000	
0.1897	1.6473e+005	0.3719	0.7159	0.9418	0.0000	0.0000	0.9418	0.9418	0.9418	0.0000	0.0000	
0.1907	1.6453e+005	0.3719	0.7152	0.9414	0.0000	0.0000	0.9414	0.9414	0.9414	0.0000	0.0000	
0.1917	1.6432e+005	0.3718	0.7146	0.9409	0.0000	0.0000	0.9409	0.9409	0.9409	0.0000	0.0000	
0.1927	1.6412e+005	0.3717	0.7141	0.9404	0.0000	0.0000	0.9404	0.9404	0.9404	0.0000	0.0000	
0.1937	1.6392e+005	0.3713	0.7135	0.9399	0.0000	0.0000	0.9399	0.9399	0.9399	0.0000	0.0000	
0.1947	1.6371e+005	0.3713	0.7129	0.9394	0.0000	0.0000	0.9394	0.9394	0.9394	0.0000	0.0000	
0.1957	1.6351e+005	0.3712	0.7122	0.9389	0.0000	0.0000	0.9389	0.9389	0.9389	0.0000	0.0000	
0.1967	1.6331e+005	0.3681	0.7104	0.9383	0.0000	0.0000	0.9383	0.9383	0.9383	0.0000	0.0000	
0.1977	1.631e+005	0.3679	0.7100	0.9378	0.0000	0.0000	0.9378	0.9378	0.9378	0.0000	0.0000	
0.1987	1.629e+005	0.3679	0.7092	0.9373	0.0000	0.0000	0.9373	0.9373	0.9373	0.0000	0.0000	
0.1997	1.627e+005	0.3679	0.7085	0.9368	0.0000	0.0000	0.9368	0.9368	0.9368	0.0000	0.0000	
0.2007	1.625e+005	0.3679	0.7080	0.9363	0.0000	0.0000	0.9363	0.9363	0.9363	0.0000	0.0000	
0.2017	1.6229e+005	0.3679	0.7075	0.9358	0.0000	0.0000	0.9358	0.9358	0.9358	0.0000	0.0000	
0.2027	1.6209e+005	0.3674	0.7068	0.9353	0.0000	0.0000	0.9353	0.9353	0.9353	0.0000	0.0000	
0.2037	1.6189e+005	0.3672	0.7050	0.9347	0.0000	0.0000	0.9347	0.9347	0.9347	0.0000	0.0000	
0.2047	1.6168e+005	0.3672	0.7045	0.9342	0.0000	0.0000	0.9342	0.9342	0.9342	0.0000	0.0000	
0.2057	1.6148e+005	0.3671	0.7039	0.9337	0.0000	0.0000	0.9337	0.9337	0.9337	0.0000	0.0000	
0.2067	1.6128e+005	0.3667	0.7033	0.9331	0.0000	0.0000	0.9331	0.9331	0.9331	0.0000	0.0000	
0.2077	1.6108e+005	0.3659	0.7025	0.9326	0.0000	0.0000	0.9326	0.9326	0.9326	0.0000	0.0000	
0.2087	1.6087e+005	0.3652	0.7018	0.9321	0.0000	0.0000	0.9321	0.9321	0.9321	0.0000	0.0000	
0.2097	1.6067e+005	0.3652	0.7012	0.9315	0.0000	0.0000	0.9315	0.9315	0.9315	0.0000	0.0000	
0.2107	1.6047e+005	0.3646	0.7005	0.9310	0.0000	0.0000	0.9310	0.9310	0.9310	0.0000	0.0000	
0.2117	1.6026e+005	0.3646	0.6999	0.9305	0.0000	0.0000	0.9305	0.9305	0.9305	0.0000	0.0000	
0.2127	1.6006e+005	0.3646	0.6995	0.9299	0.0000	0.0000	0.9299	0.9299	0.9299	0.0000	0.0000	
0.2137	1.5986e+005	0.3645	0.6989	0.9294	0.0000	0.0000	0.9294	0.9294	0.9294	0.0000	0.0000	
0.2147	1.5965e+005	0.3590	0.6970	0.9287	0.0000	0.0000	0.9287	0.9287	0.9287	0.0000	0.0000	
0.2157	1.5945e+005	0.3585	0.6961	0.9281	0.0000	0.0000	0.9281	0.9281	0.9281	0.0000	0.0000	
0.2167	1.5925e+005	0.3585	0.6957	0.9275	0.0000	0.0000	0.9275	0.9275	0.9275	0.0000	0.0000	
0.2177	1.5904e+005	0.3585	0.6952	0.9270	0.0000	0.0000	0.9270	0.9270	0.9270	0.0000	0.0000	
0.2187	1.5884e+005	0.3573	0.6944	0.9264	0.0000	0.0000	0.9264	0.9264	0.9264	0.0000	0.0000	
0.2197	1.5864e+005	0.3573	0.6939	0.9259	0.0000	0.0000	0.9259	0.9259	0.9259	0.0000	0.0000	
0.2207	1.5844e+005	0.3572	0.6933	0.9253	0.0000	0.0000	0.9253	0.9253	0.9253	0.0000	0.0000	
0.2217	1.5823e+005	0.3568	0.6927	0.9247	0.0000	0.0000	0.9247	0.9247	0.9247	0.0000	0.0000	
0.2227	1.5803e+005	0.3408	0.6876	0.9235	0.0000	0.0000	0.9235	0.9235	0.9235	0.0000	0.0000	
0.2237	1.5783e+005	0.3388	0.6865	0.9229	0.0000	0.0000	0.9229	0.9229	0.9229	0.0000	0.0000	
0.2247	1.5762e+005	0.3388	0.6859	0.9223	0.0000	0.0000	0.9223	0.9223	0.9223	0.0000	0.0000	
0.2257	1.5742e+005	0.3388	0.6854	0.9217	0.0000	0.0000	0.9217	0.9217	0.9217	0.0000	0.0000	
0.2267	1.5722e+005	0.3388	0.6848	0.9211	0.0000	0.0000	0.9211	0.9211	0.9211	0.0000	0.0000	
0.2277	1.5702e+005	0.3388	0.6840	0.9205	0.0000	0.0000	0.9205	0.9205	0.9205	0.0000	0.0000	
0.2287	1.5681e+005	0.3388	0.6834	0.9199	0.0000	0.0000	0.9199	0.9199	0.9199	0.0000	0.0000	
0.2297	1.5661e+005	0.3388	0.6829	0.9193	0.0000	0.0000	0.9193	0.9193	0.9193	0.0000	0.0000	
0.2307	1.5641e+005	0.3388	0.6824	0.9187	0.0000	0.0000	0.9187	0.9187	0.9187	0.0000	0.0000	
0.2317	1.562e+005	0.3388	0.6818	0.9182	0.0000	0.0000	0.9182	0.9182	0.9182	0.0000	0.0000	
0.2327	1.56e+005 	0.3384	0.6811	0.9175	0.0000	0.0000	0.9175	0.9175	0.9175	0.0000	0.0000	
0.2337	1.558e+005	0.3383	0.6804	0.9169	0.0000	0.0000	0.9169	0.9169	0.9169	0.0000	0.0000	
0.2347	1.5559e+005	0.3382	0.6797	0.9163	0.0000	0.0000	0.9163	0.9163	0.9163	0.0000	0.0000	
0.2357	1.5539e+005	0.3382	0.6791	0.9157	0.0000	0.0000	0.9157	0.9157	0.9157	0.0000	0.0000	
0.2367	1.5519e+005	0.3382	0.6785	0.9151	0.0000	0.0000	0.9151	0.9151	0.9151	0.0000	0.0000	
0.2377	1.5498e+005	0.3361	0.6771	0.9145	0.0000	0.0000	0.9145	0.9145	0.9145	0.0000	0.0000	
0.2387	1.5478e+005	0.3361	0.6765	0.9138	0.0000	0.0000	0.9138	0.9138	0.9138	0.0000	0.0000	
0.2397	1.5458e+005	0.3359	0.6759	0.9132	0.0000	0.0000	0.9132	0.9132	0.9132	0.0000	0.0000	
0.2407	1.5438e+005	0.3347	0.6749	0.9126	0.0000	0.0000	0.9126	0.9126	0.9126	0.0000	0.0000	
0.2417	1.5417e+005	0.3347	0.6743	0.9119	0.0000	0.0000	0.9119	0.9119	0.9119	0.0000	0.0000	
0.2427	1.5397e+005	0.3347	0.6738	0.9113	0.0000	0.0000	0.9113	0.9113	0.9113	0.0000	0.0000	
0.2436	1.5377e+005	0.3347	0.6732	0.9107	0.0000	0.0000	0.9107	0.9107	0.9107	0.0000	0.0000	
0.2446	1.5356e+005	0.3344	0.6726	0.9100	0.0000	0.0000	0.9100	0.9100	0.9100	0.0000	0.0000	
0.2456	1.5336e+005	0.3339	0.6718	0.9094	0.0000	0.0000	0.9094	0.9094	0.9094	0.0000	0.0000	
0.2466	1.5316e+005	0.3339	0.6710	0.9087	0.0000	0.0000	0.9087	0.9087	0.9087	0.0000	0.0000	
0.2476	1.5296e+005	0.3339	0.6705	0.9081	0.0000	0.0000	0.9081	0.9081	0.9081	0.0000	0.0000	
0.2486	1.5275e+005	0.3338	0.6699	0.9074	0.0000	0.0000	0.9074	0.9074	0.9074	0.0000	0.0000	
0.2496	1.5255e+005	0.3335	0.6692	0.9068	0.0000	0.0000	0.9068	0.9068	0.9068	0.0000	0.0000	
0.2506	1.5235e+005	0.3335	0.6686	0.9061	0.0000	0.0000	0.9061	0.9061	0.9061	0.0000	0.0000	
0.2516	1.5214e+005	0.3335	0.6681	0.9054	0.0000	0.0000	0.9054	0.9054	0.9054	0.0000	0.0000	
0.2526	1.5194e+005	0.3299	0.6666	0.9047	0.0000	0.0000	0.9047	0.9047	0.9047	0.0000	0.0000	
0.2536	1.5174e+005	0.3299	0.6660	0.9041	0.0000	0.0000	0.9041	0.9041	0.9041	0.0000	0.0000	
0.2546	1.5153e+005	0.3299	0.6654	0.9034	0.0000	0.0000	0.9034	0.9034	0.9034	0.0000	0.0000	
0.2556	1.5133e+005	0.3299	0.6648	0.9027	0.0000	0.0000	0.9027	0.9027	0.9027	0.0000	0.0000	
0.2566	1.5113e+005	0.3298	0.6642	0.9020	0.0000	0.0000	0.9020	0.9020	0.9020	0.0000	0.0000	
0.2576	1.5092e+005	0.3298	0.6637	0.9013	0.0000	0.0000	0.9013	0.9013	0.9013	0.0000	0.0000	
0.2586	1.5072e+005	0.3298	0.6629	0.9007	0.0000	0.0000	0.9007	0.9007	0.9007	0.0000	0.0000	
0.2596	1.5052e+005	0.3298	0.6623	0.9000	0.0000	0.0000	0.9000	0.9000	0.9000	0.0000	0.0000	
0.2606	1.5032e+005	0.3298	0.6617	0.8993	0.0000	0.0000	0.8993	0.8993	0.8993	0.0000	0.0000	
0.2616	1.5011e+005	0.3297	0.6609	0.8986	0.0000	0.0000	0.8986	0.8986	0.8986	0.0000	0.0000	
0.2626	1.4991e+005	0.3297	0.6602	0.8979	0.0000	0.0000	0.8979	0.8979	0.8979	0.0000	0.0000	
0.2636	1.4971e+005	0.3296	0.6595	0.8972	0.0000	0.0000	0.8972	0.8972	0.8972	0.0000	0.0000	
0.2646	1.495e+005	0.3296	0.6590	0.8965	0.0000	0.0000	0.8965	0.8965	0.8965	0.0000	0.0000	
0.2656	1.493e+005	0.3296	0.6584	0.8958	0.0000	0.0000	0.8958	0.8958	0.8958	0.0000	0.0000	
0.2666	1.491e+005	0.3296	0.6579	0.8951	0.0000	0.0000	0.8951	0.8951	0.8951	0.0000	0.0000	
0.2676	1.489e+005	0.3296	0.6573	0.8943	0.0000	0.0000	0.8943	0.8943	0.8943	0.0000	0.0000	
0.2686	1.4869e+005	0.3296	0.6567	0.8936	0.0000	0.0000	0.8936	0.8936	0.8936	0.0000	0.0000	
0.2696	1.4849e+005	0.3289	0.6559	0.8929	0.0000	0.0000	0.8929	0.8929	0.8929	0.0000	0.0000	
0.2706	1.4829e+005	0.3289	0.6553	0.8922	0.0000	0.0000	0.8922	0.8922	0.8922	0.0000	0.0000	
0.2716	1.4808e+005	0.3289	0.6548	0.8914	0.0000	0.0000	0.8914	0.8914	0.8914	0.0000	0.0000	
0.2726	1.4788e+005	0.3288	0.6541	0.8907	0.0000	0.0000	0.8907	0.8907	0.8907	0.0000	0.0000	
0.2736	1.4768e+005	0.3287	0.6535	0.8899	0.0000	0.0000	0.8899	0.8899	0.8899	0.0000	0.0000	
0.2746	1.4747e+005	0.3281	0.6527	0.8892	0.0000	0.0000	0.8892	0.8892	0.8892	0.0000	0.0000	
0.2756	1.4727e+005	0.3281	0.6518	0.8884	0.0000	0.0000	0.8884	0.8884	0.8884	0.0000	0.0000	
0.2766	1.4707e+005	0.3272	0.6509	0.8877	0.0000	0.0000	0.8877	0.8877	0.8877	0.0000	0.0000	
0.2776	1.4686e+005	0.3272	0.6503	0.8869	0.0000	0.0000	0.8869	0.8869	0.8869	0.0000	0.0000	
0.2786	1.4666e+005	0.3272	0.6496	0.8862	0.0000	0.0000	0.8862	0.8862	0.8862	0.0000	0.0000	
0.2796	1.4646e+005	0.3272	0.6489	0.8854	0.0000	0.0000	0.8854	0.8854	0.8854	0.0000	0.0000	
0.2806	1.4626e+005	0.3271	0.6483	0.8847	0.0000	0.0000	0.8847	0.8847	0.8847	0.0000	0.0000	
0.2816	1.4605e+005	0.3159	0.6448	0.8837	0.0000	0.0000	0.8837	0.8837	0.8837	0.0000	0.0000	
0.2826	1.4585e+005	0.3069	0.6419	0.8827	0.0000	0.0000	0.8827	0.8827	0.8827	0.0000	0.0000	
0.2836	1.4565e+005	0.3067	0.6413	0.8819	0.0000	0.0000	0.8819	0.8819	0.8819	0.0000	0.0000	
0.2846	1.4544e+005	0.3067	0.6407	0.8812	0.0000	0.0000	0.8812	0.8812	0.8812	0.0000	0.0000	
0.2856	1.4524e+005	0.3057	0.6399	0.8804	0.0000	0.0000	0.8804	0.8804	0.8804	0.0000	0.0000	
0.2866	1.4504e+005	0.3051	0.6391	0.8797	0.0000	0.0000	0.8797	0.8797	0.8797	0.0000	0.0000	
0.2876	1.4484e+005	0.3051	0.6384	0.8789	0.0000	0.0000	0.8789	0.8789	0.8789	0.0000	0.0000	
0.2886	1.4463e+005	0.3048	0.6377	0.8781	0.0000	0.0000	0.8781	0.8781	0.8781	0.0000	0.0000	
0.2896	1.4443e+005	0.3048	0.6371	0.8773	0.0000	0.0000	0.8773	0.8773	0.8773	0.0000	0.0000	
0.2906	1.4423e+005	0.3031	0.6351	0.8765	0.0000	0.0000	0.8765	0.8765	0.8765	0.0000	0.0000	
0.2916	1.4402e+005	0.3031	0.6345	0.8757	0.0000	0.0000	0.8757	0.8757	0.8757	0.0000	0.0000	
0.2926	1.4382e+005	0.3021	0.6335	0.8749	0.0000	0.0000	0.8749	0.8749	0.8749	0.0000	0.0000	
0.2936	1.4362e+005	0.2993	0.6322	0.8741	0.0000	0.0000	0.8741	0.8741	0.8741	0.0000	0.0000	
0.2946	1.4341e+005	0.2993	0.6317	0.8733	0.0000	0.0000	0.8733	0.8733	0.8733	0.0000	0.0000	
0.2956	1.4321e+005	0.2946	0.6298	0.8724	0.0000	0.0000	0.8724	0.8724	0.8724	0.0000	0.0000	
0.2966	1.4301e+005	0.2946	0.6292	0.8716	0.0000	0.0000	0.8716	0.8716	0.8716	0.0000	0.0000	
0.2976	1.428e+005	0.2941	0.6285	0.8708	0.0000	0.0000	0.8708	0.8708	0.8708	0.0000	0.0000	
0.2986	1.426e+005	0.2941	0.6279	0.8700	0.0000	0.0000	0.8700	0.8700	0.8700	0.0000	0.0000	
0.2996	1.424e+005	0.2941	0.6271	0.8692	0.0000	0.0000	0.8692	0.8692	0.8692	0.0000	0.0000	
0.3006	1.422e+005	0.2940	0.6263	0.8684	0.0000	0.0000	0.8684	0.8684	0.8684	0.0000	0.0000	
0.3016	1.4199e+005	0.2940	0.6253	0.8675	0.0000	0.0000	0.8675	0.8675	0.8675	0.0000	0.0000	
0.3026	1.4179e+005	0.2937	0.6245	0.8667	0.0000	0.0000	0.8667	0.8667	0.8667	0.0000	0.0000	
0.3036	1.4159e+005	0.2937	0.6238	0.8659	0.0000	0.0000	0.8659	0.8659	0.8659	0.0000	0.0000	
0.3046	1.4138e+005	0.2937	0.6231	0.8651	0.0000	0.0000	0.8651	0.8651	0.8651	0.0000	0.0000	
0.3056	1.4118e+005	0.2937	0.6224	0.8643	0.0000	0.0000	0.8643	0.8643	0.8643	0.0000	0.0000	
0.3066	1.4098e+005	0.2937	0.6218	0.8634	0.0000	0.0000	0.8634	0.8634	0.8634	0.0000	0.0000	
0.3076	1.4078e+005	0.2937	0.6211	0.8626	0.0000	0.0000	0.8626	0.8626	0.8626	0.0000	0.0000	
0.3086	1.4057e+005	0.2937	0.6204	0.8618	0.0000	0.0000	0.8618	0.8618	0.8618	0.0000	0.0000	
0.3096	1.4037e+005	0.2934	0.6198	0.8610	0.0000	0.0000	0.8610	0.8610	0.8610	0.0000	0.0000	
0.3105	1.4017e+005	0.2920	0.6187	0.8601	0.0000	0.0000	0.8601	0.8601	0.8601	0.0000	0.0000	
0.3115	1.3996e+005	0.2918	0.6181	0.8593	0.0000	0.0000	0.8593	0.8593	0.8593	0.0000	0.0000	
0.3125	1.3976e+005	0.2915	0.6174	0.8584	0.0000	0.0000	0.8584	0.8584	0.8584	0.0000	0.0000	
0.3135	1.3956e+005	0.2915	0.6167	0.8576	0.0000	0.0000	0.8576	0.8576	0.8576	0.0000	0.0000	
0.3145	1.3935e+005	0.2913	0.6161	0.8567	0.0000	0.0000	0.8567	0.8567	0.8567	0.0000	0.0000	
0.3155	1.3915e+005	0.2909	0.6154	0.8559	0.0000	0.0000	0.8559	0.8559	0.8559	0.0000	0.0000	
0.3165	1.3895e+005	0.2908	0.6147	0.8551	0.0000	0.0000	0.8551	0.8551	0.8551	0.0000	0.0000	
0.3175	1.3874e+005	0.2908	0.6142	0.8542	0.0000	0.0000	0.8542	0.8542	0.8542	0.0000	0.0000	
0.3185	1.3854e+005	0.2903	0.6133	0.8533	0.0000	0.0000	0.8533	0.8533	0.8533	0.0000	0.0000	
0.3195	1.3834e+005	0.2903	0.6126	0.8525	0.0000	0.0000	0.8525	0.8525	0.8525	0.0000	0.0000	
0.3205	1.3814e+005	0.2903	0.6120	0.8516	0.0000	0.0000	0.8516	0.8516	0.8516	0.0000	0.0000	
0.3215	1.3793e+005	0.2903	0.6114	0.8508	0.0000	0.0000	0.8508	0.8508	0.8508	0.0000	0.0000	
0.3225	1.3773e+005	0.2901	0.6107	0.8499	0.0000	0.0000	0.8499	0.8499	0.8499	0.0000	0.0000	
0.3235	1.3753e+005	0.2901	0.6102	0.8491	0.0000	0.0000	0.8491	0.8491	0.8491	0.0000	0.0000	
0.3245	1.3732e+005	0.2898	0.6094	0.8482	0.0000	0.0000	0.8482	0.8482	0.8482	0.0000	0.0000	
0.3255	1.3712e+005	0.2897	0.6088	0.8473	0.0000	0.0000	0.8473	0.8473	0.8473	0.0000	0.0000	
0.3265	1.3692e+005	0.2897	0.6081	0.8464	0.0000	0.0000	0.8464	0.8464	0.8464	0.0000	0.0000	
0.3275	1.3672e+005	0.2897	0.6075	0.8456	0.0000	0.0000	0.8456	0.8456	0.8456	0.0000	0.0000	
0.3285	1.3651e+005	0.2897	0.6069	0.8447	0.0000	0.0000	0.8447	0.8447	0.8447	0.0000	0.0000	
0.3295	1.3631e+005	0.2894	0.6062	0.8438	0.0000	0.0000	0.8438	0.8438	0.8438	0.0000	0.0000	
0.3305	1.3611e+005	0.2894	0.6056	0.8429	0.0000	0.0000	0.8429	0.8429	0.8429	0.0000	0.0000	
0.3315	1.359e+005	0.2894	0.6049	0.8420	0.0000	0.0000	0.8420	0.8420	0.8420	0.0000	0.0000	
0.3325	1.357e+005	0.2894	0.6042	0.8411	0.0000	0.0000	0.8411	0.8411	0.8411	0.0000	0.0000	
0.3335	1.355e+005	0.2894	0.6036	0.8402	0.0000	0.0000	0.8402	0.8402	0.8402	0.0000	0.0000	
0.3345	1.3529e+005	0.2894	0.6030	0.8393	0.0000	0.0000	0.8393	0.8393	0.8393	0.0000	0.0000	
0.3355	1.3509e+005	0.2894	0.6024	0.8384	0.0000	0.0000	0.8384	0.8384	0.8384	0.0000	0.0000	
0.3365	1.3489e+005	0.2893	0.6017	0.8375	0.0000	0.0000	0.8375	0.8375	0.8375	0.0000	0.0000	
0.3375	1.3468e+005	0.2893	0.6010	0.8366	0.0000	0.0000	0.8366	0.8366	0.8366	0.0000	0.0000	
0.3385	1.3448e+005	0.2891	0.6003	0.8357	0.0000	0.0000	0.8357	0.8357	0.8357	0.0000	0.0000	
0.3395	1.3428e+005	0.2891	0.5997	0.8347	0.0000	0.0000	0.8347	0.8347	0.8347	0.0000	0.0000	
0.3405	1.3408e+005	0.2884	0.5989	0.8338	0.0000	0.0000	0.8338	0.8338	0.8338	0.0000	0.0000	
0.3415	1.3387e+005	0.2883	0.5983	0.8329	0.0000	0.0000	0.8329	0.8329	0.8329	0.0000	0.0000	
0.3425	1.3367e+005	0.2883	0.5977	0.8319	0.0000	0.0000	0.8319	0.8319	0.8319	0.0000	0.0000	
0.3435	1.3347e+005	0.2875	0.5968	0.8310	0.0000	0.0000	0.8310	0.8310	0.8310	0.0000	0.0000	
0.3445	1.3326e+005	0.2873	0.5961	0.8301	0.0000	0.0000	0.8301	0.8301	0.8301	0.0000	0.0000	
0.3455	1.3306e+005	0.2872	0.5955	0.8291	0.0000	0.0000	0.8291	0.8291	0.8291	0.0000	0.0000	
0.3465	1.3286e+005	0.2853	0.5943	0.8282	0.0000	0.0000	0.8282	0.8282	0.8282	0.0000	0.0000	
0.3475	1.3266e+005	0.2853	0.5936	0.8273	0.0000	0.0000	0.8273	0.8273	0.8273	0.0000	0.0000	
0.3485	1.3245e+005	0.2848	0.5928	0.8263	0.0000	0.0000	0.8263	0.8263	0.8263	0.0000	0.0000	
0.3495	1.3225e+005	0.2846	0.5921	0.8254	0.0000	0.0000	0.8254	0.8254	0.8254	0.0000	0.0000	
0.3505	1.3205e+005	0.2844	0.5915	0.8244	0.0000	0.0000	0.8244	0.8244	0.8244	0.0000	0.0000	
0.3515	1.3184e+005	0.2844	0.5909	0.8234	0.0000	0.0000	0.8234	0.8234	0.8234	0.0000	0.0000	
0.3525	1.3164e+005	0.2842	0.5903	0.8225	0.0000	0.0000	0.8225	0.8225	0.8225	0.0000	0.0000	
0.3535	1.3144e+005	0.2840	0.5896	0.8215	0.0000	0.0000	0.8215	0.8215	0.8215	0.0000	0.0000	
0.3545	1.3123e+005	0.2818	0.5884	0.8205	0.0000	0.0000	0.8205	0.8205	0.8205	0.0000	0.0000	
0.3555	1.3103e+005	0.2818	0.5877	0.8196	0.0000	0.0000	0.8196	0.8196	0.8196	0.0000	0.0000	
0.3565	1.3083e+005	0.2809	0.5868	0.8186	0.0000	0.0000	0.8186	0.8186	0.8186	0.0000	0.0000	
0.3575	1.3062e+005	0.2760	0.5848	0.8178	0.0000	0.0000	0.8178	0.8178	0.8178	0.0000	0.0000	
0.3585	1.3042e+005	0.2760	0.5841	0.8169	0.0000	0.0000	0.8169	0.8169	0.8169	0.0000	0.0000	
0.3595	1.3022e+005	0.2760	0.5836	0.8159	0.0000	0.0000	0.8159	0.8159	0.8159	0.0000	0.0000	
0.3605	1.3002e+005	0.2760	0.5829	0.8149	0.0000	0.0000	0.8149	0.8149	0.8149	0.0000	0.0000	
0.3615	1.2981e+005	0.2760	0.5823	0.8139	0.0000	0.0000	0.8139	0.8139	0.8139	0.0000	0.0000	
0.3625	1.2961e+005	0.2758	0.5816	0.8129	0.0000	0.0000	0.8129	0.8129	0.8129	0.0000	0.0000	
0.3635	1.2941e+005	0.2758	0.5810	0.8119	0.0000	0.0000	0.8119	0.8119	0.8119	0.0000	0.0000	
0.3645	1.292e+005	0.2757	0.5803	0.8109	0.0000	0.0000	0.8109	0.8109	0.8109	0.0000	0.0000	
0.3655	1.29e+005 	0.2757	0.5796	0.8099	0.0000	0.0000	0.8099	0.8099	0.8099	0.0000	0.0000	
0.3665	1.288e+005	0.2757	0.5790	0.8089	0.0000	0.0000	0.8089	0.8089	0.8089	0.0000	0.0000	
0.3675	1.286e+005	0.2757	0.5783	0.8079	0.0000	0.0000	0.8079	0.8079	0.8079	0.0000	0.0000	
0.3685	1.2839e+005	0.2757	0.5776	0.8069	0.0000	0.0000	0.8069	0.8069	0.8069	0.0000	0.0000	
0.3695	1.2819e+005	0.2757	0.5769	0.8059	0.0000	0.0000	0.8059	0.8059	0.8059	0.0000	0.0000	
0.3705	1.2799e+005	0.2748	0.5761	0.8049	0.0000	0.0000	0.8049	0.8049	0.8049	0.0000	0.0000	
0.3715	1.2778e+005	0.2748	0.5755	0.8039	0.0000	0.0000	0.8039	0.8039	0.8039	0.0000	0.0000	
0.3725	1.2758e+005	0.2748	0.5748	0.8028	0.0000	0.0000	0.8028	0.8028	0.8028	0.0000	0.0000	
0.3735	1.2738e+005	0.2748	0.5741	0.8018	0.0000	0.0000	0.8018	0.8018	0.8018	0.0000	0.0000	
0.3745	1.2717e+005	0.2700	0.5723	0.8008	0.0000	0.0000	0.8008	0.8008	0.8008	0.0000	0.0000	
0.3755	1.2697e+005	0.2700	0.5716	0.7998	0.0000	0.0000	0.7998	0.7998	0.7998	0.0000	0.0000	
0.3765	1.2677e+005	0.2700	0.5709	0.7987	0.0000	0.0000	0.7987	0.7987	0.7987	0.0000	0.0000	
0.3775	1.2656e+005	0.2700	0.5701	0.7977	0.0000	0.0000	0.7977	0.7977	0.7977	0.0000	0.0000	
0.3784	1.2636e+005	0.2700	0.5693	0.7966	0.0000	0.0000	0.7966	0.7966	0.7966	0.0000	0.0000	
0.3794	1.2616e+005	0.2700	0.5687	0.7956	0.0000	0.0000	0.7956	0.7956	0.7956	0.0000	0.0000	
0.3804	1.2596e+005	0.2700	0.5680	0.7946	0.0000	0.0000	0.7946	0.7946	0.7946	0.0000	0.0000	
0.3814	1.2575e+005	0.2700	0.5674	0.7935	0.0000	0.0000	0.7935	0.7935	0.7935	0.0000	0.0000	
0.3824	1.2555e+005	0.2700	0.5667	0.7925	0.0000	0.0000	0.7925	0.7925	0.7925	0.0000	0.0000	
0.3834	1.2535e+005	0.2700	0.5662	0.7914	0.0000	0.0000	0.7914	0.7914	0.7914	0.0000	0.0000	
0.3844	1.2514e+005	0.2700	0.5656	0.7903	0.0000	0.0000	0.7903	0.7903	0.7903	0.0000	0.0000	
0.3854	1.2494e+005	0.2699	0.5648	0.7893	0.0000	0.0000	0.7893	0.7893	0.7893	0.0000	0.0000	
0.3864	1.2474e+005	0.2699	0.5641	0.7882	0.0000	0.0000	0.7882	0.7882	0.7882	0.0000	0.0000	
0.3874	1.2454e+005	0.2699	0.5633	0.7871	0.0000	0.0000	0.7871	0.7871	0.7871	0.0000	0.0000	
0.3884	1.2433e+005	0.2699	0.5627	0.7861	0.0000	0.0000	0.7861	0.7861	0.7861	0.0000	0.0000	
0.3894	1.2413e+005	0.2699	0.5619	0.7850	0.0000	0.0000	0.7850	0.7850	0.7850	0.0000	0.0000	
0.3904	1.2393e+005	0.2699	0.5612	0.7839	0.0000	0.0000	0.7839	0.7839	0.7839	0.0000	0.0000	
0.3914	1.2372e+005	0.2699	0.5605	0.7828	0.0000	0.0000	0.7828	0.7828	0.7828	0.0000	0.0000	
0.3924	1.2352e+005	0.2699	0.5598	0.7817	0.0000	0.0000	0.7817	0.7817	0.7817	0.0000	0.0000	
0.3934	1.2332e+005	0.2699	0.5591	0.7806	0.0000	0.0000	0.7806	0.7806	0.7806	0.0000	0.0000	
0.3944	1.2311e+005	0.2699	0.5584	0.7795	0.0000	0.0000	0.7795	0.7795	0.7795	0.0000	0.0000	
0.3954	1.2291e+005	0.2699	0.5578	0.7784	0.0000	0.0000	0.7784	0.7784	0.7784	0.0000	0.0000	
0.3964	1.2271e+005	0.2698	0.5571	0.7773	0.0000	0.0000	0.7773	0.7773	0.7773	0.0000	0.0000	
0.3974	1.225e+005	0.2696	0.5563	0.7762	0.0000	0.0000	0.7762	0.7762	0.7762	0.0000	0.0000	
0.3984	1.223e+005	0.2696	0.5557	0.7751	0.0000	0.0000	0.7751	0.7751	0.7751	0.0000	0.0000	
0.3994	1.221e+005	0.2696	0.5550	0.7741	0.0000	0.0000	0.7741	0.7741	0.7741	0.0000	0.0000	
0.4004	1.219e+005	0.2696	0.5543	0.7730	0.0000	0.0000	0.7730	0.7730	0.7730	0.0000	0.0000	
0.4014	1.2169e+005	0.2696	0.5535	0.7718	0.0000	0.0000	0.7718	0.7718	0.7718	0.0000	0.0000	
0.4024	1.2149e+005	0.2696	0.5529	0.7707	0.0000	0.0000	0.7707	0.7707	0.7707	0.0000	0.0000	
0.4034	1.2129e+005	0.2696	0.5522	0.7696	0.0000	0.0000	0.7696	0.7696	0.7696	0.0000	0.0000	
0.4044	1.2108e+005	0.2696	0.5515	0.7685	0.0000	0.0000	0.7685	0.7685	0.7685	0.0000	0.0000	
0.4054	1.2088e+005	0.2696	0.5509	0.7673	0.0000	0.0000	0.7673	0.7673	0.7673	0.0000	0.0000	
0.4064	1.2068e+005	0.2696	0.5502	0.7662	0.0000	0.0000	0.7662	0.7662	0.7662	0.0000	0.0000	
0.4074	1.2048e+005	0.2696	0.5495	0.7651	0.0000	0.0000	0.7651	0.7651	0.7651	0.0000	0.0000	
0.4084	1.2027e+005	0.2695	0.5487	0.7639	0.0000	0.0000	0.7639	0.7639	0.7639	0.0000	0.0000	
0.4094	1.2007e+005	0.2694	0.5480	0.7628	0.0000	0.0000	0.7628	0.7628	0.7628	0.0000	0.0000	
0.4104	1.1987e+005	0.2693	0.5473	0.7616	0.0000	0.0000	0.7616	0.7616	0.7616	0.0000	0.0000	
0.4114	1.1966e+005	0.2693	0.5467	0.7605	0.0000	0.0000	0.7605	0.7605	0.7605	0.0000	0.0000	
0.4124	1.1946e+005	0.2693	0.5460	0.7593	0.0000	0.0000	0.7593	0.7593	0.7593	0.0000	0.0000	
0.4134	1.1926e+005	0.2693	0.5451	0.7582	0.0000	0.0000	0.7582	0.7582	0.7582	0.0000	0.0000	
0.4144	1.1905e+005	0.2681	0.5441	0.7570	0.0000	0.0000	0.7570	0.7570	0.7570	0.0000	0.0000	
0.4154	1.1885e+005	0.2535	0.5394	0.7556	0.0000	0.0000	0.7556	0.7556	0.7556	0.0000	0.0000	
0.4164	1.1865e+005	0.2535	0.5387	0.7544	0.0000	0.0000	0.7544	0.7544	0.7544	0.0000	0.0000	
0.4174	1.1844e+005	0.2533	0.5380	0.7533	0.0000	0.0000	0.7533	0.7533	0.7533	0.0000	0.0000	
0.4184	1.1824e+005	0.2533	0.5373	0.7521	0.0000	0.0000	0.7521	0.7521	0.7521	0.0000	0.0000	
0.4194	1.1804e+005	0.2533	0.5367	0.7509	0.0000	0.0000	0.7509	0.7509	0.7509	0.0000	0.0000	
0.4204	1.1784e+005	0.2533	0.5360	0.7497	0.0000	0.0000	0.7497	0.7497	0.7497	0.0000	0.0000	
0.4214	1.1763e+005	0.2533	0.5354	0.7486	0.0000	0.0000	0.7486	0.7486	0.7486	0.0000	0.0000	
0.4224	1.1743e+005	0.2533	0.5346	0.7474	0.0000	0.0000	0.7474	0.7474	0.7474	0.0000	0.0000	
0.4234	1.1723e+005	0.2519	0.5336	0.7462	0.0000	0.0000	0.7462	0.7462	0.7462	0.0000	0.0000	
0.4244	1.1702e+005	0.2519	0.5328	0.7450	0.0000	0.0000	0.7450	0.7450	0.7450	0.0000	0.0000	
0.4254	1.1682e+005	0.2519	0.5321	0.7438	0.0000	0.0000	0.7438	0.7438	0.7438	0.0000	0.0000	
0.4264	1.1662e+005	0.2519	0.5314	0.7426	0.0000	0.0000	0.7426	0.7426	0.7426	0.0000	0.0000	
0.4274	1.1642e+005	0.2519	0.5306	0.7413	0.0000	0.0000	0.7413	0.7413	0.7413	0.0000	0.0000	
0.4284	1.1621e+005	0.2519	0.5300	0.7402	0.0000	0.0000	0.7402	0.7402	0.7402	0.0000	0.0000	
0.4294	1.1601e+005	0.2519	0.5293	0.7389	0.0000	0.0000	0.7389	0.7389	0.7389	0.0000	0.0000	
0.4304	1.1581e+005	0.2518	0.5284	0.7377	0.0000	0.0000	0.7377	0.7377	0.7377	0.0000	0.0000	
0.4314	1.156e+005	0.2518	0.5278	0.7365	0.0000	0.0000	0.7365	0.7365	0.7365	0.0000	0.0000	
0.4324	1.154e+005	0.2513	0.5270	0.7353	0.0000	0.0000	0.7353	0.7353	0.7353	0.0000	0.0000	
0.4334	1.152e+005	0.2513	0.5263	0.7340	0.0000	0.0000	0.7340	0.7340	0.7340	0.0000	0.0000	
0.4344	1.1499e+005	0.2513	0.5253	0.7328	0.0000	0.0000	0.7328	0.7328	0.7328	0.0000	0.0000	
0.4354	1.1479e+005	0.2513	0.5244	0.7315	0.0000	0.0000	0.7315	0.7315	0.7315	0.0000	0.0000	
0.4364	1.1459e+005	0.2513	0.5237	0.7303	0.0000	0.0000	0.7303	0.7303	0.7303	0.0000	0.0000	
0.4374	1.1438e+005	0.2513	0.5230	0.7291	0.0000	0.0000	0.7291	0.7291	0.7291	0.0000	0.0000	
0.4384	1.1418e+005	0.2513	0.5222	0.7278	0.0000	0.0000	0.7278	0.7278	0.7278	0.0000	0.0000	
0.4394	1.1398e+005	0.2513	0.5215	0.7266	0.0000	0.0000	0.7266	0.7266	0.7266	0.0000	0.0000	
0.4404	1.1378e+005	0.2513	0.5208	0.7253	0.0000	0.0000	0.7253	0.7253	0.7253	0.0000	0.0000	
0.4414	1.1357e+005	0.2513	0.5201	0.7240	0.0000	0.0000	0.7240	0.7240	0.7240	0.0000	0.0000	
0.4424	1.1337e+005	0.2513	0.5193	0.7228	0.0000	0.0000	0.7228	0.7228	0.7228	0.0000	0.0000	
0.4434	1.1317e+005	0.2513	0.5185	0.7215	0.0000	0.0000	0.7215	0.7215	0.7215	0.0000	0.0000	
0.4444	1.1296e+005	0.2513	0.5178	0.7202	0.0000	0.0000	0.7202	0.7202	0.7202	0.0000	0.0000	
0.4453	1.1276e+005	0.2513	0.5170	0.7189	0.0000	0.0000	0.7189	0.7189	0.7189	0.0000	0.0000	
0.4463	1.1256e+005	0.2513	0.5163	0.7177	0.0000	0.0000	0.7177	0.7177	0.7177	0.0000	0.0000	
0.4473	1.1236e+005	0.2513	0.5156	0.7164	0.0000	0.0000	0.7164	0.7164	0.7164	0.0000	0.0000	
0.4483	1.1215e+005	0.2484	0.5139	0.7151	0.0000	0.0000	0.7151	0.7151	0.7151	0.0000	0.0000	
0.4493	1.1195e+005	0.2484	0.5132	0.7138	0.0000	0.0000	0.7138	0.7138	0.7138	0.0000	0.0000	
0.4503	1.1175e+005	0.2480	0.5122	0.7125	0.0000	0.0000	0.7125	0.7125	0.7125	0.0000	0.0000	
0.4513	1.1154e+005	0.2480	0.5115	0.7112	0.0000	0.0000	0.7112	0.7112	0.7112	0.0000	0.0000	
0.4523	1.1134e+005	0.2480	0.5108	0.7098	0.0000	0.0000	0.7098	0.7098	0.7098	0.0000	0.0000	
0.4533	1.1114e+005	0.2480	0.5101	0.7085	0.0000	0.0000	0.7085	0.7085	0.7085	0.0000	0.0000	
0.4543	1.1093e+005	0.2480	0.5093	0.7072	0.0000	0.0000	0.7072	0.7072	0.7072	0.0000	0.0000	
0.4553	1.1073e+005	0.2441	0.5075	0.7059	0.0000	0.0000	0.7059	0.7059	0.7059	0.0000	0.0000	
0.4563	1.1053e+005	0.2441	0.5067	0.7045	0.0000	0.0000	0.7045	0.7045	0.7045	0.0000	0.0000	
0.4573	1.1032e+005	0.2441	0.5060	0.7032	0.0000	0.0000	0.7032	0.7032	0.7032	0.0000	0.0000	
0.4583	1.1012e+005	0.2331	0.5023	0.7016	0.0000	0.0000	0.7016	0.7016	0.7016	0.0000	0.0000	
0.4593	1.0992e+005	0.2317	0.5011	0.7002	0.0000	0.0000	0.7002	0.7002	0.7002	0.0000	0.0000	
0.4603	1.0972e+005	0.2317	0.5003	0.6989	0.0000	0.0000	0.6989	0.6989	0.6989	0.0000	0.0000	
0.4613	1.0951e+005	0.2317	0.4995	0.6975	0.0000	0.0000	0.6975	0.6975	0.6975	0.0000	0.0000	
0.4623	1.0931e+005	0.2317	0.4988	0.6962	0.0000	0.0000	0.6962	0.6962	0.6962	0.0000	0.0000	
0.4633	1.0911e+005	0.2317	0.4981	0.6949	0.0000	0.0000	0.6949	0.6949	0.6949	0.0000	0.0000	
0.4643	1.089e+005	0.2316	0.4974	0.6935	0.0000	0.0000	0.6935	0.6935	0.6935	0.0000	0.0000	
0.4653	1.087e+005	0.2316	0.4967	0.6921	0.0000	0.0000	0.6921	0.6921	0.6921	0.0000	0.0000	
0.4663	1.085e+005	0.2316	0.4960	0.6908	0.0000	0.0000	0.6908	0.6908	0.6908	0.0000	0.0000	
0.4673	1.083e+005	0.2316	0.4953	0.6894	0.0000	0.0000	0.6894	0.6894	0.6894	0.0000	0.0000	
0.4683	1.0809e+005	0.2316	0.4944	0.6880	0.0000	0.0000	0.6880	0.6880	0.6880	0.0000	0.0000	
0.4693	1.0789e+005	0.2316	0.4937	0.6867	0.0000	0.0000	0.6867	0.6867	0.6867	0.0000	0.0000	
0.4703	1.0769e+005	0.2316	0.4931	0.6853	0.0000	0.0000	0.6853	0.6853	0.6853	0.0000	0.0000	
0.4713	1.0748e+005	0.2316	0.4922	0.6839	0.0000	0.0000	0.6839	0.6839	0.6839	0.0000	0.0000	
0.4723	1.0728e+005	0.2316	0.4915	0.6825	0.0000	0.0000	0.6825	0.6825	0.6825	0.0000	0.0000	
0.4733	1.0708e+005	0.2316	0.4908	0.6811	0.0000	0.0000	0.6811	0.6811	0.6811	0.0000	0.0000	
0.4743	1.0687e+005	0.2316	0.4900	0.6797	0.0000	0.0000	0.6797	0.6797	0.6797	0.0000	0.0000	
0.4753	1.0667e+005	0.2315	0.4892	0.6782	0.0000	0.0000	0.6782	0.6782	0.6782	0.0000	0.0000	
0.4763	1.0647e+005	0.2311	0.4882	0.6768	0.0000	0.0000	0.6768	0.6768	0.6768	0.0000	0.0000	
0.4773	1.0626e+005	0.2311	0.4874	0.6754	0.0000	0.0000	0.6754	0.6754	0.6754	0.0000	0.0000	
0.4783	1.0606e+005	0.2311	0.4867	0.6740	0.0000	0.0000	0.6740	0.6740	0.6740	0.0000	0.0000	
0.4793	1.0586e+005	0.2311	0.4859	0.6725	0.0000	0.0000	0.6725	0.6725	0.6725	0.0000	0.0000	
0.4803	1.0566e+005	0.2310	0.4851	0.6711	0.0000	0.0000	0.6711	0.6711	0.6711	0.0000	0.0000	
0.4813	1.0545e+005	0.2309	0.4843	0.6696	0.0000	0.0000	0.6696	0.6696	0.6696	0.0000	0.0000	
0.4823	1.0525e+005	0.2309	0.4836	0.6682	0.0000	0.0000	0.6682	0.6682	0.6682	0.0000	0.0000	
0.4833	1.0505e+005	0.2307	0.4827	0.6668	0.0000	0.0000	0.6668	0.6668	0.6668	0.0000	0.0000	
0.4843	1.0484e+005	0.2305	0.4819	0.6655	0.0000	0.0000	0.6655	0.6655	0.6655	0.0000	0.0000	
0.4853	1.0464e+005	0.2305	0.4811	0.6641	0.0000	0.0000	0.6641	0.6641	0.6641	0.0000	0.0000	
0.4863	1.0444e+005	0.2305	0.4803	0.6626	0.0000	0.0000	0.6626	0.6626	0.6626	0.0000	0.0000	
0.4873	1.0424e+005	0.2305	0.4796	0.6613	0.0000	0.0000	0.6613	0.6613	0.6613	0.0000	0.0000	
0.4883	1.0403e+005	0.2305	0.4789	0.6602	0.0000	0.0000	0.6602	0.6602	0.6602	0.0000	0.0000	
0.4893	1.0383e+005	0.2270	0.4773	0.6588	0.0000	0.0000	0.6588	0.6588	0.6588	0.0000	0.0000	
0.4903	1.0363e+005	0.2251	0.4761	0.6574	0.0000	0.0000	0.6574	0.6574	0.6574	0.0000	0.0000	
0.4913	1.0342e+005	0.2251	0.4754	0.6560	0.0000	0.0000	0.6560	0.6560	0.6560	0.0000	0.0000	
0.4923	1.0322e+005	0.2251	0.4745	0.6545	0.0000	0.0000	0.6545	0.6545	0.6545	0.0000	0.0000	
0.4933	1.0302e+005	0.2240	0.4735	0.6531	0.0000	0.0000	0.6531	0.6531	0.6531	0.0000	0.0000	
0.4943	1.0281e+005	0.2240	0.4727	0.6516	0.0000	0.0000	0.6516	0.6516	0.6516	0.0000	0.0000	
0.4953	1.0261e+005	0.2222	0.4715	0.6501	0.0000	0.0000	0.6501	0.6501	0.6501	0.0000	0.0000	
0.4963	1.0241e+005	0.2222	0.4707	0.6486	0.0000	0.0000	0.6486	0.6486	0.6486	0.0000	0.0000	
0.4973	1.022e+005	0.2220	0.4698	0.6471	0.0000	0.0000	0.6471	0.6471	0.6471	0.0000	0.0000	
0.4983	1.02e+005 	0.2209	0.4685	0.6456	0.0000	0.0000	0.6456	0.6456	0.6456	0.0000	0.0000	
0.4993	1.018e+005	0.2204	0.4676	0.6441	0.0000	0.0000	0.6441	0.6441	0.6441	0.0000	0.0000	
0.5003	1.016e+005	0.2204	0.4670	0.6426	0.0000	0.0000	0.6426	0.6426	0.6426	0.0000	0.0000	
0.5013	1.0139e+005	0.2204	0.4660	0.6411	0.0000	0.0000	0.6411	0.6411	0.6411	0.0000	0.0000	
0.5023	1.0119e+005	0.2194	0.4650	0.6395	0.0000	0.0000	0.6395	0.6395	0.6395	0.0000	0.0000	
0.5033	1.0099e+005	0.2193	0.4641	0.6380	0.0000	0.0000	0.6380	0.6380	0.6380	0.0000	0.0000	
0.5043	1.0078e+005	0.2186	0.4631	0.6365	0.0000	0.0000	0.6365	0.6365	0.6365	0.0000	0.0000	
0.5053	1.0058e+005	0.2186	0.4622	0.6349	0.0000	0.0000	0.6349	0.6349	0.6349	0.0000	0.0000	
0.5063	1.0038e+005	0.2177	0.4612	0.6334	0.0000	0.0000	0.6334	0.6334	0.6334	0.0000	0.0000	
0.5073	1.0018e+005	0.2177	0.4605	0.6320	0.0000	0.0000	0.6320	0.6320	0.6320	0.0000	0.0000	
0.5083	99972     	0.2177	0.4598	0.6304	0.0000	0.0000	0.6304	0.6304	0.6304	0.0000	0.0000	
0.5093	99769     	0.2176	0.4591	0.6289	0.0000	0.0000	0.6289	0.6289	0.6289	0.0000	0.0000	
0.5103	99566     	0.2176	0.4584	0.6273	0.0000	0.0000	0.6273	0.6273	0.6273	0.0000	0.0000	
0.5113	99363     	0.2136	0.4566	0.6257	0.0000	0.0000	0.6257	0.6257	0.6257	0.0000	0.0000	
0.5123	99160     	0.2136	0.4557	0.6241	0.0000	0.0000	0.6241	0.6241	0.6241	0.0000	0.0000	
0.5132	98957     	0.2135	0.4549	0.6225	0.0000	0.0000	0.6225	0.6225	0.6225	0.0000	0.0000	
0.5142	98754     	0.2134	0.4541	0.6210	0.0000	0.0000	0.6210	0.6210	0.6210	0.0000	0.0000	
0.5152	98551     	0.2100	0.4523	0.6194	0.0000	0.0000	0.6194	0.6194	0.6194	0.0000	0.0000	
0.5162	98348     	0.2100	0.4512	0.6178	0.0000	0.0000	0.6178	0.6178	0.6178	0.0000	0.0000	
0.5172	98145     	0.2099	0.4505	0.6162	0.0000	0.0000	0.6162	0.6162	0.6162	0.0000	0.0000	
0.5182	97942     	0.2099	0.4497	0.6146	0.0000	0.0000	0.6146	0.6146	0.6146	0.0000	0.0000	
0.5192	97739     	0.2099	0.4488	0.6130	0.0000	0.0000	0.6130	0.6130	0.6130	0.0000	0.0000	
0.5202	97536     	0.2097	0.4480	0.6114	0.0000	0.0000	0.6114	0.6114	0.6114	0.0000	0.0000	
0.5212	97333     	0.2095	0.4471	0.6098	0.0000	0.0000	0.6098	0.6098	0.6098	0.0000	0.0000	
0.5222	97130     	0.2095	0.4462	0.6082	0.0000	0.0000	0.6082	0.6082	0.6082	0.0000	0.0000	
0.5232	96927     	0.2095	0.4452	0.6065	0.0000	0.0000	0.6065	0.6065	0.6065	0.0000	0.0000	
0.5242	96724     	0.2095	0.4444	0.6049	0.0000	0.0000	0.6049	0.6049	0.6049	0.0000	0.0000	
0.5252	96521     	0.2095	0.4435	0.6033	0.0000	0.0000	0.6033	0.6033	0.6033	0.0000	0.0000	
0.5262	96318     	0.2078	0.4422	0.6016	0.0000	0.0000	0.6016	0.6016	0.6016	0.0000	0.0000	
0.5272	96115     	0.2078	0.4413	0.6000	0.0000	0.0000	0.6000	0.6000	0.6000	0.0000	0.0000	
0.5282	95912     	0.2077	0.4405	0.5983	0.0000	0.0000	0.5983	0.5983	0.5983	0.0000	0.0000	
0.5292	95709     	0.2074	0.4397	0.5967	0.0000	0.0000	0.5967	0.5967	0.5967	0.0000	0.0000	
0.5302	95506     	0.2074	0.4389	0.5950	0.0000	0.0000	0.5950	0.5950	0.5950	0.0000	0.0000	
0.5312	95303     	0.2073	0.4380	0.5933	0.0000	0.0000	0.5933	0.5933	0.5933	0.0000	0.0000	
0.5322	95100     	0.2073	0.4372	0.5917	0.0000	0.0000	0.5917	0.5917	0.5917	0.0000	0.0000	
0.5332	94897     	0.2073	0.4363	0.5900	0.0000	0.0000	0.5900	0.5900	0.5900	0.0000	0.0000	
0.5342	94694     	0.2072	0.4355	0.5883	0.0000	0.0000	0.5883	0.5883	0.5883	0.0000	0.0000	
0.5352	94491     	0.2071	0.4348	0.5866	0.0000	0.0000	0.5866	0.5866	0.5866	0.0000	0.0000	
0.5362	94288     	0.2066	0.4337	0.5849	0.0000	0.0000	0.5849	0.5849	0.5849	0.0000	0.0000	
0.5372	94085     	0.2065	0.4328	0.5832	0.0000	0.0000	0.5832	0.5832	0.5832	0.0000	0.0000	
0.5382	93882     	0.2063	0.4318	0.5815	0.0000	0.0000	0.5815	0.5815	0.5815	0.0000	0.0000	
0.5392	93679     	0.2063	0.4310	0.5798	0.0000	0.0000	0.5798	0.5798	0.5798	0.0000	0.0000	
0.5402	93476     	0.2058	0.4300	0.5781	0.0000	0.0000	0.5781	0.5781	0.5781	0.0000	0.0000	
0.5412	93273     	0.2058	0.4293	0.5764	0.0000	0.0000	0.5764	0.5764	0.5764	0.0000	0.0000	
0.5422	93070     	0.2058	0.4284	0.5747	0.0000	0.0000	0.5747	0.5747	0.5747	0.0000	0.0000	
0.5432	92867     	0.2058	0.4276	0.5729	0.0000	0.0000	0.5729	0.5729	0.5729	0.0000	0.0000	
0.5442	92664     	0.2055	0.4266	0.5712	0.0000	0.0000	0.5712	0.5712	0.5712	0.0000	0.0000	
0.5452	92461     	0.2055	0.4258	0.5695	0.0000	0.0000	0.5695	0.5695	0.5695	0.0000	0.0000	
0.5462	92258     	0.2054	0.4249	0.5677	0.0000	0.0000	0.5677	0.5677	0.5677	0.0000	0.0000	
0.5472	92055     	0.2002	0.4227	0.5659	0.0000	0.0000	0.5659	0.5659	0.5659	0.0000	0.0000	
0.5482	91852     	0.1987	0.4215	0.5641	0.0000	0.0000	0.5641	0.5641	0.5641	0.0000	0.0000	
0.5492	91649     	0.1983	0.4204	0.5624	0.0000	0.0000	0.5624	0.5624	0.5624	0.0000	0.0000	
0.5502	91446     	0.1983	0.4194	0.5606	0.0000	0.0000	0.5606	0.5606	0.5606	0.0000	0.0000	
0.5512	91243     	0.1979	0.4184	0.5589	0.0000	0.0000	0.5589	0.5589	0.5589	0.0000	0.0000	
0.5522	91040     	0.1950	0.4166	0.5571	0.0000	0.0000	0.5571	0.5571	0.5571	0.0000	0.0000	
0.5532	90837     	0.1950	0.4157	0.5553	0.0000	0.0000	0.5553	0.5553	0.5553	0.0000	0.0000	
0.5542	90634     	0.1950	0.4149	0.5536	0.0000	0.0000	0.5536	0.5536	0.5536	0.0000	0.0000	
0.5552	90431     	0.1894	0.4126	0.5519	0.0000	0.0000	0.5519	0.5519	0.5519	0.0000	0.0000	
0.5562	90228     	0.1734	0.4079	0.5502	0.0000	0.0000	0.5502	0.5502	0.5502	0.0000	0.0000	
0.5572	90025     	0.1724	0.4067	0.5485	0.0000	0.0000	0.5485	0.5485	0.5485	0.0000	0.0000	
0.5582	89822     	0.1724	0.4059	0.5467	0.0000	0.0000	0.5467	0.5467	0.5467	0.0000	0.0000	
0.5592	89619     	0.1724	0.4050	0.5449	0.0000	0.0000	0.5449	0.5449	0.5449	0.0000	0.0000	
0.5602	89416     	0.1723	0.4041	0.5431	0.0000	0.0000	0.5431	0.5431	0.5431	0.0000	0.0000	
0.5612	89213     	0.1723	0.4033	0.5413	0.0000	0.0000	0.5413	0.5413	0.5413	0.0000	0.0000	
0.5622	89010     	0.1723	0.4025	0.5395	0.0000	0.0000	0.5395	0.5395	0.5395	0.0000	0.0000	
0.5632	88807     	0.1718	0.4015	0.5377	0.0000	0.0000	0.5377	0.5377	0.5377	0.0000	0.0000	
0.5642	88604     	0.1718	0.4006	0.5358	0.0000	0.0000	0.5358	0.5358	0.5358	0.0000	0.0000	
0.5652	88401     	0.1718	0.3997	0.5340	0.0000	0.0000	0.5340	0.5340	0.5340	0.0000	0.0000	
0.5662	88198     	0.1711	0.3986	0.5322	0.0000	0.0000	0.5322	0.5322	0.5322	0.0000	0.0000	
0.5672	87995     	0.1711	0.3978	0.5303	0.0000	0.0000	0.5303	0.5303	0.5303	0.0000	0.0000	
0.5682	87792     	0.1709	0.3969	0.5285	0.0000	0.0000	0.5285	0.5285	0.5285	0.0000	0.0000	
0.5692	87589     	0.1709	0.3960	0.5266	0.0000	0.0000	0.5266	0.5266	0.5266	0.0000	0.0000	
0.5702	87386     	0.1699	0.3948	0.5248	0.0000	0.0000	0.5248	0.5248	0.5248	0.0000	0.0000	
0.5712	87183     	0.1699	0.3940	0.5229	0.0000	0.0000	0.5229	0.5229	0.5229	0.0000	0.0000	
0.5722	86980     	0.1699	0.3930	0.5210	0.0000	0.0000	0.5210	0.5210	0.5210	0.0000	0.0000	
0.5732	86777     	0.1699	0.3918	0.5191	0.0000	0.0000	0.5191	0.5191	0.5191	0.0000	0.0000	
0.5742	86574     	0.1691	0.3905	0.5173	0.0000	0.0000	0.5173	0.5173	0.5173	0.0000	0.0000	
0.5752	86371     	0.1691	0.3897	0.5154	0.0000	0.0000	0.5154	0.5154	0.5154	0.0000	0.0000	
0.5762	86168     	0.1691	0.3887	0.5135	0.0000	0.0000	0.5135	0.5135	0.5135	0.0000	0.0000	
0.5772	85965     	0.1691	0.3879	0.5116	0.0000	0.0000	0.5116	0.5116	0.5116	0.0000	0.0000	
0.5782	85762     	0.1690	0.3869	0.5097	0.0000	0.0000	0.5097	0.5097	0.5097	0.0000	0.0000	
0.5792	85559     	0.1687	0.3858	0.5077	0.0000	0.0000	0.5077	0.5077	0.5077	0.0000	0.0000	
0.5801	85356     	0.1687	0.3850	0.5058	0.0000	0.0000	0.5058	0.5058	0.5058	0.0000	0.0000	
0.5811	85153     	0.1686	0.3841	0.5039	0.0000	0.0000	0.5039	0.5039	0.5039	0.0000	0.0000	
0.5821	84950     	0.1686	0.3832	0.5020	0.0000	0.0000	0.5020	0.5020	0.5020	0.0000	0.0000	
0.5831	84747     	0.1686	0.3824	0.5001	0.0000	0.0000	0.5001	0.5001	0.5001	0.0000	0.0000	
0.5841	84544     	0.1686	0.3815	0.4982	0.0000	0.0000	0.4982	0.4982	0.4982	0.0000	0.0000	
0.5851	84341     	0.1686	0.3804	0.4962	0.0000	0.0000	0.4962	0.4962	0.4962	0.0000	0.0000	
0.5861	84138     	0.1686	0.3795	0.4943	0.0000	0.0000	0.4943	0.4943	0.4943	0.0000	0.0000	
0.5871	83935     	0.1686	0.3787	0.4924	0.0000	0.0000	0.4924	0.4924	0.4924	0.0000	0.0000	
0.5881	83732     	0.1685	0.3778	0.4904	0.0000	0.0000	0.4904	0.4904	0.4904	0.0000	0.0000	
0.5891	83529     	0.1685	0.3769	0.4885	0.0000	0.0000	0.4885	0.4885	0.4885	0.0000	0.0000	
0.5901	83326     	0.1685	0.3760	0.4866	0.0000	0.0000	0.4866	0.4866	0.4866	0.0000	0.0000	
0.5911	83123     	0.1680	0.3748	0.4846	0.0000	0.0000	0.4846	0.4846	0.4846	0.0000	0.0000	
0.5921	82920     	0.1680	0.3739	0.4826	0.0000	0.0000	0.4826	0.4826	0.4826	0.0000	0.0000	
0.5931	82717     	0.1679	0.3728	0.4807	0.0000	0.0000	0.4807	0.4807	0.4807	0.0000	0.0000	
0.5941	82514     	0.1679	0.3720	0.4787	0.0000	0.0000	0.4787	0.4787	0.4787	0.0000	0.0000	
0.5951	82311     	0.1666	0.3707	0.4767	0.0000	0.0000	0.4767	0.4767	0.4767	0.0000	0.0000	
0.5961	82108     	0.1666	0.3697	0.4747	0.0000	0.0000	0.4747	0.4747	0.4747	0.0000	0.0000	
0.5971	81905     	0.1666	0.3688	0.4728	0.0000	0.0000	0.4728	0.4728	0.4728	0.0000	0.0000	
0.5981	81702     	0.1666	0.3678	0.4708	0.0000	0.0000	0.4708	0.4708	0.4708	0.0000	0.0000	
0.5991	81499     	0.1666	0.3670	0.4688	0.0000	0.0000	0.4688	0.4688	0.4688	0.0000	0.0000	
0.6001	81296     	0.1666	0.3660	0.4667	0.0000	0.0000	0.4667	0.4667	0.4667	0.0000	0.0000	
0.6011	81093     	0.1666	0.3650	0.4647	0.0000	0.0000	0.4647	0.4647	0.4647	0.0000	0.0000	
0.6021	80890     	0.1662	0.3639	0.4627	0.0000	0.0000	0.4627	0.4627	0.4627	0.0000	0.0000	
0.6031	80687     	0.1662	0.3629	0.4607	0.0000	0.0000	0.4607	0.4607	0.4607	0.0000	0.0000	
0.6041	80484     	0.1662	0.3620	0.4587	0.0000	0.0000	0.4587	0.4587	0.4587	0.0000	0.0000	
0.6051	80281     	0.1647	0.3607	0.4566	0.0000	0.0000	0.4566	0.4566	0.4566	0.0000	0.0000	
0.6061	80078     	0.1647	0.3598	0.4546	0.0000	0.0000	0.4546	0.4546	0.4546	0.0000	0.0000	
0.6071	79875     	0.1645	0.3586	0.4525	0.0000	0.0000	0.4525	0.4525	0.4525	0.0000	0.0000	
0.6081	79672     	0.1645	0.3577	0.4504	0.0000	0.0000	0.4504	0.4504	0.4504	0.0000	0.0000	
0.6091	79469     	0.1645	0.3566	0.4484	0.0000	0.0000	0.4484	0.4484	0.4484	0.0000	0.0000	
0.6101	79266     	0.1645	0.3557	0.4463	0.0000	0.0000	0.4463	0.4463	0.4463	0.0000	0.0000	
0.6111	79063     	0.1645	0.3548	0.4442	0.0000	0.0000	0.4442	0.4442	0.4442	0.0000	0.0000	
0.6121	78860     	0.1645	0.3539	0.4421	0.0000	0.0000	0.4421	0.4421	0.4421	0.0000	0.0000	
0.6131	78657     	0.1638	0.3528	0.4400	0.0000	0.0000	0.4400	0.4400	0.4400	0.0000	0.0000	
0.6141	78454     	0.1635	0.3518	0.4378	0.0000	0.0000	0.4378	0.4378	0.4378	0.0000	0.0000	
0.6151	78251     	0.1635	0.3508	0.4357	0.0000	0.0000	0.4357	0.4357	0.4357	0.0000	0.0000	
0.6161	78048     	0.1631	0.3498	0.4337	0.0000	0.0000	0.4337	0.4337	0.4337	0.0000	0.0000	
0.6171	77845     	0.1628	0.3491	0.4328	0.0000	0.0000	0.4328	0.4328	0.4328	0.0000	0.0000	
0.6181	77642     	0.1628	0.3487	0.4324	0.0000	0.0000	0.4324	0.4324	0.4324	0.0000	0.0000	
0.6191	77439     	0.1627	0.3482	0.4318	0.0000	0.0000	0.4318	0.4318	0.4318	0.0000	0.0000	
0.6201	77236     	0.1627	0.3477	0.4311	0.0000	0.0000	0.4311	0.4311	0.4311	0.0000	0.0000	
0.6211	77033     	0.1627	0.3473	0.4306	0.0000	0.0000	0.4306	0.4306	0.4306	0.0000	0.0000	
0.6221	76830     	0.1627	0.3467	0.4299	0.0000	0.0000	0.4299	0.4299	0.4299	0.0000	0.0000	
0.6231	76627     	0.1627	0.3462	0.4293	0.0000	0.0000	0.4293	0.4293	0.4293	0.0000	0.0000	
0.6241	76424     	0.1627	0.3458	0.4286	0.0000	0.0000	0.4286	0.4286	0.4286	0.0000	0.0000	
0.6251	76221     	0.1627	0.3453	0.4279	0.0000	0.0000	0.4279	0.4279	0.4279	0.0000	0.0000	
0.6261	76018     	0.1627	0.3448	0.4272	0.0000	0.0000	0.4272	0.4272	0.4272	0.0000	0.0000	
0.6271	75815     	0.1613	0.3438	0.4261	0.0000	0.0000	0.4261	0.4261	0.4261	0.0000	0.0000	
0.6281	75612     	0.1613	0.3432	0.4250	0.0000	0.0000	0.4250	0.4250	0.4250	0.0000	0.0000	
0.6291	75409     	0.1612	0.3427	0.4245	0.0000	0.0000	0.4245	0.4245	0.4245	0.0000	0.0000	
0.6301	75206     	0.1612	0.3422	0.4238	0.0000	0.0000	0.4238	0.4238	0.4238	0.0000	0.0000	
0.6311	75003     	0.1612	0.3417	0.4231	0.0000	0.0000	0.4231	0.4231	0.4231	0.0000	0.0000	
0.6321	74800     	0.1612	0.3412	0.4224	0.0000	0.0000	0.4224	0.4224	0.4224	0.0000	0.0000	
0.6331	74597     	0.1611	0.3407	0.4217	0.0000	0.0000	0.4217	0.4217	0.4217	0.0000	0.0000	
0.6341	74394     	0.1611	0.3402	0.4211	0.0000	0.0000	0.4211	0.4211	0.4211	0.0000	0.0000	
0.6351	74191     	0.1611	0.3397	0.4204	0.0000	0.0000	0.4204	0.4204	0.4204	0.0000	0.0000	
0.6361	73988     	0.1611	0.3391	0.4196	0.0000	0.0000	0.4196	0.4196	0.4196	0.0000	0.0000	
0.6371	73785     	0.1611	0.3387	0.4189	0.0000	0.0000	0.4189	0.4189	0.4189	0.0000	0.0000	
0.6381	73582     	0.1611	0.3382	0.4182	0.0000	0.0000	0.4182	0.4182	0.4182	0.0000	0.0000	
0.6391	73379     	0.1611	0.3376	0.4175	0.0000	0.0000	0.4175	0.4175	0.4175	0.0000	0.0000	
0.6401	73176     	0.1611	0.3372	0.4168	0.0000	0.0000	0.4168	0.4168	0.4168	0.0000	0.0000	
0.6411	72973     	0.1611	0.3367	0.4160	0.0000	0.0000	0.4160	0.4160	0.4160	0.0000	0.0000	
0.6421	72770     	0.1611	0.3363	0.4153	0.0000	0.0000	0.4153	0.4153	0.4153	0.0000	0.0000	
0.6431	72567     	0.1610	0.3357	0.4145	0.0000	0.0000	0.4145	0.4145	0.4145	0.0000	0.0000	
0.6441	72364     	0.1610	0.3352	0.4139	0.0000	0.0000	0.4139	0.4139	0.4139	0.0000	0.0000	
0.6451	72161     	0.1609	0.3345	0.4131	0.0000	0.0000	0.4131	0.4131	0.4131	0.0000	0.0000	
0.6461	71958     	0.1608	0.3339	0.4123	0.0000	0.0000	0.4123	0.4123	0.4123	0.0000	0.0000	
0.6471	71755     	0.1608	0.3335	0.4117	0.0000	0.0000	0.4117	0.4117	0.4117	0.0000	0.0000	
0.6480	71552     	0.1607	0.3330	0.4110	0.0000	0.0000	0.4110	0.4110	0.4110	0.0000	0.0000	
0.6490	71349     	0.1607	0.3325	0.4103	0.0000	0.0000	0.4103	0.4103	0.4103	0.0000	0.0000	
0.6500	71146     	0.1607	0.3321	0.4097	0.0000	0.0000	0.4097	0.4097	0.4097	0.0000	0.0000	
0.6510	70943     	0.1606	0.3315	0.4089	0.0000	0.0000	0.4089	0.4089	0.4089	0.0000	0.0000	
0.6520	70740     	0.1605	0.3309	0.4082	0.0000	0.0000	0.4082	0.4082	0.4082	0.0000	0.0000	
0.6530	70537     	0.1605	0.3305	0.4074	0.0000	0.0000	0.4074	0.4074	0.4074	0.0000	0.0000	
0.6540	70334     	0.1603	0.3299	0.4066	0.0000	0.0000	0.4066	0.4066	0.4066	0.0000	0.0000	
0.6550	70131     	0.1603	0.3294	0.4059	0.0000	0.0000	0.4059	0.4059	0.4059	0.0000	0.0000	
0.6560	69928     	0.1602	0.3288	0.4052	0.0000	0.0000	0.4052	0.4052	0.4052	0.0000	0.0000	
0.6570	69725     	0.1602	0.3283	0.4045	0.0000	0.0000	0.4045	0.4045	0.4045	0.0000	0.0000	
0.6580	69522     	0.1602	0.3278	0.4038	0.0000	0.0000	0.4038	0.4038	0.4038	0.0000	0.0000	
0.6590	69319     	0.1602	0.3273	0.4030	0.0000	0.0000	0.4030	0.4030	0.4030	0.0000	0.0000	
0.6600	69116     	0.1601	0.3268	0.4023	0.0000	0.0000	0.4023	0.4023	0.4023	0.0000	0.0000	
0.6610	68913     	0.1601	0.3263	0.4015	0.0000	0.0000	0.4015	0.4015	0.4015	0.0000	0.0000	
0.6620	68710     	0.1601	0.3258	0.4008	0.0000	0.0000	0.4008	0.4008	0.4008	0.0000	0.0000	
0.6630	68507     	0.1598	0.3251	0.4000	0.0000	0.0000	0.4000	0.4000	0.4000	0.0000	0.0000	
0.6640	68304     	0.1598	0.3245	0.3993	0.0000	0.0000	0.3993	0.3993	0.3993	0.0000	0.0000	
0.6650	68101     	0.1598	0.3239	0.3985	0.0000	0.0000	0.3985	0.3985	0.3985	0.0000	0.0000	
0.6660	67898     	0.1598	0.3234	0.3977	0.0000	0.0000	0.3977	0.3977	0.3977	0.0000	0.0000	
0.6670	67695     	0.1598	0.3229	0.3970	0.0000	0.0000	0.3970	0.3970	0.3970	0.0000	0.0000	
0.6680	67492     	0.1598	0.3224	0.3962	0.0000	0.0000	0.3962	0.3962	0.3962	0.0000	0.0000	
0.6690	67289     	0.1597	0.3219	0.3955	0.0000	0.0000	0.3955	0.3955	0.3955	0.0000	0.0000	
0.6700	67086     	0.1597	0.3212	0.3947	0.0000	0.0000	0.3947	0.3947	0.3947	0.0000	0.0000	
0.6710	66883     	0.1597	0.3206	0.3939	0.0000	0.0000	0.3939	0.3939	0.3939	0.0000	0.0000	
0.6720	66680     	0.1596	0.3201	0.3935	0.0000	0.0000	0.3930	0.3930	0.3930	0.0000	0.0000	
0.6730	66477     	0.1596	0.3196	0.3932	0.0000	0.0000	0.3923	0.3923	0.3923	0.0000	0.0000	
0.6740	66274     	0.1596	0.3190	0.3930	0.0000	0.0000	0.3915	0.3915	0.3915	0.0000	0.0000	
0.6750	66071     	0.1596	0.3186	0.3929	0.0000	0.0000	0.3907	0.3907	0.3907	0.0000	0.0000	
0.6760	65868     	0.1596	0.3180	0.3927	0.0000	0.0000	0.3899	0.3899	0.3899	0.0000	0.0000	
0.6770	65665     	0.1596	0.3175	0.3925	0.0000	0.0000	0.3891	0.3891	0.3891	0.0000	0.0000	
0.6780	65462     	0.1596	0.3170	0.3921	0.0000	0.0000	0.3883	0.3883	0.3883	0.0000	0.0000	
0.6790	65259     	0.1596	0.3165	0.3921	0.0000	0.0000	0.3875	0.3875	0.3875	0.0000	0.0000	
0.6800	65056     	0.1590	0.3158	0.3918	0.0000	0.0000	0.3868	0.3868	0.3868	0.0000	0.0000	
0.6810	64853     	0.1590	0.3153	0.3915	0.0000	0.0000	0.3860	0.3860	0.3860	0.0000	0.0000	
0.6820	64650     	0.1590	0.3148	0.3914	0.0000	0.0000	0.3851	0.3851	0.3851	0.0000	0.0000	
0.6830	64447     	0.1590	0.3143	0.3912	0.0000	0.0000	0.3843	0.3843	0.3843	0.0000	0.0000	
0.6840	64244     	0.1590	0.3137	0.3910	0.0000	0.0000	0.3835	0.3835	0.3835	0.0000	0.0000	
0.6850	64041     	0.1587	0.3132	0.3910	0.0000	0.0000	0.3827	0.3827	0.3827	0.0000	0.0000	
0.6860	63838     	0.1587	0.3127	0.3908	0.0000	0.0000	0.3820	0.3820	0.3820	0.0000	0.0000	
0.6870	63635     	0.1587	0.3122	0.3906	0.0000	0.0000	0.3812	0.3812	0.3812	0.0000	0.0000	
0.6880	63432     	0.1587	0.3116	0.3904	0.0000	0.0000	0.3804	0.3804	0.3804	0.0000	0.0000	
0.6890	63229     	0.1585	0.3111	0.3903	0.0000	0.0000	0.3795	0.3795	0.3795	0.0000	0.0000	
0.6900	63026     	0.1583	0.3105	0.3900	0.0000	0.0000	0.3787	0.3787	0.3787	0.0000	0.0000	
0.6910	62823     	0.1583	0.3099	0.3895	0.0000	0.0000	0.3778	0.3778	0.3778	0.0000	0.0000	
0.6920	62620     	0.1583	0.3094	0.3894	0.0000	0.0000	0.3770	0.3770	0.3770	0.0000	0.0000	
0.6930	62417     	0.1583	0.3088	0.3893	0.0000	0.0000	0.3761	0.3761	0.3761	0.0000	0.0000	
0.6940	62214     	0.1582	0.3082	0.3886	0.0000	0.0000	0.3753	0.3753	0.3753	0.0000	0.0000	
0.6950	62011     	0.1581	0.3077	0.3886	0.0000	0.0000	0.3744	0.3744	0.3744	0.0000	0.0000	
0.6960	61808     	0.1581	0.3071	0.3884	0.0000	0.0000	0.3736	0.3736	0.3736	0.0000	0.0000	
0.6970	61605     	0.1581	0.3066	0.3882	0.0000	0.0000	0.3728	0.3728	0.3728	0.0000	0.0000	
0.6980	61402     	0.1581	0.3061	0.3880	0.0000	0.0000	0.3719	0.3719	0.3719	0.0000	0.0000	
0.6990	61199     	0.1581	0.3054	0.3875	0.0000	0.0000	0.3710	0.3710	0.3710	0.0000	0.0000	
0.7000	60996     	0.1581	0.3049	0.3872	0.0000	0.0000	0.3702	0.3702	0.3702	0.0000	0.0000	
0.7010	60793     	0.1581	0.3044	0.3871	0.0000	0.0000	0.3694	0.3694	0.3694	0.0000	0.0000	
0.7020	60590     	0.1581	0.3039	0.3870	0.0000	0.0000	0.3685	0.3685	0.3685	0.0000	0.0000	
0.7030	60387     	0.1581	0.3034	0.3870	0.0000	0.0000	0.3676	0.3676	0.3676	0.0000	0.0000	
0.7040	60184     	0.1581	0.3029	0.3869	0.0000	0.0000	0.3668	0.3668	0.3668	0.0000	0.0000	
0.7050	59981     	0.1581	0.3024	0.3869	0.0000	0.0000	0.3659	0.3659	0.3659	0.0000	0.0000	
0.7060	59778     	0.1581	0.3019	0.3867	0.0000	0.0000	0.3652	0.3652	0.3652	0.0000	0.0000	
0.7070	59575     	0.1581	0.3013	0.3863	0.0000	0.0000	0.3644	0.3644	0.3644	0.0000	0.0000	
0.7080	59372     	0.1581	0.3008	0.3861	0.0000	0.0000	0.3635	0.3635	0.3635	0.0000	0.0000	
0.7090	59169     	0.1580	0.3003	0.3859	0.0000	0.0000	0.3627	0.3627	0.3627	0.0000	0.0000	
0.7100	58966     	0.1579	0.2997	0.3858	0.0000	0.0000	0.3618	0.3618	0.3618	0.0000	0.0000	
0.7110	58763     	0.1579	0.2992	0.3857	0.0000	0.0000	0.3610	0.3610	0.3610	0.0000	0.0000	
0.7120	58560     	0.1567	0.2984	0.3854	0.0000	0.0000	0.3603	0.3603	0.3603	0.0000	0.0000	
0.7130	58357     	0.1567	0.2979	0.3851	0.0000	0.0000	0.3596	0.3596	0.3596	0.0000	0.0000	
0.7140	58154     	0.1567	0.2974	0.3849	0.0000	0.0000	0.3588	0.3588	0.3588	0.0000	0.0000	
0.7149	57951     	0.1567	0.2969	0.3847	0.0000	0.0000	0.3580	0.3580	0.3580	0.0000	0.0000	
0.7159	57748     	0.1567	0.2964	0.3847	0.0000	0.0000	0.3572	0.3572	0.3572	0.0000	0.0000	
0.7169	57545     	0.1567	0.2959	0.3846	0.0000	0.0000	0.3564	0.3564	0.3564	0.0000	0.0000	
0.7179	57342     	0.1567	0.2952	0.3839	0.0000	0.0000	0.3555	0.3555	0.3555	0.0000	0.0000	
0.7189	57139     	0.1567	0.2946	0.3833	0.0000	0.0000	0.3547	0.3547	0.3547	0.0000	0.0000	
0.7199	56936     	0.1533	0.2933	0.3832	0.0000	0.0000	0.3540	0.3540	0.3540	0.0000	0.0000	
0.7209	56733     	0.1477	0.2912	0.3828	0.0000	0.0000	0.3527	0.3527	0.3527	0.0000	0.0000	
0.7219	56530     	0.1477	0.2906	0.3821	0.0000	0.0000	0.3518	0.3518	0.3518	0.0000	0.0000	
0.7229	56327     	0.1475	0.2900	0.3820	0.0000	0.0000	0.3510	0.3510	0.3510	0.0000	0.0000	
0.7239	56124     	0.1475	0.2895	0.3819	0.0000	0.0000	0.3501	0.3501	0.3501	0.0000	0.0000	
0.7249	55921     	0.1475	0.2890	0.3818	0.0000	0.0000	0.3493	0.3493	0.3493	0.0000	0.0000	
0.7259	55718     	0.1475	0.2885	0.3818	0.0000	0.0000	0.3485	0.3485	0.3485	0.0000	0.0000	
0.7269	55515     	0.1475	0.2880	0.3817	0.0000	0.0000	0.3476	0.3476	0.3476	0.0000	0.0000	
0.7279	55312     	0.1475	0.2875	0.3814	0.0000	0.0000	0.3468	0.3468	0.3468	0.0000	0.0000	
0.7289	55109     	0.1475	0.2869	0.3811	0.0000	0.0000	0.3460	0.3460	0.3460	0.0000	0.0000	
0.7299	54906     	0.1475	0.2864	0.3810	0.0000	0.0000	0.3451	0.3451	0.3451	0.0000	0.0000	
0.7309	54703     	0.1474	0.2859	0.3809	0.0000	0.0000	0.3442	0.3442	0.3442	0.0000	0.0000	
0.7319	54500     	0.1474	0.2853	0.3805	0.0000	0.0000	0.3432	0.3432	0.3432	0.0000	0.0000	
0.7329	54297     	0.1474	0.2848	0.3805	0.0000	0.0000	0.3425	0.3425	0.3425	0.0000	0.0000	
0.7339	54094     	0.1474	0.2843	0.3804	0.0000	0.0000	0.3417	0.3417	0.3417	0.0000	0.0000	
0.7349	53891     	0.1474	0.2838	0.3804	0.0000	0.0000	0.3407	0.3407	0.3407	0.0000	0.0000	
0.7359	53688     	0.1474	0.2832	0.3801	0.0000	0.0000	0.3398	0.3398	0.3398	0.0000	0.0000	
0.7369	53485     	0.1474	0.2826	0.3798	0.0000	0.0000	0.3389	0.3389	0.3389	0.0000	0.0000	
0.7379	53282     	0.1471	0.2820	0.3796	0.0000	0.0000	0.3379	0.3379	0.3379	0.0000	0.0000	
0.7389	53079     	0.1471	0.2815	0.3796	0.0000	0.0000	0.3369	0.3369	0.3369	0.0000	0.0000	
0.7399	52876     	0.1471	0.2809	0.3791	0.0000	0.0000	0.3360	0.3360	0.3360	0.0000	0.0000	
0.7409	52673     	0.1471	0.2804	0.3791	0.0000	0.0000	0.3351	0.3351	0.3351	0.0000	0.0000	
0.7419	52470     	0.1471	0.2798	0.3786	0.0000	0.0000	0.3342	0.3342	0.3342	0.0000	0.0000	
0.7429	52267     	0.1470	0.2792	0.3785	0.0000	0.0000	0.3332	0.3332	0.3332	0.0000	0.0000	
0.7439	52064     	0.1470	0.2787	0.3785	0.0000	0.0000	0.3322	0.3322	0.3322	0.0000	0.0000	
0.7449	51861     	0.1470	0.2780	0.3780	0.0000	0.0000	0.3312	0.3312	0.3312	0.0000	0.0000	
0.7459	51658     	0.1470	0.2774	0.3779	0.0000	0.0000	0.3301	0.3301	0.3301	0.0000	0.0000	
0.7469	51455     	0.1467	0.2767	0.3774	0.0000	0.0000	0.3290	0.3290	0.3290	0.0000	0.0000	
0.7479	51252     	0.1467	0.2763	0.3774	0.0000	0.0000	0.3282	0.3282	0.3282	0.0000	0.0000	
0.7489	51049     	0.1467	0.2757	0.3772	0.0000	0.0000	0.3273	0.3273	0.3273	0.0000	0.0000	
0.7499	50846     	0.1467	0.2751	0.3770	0.0000	0.0000	0.3263	0.3263	0.3263	0.0000	0.0000	
0.7509	50643     	0.1467	0.2746	0.3767	0.0000	0.0000	0.3253	0.3253	0.3253	0.0000	0.0000	
0.7519	50440     	0.1467	0.2740	0.3767	0.0000	0.0000	0.3243	0.3243	0.3243	0.0000	0.0000	
0.7529	50237     	0.1467	0.2735	0.3766	0.0000	0.0000	0.3234	0.3234	0.3234	0.0000	0.0000	
0.7539	50034     	0.1467	0.2730	0.3766	0.0000	0.0000	0.3224	0.3224	0.3224	0.0000	0.0000	
0.7549	49831     	0.1467	0.2724	0.3763	0.0000	0.0000	0.3216	0.3216	0.3216	0.0000	0.0000	
0.7559	49628     	0.1467	0.2720	0.3762	0.0000	0.0000	0.3209	0.3209	0.3209	0.0000	0.0000	
0.7569	49425     	0.1467	0.2715	0.3762	0.0000	0.0000	0.3201	0.3201	0.3201	0.0000	0.0000	
0.7579	49222     	0.1464	0.2710	0.3762	0.0000	0.0000	0.3193	0.3193	0.3193	0.0000	0.0000	
0.7589	49019     	0.1458	0.2704	0.3761	0.0000	0.0000	0.3186	0.3186	0.3186	0.0000	0.0000	
0.7599	48816     	0.1458	0.2699	0.3760	0.0000	0.0000	0.3178	0.3178	0.3178	0.0000	0.0000	
0.7609	48613     	0.1438	0.2689	0.3758	0.0000	0.0000	0.3171	0.3171	0.3171	0.0000	0.0000	
0.7619	48410     	0.1438	0.2684	0.3758	0.0000	0.0000	0.3163	0.3163	0.3163	0.0000	0.0000	
0.7629	48207     	0.1438	0.2679	0.3758	0.0000	0.0000	0.3156	0.3156	0.3156	0.0000	0.0000	
0.7639	48004     	0.1438	0.2675	0.3758	0.0000	0.0000	0.3148	0.3148	0.3148	0.0000	0.0000	
0.7649	47801     	0.1438	0.2670	0.3758	0.0000	0.0000	0.3140	0.3140	0.3140	0.0000	0.0000	
0.7659	47598     	0.1438	0.2665	0.3758	0.0000	0.0000	0.3133	0.3133	0.3133	0.0000	0.0000	
0.7669	47395     	0.1433	0.2659	0.3755	0.0000	0.0000	0.3125	0.3125	0.3125	0.0000	0.0000	
0.7679	47192     	0.1433	0.2654	0.3755	0.0000	0.0000	0.3118	0.3118	0.3118	0.0000	0.0000	
0.7689	46989     	0.1433	0.2650	0.3755	0.0000	0.0000	0.3111	0.3111	0.3111	0.0000	0.0000	
0.7699	46786     	0.1432	0.2645	0.3755	0.0000	0.0000	0.3104	0.3104	0.3104	0.0000	0.0000	
0.7709	46583     	0.1424	0.2638	0.3752	0.0000	0.0000	0.3096	0.3096	0.3096	0.0000	0.0000	
0.7719	46380     	0.1424	0.2633	0.3752	0.0000	0.0000	0.3089	0.3089	0.3089	0.0000	0.0000	
0.7729	46177     	0.1424	0.2629	0.3752	0.0000	0.0000	0.3081	0.3081	0.3081	0.0000	0.0000	
0.7739	45974     	0.1424	0.2624	0.3752	0.0000	0.0000	0.3073	0.3073	0.3073	0.0000	0.0000	
0.7749	45771     	0.1424	0.2617	0.3745	0.0000	0.0000	0.3065	0.3065	0.3065	0.0000	0.0000	
0.7759	45568     	0.1424	0.2608	0.3729	0.0000	0.0000	0.3055	0.3055	0.3055	0.0000	0.0000	
0.7769	45365     	0.1424	0.2604	0.3729	0.0000	0.0000	0.3047	0.3047	0.3047	0.0000	0.0000	
0.7779	45162     	0.1422	0.2598	0.3727	0.0000	0.0000	0.3039	0.3039	0.3039	0.0000	0.0000	
0.7789	44959     	0.1422	0.2594	0.3727	0.0000	0.0000	0.3031	0.3031	0.3031	0.0000	0.0000	
0.7799	44756     	0.1421	0.2588	0.3727	0.0000	0.0000	0.3023	0.3023	0.3023	0.0000	0.0000	
0.7809	44553     	0.1421	0.2583	0.3724	0.0000	0.0000	0.3015	0.3015	0.3015	0.0000	0.0000	
0.7819	44350     	0.1285	0.2534	0.3681	0.0000	0.0000	0.3006	0.3006	0.3006	0.0000	0.0000	
0.7828	44147     	0.1263	0.2521	0.3669	0.0000	0.0000	0.2998	0.2998	0.2998	0.0000	0.0000	
0.7838	43944     	0.1216	0.2503	0.3662	0.0000	0.0000	0.2989	0.2989	0.2989	0.0000	0.0000	
0.7848	43741     	0.1175	0.2486	0.3655	0.0000	0.0000	0.2981	0.2981	0.2981	0.0000	0.0000	
0.7858	43538     	0.1175	0.2481	0.3655	0.0000	0.0000	0.2972	0.2972	0.2972	0.0000	0.0000	
0.7868	43335     	0.1175	0.2476	0.3655	0.0000	0.0000	0.2964	0.2964	0.2964	0.0000	0.0000	
0.7878	43132     	0.1174	0.2471	0.3653	0.0000	0.0000	0.2955	0.2955	0.2955	0.0000	0.0000	
0.7888	42929     	0.1170	0.2465	0.3652	0.0000	0.0000	0.2947	0.2947	0.2947	0.0000	0.0000	
0.7898	42726     	0.1167	0.2459	0.3652	0.0000	0.0000	0.2938	0.2938	0.2938	0.0000	0.0000	
0.7908	42523     	0.1153	0.2450	0.3651	0.0000	0.0000	0.2929	0.2929	0.2929	0.0000	0.0000	
0.7918	42320     	0.1150	0.2445	0.3651	0.0000	0.0000	0.2921	0.2921	0.2921	0.0000	0.0000	
0.7928	42117     	0.1148	0.2439	0.3650	0.0000	0.0000	0.2912	0.2912	0.2912	0.0000	0.0000	
0.7938	41914     	0.1148	0.2434	0.3650	0.0000	0.0000	0.2903	0.2903	0.2903	0.0000	0.0000	
0.7948	41711     	0.1147	0.2429	0.3649	0.0000	0.0000	0.2894	0.2894	0.2894	0.0000	0.0000	
0.7958	41508     	0.1147	0.2423	0.3647	0.0000	0.0000	0.2885	0.2885	0.2885	0.0000	0.0000	
0.7968	41305     	0.1147	0.2418	0.3647	0.0000	0.0000	0.2876	0.2876	0.2876	0.0000	0.0000	
0.7978	41102     	0.1147	0.2413	0.3646	0.0000	0.0000	0.2867	0.2867	0.2867	0.0000	0.0000	
0.7988	40899     	0.1147	0.2407	0.3642	0.0000	0.0000	0.2858	0.2858	0.2858	0.0000	0.0000	
0.7998	40696     	0.1147	0.2402	0.3641	0.0000	0.0000	0.2849	0.2849	0.2849	0.0000	0.0000	
0.8008	40493     	0.1147	0.2396	0.3640	0.0000	0.0000	0.2839	0.2839	0.2839	0.0000	0.0000	
0.8018	40290     	0.1147	0.2391	0.3640	0.0000	0.0000	0.2830	0.2830	0.2830	0.0000	0.0000	
0.8028	40087     	0.1147	0.2386	0.3640	0.0000	0.0000	0.2821	0.2821	0.2821	0.0000	0.0000	
0.8038	39884     	0.1147	0.2381	0.3640	0.0000	0.0000	0.2812	0.2812	0.2812	0.0000	0.0000	
0.8048	39681     	0.1147	0.2376	0.3640	0.0000	0.0000	0.2802	0.2802	0.2802	0.0000	0.0000	
0.8058	39478     	0.1137	0.2368	0.3639	0.0000	0.0000	0.2793	0.2793	0.2793	0.0000	0.0000	
0.8068	39275     	0.1137	0.2363	0.3639	0.0000	0.0000	0.2783	0.2783	0.2783	0.0000	0.0000	
0.8078	39072     	0.1137	0.2358	0.3639	0.0000	0.0000	0.2774	0.2774	0.2774	0.0000	0.0000	
0.8088	38869     	0.1067	0.2335	0.3638	0.0000	0.0000	0.2762	0.2762	0.2762	0.0000	0.0000	
0.8098	38666     	0.0962	0.2300	0.3631	0.0000	0.0000	0.2746	0.2746	0.2746	0.0000	0.0000	
0.8108	38463     	0.0962	0.2295	0.3631	0.0000	0.0000	0.2736	0.2736	0.2736	0.0000	0.0000	
0.8118	38260     	0.0962	0.2290	0.3631	0.0000	0.0000	0.2727	0.2727	0.2727	0.0000	0.0000	
0.8128	38057     	0.0962	0.2285	0.3631	0.0000	0.0000	0.2717	0.2717	0.2717	0.0000	0.0000	
0.8138	37854     	0.0962	0.2279	0.3631	0.0000	0.0000	0.2707	0.2707	0.2707	0.0000	0.0000	
0.8148	37651     	0.0962	0.2274	0.3629	0.0000	0.0000	0.2697	0.2697	0.2697	0.0000	0.0000	
0.8158	37448     	0.0962	0.2269	0.3628	0.0000	0.0000	0.2687	0.2687	0.2687	0.0000	0.0000	
0.8168	37245     	0.0962	0.2264	0.3628	0.0000	0.0000	0.2679	0.2679	0.2679	0.0000	0.0000	
0.8178	37042     	0.0962	0.2258	0.3628	0.0000	0.0000	0.2669	0.2669	0.2669	0.0000	0.0000	
0.8188	36839     	0.0962	0.2253	0.3628	0.0000	0.0000	0.2659	0.2659	0.2659	0.0000	0.0000	
0.8198	36636     	0.0962	0.2248	0.3628	0.0000	0.0000	0.2649	0.2649	0.2649	0.0000	0.0000	
0.8208	36433     	0.0958	0.2241	0.3626	0.0000	0.0000	0.2639	0.2639	0.2639	0.0000	0.0000	
0.8218	36230     	0.0958	0.2236	0.3626	0.0000	0.0000	0.2628	0.2628	0.2628	0.0000	0.0000	
0.8228	36027     	0.0958	0.2231	0.3626	0.0000	0.0000	0.2618	0.2618	0.2618	0.0000	0.0000	
0.8238	35824     	0.0958	0.2225	0.3625	0.0000	0.0000	0.2608	0.2608	0.2608	0.0000	0.0000	
0.8248	35621     	0.0958	0.2220	0.3624	0.0000	0.0000	0.2598	0.2598	0.2598	0.0000	0.0000	
0.8258	35418     	0.0958	0.2214	0.3624	0.0000	0.0000	0.2587	0.2587	0.2587	0.0000	0.0000	
0.8268	35215     	0.0958	0.2209	0.3624	0.0000	0.0000	0.2577	0.2577	0.2577	0.0000	0.0000	
0.8278	35012     	0.0958	0.2204	0.3624	0.0000	0.0000	0.2567	0.2567	0.2567	0.0000	0.0000	
0.8288	34809     	0.0948	0.2196	0.3624	0.0000	0.0000	0.2557	0.2557	0.2557	0.0000	0.0000	
0.8298	34606     	0.0948	0.2191	0.3624	0.0000	0.0000	0.2548	0.2548	0.2548	0.0000	0.0000	
0.8308	34403     	0.0947	0.2186	0.3624	0.0000	0.0000	0.2538	0.2538	0.2538	0.0000	0.0000	
0.8318	34200     	0.0945	0.2180	0.3624	0.0000	0.0000	0.2527	0.2527	0.2527	0.0000	0.0000	
0.8328	33997     	0.0945	0.2175	0.3624	0.0000	0.0000	0.2517	0.2517	0.2517	0.0000	0.0000	
0.8338	33794     	0.0945	0.2169	0.3624	0.0000	0.0000	0.2506	0.2506	0.2506	0.0000	0.0000	
0.8348	33591     	0.0945	0.2164	0.3624	0.0000	0.0000	0.2496	0.2496	0.2496	0.0000	0.0000	
0.8358	33388     	0.0943	0.2158	0.3624	0.0000	0.0000	0.2485	0.2485	0.2485	0.0000	0.0000	
0.8368	33185     	0.0943	0.2152	0.3624	0.0000	0.0000	0.2474	0.2474	0.2474	0.0000	0.0000	
0.8378	32982     	0.0941	0.2146	0.3623	0.0000	0.0000	0.2463	0.2463	0.2463	0.0000	0.0000	
0.8388	32779     	0.0941	0.2141	0.3623	0.0000	0.0000	0.2452	0.2452	0.2452	0.0000	0.0000	
0.8398	32576     	0.0941	0.2135	0.3623	0.0000	0.0000	0.2442	0.2442	0.2442	0.0000	0.0000	
0.8408	32373     	0.0939	0.2129	0.3621	0.0000	0.0000	0.2431	0.2431	0.2431	0.0000	0.0000	
0.8418	32170     	0.0939	0.2123	0.3621	0.0000	0.0000	0.2420	0.2420	0.2420	0.0000	0.0000	
0.8428	31967     	0.0937	0.2117	0.3621	0.0000	0.0000	0.2408	0.2408	0.2408	0.0000	0.0000	
0.8438	31764     	0.0937	0.2112	0.3621	0.0000	0.0000	0.2397	0.2397	0.2397	0.0000	0.0000	
0.8448	31561     	0.0937	0.2106	0.3621	0.0000	0.0000	0.2386	0.2386	0.2386	0.0000	0.0000	
0.8458	31358     	0.0937	0.2101	0.3621	0.0000	0.0000	0.2375	0.2375	0.2375	0.0000	0.0000	
0.8468	31155     	0.0932	0.2094	0.3619	0.0000	0.0000	0.2364	0.2364	0.2364	0.0000	0.0000	
0.8478	30952     	0.0932	0.2088	0.3619	0.0000	0.0000	0.2352	0.2352	0.2352	0.0000	0.0000	
0.8488	30749     	0.0932	0.2082	0.3619	0.0000	0.0000	0.2341	0.2341	0.2341	0.0000	0.0000	
0.8497	30546     	0.0932	0.2077	0.3619	0.0000	0.0000	0.2329	0.2329	0.2329	0.0000	0.0000	
0.8507	30343     	0.0932	0.2071	0.3619	0.0000	0.0000	0.2318	0.2318	0.2318	0.0000	0.0000	
0.8517	30140     	0.0932	0.2065	0.3619	0.0000	0.0000	0.2306	0.2306	0.2306	0.0000	0.0000	
0.8527	29937     	0.0932	0.2060	0.3619	0.0000	0.0000	0.2294	0.2294	0.2294	0.0000	0.0000	
0.8537	29734     	0.0932	0.2054	0.3619	0.0000	0.0000	0.2283	0.2283	0.2283	0.0000	0.0000	
0.8547	29531     	0.0932	0.2048	0.3619	0.0000	0.0000	0.2271	0.2271	0.2271	0.0000	0.0000	
0.8557	29328     	0.0922	0.2040	0.3619	0.0000	0.0000	0.2259	0.2259	0.2259	0.0000	0.0000	
0.8567	29125     	0.0922	0.2034	0.3619	0.0000	0.0000	0.2247	0.2247	0.2247	0.0000	0.0000	
0.8577	28922     	0.0922	0.2029	0.3619	0.0000	0.0000	0.2235	0.2235	0.2235	0.0000	0.0000	
0.8587	28719     	0.0916	0.2021	0.3619	0.0000	0.0000	0.2223	0.2223	0.2223	0.0000	0.0000	
0.8597	28516     	0.0914	0.2015	0.3619	0.0000	0.0000	0.2211	0.2211	0.2211	0.0000	0.0000	
0.8607	28313     	0.0910	0.2008	0.3619	0.0000	0.0000	0.2199	0.2199	0.2199	0.0000	0.0000	
0.8617	28110     	0.0910	0.2003	0.3619	0.0000	0.0000	0.2187	0.2187	0.2187	0.0000	0.0000	
0.8627	27907     	0.0905	0.1995	0.3617	0.0000	0.0000	0.2175	0.2175	0.2175	0.0000	0.0000	
0.8637	27704     	0.0897	0.1987	0.3616	0.0000	0.0000	0.2163	0.2163	0.2163	0.0000	0.0000	
0.8647	27501     	0.0897	0.1981	0.3616	0.0000	0.0000	0.2150	0.2150	0.2150	0.0000	0.0000	
0.8657	27298     	0.0894	0.1974	0.3614	0.0000	0.0000	0.2137	0.2137	0.2137	0.0000	0.0000	
0.8667	27095     	0.0894	0.1968	0.3613	0.0000	0.0000	0.2124	0.2124	0.2124	0.0000	0.0000	
0.8677	26892     	0.0894	0.1962	0.3613	0.0000	0.0000	0.2112	0.2112	0.2112	0.0000	0.0000	
0.8687	26689     	0.0894	0.1956	0.3613	0.0000	0.0000	0.2099	0.2099	0.2099	0.0000	0.0000	
0.8697	26486     	0.0888	0.1947	0.3607	0.0000	0.0000	0.2087	0.2087	0.2087	0.0000	0.0000	
0.8707	26283     	0.0888	0.1941	0.3607	0.0000	0.0000	0.2074	0.2074	0.2074	0.0000	0.0000	
0.8717	26080     	0.0888	0.1935	0.3606	0.0000	0.0000	0.2061	0.2061	0.2061	0.0000	0.0000	
0.8727	25877     	0.0888	0.1929	0.3606	0.0000	0.0000	0.2048	0.2048	0.2048	0.0000	0.0000	
0.8737	25674     	0.0888	0.1923	0.3606	0.0000	0.0000	0.2035	0.2035	0.2035	0.0000	0.0000	
0.8747	25471     	0.0887	0.1917	0.3605	0.0000	0.0000	0.2022	0.2022	0.2022	0.0000	0.0000	
0.8757	25268     	0.0887	0.1911	0.3605	0.0000	0.0000	0.2009	0.2009	0.2009	0.0000	0.0000	
0.8767	25065     	0.0886	0.1905	0.3605	0.0000	0.0000	0.1995	0.1995	0.1995	0.0000	0.0000	
0.8777	24862     	0.0886	0.1899	0.3605	0.0000	0.0000	0.1982	0.1982	0.1982	0.0000	0.0000	
0.8787	24659     	0.0886	0.1893	0.3605	0.0000	0.0000	0.1969	0.1969	0.1969	0.0000	0.0000	
0.8797	24456     	0.0886	0.1887	0.3605	0.0000	0.0000	0.1955	0.1955	0.1955	0.0000	0.0000	
0.8807	24253     	0.0886	0.1880	0.3605	0.0000	0.0000	0.1942	0.1942	0.1942	0.0000	0.0000	
0.8817	24050     	0.0886	0.1874	0.3605	0.0000	0.0000	0.1928	0.1928	0.1928	0.0000	0.0000	
0.8827	23847     	0.0886	0.1868	0.3605	0.0000	0.0000	0.1915	0.1915	0.1915	0.0000	0.0000	
0.8837	23644     	0.0886	0.1861	0.3602	0.0000	0.0000	0.1900	0.1900	0.1900	0.0000	0.0000	
0.8847	23441     	0.0884	0.1854	0.3602	0.0000	0.0000	0.1886	0.1886	0.1886	0.0000	0.0000	
0.8857	23238     	0.0872	0.1845	0.3600	0.0000	0.0000	0.1872	0.1872	0.1872	0.0000	0.0000	
0.8867	23035     	0.0872	0.1838	0.3600	0.0000	0.0000	0.1858	0.1858	0.1858	0.0000	0.0000	
0.8877	22832     	0.0872	0.1832	0.3599	0.0000	0.0000	0.1844	0.1844	0.1844	0.0000	0.0000	
0.8887	22629     	0.0872	0.1826	0.3599	0.0000	0.0000	0.1830	0.1830	0.1830	0.0000	0.0000	
0.8897	22426     	0.0872	0.1819	0.3599	0.0000	0.0000	0.1816	0.1816	0.1816	0.0000	0.0000	
0.8907	22223     	0.0865	0.1811	0.3599	0.0000	0.0000	0.1801	0.1801	0.1801	0.0000	0.0000	
0.8917	22020     	0.0865	0.1805	0.3599	0.0000	0.0000	0.1787	0.1787	0.1787	0.0000	0.0000	
0.8927	21817     	0.0865	0.1798	0.3598	0.0000	0.0000	0.1772	0.1772	0.1772	0.0000	0.0000	
0.8937	21614     	0.0865	0.1792	0.3597	0.0000	0.0000	0.1757	0.1757	0.1757	0.0000	0.0000	
0.8947	21411     	0.0858	0.1784	0.3597	0.0000	0.0000	0.1742	0.1742	0.1742	0.0000	0.0000	
0.8957	21208     	0.0858	0.1777	0.3597	0.0000	0.0000	0.1727	0.1727	0.1727	0.0000	0.0000	
0.8967	21005     	0.0858	0.1771	0.3597	0.0000	0.0000	0.1712	0.1712	0.1712	0.0000	0.0000	
0.8977	20802     	0.0857	0.1764	0.3597	0.0000	0.0000	0.1697	0.1697	0.1697	0.0000	0.0000	
0.8987	20599     	0.0857	0.1757	0.3597	0.0000	0.0000	0.1682	0.1682	0.1682	0.0000	0.0000	
0.8997	20396     	0.0855	0.1750	0.3597	0.0000	0.0000	0.1667	0.1667	0.1667	0.0000	0.0000	
0.9007	20193     	0.0855	0.1744	0.3597	0.0000	0.0000	0.1651	0.1651	0.1651	0.0000	0.0000	
0.9017	19990     	0.0855	0.1737	0.3597	0.0000	0.0000	0.1636	0.1636	0.1636	0.0000	0.0000	
0.9027	19787     	0.0849	0.1730	0.3597	0.0000	0.0000	0.1620	0.1620	0.1620	0.0000	0.0000	
0.9037	19584     	0.0838	0.1723	0.3595	0.0000	0.0000	0.1605	0.1605	0.1605	0.0000	0.0000	
0.9047	19381     	0.0827	0.1716	0.3595	0.0000	0.0000	0.1589	0.1589	0.1589	0.0000	0.0000	
0.9057	19178     	0.0816	0.1710	0.3595	0.0000	0.0000	0.1573	0.1573	0.1573	0.0000	0.0000	
0.9067	18975     	0.0805	0.1702	0.3595	0.0000	0.0000	0.1557	0.1557	0.1557	0.0000	0.0000	
0.9077	18772     	0.0794	0.1696	0.3595	0.0000	0.0000	0.1542	0.1542	0.1542	0.0000	0.0000	
0.9087	18569     	0.0783	0.1689	0.3593	0.0000	0.0000	0.1526	0.1526	0.1526	0.0000	0.0000	
0.9097	18366     	0.0773	0.1682	0.3592	0.0000	0.0000	0.1510	0.1510	0.1510	0.0000	0.0000	
0.9107	18163     	0.0762	0.1672	0.3592	0.0000	0.0000	0.1493	0.1493	0.1493	0.0000	0.0000	
0.9117	17960     	0.0751	0.1665	0.3590	0.0000	0.0000	0.1477	0.1477	0.1477	0.0000	0.0000	
0.9127	17757     	0.0740	0.1658	0.3590	0.0000	0.0000	0.1461	0.1461	0.1461	0.0000	0.0000	
0.9137	17554     	0.0729	0.1651	0.3590	0.0000	0.0000	0.1444	0.1444	0.1444	0.0000	0.0000	
0.9147	17351     	0.0718	0.1644	0.3590	0.0000	0.0000	0.1428	0.1428	0.1428	0.0000	0.0000	
0.9157	17148     	0.0707	0.1637	0.3590	0.0000	0.0000	0.1411	0.1411	0.1411	0.0000	0.0000	
0.9167	16945     	0.0696	0.1630	0.3590	0.0000	0.0000	0.1395	0.1395	0.1395	0.0000	0.0000	
0.9176	16742     	0.0685	0.1623	0.3590	0.0000	0.0000	0.1378	0.1378	0.1378	0.0000	0.0000	
0.9186	16539     	0.0674	0.1615	0.3590	0.0000	0.0000	0.1361	0.1361	0.1361	0.0000	0.0000	
0.9196	16336     	0.0663	0.1608	0.3590	0.0000	0.0000	0.1344	0.1344	0.1344	0.0000	0.0000	
0.9206	16133     	0.0652	0.1601	0.3589	0.0000	0.0000	0.1327	0.1327	0.1327	0.0000	0.0000	
0.9216	15930     	0.0641	0.1594	0.3588	0.0000	0.0000	0.1310	0.1310	0.1310	0.0000	0.0000	
0.9226	15727     	0.0633	0.1579	0.3547	0.0000	0.0000	0.1298	0.1298	0.1298	0.0000	0.0000	
0.9236	15524     	0.0624	0.1563	0.3507	0.0000	0.0000	0.1285	0.1285	0.1285	0.0000	0.0000	
0.9246	15321     	0.0615	0.1548	0.3468	0.0000	0.0000	0.1273	0.1273	0.1273	0.0000	0.0000	
0.9256	15118     	0.0606	0.1534	0.3432	0.0000	0.0000	0.1260	0.1260	0.1260	0.0000	0.0000	
0.9266	14915     	0.0597	0.1519	0.3394	0.0000	0.0000	0.1247	0.1247	0.1247	0.0000	0.0000	
0.9276	14712     	0.0589	0.1502	0.3357	0.0000	0.0000	0.1234	0.1234	0.1234	0.0000	0.0000	
0.9286	14509     	0.0579	0.1484	0.3323	0.0000	0.0000	0.1220	0.1220	0.1220	0.0000	0.0000	
0.9296	14306     	0.0571	0.1469	0.3287	0.0000	0.0000	0.1206	0.1206	0.1206	0.0000	0.0000	
0.9306	14103     	0.0562	0.1453	0.3248	0.0000	0.0000	0.1193	0.1193	0.1193	0.0000	0.0000	
0.9316	13900     	0.0553	0.1439	0.3214	0.0000	0.0000	0.1179	0.1179	0.1179	0.0000	0.0000	
0.9326	13697     	0.0545	0.1424	0.3176	0.0000	0.0000	0.1165	0.1165	0.1165	0.0000	0.0000	
0.9336	13494     	0.0536	0.1409	0.3137	0.0000	0.0000	0.1152	0.1152	0.1152	0.0000	0.0000	
0.9346	13291     	0.0528	0.1393	0.3098	0.0000	0.0000	0.1138	0.1138	0.1138	0.0000	0.0000	
0.9356	13088     	0.0519	0.1378	0.3058	0.0000	0.0000	0.1125	0.1125	0.1125	0.0000	0.0000	
0.9366	12885     	0.0511	0.1362	0.3017	0.0000	0.0000	0.1111	0.1111	0.1111	0.0000	0.0000	
0.9376	12682     	0.0502	0.1347	0.2979	0.0000	0.0000	0.1097	0.1097	0.1097	0.0000	0.0000	
0.9386	12479     	0.0494	0.1332	0.2940	0.0000	0.0000	0.1083	0.1083	0.1083	0.0000	0.0000	
0.9396	12276     	0.0485	0.1316	0.2901	0.0000	0.0000	0.1069	0.1069	0.1069	0.0000	0.0000	
0.9406	12073     	0.0477	0.1301	0.2862	0.0000	0.0000	0.1055	0.1055	0.1055	0.0000	0.0000	
0.9416	11870     	0.0468	0.1285	0.2824	0.0000	0.0000	0.1040	0.1040	0.1040	0.0000	0.0000	
0.9426	11667     	0.0460	0.1269	0.2785	0.0000	0.0000	0.1026	0.1026	0.1026	0.0000	0.0000	
0.9436	11464     	0.0451	0.1254	0.2747	0.0000	0.0000	0.1011	0.1011	0.1011	0.0000	0.0000	
0.9446	11261     	0.0442	0.1240	0.2712	0.0000	0.0000	0.0995	0.0995	0.0995	0.0000	0.0000	
0.9456	11058     	0.0434	0.1224	0.2675	0.0000	0.0000	0.0980	0.0980	0.0980	0.0000	0.0000	
0.9466	10855     	0.0425	0.1209	0.2636	0.0000	0.0000	0.0965	0.0965	0.0965	0.0000	0.0000	
0.9476	10652     	0.0417	0.1192	0.2594	0.0000	0.0000	0.0950	0.0950	0.0950	0.0000	0.0000	
0.9486	10449     	0.0408	0.1176	0.2553	0.0000	0.0000	0.0935	0.0935	0.0935	0.0000	0.0000	
0.9496	10246     	0.0400	0.1159	0.2509	0.0000	0.0000	0.0920	0.0920	0.0920	0.0000	0.0000	
0.9506	10043     	0.0391	0.1143	0.2468	0.0000	0.0000	0.0904	0.0904	0.0904	0.0000	0.0000	
0.9516	9840      	0.0383	0.1127	0.2427	0.0000	0.0000	0.0889	0.0889	0.0889	0.0000	0.0000	
0.9526	9637      	0.0374	0.1110	0.2385	0.0000	0.0000	0.0873	0.0873	0.0873	0.0000	0.0000	
0.9536	9434      	0.0366	0.1093	0.2343	0.0000	0.0000	0.0857	0.0857	0.0857	0.0000	0.0000	
0.9546	9231      	0.0357	0.1076	0.2302	0.0000	0.0000	0.0841	0.0841	0.0841	0.0000	0.0000	
0.9556	9028      	0.0349	0.1059	0.2259	0.0000	0.0000	0.0824	0.0824	0.0824	0.0000	0.0000	
0.9566	8825      	0.0341	0.1041	0.2211	0.0000	0.0000	0.0808	0.0808	0.0808	0.0000	0.0000	
0.9576	8622      	0.0333	0.1023	0.2164	0.0000	0.0000	0.0792	0.0792	0.0792	0.0000	0.0000	
0.9586	8419      	0.0326	0.1005	0.2116	0.0000	0.0000	0.0776	0.0776	0.0776	0.0000	0.0000	
0.9596	8216      	0.0318	0.0986	0.2065	0.0000	0.0000	0.0760	0.0760	0.0760	0.0000	0.0000	
0.9606	8013      	0.0309	0.0968	0.2017	0.0000	0.0000	0.0743	0.0743	0.0743	0.0000	0.0000	
0.9616	7810      	0.0301	0.0950	0.1972	0.0000	0.0000	0.0727	0.0727	0.0727	0.0000	0.0000	
0.9626	7607      	0.0293	0.0932	0.1921	0.0000	0.0000	0.0710	0.0710	0.0710	0.0000	0.0000	
0.9636	7404      	0.0286	0.0913	0.1872	0.0000	0.0000	0.0693	0.0693	0.0693	0.0000	0.0000	
0.9646	7201      	0.0278	0.0894	0.1821	0.0000	0.0000	0.0677	0.0677	0.0677	0.0000	0.0000	
0.9656	6998      	0.0270	0.0875	0.1770	0.0000	0.0000	0.0660	0.0660	0.0660	0.0000	0.0000	
0.9666	6795      	0.0262	0.0857	0.1720	0.0000	0.0000	0.0643	0.0643	0.0643	0.0000	0.0000	
0.9676	6592      	0.0254	0.0838	0.1670	0.0000	0.0000	0.0625	0.0625	0.0625	0.0000	0.0000	
0.9686	6389      	0.0246	0.0818	0.1622	0.0000	0.0000	0.0608	0.0608	0.0608	0.0000	0.0000	
0.9696	6186      	0.0239	0.0798	0.1570	0.0000	0.0000	0.0590	0.0590	0.0590	0.0000	0.0000	
0.9706	5983      	0.0231	0.0779	0.1521	0.0000	0.0000	0.0572	0.0572	0.0572	0.0000	0.0000	
0.9716	5780      	0.0223	0.0759	0.1470	0.0000	0.0000	0.0554	0.0554	0.0554	0.0000	0.0000	
0.9726	5577      	0.0215	0.0740	0.1421	0.0000	0.0000	0.0536	0.0536	0.0536	0.0000	0.0000	
0.9736	5374      	0.0207	0.0720	0.1367	0.0000	0.0000	0.0518	0.0518	0.0518	0.0000	0.0000	
0.9746	5171      	0.0199	0.0701	0.1318	0.0000	0.0000	0.0499	0.0499	0.0499	0.0000	0.0000	
0.9756	4968      	0.0192	0.0681	0.1268	0.0000	0.0000	0.0481	0.0481	0.0481	0.0000	0.0000	
0.9766	4765      	0.0184	0.0662	0.1218	0.0000	0.0000	0.0462	0.0462	0.0462	0.0000	0.0000	
0.9776	4562      	0.0176	0.0643	0.1169	0.0000	0.0000	0.0442	0.0442	0.0442	0.0000	0.0000	
0.9786	4359      	0.0168	0.0623	0.1119	0.0000	0.0000	0.0423	0.0423	0.0423	0.0000	0.0000	
0.9796	4156      	0.0160	0.0604	0.1068	0.0000	0.0000	0.0403	0.0403	0.0403	0.0000	0.0000	
0.9806	3953      	0.0151	0.0584	0.1016	0.0000	0.0000	0.0384	0.0384	0.0384	0.0000	0.0000	
0.9816	3750      	0.0143	0.0564	0.0966	0.0000	0.0000	0.0363	0.0363	0.0363	0.0000	0.0000	
0.9826	3547      	0.0135	0.0544	0.0916	0.0000	0.0000	0.0343	0.0343	0.0343	0.0000	0.0000	
0.9836	3344      	0.0127	0.0521	0.0866	0.0000	0.0000	0.0324	0.0324	0.0324	0.0000	0.0000	
0.9845	3141      	0.0119	0.0495	0.0820	0.0000	0.0000	0.0308	0.0308	0.0308	0.0000	0.0000	
0.9855	2938      	0.0112	0.0468	0.0771	0.0000	0.0000	0.0291	0.0291	0.0291	0.0000	0.0000	
0.9865	2735      	0.0104	0.0440	0.0719	0.0000	0.0000	0.0274	0.0274	0.0274	0.0000	0.0000	
0.9875	2532      	0.0096	0.0411	0.0671	0.0000	0.0000	0.0257	0.0257	0.0257	0.0000	0.0000	
0.9885	2329      	0.0088	0.0381	0.0619	0.0000	0.0000	0.0241	0.0241	0.0241	0.0000	0.0000	
0.9895	2126      	0.0080	0.0352	0.0568	0.0000	0.0000	0.0223	0.0223	0.0223	0.0000	0.0000	
0.9905	1923      	0.0072	0.0321	0.0515	0.0000	0.0000	0.0205	0.0205	0.0205	0.0000	0.0000	
0.9915	1720      	0.0065	0.0289	0.0461	0.0000	0.0000	0.0187	0.0187	0.0187	0.0000	0.0000	
0.9925	1517      	0.0057	0.0258	0.0407	0.0000	0.0000	0.0169	0.0169	0.0169	0.0000	0.0000	
0.9935	1314      	0.0049	0.0225	0.0353	0.0000	0.0000	0.0149	0.0149	0.0149	0.0000	0.0000	
0.9945	1111      	0.0041	0.0194	0.0305	0.0000	0.0000	0.0129	0.0129	0.0129	0.0000	0.0000	
0.9955	908       	0.0034	0.0161	0.0256	0.0000	0.0000	0.0107	0.0107	0.0107	0.0000	0.0000	
0.9965	705       	0.0027	0.0128	0.0203	0.0000	0.0000	0.0086	0.0086	0.0086	0.0000	0.0000	
0.9975	502       	0.0019	0.0093	0.0148	0.0000	0.0000	0.0063	0.0063	0.0063	0.0000	0.0000	
0.9985	299       	0.0011	0.0058	0.0094	0.0000	0.0000	0.0039	0.0039	0.0039	0.0000	0.0000	
0.9995	96        	0.0004	0.0019	0.0031	0.0000	0.0000	0.0013	0.0013	0.0013	0.0000	0.0000	
1.0000	0         	0.0000	0.0000	0.0000	0.0000	0.0000	0.0000	0.0000	0.0000	0.0000	0.0000	
