# Prop_landscape_lost  cost_needed_for_top_fraction  min_prop_rem  ave_prop_rem  W_prop_rem  ext-1  ext-2  prop_for_each_biodiversity_feature_(e.g._species)_remaining_at_level_of_removal...
0.00001  2.033e+005  1.00000 1.00000 1.00000   0.00000 0.00000   1.000 1.000 1.000 1.000 1.000 
0.00101  2.031e+005  1.00000 1.00000 1.00000   0.00000 0.00000   1.000 0.992 0.991 1.000 1.000 
0.00201  2.0289e+005  0.99929 0.99975 0.99999   0.00002 0.00000   1.000 0.976 0.989 0.999 1.000 
0.00301  2.0269e+005  0.99829 0.99938 0.99993   0.00004 0.00002   1.000 0.961 0.988 0.998 1.000 
0.00400  2.0249e+005  0.99741 0.99901 0.99981   0.00005 0.00005   1.000 0.945 0.986 0.997 1.000 
0.00500  2.0228e+005  0.99662 0.99863 0.99964   0.00006 0.00009   1.000 0.929 0.983 0.997 1.000 
0.00600  2.0208e+005  0.99580 0.99823 0.99944   0.00006 0.00014   0.999 0.913 0.979 0.996 0.999 
0.00700  2.0188e+005  0.99498 0.99779 0.99920   0.00007 0.00020   0.999 0.897 0.977 0.995 0.999 
0.00800  2.0168e+005  0.99416 0.99734 0.99893   0.00007 0.00027   0.999 0.881 0.973 0.994 0.999 
0.00900  2.0147e+005  0.99330 0.99685 0.99862   0.00008 0.00034   0.999 0.865 0.971 0.993 0.999 
0.01000  2.0127e+005  0.99245 0.99633 0.99828   0.00008 0.00043   0.998 0.849 0.969 0.992 0.998 
0.01099  2.0107e+005  0.99161 0.99580 0.99789   0.00009 0.00053   0.998 0.833 0.966 0.992 0.998 
0.01199  2.0086e+005  0.99076 0.99523 0.99746   0.00009 0.00064   0.997 0.817 0.963 0.991 0.997 
0.01299  2.0066e+005  0.98988 0.99465 0.99704   0.00010 0.00074   0.997 0.801 0.962 0.990 0.997 
0.01399  2.0046e+005  0.98902 0.99417 0.99674   0.00010 0.00082   0.997 0.785 0.959 0.989 0.997 
0.01499  2.0025e+005  0.98814 0.99359 0.99632   0.00010 0.00092   0.996 0.769 0.957 0.988 0.996 
0.01599  2.0005e+005  0.98720 0.99295 0.99582   0.00010 0.00105   0.996 0.753 0.956 0.987 0.996 
0.01698  1.9985e+005  0.98636 0.99231 0.99529   0.00011 0.00118   0.995 0.737 0.954 0.986 0.995 
0.01798  1.9964e+005  0.98551 0.99165 0.99472   0.00011 0.00132   0.995 0.721 0.952 0.986 0.995 
0.01898  1.9944e+005  0.98467 0.99095 0.99409   0.00011 0.00148   0.994 0.705 0.950 0.985 0.994 
0.01998  1.9924e+005  0.98374 0.99019 0.99341   0.00012 0.00165   0.993 0.690 0.949 0.984 0.993 
0.02098  1.9904e+005  0.98291 0.98941 0.99266   0.00012 0.00184   0.993 0.674 0.947 0.983 0.993 
0.02198  1.9883e+005  0.98197 0.98851 0.99178   0.00013 0.00206   0.992 0.658 0.946 0.982 0.992 
0.02298  1.9863e+005  0.98120 0.98758 0.99077   0.00013 0.00231   0.991 0.642 0.945 0.981 0.991 
0.02397  1.9843e+005  0.98030 0.98649 0.98958   0.00014 0.00261   0.990 0.626 0.943 0.980 0.990 
0.02497  1.9822e+005  0.97943 0.98514 0.98799   0.00014 0.00302   0.988 0.610 0.942 0.979 0.988 
0.02597  1.9802e+005  0.97855 0.98364 0.98619   0.00015 0.00347   0.986 0.594 0.941 0.979 0.986 
0.02697  1.9782e+005  0.97771 0.98209 0.98428   0.00016 0.00395   0.984 0.578 0.939 0.978 0.984 
0.02797  1.9762e+005  0.97698 0.98083 0.98275   0.00017 0.00434   0.983 0.567 0.933 0.977 0.983 
0.02897  1.9741e+005  0.97687 0.98078 0.98273   0.00016 0.00435   0.983 0.567 0.919 0.977 0.983 
0.02997  1.9721e+005  0.97663 0.98064 0.98264   0.00016 0.00437   0.983 0.565 0.906 0.977 0.983 
0.03096  1.9701e+005  0.97630 0.98042 0.98248   0.00015 0.00441   0.982 0.562 0.894 0.976 0.982 
0.03196  1.968e+005  0.97564 0.98012 0.98236   0.00015 0.00444   0.982 0.549 0.888 0.976 0.982 
0.03296  1.966e+005  0.97531 0.97986 0.98214   0.00015 0.00450   0.982 0.544 0.876 0.975 0.982 
0.03396  1.964e+005  0.97493 0.97943 0.98169   0.00015 0.00461   0.982 0.539 0.866 0.975 0.982 
0.03496  1.9619e+005  0.97468 0.97870 0.98070   0.00015 0.00486   0.981 0.539 0.851 0.975 0.981 
0.03596  1.9599e+005  0.97378 0.97805 0.98018   0.00015 0.00499   0.980 0.539 0.848 0.974 0.980 
0.03696  1.9579e+005  0.97267 0.97768 0.98018   0.00015 0.00499   0.980 0.539 0.847 0.973 0.980 
0.03795  1.9558e+005  0.97160 0.97722 0.98003   0.00015 0.00503   0.980 0.535 0.847 0.972 0.980 
0.03895  1.9538e+005  0.97051 0.97684 0.98001   0.00015 0.00504   0.980 0.535 0.846 0.971 0.980 
0.03995  1.9518e+005  0.96943 0.97646 0.97998   0.00014 0.00504   0.980 0.535 0.845 0.969 0.980 
0.04095  1.9498e+005  0.96890 0.97627 0.97996   0.00014 0.00505   0.980 0.535 0.845 0.969 0.980 
0.04195  1.9477e+005  0.96829 0.97607 0.97995   0.00014 0.00505   0.980 0.535 0.844 0.968 0.980 
0.04295  1.9457e+005  0.96734 0.97575 0.97995   0.00014 0.00505   0.980 0.535 0.843 0.967 0.980 
0.04394  1.9437e+005  0.96636 0.97541 0.97994   0.00014 0.00505   0.980 0.535 0.843 0.966 0.980 
0.04494  1.9416e+005  0.96544 0.97510 0.97993   0.00014 0.00506   0.980 0.535 0.843 0.965 0.980 
0.04594  1.9396e+005  0.96460 0.97481 0.97991   0.00014 0.00506   0.980 0.534 0.842 0.965 0.980 
0.04694  1.9376e+005  0.96359 0.97445 0.97989   0.00013 0.00507   0.980 0.534 0.841 0.964 0.980 
0.04794  1.9356e+005  0.96258 0.97410 0.97986   0.00013 0.00507   0.980 0.534 0.841 0.963 0.980 
0.04894  1.9335e+005  0.96162 0.97376 0.97983   0.00013 0.00508   0.980 0.534 0.841 0.962 0.980 
0.04994  1.9315e+005  0.96068 0.97342 0.97979   0.00013 0.00509   0.980 0.533 0.839 0.961 0.980 
0.05093  1.9295e+005  0.95972 0.97308 0.97976   0.00013 0.00510   0.980 0.533 0.839 0.960 0.980 
0.05193  1.9274e+005  0.95879 0.97274 0.97972   0.00013 0.00511   0.980 0.533 0.839 0.959 0.980 
0.05293  1.9254e+005  0.95781 0.97239 0.97967   0.00013 0.00512   0.980 0.533 0.838 0.958 0.980 
0.05393  1.9234e+005  0.95689 0.97205 0.97963   0.00013 0.00513   0.980 0.532 0.838 0.957 0.980 
0.05493  1.9213e+005  0.95592 0.97169 0.97957   0.00013 0.00515   0.980 0.532 0.837 0.956 0.980 
0.05593  1.9193e+005  0.95499 0.97134 0.97952   0.00013 0.00516   0.980 0.532 0.837 0.955 0.980 
0.05693  1.9173e+005  0.95406 0.97099 0.97946   0.00013 0.00518   0.979 0.532 0.836 0.954 0.979 
0.05792  1.9152e+005  0.95316 0.97065 0.97940   0.00013 0.00519   0.979 0.532 0.836 0.953 0.979 
0.05892  1.9132e+005  0.95222 0.97029 0.97933   0.00013 0.00521   0.979 0.532 0.834 0.952 0.979 
0.05992  1.9112e+005  0.95124 0.96992 0.97926   0.00012 0.00523   0.979 0.532 0.834 0.951 0.979 
0.06092  1.9092e+005  0.95028 0.96955 0.97919   0.00012 0.00524   0.979 0.531 0.833 0.950 0.979 
0.06192  1.9071e+005  0.94930 0.96918 0.97912   0.00012 0.00526   0.979 0.531 0.833 0.949 0.979 
0.06292  1.9051e+005  0.94832 0.96880 0.97904   0.00012 0.00528   0.979 0.531 0.832 0.948 0.979 
0.06392  1.9031e+005  0.94737 0.96843 0.97896   0.00012 0.00530   0.979 0.530 0.831 0.947 0.979 
0.06491  1.901e+005  0.94644 0.96807 0.97888   0.00012 0.00532   0.979 0.529 0.830 0.946 0.979 
0.06591  1.899e+005  0.94540 0.96767 0.97880   0.00012 0.00534   0.979 0.529 0.830 0.945 0.979 
0.06691  1.897e+005  0.94437 0.96727 0.97872   0.00012 0.00536   0.979 0.529 0.830 0.944 0.979 
0.06791  1.895e+005  0.94341 0.96689 0.97863   0.00012 0.00539   0.979 0.529 0.829 0.943 0.979 
0.06891  1.8929e+005  0.94242 0.96650 0.97854   0.00012 0.00541   0.979 0.528 0.828 0.942 0.979 
0.06991  1.8909e+005  0.94142 0.96610 0.97844   0.00012 0.00543   0.978 0.528 0.827 0.941 0.978 
0.07090  1.8889e+005  0.94040 0.96570 0.97835   0.00012 0.00546   0.978 0.528 0.826 0.940 0.978 
0.07190  1.8868e+005  0.93939 0.96530 0.97825   0.00012 0.00548   0.978 0.528 0.826 0.939 0.978 
0.07290  1.8848e+005  0.93843 0.96491 0.97815   0.00012 0.00551   0.978 0.527 0.825 0.938 0.978 
0.07390  1.8828e+005  0.93749 0.96453 0.97805   0.00012 0.00553   0.978 0.527 0.824 0.937 0.978 
0.07490  1.8807e+005  0.93647 0.96412 0.97795   0.00012 0.00556   0.978 0.527 0.824 0.936 0.978 
0.07590  1.8787e+005  0.93546 0.96371 0.97784   0.00012 0.00559   0.978 0.526 0.824 0.935 0.978 
0.07690  1.8767e+005  0.93449 0.96331 0.97773   0.00012 0.00562   0.978 0.526 0.823 0.934 0.978 
0.07789  1.8746e+005  0.93341 0.96289 0.97762   0.00012 0.00564   0.978 0.514 0.823 0.933 0.978 
0.07889  1.8726e+005  0.93244 0.96249 0.97751   0.00012 0.00567   0.978 0.514 0.823 0.932 0.978 
0.07989  1.8706e+005  0.93147 0.96208 0.97739   0.00012 0.00570   0.977 0.514 0.822 0.931 0.977 
0.08089  1.8686e+005  0.93053 0.96169 0.97726   0.00012 0.00573   0.977 0.514 0.822 0.931 0.977 
0.08189  1.8665e+005  0.92963 0.96130 0.97713   0.00012 0.00577   0.977 0.514 0.821 0.930 0.977 
0.08289  1.8645e+005  0.92875 0.96091 0.97700   0.00012 0.00580   0.977 0.514 0.820 0.929 0.977 
0.08389  1.8625e+005  0.92782 0.96051 0.97685   0.00012 0.00584   0.977 0.514 0.820 0.928 0.977 
0.08488  1.8604e+005  0.92696 0.96012 0.97671   0.00012 0.00588   0.977 0.513 0.819 0.927 0.977 
0.08588  1.8584e+005  0.92602 0.95970 0.97655   0.00012 0.00591   0.977 0.513 0.818 0.926 0.977 
0.08688  1.8564e+005  0.92511 0.95930 0.97639   0.00012 0.00596   0.976 0.513 0.818 0.925 0.976 
0.08788  1.8544e+005  0.92427 0.95890 0.97621   0.00012 0.00600   0.976 0.511 0.815 0.924 0.976 
0.08888  1.8523e+005  0.92336 0.95848 0.97604   0.00012 0.00604   0.976 0.511 0.814 0.923 0.976 
0.08988  1.8503e+005  0.92245 0.95806 0.97587   0.00012 0.00609   0.976 0.511 0.813 0.922 0.976 
0.09088  1.8483e+005  0.92152 0.95763 0.97569   0.00012 0.00613   0.976 0.511 0.812 0.922 0.976 
0.09187  1.8462e+005  0.92057 0.95719 0.97550   0.00012 0.00618   0.976 0.510 0.812 0.921 0.976 
0.09287  1.8442e+005  0.91960 0.95674 0.97531   0.00012 0.00623   0.975 0.510 0.811 0.920 0.975 
0.09387  1.8422e+005  0.91870 0.95631 0.97511   0.00012 0.00628   0.975 0.510 0.811 0.919 0.975 
0.09487  1.8401e+005  0.91774 0.95585 0.97491   0.00012 0.00633   0.975 0.510 0.810 0.918 0.975 
0.09587  1.8381e+005  0.91680 0.95540 0.97470   0.00012 0.00639   0.975 0.510 0.810 0.917 0.975 
0.09687  1.8361e+005  0.91588 0.95495 0.97448   0.00012 0.00644   0.974 0.510 0.808 0.916 0.974 
0.09786  1.834e+005  0.91493 0.95449 0.97427   0.00012 0.00650   0.974 0.510 0.807 0.915 0.974 
0.09886  1.832e+005  0.91405 0.95405 0.97405   0.00012 0.00655   0.974 0.510 0.806 0.914 0.974 
0.09986  1.83e+005   0.91311 0.95358 0.97382   0.00012 0.00661   0.974 0.510 0.804 0.913 0.974 
0.10086  1.828e+005  0.91214 0.95310 0.97359   0.00012 0.00667   0.974 0.510 0.804 0.912 0.974 
0.10186  1.8259e+005  0.91128 0.95264 0.97332   0.00012 0.00674   0.973 0.507 0.802 0.911 0.973 
0.10286  1.8239e+005  0.91028 0.95215 0.97308   0.00012 0.00680   0.973 0.507 0.802 0.910 0.973 
0.10386  1.8219e+005  0.90934 0.95167 0.97284   0.00012 0.00686   0.973 0.507 0.801 0.909 0.973 
0.10485  1.8198e+005  0.90838 0.95119 0.97259   0.00012 0.00692   0.973 0.507 0.800 0.908 0.973 
0.10585  1.8178e+005  0.90741 0.95070 0.97234   0.00012 0.00699   0.972 0.506 0.800 0.907 0.972 
0.10685  1.8158e+005  0.90644 0.95021 0.97209   0.00012 0.00705   0.972 0.506 0.799 0.906 0.972 
0.10785  1.8138e+005  0.90546 0.94971 0.97183   0.00012 0.00712   0.972 0.506 0.799 0.905 0.972 
0.10885  1.8117e+005  0.90446 0.94920 0.97157   0.00012 0.00718   0.972 0.506 0.799 0.904 0.972 
0.10985  1.8097e+005  0.90356 0.94871 0.97129   0.00012 0.00726   0.971 0.501 0.797 0.904 0.971 
0.11085  1.8077e+005  0.90254 0.94819 0.97102   0.00012 0.00733   0.971 0.501 0.797 0.903 0.971 
0.11184  1.8056e+005  0.90154 0.94767 0.97074   0.00012 0.00740   0.971 0.499 0.796 0.902 0.971 
0.11284  1.8036e+005  0.90061 0.94715 0.97042   0.00012 0.00748   0.970 0.493 0.795 0.901 0.970 
0.11384  1.8016e+005  0.89967 0.94665 0.97015   0.00012 0.00755   0.970 0.493 0.794 0.900 0.970 
0.11484  1.7995e+005  0.89871 0.94615 0.96986   0.00012 0.00762   0.970 0.493 0.794 0.899 0.970 
0.11584  1.7975e+005  0.89774 0.94563 0.96958   0.00012 0.00769   0.970 0.493 0.793 0.898 0.970 
0.11684  1.7955e+005  0.89675 0.94511 0.96929   0.00012 0.00777   0.969 0.493 0.793 0.897 0.969 
0.11784  1.7934e+005  0.89578 0.94459 0.96900   0.00012 0.00784   0.969 0.493 0.792 0.896 0.969 
0.11883  1.7914e+005  0.89476 0.94419 0.96890   0.00012 0.00787   0.969 0.481 0.791 0.895 0.969 
0.11983  1.7894e+005  0.89367 0.94380 0.96887   0.00012 0.00788   0.969 0.465 0.791 0.894 0.969 
0.12083  1.7874e+005  0.89258 0.94339 0.96879   0.00012 0.00790   0.969 0.449 0.791 0.893 0.969 
0.12183  1.7853e+005  0.89153 0.94292 0.96861   0.00012 0.00794   0.969 0.433 0.790 0.892 0.969 
0.12283  1.7833e+005  0.89046 0.94251 0.96853   0.00012 0.00796   0.969 0.430 0.790 0.890 0.969 
0.12383  1.7813e+005  0.88947 0.94201 0.96828   0.00012 0.00803   0.968 0.430 0.789 0.889 0.968 
0.12482  1.7792e+005  0.88851 0.94149 0.96799   0.00012 0.00810   0.968 0.430 0.788 0.889 0.968 
0.12582  1.7772e+005  0.88755 0.94097 0.96768   0.00012 0.00818   0.968 0.430 0.788 0.888 0.968 
0.12682  1.7752e+005  0.88660 0.94045 0.96738   0.00012 0.00826   0.967 0.430 0.787 0.887 0.967 
0.12782  1.7732e+005  0.88560 0.93991 0.96706   0.00012 0.00834   0.967 0.430 0.786 0.886 0.967 
0.12882  1.7711e+005  0.88467 0.93939 0.96675   0.00012 0.00842   0.967 0.430 0.786 0.885 0.967 
0.12982  1.7691e+005  0.88370 0.93885 0.96643   0.00012 0.00850   0.966 0.430 0.785 0.884 0.966 
0.13082  1.7671e+005  0.88272 0.93831 0.96611   0.00012 0.00858   0.966 0.430 0.784 0.883 0.966 
0.13181  1.765e+005  0.88175 0.93777 0.96578   0.00012 0.00867   0.966 0.429 0.783 0.882 0.966 
0.13281  1.763e+005  0.88100 0.93729 0.96544   0.00012 0.00876   0.965 0.428 0.780 0.881 0.965 
0.13381  1.761e+005  0.88003 0.93675 0.96510   0.00012 0.00884   0.965 0.428 0.779 0.880 0.965 
0.13481  1.7589e+005  0.87912 0.93621 0.96475   0.00012 0.00893   0.965 0.427 0.777 0.879 0.965 
0.13581  1.7569e+005  0.87815 0.93566 0.96442   0.00012 0.00902   0.964 0.427 0.777 0.878 0.964 
0.13681  1.7549e+005  0.87719 0.93511 0.96407   0.00012 0.00911   0.964 0.427 0.776 0.877 0.964 
0.13781  1.7528e+005  0.87624 0.93456 0.96373   0.00012 0.00919   0.964 0.427 0.775 0.876 0.964 
0.13880  1.7508e+005  0.87525 0.93400 0.96337   0.00012 0.00928   0.963 0.427 0.774 0.875 0.963 
0.13980  1.7488e+005  0.87429 0.93344 0.96302   0.00012 0.00938   0.963 0.427 0.773 0.874 0.963 
0.14080  1.7468e+005  0.87332 0.93288 0.96266   0.00012 0.00947   0.963 0.427 0.772 0.873 0.963 
0.14180  1.7447e+005  0.87233 0.93231 0.96231   0.00012 0.00956   0.962 0.427 0.772 0.872 0.962 
0.14280  1.7427e+005  0.87128 0.93186 0.96215   0.00012 0.00960   0.962 0.427 0.771 0.871 0.962 
0.14380  1.7407e+005  0.87024 0.93142 0.96202   0.00012 0.00963   0.962 0.427 0.770 0.870 0.962 
0.14480  1.7386e+005  0.86918 0.93093 0.96181   0.00012 0.00969   0.962 0.427 0.770 0.869 0.962 
0.14579  1.7366e+005  0.86825 0.93039 0.96146   0.00012 0.00978   0.961 0.427 0.767 0.868 0.961 
0.14679  1.7346e+005  0.86727 0.92982 0.96109   0.00012 0.00987   0.961 0.425 0.766 0.867 0.961 
0.14779  1.7326e+005  0.86628 0.92924 0.96072   0.00012 0.00997   0.961 0.425 0.765 0.866 0.961 
0.14879  1.7305e+005  0.86528 0.92866 0.96035   0.00012 0.01006   0.960 0.425 0.765 0.865 0.960 
0.14979  1.7285e+005  0.86433 0.92810 0.95998   0.00012 0.01016   0.960 0.425 0.764 0.864 0.960 
0.15079  1.7265e+005  0.86334 0.92751 0.95960   0.00012 0.01026   0.960 0.425 0.763 0.863 0.960 
0.15178  1.7244e+005  0.86241 0.92691 0.95916   0.00012 0.01037   0.959 0.418 0.762 0.862 0.959 
0.15278  1.7224e+005  0.86147 0.92634 0.95878   0.00012 0.01047   0.959 0.418 0.761 0.861 0.959 
0.15378  1.7204e+005  0.86055 0.92574 0.95833   0.00012 0.01058   0.958 0.413 0.760 0.861 0.958 
0.15478  1.7183e+005  0.85973 0.92502 0.95767   0.00013 0.01076   0.958 0.401 0.757 0.860 0.958 
0.15578  1.7163e+005  0.85876 0.92445 0.95729   0.00013 0.01085   0.957 0.401 0.756 0.859 0.957 
0.15678  1.7143e+005  0.85776 0.92385 0.95690   0.00013 0.01095   0.957 0.401 0.756 0.858 0.957 
0.15778  1.7122e+005  0.85678 0.92326 0.95651   0.00013 0.01106   0.957 0.401 0.755 0.857 0.957 
0.15877  1.7102e+005  0.85583 0.92268 0.95611   0.00013 0.01116   0.956 0.401 0.754 0.856 0.956 
0.15977  1.7082e+005  0.85494 0.92212 0.95571   0.00013 0.01126   0.956 0.401 0.752 0.855 0.956 
0.16077  1.7062e+005  0.85417 0.92158 0.95529   0.00013 0.01137   0.955 0.401 0.748 0.854 0.955 
0.16177  1.7041e+005  0.85318 0.92099 0.95489   0.00013 0.01147   0.955 0.401 0.748 0.853 0.955 
0.16277  1.7021e+005  0.85219 0.92039 0.95449   0.00013 0.01158   0.954 0.401 0.748 0.852 0.954 
0.16377  1.7001e+005  0.85121 0.91979 0.95409   0.00013 0.01168   0.954 0.401 0.746 0.851 0.954 
0.16477  1.698e+005  0.85025 0.91920 0.95367   0.00013 0.01179   0.954 0.401 0.745 0.850 0.954 
0.16576  1.696e+005  0.84923 0.91859 0.95326   0.00013 0.01190   0.953 0.401 0.744 0.849 0.953 
0.16676  1.694e+005  0.84822 0.91797 0.95285   0.00013 0.01200   0.953 0.401 0.744 0.848 0.953 
0.16776  1.692e+005  0.84722 0.91736 0.95243   0.00013 0.01211   0.952 0.401 0.743 0.847 0.952 
0.16876  1.6899e+005  0.84625 0.91675 0.95200   0.00013 0.01222   0.952 0.401 0.742 0.846 0.952 
0.16976  1.6879e+005  0.84523 0.91613 0.95158   0.00013 0.01233   0.952 0.401 0.741 0.845 0.952 
0.17076  1.6859e+005  0.84421 0.91551 0.95116   0.00013 0.01244   0.951 0.401 0.741 0.844 0.951 
0.17176  1.6838e+005  0.84330 0.91487 0.95065   0.00013 0.01257   0.951 0.394 0.739 0.843 0.951 
0.17275  1.6818e+005  0.84230 0.91425 0.95022   0.00013 0.01268   0.950 0.394 0.739 0.842 0.950 
0.17375  1.6798e+005  0.84129 0.91362 0.94979   0.00013 0.01280   0.950 0.394 0.738 0.841 0.950 
0.17475  1.6777e+005  0.84028 0.91300 0.94936   0.00013 0.01291   0.949 0.393 0.738 0.840 0.949 
0.17575  1.6757e+005  0.83932 0.91237 0.94890   0.00013 0.01303   0.949 0.393 0.736 0.839 0.949 
0.17675  1.6737e+005  0.83837 0.91170 0.94837   0.00013 0.01317   0.948 0.389 0.734 0.838 0.948 
0.17775  1.6716e+005  0.83738 0.91075 0.94744   0.00013 0.01341   0.947 0.376 0.732 0.837 0.947 
0.17874  1.6696e+005  0.83642 0.91014 0.94699   0.00013 0.01352   0.947 0.376 0.732 0.836 0.947 
0.17974  1.6676e+005  0.83548 0.90952 0.94654   0.00013 0.01364   0.947 0.376 0.731 0.835 0.947 
0.18074  1.6656e+005  0.83443 0.90887 0.94609   0.00013 0.01376   0.946 0.376 0.730 0.834 0.946 
0.18174  1.6635e+005  0.83347 0.90825 0.94563   0.00013 0.01388   0.946 0.376 0.729 0.833 0.946 
0.18274  1.6615e+005  0.83258 0.90764 0.94517   0.00013 0.01400   0.945 0.376 0.728 0.833 0.945 
0.18374  1.6595e+005  0.83156 0.90700 0.94471   0.00013 0.01412   0.945 0.376 0.727 0.832 0.945 
0.18474  1.6574e+005  0.83053 0.90634 0.94425   0.00013 0.01424   0.944 0.376 0.727 0.831 0.944 
0.18573  1.6554e+005  0.82954 0.90570 0.94378   0.00013 0.01436   0.944 0.376 0.726 0.830 0.944 
0.18673  1.6534e+005  0.82857 0.90503 0.94326   0.00013 0.01450   0.943 0.372 0.726 0.829 0.943 
0.18773  1.6514e+005  0.82759 0.90439 0.94279   0.00013 0.01462   0.943 0.372 0.725 0.828 0.943 
0.18873  1.6493e+005  0.82661 0.90375 0.94232   0.00013 0.01474   0.942 0.372 0.725 0.827 0.942 
0.18973  1.6473e+005  0.82560 0.90309 0.94184   0.00013 0.01487   0.942 0.372 0.724 0.826 0.942 
0.19073  1.6453e+005  0.82468 0.90246 0.94136   0.00013 0.01500   0.941 0.372 0.723 0.825 0.941 
0.19173  1.6432e+005  0.82367 0.90181 0.94088   0.00013 0.01512   0.941 0.372 0.722 0.824 0.941 
0.19272  1.6412e+005  0.82264 0.90114 0.94039   0.00013 0.01525   0.940 0.372 0.722 0.823 0.940 
0.19372  1.6392e+005  0.82164 0.90048 0.93990   0.00013 0.01538   0.940 0.371 0.721 0.822 0.940 
0.19472  1.6371e+005  0.82070 0.89983 0.93940   0.00013 0.01551   0.939 0.371 0.720 0.821 0.939 
0.19572  1.6351e+005  0.81973 0.89918 0.93890   0.00013 0.01564   0.939 0.371 0.719 0.820 0.939 
0.19672  1.6331e+005  0.81889 0.89850 0.93830   0.00014 0.01580   0.938 0.368 0.717 0.819 0.938 
0.19772  1.631e+005  0.81790 0.89783 0.93780   0.00014 0.01593   0.938 0.368 0.716 0.818 0.938 
0.19872  1.629e+005  0.81696 0.89719 0.93730   0.00014 0.01606   0.937 0.368 0.715 0.817 0.937 
0.19971  1.627e+005  0.81597 0.89652 0.93679   0.00014 0.01619   0.937 0.368 0.713 0.816 0.937 
0.20071  1.625e+005  0.81500 0.89586 0.93628   0.00014 0.01632   0.936 0.368 0.713 0.815 0.936 
0.20171  1.6229e+005  0.81403 0.89519 0.93577   0.00014 0.01646   0.936 0.368 0.712 0.814 0.936 
0.20271  1.6209e+005  0.81304 0.89452 0.93526   0.00014 0.01659   0.935 0.367 0.711 0.813 0.935 
0.20371  1.6189e+005  0.81232 0.89391 0.93470   0.00014 0.01674   0.935 0.367 0.706 0.812 0.935 
0.20471  1.6168e+005  0.81131 0.89323 0.93418   0.00014 0.01688   0.934 0.367 0.705 0.811 0.934 
0.20570  1.6148e+005  0.81035 0.89256 0.93366   0.00014 0.01701   0.934 0.367 0.704 0.810 0.934 
0.20670  1.6128e+005  0.80933 0.89187 0.93313   0.00014 0.01715   0.933 0.367 0.704 0.809 0.933 
0.20770  1.6108e+005  0.80838 0.89119 0.93260   0.00014 0.01729   0.933 0.366 0.703 0.808 0.933 
0.20870  1.6087e+005  0.80737 0.89050 0.93206   0.00014 0.01743   0.932 0.365 0.703 0.807 0.932 
0.20970  1.6067e+005  0.80641 0.88982 0.93152   0.00014 0.01758   0.932 0.365 0.702 0.806 0.932 
0.21070  1.6047e+005  0.80546 0.88914 0.93098   0.00014 0.01772   0.931 0.365 0.701 0.805 0.931 
0.21170  1.6026e+005  0.80453 0.88848 0.93046   0.00014 0.01786   0.930 0.365 0.700 0.805 0.930 
0.21269  1.6006e+005  0.80355 0.88779 0.92991   0.00014 0.01800   0.930 0.365 0.700 0.804 0.930 
0.21369  1.5986e+005  0.80255 0.88709 0.92936   0.00014 0.01815   0.929 0.364 0.699 0.803 0.929 
0.21469  1.5965e+005  0.80157 0.88631 0.92867   0.00014 0.01833   0.929 0.359 0.699 0.802 0.929 
0.21569  1.5945e+005  0.80061 0.88560 0.92809   0.00014 0.01848   0.928 0.359 0.697 0.801 0.928 
0.21669  1.5925e+005  0.79962 0.88490 0.92755   0.00014 0.01863   0.928 0.359 0.697 0.800 0.928 
0.21769  1.5904e+005  0.79863 0.88420 0.92699   0.00014 0.01877   0.927 0.359 0.697 0.799 0.927 
0.21869  1.5884e+005  0.79763 0.88349 0.92643   0.00014 0.01892   0.926 0.357 0.696 0.798 0.926 
0.21968  1.5864e+005  0.79664 0.88279 0.92586   0.00014 0.01907   0.926 0.357 0.696 0.797 0.926 
0.22068  1.5844e+005  0.79566 0.88208 0.92530   0.00014 0.01922   0.925 0.357 0.695 0.796 0.925 
0.22168  1.5823e+005  0.79463 0.88136 0.92472   0.00014 0.01938   0.925 0.357 0.695 0.795 0.925 
0.22268  1.5803e+005  0.79388 0.88031 0.92353   0.00014 0.01969   0.924 0.341 0.692 0.794 0.924 
0.22368  1.5783e+005  0.79293 0.87955 0.92286   0.00014 0.01987   0.923 0.339 0.691 0.793 0.923 
0.22468  1.5762e+005  0.79194 0.87883 0.92228   0.00014 0.02002   0.922 0.339 0.690 0.792 0.922 
0.22568  1.5742e+005  0.79091 0.87810 0.92170   0.00014 0.02018   0.922 0.339 0.690 0.791 0.922 
0.22667  1.5722e+005  0.78989 0.87737 0.92111   0.00014 0.02033   0.921 0.339 0.689 0.790 0.921 
0.22767  1.5702e+005  0.78895 0.87667 0.92052   0.00014 0.02049   0.921 0.339 0.688 0.789 0.921 
0.22867  1.5681e+005  0.78801 0.87596 0.91994   0.00014 0.02065   0.920 0.339 0.687 0.788 0.920 
0.22967  1.5661e+005  0.78699 0.87523 0.91935   0.00014 0.02080   0.919 0.339 0.687 0.787 0.919 
0.23067  1.5641e+005  0.78597 0.87449 0.91875   0.00014 0.02096   0.919 0.339 0.686 0.786 0.919 
0.23167  1.562e+005  0.78499 0.87377 0.91815   0.00014 0.02112   0.918 0.339 0.685 0.785 0.918 
0.23266  1.56e+005   0.78407 0.87305 0.91754   0.00014 0.02128   0.918 0.338 0.684 0.784 0.918 
0.23366  1.558e+005  0.78309 0.87232 0.91693   0.00014 0.02145   0.917 0.338 0.683 0.783 0.917 
0.23466  1.5559e+005  0.78211 0.87158 0.91632   0.00015 0.02161   0.916 0.338 0.682 0.782 0.916 
0.23566  1.5539e+005  0.78110 0.87084 0.91571   0.00015 0.02177   0.916 0.338 0.682 0.781 0.916 
0.23666  1.5519e+005  0.78015 0.87011 0.91509   0.00015 0.02194   0.915 0.338 0.681 0.780 0.915 
0.23766  1.5498e+005  0.77928 0.86940 0.91446   0.00015 0.02211   0.914 0.336 0.679 0.779 0.914 
0.23866  1.5478e+005  0.77829 0.86865 0.91383   0.00015 0.02228   0.914 0.336 0.678 0.778 0.914 
0.23965  1.5458e+005  0.77730 0.86790 0.91320   0.00015 0.02244   0.913 0.336 0.677 0.777 0.913 
0.24065  1.5438e+005  0.77633 0.86715 0.91256   0.00015 0.02262   0.913 0.335 0.676 0.776 0.913 
0.24165  1.5417e+005  0.77535 0.86640 0.91192   0.00015 0.02279   0.912 0.335 0.675 0.775 0.912 
0.24265  1.5397e+005  0.77438 0.86566 0.91130   0.00015 0.02295   0.911 0.335 0.675 0.774 0.911 
0.24365  1.5377e+005  0.77339 0.86490 0.91066   0.00015 0.02312   0.911 0.335 0.674 0.773 0.911 
0.24465  1.5356e+005  0.77238 0.86414 0.91002   0.00015 0.02330   0.910 0.334 0.673 0.772 0.910 
0.24565  1.5336e+005  0.77141 0.86338 0.90937   0.00015 0.02347   0.909 0.334 0.672 0.771 0.909 
0.24664  1.5316e+005  0.77047 0.86264 0.90872   0.00015 0.02365   0.909 0.334 0.671 0.770 0.909 
0.24764  1.5296e+005  0.76949 0.86188 0.90807   0.00015 0.02382   0.908 0.334 0.671 0.769 0.908 
0.24864  1.5275e+005  0.76854 0.86112 0.90742   0.00015 0.02400   0.907 0.334 0.670 0.769 0.907 
0.24964  1.5255e+005  0.76756 0.86036 0.90675   0.00015 0.02417   0.907 0.334 0.669 0.768 0.907 
0.25064  1.5235e+005  0.76663 0.85960 0.90609   0.00015 0.02435   0.906 0.334 0.668 0.767 0.906 
0.25164  1.5214e+005  0.76567 0.85884 0.90542   0.00015 0.02453   0.905 0.334 0.668 0.766 0.905 
0.25264  1.5194e+005  0.76469 0.85806 0.90474   0.00015 0.02472   0.905 0.330 0.667 0.765 0.905 
0.25363  1.5174e+005  0.76371 0.85729 0.90408   0.00015 0.02490   0.904 0.330 0.667 0.764 0.904 
0.25463  1.5153e+005  0.76276 0.85652 0.90340   0.00015 0.02508   0.903 0.330 0.666 0.763 0.903 
0.25563  1.5133e+005  0.76176 0.85573 0.90272   0.00015 0.02526   0.903 0.330 0.665 0.762 0.903 
0.25663  1.5113e+005  0.76079 0.85495 0.90203   0.00015 0.02545   0.902 0.330 0.664 0.761 0.902 
0.25763  1.5092e+005  0.75975 0.85415 0.90135   0.00015 0.02563   0.901 0.330 0.664 0.760 0.901 
0.25863  1.5072e+005  0.75880 0.85339 0.90069   0.00015 0.02581   0.901 0.330 0.662 0.759 0.901 
0.25962  1.5052e+005  0.75777 0.85259 0.90000   0.00015 0.02600   0.900 0.330 0.662 0.758 0.900 
0.26062  1.5032e+005  0.75682 0.85180 0.89930   0.00015 0.02619   0.899 0.330 0.661 0.757 0.899 
0.26162  1.5011e+005  0.75586 0.85102 0.89859   0.00015 0.02638   0.899 0.330 0.659 0.756 0.899 
0.26262  1.4991e+005  0.75491 0.85023 0.89789   0.00015 0.02657   0.898 0.330 0.658 0.755 0.898 
0.26362  1.4971e+005  0.75391 0.84943 0.89718   0.00015 0.02676   0.897 0.330 0.657 0.754 0.897 
0.26462  1.495e+005  0.75291 0.84862 0.89648   0.00015 0.02695   0.896 0.330 0.657 0.753 0.896 
0.26562  1.493e+005  0.75189 0.84781 0.89577   0.00015 0.02714   0.896 0.330 0.656 0.752 0.896 
0.26661  1.491e+005  0.75085 0.84698 0.89505   0.00015 0.02734   0.895 0.330 0.656 0.751 0.895 
0.26761  1.489e+005  0.74992 0.84619 0.89433   0.00015 0.02753   0.894 0.330 0.655 0.750 0.894 
0.26861  1.4869e+005  0.74892 0.84538 0.89361   0.00015 0.02773   0.894 0.330 0.655 0.749 0.894 
0.26961  1.4849e+005  0.74792 0.84456 0.89288   0.00015 0.02793   0.893 0.329 0.654 0.748 0.893 
0.27061  1.4829e+005  0.74689 0.84373 0.89215   0.00016 0.02813   0.892 0.329 0.653 0.747 0.892 
0.27161  1.4808e+005  0.74593 0.84293 0.89142   0.00016 0.02833   0.891 0.329 0.653 0.746 0.891 
0.27261  1.4788e+005  0.74497 0.84211 0.89068   0.00016 0.02853   0.891 0.329 0.652 0.745 0.891 
0.27360  1.4768e+005  0.74394 0.84127 0.88994   0.00016 0.02873   0.890 0.329 0.651 0.744 0.890 
0.27460  1.4747e+005  0.74292 0.84044 0.88920   0.00016 0.02893   0.889 0.328 0.651 0.743 0.889 
0.27560  1.4727e+005  0.74204 0.83964 0.88845   0.00016 0.02914   0.888 0.328 0.649 0.742 0.888 
0.27660  1.4707e+005  0.74104 0.83881 0.88770   0.00016 0.02934   0.888 0.327 0.648 0.741 0.888 
0.27760  1.4686e+005  0.74001 0.83797 0.88695   0.00016 0.02955   0.887 0.327 0.647 0.740 0.887 
0.27860  1.4666e+005  0.73904 0.83714 0.88619   0.00016 0.02975   0.886 0.327 0.646 0.739 0.886 
0.27960  1.4646e+005  0.73804 0.83631 0.88544   0.00016 0.02996   0.885 0.327 0.645 0.738 0.885 
0.28059  1.4626e+005  0.73704 0.83547 0.88468   0.00016 0.03017   0.885 0.327 0.644 0.737 0.885 
0.28159  1.4605e+005  0.73604 0.83450 0.88372   0.00016 0.03043   0.884 0.316 0.643 0.736 0.884 
0.28259  1.4585e+005  0.73498 0.83346 0.88271   0.00016 0.03071   0.883 0.307 0.643 0.735 0.883 
0.28359  1.4565e+005  0.73400 0.83263 0.88195   0.00016 0.03092   0.882 0.307 0.642 0.734 0.882 
0.28459  1.4544e+005  0.73297 0.83178 0.88118   0.00016 0.03113   0.881 0.307 0.642 0.733 0.881 
0.28559  1.4524e+005  0.73192 0.83091 0.88040   0.00016 0.03134   0.880 0.306 0.641 0.732 0.880 
0.28658  1.4504e+005  0.73091 0.83008 0.87966   0.00016 0.03155   0.880 0.305 0.641 0.731 0.880 
0.28758  1.4484e+005  0.72997 0.82925 0.87889   0.00016 0.03176   0.879 0.305 0.640 0.730 0.879 
0.28858  1.4463e+005  0.72893 0.82838 0.87811   0.00016 0.03197   0.878 0.305 0.639 0.729 0.878 
0.28958  1.4443e+005  0.72793 0.82752 0.87732   0.00016 0.03219   0.877 0.305 0.638 0.728 0.877 
0.29058  1.4423e+005  0.72721 0.82671 0.87646   0.00016 0.03243   0.876 0.303 0.634 0.727 0.876 
0.29158  1.4402e+005  0.72618 0.82584 0.87568   0.00016 0.03265   0.876 0.303 0.633 0.726 0.876 
0.29258  1.4382e+005  0.72523 0.82500 0.87488   0.00016 0.03286   0.875 0.302 0.632 0.725 0.875 
0.29357  1.4362e+005  0.72423 0.82412 0.87407   0.00016 0.03309   0.874 0.299 0.631 0.724 0.874 
0.29457  1.4341e+005  0.72322 0.82326 0.87328   0.00016 0.03331   0.873 0.299 0.631 0.723 0.873 
0.29557  1.4321e+005  0.72222 0.82235 0.87241   0.00016 0.03355   0.872 0.295 0.630 0.722 0.872 
0.29657  1.4301e+005  0.72121 0.82148 0.87161   0.00016 0.03377   0.872 0.295 0.630 0.721 0.872 
0.29757  1.428e+005  0.72019 0.82060 0.87081   0.00016 0.03399   0.871 0.294 0.629 0.720 0.871 
0.29857  1.426e+005  0.71919 0.81973 0.87000   0.00016 0.03422   0.870 0.294 0.628 0.719 0.870 
0.29957  1.424e+005  0.71816 0.81885 0.86919   0.00016 0.03444   0.869 0.294 0.627 0.718 0.869 
0.30056  1.422e+005  0.71720 0.81798 0.86838   0.00016 0.03467   0.868 0.294 0.625 0.717 0.868 
0.30156  1.4199e+005  0.71625 0.81711 0.86755   0.00016 0.03490   0.868 0.294 0.623 0.716 0.868 
0.30256  1.4179e+005  0.71525 0.81624 0.86673   0.00017 0.03513   0.867 0.294 0.622 0.715 0.867 
0.30356  1.4159e+005  0.71422 0.81535 0.86591   0.00017 0.03535   0.866 0.294 0.621 0.714 0.866 
0.30456  1.4138e+005  0.71325 0.81447 0.86509   0.00017 0.03558   0.865 0.294 0.621 0.713 0.865 
0.30556  1.4118e+005  0.71226 0.81360 0.86427   0.00017 0.03581   0.864 0.294 0.620 0.712 0.864 
0.30656  1.4098e+005  0.71128 0.81273 0.86345   0.00017 0.03604   0.863 0.294 0.619 0.711 0.863 
0.30755  1.4078e+005  0.71025 0.81183 0.86262   0.00017 0.03627   0.863 0.294 0.618 0.710 0.863 
0.30855  1.4057e+005  0.70926 0.81095 0.86179   0.00017 0.03650   0.862 0.294 0.617 0.709 0.862 
0.30955  1.4037e+005  0.70823 0.81005 0.86096   0.00017 0.03674   0.861 0.293 0.616 0.708 0.861 
0.31055  1.4017e+005  0.70724 0.80916 0.86012   0.00017 0.03697   0.860 0.292 0.616 0.707 0.860 
0.31155  1.3996e+005  0.70621 0.80826 0.85928   0.00017 0.03721   0.859 0.292 0.615 0.706 0.859 
0.31255  1.3976e+005  0.70518 0.80735 0.85844   0.00017 0.03744   0.858 0.291 0.614 0.705 0.858 
0.31354  1.3956e+005  0.70414 0.80644 0.85759   0.00017 0.03768   0.858 0.291 0.614 0.704 0.858 
0.31454  1.3935e+005  0.70312 0.80554 0.85675   0.00017 0.03792   0.857 0.291 0.613 0.703 0.857 
0.31554  1.3915e+005  0.70208 0.80463 0.85590   0.00017 0.03815   0.856 0.291 0.613 0.702 0.856 
0.31654  1.3895e+005  0.70106 0.80372 0.85506   0.00017 0.03839   0.855 0.291 0.612 0.701 0.855 
0.31754  1.3874e+005  0.70001 0.80280 0.85420   0.00017 0.03863   0.854 0.291 0.612 0.700 0.854 
0.31854  1.3854e+005  0.69898 0.80189 0.85334   0.00017 0.03887   0.853 0.290 0.611 0.699 0.853 
0.31954  1.3834e+005  0.69795 0.80098 0.85249   0.00017 0.03911   0.852 0.290 0.610 0.698 0.852 
0.32053  1.3814e+005  0.69694 0.80007 0.85163   0.00017 0.03935   0.852 0.290 0.609 0.697 0.852 
0.32153  1.3793e+005  0.69590 0.79915 0.85077   0.00017 0.03960   0.851 0.290 0.609 0.696 0.851 
0.32253  1.3773e+005  0.69489 0.79824 0.84991   0.00017 0.03984   0.850 0.290 0.608 0.695 0.850 
0.32353  1.3753e+005  0.69390 0.79734 0.84907   0.00017 0.04008   0.849 0.290 0.608 0.694 0.849 
0.32453  1.3732e+005  0.69287 0.79642 0.84820   0.00017 0.04033   0.848 0.290 0.607 0.693 0.848 
0.32553  1.3712e+005  0.69183 0.79549 0.84732   0.00017 0.04057   0.847 0.290 0.606 0.692 0.847 
0.32653  1.3692e+005  0.69079 0.79455 0.84644   0.00017 0.04082   0.846 0.290 0.606 0.691 0.846 
0.32752  1.3672e+005  0.68976 0.79362 0.84555   0.00017 0.04107   0.846 0.290 0.605 0.690 0.846 
0.32852  1.3651e+005  0.68876 0.79271 0.84468   0.00017 0.04132   0.845 0.290 0.605 0.689 0.845 
0.32952  1.3631e+005  0.68774 0.79178 0.84379   0.00017 0.04157   0.844 0.289 0.604 0.688 0.844 
0.33052  1.3611e+005  0.68670 0.79083 0.84290   0.00017 0.04183   0.843 0.289 0.603 0.687 0.843 
0.33152  1.359e+005  0.68566 0.78989 0.84200   0.00017 0.04208   0.842 0.289 0.603 0.686 0.842 
0.33252  1.357e+005  0.68464 0.78895 0.84110   0.00017 0.04234   0.841 0.289 0.602 0.685 0.841 
0.33352  1.355e+005  0.68363 0.78801 0.84020   0.00018 0.04260   0.840 0.289 0.601 0.684 0.840 
0.33451  1.3529e+005  0.68260 0.78706 0.83929   0.00018 0.04286   0.839 0.289 0.601 0.683 0.839 
0.33551  1.3509e+005  0.68149 0.78608 0.83838   0.00018 0.04311   0.838 0.289 0.600 0.681 0.838 
0.33651  1.3489e+005  0.68043 0.78512 0.83747   0.00018 0.04337   0.837 0.289 0.600 0.680 0.837 
0.33751  1.3468e+005  0.67943 0.78419 0.83657   0.00018 0.04363   0.837 0.289 0.599 0.679 0.837 
0.33851  1.3448e+005  0.67841 0.78324 0.83566   0.00018 0.04389   0.836 0.289 0.598 0.678 0.836 
0.33951  1.3428e+005  0.67738 0.78228 0.83473   0.00018 0.04416   0.835 0.289 0.598 0.677 0.835 
0.34050  1.3408e+005  0.67635 0.78132 0.83381   0.00018 0.04442   0.834 0.288 0.597 0.676 0.834 
0.34150  1.3387e+005  0.67532 0.78036 0.83288   0.00018 0.04469   0.833 0.288 0.597 0.675 0.833 
0.34250  1.3367e+005  0.67429 0.77940 0.83195   0.00018 0.04495   0.832 0.288 0.596 0.674 0.832 
0.34350  1.3347e+005  0.67326 0.77843 0.83102   0.00018 0.04522   0.831 0.287 0.595 0.673 0.831 
0.34450  1.3326e+005  0.67226 0.77747 0.83008   0.00018 0.04549   0.830 0.287 0.595 0.672 0.830 
0.34550  1.3306e+005  0.67124 0.77650 0.82914   0.00018 0.04576   0.829 0.287 0.595 0.671 0.829 
0.34650  1.3286e+005  0.67030 0.77557 0.82821   0.00018 0.04603   0.828 0.285 0.593 0.670 0.828 
0.34749  1.3266e+005  0.66927 0.77460 0.82726   0.00018 0.04630   0.827 0.285 0.593 0.669 0.827 
0.34849  1.3245e+005  0.66827 0.77363 0.82631   0.00018 0.04658   0.826 0.285 0.592 0.668 0.826 
0.34949  1.3225e+005  0.66728 0.77266 0.82536   0.00018 0.04685   0.825 0.285 0.591 0.667 0.825 
0.35049  1.3205e+005  0.66625 0.77168 0.82440   0.00018 0.04713   0.824 0.284 0.591 0.666 0.824 
0.35149  1.3184e+005  0.66520 0.77069 0.82344   0.00018 0.04741   0.823 0.284 0.591 0.665 0.823 
0.35249  1.3164e+005  0.66422 0.76974 0.82250   0.00018 0.04768   0.822 0.284 0.590 0.664 0.822 
0.35349  1.3144e+005  0.66318 0.76875 0.82153   0.00018 0.04796   0.822 0.284 0.590 0.663 0.822 
0.35448  1.3123e+005  0.66215 0.76775 0.82055   0.00018 0.04824   0.821 0.282 0.589 0.662 0.821 
0.35548  1.3103e+005  0.66112 0.76676 0.81957   0.00018 0.04853   0.820 0.282 0.588 0.661 0.820 
0.35648  1.3083e+005  0.66013 0.76578 0.81861   0.00018 0.04881   0.819 0.281 0.588 0.660 0.819 
0.35748  1.3062e+005  0.65914 0.76494 0.81784   0.00018 0.04903   0.818 0.276 0.586 0.659 0.818 
0.35848  1.3042e+005  0.65814 0.76397 0.81688   0.00018 0.04931   0.817 0.276 0.585 0.658 0.817 
0.35948  1.3022e+005  0.65711 0.76297 0.81590   0.00018 0.04959   0.816 0.276 0.585 0.657 0.816 
0.36048  1.3002e+005  0.65609 0.76198 0.81492   0.00018 0.04988   0.815 0.276 0.585 0.656 0.815 
0.36147  1.2981e+005  0.65505 0.76097 0.81393   0.00018 0.05017   0.814 0.276 0.584 0.655 0.814 
0.36247  1.2961e+005  0.65400 0.75996 0.81294   0.00018 0.05046   0.813 0.276 0.584 0.654 0.813 
0.36347  1.2941e+005  0.65294 0.75895 0.81195   0.00019 0.05075   0.812 0.276 0.584 0.653 0.812 
0.36447  1.292e+005  0.65192 0.75794 0.81094   0.00019 0.05104   0.811 0.276 0.583 0.652 0.811 
0.36547  1.29e+005   0.65087 0.75692 0.80994   0.00019 0.05133   0.810 0.276 0.582 0.651 0.810 
0.36647  1.288e+005  0.64984 0.75591 0.80895   0.00019 0.05163   0.809 0.276 0.582 0.650 0.809 
0.36746  1.286e+005  0.64884 0.75490 0.80793   0.00019 0.05192   0.808 0.276 0.581 0.649 0.808 
0.36846  1.2839e+005  0.64780 0.75388 0.80692   0.00019 0.05222   0.807 0.276 0.580 0.648 0.807 
0.36946  1.2819e+005  0.64679 0.75286 0.80590   0.00019 0.05252   0.806 0.276 0.579 0.647 0.806 
0.37046  1.2799e+005  0.64579 0.75186 0.80489   0.00019 0.05282   0.805 0.275 0.579 0.646 0.805 
0.37146  1.2778e+005  0.64473 0.75083 0.80387   0.00019 0.05312   0.804 0.275 0.578 0.645 0.804 
0.37246  1.2758e+005  0.64372 0.74981 0.80285   0.00019 0.05342   0.803 0.275 0.578 0.644 0.803 
0.37346  1.2738e+005  0.64271 0.74879 0.80182   0.00019 0.05372   0.802 0.275 0.577 0.643 0.802 
0.37445  1.2717e+005  0.64167 0.74774 0.80077   0.00019 0.05403   0.801 0.270 0.577 0.642 0.801 
0.37545  1.2697e+005  0.64069 0.74673 0.79975   0.00019 0.05433   0.800 0.270 0.576 0.641 0.800 
0.37645  1.2677e+005  0.63964 0.74569 0.79871   0.00019 0.05464   0.799 0.270 0.575 0.640 0.799 
0.37745  1.2656e+005  0.63863 0.74466 0.79768   0.00019 0.05495   0.798 0.270 0.574 0.639 0.798 
0.37845  1.2636e+005  0.63762 0.74363 0.79663   0.00019 0.05526   0.797 0.270 0.573 0.638 0.797 
0.37945  1.2616e+005  0.63659 0.74259 0.79559   0.00019 0.05557   0.796 0.270 0.573 0.637 0.796 
0.38045  1.2596e+005  0.63561 0.74158 0.79456   0.00019 0.05587   0.795 0.270 0.572 0.636 0.795 
0.38144  1.2575e+005  0.63456 0.74053 0.79351   0.00019 0.05618   0.794 0.270 0.571 0.635 0.794 
0.38244  1.2555e+005  0.63351 0.73948 0.79246   0.00019 0.05650   0.792 0.270 0.571 0.634 0.792 
0.38344  1.2535e+005  0.63245 0.73842 0.79140   0.00019 0.05681   0.791 0.270 0.571 0.632 0.791 
0.38444  1.2514e+005  0.63142 0.73737 0.79034   0.00019 0.05713   0.790 0.270 0.571 0.631 0.790 
0.38544  1.2494e+005  0.63043 0.73633 0.78928   0.00019 0.05744   0.789 0.270 0.570 0.630 0.789 
0.38644  1.2474e+005  0.62940 0.73527 0.78821   0.00019 0.05776   0.788 0.270 0.569 0.629 0.788 
0.38744  1.2454e+005  0.62843 0.73423 0.78713   0.00019 0.05808   0.787 0.270 0.568 0.628 0.787 
0.38843  1.2433e+005  0.62738 0.73317 0.78606   0.00019 0.05841   0.786 0.270 0.567 0.627 0.786 
0.38943  1.2413e+005  0.62634 0.73210 0.78498   0.00019 0.05873   0.785 0.270 0.567 0.626 0.785 
0.39043  1.2393e+005  0.62531 0.73103 0.78390   0.00019 0.05905   0.784 0.270 0.566 0.625 0.784 
0.39143  1.2372e+005  0.62429 0.72997 0.78282   0.00019 0.05938   0.783 0.270 0.565 0.624 0.783 
0.39243  1.2352e+005  0.62325 0.72891 0.78174   0.00020 0.05970   0.782 0.270 0.564 0.623 0.782 
0.39343  1.2332e+005  0.62222 0.72784 0.78064   0.00020 0.06003   0.781 0.270 0.564 0.622 0.781 
0.39443  1.2311e+005  0.62121 0.72677 0.77954   0.00020 0.06036   0.780 0.270 0.563 0.621 0.780 
0.39542  1.2291e+005  0.62016 0.72568 0.77845   0.00020 0.06069   0.778 0.270 0.563 0.620 0.778 
0.39642  1.2271e+005  0.61917 0.72462 0.77735   0.00020 0.06103   0.777 0.270 0.562 0.619 0.777 
0.39742  1.225e+005  0.61814 0.72354 0.77624   0.00020 0.06136   0.776 0.270 0.561 0.618 0.776 
0.39842  1.223e+005  0.61707 0.72245 0.77514   0.00020 0.06169   0.775 0.270 0.561 0.617 0.775 
0.39942  1.221e+005  0.61606 0.72140 0.77407   0.00020 0.06202   0.774 0.270 0.560 0.616 0.774 
0.40042  1.219e+005  0.61508 0.72033 0.77296   0.00020 0.06235   0.773 0.270 0.559 0.615 0.773 
0.40141  1.2169e+005  0.61403 0.71923 0.77183   0.00020 0.06270   0.772 0.270 0.559 0.614 0.772 
0.40241  1.2149e+005  0.61298 0.71814 0.77071   0.00020 0.06304   0.771 0.270 0.558 0.613 0.771 
0.40341  1.2129e+005  0.61194 0.71704 0.76959   0.00020 0.06338   0.770 0.270 0.558 0.612 0.770 
0.40441  1.2108e+005  0.61091 0.71595 0.76847   0.00020 0.06372   0.768 0.270 0.557 0.611 0.768 
0.40541  1.2088e+005  0.60986 0.71485 0.76734   0.00020 0.06406   0.767 0.270 0.557 0.610 0.767 
0.40641  1.2068e+005  0.60885 0.71375 0.76620   0.00020 0.06441   0.766 0.270 0.556 0.609 0.766 
0.40741  1.2048e+005  0.60784 0.71265 0.76506   0.00020 0.06476   0.765 0.270 0.555 0.608 0.765 
0.40840  1.2027e+005  0.60686 0.71156 0.76392   0.00020 0.06511   0.764 0.269 0.555 0.607 0.764 
0.40940  1.2007e+005  0.60582 0.71045 0.76277   0.00020 0.06546   0.763 0.269 0.554 0.606 0.763 
0.41040  1.1987e+005  0.60480 0.70935 0.76162   0.00020 0.06581   0.762 0.269 0.554 0.605 0.762 
0.41140  1.1966e+005  0.60374 0.70823 0.76047   0.00020 0.06616   0.760 0.269 0.553 0.604 0.760 
0.41240  1.1946e+005  0.60273 0.70713 0.75933   0.00020 0.06651   0.759 0.269 0.552 0.603 0.759 
0.41340  1.1926e+005  0.60171 0.70602 0.75817   0.00020 0.06687   0.758 0.269 0.551 0.602 0.758 
0.41440  1.1905e+005  0.60069 0.70490 0.75700   0.00020 0.06723   0.757 0.268 0.551 0.601 0.757 
0.41539  1.1885e+005  0.59986 0.70368 0.75559   0.00020 0.06766   0.756 0.254 0.548 0.600 0.756 
0.41639  1.1865e+005  0.59881 0.70256 0.75443   0.00020 0.06802   0.754 0.254 0.548 0.599 0.754 
0.41739  1.1844e+005  0.59776 0.70143 0.75326   0.00020 0.06838   0.753 0.253 0.548 0.598 0.753 
0.41839  1.1824e+005  0.59674 0.70030 0.75209   0.00021 0.06875   0.752 0.253 0.547 0.597 0.752 
0.41939  1.1804e+005  0.59567 0.69916 0.75091   0.00021 0.06911   0.751 0.253 0.547 0.596 0.751 
0.42039  1.1784e+005  0.59462 0.69803 0.74974   0.00021 0.06948   0.750 0.253 0.546 0.595 0.750 
0.42139  1.1763e+005  0.59354 0.69688 0.74855   0.00021 0.06984   0.749 0.253 0.546 0.594 0.749 
0.42238  1.1743e+005  0.59250 0.69574 0.74736   0.00021 0.07021   0.747 0.253 0.545 0.592 0.747 
0.42338  1.1723e+005  0.59147 0.69460 0.74616   0.00021 0.07059   0.746 0.252 0.545 0.591 0.746 
0.42438  1.1702e+005  0.59045 0.69346 0.74497   0.00021 0.07096   0.745 0.252 0.544 0.590 0.745 
0.42538  1.1682e+005  0.58946 0.69233 0.74376   0.00021 0.07134   0.744 0.252 0.543 0.589 0.744 
0.42638  1.1662e+005  0.58839 0.69117 0.74256   0.00021 0.07171   0.743 0.252 0.543 0.588 0.743 
0.42738  1.1642e+005  0.58733 0.69000 0.74134   0.00021 0.07209   0.741 0.252 0.542 0.587 0.741 
0.42837  1.1621e+005  0.58631 0.68887 0.74016   0.00021 0.07246   0.740 0.252 0.542 0.586 0.740 
0.42937  1.1601e+005  0.58525 0.68771 0.73895   0.00021 0.07284   0.739 0.252 0.541 0.585 0.739 
0.43037  1.1581e+005  0.58423 0.68656 0.73772   0.00021 0.07323   0.738 0.252 0.540 0.584 0.738 
0.43137  1.156e+005  0.58317 0.68539 0.73650   0.00021 0.07361   0.736 0.252 0.540 0.583 0.736 
0.43237  1.154e+005  0.58211 0.68422 0.73527   0.00021 0.07400   0.735 0.251 0.539 0.582 0.735 
0.43337  1.152e+005  0.58108 0.68305 0.73404   0.00021 0.07439   0.734 0.251 0.539 0.581 0.734 
0.43437  1.1499e+005  0.58012 0.68189 0.73278   0.00021 0.07478   0.733 0.251 0.537 0.580 0.733 
0.43536  1.1479e+005  0.57913 0.68074 0.73154   0.00021 0.07518   0.732 0.251 0.536 0.579 0.732 
0.43636  1.1459e+005  0.57808 0.67956 0.73030   0.00021 0.07557   0.730 0.251 0.535 0.578 0.730 
0.43736  1.1438e+005  0.57706 0.67839 0.72905   0.00021 0.07596   0.729 0.251 0.535 0.577 0.729 
0.43836  1.1418e+005  0.57604 0.67722 0.72781   0.00021 0.07636   0.728 0.251 0.534 0.576 0.728 
0.43936  1.1398e+005  0.57504 0.67605 0.72655   0.00021 0.07675   0.727 0.251 0.533 0.575 0.727 
0.44036  1.1378e+005  0.57398 0.67486 0.72530   0.00021 0.07716   0.725 0.251 0.532 0.574 0.725 
0.44136  1.1357e+005  0.57301 0.67370 0.72404   0.00021 0.07755   0.724 0.251 0.532 0.573 0.724 
0.44235  1.1337e+005  0.57195 0.67250 0.72277   0.00021 0.07796   0.723 0.251 0.531 0.572 0.723 
0.44335  1.1317e+005  0.57094 0.67131 0.72150   0.00022 0.07836   0.722 0.251 0.530 0.571 0.722 
0.44435  1.1296e+005  0.56991 0.67012 0.72022   0.00022 0.07877   0.720 0.251 0.530 0.570 0.720 
0.44535  1.1276e+005  0.56889 0.66892 0.71893   0.00022 0.07919   0.719 0.251 0.529 0.569 0.719 
0.44635  1.1256e+005  0.56782 0.66771 0.71766   0.00022 0.07959   0.718 0.251 0.528 0.568 0.718 
0.44735  1.1236e+005  0.56677 0.66650 0.71637   0.00022 0.08001   0.716 0.251 0.528 0.567 0.716 
0.44835  1.1215e+005  0.56576 0.66529 0.71506   0.00022 0.08043   0.715 0.248 0.526 0.566 0.715 
0.44934  1.1195e+005  0.56471 0.66408 0.71377   0.00022 0.08084   0.714 0.248 0.526 0.565 0.714 
0.45034  1.1175e+005  0.56376 0.66289 0.71246   0.00022 0.08127   0.712 0.248 0.524 0.564 0.712 
0.45134  1.1154e+005  0.56268 0.66166 0.71115   0.00022 0.08169   0.711 0.248 0.524 0.563 0.711 
0.45234  1.1134e+005  0.56163 0.66044 0.70985   0.00022 0.08211   0.710 0.248 0.524 0.562 0.710 
0.45334  1.1114e+005  0.56060 0.65922 0.70853   0.00022 0.08253   0.709 0.248 0.523 0.561 0.709 
0.45434  1.1093e+005  0.55957 0.65800 0.70722   0.00022 0.08296   0.707 0.248 0.522 0.560 0.707 
0.45533  1.1073e+005  0.55855 0.65676 0.70587   0.00022 0.08340   0.706 0.244 0.521 0.559 0.706 
0.45633  1.1053e+005  0.55752 0.65553 0.70454   0.00022 0.08383   0.705 0.244 0.521 0.558 0.705 
0.45733  1.1032e+005  0.55646 0.65429 0.70321   0.00022 0.08426   0.703 0.244 0.520 0.556 0.703 
0.45833  1.1012e+005  0.55549 0.65291 0.70162   0.00022 0.08478   0.702 0.233 0.519 0.555 0.702 
0.45933  1.0992e+005  0.55449 0.65166 0.70024   0.00022 0.08523   0.700 0.232 0.518 0.554 0.700 
0.46033  1.0972e+005  0.55346 0.65042 0.69889   0.00022 0.08567   0.699 0.232 0.517 0.553 0.699 
0.46133  1.0951e+005  0.55242 0.64917 0.69755   0.00022 0.08611   0.698 0.232 0.516 0.552 0.698 
0.46232  1.0931e+005  0.55139 0.64793 0.69620   0.00022 0.08655   0.696 0.232 0.516 0.551 0.696 
0.46332  1.0911e+005  0.55038 0.64670 0.69487   0.00022 0.08699   0.695 0.232 0.516 0.550 0.695 
0.46432  1.089e+005  0.54932 0.64544 0.69350   0.00022 0.08744   0.694 0.232 0.515 0.549 0.694 
0.46532  1.087e+005  0.54827 0.64418 0.69214   0.00023 0.08789   0.692 0.232 0.515 0.548 0.692 
0.46632  1.085e+005  0.54727 0.64295 0.69079   0.00023 0.08833   0.691 0.232 0.514 0.547 0.691 
0.46732  1.083e+005  0.54621 0.64168 0.68941   0.00023 0.08879   0.689 0.232 0.514 0.546 0.689 
0.46832  1.0809e+005  0.54517 0.64042 0.68804   0.00023 0.08924   0.688 0.232 0.513 0.545 0.688 
0.46931  1.0789e+005  0.54414 0.63915 0.68665   0.00023 0.08970   0.687 0.232 0.512 0.544 0.687 
0.47031  1.0769e+005  0.54315 0.63791 0.68529   0.00023 0.09015   0.685 0.232 0.512 0.543 0.685 
0.47131  1.0748e+005  0.54211 0.63663 0.68389   0.00023 0.09062   0.684 0.232 0.511 0.542 0.684 
0.47231  1.0728e+005  0.54105 0.63534 0.68248   0.00023 0.09109   0.682 0.232 0.511 0.541 0.682 
0.47331  1.0708e+005  0.54000 0.63405 0.68108   0.00023 0.09155   0.681 0.232 0.510 0.540 0.681 
0.47431  1.0687e+005  0.53895 0.63276 0.67967   0.00023 0.09202   0.680 0.232 0.510 0.539 0.680 
0.47531  1.0667e+005  0.53792 0.63147 0.67825   0.00023 0.09250   0.678 0.232 0.509 0.538 0.678 
0.47630  1.0647e+005  0.53693 0.63019 0.67682   0.00023 0.09298   0.677 0.231 0.508 0.537 0.677 
0.47730  1.0626e+005  0.53594 0.62891 0.67539   0.00023 0.09346   0.675 0.231 0.507 0.536 0.675 
0.47830  1.0606e+005  0.53493 0.62761 0.67396   0.00023 0.09394   0.674 0.231 0.507 0.535 0.674 
0.47930  1.0586e+005  0.53392 0.62633 0.67253   0.00023 0.09442   0.673 0.231 0.506 0.534 0.673 
0.48030  1.0566e+005  0.53290 0.62503 0.67109   0.00023 0.09490   0.671 0.231 0.506 0.533 0.671 
0.48130  1.0545e+005  0.53189 0.62373 0.66964   0.00023 0.09539   0.670 0.231 0.505 0.532 0.670 
0.48229  1.0525e+005  0.53088 0.62242 0.66819   0.00023 0.09588   0.668 0.231 0.504 0.531 0.668 
0.48329  1.0505e+005  0.52992 0.62116 0.66678   0.00023 0.09636   0.667 0.231 0.503 0.530 0.667 
0.48429  1.0484e+005  0.52899 0.61997 0.66546   0.00023 0.09681   0.665 0.231 0.503 0.529 0.665 
0.48529  1.0464e+005  0.52805 0.61874 0.66409   0.00023 0.09727   0.664 0.231 0.502 0.528 0.664 
0.48629  1.0444e+005  0.52705 0.61743 0.66263   0.00023 0.09777   0.663 0.231 0.501 0.527 0.663 
0.48729  1.0424e+005  0.52601 0.61620 0.66130   0.00024 0.09822   0.661 0.231 0.500 0.526 0.661 
0.48829  1.0403e+005  0.52491 0.61508 0.66016   0.00024 0.09861   0.660 0.231 0.500 0.525 0.660 
0.48928  1.0383e+005  0.52388 0.61384 0.65881   0.00024 0.09907   0.659 0.227 0.500 0.524 0.659 
0.49028  1.0363e+005  0.52282 0.61255 0.65742   0.00024 0.09955   0.657 0.225 0.499 0.523 0.657 
0.49128  1.0342e+005  0.52175 0.61125 0.65599   0.00024 0.10004   0.656 0.225 0.499 0.522 0.656 
0.49228  1.0322e+005  0.52073 0.60993 0.65453   0.00024 0.10054   0.655 0.225 0.498 0.521 0.655 
0.49328  1.0302e+005  0.51965 0.60861 0.65309   0.00024 0.10103   0.653 0.224 0.497 0.520 0.653 
0.49428  1.0281e+005  0.51862 0.60730 0.65164   0.00024 0.10153   0.652 0.224 0.497 0.519 0.652 
0.49528  1.0261e+005  0.51757 0.60594 0.65013   0.00024 0.10205   0.650 0.222 0.496 0.518 0.650 
0.49627  1.0241e+005  0.51654 0.60460 0.64863   0.00024 0.10257   0.649 0.222 0.495 0.517 0.649 
0.49727  1.022e+005  0.51550 0.60326 0.64714   0.00024 0.10309   0.647 0.222 0.494 0.516 0.647 
0.49827  1.02e+005   0.51452 0.60193 0.64563   0.00024 0.10361   0.646 0.221 0.493 0.515 0.646 
0.49927  1.018e+005  0.51352 0.60058 0.64411   0.00024 0.10414   0.644 0.220 0.493 0.514 0.644 
0.50027  1.016e+005  0.51247 0.59923 0.64261   0.00024 0.10466   0.643 0.220 0.492 0.512 0.643 
0.50127  1.0139e+005  0.51149 0.59790 0.64110   0.00024 0.10519   0.641 0.220 0.491 0.511 0.641 
0.50227  1.0119e+005  0.51044 0.59650 0.63954   0.00024 0.10573   0.640 0.219 0.491 0.510 0.640 
0.50326  1.0099e+005  0.50943 0.59515 0.63801   0.00024 0.10627   0.638 0.219 0.490 0.509 0.638 
0.50426  1.0078e+005  0.50841 0.59379 0.63648   0.00024 0.10680   0.636 0.219 0.489 0.508 0.636 
0.50526  1.0058e+005  0.50744 0.59244 0.63494   0.00024 0.10735   0.635 0.219 0.488 0.507 0.635 
0.50626  1.0038e+005  0.50639 0.59107 0.63342   0.00024 0.10788   0.633 0.218 0.487 0.506 0.633 
0.50726  1.0018e+005  0.50531 0.58975 0.63196   0.00024 0.10839   0.632 0.218 0.487 0.505 0.632 
0.50826  99972       0.50427 0.58837 0.63042   0.00025 0.10894   0.630 0.218 0.487 0.504 0.630 
0.50925  99769       0.50326 0.58700 0.62887   0.00025 0.10949   0.629 0.218 0.487 0.503 0.629 
0.51025  99566       0.50223 0.58562 0.62731   0.00025 0.11004   0.627 0.218 0.486 0.502 0.627 
0.51125  99363       0.50116 0.58417 0.62567   0.00025 0.11062   0.626 0.214 0.486 0.501 0.626 
0.51225  99160       0.50016 0.58279 0.62410   0.00025 0.11118   0.624 0.214 0.485 0.500 0.624 
0.51325  98957       0.49915 0.58141 0.62254   0.00025 0.11174   0.623 0.213 0.484 0.499 0.623 
0.51425  98754       0.49812 0.58001 0.62096   0.00025 0.11230   0.621 0.213 0.484 0.498 0.621 
0.51525  98551       0.49712 0.57862 0.61937   0.00025 0.11287   0.619 0.210 0.483 0.497 0.619 
0.51624  98348       0.49616 0.57725 0.61779   0.00025 0.11343   0.618 0.210 0.481 0.496 0.618 
0.51724  98145       0.49518 0.57586 0.61620   0.00025 0.11401   0.616 0.210 0.481 0.495 0.616 
0.51824  97942       0.49417 0.57446 0.61461   0.00025 0.11458   0.615 0.210 0.480 0.494 0.615 
0.51924  97739       0.49317 0.57305 0.61300   0.00025 0.11516   0.613 0.210 0.479 0.493 0.613 
0.52024  97536       0.49213 0.57163 0.61138   0.00025 0.11574   0.611 0.210 0.479 0.492 0.611 
0.52124  97333       0.49112 0.57022 0.60977   0.00025 0.11633   0.610 0.209 0.478 0.491 0.610 
0.52224  97130       0.49012 0.56881 0.60815   0.00025 0.11691   0.608 0.209 0.477 0.490 0.608 
0.52323  96927       0.48916 0.56740 0.60652   0.00025 0.11751   0.607 0.209 0.476 0.489 0.607 
0.52423  96724       0.48815 0.56600 0.60492   0.00025 0.11809   0.605 0.209 0.475 0.488 0.605 
0.52523  96521       0.48710 0.56455 0.60328   0.00025 0.11869   0.603 0.209 0.474 0.487 0.603 
0.52623  96318       0.48608 0.56311 0.60163   0.00025 0.11929   0.602 0.208 0.473 0.486 0.602 
0.52723  96115       0.48504 0.56167 0.59998   0.00026 0.11990   0.600 0.208 0.472 0.485 0.600 
0.52823  95912       0.48397 0.56020 0.59832   0.00026 0.12050   0.598 0.208 0.472 0.484 0.598 
0.52923  95709       0.48293 0.55875 0.59666   0.00026 0.12112   0.597 0.207 0.472 0.483 0.597 
0.53022  95506       0.48191 0.55730 0.59499   0.00026 0.12173   0.595 0.207 0.471 0.482 0.595 
0.53122  95303       0.48090 0.55584 0.59332   0.00026 0.12235   0.593 0.207 0.471 0.481 0.593 
0.53222  95100       0.47988 0.55439 0.59165   0.00026 0.12296   0.592 0.207 0.470 0.480 0.592 
0.53322  94897       0.47890 0.55295 0.58998   0.00026 0.12359   0.590 0.207 0.469 0.479 0.590 
0.53422  94694       0.47788 0.55148 0.58829   0.00026 0.12422   0.588 0.207 0.469 0.478 0.588 
0.53522  94491       0.47686 0.55004 0.58662   0.00026 0.12483   0.587 0.207 0.468 0.477 0.587 
0.53621  94288       0.47589 0.54858 0.58493   0.00026 0.12547   0.585 0.207 0.467 0.476 0.585 
0.53721  94085       0.47491 0.54712 0.58323   0.00026 0.12611   0.583 0.207 0.466 0.475 0.583 
0.53821  93882       0.47393 0.54565 0.58152   0.00026 0.12675   0.582 0.206 0.465 0.474 0.582 
0.53921  93679       0.47290 0.54417 0.57981   0.00026 0.12739   0.580 0.206 0.465 0.473 0.580 
0.54021  93476       0.47189 0.54268 0.57808   0.00026 0.12804   0.578 0.206 0.464 0.472 0.578 
0.54121  93273       0.47086 0.54121 0.57639   0.00026 0.12868   0.576 0.206 0.464 0.471 0.576 
0.54221  93070       0.46983 0.53971 0.57465   0.00026 0.12933   0.575 0.206 0.463 0.470 0.575 
0.54320  92867       0.46880 0.53821 0.57292   0.00026 0.12999   0.573 0.206 0.463 0.469 0.573 
0.54420  92664       0.46782 0.53674 0.57120   0.00027 0.13065   0.571 0.205 0.462 0.468 0.571 
0.54520  92461       0.46678 0.53523 0.56946   0.00027 0.13131   0.569 0.205 0.462 0.467 0.569 
0.54620  92258       0.46577 0.53374 0.56773   0.00027 0.13197   0.568 0.205 0.461 0.466 0.568 
0.54720  92055       0.46474 0.53217 0.56589   0.00027 0.13267   0.566 0.200 0.460 0.465 0.566 
0.54820  91852       0.46370 0.53064 0.56411   0.00027 0.13336   0.564 0.199 0.459 0.464 0.564 
0.54920  91649       0.46275 0.52919 0.56241   0.00027 0.13401   0.562 0.198 0.458 0.463 0.562 
0.55019  91446       0.46171 0.52766 0.56064   0.00027 0.13469   0.561 0.198 0.457 0.462 0.561 
0.55119  91243       0.46075 0.52620 0.55893   0.00027 0.13535   0.559 0.198 0.456 0.461 0.559 
0.55219  91040       0.45976 0.52467 0.55712   0.00027 0.13605   0.557 0.195 0.455 0.460 0.557 
0.55319  90837       0.45872 0.52312 0.55532   0.00027 0.13675   0.555 0.195 0.454 0.459 0.555 
0.55419  90634       0.45770 0.52163 0.55360   0.00027 0.13742   0.554 0.195 0.453 0.458 0.554 
0.55519  90431       0.45667 0.52015 0.55190   0.00027 0.13808   0.552 0.189 0.452 0.457 0.552 
0.55619  90228       0.45560 0.51870 0.55025   0.00027 0.13873   0.550 0.173 0.452 0.456 0.550 
0.55718  90025       0.45456 0.51718 0.54848   0.00027 0.13942   0.548 0.172 0.452 0.455 0.548 
0.55818  89822       0.45352 0.51562 0.54667   0.00027 0.14013   0.547 0.172 0.451 0.454 0.547 
0.55918  89619       0.45258 0.51412 0.54489   0.00027 0.14084   0.545 0.172 0.450 0.453 0.545 
0.56018  89416       0.45157 0.51258 0.54308   0.00027 0.14155   0.543 0.172 0.450 0.452 0.543 
0.56118  89213       0.45051 0.51101 0.54126   0.00028 0.14227   0.541 0.172 0.449 0.451 0.541 
0.56218  89010       0.44952 0.50950 0.53949   0.00028 0.14297   0.539 0.172 0.449 0.450 0.539 
0.56317  88807       0.44851 0.50795 0.53767   0.00028 0.14369   0.538 0.172 0.448 0.449 0.538 
0.56417  88604       0.44753 0.50640 0.53584   0.00028 0.14442   0.536 0.172 0.447 0.448 0.536 
0.56517  88401       0.44649 0.50483 0.53400   0.00028 0.14516   0.534 0.172 0.446 0.446 0.534 
0.56617  88198       0.44548 0.50326 0.53215   0.00028 0.14590   0.532 0.171 0.446 0.445 0.532 
0.56717  87995       0.44447 0.50171 0.53033   0.00028 0.14663   0.530 0.171 0.445 0.444 0.530 
0.56817  87792       0.44343 0.50012 0.52846   0.00028 0.14738   0.528 0.171 0.445 0.443 0.528 
0.56917  87589       0.44240 0.49854 0.52661   0.00028 0.14813   0.527 0.171 0.444 0.442 0.527 
0.57016  87386       0.44138 0.49696 0.52476   0.00028 0.14888   0.525 0.170 0.443 0.441 0.525 
0.57116  87183       0.44034 0.49539 0.52291   0.00028 0.14963   0.523 0.170 0.443 0.440 0.523 
0.57216  86980       0.43934 0.49379 0.52102   0.00028 0.15040   0.521 0.170 0.442 0.439 0.521 
0.57316  86777       0.43840 0.49222 0.51913   0.00028 0.15118   0.519 0.170 0.440 0.438 0.519 
0.57416  86574       0.43744 0.49065 0.51726   0.00028 0.15194   0.517 0.169 0.438 0.437 0.517 
0.57516  86371       0.43640 0.48905 0.51538   0.00028 0.15271   0.515 0.169 0.438 0.436 0.515 
0.57616  86168       0.43535 0.48743 0.51348   0.00029 0.15349   0.513 0.169 0.437 0.435 0.513 
0.57715  85965       0.43432 0.48582 0.51157   0.00029 0.15428   0.512 0.169 0.436 0.434 0.512 
0.57815  85762       0.43329 0.48420 0.50965   0.00029 0.15507   0.510 0.169 0.436 0.433 0.510 
0.57915  85559       0.43227 0.48258 0.50774   0.00029 0.15587   0.508 0.169 0.435 0.432 0.508 
0.58015  85356       0.43125 0.48097 0.50582   0.00029 0.15667   0.506 0.169 0.434 0.431 0.506 
0.58115  85153       0.43021 0.47933 0.50389   0.00029 0.15747   0.504 0.169 0.434 0.430 0.504 
0.58215  84950       0.42911 0.47771 0.50201   0.00029 0.15826   0.502 0.169 0.433 0.429 0.502 
0.58315  84747       0.42805 0.47607 0.50009   0.00029 0.15907   0.500 0.169 0.433 0.428 0.500 
0.58414  84544       0.42701 0.47445 0.49817   0.00029 0.15988   0.498 0.169 0.432 0.427 0.498 
0.58514  84341       0.42606 0.47284 0.49623   0.00029 0.16069   0.496 0.169 0.431 0.426 0.496 
0.58614  84138       0.42505 0.47122 0.49431   0.00029 0.16151   0.494 0.169 0.430 0.425 0.494 
0.58714  83935       0.42399 0.46957 0.49236   0.00029 0.16233   0.492 0.169 0.430 0.424 0.492 
0.58814  83732       0.42294 0.46792 0.49042   0.00029 0.16316   0.490 0.168 0.429 0.423 0.490 
0.58914  83529       0.42189 0.46629 0.48849   0.00029 0.16399   0.488 0.168 0.429 0.422 0.488 
0.59013  83326       0.42087 0.46466 0.48655   0.00030 0.16481   0.487 0.168 0.428 0.421 0.487 
0.59113  83123       0.41986 0.46301 0.48458   0.00030 0.16566   0.485 0.168 0.427 0.420 0.485 
0.59213  82920       0.41884 0.46135 0.48260   0.00030 0.16652   0.483 0.168 0.426 0.419 0.483 
0.59313  82717       0.41786 0.45972 0.48066   0.00030 0.16736   0.481 0.168 0.425 0.418 0.481 
0.59413  82514       0.41683 0.45807 0.47870   0.00030 0.16821   0.479 0.168 0.424 0.417 0.479 
0.59513  82311       0.41578 0.45641 0.47672   0.00030 0.16907   0.477 0.167 0.424 0.416 0.477 
0.59613  82108       0.41482 0.45477 0.47474   0.00030 0.16993   0.475 0.167 0.422 0.415 0.475 
0.59712  81905       0.41377 0.45309 0.47276   0.00030 0.17080   0.473 0.167 0.422 0.414 0.473 
0.59812  81702       0.41276 0.45143 0.47076   0.00030 0.17168   0.471 0.167 0.421 0.413 0.471 
0.59912  81499       0.41168 0.44973 0.46876   0.00030 0.17256   0.469 0.167 0.421 0.412 0.469 
0.60012  81296       0.41066 0.44805 0.46675   0.00030 0.17345   0.467 0.167 0.420 0.411 0.467 
0.60112  81093       0.40960 0.44635 0.46472   0.00030 0.17434   0.465 0.167 0.419 0.410 0.465 
0.60212  80890       0.40861 0.44467 0.46270   0.00030 0.17524   0.463 0.166 0.418 0.409 0.463 
0.60312  80687       0.40760 0.44299 0.46068   0.00030 0.17615   0.461 0.166 0.417 0.408 0.461 
0.60411  80484       0.40660 0.44131 0.45867   0.00031 0.17705   0.459 0.166 0.417 0.407 0.459 
0.60511  80281       0.40557 0.43960 0.45662   0.00031 0.17797   0.457 0.165 0.416 0.406 0.457 
0.60611  80078       0.40455 0.43790 0.45458   0.00031 0.17889   0.455 0.165 0.415 0.405 0.455 
0.60711  79875       0.40356 0.43619 0.45250   0.00031 0.17983   0.453 0.164 0.414 0.404 0.453 
0.60811  79672       0.40250 0.43445 0.45042   0.00031 0.18077   0.450 0.164 0.413 0.402 0.450 
0.60911  79469       0.40151 0.43275 0.44837   0.00031 0.18171   0.448 0.164 0.412 0.402 0.448 
0.61011  79266       0.40044 0.43099 0.44627   0.00031 0.18267   0.446 0.164 0.412 0.400 0.446 
0.61110  79063       0.39945 0.42927 0.44418   0.00031 0.18363   0.444 0.164 0.411 0.399 0.444 
0.61210  78860       0.39845 0.42754 0.44208   0.00031 0.18459   0.442 0.164 0.411 0.398 0.442 
0.61310  78657       0.39742 0.42577 0.43995   0.00031 0.18557   0.440 0.164 0.410 0.397 0.440 
0.61410  78454       0.39637 0.42401 0.43782   0.00031 0.18656   0.438 0.163 0.410 0.396 0.438 
0.61510  78251       0.39539 0.42226 0.43570   0.00031 0.18755   0.436 0.163 0.409 0.395 0.436 
0.61610  78048       0.39437 0.42062 0.43374   0.00032 0.18846   0.434 0.163 0.408 0.394 0.434 
0.61709  77845       0.39330 0.41963 0.43279   0.00032 0.18891   0.433 0.163 0.408 0.393 0.433 
0.61809  77642       0.39222 0.41899 0.43237   0.00032 0.18911   0.432 0.163 0.407 0.392 0.432 
0.61909  77439       0.39114 0.41824 0.43179   0.00032 0.18938   0.432 0.163 0.407 0.391 0.432 
0.62009  77236       0.39006 0.41743 0.43111   0.00032 0.18970   0.431 0.163 0.407 0.390 0.431 
0.62109  77033       0.38898 0.41670 0.43056   0.00032 0.18996   0.431 0.163 0.407 0.389 0.431 
0.62209  76830       0.38792 0.41592 0.42992   0.00032 0.19026   0.430 0.163 0.406 0.388 0.430 
0.62309  76627       0.38686 0.41513 0.42926   0.00032 0.19057   0.429 0.163 0.406 0.387 0.429 
0.62408  76424       0.38577 0.41433 0.42862   0.00032 0.19087   0.429 0.163 0.406 0.386 0.429 
0.62508  76221       0.38472 0.41352 0.42792   0.00032 0.19120   0.428 0.163 0.406 0.385 0.428 
0.62608  76018       0.38363 0.41270 0.42724   0.00032 0.19152   0.427 0.163 0.406 0.384 0.427 
0.62708  75815       0.38253 0.41156 0.42607   0.00032 0.19207   0.426 0.161 0.405 0.383 0.426 
0.62808  75612       0.38143 0.41046 0.42498   0.00032 0.19259   0.425 0.161 0.405 0.381 0.425 
0.62908  75409       0.38037 0.40980 0.42452   0.00032 0.19281   0.425 0.161 0.405 0.380 0.425 
0.63008  75206       0.37928 0.40896 0.42381   0.00032 0.19315   0.424 0.161 0.405 0.379 0.424 
0.63107  75003       0.37822 0.40812 0.42307   0.00032 0.19350   0.423 0.161 0.404 0.378 0.423 
0.63207  74800       0.37715 0.40730 0.42237   0.00032 0.19383   0.422 0.161 0.404 0.377 0.422 
0.63307  74597       0.37606 0.40649 0.42170   0.00032 0.19416   0.422 0.161 0.404 0.376 0.422 
0.63407  74394       0.37502 0.40571 0.42106   0.00032 0.19446   0.421 0.161 0.404 0.375 0.421 
0.63507  74191       0.37395 0.40489 0.42037   0.00032 0.19479   0.420 0.161 0.403 0.374 0.420 
0.63607  73988       0.37290 0.40402 0.41958   0.00032 0.19517   0.420 0.161 0.403 0.373 0.420 
0.63707  73785       0.37181 0.40320 0.41889   0.00032 0.19550   0.419 0.161 0.403 0.372 0.419 
0.63806  73582       0.37074 0.40236 0.41818   0.00032 0.19584   0.418 0.161 0.403 0.371 0.418 
0.63906  73379       0.36968 0.40153 0.41746   0.00032 0.19619   0.417 0.161 0.402 0.370 0.417 
0.64006  73176       0.36861 0.40070 0.41675   0.00032 0.19653   0.417 0.161 0.402 0.369 0.417 
0.64106  72973       0.36753 0.39987 0.41604   0.00032 0.19688   0.416 0.161 0.402 0.368 0.416 
0.64206  72770       0.36641 0.39899 0.41528   0.00032 0.19724   0.415 0.161 0.402 0.366 0.415 
0.64306  72567       0.36532 0.39814 0.41455   0.00032 0.19760   0.415 0.161 0.402 0.365 0.415 
0.64405  72364       0.36425 0.39732 0.41385   0.00032 0.19793   0.414 0.161 0.402 0.364 0.414 
0.64505  72161       0.36325 0.39649 0.41311   0.00032 0.19829   0.413 0.161 0.401 0.363 0.413 
0.64605  71958       0.36218 0.39562 0.41235   0.00032 0.19866   0.412 0.161 0.400 0.362 0.412 
0.64705  71755       0.36111 0.39485 0.41172   0.00032 0.19897   0.412 0.161 0.400 0.361 0.412 
0.64805  71552       0.35999 0.39401 0.41102   0.00032 0.19931   0.411 0.161 0.400 0.360 0.411 
0.64905  71349       0.35889 0.39320 0.41035   0.00032 0.19963   0.410 0.161 0.400 0.359 0.410 
0.65005  71146       0.35783 0.39238 0.40966   0.00032 0.19997   0.410 0.161 0.400 0.358 0.410 
0.65104  70943       0.35675 0.39150 0.40888   0.00032 0.20035   0.409 0.161 0.400 0.357 0.409 
0.65204  70740       0.35572 0.39071 0.40820   0.00032 0.20068   0.408 0.160 0.399 0.356 0.408 
0.65304  70537       0.35461 0.38983 0.40744   0.00032 0.20106   0.407 0.160 0.399 0.355 0.407 
0.65404  70334       0.35350 0.38892 0.40664   0.00032 0.20145   0.407 0.160 0.399 0.353 0.407 
0.65504  70131       0.35241 0.38809 0.40592   0.00032 0.20180   0.406 0.160 0.399 0.352 0.406 
0.65604  69928       0.35145 0.38731 0.40524   0.00032 0.20214   0.405 0.160 0.398 0.351 0.405 
0.65704  69725       0.35036 0.38644 0.40447   0.00032 0.20252   0.404 0.160 0.398 0.350 0.404 
0.65803  69522       0.34926 0.38560 0.40377   0.00032 0.20286   0.404 0.160 0.398 0.349 0.404 
0.65903  69319       0.34817 0.38472 0.40299   0.00032 0.20325   0.403 0.160 0.398 0.348 0.403 
0.66003  69116       0.34709 0.38387 0.40225   0.00032 0.20361   0.402 0.160 0.398 0.347 0.402 
0.66103  68913       0.34602 0.38303 0.40154   0.00032 0.20396   0.402 0.160 0.397 0.346 0.402 
0.66203  68710       0.34495 0.38219 0.40081   0.00032 0.20433   0.401 0.160 0.397 0.345 0.401 
0.66303  68507       0.34391 0.38133 0.40004   0.00032 0.20471   0.400 0.160 0.397 0.344 0.400 
0.66403  68304       0.34285 0.38045 0.39925   0.00032 0.20510   0.399 0.160 0.396 0.343 0.399 
0.66502  68101       0.34180 0.37958 0.39847   0.00032 0.20549   0.398 0.160 0.396 0.342 0.398 
0.66602  67898       0.34072 0.37868 0.39766   0.00032 0.20589   0.398 0.160 0.396 0.341 0.398 
0.66702  67695       0.33967 0.37789 0.39700   0.00032 0.20623   0.397 0.160 0.395 0.340 0.397 
0.66802  67492       0.33856 0.37701 0.39624   0.00032 0.20660   0.396 0.160 0.395 0.339 0.396 
0.66902  67289       0.33747 0.37617 0.39551   0.00032 0.20697   0.396 0.160 0.395 0.337 0.396 
0.67002  67086       0.33647 0.37529 0.39471   0.00032 0.20737   0.395 0.160 0.394 0.336 0.395 
0.67101  66883       0.33539 0.37438 0.39387   0.00032 0.20779   0.394 0.160 0.394 0.335 0.394 
0.67201  66680       0.33428 0.37346 0.39305   0.00032 0.20821   0.393 0.160 0.394 0.334 0.393 
0.67301  66477       0.33321 0.37260 0.39230   0.00032 0.20859   0.392 0.160 0.393 0.333 0.392 
0.67401  66274       0.33211 0.37170 0.39149   0.00032 0.20899   0.391 0.160 0.393 0.332 0.391 
0.67501  66071       0.33105 0.37084 0.39073   0.00033 0.20938   0.391 0.160 0.393 0.331 0.391 
0.67601  65868       0.32998 0.36993 0.38991   0.00033 0.20979   0.390 0.160 0.393 0.330 0.390 
0.67701  65665       0.32888 0.36903 0.38910   0.00033 0.21020   0.389 0.160 0.393 0.329 0.389 
0.67800  65462       0.32785 0.36816 0.38831   0.00033 0.21060   0.388 0.160 0.392 0.328 0.388 
0.67900  65259       0.32678 0.36725 0.38749   0.00033 0.21102   0.387 0.160 0.392 0.327 0.387 
0.68000  65056       0.32573 0.36641 0.38675   0.00033 0.21140   0.387 0.159 0.392 0.326 0.387 
0.68100  64853       0.32467 0.36553 0.38596   0.00033 0.21180   0.386 0.159 0.391 0.325 0.386 
0.68200  64650       0.32360 0.36461 0.38512   0.00033 0.21223   0.385 0.159 0.391 0.324 0.385 
0.68300  64447       0.32251 0.36371 0.38431   0.00033 0.21265   0.384 0.159 0.391 0.323 0.384 
0.68400  64244       0.32147 0.36285 0.38354   0.00033 0.21304   0.384 0.159 0.391 0.321 0.384 
0.68499  64041       0.32037 0.36192 0.38270   0.00033 0.21347   0.383 0.159 0.391 0.320 0.383 
0.68599  63838       0.31928 0.36108 0.38198   0.00033 0.21384   0.382 0.159 0.391 0.319 0.382 
0.68699  63635       0.31821 0.36020 0.38120   0.00033 0.21424   0.381 0.159 0.391 0.318 0.381 
0.68799  63432       0.31711 0.35928 0.38037   0.00033 0.21467   0.380 0.159 0.390 0.317 0.380 
0.68899  63229       0.31601 0.35834 0.37951   0.00033 0.21512   0.380 0.159 0.390 0.316 0.380 
0.68999  63026       0.31494 0.35742 0.37867   0.00033 0.21555   0.379 0.158 0.390 0.315 0.379 
0.69099  62823       0.31387 0.35649 0.37780   0.00033 0.21600   0.378 0.158 0.390 0.314 0.378 
0.69198  62620       0.31277 0.35557 0.37697   0.00033 0.21643   0.377 0.158 0.389 0.313 0.377 
0.69298  62417       0.31167 0.35464 0.37612   0.00033 0.21687   0.376 0.158 0.389 0.312 0.376 
0.69398  62214       0.31063 0.35372 0.37527   0.00033 0.21732   0.375 0.158 0.389 0.311 0.375 
0.69498  62011       0.30954 0.35277 0.37438   0.00033 0.21778   0.374 0.158 0.389 0.310 0.374 
0.69598  61808       0.30844 0.35185 0.37356   0.00033 0.21821   0.374 0.158 0.388 0.308 0.374 
0.69698  61605       0.30735 0.35098 0.37279   0.00033 0.21861   0.373 0.158 0.388 0.307 0.373 
0.69797  61402       0.30629 0.35006 0.37194   0.00033 0.21906   0.372 0.158 0.388 0.306 0.372 
0.69897  61199       0.30522 0.34909 0.37103   0.00033 0.21954   0.371 0.158 0.387 0.305 0.371 
0.69997  60996       0.30414 0.34816 0.37018   0.00033 0.21999   0.370 0.158 0.387 0.304 0.370 
0.70097  60793       0.30304 0.34726 0.36937   0.00033 0.22041   0.369 0.158 0.387 0.303 0.369 
0.70197  60590       0.30199 0.34632 0.36848   0.00033 0.22088   0.368 0.158 0.387 0.302 0.368 
0.70297  60387       0.30090 0.34537 0.36760   0.00033 0.22135   0.368 0.158 0.387 0.301 0.368 
0.70397  60184       0.29980 0.34446 0.36679   0.00033 0.22177   0.367 0.158 0.387 0.300 0.367 
0.70496  59981       0.29869 0.34351 0.36593   0.00033 0.22224   0.366 0.158 0.387 0.299 0.366 
0.70596  59778       0.29766 0.34269 0.36520   0.00033 0.22262   0.365 0.158 0.387 0.298 0.365 
0.70696  59575       0.29660 0.34179 0.36439   0.00033 0.22305   0.364 0.158 0.386 0.297 0.364 
0.70796  59372       0.29552 0.34084 0.36351   0.00033 0.22352   0.364 0.158 0.386 0.296 0.364 
0.70896  59169       0.29445 0.33994 0.36268   0.00033 0.22396   0.363 0.158 0.386 0.294 0.363 
0.70996  58966       0.29335 0.33901 0.36184   0.00033 0.22441   0.362 0.158 0.386 0.293 0.362 
0.71096  58763       0.29226 0.33811 0.36103   0.00033 0.22485   0.361 0.158 0.386 0.292 0.361 
0.71195  58560       0.29118 0.33726 0.36030   0.00033 0.22524   0.360 0.157 0.385 0.291 0.360 
0.71295  58357       0.29017 0.33646 0.35960   0.00033 0.22562   0.360 0.157 0.385 0.290 0.360 
0.71395  58154       0.28908 0.33554 0.35877   0.00033 0.22607   0.359 0.157 0.385 0.289 0.359 
0.71495  57951       0.28801 0.33465 0.35797   0.00033 0.22650   0.358 0.157 0.385 0.288 0.358 
0.71595  57748       0.28690 0.33375 0.35718   0.00034 0.22693   0.357 0.157 0.385 0.287 0.357 
0.71695  57545       0.28582 0.33290 0.35643   0.00034 0.22733   0.356 0.157 0.385 0.286 0.356 
0.71795  57342       0.28479 0.33195 0.35554   0.00034 0.22782   0.356 0.157 0.384 0.285 0.356 
0.71894  57139       0.28373 0.33107 0.35474   0.00034 0.22825   0.355 0.157 0.383 0.284 0.355 
0.71994  56936       0.28270 0.33025 0.35403   0.00034 0.22864   0.354 0.153 0.383 0.283 0.354 
0.72094  56733       0.28160 0.32898 0.35267   0.00034 0.22938   0.353 0.148 0.383 0.282 0.353 
0.72194  56530       0.28061 0.32810 0.35185   0.00034 0.22983   0.352 0.148 0.382 0.281 0.352 
0.72294  56327       0.27953 0.32717 0.35099   0.00034 0.23030   0.351 0.147 0.382 0.280 0.351 
0.72394  56124       0.27847 0.32622 0.35009   0.00034 0.23079   0.350 0.147 0.382 0.278 0.350 
0.72493  55921       0.27739 0.32535 0.34933   0.00034 0.23121   0.349 0.147 0.382 0.277 0.349 
0.72593  55718       0.27634 0.32445 0.34850   0.00034 0.23166   0.349 0.147 0.382 0.276 0.349 
0.72693  55515       0.27526 0.32350 0.34761   0.00034 0.23215   0.348 0.147 0.382 0.275 0.348 
0.72793  55312       0.27419 0.32259 0.34679   0.00034 0.23261   0.347 0.147 0.381 0.274 0.347 
0.72893  55109       0.27315 0.32169 0.34595   0.00034 0.23307   0.346 0.147 0.381 0.273 0.346 
0.72993  54906       0.27208 0.32074 0.34506   0.00034 0.23357   0.345 0.147 0.381 0.272 0.345 
0.73093  54703       0.27101 0.31977 0.34416   0.00034 0.23407   0.344 0.147 0.381 0.271 0.344 
0.73192  54500       0.26992 0.31880 0.34323   0.00034 0.23458   0.343 0.147 0.381 0.270 0.343 
0.73292  54297       0.26883 0.31792 0.34246   0.00034 0.23502   0.342 0.147 0.381 0.269 0.342 
0.73392  54094       0.26775 0.31702 0.34165   0.00034 0.23547   0.342 0.147 0.380 0.268 0.342 
0.73492  53891       0.26667 0.31605 0.34075   0.00034 0.23598   0.341 0.147 0.380 0.267 0.341 
0.73592  53688       0.26556 0.31508 0.33984   0.00034 0.23648   0.340 0.147 0.380 0.266 0.340 
0.73692  53485       0.26451 0.31407 0.33886   0.00034 0.23704   0.339 0.147 0.380 0.265 0.339 
0.73792  53282       0.26342 0.31304 0.33785   0.00034 0.23760   0.338 0.147 0.380 0.263 0.338 
0.73891  53079       0.26234 0.31208 0.33695   0.00034 0.23811   0.337 0.147 0.380 0.262 0.337 
0.73991  52876       0.26126 0.31110 0.33602   0.00034 0.23864   0.336 0.147 0.379 0.261 0.336 
0.74091  52673       0.26019 0.31012 0.33509   0.00034 0.23916   0.335 0.147 0.379 0.260 0.335 
0.74191  52470       0.25912 0.30915 0.33417   0.00034 0.23969   0.334 0.147 0.379 0.259 0.334 
0.74291  52267       0.25802 0.30813 0.33318   0.00034 0.24025   0.333 0.147 0.379 0.258 0.333 
0.74391  52064       0.25693 0.30712 0.33221   0.00034 0.24081   0.332 0.147 0.379 0.257 0.332 
0.74491  51861       0.25587 0.30606 0.33115   0.00034 0.24141   0.331 0.147 0.378 0.256 0.331 
0.74590  51658       0.25480 0.30501 0.33012   0.00034 0.24200   0.330 0.147 0.378 0.255 0.330 
0.74690  51455       0.25378 0.30392 0.32899   0.00035 0.24265   0.329 0.147 0.377 0.254 0.329 
0.74790  51252       0.25266 0.30300 0.32817   0.00035 0.24313   0.328 0.147 0.377 0.253 0.328 
0.74890  51049       0.25161 0.30205 0.32726   0.00035 0.24365   0.327 0.147 0.377 0.252 0.327 
0.74990  50846       0.25056 0.30102 0.32626   0.00035 0.24423   0.326 0.147 0.377 0.251 0.326 
0.75090  50643       0.24948 0.30000 0.32526   0.00035 0.24481   0.325 0.147 0.377 0.249 0.325 
0.75189  50440       0.24840 0.29901 0.32431   0.00035 0.24536   0.324 0.147 0.377 0.248 0.324 
0.75289  50237       0.24737 0.29805 0.32339   0.00035 0.24590   0.323 0.147 0.377 0.247 0.323 
0.75389  50034       0.24626 0.29705 0.32245   0.00035 0.24644   0.322 0.147 0.377 0.246 0.322 
0.75489  49831       0.24520 0.29613 0.32159   0.00035 0.24694   0.322 0.147 0.376 0.245 0.322 
0.75589  49628       0.24412 0.29530 0.32089   0.00035 0.24735   0.321 0.147 0.376 0.244 0.321 
0.75689  49425       0.24305 0.29444 0.32013   0.00035 0.24780   0.320 0.147 0.376 0.243 0.320 
0.75789  49222       0.24195 0.29354 0.31934   0.00035 0.24827   0.319 0.146 0.376 0.242 0.319 
0.75888  49019       0.24088 0.29271 0.31863   0.00035 0.24868   0.319 0.146 0.376 0.241 0.319 
0.75988  48816       0.23981 0.29182 0.31782   0.00035 0.24916   0.318 0.146 0.376 0.240 0.318 
0.76088  48613       0.23871 0.29097 0.31709   0.00035 0.24959   0.317 0.144 0.376 0.239 0.317 
0.76188  48410       0.23761 0.29008 0.31631   0.00035 0.25006   0.316 0.144 0.376 0.238 0.316 
0.76288  48207       0.23653 0.28924 0.31559   0.00035 0.25049   0.316 0.144 0.376 0.237 0.316 
0.76388  48004       0.23545 0.28836 0.31481   0.00035 0.25095   0.315 0.144 0.376 0.235 0.315 
0.76488  47801       0.23435 0.28746 0.31402   0.00035 0.25142   0.314 0.144 0.376 0.234 0.314 
0.76587  47598       0.23326 0.28660 0.31327   0.00035 0.25187   0.313 0.144 0.376 0.233 0.313 
0.76687  47395       0.23222 0.28575 0.31252   0.00035 0.25231   0.313 0.143 0.376 0.232 0.313 
0.76787  47192       0.23113 0.28492 0.31181   0.00035 0.25274   0.312 0.143 0.376 0.231 0.312 
0.76887  46989       0.23003 0.28407 0.31110   0.00035 0.25317   0.311 0.143 0.376 0.230 0.311 
0.76987  46786       0.22893 0.28322 0.31037   0.00035 0.25361   0.310 0.143 0.376 0.229 0.310 
0.77087  46583       0.22785 0.28237 0.30963   0.00035 0.25405   0.310 0.142 0.375 0.228 0.310 
0.77187  46380       0.22675 0.28150 0.30887   0.00035 0.25450   0.309 0.142 0.375 0.227 0.309 
0.77286  46177       0.22568 0.28064 0.30812   0.00035 0.25496   0.308 0.142 0.375 0.226 0.308 
0.77386  45974       0.22458 0.27975 0.30734   0.00035 0.25543   0.307 0.142 0.375 0.225 0.307 
0.77486  45771       0.22352 0.27883 0.30649   0.00035 0.25595   0.306 0.142 0.374 0.224 0.306 
0.77586  45568       0.22253 0.27786 0.30552   0.00035 0.25653   0.306 0.142 0.373 0.223 0.306 
0.77686  45365       0.22149 0.27698 0.30472   0.00035 0.25702   0.305 0.142 0.373 0.221 0.305 
0.77786  45162       0.22045 0.27610 0.30392   0.00035 0.25751   0.304 0.142 0.373 0.220 0.304 
0.77886  44959       0.21939 0.27520 0.30311   0.00035 0.25801   0.303 0.142 0.373 0.219 0.303 
0.77985  44756       0.21828 0.27428 0.30229   0.00036 0.25851   0.302 0.142 0.373 0.218 0.302 
0.78085  44553       0.21720 0.27338 0.30147   0.00036 0.25901   0.301 0.142 0.372 0.217 0.301 
0.78185  44350       0.21645 0.27256 0.30061   0.00036 0.25954   0.301 0.129 0.368 0.216 0.301 
0.78285  44147       0.21544 0.27167 0.29978   0.00036 0.26005   0.300 0.126 0.367 0.215 0.300 
0.78385  43944       0.21440 0.27076 0.29894   0.00036 0.26057   0.299 0.122 0.366 0.214 0.299 
0.78485  43741       0.21338 0.26983 0.29806   0.00036 0.26111   0.298 0.118 0.365 0.213 0.298 
0.78584  43538       0.21227 0.26891 0.29723   0.00036 0.26163   0.297 0.117 0.365 0.212 0.297 
0.78684  43335       0.21116 0.26797 0.29638   0.00036 0.26216   0.296 0.117 0.365 0.211 0.296 
0.78784  43132       0.21007 0.26704 0.29553   0.00036 0.26269   0.296 0.117 0.365 0.210 0.296 
0.78884  42929       0.20895 0.26610 0.29467   0.00036 0.26322   0.295 0.117 0.365 0.209 0.295 
0.78984  42726       0.20788 0.26517 0.29381   0.00036 0.26376   0.294 0.117 0.365 0.208 0.294 
0.79084  42523       0.20678 0.26422 0.29294   0.00036 0.26431   0.293 0.115 0.365 0.207 0.293 
0.79184  42320       0.20569 0.26327 0.29206   0.00036 0.26486   0.292 0.115 0.365 0.206 0.292 
0.79283  42117       0.20461 0.26232 0.29118   0.00036 0.26542   0.291 0.115 0.365 0.205 0.291 
0.79383  41914       0.20352 0.26137 0.29029   0.00036 0.26598   0.290 0.115 0.365 0.204 0.290 
0.79483  41711       0.20244 0.26041 0.28940   0.00036 0.26654   0.289 0.115 0.365 0.202 0.289 
0.79583  41508       0.20136 0.25946 0.28851   0.00036 0.26711   0.289 0.115 0.365 0.201 0.289 
0.79683  41305       0.20027 0.25849 0.28760   0.00036 0.26769   0.288 0.115 0.365 0.200 0.288 
0.79783  41102       0.19917 0.25751 0.28668   0.00036 0.26827   0.287 0.115 0.365 0.199 0.287 
0.79883  40899       0.19811 0.25655 0.28577   0.00036 0.26885   0.286 0.115 0.364 0.198 0.286 
0.79982  40696       0.19703 0.25558 0.28486   0.00036 0.26944   0.285 0.115 0.364 0.197 0.285 
0.80082  40493       0.19593 0.25460 0.28394   0.00036 0.27002   0.284 0.115 0.364 0.196 0.284 
0.80182  40290       0.19482 0.25362 0.28302   0.00036 0.27062   0.283 0.115 0.364 0.195 0.283 
0.80282  40087       0.19374 0.25264 0.28209   0.00036 0.27122   0.282 0.115 0.364 0.194 0.282 
0.80382  39884       0.19264 0.25165 0.28116   0.00036 0.27182   0.281 0.115 0.364 0.193 0.281 
0.80482  39681       0.19154 0.25066 0.28022   0.00036 0.27243   0.280 0.115 0.364 0.192 0.280 
0.80582  39478       0.19043 0.24966 0.27927   0.00037 0.27305   0.279 0.114 0.364 0.190 0.279 
0.80681  39275       0.18931 0.24865 0.27833   0.00037 0.27366   0.278 0.114 0.364 0.189 0.278 
0.80781  39072       0.18820 0.24765 0.27737   0.00037 0.27429   0.277 0.114 0.364 0.188 0.277 
0.80881  38869       0.18715 0.24648 0.27615   0.00037 0.27509   0.276 0.107 0.364 0.187 0.276 
0.80981  38666       0.18621 0.24512 0.27458   0.00037 0.27612   0.275 0.096 0.363 0.186 0.275 
0.81081  38463       0.18511 0.24411 0.27362   0.00037 0.27676   0.274 0.096 0.363 0.185 0.274 
0.81181  38260       0.18400 0.24310 0.27266   0.00037 0.27739   0.273 0.096 0.363 0.184 0.273 
0.81280  38057       0.18292 0.24210 0.27169   0.00037 0.27803   0.272 0.096 0.363 0.183 0.272 
0.81380  37854       0.18181 0.24108 0.27071   0.00037 0.27868   0.271 0.096 0.363 0.182 0.271 
0.81480  37651       0.18075 0.24007 0.26973   0.00037 0.27934   0.270 0.096 0.363 0.181 0.270 
0.81580  37448       0.17964 0.23905 0.26875   0.00037 0.27999   0.269 0.096 0.363 0.180 0.269 
0.81680  37245       0.17856 0.23809 0.26785   0.00037 0.28060   0.268 0.096 0.363 0.179 0.268 
0.81780  37042       0.17745 0.23706 0.26686   0.00037 0.28126   0.267 0.096 0.363 0.177 0.267 
0.81880  36839       0.17637 0.23603 0.26586   0.00037 0.28194   0.266 0.096 0.363 0.176 0.266 
0.81979  36636       0.17526 0.23499 0.26486   0.00037 0.28261   0.265 0.096 0.363 0.175 0.265 
0.82079  36433       0.17420 0.23397 0.26385   0.00037 0.28330   0.264 0.096 0.363 0.174 0.264 
0.82179  36230       0.17315 0.23294 0.26284   0.00037 0.28398   0.263 0.096 0.363 0.173 0.263 
0.82279  36027       0.17204 0.23190 0.26182   0.00037 0.28468   0.262 0.096 0.363 0.172 0.262 
0.82379  35824       0.17098 0.23086 0.26080   0.00037 0.28538   0.261 0.096 0.362 0.171 0.261 
0.82479  35621       0.16988 0.22981 0.25977   0.00037 0.28608   0.260 0.096 0.362 0.170 0.260 
0.82579  35418       0.16882 0.22876 0.25874   0.00038 0.28679   0.259 0.096 0.362 0.169 0.259 
0.82678  35215       0.16771 0.22770 0.25770   0.00038 0.28751   0.258 0.096 0.362 0.168 0.258 
0.82778  35012       0.16661 0.22664 0.25665   0.00038 0.28823   0.257 0.096 0.362 0.167 0.257 
0.82878  34809       0.16556 0.22563 0.25566   0.00038 0.28892   0.256 0.095 0.362 0.166 0.256 
0.82978  34606       0.16445 0.22467 0.25477   0.00038 0.28954   0.255 0.095 0.362 0.164 0.255 
0.83078  34403       0.16335 0.22365 0.25381   0.00038 0.29022   0.254 0.095 0.362 0.163 0.254 
0.83178  34200       0.16232 0.22261 0.25275   0.00038 0.29096   0.253 0.095 0.362 0.162 0.253 
0.83278  33997       0.16125 0.22154 0.25169   0.00038 0.29170   0.252 0.095 0.362 0.161 0.252 
0.83377  33794       0.16015 0.22047 0.25063   0.00038 0.29245   0.251 0.095 0.362 0.160 0.251 
0.83477  33591       0.15904 0.21939 0.24957   0.00038 0.29320   0.250 0.095 0.362 0.159 0.250 
0.83577  33388       0.15794 0.21831 0.24849   0.00038 0.29396   0.248 0.094 0.362 0.158 0.248 
0.83677  33185       0.15682 0.21722 0.24742   0.00038 0.29473   0.247 0.094 0.362 0.157 0.247 
0.83777  32982       0.15572 0.21613 0.24634   0.00038 0.29550   0.246 0.094 0.362 0.156 0.246 
0.83877  32779       0.15462 0.21504 0.24525   0.00038 0.29628   0.245 0.094 0.362 0.155 0.245 
0.83976  32576       0.15352 0.21394 0.24416   0.00038 0.29706   0.244 0.094 0.362 0.154 0.244 
0.84076  32373       0.15248 0.21286 0.24306   0.00038 0.29785   0.243 0.094 0.362 0.152 0.243 
0.84176  32170       0.15138 0.21176 0.24196   0.00038 0.29865   0.242 0.094 0.362 0.151 0.242 
0.84276  31967       0.15032 0.21067 0.24084   0.00039 0.29946   0.241 0.094 0.362 0.150 0.241 
0.84376  31764       0.14922 0.20956 0.23973   0.00039 0.30027   0.240 0.094 0.362 0.149 0.240 
0.84476  31561       0.14814 0.20845 0.23861   0.00039 0.30109   0.239 0.094 0.362 0.148 0.239 
0.84576  31358       0.14703 0.20733 0.23749   0.00039 0.30191   0.237 0.094 0.362 0.147 0.237 
0.84675  31155       0.14594 0.20622 0.23635   0.00039 0.30275   0.236 0.093 0.362 0.146 0.236 
0.84775  30952       0.14483 0.20509 0.23522   0.00039 0.30359   0.235 0.093 0.362 0.145 0.235 
0.84875  30749       0.14372 0.20395 0.23407   0.00039 0.30443   0.234 0.093 0.362 0.144 0.234 
0.84975  30546       0.14260 0.20282 0.23293   0.00039 0.30529   0.233 0.093 0.362 0.143 0.233 
0.85075  30343       0.14151 0.20168 0.23177   0.00039 0.30615   0.232 0.093 0.362 0.142 0.232 
0.85175  30140       0.14039 0.20054 0.23061   0.00039 0.30702   0.231 0.093 0.362 0.140 0.231 
0.85275  29937       0.13929 0.19939 0.22944   0.00039 0.30791   0.229 0.093 0.362 0.139 0.229 
0.85374  29734       0.13823 0.19826 0.22827   0.00039 0.30878   0.228 0.093 0.362 0.138 0.228 
0.85474  29531       0.13712 0.19711 0.22711   0.00039 0.30967   0.227 0.093 0.362 0.137 0.227 
0.85574  29328       0.13603 0.19596 0.22592   0.00039 0.31057   0.226 0.092 0.362 0.136 0.226 
0.85674  29125       0.13494 0.19480 0.22473   0.00039 0.31148   0.225 0.092 0.362 0.135 0.225 
0.85774  28922       0.13384 0.19364 0.22354   0.00040 0.31239   0.224 0.092 0.362 0.134 0.224 
0.85874  28719       0.13274 0.19248 0.22235   0.00040 0.31331   0.222 0.092 0.362 0.133 0.222 
0.85974  28516       0.13164 0.19131 0.22114   0.00040 0.31424   0.221 0.091 0.362 0.132 0.221 
0.86073  28313       0.13053 0.19013 0.21994   0.00040 0.31518   0.220 0.091 0.362 0.131 0.220 
0.86173  28110       0.12944 0.18896 0.21872   0.00040 0.31613   0.219 0.091 0.362 0.129 0.219 
0.86273  27907       0.12836 0.18778 0.21749   0.00040 0.31709   0.217 0.090 0.362 0.128 0.217 
0.86373  27704       0.12725 0.18659 0.21626   0.00040 0.31806   0.216 0.090 0.362 0.127 0.216 
0.86473  27501       0.12616 0.18541 0.21503   0.00040 0.31904   0.215 0.090 0.362 0.126 0.215 
0.86573  27298       0.12515 0.18416 0.21367   0.00040 0.32012   0.214 0.089 0.361 0.125 0.214 
0.86672  27095       0.12407 0.18297 0.21242   0.00040 0.32111   0.212 0.089 0.361 0.124 0.212 
0.86772  26892       0.12296 0.18177 0.21117   0.00040 0.32211   0.211 0.089 0.361 0.123 0.211 
0.86872  26689       0.12190 0.18057 0.20991   0.00040 0.32313   0.210 0.089 0.361 0.122 0.210 
0.86972  26486       0.12086 0.17939 0.20866   0.00040 0.32414   0.209 0.089 0.361 0.121 0.209 
0.87072  26283       0.11976 0.17817 0.20738   0.00041 0.32517   0.207 0.089 0.361 0.120 0.207 
0.87172  26080       0.11869 0.17694 0.20607   0.00041 0.32624   0.206 0.089 0.361 0.119 0.206 
0.87272  25877       0.11760 0.17572 0.20478   0.00041 0.32730   0.205 0.089 0.361 0.118 0.205 
0.87371  25674       0.11652 0.17449 0.20348   0.00041 0.32837   0.203 0.089 0.361 0.117 0.203 
0.87471  25471       0.11545 0.17326 0.20217   0.00041 0.32945   0.202 0.089 0.361 0.115 0.202 
0.87571  25268       0.11435 0.17202 0.20086   0.00041 0.33054   0.201 0.089 0.361 0.114 0.201 
0.87671  25065       0.11327 0.17078 0.19954   0.00041 0.33164   0.200 0.089 0.361 0.113 0.200 
0.87771  24862       0.11216 0.16953 0.19822   0.00041 0.33275   0.198 0.089 0.361 0.112 0.198 
0.87871  24659       0.11109 0.16827 0.19687   0.00041 0.33390   0.197 0.089 0.361 0.111 0.197 
0.87971  24456       0.11002 0.16702 0.19551   0.00041 0.33504   0.196 0.089 0.361 0.110 0.196 
0.88070  24253       0.10891 0.16575 0.19417   0.00041 0.33619   0.194 0.089 0.361 0.109 0.194 
0.88170  24050       0.10780 0.16448 0.19282   0.00042 0.33735   0.193 0.089 0.361 0.108 0.193 
0.88270  23847       0.10671 0.16321 0.19145   0.00042 0.33852   0.191 0.089 0.361 0.107 0.191 
0.88370  23644       0.10564 0.16189 0.19001   0.00042 0.33977   0.190 0.089 0.360 0.106 0.190 
0.88470  23441       0.10455 0.16061 0.18863   0.00042 0.34097   0.189 0.088 0.360 0.105 0.189 
0.88570  23238       0.10350 0.15932 0.18722   0.00042 0.34221   0.187 0.087 0.360 0.104 0.187 
0.88670  23035       0.10241 0.15801 0.18582   0.00042 0.34345   0.186 0.087 0.360 0.102 0.186 
0.88769  22832       0.10131 0.15671 0.18440   0.00042 0.34470   0.184 0.087 0.360 0.101 0.184 
0.88869  22629       0.10023 0.15540 0.18298   0.00042 0.34597   0.183 0.087 0.360 0.100 0.183 
0.88969  22426       0.09914 0.15408 0.18155   0.00042 0.34724   0.182 0.087 0.360 0.099 0.182 
0.89069  22223       0.09805 0.15276 0.18011   0.00042 0.34854   0.180 0.087 0.360 0.098 0.180 
0.89169  22020       0.09695 0.15143 0.17867   0.00043 0.34985   0.179 0.087 0.360 0.097 0.179 
0.89269  21817       0.09584 0.15007 0.17719   0.00043 0.35120   0.177 0.087 0.360 0.096 0.177 
0.89368  21614       0.09478 0.14874 0.17572   0.00043 0.35255   0.176 0.087 0.360 0.095 0.176 
0.89468  21411       0.09367 0.14738 0.17424   0.00043 0.35392   0.174 0.086 0.360 0.094 0.174 
0.89568  21208       0.09256 0.14599 0.17270   0.00043 0.35535   0.173 0.086 0.360 0.093 0.173 
0.89668  21005       0.09147 0.14463 0.17121   0.00043 0.35675   0.171 0.086 0.360 0.091 0.171 
0.89768  20802       0.09039 0.14327 0.16971   0.00043 0.35816   0.170 0.086 0.360 0.090 0.170 
0.89868  20599       0.08928 0.14189 0.16819   0.00043 0.35960   0.168 0.086 0.360 0.089 0.168 
0.89968  20396       0.08821 0.14051 0.16666   0.00044 0.36106   0.167 0.086 0.360 0.088 0.167 
0.90067  20193       0.08712 0.13912 0.16512   0.00044 0.36254   0.165 0.086 0.360 0.087 0.165 
0.90167  19990       0.08602 0.13772 0.16357   0.00044 0.36404   0.164 0.086 0.360 0.086 0.164 
0.90267  19787       0.08491 0.13632 0.16203   0.00044 0.36555   0.162 0.086 0.360 0.085 0.162 
0.90367  19584       0.08383 0.13491 0.16046   0.00044 0.36709   0.160 0.086 0.359 0.084 0.160 
0.90467  19381       0.08271 0.13350 0.15890   0.00044 0.36864   0.159 0.086 0.359 0.083 0.159 
0.90567  19178       0.08161 0.13208 0.15732   0.00044 0.37021   0.157 0.086 0.359 0.082 0.157 
0.90667  18975       0.08053 0.13067 0.15574   0.00044 0.37180   0.156 0.085 0.359 0.081 0.156 
0.90766  18772       0.07943 0.12925 0.15415   0.00045 0.37340   0.154 0.085 0.359 0.079 0.154 
0.90866  18569       0.07834 0.12782 0.15256   0.00045 0.37503   0.153 0.085 0.359 0.078 0.153 
0.90966  18366       0.07726 0.12639 0.15095   0.00045 0.37668   0.151 0.085 0.359 0.077 0.151 
0.91066  18163       0.07617 0.12495 0.14933   0.00045 0.37836   0.149 0.084 0.359 0.076 0.149 
0.91166  17960       0.07509 0.12351 0.14771   0.00045 0.38005   0.148 0.084 0.359 0.075 0.148 
0.91266  17757       0.07400 0.12206 0.14608   0.00045 0.38177   0.146 0.084 0.359 0.074 0.146 
0.91366  17554       0.07291 0.12060 0.14445   0.00045 0.38351   0.144 0.084 0.359 0.073 0.144 
0.91465  17351       0.07179 0.11914 0.14281   0.00046 0.38527   0.143 0.084 0.359 0.072 0.143 
0.91565  17148       0.07070 0.11766 0.14115   0.00046 0.38706   0.141 0.084 0.359 0.071 0.141 
0.91665  16945       0.06962 0.11619 0.13948   0.00046 0.38888   0.139 0.084 0.359 0.070 0.139 
0.91765  16742       0.06852 0.11471 0.13781   0.00046 0.39072   0.138 0.084 0.359 0.069 0.138 
0.91865  16539       0.06742 0.11322 0.13612   0.00046 0.39259   0.136 0.084 0.359 0.067 0.136 
0.91965  16336       0.06632 0.11173 0.13443   0.00046 0.39449   0.134 0.084 0.359 0.066 0.134 
0.92064  16133       0.06522 0.11023 0.13273   0.00046 0.39641   0.133 0.084 0.359 0.065 0.133 
0.92164  15930       0.06412 0.10872 0.13102   0.00047 0.39836   0.131 0.084 0.359 0.064 0.131 
0.92264  15727       0.06330 0.10762 0.12979   0.00047 0.39978   0.130 0.084 0.355 0.063 0.130 
0.92364  15524       0.06242 0.10651 0.12855   0.00047 0.40122   0.129 0.084 0.351 0.062 0.129 
0.92464  15321       0.06152 0.10536 0.12728   0.00047 0.40270   0.127 0.084 0.347 0.062 0.127 
0.92564  15118       0.06064 0.10420 0.12598   0.00047 0.40423   0.126 0.084 0.343 0.061 0.126 
0.92664  14915       0.05974 0.10303 0.12468   0.00047 0.40578   0.125 0.084 0.339 0.060 0.125 
0.92763  14712       0.05886 0.10186 0.12336   0.00047 0.40736   0.123 0.083 0.336 0.059 0.123 
0.92863  14509       0.05794 0.10064 0.12199   0.00048 0.40901   0.122 0.082 0.332 0.058 0.122 
0.92963  14306       0.05705 0.09945 0.12065   0.00048 0.41064   0.121 0.081 0.329 0.057 0.121 
0.93063  14103       0.05621 0.09829 0.11933   0.00048 0.41226   0.119 0.081 0.325 0.056 0.119 
0.93163  13900       0.05535 0.09702 0.11785   0.00048 0.41408   0.118 0.081 0.321 0.055 0.118 
0.93263  13697       0.05449 0.09584 0.11651   0.00048 0.41576   0.117 0.081 0.318 0.054 0.117 
0.93363  13494       0.05361 0.09465 0.11516   0.00048 0.41746   0.115 0.081 0.314 0.054 0.115 
0.93462  13291       0.05275 0.09346 0.11381   0.00048 0.41918   0.114 0.081 0.310 0.053 0.114 
0.93562  13088       0.05192 0.09228 0.11246   0.00048 0.42091   0.112 0.081 0.306 0.052 0.112 
0.93662  12885       0.05110 0.09110 0.11110   0.00049 0.42266   0.111 0.081 0.302 0.051 0.111 
0.93762  12682       0.05022 0.08987 0.10970   0.00049 0.42449   0.110 0.081 0.298 0.050 0.110 
0.93862  12479       0.04938 0.08866 0.10831   0.00049 0.42633   0.108 0.081 0.294 0.049 0.108 
0.93962  12276       0.04854 0.08744 0.10689   0.00049 0.42821   0.107 0.081 0.290 0.049 0.107 
0.94062  12073       0.04766 0.08619 0.10546   0.00049 0.43014   0.105 0.081 0.286 0.048 0.105 
0.94161  11870       0.04682 0.08494 0.10401   0.00049 0.43211   0.104 0.081 0.282 0.047 0.104 
0.94261  11667       0.04595 0.08369 0.10255   0.00050 0.43410   0.103 0.081 0.278 0.046 0.103 
0.94361  11464       0.04509 0.08241 0.10107   0.00050 0.43616   0.101 0.081 0.275 0.045 0.101 
0.94461  11261       0.04424 0.08111 0.09955   0.00050 0.43829   0.100 0.081 0.271 0.044 0.100 
0.94561  11058       0.04338 0.07982 0.09804   0.00050 0.44044   0.098 0.081 0.267 0.043 0.098 
0.94661  10855       0.04254 0.07853 0.09653   0.00050 0.44261   0.097 0.081 0.264 0.043 0.097 
0.94760  10652       0.04169 0.07724 0.09502   0.00050 0.44479   0.095 0.081 0.259 0.042 0.095 
0.94860  10449       0.04081 0.07594 0.09351   0.00051 0.44702   0.094 0.081 0.255 0.041 0.094 
0.94960  10246       0.03997 0.07465 0.09199   0.00051 0.44928   0.092 0.081 0.251 0.040 0.092 
0.95060  10043       0.03912 0.07333 0.09043   0.00051 0.45162   0.090 0.081 0.247 0.039 0.090 
0.95160  9840        0.03827 0.07200 0.08886   0.00051 0.45402   0.089 0.081 0.243 0.038 0.089 
0.95260  9637        0.03742 0.07066 0.08728   0.00051 0.45646   0.087 0.081 0.238 0.037 0.087 
0.95360  9434        0.03657 0.06931 0.08567   0.00052 0.45898   0.086 0.081 0.234 0.037 0.086 
0.95459  9231        0.03570 0.06793 0.08405   0.00052 0.46156   0.084 0.080 0.230 0.036 0.084 
0.95559  9028        0.03491 0.06659 0.08242   0.00052 0.46419   0.082 0.080 0.226 0.035 0.082 
0.95659  8825        0.03411 0.06526 0.08083   0.00052 0.46680   0.081 0.080 0.221 0.034 0.081 
0.95759  8622        0.03335 0.06392 0.07921   0.00052 0.46949   0.079 0.080 0.216 0.033 0.079 
0.95859  8419        0.03256 0.06258 0.07759   0.00053 0.47222   0.078 0.080 0.212 0.033 0.078 
0.95959  8216        0.03177 0.06125 0.07598   0.00053 0.47498   0.076 0.080 0.207 0.032 0.076 
0.96059  8013        0.03095 0.05988 0.07434   0.00053 0.47783   0.074 0.080 0.202 0.031 0.074 
0.96158  7810        0.03012 0.05848 0.07266   0.00053 0.48081   0.073 0.080 0.197 0.030 0.073 
0.96258  7607        0.02934 0.05712 0.07101   0.00054 0.48378   0.071 0.080 0.192 0.029 0.071 
0.96358  7404        0.02856 0.05575 0.06935   0.00054 0.48684   0.069 0.080 0.187 0.029 0.069 
0.96458  7201        0.02777 0.05437 0.06768   0.00054 0.48996   0.068 0.080 0.182 0.028 0.068 
0.96558  6998        0.02696 0.05298 0.06599   0.00054 0.49316   0.066 0.080 0.177 0.027 0.066 
0.96658  6795        0.02620 0.05158 0.06427   0.00055 0.49649   0.064 0.080 0.172 0.026 0.064 
0.96758  6592        0.02544 0.05018 0.06255   0.00055 0.49991   0.063 0.080 0.167 0.025 0.063 
0.96857  6389        0.02464 0.04873 0.06077   0.00055 0.50350   0.061 0.079 0.162 0.025 0.061 
0.96957  6186        0.02387 0.04731 0.05903   0.00056 0.50710   0.059 0.079 0.157 0.024 0.059 
0.97057  5983        0.02307 0.04585 0.05724   0.00056 0.51087   0.057 0.079 0.152 0.023 0.057 
0.97157  5780        0.02229 0.04439 0.05544   0.00056 0.51477   0.055 0.079 0.147 0.022 0.055 
0.97257  5577        0.02151 0.04291 0.05362   0.00057 0.51880   0.054 0.079 0.142 0.022 0.054 
0.97357  5374        0.02071 0.04144 0.05181   0.00057 0.52291   0.052 0.079 0.137 0.021 0.052 
0.97456  5171        0.01995 0.03995 0.04995   0.00057 0.52725   0.050 0.079 0.132 0.020 0.050 
0.97556  4968        0.01916 0.03843 0.04806   0.00058 0.53178   0.048 0.078 0.127 0.019 0.048 
0.97656  4765        0.01839 0.03690 0.04615   0.00058 0.53650   0.046 0.078 0.122 0.018 0.046 
0.97756  4562        0.01761 0.03535 0.04422   0.00058 0.54142   0.044 0.078 0.117 0.018 0.044 
0.97856  4359        0.01680 0.03379 0.04229   0.00059 0.54652   0.042 0.078 0.112 0.017 0.042 
0.97956  4156        0.01597 0.03221 0.04033   0.00059 0.55186   0.040 0.078 0.107 0.016 0.040 
0.98056  3953        0.01515 0.03062 0.03836   0.00060 0.55744   0.038 0.078 0.102 0.015 0.038 
0.98155  3750        0.01432 0.02900 0.03633   0.00060 0.56340   0.036 0.078 0.097 0.014 0.036 
0.98255  3547        0.01353 0.02737 0.03429   0.00061 0.56967   0.034 0.078 0.092 0.014 0.034 
0.98355  3344        0.01272 0.02586 0.03243   0.00061 0.57565   0.032 0.077 0.087 0.013 0.032 
0.98455  3141        0.01195 0.02451 0.03079   0.00062 0.58112   0.031 0.073 0.082 0.012 0.031 
0.98555  2938        0.01118 0.02313 0.02911   0.00062 0.58696   0.029 0.070 0.077 0.011 0.029 
0.98655  2735        0.01036 0.02174 0.02743   0.00063 0.59304   0.027 0.066 0.072 0.010 0.027 
0.98755  2532        0.00956 0.02034 0.02574   0.00064 0.59947   0.026 0.062 0.067 0.010 0.026 
0.98854  2329        0.00877 0.01896 0.02405   0.00064 0.60618   0.024 0.058 0.062 0.009 0.024 
0.98954  2126        0.00801 0.01753 0.02229   0.00065 0.61359   0.022 0.054 0.057 0.008 0.022 
0.99054  1923        0.00722 0.01609 0.02052   0.00066 0.62153   0.021 0.049 0.051 0.007 0.021 
0.99154  1720        0.00645 0.01463 0.01872   0.00066 0.63011   0.019 0.045 0.046 0.006 0.019 
0.99254  1517        0.00568 0.01315 0.01689   0.00067 0.63951   0.017 0.040 0.041 0.006 0.017 
0.99354  1314        0.00491 0.01159 0.01493   0.00068 0.65045   0.015 0.035 0.035 0.005 0.015 
0.99454  1111        0.00414 0.00996 0.01287   0.00069 0.66320   0.013 0.030 0.030 0.004 0.013 
0.99553  908         0.00339 0.00829 0.01074   0.00071 0.67806   0.011 0.026 0.025 0.003 0.011 
0.99653  705         0.00265 0.00660 0.00857   0.00072 0.69576   0.009 0.020 0.020 0.003 0.009 
0.99753  502         0.00189 0.00485 0.00633   0.00074 0.71799   0.006 0.015 0.014 0.002 0.006 
0.99853  299         0.00114 0.00299 0.00392   0.00077 0.74979   0.004 0.009 0.009 0.001 0.004 
0.99953  96          0.00035 0.00101 0.00134   0.00082 0.80858   0.001 0.003 0.003 0.000 0.001 
1.00000  0           0.00000 0.00000 0.00000   0.00100 1.00000   0.000 0.000 0.000 0.000 0.000 
