# Prop_landscape_lost  cost_needed_for_top_fraction  min_prop_rem  ave_prop_rem  W_prop_rem  ext-1  ext-2  prop_for_each_biodiversity_feature_(e.g._species)_remaining_at_level_of_removal...
0.00001  2.0221e+005  1.00000 1.00001 1.00001   -0.00000 -0.00000   1.000 1.000 1.000 
0.00101  2.02e+005   0.98603 0.99535 1.00001   0.00058 -0.00000   1.000 0.986 1.000 
0.00201  2.018e+005  0.98415 0.99471 1.00001   0.00044 -0.00000   1.000 0.984 1.000 
0.00301  2.016e+005  0.98156 0.99382 1.00000   0.00039 -0.00000   1.000 0.982 1.000 
0.00401  2.014e+005  0.97841 0.99275 1.00000   0.00037 0.00000   1.000 0.978 1.000 
0.00500  2.012e+005  0.97614 0.99196 0.99999   0.00034 0.00000   1.000 0.976 1.000 
0.00600  2.0099e+005  0.97394 0.99120 0.99998   0.00032 0.00000   1.000 0.974 1.000 
0.00700  2.0079e+005  0.97237 0.99065 0.99997   0.00030 0.00001   1.000 0.972 1.000 
0.00800  2.0059e+005  0.97048 0.98999 0.99996   0.00028 0.00001   1.000 0.970 1.000 
0.00900  2.0039e+005  0.96883 0.98940 0.99995   0.00027 0.00001   1.000 0.969 0.999 
0.01000  2.0019e+005  0.96711 0.98880 0.99995   0.00026 0.00001   1.000 0.967 0.999 
0.01100  1.9998e+005  0.96569 0.98829 0.99994   0.00025 0.00002   1.000 0.966 0.999 
0.01200  1.9978e+005  0.96499 0.98802 0.99993   0.00023 0.00002   1.000 0.965 0.999 
0.01300  1.9958e+005  0.96428 0.98775 0.99992   0.00022 0.00002   1.000 0.964 0.999 
0.01400  1.9938e+005  0.96381 0.98756 0.99991   0.00021 0.00002   1.000 0.964 0.999 
0.01499  1.9918e+005  0.96365 0.98747 0.99989   0.00020 0.00003   1.000 0.964 0.999 
0.01599  1.9897e+005  0.96342 0.98735 0.99988   0.00019 0.00003   1.000 0.963 0.999 
0.01699  1.9877e+005  0.96326 0.98726 0.99987   0.00018 0.00003   1.000 0.963 0.999 
0.01799  1.9857e+005  0.96295 0.98712 0.99986   0.00017 0.00004   1.000 0.963 0.999 
0.01899  1.9837e+005  0.96287 0.98706 0.99985   0.00016 0.00004   1.000 0.963 0.998 
0.01999  1.9817e+005  0.96255 0.98691 0.99983   0.00016 0.00004   1.000 0.963 0.998 
0.02099  1.9796e+005  0.96232 0.98680 0.99982   0.00015 0.00004   1.000 0.962 0.998 
0.02199  1.9776e+005  0.96192 0.98662 0.99981   0.00015 0.00005   1.000 0.962 0.998 
0.02299  1.9756e+005  0.96177 0.98653 0.99979   0.00014 0.00005   1.000 0.962 0.998 
0.02399  1.9736e+005  0.96114 0.98628 0.99978   0.00014 0.00005   1.000 0.961 0.998 
0.02498  1.9716e+005  0.96083 0.98613 0.99977   0.00014 0.00006   1.000 0.961 0.998 
0.02598  1.9695e+005  0.96043 0.98596 0.99975   0.00013 0.00006   1.000 0.960 0.998 
0.02698  1.9675e+005  0.95996 0.98576 0.99974   0.00013 0.00007   1.000 0.960 0.998 
0.02798  1.9655e+005  0.95925 0.98548 0.99972   0.00013 0.00007   1.000 0.959 0.997 
0.02898  1.9635e+005  0.95910 0.98539 0.99971   0.00012 0.00007   1.000 0.959 0.997 
0.02998  1.9615e+005  0.95855 0.98516 0.99969   0.00012 0.00008   1.000 0.959 0.997 
0.03098  1.9594e+005  0.95816 0.98498 0.99967   0.00012 0.00008   1.000 0.958 0.997 
0.03198  1.9574e+005  0.95737 0.98468 0.99966   0.00012 0.00009   1.000 0.957 0.997 
0.03298  1.9554e+005  0.95674 0.98442 0.99964   0.00012 0.00009   1.000 0.957 0.997 
0.03397  1.9534e+005  0.95635 0.98424 0.99962   0.00011 0.00009   1.000 0.956 0.997 
0.03497  1.9514e+005  0.95533 0.98386 0.99961   0.00011 0.00010   1.000 0.955 0.997 
0.03597  1.9493e+005  0.95478 0.98363 0.99959   0.00011 0.00010   1.000 0.955 0.997 
0.03697  1.9473e+005  0.95407 0.98334 0.99957   0.00011 0.00011   1.000 0.954 0.996 
0.03797  1.9453e+005  0.95329 0.98303 0.99955   0.00011 0.00011   1.000 0.953 0.996 
0.03897  1.9433e+005  0.95282 0.98282 0.99953   0.00011 0.00012   1.000 0.953 0.996 
0.03997  1.9413e+005  0.95195 0.98249 0.99951   0.00011 0.00012   1.000 0.952 0.996 
0.04097  1.9392e+005  0.95125 0.98220 0.99949   0.00011 0.00013   0.999 0.951 0.996 
0.04197  1.9372e+005  0.95015 0.98178 0.99947   0.00011 0.00013   0.999 0.950 0.996 
0.04297  1.9352e+005  0.94897 0.98134 0.99945   0.00011 0.00014   0.999 0.949 0.996 
0.04396  1.9332e+005  0.94795 0.98095 0.99943   0.00011 0.00014   0.999 0.948 0.995 
0.04496  1.9312e+005  0.94685 0.98053 0.99941   0.00011 0.00015   0.999 0.947 0.995 
0.04596  1.9291e+005  0.94536 0.97998 0.99939   0.00011 0.00015   0.999 0.945 0.995 
0.04696  1.9271e+005  0.94418 0.97953 0.99936   0.00011 0.00016   0.999 0.944 0.995 
0.04796  1.9251e+005  0.94324 0.97917 0.99934   0.00011 0.00016   0.999 0.943 0.995 
0.04896  1.9231e+005  0.94214 0.97874 0.99932   0.00011 0.00017   0.999 0.942 0.995 
0.04996  1.9211e+005  0.94096 0.97830 0.99929   0.00011 0.00018   0.999 0.941 0.995 
0.05096  1.919e+005  0.94025 0.97800 0.99927   0.00011 0.00018   0.999 0.940 0.994 
0.05196  1.917e+005  0.93931 0.97763 0.99925   0.00011 0.00019   0.999 0.939 0.994 
0.05296  1.915e+005  0.93837 0.97726 0.99922   0.00011 0.00019   0.999 0.938 0.994 
0.05395  1.913e+005  0.93742 0.97689 0.99920   0.00011 0.00020   0.999 0.937 0.994 
0.05495  1.911e+005  0.93656 0.97655 0.99917   0.00011 0.00021   0.999 0.937 0.994 
0.05595  1.9089e+005  0.93578 0.97622 0.99914   0.00011 0.00021   0.999 0.936 0.994 
0.05695  1.9069e+005  0.93523 0.97598 0.99912   0.00011 0.00022   0.999 0.935 0.994 
0.05795  1.9049e+005  0.93421 0.97558 0.99909   0.00011 0.00023   0.999 0.934 0.993 
0.05895  1.9029e+005  0.93342 0.97526 0.99906   0.00011 0.00023   0.999 0.933 0.993 
0.05995  1.9009e+005  0.93256 0.97491 0.99903   0.00011 0.00024   0.999 0.933 0.993 
0.06095  1.8988e+005  0.93193 0.97464 0.99901   0.00010 0.00025   0.999 0.932 0.993 
0.06195  1.8968e+005  0.93122 0.97434 0.99898   0.00010 0.00026   0.999 0.931 0.993 
0.06295  1.8948e+005  0.93051 0.97404 0.99895   0.00010 0.00026   0.999 0.931 0.993 
0.06394  1.8928e+005  0.92957 0.97366 0.99892   0.00010 0.00027   0.999 0.930 0.993 
0.06494  1.8908e+005  0.92910 0.97344 0.99889   0.00010 0.00028   0.999 0.929 0.992 
0.06594  1.8887e+005  0.92847 0.97317 0.99886   0.00010 0.00029   0.999 0.928 0.992 
0.06694  1.8867e+005  0.92808 0.97297 0.99883   0.00010 0.00029   0.999 0.928 0.992 
0.06794  1.8847e+005  0.92777 0.97280 0.99879   0.00010 0.00030   0.999 0.928 0.992 
0.06894  1.8827e+005  0.92667 0.97237 0.99876   0.00010 0.00031   0.999 0.927 0.992 
0.06994  1.8807e+005  0.92620 0.97214 0.99873   0.00010 0.00032   0.999 0.926 0.992 
0.07094  1.8786e+005  0.92565 0.97189 0.99869   0.00010 0.00033   0.999 0.926 0.991 
0.07194  1.8766e+005  0.92470 0.97151 0.99866   0.00010 0.00034   0.999 0.925 0.991 
0.07293  1.8746e+005  0.92392 0.97117 0.99863   0.00010 0.00034   0.999 0.924 0.991 
0.07393  1.8726e+005  0.92313 0.97084 0.99859   0.00010 0.00035   0.999 0.923 0.991 
0.07493  1.8706e+005  0.92211 0.97043 0.99855   0.00010 0.00036   0.999 0.922 0.991 
0.07593  1.8685e+005  0.92086 0.96994 0.99852   0.00010 0.00037   0.999 0.921 0.990 
0.07693  1.8665e+005  0.92023 0.96966 0.99848   0.00010 0.00038   0.998 0.920 0.990 
0.07793  1.8645e+005  0.91889 0.96914 0.99844   0.00010 0.00039   0.998 0.919 0.990 
0.07893  1.8625e+005  0.91819 0.96883 0.99841   0.00010 0.00040   0.998 0.918 0.990 
0.07993  1.8605e+005  0.91677 0.96828 0.99837   0.00010 0.00041   0.998 0.917 0.990 
0.08093  1.8584e+005  0.91599 0.96794 0.99833   0.00010 0.00042   0.998 0.916 0.990 
0.08193  1.8564e+005  0.91497 0.96753 0.99829   0.00010 0.00043   0.998 0.915 0.989 
0.08292  1.8544e+005  0.91418 0.96719 0.99825   0.00010 0.00044   0.998 0.914 0.989 
0.08392  1.8524e+005  0.91269 0.96661 0.99821   0.00010 0.00045   0.998 0.913 0.989 
0.08492  1.8504e+005  0.91167 0.96619 0.99816   0.00010 0.00046   0.998 0.912 0.989 
0.08592  1.8483e+005  0.91010 0.96559 0.99812   0.00010 0.00047   0.998 0.910 0.989 
0.08692  1.8463e+005  0.90869 0.96504 0.99808   0.00010 0.00048   0.998 0.909 0.988 
0.08792  1.8443e+005  0.90696 0.96438 0.99803   0.00010 0.00049   0.998 0.907 0.988 
0.08892  1.8423e+005  0.90547 0.96380 0.99799   0.00010 0.00050   0.998 0.905 0.988 
0.08992  1.8403e+005  0.90335 0.96302 0.99794   0.00011 0.00051   0.998 0.903 0.988 
0.09092  1.8382e+005  0.90138 0.96228 0.99790   0.00011 0.00053   0.998 0.901 0.988 
0.09192  1.8362e+005  0.89965 0.96162 0.99785   0.00011 0.00054   0.998 0.900 0.987 
0.09291  1.8342e+005  0.89714 0.96070 0.99780   0.00011 0.00055   0.998 0.897 0.987 
0.09391  1.8322e+005  0.89518 0.95996 0.99775   0.00011 0.00056   0.998 0.895 0.987 
0.09491  1.8302e+005  0.89337 0.95927 0.99770   0.00011 0.00058   0.998 0.893 0.987 
0.09591  1.8281e+005  0.89165 0.95860 0.99765   0.00011 0.00059   0.998 0.892 0.987 
0.09691  1.8261e+005  0.88992 0.95794 0.99760   0.00011 0.00060   0.998 0.890 0.986 
0.09791  1.8241e+005  0.88772 0.95712 0.99755   0.00011 0.00061   0.998 0.888 0.986 
0.09891  1.8221e+005  0.88623 0.95653 0.99749   0.00011 0.00063   0.997 0.886 0.986 
0.09991  1.8201e+005  0.88497 0.95602 0.99744   0.00011 0.00064   0.997 0.885 0.986 
0.10091  1.818e+005  0.88316 0.95532 0.99738   0.00011 0.00065   0.997 0.883 0.985 
0.10190  1.816e+005  0.88191 0.95481 0.99733   0.00011 0.00067   0.997 0.882 0.985 
0.10290  1.814e+005  0.88057 0.95427 0.99727   0.00011 0.00068   0.997 0.881 0.985 
0.10390  1.812e+005  0.87900 0.95365 0.99721   0.00012 0.00070   0.997 0.879 0.985 
0.10490  1.81e+005   0.87735 0.95301 0.99716   0.00012 0.00071   0.997 0.877 0.985 
0.10590  1.8079e+005  0.87578 0.95238 0.99710   0.00012 0.00073   0.997 0.876 0.984 
0.10690  1.8059e+005  0.87413 0.95174 0.99704   0.00012 0.00074   0.997 0.874 0.984 
0.10790  1.8039e+005  0.87288 0.95122 0.99698   0.00012 0.00076   0.997 0.873 0.984 
0.10890  1.8019e+005  0.87099 0.95049 0.99691   0.00012 0.00077   0.997 0.871 0.984 
0.10990  1.7999e+005  0.86903 0.94973 0.99685   0.00012 0.00079   0.997 0.869 0.983 
0.11090  1.7978e+005  0.86699 0.94895 0.99679   0.00012 0.00080   0.997 0.867 0.983 
0.11189  1.7958e+005  0.86479 0.94811 0.99672   0.00012 0.00082   0.997 0.865 0.983 
0.11289  1.7938e+005  0.86291 0.94738 0.99665   0.00012 0.00084   0.997 0.863 0.983 
0.11389  1.7918e+005  0.86055 0.94649 0.99659   0.00012 0.00085   0.997 0.861 0.982 
0.11489  1.7898e+005  0.85866 0.94576 0.99652   0.00012 0.00087   0.997 0.859 0.982 
0.11589  1.7877e+005  0.85592 0.94473 0.99645   0.00012 0.00089   0.996 0.856 0.982 
0.11689  1.7857e+005  0.85372 0.94389 0.99638   0.00013 0.00091   0.996 0.854 0.982 
0.11789  1.7837e+005  0.85097 0.94287 0.99631   0.00013 0.00092   0.996 0.851 0.981 
0.11889  1.7817e+005  0.84901 0.94210 0.99624   0.00013 0.00094   0.996 0.849 0.981 
0.11989  1.7797e+005  0.84594 0.94097 0.99616   0.00013 0.00096   0.996 0.846 0.981 
0.12089  1.7776e+005  0.84390 0.94018 0.99609   0.00013 0.00098   0.996 0.844 0.981 
0.12188  1.7756e+005  0.84029 0.93886 0.99601   0.00013 0.00100   0.996 0.840 0.980 
0.12288  1.7736e+005  0.83841 0.93812 0.99594   0.00013 0.00102   0.996 0.838 0.980 
0.12388  1.7716e+005  0.83456 0.93672 0.99586   0.00013 0.00104   0.996 0.835 0.980 
0.12488  1.7696e+005  0.83212 0.93580 0.99578   0.00014 0.00106   0.996 0.832 0.979 
0.12588  1.7675e+005  0.82851 0.93448 0.99570   0.00014 0.00108   0.996 0.829 0.979 
0.12688  1.7655e+005  0.82592 0.93349 0.99562   0.00014 0.00110   0.996 0.826 0.979 
0.12788  1.7635e+005  0.82207 0.93210 0.99554   0.00014 0.00112   0.996 0.822 0.979 
0.12888  1.7615e+005  0.81972 0.93119 0.99546   0.00014 0.00114   0.995 0.820 0.978 
0.12988  1.7595e+005  0.81650 0.93000 0.99537   0.00014 0.00116   0.995 0.816 0.978 
0.13088  1.7574e+005  0.81257 0.92857 0.99529   0.00014 0.00118   0.995 0.813 0.978 
0.13187  1.7554e+005  0.80959 0.92745 0.99520   0.00015 0.00120   0.995 0.810 0.978 
0.13287  1.7534e+005  0.80629 0.92623 0.99511   0.00015 0.00122   0.995 0.806 0.977 
0.13387  1.7514e+005  0.80228 0.92477 0.99502   0.00015 0.00125   0.995 0.802 0.977 
0.13487  1.7494e+005  0.79930 0.92365 0.99493   0.00015 0.00127   0.995 0.799 0.977 
0.13587  1.7473e+005  0.79530 0.92219 0.99484   0.00015 0.00129   0.995 0.795 0.976 
0.13687  1.7453e+005  0.79255 0.92114 0.99475   0.00015 0.00132   0.995 0.793 0.976 
0.13787  1.7433e+005  0.78870 0.91973 0.99465   0.00016 0.00134   0.995 0.789 0.976 
0.13887  1.7413e+005  0.78532 0.91848 0.99456   0.00016 0.00136   0.995 0.785 0.976 
0.13987  1.7393e+005  0.78155 0.91709 0.99446   0.00016 0.00139   0.994 0.782 0.975 
0.14086  1.7372e+005  0.77763 0.91565 0.99436   0.00016 0.00141   0.994 0.778 0.975 
0.14186  1.7352e+005  0.77457 0.91449 0.99426   0.00016 0.00144   0.994 0.775 0.975 
0.14286  1.7332e+005  0.77087 0.91313 0.99416   0.00016 0.00146   0.994 0.771 0.974 
0.14386  1.7312e+005  0.76726 0.91178 0.99406   0.00017 0.00149   0.994 0.767 0.974 
0.14486  1.7292e+005  0.76341 0.91036 0.99396   0.00017 0.00151   0.994 0.763 0.974 
0.14586  1.7271e+005  0.76027 0.90918 0.99386   0.00017 0.00154   0.994 0.760 0.973 
0.14686  1.7251e+005  0.75713 0.90799 0.99375   0.00017 0.00157   0.994 0.757 0.973 
0.14786  1.7231e+005  0.75399 0.90680 0.99364   0.00017 0.00159   0.994 0.754 0.973 
0.14886  1.7211e+005  0.75148 0.90582 0.99354   0.00017 0.00162   0.994 0.751 0.972 
0.14986  1.7191e+005  0.74904 0.90487 0.99343   0.00017 0.00165   0.993 0.749 0.972 
0.15085  1.717e+005  0.74677 0.90396 0.99332   0.00017 0.00167   0.993 0.747 0.972 
0.15185  1.715e+005  0.74504 0.90324 0.99321   0.00017 0.00170   0.993 0.745 0.971 
0.15285  1.713e+005  0.74276 0.90233 0.99310   0.00017 0.00173   0.993 0.743 0.971 
0.15385  1.711e+005  0.74072 0.90150 0.99298   0.00018 0.00176   0.993 0.741 0.971 
0.15485  1.709e+005  0.73868 0.90067 0.99287   0.00018 0.00179   0.993 0.739 0.970 
0.15585  1.7069e+005  0.73695 0.89995 0.99275   0.00018 0.00182   0.993 0.737 0.970 
0.15685  1.7049e+005  0.73413 0.89885 0.99263   0.00018 0.00185   0.993 0.734 0.970 
0.15785  1.7029e+005  0.73232 0.89810 0.99252   0.00018 0.00188   0.993 0.732 0.969 
0.15885  1.7009e+005  0.73036 0.89729 0.99240   0.00018 0.00191   0.992 0.730 0.969 
0.15985  1.6989e+005  0.72824 0.89642 0.99227   0.00018 0.00194   0.992 0.728 0.969 
0.16084  1.6968e+005  0.72596 0.89551 0.99215   0.00018 0.00197   0.992 0.726 0.968 
0.16184  1.6948e+005  0.72462 0.89490 0.99203   0.00018 0.00200   0.992 0.725 0.968 
0.16284  1.6928e+005  0.72266 0.89409 0.99190   0.00018 0.00203   0.992 0.723 0.968 
0.16384  1.6908e+005  0.72078 0.89330 0.99178   0.00018 0.00206   0.992 0.721 0.967 
0.16484  1.6888e+005  0.71889 0.89250 0.99165   0.00018 0.00209   0.992 0.719 0.967 
0.16584  1.6867e+005  0.71732 0.89181 0.99152   0.00018 0.00213   0.992 0.717 0.967 
0.16684  1.6847e+005  0.71567 0.89109 0.99139   0.00018 0.00216   0.991 0.716 0.966 
0.16784  1.6827e+005  0.71410 0.89041 0.99126   0.00018 0.00219   0.991 0.714 0.966 
0.16884  1.6807e+005  0.71253 0.88971 0.99113   0.00018 0.00223   0.991 0.713 0.965 
0.16984  1.6787e+005  0.71143 0.88917 0.99099   0.00018 0.00226   0.991 0.711 0.965 
0.17083  1.6766e+005  0.71010 0.88855 0.99086   0.00018 0.00229   0.991 0.710 0.965 
0.17183  1.6746e+005  0.70860 0.88788 0.99072   0.00018 0.00233   0.991 0.709 0.964 
0.17283  1.6726e+005  0.70766 0.88739 0.99059   0.00018 0.00236   0.991 0.708 0.964 
0.17383  1.6706e+005  0.70586 0.88661 0.99045   0.00018 0.00240   0.990 0.706 0.964 
0.17483  1.6686e+005  0.70484 0.88609 0.99031   0.00018 0.00243   0.990 0.705 0.963 
0.17583  1.6665e+005  0.70342 0.88544 0.99017   0.00018 0.00247   0.990 0.703 0.963 
0.17683  1.6645e+005  0.70217 0.88484 0.99002   0.00018 0.00250   0.990 0.702 0.962 
0.17783  1.6625e+005  0.70067 0.88416 0.98988   0.00018 0.00254   0.990 0.701 0.962 
0.17883  1.6605e+005  0.69926 0.88350 0.98974   0.00018 0.00258   0.990 0.699 0.962 
0.17982  1.6585e+005  0.69777 0.88282 0.98959   0.00018 0.00261   0.990 0.698 0.961 
0.18082  1.6564e+005  0.69683 0.88232 0.98944   0.00018 0.00265   0.989 0.697 0.961 
0.18182  1.6544e+005  0.69596 0.88184 0.98930   0.00018 0.00269   0.989 0.696 0.960 
0.18282  1.6524e+005  0.69463 0.88120 0.98915   0.00018 0.00272   0.989 0.695 0.960 
0.18382  1.6504e+005  0.69369 0.88070 0.98900   0.00018 0.00276   0.989 0.694 0.959 
0.18482  1.6484e+005  0.69266 0.88017 0.98885   0.00018 0.00280   0.989 0.693 0.959 
0.18582  1.6463e+005  0.69172 0.87966 0.98869   0.00018 0.00284   0.989 0.692 0.959 
0.18682  1.6443e+005  0.69070 0.87912 0.98854   0.00018 0.00288   0.989 0.691 0.958 
0.18782  1.6423e+005  0.68984 0.87864 0.98839   0.00018 0.00292   0.988 0.690 0.958 
0.18882  1.6403e+005  0.68890 0.87813 0.98823   0.00018 0.00296   0.988 0.689 0.957 
0.18981  1.6383e+005  0.68803 0.87764 0.98807   0.00018 0.00300   0.988 0.688 0.957 
0.19081  1.6362e+005  0.68748 0.87726 0.98791   0.00018 0.00304   0.988 0.687 0.956 
0.19181  1.6342e+005  0.68607 0.87658 0.98776   0.00018 0.00308   0.988 0.686 0.956 
0.19281  1.6322e+005  0.68513 0.87606 0.98760   0.00018 0.00312   0.988 0.685 0.955 
0.19381  1.6302e+005  0.68450 0.87564 0.98743   0.00018 0.00316   0.987 0.684 0.955 
0.19481  1.6282e+005  0.68340 0.87507 0.98727   0.00018 0.00320   0.987 0.683 0.955 
0.19581  1.6261e+005  0.68238 0.87453 0.98711   0.00018 0.00324   0.987 0.682 0.954 
0.19681  1.6241e+005  0.68183 0.87414 0.98695   0.00018 0.00328   0.987 0.682 0.954 
0.19781  1.6221e+005  0.68112 0.87369 0.98678   0.00018 0.00332   0.987 0.681 0.953 
0.19881  1.6201e+005  0.67986 0.87307 0.98662   0.00018 0.00336   0.987 0.680 0.953 
0.19980  1.6181e+005  0.67900 0.87257 0.98645   0.00018 0.00341   0.986 0.679 0.952 
0.20080  1.616e+005  0.67806 0.87205 0.98628   0.00018 0.00345   0.986 0.678 0.952 
0.20180  1.614e+005  0.67680 0.87142 0.98611   0.00018 0.00349   0.986 0.677 0.951 
0.20280  1.612e+005  0.67610 0.87098 0.98594   0.00018 0.00353   0.986 0.676 0.951 
0.20380  1.61e+005   0.67523 0.87048 0.98577   0.00018 0.00358   0.986 0.675 0.950 
0.20480  1.608e+005  0.67413 0.86990 0.98559   0.00018 0.00362   0.986 0.674 0.950 
0.20580  1.6059e+005  0.67350 0.86948 0.98542   0.00018 0.00367   0.985 0.674 0.950 
0.20680  1.6039e+005  0.67264 0.86897 0.98524   0.00018 0.00371   0.985 0.673 0.949 
0.20780  1.6019e+005  0.67217 0.86860 0.98507   0.00018 0.00375   0.985 0.672 0.949 
0.20879  1.5999e+005  0.67138 0.86813 0.98489   0.00018 0.00380   0.985 0.671 0.948 
0.20979  1.5979e+005  0.67044 0.86759 0.98471   0.00018 0.00384   0.985 0.670 0.948 
0.21079  1.5958e+005  0.66989 0.86719 0.98453   0.00018 0.00389   0.985 0.670 0.947 
0.21179  1.5938e+005  0.66942 0.86682 0.98435   0.00018 0.00394   0.984 0.669 0.947 
0.21279  1.5918e+005  0.66864 0.86634 0.98417   0.00018 0.00398   0.984 0.669 0.946 
0.21379  1.5898e+005  0.66816 0.86596 0.98398   0.00018 0.00403   0.984 0.668 0.946 
0.21479  1.5878e+005  0.66754 0.86553 0.98380   0.00018 0.00408   0.984 0.668 0.945 
0.21579  1.5857e+005  0.66636 0.86492 0.98361   0.00018 0.00412   0.984 0.666 0.945 
0.21679  1.5837e+005  0.66510 0.86428 0.98342   0.00018 0.00417   0.983 0.665 0.944 
0.21779  1.5817e+005  0.66385 0.86363 0.98323   0.00018 0.00422   0.983 0.664 0.944 
0.21878  1.5797e+005  0.66188 0.86275 0.98304   0.00018 0.00427   0.983 0.662 0.943 
0.21978  1.5777e+005  0.66047 0.86206 0.98285   0.00018 0.00432   0.983 0.660 0.943 
0.22078  1.5756e+005  0.65937 0.86146 0.98265   0.00018 0.00436   0.983 0.659 0.942 
0.22178  1.5736e+005  0.65858 0.86097 0.98246   0.00018 0.00441   0.982 0.659 0.942 
0.22278  1.5716e+005  0.65756 0.86041 0.98226   0.00018 0.00446   0.982 0.658 0.941 
0.22378  1.5696e+005  0.65709 0.86003 0.98207   0.00018 0.00451   0.982 0.657 0.941 
0.22478  1.5676e+005  0.65670 0.85967 0.98187   0.00018 0.00456   0.982 0.657 0.940 
0.22578  1.5655e+005  0.65639 0.85935 0.98166   0.00018 0.00462   0.982 0.656 0.940 
0.22678  1.5635e+005  0.65544 0.85881 0.98146   0.00018 0.00467   0.981 0.655 0.940 
0.22778  1.5615e+005  0.65489 0.85839 0.98125   0.00018 0.00472   0.981 0.655 0.939 
0.22877  1.5595e+005  0.65434 0.85798 0.98105   0.00018 0.00477   0.981 0.654 0.939 
0.22977  1.5575e+005  0.65372 0.85754 0.98084   0.00018 0.00483   0.981 0.654 0.938 
0.23077  1.5554e+005  0.65293 0.85705 0.98062   0.00018 0.00488   0.981 0.653 0.938 
0.23177  1.5534e+005  0.65207 0.85652 0.98041   0.00018 0.00493   0.980 0.652 0.937 
0.23277  1.5514e+005  0.65105 0.85595 0.98019   0.00018 0.00499   0.980 0.651 0.937 
0.23377  1.5494e+005  0.65065 0.85558 0.97998   0.00017 0.00504   0.980 0.651 0.936 
0.23477  1.5474e+005  0.64955 0.85498 0.97975   0.00017 0.00510   0.980 0.650 0.936 
0.23577  1.5453e+005  0.64838 0.85434 0.97953   0.00018 0.00516   0.980 0.648 0.935 
0.23677  1.5433e+005  0.64759 0.85384 0.97931   0.00017 0.00521   0.979 0.648 0.935 
0.23777  1.5413e+005  0.64688 0.85336 0.97908   0.00017 0.00527   0.979 0.647 0.934 
0.23876  1.5393e+005  0.64547 0.85265 0.97885   0.00018 0.00533   0.979 0.645 0.934 
0.23976  1.5373e+005  0.64414 0.85196 0.97862   0.00018 0.00539   0.979 0.644 0.933 
0.24076  1.5352e+005  0.64335 0.85144 0.97839   0.00018 0.00545   0.978 0.643 0.933 
0.24176  1.5332e+005  0.64186 0.85070 0.97816   0.00018 0.00551   0.978 0.642 0.932 
0.24276  1.5312e+005  0.64045 0.84998 0.97792   0.00018 0.00557   0.978 0.640 0.932 
0.24376  1.5292e+005  0.63958 0.84944 0.97768   0.00018 0.00563   0.978 0.640 0.931 
0.24476  1.5272e+005  0.63785 0.84861 0.97744   0.00018 0.00569   0.977 0.638 0.931 
0.24576  1.5251e+005  0.63660 0.84793 0.97720   0.00018 0.00575   0.977 0.637 0.930 
0.24676  1.5231e+005  0.63534 0.84726 0.97695   0.00018 0.00581   0.977 0.635 0.929 
0.24775  1.5211e+005  0.63424 0.84663 0.97671   0.00018 0.00587   0.977 0.634 0.929 
0.24875  1.5191e+005  0.63267 0.84585 0.97646   0.00018 0.00594   0.976 0.633 0.928 
0.24975  1.5171e+005  0.63118 0.84509 0.97621   0.00018 0.00600   0.976 0.631 0.928 
0.25075  1.515e+005  0.63008 0.84446 0.97595   0.00018 0.00607   0.976 0.630 0.927 
0.25175  1.513e+005  0.62843 0.84365 0.97570   0.00018 0.00613   0.976 0.628 0.927 
0.25275  1.511e+005  0.62725 0.84299 0.97544   0.00018 0.00620   0.975 0.627 0.926 
0.25375  1.509e+005  0.62592 0.84227 0.97518   0.00018 0.00626   0.975 0.626 0.926 
0.25475  1.507e+005  0.62458 0.84156 0.97492   0.00018 0.00633   0.975 0.625 0.925 
0.25575  1.5049e+005  0.62333 0.84087 0.97466   0.00018 0.00640   0.975 0.623 0.925 
0.25675  1.5029e+005  0.62191 0.84013 0.97439   0.00018 0.00646   0.974 0.622 0.924 
0.25774  1.5009e+005  0.62050 0.83938 0.97413   0.00018 0.00653   0.974 0.621 0.924 
0.25874  1.4989e+005  0.61854 0.83845 0.97386   0.00018 0.00660   0.974 0.619 0.923 
0.25974  1.4969e+005  0.61689 0.83763 0.97359   0.00018 0.00667   0.974 0.617 0.922 
0.26074  1.4948e+005  0.61547 0.83688 0.97331   0.00018 0.00674   0.973 0.615 0.922 
0.26174  1.4928e+005  0.61438 0.83623 0.97304   0.00018 0.00681   0.973 0.614 0.921 
0.26274  1.4908e+005  0.61241 0.83530 0.97276   0.00018 0.00688   0.973 0.612 0.921 
0.26374  1.4888e+005  0.61045 0.83436 0.97248   0.00018 0.00695   0.972 0.610 0.920 
0.26474  1.4868e+005  0.60864 0.83347 0.97220   0.00018 0.00702   0.972 0.609 0.920 
0.26574  1.4847e+005  0.60762 0.83285 0.97192   0.00018 0.00710   0.972 0.608 0.919 
0.26674  1.4827e+005  0.60629 0.83211 0.97163   0.00018 0.00717   0.972 0.606 0.918 
0.26773  1.4807e+005  0.60456 0.83125 0.97134   0.00018 0.00724   0.971 0.605 0.918 
0.26873  1.4787e+005  0.60260 0.83031 0.97105   0.00018 0.00732   0.971 0.603 0.917 
0.26973  1.4767e+005  0.60134 0.82960 0.97076   0.00018 0.00739   0.971 0.601 0.917 
0.27073  1.4746e+005  0.60024 0.82894 0.97047   0.00018 0.00747   0.970 0.600 0.916 
0.27173  1.4726e+005  0.59891 0.82820 0.97017   0.00018 0.00754   0.970 0.599 0.916 
0.27273  1.4706e+005  0.59686 0.82722 0.96987   0.00018 0.00762   0.970 0.597 0.915 
0.27373  1.4686e+005  0.59577 0.82656 0.96957   0.00018 0.00770   0.970 0.596 0.914 
0.27473  1.4666e+005  0.59419 0.82573 0.96927   0.00018 0.00777   0.969 0.594 0.914 
0.27573  1.4645e+005  0.59294 0.82502 0.96896   0.00018 0.00785   0.969 0.593 0.913 
0.27672  1.4625e+005  0.59121 0.82414 0.96866   0.00018 0.00793   0.969 0.591 0.913 
0.27772  1.4605e+005  0.58980 0.82336 0.96835   0.00018 0.00801   0.968 0.590 0.912 
0.27872  1.4585e+005  0.58823 0.82254 0.96804   0.00018 0.00809   0.968 0.588 0.911 
0.27972  1.4565e+005  0.58666 0.82171 0.96772   0.00019 0.00817   0.968 0.587 0.911 
0.28072  1.4544e+005  0.58548 0.82101 0.96741   0.00019 0.00825   0.967 0.585 0.910 
0.28172  1.4524e+005  0.58352 0.82004 0.96709   0.00019 0.00833   0.967 0.584 0.910 
0.28272  1.4504e+005  0.58187 0.81918 0.96677   0.00019 0.00841   0.967 0.582 0.909 
0.28372  1.4484e+005  0.58030 0.81835 0.96645   0.00019 0.00850   0.966 0.580 0.908 
0.28472  1.4464e+005  0.57880 0.81754 0.96612   0.00019 0.00858   0.966 0.579 0.908 
0.28572  1.4443e+005  0.57661 0.81649 0.96580   0.00019 0.00866   0.966 0.577 0.907 
0.28671  1.4423e+005  0.57456 0.81549 0.96547   0.00019 0.00875   0.965 0.575 0.906 
0.28771  1.4403e+005  0.57346 0.81481 0.96514   0.00019 0.00883   0.965 0.573 0.906 
0.28871  1.4383e+005  0.57095 0.81365 0.96480   0.00019 0.00892   0.965 0.571 0.905 
0.28971  1.4363e+005  0.56915 0.81273 0.96447   0.00019 0.00900   0.964 0.569 0.905 
0.29071  1.4342e+005  0.56703 0.81170 0.96413   0.00019 0.00909   0.964 0.567 0.904 
0.29171  1.4322e+005  0.56530 0.81080 0.96379   0.00019 0.00918   0.964 0.565 0.903 
0.29271  1.4302e+005  0.56302 0.80971 0.96345   0.00019 0.00927   0.963 0.563 0.903 
0.29371  1.4282e+005  0.56090 0.80868 0.96310   0.00019 0.00935   0.963 0.561 0.902 
0.29471  1.4262e+005  0.55917 0.80777 0.96276   0.00019 0.00944   0.963 0.559 0.901 
0.29571  1.4241e+005  0.55737 0.80684 0.96241   0.00019 0.00953   0.962 0.557 0.901 
0.29670  1.4221e+005  0.55532 0.80583 0.96206   0.00019 0.00962   0.962 0.555 0.900 
0.29770  1.4201e+005  0.55352 0.80489 0.96170   0.00019 0.00971   0.962 0.554 0.899 
0.29870  1.4181e+005  0.55171 0.80395 0.96135   0.00019 0.00981   0.961 0.552 0.899 
0.29970  1.4161e+005  0.54936 0.80283 0.96099   0.00019 0.00990   0.961 0.549 0.898 
0.30070  1.414e+005  0.54771 0.80194 0.96063   0.00019 0.00999   0.961 0.548 0.897 
0.30170  1.412e+005  0.54622 0.80111 0.96027   0.00019 0.01008   0.960 0.546 0.897 
0.30270  1.41e+005   0.54370 0.79993 0.95990   0.00020 0.01018   0.960 0.544 0.896 
0.30370  1.408e+005  0.54150 0.79885 0.95954   0.00020 0.01027   0.960 0.542 0.896 
0.30470  1.406e+005  0.54056 0.79819 0.95917   0.00020 0.01037   0.959 0.541 0.895 
0.30570  1.4039e+005  0.53876 0.79724 0.95880   0.00020 0.01046   0.959 0.539 0.894 
0.30669  1.4019e+005  0.53671 0.79621 0.95842   0.00020 0.01056   0.958 0.537 0.894 
0.30769  1.3999e+005  0.53499 0.79529 0.95805   0.00020 0.01066   0.958 0.535 0.893 
0.30869  1.3979e+005  0.53295 0.79426 0.95767   0.00020 0.01076   0.958 0.533 0.892 
0.30969  1.3959e+005  0.53153 0.79344 0.95729   0.00020 0.01085   0.957 0.532 0.891 
0.31069  1.3938e+005  0.52996 0.79256 0.95690   0.00020 0.01095   0.957 0.530 0.891 
0.31169  1.3918e+005  0.52863 0.79176 0.95652   0.00020 0.01105   0.957 0.529 0.890 
0.31269  1.3898e+005  0.52706 0.79088 0.95613   0.00020 0.01115   0.956 0.527 0.889 
0.31369  1.3878e+005  0.52525 0.78992 0.95574   0.00020 0.01125   0.956 0.525 0.889 
0.31469  1.3858e+005  0.52431 0.78924 0.95535   0.00020 0.01135   0.955 0.524 0.888 
0.31568  1.3837e+005  0.52313 0.78849 0.95496   0.00020 0.01146   0.955 0.523 0.887 
0.31668  1.3817e+005  0.52164 0.78763 0.95456   0.00020 0.01156   0.955 0.522 0.887 
0.31768  1.3797e+005  0.52022 0.78679 0.95416   0.00020 0.01166   0.954 0.520 0.886 
0.31868  1.3777e+005  0.51842 0.78582 0.95376   0.00020 0.01177   0.954 0.518 0.885 
0.31968  1.3757e+005  0.51701 0.78499 0.95336   0.00020 0.01187   0.953 0.517 0.885 
0.32068  1.3736e+005  0.51583 0.78422 0.95295   0.00020 0.01198   0.953 0.516 0.884 
0.32168  1.3716e+005  0.51488 0.78354 0.95254   0.00020 0.01208   0.953 0.515 0.883 
0.32268  1.3696e+005  0.51339 0.78267 0.95213   0.00020 0.01219   0.952 0.513 0.882 
0.32368  1.3676e+005  0.51182 0.78177 0.95172   0.00020 0.01229   0.952 0.512 0.882 
0.32468  1.3656e+005  0.51096 0.78111 0.95131   0.00020 0.01240   0.951 0.511 0.881 
0.32567  1.3635e+005  0.50931 0.78019 0.95089   0.00020 0.01251   0.951 0.509 0.880 
0.32667  1.3615e+005  0.50845 0.77952 0.95047   0.00020 0.01262   0.950 0.508 0.880 
0.32767  1.3595e+005  0.50735 0.77877 0.95005   0.00020 0.01273   0.950 0.507 0.879 
0.32867  1.3575e+005  0.50585 0.77789 0.94963   0.00020 0.01284   0.950 0.506 0.878 
0.32967  1.3555e+005  0.50499 0.77723 0.94920   0.00020 0.01295   0.949 0.505 0.877 
0.33067  1.3534e+005  0.50397 0.77650 0.94878   0.00020 0.01306   0.949 0.504 0.877 
0.33167  1.3514e+005  0.50216 0.77551 0.94835   0.00020 0.01317   0.948 0.502 0.876 
0.33267  1.3494e+005  0.50091 0.77471 0.94791   0.00020 0.01328   0.948 0.501 0.875 
0.33367  1.3474e+005  0.49981 0.77395 0.94748   0.00020 0.01340   0.947 0.500 0.875 
0.33467  1.3454e+005  0.49863 0.77317 0.94704   0.00020 0.01351   0.947 0.499 0.874 
0.33566  1.3433e+005  0.49730 0.77233 0.94661   0.00020 0.01362   0.947 0.497 0.873 
0.33666  1.3413e+005  0.49604 0.77152 0.94617   0.00021 0.01374   0.946 0.496 0.872 
0.33766  1.3393e+005  0.49439 0.77058 0.94572   0.00021 0.01385   0.946 0.494 0.872 
0.33866  1.3373e+005  0.49321 0.76979 0.94528   0.00021 0.01397   0.945 0.493 0.871 
0.33966  1.3353e+005  0.49219 0.76905 0.94483   0.00021 0.01409   0.945 0.492 0.870 
0.34066  1.3332e+005  0.49086 0.76821 0.94438   0.00021 0.01420   0.944 0.491 0.869 
0.34166  1.3312e+005  0.48999 0.76753 0.94393   0.00021 0.01432   0.944 0.490 0.869 
0.34266  1.3292e+005  0.48897 0.76678 0.94348   0.00021 0.01444   0.943 0.489 0.868 
0.34366  1.3272e+005  0.48724 0.76581 0.94302   0.00021 0.01456   0.943 0.487 0.867 
0.34466  1.3252e+005  0.48654 0.76517 0.94256   0.00021 0.01468   0.943 0.487 0.866 
0.34565  1.3231e+005  0.48489 0.76422 0.94211   0.00021 0.01480   0.942 0.485 0.866 
0.34665  1.3211e+005  0.48387 0.76347 0.94165   0.00021 0.01492   0.942 0.484 0.865 
0.34765  1.3191e+005  0.48269 0.76267 0.94118   0.00021 0.01504   0.941 0.483 0.864 
0.34865  1.3171e+005  0.48159 0.76189 0.94071   0.00021 0.01516   0.941 0.482 0.863 
0.34965  1.3151e+005  0.48010 0.76099 0.94025   0.00021 0.01529   0.940 0.480 0.863 
0.35065  1.313e+005  0.47900 0.76021 0.93978   0.00021 0.01541   0.940 0.479 0.862 
0.35165  1.311e+005  0.47774 0.75938 0.93930   0.00021 0.01553   0.939 0.478 0.861 
0.35265  1.309e+005  0.47680 0.75865 0.93883   0.00021 0.01566   0.939 0.477 0.860 
0.35365  1.307e+005  0.47554 0.75781 0.93835   0.00021 0.01578   0.938 0.476 0.860 
0.35464  1.305e+005  0.47492 0.75719 0.93787   0.00021 0.01591   0.938 0.475 0.859 
0.35564  1.3029e+005  0.47342 0.75627 0.93739   0.00021 0.01603   0.937 0.473 0.858 
0.35664  1.3009e+005  0.47217 0.75543 0.93690   0.00021 0.01616   0.937 0.472 0.857 
0.35764  1.2989e+005  0.47028 0.75438 0.93642   0.00021 0.01629   0.936 0.470 0.856 
0.35864  1.2969e+005  0.46911 0.75356 0.93593   0.00021 0.01642   0.936 0.469 0.856 
0.35964  1.2949e+005  0.46816 0.75282 0.93544   0.00021 0.01655   0.935 0.468 0.855 
0.36064  1.2928e+005  0.46738 0.75214 0.93495   0.00021 0.01668   0.935 0.467 0.854 
0.36164  1.2908e+005  0.46557 0.75111 0.93445   0.00021 0.01681   0.934 0.466 0.853 
0.36264  1.2888e+005  0.46392 0.75013 0.93395   0.00021 0.01694   0.934 0.464 0.853 
0.36364  1.2868e+005  0.46282 0.74934 0.93346   0.00021 0.01707   0.933 0.463 0.852 
0.36463  1.2848e+005  0.46212 0.74867 0.93295   0.00021 0.01720   0.933 0.462 0.851 
0.36563  1.2827e+005  0.46078 0.74779 0.93245   0.00021 0.01733   0.932 0.461 0.850 
0.36663  1.2807e+005  0.45953 0.74694 0.93194   0.00021 0.01747   0.932 0.460 0.849 
0.36763  1.2787e+005  0.45803 0.74601 0.93144   0.00021 0.01760   0.931 0.458 0.849 
0.36863  1.2767e+005  0.45709 0.74526 0.93093   0.00021 0.01773   0.931 0.457 0.848 
0.36963  1.2747e+005  0.45623 0.74453 0.93042   0.00021 0.01787   0.930 0.456 0.847 
0.37063  1.2726e+005  0.45552 0.74385 0.92990   0.00021 0.01800   0.930 0.456 0.846 
0.37163  1.2706e+005  0.45411 0.74294 0.92939   0.00021 0.01814   0.929 0.454 0.845 
0.37263  1.2686e+005  0.45301 0.74213 0.92887   0.00021 0.01828   0.929 0.453 0.845 
0.37363  1.2666e+005  0.45222 0.74143 0.92835   0.00021 0.01842   0.928 0.452 0.844 
0.37462  1.2646e+005  0.45128 0.74067 0.92783   0.00021 0.01855   0.928 0.451 0.843 
0.37562  1.2625e+005  0.44995 0.73978 0.92730   0.00021 0.01869   0.927 0.450 0.842 
0.37662  1.2605e+005  0.44822 0.73875 0.92678   0.00021 0.01883   0.927 0.448 0.841 
0.37762  1.2585e+005  0.44680 0.73784 0.92625   0.00021 0.01897   0.926 0.447 0.840 
0.37862  1.2565e+005  0.44586 0.73707 0.92572   0.00021 0.01911   0.926 0.446 0.840 
0.37962  1.2545e+005  0.44516 0.73639 0.92519   0.00021 0.01925   0.925 0.445 0.839 
0.38062  1.2524e+005  0.44398 0.73554 0.92466   0.00021 0.01939   0.925 0.444 0.838 
0.38162  1.2504e+005  0.44319 0.73483 0.92412   0.00022 0.01953   0.924 0.443 0.837 
0.38262  1.2484e+005  0.44225 0.73406 0.92359   0.00022 0.01968   0.924 0.442 0.836 
0.38361  1.2464e+005  0.44178 0.73345 0.92305   0.00022 0.01982   0.923 0.442 0.836 
0.38461  1.2444e+005  0.44091 0.73270 0.92251   0.00022 0.01996   0.923 0.441 0.835 
0.38561  1.2423e+005  0.44037 0.73206 0.92196   0.00022 0.02011   0.922 0.440 0.834 
0.38661  1.2403e+005  0.43958 0.73134 0.92142   0.00022 0.02025   0.921 0.440 0.833 
0.38761  1.2383e+005  0.43879 0.73062 0.92087   0.00022 0.02040   0.921 0.439 0.832 
0.38861  1.2363e+005  0.43824 0.72998 0.92033   0.00022 0.02054   0.920 0.438 0.831 
0.38961  1.2343e+005  0.43746 0.72925 0.91978   0.00022 0.02069   0.920 0.437 0.831 
0.39061  1.2322e+005  0.43722 0.72871 0.91923   0.00022 0.02084   0.919 0.437 0.830 
0.39161  1.2302e+005  0.43644 0.72798 0.91867   0.00022 0.02098   0.919 0.436 0.829 
0.39261  1.2282e+005  0.43605 0.72739 0.91812   0.00022 0.02113   0.918 0.436 0.828 
0.39360  1.2262e+005  0.43542 0.72671 0.91756   0.00022 0.02128   0.918 0.435 0.827 
0.39460  1.2242e+005  0.43479 0.72603 0.91700   0.00022 0.02143   0.917 0.435 0.826 
0.39560  1.2221e+005  0.43385 0.72525 0.91644   0.00022 0.02158   0.916 0.434 0.825 
0.39660  1.2201e+005  0.43298 0.72449 0.91588   0.00022 0.02173   0.916 0.433 0.825 
0.39760  1.2181e+005  0.43267 0.72392 0.91531   0.00022 0.02188   0.915 0.433 0.824 
0.39860  1.2161e+005  0.43212 0.72326 0.91475   0.00022 0.02203   0.915 0.432 0.823 
0.39960  1.2141e+005  0.43149 0.72258 0.91418   0.00022 0.02218   0.914 0.431 0.822 
0.40060  1.212e+005  0.43102 0.72195 0.91361   0.00022 0.02234   0.914 0.431 0.821 
0.40160  1.21e+005   0.43039 0.72126 0.91304   0.00022 0.02249   0.913 0.430 0.820 
0.40260  1.208e+005  0.42969 0.72055 0.91246   0.00022 0.02264   0.912 0.430 0.819 
0.40359  1.206e+005  0.42843 0.71965 0.91189   0.00022 0.02280   0.912 0.428 0.819 
0.40459  1.204e+005  0.42772 0.71894 0.91131   0.00022 0.02295   0.911 0.428 0.818 
0.40559  1.2019e+005  0.42702 0.71822 0.91074   0.00022 0.02310   0.911 0.427 0.817 
0.40659  1.1999e+005  0.42623 0.71748 0.91016   0.00022 0.02326   0.910 0.426 0.816 
0.40759  1.1979e+005  0.42576 0.71684 0.90957   0.00022 0.02342   0.910 0.426 0.815 
0.40859  1.1959e+005  0.42505 0.71612 0.90899   0.00022 0.02357   0.909 0.425 0.814 
0.40959  1.1939e+005  0.42442 0.71543 0.90841   0.00022 0.02373   0.908 0.424 0.813 
0.41059  1.1918e+005  0.42348 0.71463 0.90782   0.00022 0.02389   0.908 0.423 0.813 
0.41159  1.1898e+005  0.42301 0.71399 0.90723   0.00022 0.02405   0.907 0.423 0.812 
0.41259  1.1878e+005  0.42199 0.71316 0.90664   0.00022 0.02420   0.907 0.422 0.811 
0.41358  1.1858e+005  0.42152 0.71252 0.90605   0.00022 0.02436   0.906 0.422 0.810 
0.41458  1.1838e+005  0.42026 0.71161 0.90546   0.00022 0.02452   0.905 0.420 0.809 
0.41558  1.1817e+005  0.41963 0.71091 0.90486   0.00022 0.02468   0.905 0.420 0.808 
0.41658  1.1797e+005  0.41916 0.71026 0.90427   0.00022 0.02484   0.904 0.419 0.807 
0.41758  1.1777e+005  0.41830 0.70948 0.90367   0.00022 0.02501   0.904 0.418 0.806 
0.41858  1.1757e+005  0.41791 0.70885 0.90307   0.00022 0.02517   0.903 0.418 0.806 
0.41958  1.1737e+005  0.41720 0.70813 0.90247   0.00022 0.02533   0.902 0.417 0.805 
0.42058  1.1716e+005  0.41626 0.70732 0.90187   0.00022 0.02549   0.902 0.416 0.804 
0.42158  1.1696e+005  0.41547 0.70656 0.90126   0.00022 0.02565   0.901 0.415 0.803 
0.42257  1.1676e+005  0.41484 0.70585 0.90066   0.00022 0.02582   0.901 0.415 0.802 
0.42357  1.1656e+005  0.41414 0.70512 0.90005   0.00022 0.02598   0.900 0.414 0.801 
0.42457  1.1636e+005  0.41343 0.70439 0.89944   0.00022 0.02615   0.899 0.413 0.800 
0.42557  1.1615e+005  0.41265 0.70363 0.89883   0.00022 0.02631   0.899 0.413 0.799 
0.42657  1.1595e+005  0.41163 0.70279 0.89822   0.00022 0.02648   0.898 0.412 0.799 
0.42757  1.1575e+005  0.41068 0.70197 0.89761   0.00022 0.02664   0.898 0.411 0.798 
0.42857  1.1555e+005  0.40958 0.70111 0.89700   0.00022 0.02681   0.897 0.410 0.797 
0.42957  1.1535e+005  0.40825 0.70016 0.89638   0.00022 0.02698   0.896 0.408 0.796 
0.43057  1.1514e+005  0.40778 0.69950 0.89576   0.00022 0.02714   0.896 0.408 0.795 
0.43157  1.1494e+005  0.40731 0.69884 0.89515   0.00022 0.02731   0.895 0.407 0.794 
0.43256  1.1474e+005  0.40652 0.69807 0.89453   0.00022 0.02748   0.895 0.407 0.793 
0.43356  1.1454e+005  0.40597 0.69739 0.89391   0.00022 0.02765   0.894 0.406 0.792 
0.43456  1.1434e+005  0.40542 0.69670 0.89328   0.00022 0.02782   0.893 0.405 0.791 
0.43556  1.1413e+005  0.40479 0.69598 0.89266   0.00022 0.02799   0.893 0.405 0.790 
0.43656  1.1393e+005  0.40409 0.69524 0.89204   0.00022 0.02816   0.892 0.404 0.790 
0.43756  1.1373e+005  0.40322 0.69444 0.89141   0.00022 0.02833   0.891 0.403 0.789 
0.43856  1.1353e+005  0.40236 0.69364 0.89079   0.00022 0.02850   0.891 0.402 0.788 
0.43956  1.1333e+005  0.40118 0.69274 0.89016   0.00022 0.02867   0.890 0.401 0.787 
0.44056  1.1312e+005  0.40000 0.69184 0.88953   0.00022 0.02884   0.890 0.400 0.786 
0.44156  1.1292e+005  0.39906 0.69102 0.88890   0.00022 0.02901   0.889 0.399 0.785 
0.44255  1.1272e+005  0.39820 0.69022 0.88827   0.00022 0.02919   0.888 0.398 0.784 
0.44355  1.1252e+005  0.39671 0.68920 0.88764   0.00022 0.02936   0.888 0.397 0.783 
0.44455  1.1232e+005  0.39537 0.68825 0.88700   0.00022 0.02953   0.887 0.395 0.782 
0.44555  1.1211e+005  0.39443 0.68742 0.88637   0.00022 0.02971   0.886 0.394 0.781 
0.44655  1.1191e+005  0.39262 0.68630 0.88573   0.00022 0.02988   0.886 0.393 0.781 
0.44755  1.1171e+005  0.39042 0.68505 0.88509   0.00022 0.03005   0.885 0.390 0.780 
0.44855  1.1151e+005  0.38783 0.68367 0.88445   0.00022 0.03023   0.884 0.388 0.779 
0.44955  1.1131e+005  0.38642 0.68268 0.88381   0.00022 0.03041   0.884 0.386 0.778 
0.45055  1.111e+005  0.38469 0.68158 0.88317   0.00022 0.03058   0.883 0.385 0.777 
0.45154  1.109e+005  0.38312 0.68054 0.88253   0.00022 0.03076   0.883 0.383 0.776 
0.45254  1.107e+005  0.38124 0.67939 0.88188   0.00023 0.03093   0.882 0.381 0.775 
0.45354  1.105e+005  0.37974 0.67837 0.88124   0.00023 0.03111   0.881 0.380 0.774 
0.45454  1.103e+005  0.37802 0.67727 0.88059   0.00023 0.03129   0.881 0.378 0.773 
0.45554  1.1009e+005  0.37582 0.67601 0.87994   0.00023 0.03147   0.880 0.376 0.772 
0.45654  1.0989e+005  0.37346 0.67470 0.87929   0.00023 0.03165   0.879 0.373 0.771 
0.45754  1.0969e+005  0.37181 0.67363 0.87863   0.00023 0.03183   0.879 0.372 0.770 
0.45854  1.0949e+005  0.37079 0.67276 0.87798   0.00023 0.03201   0.878 0.371 0.770 
0.45954  1.0929e+005  0.37016 0.67203 0.87732   0.00023 0.03219   0.877 0.370 0.769 
0.46054  1.0908e+005  0.36930 0.67121 0.87667   0.00023 0.03237   0.877 0.369 0.768 
0.46153  1.0888e+005  0.36883 0.67052 0.87601   0.00023 0.03255   0.876 0.369 0.767 
0.46253  1.0868e+005  0.36812 0.66976 0.87534   0.00023 0.03274   0.875 0.368 0.766 
0.46353  1.0848e+005  0.36749 0.66901 0.87468   0.00023 0.03292   0.875 0.367 0.765 
0.46453  1.0828e+005  0.36647 0.66813 0.87401   0.00023 0.03310   0.874 0.366 0.764 
0.46553  1.0807e+005  0.36616 0.66750 0.87335   0.00023 0.03329   0.873 0.366 0.763 
0.46653  1.0787e+005  0.36530 0.66667 0.87268   0.00023 0.03347   0.873 0.365 0.762 
0.46753  1.0767e+005  0.36467 0.66592 0.87201   0.00023 0.03366   0.872 0.365 0.761 
0.46853  1.0747e+005  0.36404 0.66517 0.87133   0.00023 0.03385   0.871 0.364 0.760 
0.46953  1.0727e+005  0.36341 0.66442 0.87066   0.00023 0.03403   0.871 0.363 0.759 
0.47053  1.0706e+005  0.36270 0.66364 0.86998   0.00023 0.03422   0.870 0.363 0.758 
0.47152  1.0686e+005  0.36200 0.66287 0.86930   0.00023 0.03441   0.869 0.362 0.757 
0.47252  1.0666e+005  0.36129 0.66209 0.86862   0.00023 0.03460   0.869 0.361 0.756 
0.47352  1.0646e+005  0.36082 0.66138 0.86793   0.00023 0.03479   0.868 0.361 0.755 
0.47452  1.0626e+005  0.36019 0.66063 0.86725   0.00023 0.03498   0.867 0.360 0.754 
0.47552  1.0605e+005  0.35925 0.65977 0.86656   0.00023 0.03517   0.867 0.359 0.753 
0.47652  1.0585e+005  0.35831 0.65890 0.86587   0.00023 0.03536   0.866 0.358 0.753 
0.47752  1.0565e+005  0.35768 0.65814 0.86518   0.00023 0.03556   0.865 0.358 0.752 
0.47852  1.0545e+005  0.35689 0.65733 0.86448   0.00023 0.03575   0.864 0.357 0.751 
0.47952  1.0525e+005  0.35642 0.65662 0.86379   0.00023 0.03595   0.864 0.356 0.750 
0.48052  1.0504e+005  0.35587 0.65588 0.86309   0.00023 0.03614   0.863 0.356 0.749 
0.48151  1.0484e+005  0.35501 0.65504 0.86239   0.00023 0.03634   0.862 0.355 0.748 
0.48251  1.0464e+005  0.35446 0.65429 0.86169   0.00023 0.03653   0.862 0.354 0.747 
0.48351  1.0444e+005  0.35352 0.65342 0.86098   0.00023 0.03673   0.861 0.354 0.746 
0.48451  1.0424e+005  0.35281 0.65263 0.86027   0.00023 0.03693   0.860 0.353 0.745 
0.48551  1.0403e+005  0.35226 0.65188 0.85957   0.00023 0.03713   0.860 0.352 0.744 
0.48651  1.0383e+005  0.35148 0.65106 0.85885   0.00023 0.03732   0.859 0.351 0.743 
0.48751  1.0363e+005  0.35077 0.65026 0.85814   0.00023 0.03752   0.858 0.351 0.742 
0.48851  1.0343e+005  0.34967 0.64934 0.85744   0.00023 0.03772   0.857 0.350 0.741 
0.48951  1.0323e+005  0.34857 0.64841 0.85672   0.00023 0.03792   0.857 0.349 0.740 
0.49050  1.0302e+005  0.34810 0.64768 0.85600   0.00023 0.03812   0.856 0.348 0.739 
0.49150  1.0282e+005  0.34724 0.64682 0.85528   0.00023 0.03833   0.855 0.347 0.738 
0.49250  1.0262e+005  0.34653 0.64602 0.85456   0.00023 0.03853   0.855 0.347 0.737 
0.49350  1.0242e+005  0.34527 0.64503 0.85383   0.00023 0.03874   0.854 0.345 0.736 
0.49450  1.0222e+005  0.34449 0.64419 0.85310   0.00023 0.03894   0.853 0.344 0.735 
0.49550  1.0201e+005  0.34386 0.64341 0.85237   0.00023 0.03915   0.852 0.344 0.734 
0.49650  1.0181e+005  0.34284 0.64249 0.85164   0.00023 0.03935   0.852 0.343 0.733 
0.49750  1.0161e+005  0.34205 0.64165 0.85091   0.00023 0.03956   0.851 0.342 0.732 
0.49850  1.0141e+005  0.34150 0.64089 0.85017   0.00023 0.03977   0.850 0.342 0.731 
0.49950  1.0121e+005  0.34064 0.64002 0.84943   0.00023 0.03998   0.849 0.341 0.730 
0.50049  1.01e+005   0.33970 0.63913 0.84869   0.00023 0.04019   0.849 0.340 0.729 
0.50149  1.008e+005  0.33883 0.63826 0.84794   0.00023 0.04040   0.848 0.339 0.728 
0.50249  1.006e+005  0.33836 0.63752 0.84720   0.00023 0.04061   0.847 0.338 0.727 
0.50349  1.004e+005  0.33766 0.63670 0.84645   0.00023 0.04082   0.846 0.338 0.726 
0.50449  1.002e+005  0.33687 0.63585 0.84570   0.00023 0.04103   0.846 0.337 0.725 
0.50549  99994       0.33577 0.63490 0.84496   0.00024 0.04124   0.845 0.336 0.724 
0.50649  99792       0.33522 0.63413 0.84420   0.00024 0.04146   0.844 0.335 0.723 
0.50749  99590       0.33444 0.63328 0.84344   0.00024 0.04167   0.843 0.334 0.722 
0.50849  99388       0.33349 0.63237 0.84269   0.00024 0.04189   0.843 0.333 0.721 
0.50949  99186       0.33271 0.63151 0.84193   0.00024 0.04210   0.842 0.333 0.720 
0.51048  98984       0.33153 0.63053 0.84116   0.00024 0.04232   0.841 0.332 0.719 
0.51148  98782       0.33082 0.62969 0.84040   0.00024 0.04254   0.840 0.331 0.718 
0.51248  98580       0.33012 0.62886 0.83963   0.00024 0.04276   0.840 0.330 0.717 
0.51348  98378       0.32902 0.62790 0.83886   0.00024 0.04298   0.839 0.329 0.716 
0.51448  98176       0.32847 0.62711 0.83809   0.00024 0.04320   0.838 0.328 0.715 
0.51548  97974       0.32776 0.62628 0.83731   0.00024 0.04342   0.837 0.328 0.714 
0.51648  97772       0.32690 0.62539 0.83654   0.00024 0.04364   0.837 0.327 0.713 
0.51748  97570       0.32596 0.62447 0.83576   0.00024 0.04386   0.836 0.326 0.712 
0.51848  97368       0.32462 0.62342 0.83498   0.00024 0.04409   0.835 0.325 0.711 
0.51947  97166       0.32360 0.62247 0.83419   0.00024 0.04431   0.834 0.324 0.710 
0.52047  96964       0.32258 0.62152 0.83341   0.00024 0.04454   0.833 0.323 0.709 
0.52147  96762       0.32164 0.62060 0.83262   0.00024 0.04476   0.833 0.322 0.708 
0.52247  96560       0.32030 0.61954 0.83183   0.00024 0.04499   0.832 0.320 0.707 
0.52347  96358       0.31952 0.61867 0.83104   0.00024 0.04522   0.831 0.320 0.705 
0.52447  96156       0.31857 0.61774 0.83024   0.00024 0.04544   0.830 0.319 0.704 
0.52547  95954       0.31747 0.61676 0.82945   0.00024 0.04567   0.829 0.317 0.703 
0.52647  95752       0.31653 0.61583 0.82865   0.00024 0.04590   0.829 0.317 0.702 
0.52747  95550       0.31535 0.61482 0.82785   0.00024 0.04613   0.828 0.315 0.701 
0.52847  95348       0.31425 0.61383 0.82704   0.00024 0.04637   0.827 0.314 0.700 
0.52946  95146       0.31331 0.61290 0.82624   0.00024 0.04660   0.826 0.313 0.699 
0.53046  94944       0.31221 0.61191 0.82543   0.00024 0.04683   0.825 0.312 0.698 
0.53146  94742       0.31064 0.61077 0.82462   0.00024 0.04706   0.825 0.311 0.697 
0.53246  94540       0.30970 0.60983 0.82381   0.00024 0.04730   0.824 0.310 0.696 
0.53346  94338       0.30860 0.60884 0.82299   0.00024 0.04754   0.823 0.309 0.695 
0.53446  94136       0.30727 0.60776 0.82218   0.00024 0.04777   0.822 0.307 0.694 
0.53546  93934       0.30570 0.60661 0.82136   0.00024 0.04801   0.821 0.306 0.693 
0.53646  93732       0.30460 0.60562 0.82053   0.00024 0.04825   0.821 0.305 0.692 
0.53746  93530       0.30342 0.60459 0.81971   0.00024 0.04849   0.820 0.303 0.691 
0.53846  93328       0.30255 0.60367 0.81888   0.00024 0.04873   0.819 0.303 0.690 
0.53945  93126       0.30122 0.60259 0.81806   0.00024 0.04897   0.818 0.301 0.689 
0.54045  92924       0.30028 0.60164 0.81722   0.00025 0.04921   0.817 0.300 0.687 
0.54145  92722       0.29941 0.60071 0.81639   0.00025 0.04945   0.816 0.299 0.686 
0.54245  92520       0.29824 0.59969 0.81556   0.00025 0.04969   0.816 0.298 0.685 
0.54345  92318       0.29753 0.59881 0.81472   0.00025 0.04994   0.815 0.298 0.684 
0.54445  92116       0.29619 0.59773 0.81388   0.00025 0.05018   0.814 0.296 0.683 
0.54545  91914       0.29533 0.59680 0.81304   0.00025 0.05043   0.813 0.295 0.682 
0.54645  91712       0.29455 0.59589 0.81219   0.00025 0.05068   0.812 0.295 0.681 
0.54745  91510       0.29368 0.59496 0.81135   0.00025 0.05092   0.811 0.294 0.680 
0.54845  91308       0.29266 0.59397 0.81050   0.00025 0.05117   0.810 0.293 0.679 
0.54944  91106       0.29148 0.59293 0.80964   0.00025 0.05142   0.810 0.291 0.678 
0.55044  90904       0.29070 0.59203 0.80879   0.00025 0.05167   0.809 0.291 0.677 
0.55144  90702       0.28952 0.59099 0.80794   0.00025 0.05192   0.808 0.290 0.676 
0.55244  90500       0.28818 0.58990 0.80708   0.00025 0.05217   0.807 0.288 0.674 
0.55344  90298       0.28724 0.58893 0.80622   0.00025 0.05243   0.806 0.287 0.673 
0.55444  90096       0.28614 0.58791 0.80536   0.00025 0.05268   0.805 0.286 0.672 
0.55544  89894       0.28497 0.58685 0.80449   0.00025 0.05293   0.804 0.285 0.671 
0.55644  89692       0.28426 0.58597 0.80362   0.00025 0.05319   0.804 0.284 0.670 
0.55744  89490       0.28308 0.58491 0.80274   0.00025 0.05345   0.803 0.283 0.669 
0.55843  89288       0.28159 0.58376 0.80187   0.00025 0.05371   0.802 0.282 0.668 
0.55943  89086       0.28033 0.58267 0.80099   0.00025 0.05397   0.801 0.280 0.667 
0.56043  88884       0.27915 0.58162 0.80011   0.00025 0.05423   0.800 0.279 0.666 
0.56143  88682       0.27821 0.58064 0.79922   0.00025 0.05449   0.799 0.278 0.664 
0.56243  88480       0.27711 0.57961 0.79833   0.00025 0.05475   0.798 0.277 0.663 
0.56343  88278       0.27523 0.57831 0.79744   0.00025 0.05501   0.797 0.275 0.662 
0.56443  88076       0.27334 0.57701 0.79655   0.00025 0.05528   0.797 0.273 0.661 
0.56543  87874       0.27169 0.57579 0.79565   0.00025 0.05555   0.796 0.272 0.660 
0.56643  87672       0.27028 0.57465 0.79476   0.00025 0.05581   0.795 0.270 0.659 
0.56743  87470       0.26910 0.57357 0.79385   0.00025 0.05608   0.794 0.269 0.658 
0.56842  87268       0.26761 0.57240 0.79295   0.00026 0.05635   0.793 0.268 0.657 
0.56942  87066       0.26588 0.57115 0.79204   0.00026 0.05662   0.792 0.266 0.656 
0.57042  86864       0.26471 0.57007 0.79113   0.00026 0.05689   0.791 0.265 0.654 
0.57142  86662       0.26337 0.56895 0.79022   0.00026 0.05716   0.790 0.263 0.653 
0.57242  86460       0.26180 0.56774 0.78930   0.00026 0.05744   0.789 0.262 0.652 
0.57342  86258       0.26047 0.56661 0.78839   0.00026 0.05771   0.788 0.260 0.651 
0.57442  86056       0.25905 0.56546 0.78746   0.00026 0.05799   0.787 0.259 0.650 
0.57542  85854       0.25772 0.56433 0.78654   0.00026 0.05826   0.787 0.258 0.649 
0.57642  85652       0.25623 0.56313 0.78561   0.00026 0.05854   0.786 0.256 0.648 
0.57742  85450       0.25465 0.56192 0.78468   0.00026 0.05882   0.785 0.255 0.646 
0.57841  85248       0.25285 0.56063 0.78375   0.00026 0.05910   0.784 0.253 0.645 
0.57941  85046       0.25151 0.55949 0.78282   0.00026 0.05938   0.783 0.252 0.644 
0.58041  84844       0.24963 0.55817 0.78188   0.00026 0.05966   0.782 0.250 0.643 
0.58141  84642       0.24782 0.55686 0.78094   0.00026 0.05994   0.781 0.248 0.642 
0.58241  84440       0.24641 0.55570 0.77999   0.00026 0.06023   0.780 0.246 0.641 
0.58341  84238       0.24460 0.55440 0.77905   0.00026 0.06051   0.779 0.245 0.640 
0.58441  84036       0.24319 0.55322 0.77810   0.00026 0.06080   0.778 0.243 0.638 
0.58541  83834       0.24154 0.55196 0.77715   0.00026 0.06109   0.777 0.242 0.637 
0.58641  83632       0.23997 0.55074 0.77619   0.00027 0.06137   0.776 0.240 0.636 
0.58741  83430       0.23809 0.54940 0.77524   0.00027 0.06166   0.775 0.238 0.635 
0.58840  83228       0.23667 0.54822 0.77428   0.00027 0.06195   0.774 0.237 0.634 
0.58940  83026       0.23534 0.54707 0.77331   0.00027 0.06225   0.773 0.235 0.633 
0.59040  82824       0.23416 0.54597 0.77235   0.00027 0.06254   0.772 0.234 0.631 
0.59140  82622       0.23275 0.54478 0.77138   0.00027 0.06283   0.771 0.233 0.630 
0.59240  82420       0.23173 0.54373 0.77041   0.00027 0.06313   0.770 0.232 0.629 
0.59340  82218       0.23047 0.54259 0.76943   0.00027 0.06342   0.769 0.230 0.628 
0.59440  82016       0.22898 0.54137 0.76846   0.00027 0.06372   0.768 0.229 0.627 
0.59540  81814       0.22772 0.54023 0.76748   0.00027 0.06402   0.767 0.228 0.626 
0.59640  81612       0.22623 0.53902 0.76650   0.00027 0.06432   0.766 0.226 0.624 
0.59739  81410       0.22529 0.53798 0.76551   0.00027 0.06462   0.766 0.225 0.623 
0.59839  81208       0.22387 0.53678 0.76452   0.00027 0.06492   0.765 0.224 0.622 
0.59939  81006       0.22277 0.53569 0.76353   0.00027 0.06522   0.764 0.223 0.621 
0.60039  80804       0.22175 0.53462 0.76254   0.00027 0.06553   0.763 0.222 0.620 
0.60139  80602       0.22081 0.53358 0.76154   0.00027 0.06583   0.762 0.221 0.618 
0.60239  80400       0.21995 0.53255 0.76054   0.00027 0.06614   0.761 0.220 0.617 
0.60339  80198       0.21893 0.53148 0.75954   0.00027 0.06645   0.760 0.219 0.616 
0.60439  79996       0.21783 0.53037 0.75853   0.00027 0.06676   0.759 0.218 0.615 
0.60539  79794       0.21681 0.52929 0.75752   0.00027 0.06707   0.758 0.217 0.614 
0.60639  79592       0.21610 0.52831 0.75651   0.00027 0.06738   0.757 0.216 0.612 
0.60738  79390       0.21469 0.52710 0.75549   0.00028 0.06770   0.755 0.215 0.611 
0.60838  79188       0.21390 0.52609 0.75447   0.00028 0.06801   0.754 0.214 0.610 
0.60938  78986       0.21288 0.52500 0.75345   0.00028 0.06833   0.753 0.213 0.609 
0.61038  78784       0.21194 0.52394 0.75242   0.00028 0.06865   0.752 0.212 0.607 
0.61138  78582       0.21076 0.52279 0.75139   0.00028 0.06896   0.751 0.211 0.606 
0.61238  78380       0.21005 0.52180 0.75036   0.00028 0.06928   0.750 0.210 0.605 
0.61338  78178       0.20888 0.52065 0.74932   0.00028 0.06961   0.749 0.209 0.604 
0.61438  77976       0.20785 0.51956 0.74828   0.00028 0.06993   0.748 0.208 0.603 
0.61538  77774       0.20715 0.51856 0.74724   0.00028 0.07025   0.747 0.207 0.601 
0.61638  77572       0.20636 0.51754 0.74619   0.00028 0.07058   0.746 0.206 0.600 
0.61737  77370       0.20558 0.51651 0.74514   0.00028 0.07091   0.745 0.206 0.599 
0.61837  77168       0.20479 0.51548 0.74409   0.00028 0.07123   0.744 0.205 0.598 
0.61937  76966       0.20409 0.51448 0.74304   0.00028 0.07156   0.743 0.204 0.596 
0.62037  76764       0.20369 0.51357 0.74198   0.00028 0.07189   0.742 0.204 0.595 
0.62137  76562       0.20306 0.51258 0.74092   0.00028 0.07222   0.741 0.203 0.594 
0.62237  76360       0.20204 0.51147 0.73986   0.00028 0.07256   0.740 0.202 0.592 
0.62337  76158       0.20149 0.51050 0.73879   0.00028 0.07289   0.739 0.201 0.591 
0.62437  75956       0.20063 0.50944 0.73772   0.00028 0.07323   0.738 0.201 0.590 
0.62537  75754       0.19984 0.50840 0.73665   0.00028 0.07357   0.737 0.200 0.589 
0.62636  75552       0.19945 0.50749 0.73557   0.00028 0.07390   0.736 0.199 0.587 
0.62736  75350       0.19890 0.50653 0.73449   0.00028 0.07424   0.734 0.199 0.586 
0.62836  75148       0.19780 0.50538 0.73341   0.00028 0.07458   0.733 0.198 0.585 
0.62936  74946       0.19686 0.50429 0.73233   0.00028 0.07493   0.732 0.197 0.584 
0.63036  74744       0.19647 0.50338 0.73124   0.00028 0.07527   0.731 0.196 0.582 
0.63136  74542       0.19600 0.50244 0.73015   0.00028 0.07562   0.730 0.196 0.581 
0.63236  74340       0.19458 0.50118 0.72905   0.00028 0.07596   0.729 0.195 0.580 
0.63336  74138       0.19380 0.50013 0.72796   0.00028 0.07631   0.728 0.194 0.579 
0.63436  73936       0.19333 0.49919 0.72686   0.00028 0.07666   0.727 0.193 0.577 
0.63536  73734       0.19254 0.49813 0.72575   0.00028 0.07701   0.726 0.193 0.576 
0.63635  73532       0.19168 0.49706 0.72465   0.00028 0.07736   0.725 0.192 0.575 
0.63735  73330       0.19066 0.49592 0.72354   0.00029 0.07771   0.724 0.191 0.574 
0.63835  73128       0.18979 0.49484 0.72243   0.00029 0.07807   0.722 0.190 0.572 
0.63935  72926       0.18877 0.49371 0.72131   0.00029 0.07843   0.721 0.189 0.571 
0.64035  72724       0.18799 0.49265 0.72019   0.00029 0.07878   0.720 0.188 0.570 
0.64135  72522       0.18720 0.49160 0.71907   0.00029 0.07914   0.719 0.187 0.569 
0.64235  72320       0.18650 0.49056 0.71794   0.00029 0.07950   0.718 0.186 0.567 
0.64335  72118       0.18579 0.48953 0.71682   0.00029 0.07986   0.717 0.186 0.566 
0.64435  71916       0.18508 0.48849 0.71569   0.00029 0.08023   0.716 0.185 0.565 
0.64535  71714       0.18445 0.48748 0.71455   0.00029 0.08059   0.715 0.184 0.563 
0.64634  71512       0.18383 0.48647 0.71341   0.00029 0.08096   0.713 0.184 0.562 
0.64734  71310       0.18351 0.48556 0.71227   0.00029 0.08133   0.712 0.184 0.561 
0.64834  71108       0.18273 0.48449 0.71113   0.00029 0.08169   0.711 0.183 0.560 
0.64934  70906       0.18202 0.48345 0.70998   0.00029 0.08207   0.710 0.182 0.558 
0.65034  70704       0.18163 0.48250 0.70883   0.00029 0.08244   0.709 0.182 0.557 
0.65134  70502       0.18123 0.48156 0.70768   0.00029 0.08281   0.708 0.181 0.556 
0.65234  70300       0.18061 0.48054 0.70652   0.00029 0.08319   0.707 0.181 0.555 
0.65334  70098       0.17998 0.47952 0.70536   0.00029 0.08356   0.705 0.180 0.553 
0.65434  69896       0.17935 0.47850 0.70420   0.00029 0.08394   0.704 0.179 0.552 
0.65534  69694       0.17864 0.47745 0.70304   0.00029 0.08432   0.703 0.179 0.551 
0.65633  69492       0.17809 0.47645 0.70187   0.00029 0.08470   0.702 0.178 0.549 
0.65733  69290       0.17754 0.47545 0.70070   0.00029 0.08508   0.701 0.178 0.548 
0.65833  69088       0.17715 0.47450 0.69952   0.00029 0.08547   0.700 0.177 0.547 
0.65933  68886       0.17692 0.47360 0.69834   0.00029 0.08585   0.698 0.177 0.546 
0.66033  68684       0.17652 0.47264 0.69716   0.00029 0.08624   0.697 0.177 0.544 
0.66133  68482       0.17582 0.47159 0.69598   0.00029 0.08663   0.696 0.176 0.543 
0.66233  68280       0.17535 0.47061 0.69479   0.00029 0.08702   0.695 0.175 0.542 
0.66333  68078       0.17503 0.46968 0.69360   0.00029 0.08741   0.694 0.175 0.540 
0.66433  67876       0.17448 0.46867 0.69241   0.00029 0.08780   0.692 0.174 0.539 
0.66532  67674       0.17409 0.46771 0.69121   0.00029 0.08819   0.691 0.174 0.538 
0.66632  67472       0.17385 0.46680 0.69001   0.00029 0.08859   0.690 0.174 0.537 
0.66732  67270       0.17338 0.46581 0.68881   0.00029 0.08899   0.689 0.173 0.535 
0.66832  67068       0.17260 0.46472 0.68760   0.00029 0.08939   0.688 0.173 0.534 
0.66932  66866       0.17189 0.46365 0.68639   0.00029 0.08979   0.686 0.172 0.533 
0.67032  66664       0.17158 0.46272 0.68518   0.00029 0.09019   0.685 0.172 0.531 
0.67132  66462       0.17110 0.46173 0.68396   0.00029 0.09059   0.684 0.171 0.530 
0.67232  66260       0.17079 0.46078 0.68274   0.00029 0.09100   0.683 0.171 0.529 
0.67332  66058       0.17040 0.45981 0.68152   0.00029 0.09141   0.682 0.170 0.528 
0.67432  65856       0.16985 0.45879 0.68030   0.00029 0.09181   0.680 0.170 0.526 
0.67531  65654       0.16930 0.45777 0.67907   0.00030 0.09222   0.679 0.169 0.525 
0.67631  65452       0.16875 0.45675 0.67785   0.00030 0.09263   0.678 0.169 0.524 
0.67731  65250       0.16836 0.45578 0.67661   0.00030 0.09305   0.677 0.168 0.522 
0.67831  65048       0.16773 0.45472 0.67538   0.00030 0.09346   0.675 0.168 0.521 
0.67931  64846       0.16718 0.45369 0.67413   0.00030 0.09388   0.674 0.167 0.520 
0.68031  64644       0.16671 0.45268 0.67289   0.00030 0.09430   0.673 0.167 0.518 
0.68131  64442       0.16631 0.45170 0.67164   0.00030 0.09472   0.672 0.166 0.517 
0.68231  64240       0.16577 0.45067 0.67039   0.00030 0.09514   0.670 0.166 0.516 
0.68331  64038       0.16537 0.44969 0.66914   0.00030 0.09556   0.669 0.165 0.515 
0.68431  63836       0.16498 0.44870 0.66788   0.00030 0.09599   0.668 0.165 0.513 
0.68530  63634       0.16412 0.44756 0.66662   0.00030 0.09641   0.667 0.164 0.512 
0.68630  63432       0.16380 0.44660 0.66535   0.00030 0.09684   0.665 0.164 0.511 
0.68730  63230       0.16364 0.44569 0.66408   0.00030 0.09727   0.664 0.164 0.509 
0.68830  63028       0.16317 0.44467 0.66281   0.00030 0.09771   0.663 0.163 0.508 
0.68930  62826       0.16302 0.44375 0.66154   0.00030 0.09814   0.662 0.163 0.507 
0.69030  62624       0.16231 0.44266 0.66026   0.00030 0.09858   0.660 0.162 0.505 
0.69130  62422       0.16200 0.44169 0.65898   0.00030 0.09901   0.659 0.162 0.504 
0.69230  62220       0.16184 0.44077 0.65769   0.00030 0.09945   0.658 0.162 0.503 
0.69330  62018       0.16160 0.43982 0.65641   0.00030 0.09989   0.656 0.162 0.501 
0.69429  61816       0.16137 0.43887 0.65512   0.00030 0.10034   0.655 0.161 0.500 
0.69529  61614       0.16090 0.43784 0.65382   0.00030 0.10078   0.654 0.161 0.499 
0.69629  61412       0.16050 0.43684 0.65252   0.00030 0.10123   0.653 0.161 0.497 
0.69729  61210       0.15988 0.43576 0.65122   0.00030 0.10168   0.651 0.160 0.496 
0.69829  61008       0.15972 0.43482 0.64991   0.00030 0.10213   0.650 0.160 0.495 
0.69929  60806       0.15940 0.43384 0.64860   0.00030 0.10258   0.649 0.159 0.494 
0.70029  60604       0.15909 0.43285 0.64729   0.00030 0.10304   0.647 0.159 0.492 
0.70129  60402       0.15854 0.43179 0.64598   0.00030 0.10349   0.646 0.159 0.491 
0.70229  60200       0.15838 0.43085 0.64466   0.00030 0.10395   0.645 0.158 0.490 
0.70329  59998       0.15823 0.42991 0.64333   0.00030 0.10441   0.643 0.158 0.488 
0.70428  59796       0.15791 0.42892 0.64201   0.00030 0.10487   0.642 0.158 0.487 
0.70528  59594       0.15721 0.42779 0.64067   0.00030 0.10534   0.641 0.157 0.485 
0.70628  59392       0.15642 0.42664 0.63934   0.00030 0.10580   0.639 0.156 0.484 
0.70728  59190       0.15595 0.42559 0.63800   0.00030 0.10627   0.638 0.156 0.483 
0.70828  58988       0.15571 0.42462 0.63666   0.00030 0.10674   0.637 0.156 0.481 
0.70928  58786       0.15524 0.42356 0.63531   0.00030 0.10722   0.635 0.155 0.480 
0.71028  58584       0.15438 0.42238 0.63396   0.00030 0.10769   0.634 0.154 0.479 
0.71128  58382       0.15414 0.42140 0.63261   0.00030 0.10817   0.633 0.154 0.477 
0.71228  58180       0.15383 0.42039 0.63125   0.00030 0.10865   0.631 0.154 0.476 
0.71328  57978       0.15367 0.41944 0.62989   0.00030 0.10913   0.630 0.154 0.475 
0.71427  57776       0.15336 0.41842 0.62852   0.00030 0.10961   0.629 0.153 0.473 
0.71527  57574       0.15312 0.41744 0.62715   0.00030 0.11010   0.627 0.153 0.472 
0.71627  57372       0.15289 0.41645 0.62578   0.00031 0.11058   0.626 0.153 0.471 
0.71727  57170       0.15257 0.41543 0.62440   0.00031 0.11107   0.624 0.153 0.469 
0.71827  56968       0.15249 0.41449 0.62302   0.00031 0.11157   0.623 0.152 0.468 
0.71927  56766       0.15234 0.41352 0.62163   0.00031 0.11206   0.622 0.152 0.467 
0.72027  56564       0.15226 0.41258 0.62024   0.00031 0.11256   0.620 0.152 0.465 
0.72127  56362       0.15210 0.41160 0.61885   0.00031 0.11306   0.619 0.152 0.464 
0.72227  56160       0.15210 0.41068 0.61745   0.00031 0.11356   0.617 0.152 0.462 
0.72327  55958       0.15194 0.40970 0.61604   0.00031 0.11406   0.616 0.152 0.461 
0.72426  55756       0.15187 0.40875 0.61464   0.00031 0.11457   0.615 0.152 0.460 
0.72526  55554       0.15155 0.40771 0.61322   0.00031 0.11508   0.613 0.152 0.458 
0.72626  55352       0.15147 0.40676 0.61181   0.00031 0.11559   0.612 0.151 0.457 
0.72726  55150       0.15140 0.40580 0.61039   0.00031 0.11610   0.610 0.151 0.456 
0.72826  54948       0.15124 0.40482 0.60896   0.00031 0.11662   0.609 0.151 0.454 
0.72926  54746       0.15108 0.40383 0.60753   0.00031 0.11714   0.608 0.151 0.453 
0.73026  54544       0.15085 0.40281 0.60610   0.00031 0.11766   0.606 0.151 0.451 
0.73126  54342       0.15077 0.40184 0.60466   0.00031 0.11818   0.605 0.151 0.450 
0.73226  54140       0.15077 0.40090 0.60322   0.00031 0.11871   0.603 0.151 0.449 
0.73325  53938       0.15069 0.39992 0.60177   0.00031 0.11924   0.602 0.151 0.447 
0.73425  53736       0.15045 0.39890 0.60032   0.00031 0.11977   0.600 0.150 0.446 
0.73525  53534       0.15037 0.39792 0.59886   0.00031 0.12031   0.599 0.150 0.445 
0.73625  53332       0.15022 0.39692 0.59740   0.00031 0.12084   0.597 0.150 0.443 
0.73725  53130       0.15014 0.39594 0.59593   0.00031 0.12138   0.596 0.150 0.442 
0.73825  52928       0.14990 0.39490 0.59446   0.00031 0.12193   0.594 0.150 0.440 
0.73925  52726       0.14982 0.39392 0.59298   0.00031 0.12247   0.593 0.150 0.439 
0.74025  52524       0.14967 0.39291 0.59150   0.00031 0.12302   0.592 0.150 0.438 
0.74125  52322       0.14951 0.39189 0.59002   0.00031 0.12357   0.590 0.150 0.436 
0.74225  52120       0.14935 0.39088 0.58853   0.00031 0.12413   0.589 0.149 0.435 
0.74324  51918       0.14935 0.38990 0.58703   0.00031 0.12468   0.587 0.149 0.433 
0.74424  51716       0.14912 0.38886 0.58553   0.00031 0.12524   0.586 0.149 0.432 
0.74524  51514       0.14888 0.38781 0.58403   0.00031 0.12580   0.584 0.149 0.431 
0.74624  51312       0.14857 0.38673 0.58252   0.00031 0.12637   0.583 0.149 0.429 
0.74724  51110       0.14849 0.38573 0.58100   0.00031 0.12694   0.581 0.148 0.428 
0.74824  50908       0.14841 0.38472 0.57948   0.00031 0.12751   0.579 0.148 0.426 
0.74924  50706       0.14818 0.38366 0.57796   0.00031 0.12808   0.578 0.148 0.425 
0.75024  50504       0.14794 0.38260 0.57643   0.00031 0.12866   0.576 0.148 0.423 
0.75124  50302       0.14770 0.38153 0.57490   0.00031 0.12924   0.575 0.148 0.422 
0.75224  50100       0.14755 0.38050 0.57336   0.00031 0.12983   0.573 0.148 0.421 
0.75323  49898       0.14723 0.37940 0.57181   0.00031 0.13041   0.572 0.147 0.419 
0.75423  49696       0.14715 0.37837 0.57026   0.00031 0.13100   0.570 0.147 0.418 
0.75523  49494       0.14708 0.37736 0.56871   0.00031 0.13159   0.569 0.147 0.416 
0.75623  49292       0.14684 0.37628 0.56715   0.00031 0.13219   0.567 0.147 0.415 
0.75723  49090       0.14668 0.37522 0.56559   0.00031 0.13279   0.566 0.147 0.413 
0.75823  48888       0.14629 0.37409 0.56402   0.00031 0.13339   0.564 0.146 0.412 
0.75923  48686       0.14582 0.37293 0.56244   0.00031 0.13400   0.562 0.146 0.411 
0.76023  48484       0.14566 0.37187 0.56086   0.00031 0.13461   0.561 0.146 0.409 
0.76123  48282       0.14543 0.37078 0.55928   0.00031 0.13522   0.559 0.145 0.408 
0.76223  48080       0.14519 0.36968 0.55769   0.00031 0.13583   0.558 0.145 0.406 
0.76322  47878       0.14480 0.36854 0.55609   0.00031 0.13645   0.556 0.145 0.405 
0.76422  47676       0.14441 0.36739 0.55449   0.00031 0.13707   0.554 0.144 0.403 
0.76522  47474       0.14386 0.36618 0.55289   0.00032 0.13770   0.553 0.144 0.402 
0.76622  47272       0.14354 0.36505 0.55128   0.00032 0.13833   0.551 0.144 0.400 
0.76722  47070       0.14331 0.36395 0.54966   0.00032 0.13896   0.550 0.143 0.399 
0.76822  46868       0.14291 0.36280 0.54804   0.00032 0.13960   0.548 0.143 0.397 
0.76922  46666       0.14268 0.36169 0.54641   0.00032 0.14023   0.546 0.143 0.396 
0.77022  46464       0.14229 0.36052 0.54478   0.00032 0.14088   0.545 0.142 0.394 
0.77122  46262       0.14221 0.35946 0.54314   0.00032 0.14152   0.543 0.142 0.393 
0.77221  46060       0.14205 0.35837 0.54150   0.00032 0.14217   0.542 0.142 0.392 
0.77321  45858       0.14158 0.35717 0.53985   0.00032 0.14283   0.540 0.142 0.390 
0.77421  45656       0.14142 0.35607 0.53820   0.00032 0.14348   0.538 0.141 0.389 
0.77521  45454       0.14095 0.35487 0.53654   0.00032 0.14414   0.537 0.141 0.387 
0.77621  45252       0.14079 0.35377 0.53488   0.00032 0.14481   0.535 0.141 0.386 
0.77721  45050       0.14032 0.35256 0.53321   0.00032 0.14548   0.533 0.140 0.384 
0.77821  44848       0.14009 0.35143 0.53153   0.00032 0.14615   0.532 0.140 0.383 
0.77921  44646       0.13985 0.35029 0.52985   0.00032 0.14682   0.530 0.140 0.381 
0.78021  44444       0.13962 0.34915 0.52817   0.00032 0.14750   0.528 0.140 0.380 
0.78121  44242       0.13930 0.34799 0.52647   0.00032 0.14819   0.526 0.139 0.378 
0.78220  44040       0.13899 0.34682 0.52478   0.00032 0.14887   0.525 0.139 0.377 
0.78320  43838       0.13883 0.34570 0.52308   0.00032 0.14957   0.523 0.139 0.375 
0.78420  43636       0.13852 0.34453 0.52137   0.00032 0.15026   0.521 0.139 0.374 
0.78520  43434       0.13828 0.34338 0.51965   0.00032 0.15096   0.520 0.138 0.372 
0.78620  43232       0.13828 0.34230 0.51793   0.00032 0.15166   0.518 0.138 0.371 
0.78720  43030       0.13789 0.34110 0.51621   0.00032 0.15237   0.516 0.138 0.369 
0.78820  42828       0.13757 0.33991 0.51448   0.00032 0.15308   0.514 0.138 0.368 
0.78920  42626       0.13726 0.33872 0.51274   0.00032 0.15380   0.513 0.137 0.366 
0.79020  42424       0.13679 0.33748 0.51100   0.00032 0.15452   0.511 0.137 0.365 
0.79120  42222       0.13655 0.33631 0.50926   0.00032 0.15524   0.509 0.137 0.363 
0.79219  42020       0.13640 0.33517 0.50750   0.00032 0.15597   0.508 0.136 0.362 
0.79319  41818       0.13608 0.33397 0.50574   0.00032 0.15670   0.506 0.136 0.360 
0.79419  41616       0.13600 0.33285 0.50398   0.00033 0.15744   0.504 0.136 0.359 
0.79519  41414       0.13569 0.33165 0.50221   0.00033 0.15818   0.502 0.136 0.357 
0.79619  41212       0.13553 0.33049 0.50043   0.00033 0.15892   0.500 0.136 0.356 
0.79719  41010       0.13553 0.32939 0.49865   0.00033 0.15967   0.499 0.136 0.354 
0.79819  40808       0.13514 0.32815 0.49687   0.00033 0.16042   0.497 0.135 0.352 
0.79919  40606       0.13506 0.32701 0.49507   0.00033 0.16118   0.495 0.135 0.351 
0.80019  40404       0.13491 0.32585 0.49328   0.00033 0.16195   0.493 0.135 0.349 
0.80118  40202       0.13475 0.32468 0.49147   0.00033 0.16271   0.491 0.135 0.348 
0.80218  40000       0.13459 0.32352 0.48966   0.00033 0.16348   0.490 0.135 0.346 
0.80318  39798       0.13443 0.32234 0.48784   0.00033 0.16426   0.488 0.134 0.345 
0.80418  39596       0.13412 0.32111 0.48602   0.00033 0.16504   0.486 0.134 0.343 
0.80518  39394       0.13381 0.31988 0.48419   0.00033 0.16583   0.484 0.134 0.342 
0.80618  39192       0.13365 0.31870 0.48236   0.00033 0.16662   0.482 0.134 0.340 
0.80718  38990       0.13341 0.31749 0.48052   0.00033 0.16742   0.481 0.133 0.339 
0.80818  38788       0.13318 0.31628 0.47868   0.00033 0.16822   0.479 0.133 0.337 
0.80918  38586       0.13278 0.31501 0.47682   0.00033 0.16902   0.477 0.133 0.335 
0.81018  38384       0.13271 0.31384 0.47497   0.00033 0.16983   0.475 0.133 0.334 
0.81117  38182       0.13224 0.31255 0.47310   0.00033 0.17065   0.473 0.132 0.332 
0.81217  37980       0.13200 0.31132 0.47123   0.00033 0.17147   0.471 0.132 0.331 
0.81317  37778       0.13145 0.30999 0.46936   0.00033 0.17229   0.469 0.131 0.329 
0.81417  37576       0.13106 0.30871 0.46748   0.00033 0.17312   0.467 0.131 0.328 
0.81517  37374       0.13051 0.30737 0.46559   0.00033 0.17396   0.466 0.131 0.326 
0.81617  37172       0.13004 0.30606 0.46370   0.00033 0.17480   0.464 0.130 0.324 
0.81717  36970       0.12957 0.30474 0.46180   0.00033 0.17565   0.462 0.130 0.323 
0.81817  36768       0.12894 0.30337 0.45989   0.00034 0.17650   0.460 0.129 0.321 
0.81917  36566       0.12807 0.30192 0.45798   0.00034 0.17736   0.458 0.128 0.320 
0.82017  36364       0.12745 0.30054 0.45606   0.00034 0.17822   0.456 0.127 0.318 
0.82116  36162       0.12666 0.29910 0.45414   0.00034 0.17909   0.454 0.127 0.317 
0.82216  35960       0.12556 0.29756 0.45221   0.00034 0.17996   0.452 0.126 0.315 
0.82316  35758       0.12478 0.29613 0.45027   0.00034 0.18084   0.450 0.125 0.313 
0.82416  35556       0.12399 0.29469 0.44833   0.00034 0.18173   0.448 0.124 0.312 
0.82516  35354       0.12297 0.29316 0.44638   0.00034 0.18262   0.446 0.123 0.310 
0.82616  35152       0.12234 0.29177 0.44442   0.00034 0.18351   0.444 0.122 0.309 
0.82716  34950       0.12156 0.29031 0.44246   0.00034 0.18442   0.442 0.122 0.307 
0.82816  34748       0.12085 0.28889 0.44049   0.00034 0.18532   0.440 0.121 0.305 
0.82916  34546       0.11959 0.28728 0.43852   0.00034 0.18624   0.439 0.120 0.304 
0.83016  34344       0.11889 0.28584 0.43654   0.00034 0.18716   0.437 0.119 0.302 
0.83115  34142       0.11810 0.28439 0.43455   0.00034 0.18809   0.435 0.118 0.301 
0.83215  33940       0.11739 0.28294 0.43256   0.00035 0.18902   0.433 0.117 0.299 
0.83315  33738       0.11684 0.28156 0.43056   0.00035 0.18996   0.431 0.117 0.297 
0.83415  33536       0.11582 0.28001 0.42855   0.00035 0.19090   0.429 0.116 0.296 
0.83515  33334       0.11535 0.27864 0.42654   0.00035 0.19185   0.427 0.115 0.294 
0.83615  33132       0.11457 0.27716 0.42452   0.00035 0.19281   0.425 0.115 0.292 
0.83715  32930       0.11417 0.27581 0.42250   0.00035 0.19378   0.422 0.114 0.291 
0.83815  32728       0.11355 0.27439 0.42047   0.00035 0.19475   0.420 0.114 0.289 
0.83915  32526       0.11276 0.27290 0.41843   0.00035 0.19572   0.418 0.113 0.288 
0.84014  32324       0.11213 0.27147 0.41638   0.00035 0.19671   0.416 0.112 0.286 
0.84114  32122       0.11158 0.27005 0.41433   0.00035 0.19770   0.414 0.112 0.284 
0.84214  31920       0.11080 0.26856 0.41228   0.00035 0.19870   0.412 0.111 0.283 
0.84314  31718       0.11033 0.26717 0.41021   0.00035 0.19970   0.410 0.110 0.281 
0.84414  31516       0.10899 0.26549 0.40814   0.00035 0.20071   0.408 0.109 0.279 
0.84514  31314       0.10813 0.26396 0.40607   0.00036 0.20173   0.406 0.108 0.278 
0.84614  31112       0.10750 0.26250 0.40398   0.00036 0.20276   0.404 0.107 0.276 
0.84714  30910       0.10679 0.26102 0.40190   0.00036 0.20379   0.402 0.107 0.274 
0.84814  30708       0.10601 0.25951 0.39981   0.00036 0.20482   0.400 0.106 0.273 
0.84914  30506       0.10522 0.25800 0.39771   0.00036 0.20587   0.398 0.105 0.271 
0.85013  30304       0.10436 0.25646 0.39560   0.00036 0.20693   0.396 0.104 0.269 
0.85113  30102       0.10365 0.25496 0.39348   0.00036 0.20799   0.393 0.104 0.268 
0.85213  29900       0.10287 0.25344 0.39136   0.00036 0.20906   0.391 0.103 0.266 
0.85313  29698       0.10232 0.25199 0.38924   0.00036 0.21013   0.389 0.102 0.264 
0.85413  29496       0.10122 0.25036 0.38710   0.00036 0.21122   0.387 0.101 0.263 
0.85513  29294       0.10012 0.24874 0.38499   0.00036 0.21230   0.385 0.100 0.261 
0.85613  29092       0.09949 0.24726 0.38284   0.00036 0.21340   0.383 0.099 0.259 
0.85713  28890       0.09878 0.24574 0.38069   0.00037 0.21451   0.381 0.099 0.258 
0.85813  28688       0.09776 0.24413 0.37853   0.00037 0.21562   0.379 0.098 0.256 
0.85913  28486       0.09729 0.24269 0.37636   0.00037 0.21675   0.376 0.097 0.254 
0.86012  28284       0.09690 0.24127 0.37419   0.00037 0.21788   0.374 0.097 0.253 
0.86112  28082       0.09604 0.23969 0.37201   0.00037 0.21902   0.372 0.096 0.251 
0.86212  27880       0.09580 0.23833 0.36982   0.00037 0.22017   0.370 0.096 0.249 
0.86312  27678       0.09509 0.23680 0.36763   0.00037 0.22133   0.368 0.095 0.248 
0.86412  27476       0.09454 0.23532 0.36542   0.00037 0.22250   0.365 0.095 0.246 
0.86512  27274       0.09407 0.23386 0.36322   0.00037 0.22368   0.363 0.094 0.244 
0.86612  27072       0.09376 0.23245 0.36100   0.00037 0.22486   0.361 0.094 0.243 
0.86712  26870       0.09321 0.23096 0.35878   0.00037 0.22606   0.359 0.093 0.241 
0.86812  26668       0.09289 0.22955 0.35656   0.00037 0.22726   0.357 0.093 0.239 
0.86911  26466       0.09242 0.22808 0.35432   0.00037 0.22848   0.354 0.092 0.237 
0.87011  26264       0.09203 0.22663 0.35208   0.00038 0.22970   0.352 0.092 0.236 
0.87111  26062       0.09195 0.22529 0.34983   0.00038 0.23093   0.350 0.092 0.234 
0.87211  25860       0.09140 0.22378 0.34758   0.00038 0.23217   0.348 0.091 0.232 
0.87311  25658       0.09109 0.22235 0.34532   0.00038 0.23342   0.345 0.091 0.231 
0.87411  25456       0.09070 0.22090 0.34305   0.00038 0.23468   0.343 0.091 0.229 
0.87511  25254       0.09007 0.21936 0.34078   0.00038 0.23596   0.341 0.090 0.227 
0.87611  25052       0.08999 0.21799 0.33850   0.00038 0.23724   0.338 0.090 0.225 
0.87711  24850       0.08983 0.21661 0.33621   0.00038 0.23853   0.336 0.090 0.224 
0.87811  24648       0.08960 0.21519 0.33392   0.00038 0.23983   0.334 0.090 0.222 
0.87910  24446       0.08944 0.21380 0.33162   0.00038 0.24115   0.332 0.089 0.220 
0.88010  24244       0.08913 0.21235 0.32931   0.00038 0.24247   0.329 0.089 0.219 
0.88110  24042       0.08873 0.21087 0.32699   0.00038 0.24380   0.327 0.089 0.217 
0.88210  23840       0.08834 0.20939 0.32467   0.00038 0.24515   0.325 0.088 0.215 
0.88310  23638       0.08810 0.20795 0.32234   0.00038 0.24651   0.322 0.088 0.213 
0.88410  23436       0.08755 0.20641 0.32001   0.00039 0.24787   0.320 0.088 0.212 
0.88510  23234       0.08724 0.20495 0.31767   0.00039 0.24925   0.318 0.087 0.210 
0.88610  23032       0.08669 0.20340 0.31532   0.00039 0.25064   0.315 0.087 0.208 
0.88710  22830       0.08598 0.20180 0.31296   0.00039 0.25205   0.313 0.086 0.206 
0.88810  22628       0.08528 0.20020 0.31060   0.00039 0.25346   0.311 0.085 0.205 
0.88909  22426       0.08465 0.19861 0.30823   0.00039 0.25489   0.308 0.085 0.203 
0.89009  22224       0.08402 0.19703 0.30586   0.00039 0.25633   0.306 0.084 0.201 
0.89109  22022       0.08292 0.19528 0.30347   0.00039 0.25778   0.303 0.083 0.199 
0.89209  21820       0.08245 0.19374 0.30109   0.00039 0.25925   0.301 0.082 0.198 
0.89309  21618       0.08190 0.19217 0.29869   0.00039 0.26073   0.299 0.082 0.196 
0.89409  21416       0.08112 0.19053 0.29629   0.00040 0.26222   0.296 0.081 0.194 
0.89509  21214       0.08049 0.18893 0.29388   0.00040 0.26372   0.294 0.080 0.192 
0.89609  21012       0.07986 0.18732 0.29146   0.00040 0.26524   0.291 0.080 0.191 
0.89709  20810       0.07907 0.18567 0.28904   0.00040 0.26677   0.289 0.079 0.189 
0.89809  20608       0.07845 0.18405 0.28661   0.00040 0.26832   0.287 0.078 0.187 
0.89908  20406       0.07782 0.18245 0.28417   0.00040 0.26988   0.284 0.078 0.185 
0.90008  20204       0.07719 0.18083 0.28173   0.00040 0.27145   0.282 0.077 0.184 
0.90108  20002       0.07664 0.17924 0.27928   0.00040 0.27304   0.279 0.077 0.182 
0.90208  19800       0.07585 0.17756 0.27682   0.00041 0.27465   0.277 0.076 0.180 
0.90308  19598       0.07515 0.17591 0.27436   0.00041 0.27627   0.274 0.075 0.178 
0.90408  19396       0.07491 0.17442 0.27189   0.00041 0.27790   0.272 0.075 0.176 
0.90508  19194       0.07452 0.17287 0.26941   0.00041 0.27955   0.269 0.075 0.175 
0.90608  18992       0.07421 0.17134 0.26692   0.00041 0.28122   0.267 0.074 0.173 
0.90708  18790       0.07350 0.16968 0.26443   0.00041 0.28290   0.264 0.073 0.171 
0.90807  18588       0.07303 0.16809 0.26194   0.00041 0.28460   0.262 0.073 0.169 
0.90907  18386       0.07240 0.16645 0.25943   0.00041 0.28632   0.259 0.072 0.168 
0.91007  18184       0.07216 0.16493 0.25692   0.00041 0.28805   0.257 0.072 0.166 
0.91107  17982       0.07146 0.16326 0.25440   0.00041 0.28980   0.254 0.071 0.164 
0.91207  17780       0.07044 0.16148 0.25188   0.00042 0.29157   0.252 0.070 0.162 
0.91307  17578       0.06997 0.15988 0.24934   0.00042 0.29336   0.249 0.070 0.160 
0.91407  17376       0.06894 0.15809 0.24681   0.00042 0.29516   0.247 0.069 0.159 
0.91507  17174       0.06855 0.15652 0.24426   0.00042 0.29699   0.244 0.069 0.157 
0.91607  16972       0.06777 0.15482 0.24171   0.00042 0.29883   0.242 0.068 0.155 
0.91707  16770       0.06698 0.15311 0.23915   0.00042 0.30070   0.239 0.067 0.153 
0.91806  16568       0.06643 0.15148 0.23658   0.00042 0.30258   0.237 0.066 0.151 
0.91906  16366       0.06533 0.14967 0.23400   0.00043 0.30449   0.234 0.065 0.150 
0.92006  16164       0.06494 0.14808 0.23141   0.00043 0.30642   0.231 0.065 0.148 
0.92106  15962       0.06415 0.14636 0.22882   0.00043 0.30837   0.229 0.064 0.146 
0.92206  15760       0.06345 0.14467 0.22622   0.00043 0.31034   0.226 0.063 0.144 
0.92306  15558       0.06219 0.14279 0.22361   0.00043 0.31234   0.224 0.062 0.143 
0.92406  15356       0.06133 0.14103 0.22099   0.00043 0.31436   0.221 0.061 0.141 
0.92506  15154       0.06062 0.13933 0.21837   0.00043 0.31641   0.218 0.061 0.139 
0.92606  14952       0.05984 0.13759 0.21574   0.00044 0.31848   0.216 0.060 0.137 
0.92706  14750       0.05936 0.13596 0.21310   0.00044 0.32057   0.213 0.059 0.135 
0.92805  14548       0.05858 0.13421 0.21045   0.00044 0.32269   0.210 0.059 0.134 
0.92905  14346       0.05787 0.13249 0.20779   0.00044 0.32484   0.208 0.058 0.132 
0.93005  14144       0.05701 0.13072 0.20513   0.00044 0.32701   0.205 0.057 0.130 
0.93105  13942       0.05662 0.12910 0.20246   0.00044 0.32921   0.202 0.057 0.128 
0.93205  13740       0.05591 0.12737 0.19978   0.00045 0.33144   0.200 0.056 0.126 
0.93305  13538       0.05552 0.12574 0.19710   0.00045 0.33370   0.197 0.056 0.125 
0.93405  13336       0.05497 0.12406 0.19440   0.00045 0.33599   0.194 0.055 0.123 
0.93505  13134       0.05465 0.12246 0.19170   0.00045 0.33831   0.192 0.055 0.121 
0.93605  12932       0.05402 0.12074 0.18899   0.00045 0.34066   0.189 0.054 0.119 
0.93705  12730       0.05371 0.11913 0.18628   0.00045 0.34304   0.186 0.054 0.117 
0.93804  12528       0.05300 0.11739 0.18355   0.00045 0.34545   0.184 0.053 0.116 
0.93904  12326       0.05253 0.11572 0.18082   0.00046 0.34790   0.181 0.053 0.114 
0.94004  12124       0.05190 0.11400 0.17808   0.00046 0.35038   0.178 0.052 0.112 
0.94104  11922       0.05167 0.11240 0.17534   0.00046 0.35290   0.175 0.052 0.110 
0.94204  11720       0.05112 0.11070 0.17258   0.00046 0.35546   0.173 0.051 0.108 
0.94304  11518       0.05081 0.10907 0.16982   0.00046 0.35806   0.170 0.051 0.107 
0.94404  11316       0.05049 0.10744 0.16705   0.00046 0.36069   0.167 0.050 0.105 
0.94504  11114       0.04994 0.10573 0.16427   0.00047 0.36337   0.164 0.050 0.103 
0.94604  10912       0.04971 0.10411 0.16148   0.00047 0.36608   0.161 0.050 0.101 
0.94703  10710       0.04923 0.10242 0.15869   0.00047 0.36884   0.159 0.049 0.099 
0.94803  10508       0.04900 0.10080 0.15589   0.00047 0.37165   0.156 0.049 0.098 
0.94903  10306       0.04845 0.09908 0.15308   0.00047 0.37449   0.153 0.048 0.096 
0.95003  10104       0.04790 0.09735 0.15027   0.00047 0.37739   0.150 0.048 0.094 
0.95103  9902        0.04727 0.09560 0.14744   0.00048 0.38034   0.147 0.047 0.092 
0.95203  9700        0.04664 0.09384 0.14461   0.00048 0.38333   0.145 0.047 0.090 
0.95303  9498        0.04594 0.09205 0.14178   0.00048 0.38638   0.142 0.046 0.088 
0.95403  9296        0.04492 0.09016 0.13894   0.00048 0.38947   0.139 0.045 0.087 
0.95503  9094        0.04350 0.08813 0.13609   0.00049 0.39263   0.136 0.044 0.085 
0.95603  8892        0.04154 0.08592 0.13324   0.00049 0.39584   0.133 0.042 0.083 
0.95702  8690        0.03832 0.08328 0.13037   0.00049 0.39911   0.130 0.038 0.081 
0.95802  8488        0.03714 0.08132 0.12751   0.00050 0.40244   0.128 0.037 0.079 
0.95902  8286        0.03604 0.07939 0.12463   0.00050 0.40584   0.125 0.036 0.077 
0.96002  8084        0.03486 0.07742 0.12174   0.00050 0.40932   0.122 0.035 0.076 
0.96102  7882        0.03384 0.07551 0.11883   0.00051 0.41287   0.119 0.034 0.074 
0.96202  7680        0.03243 0.07345 0.11592   0.00051 0.41650   0.116 0.032 0.072 
0.96302  7478        0.03086 0.07134 0.11300   0.00051 0.42021   0.113 0.031 0.070 
0.96402  7276        0.02929 0.06922 0.11007   0.00052 0.42401   0.110 0.029 0.068 
0.96502  7074        0.02764 0.06708 0.10712   0.00052 0.42791   0.107 0.028 0.066 
0.96602  6872        0.02599 0.06492 0.10416   0.00053 0.43189   0.104 0.026 0.065 
0.96701  6670        0.02426 0.06274 0.10120   0.00053 0.43599   0.101 0.024 0.063 
0.96801  6468        0.02277 0.06063 0.09822   0.00053 0.44018   0.098 0.023 0.061 
0.96901  6266        0.02159 0.05862 0.09522   0.00054 0.44450   0.095 0.022 0.059 
0.97001  6064        0.02057 0.05665 0.09222   0.00054 0.44893   0.092 0.021 0.057 
0.97101  5862        0.01861 0.05437 0.08921   0.00055 0.45349   0.089 0.019 0.055 
0.97201  5660        0.01712 0.05224 0.08618   0.00055 0.45819   0.086 0.017 0.053 
0.97301  5458        0.01578 0.05015 0.08314   0.00056 0.46303   0.083 0.016 0.052 
0.97401  5256        0.01429 0.04801 0.08009   0.00056 0.46802   0.080 0.014 0.050 
0.97501  5054        0.01311 0.04596 0.07703   0.00057 0.47318   0.077 0.013 0.048 
0.97600  4852        0.01178 0.04386 0.07395   0.00057 0.47852   0.074 0.012 0.046 
0.97700  4650        0.01076 0.04185 0.07087   0.00058 0.48405   0.071 0.011 0.044 
0.97800  4448        0.00989 0.03990 0.06777   0.00059 0.48978   0.068 0.010 0.042 
0.97900  4246        0.00903 0.03794 0.06466   0.00059 0.49574   0.065 0.009 0.040 
0.98000  4044        0.00832 0.03602 0.06154   0.00060 0.50194   0.062 0.008 0.038 
0.98100  3842        0.00699 0.03389 0.05840   0.00060 0.50841   0.058 0.007 0.036 
0.98200  3640        0.00534 0.03164 0.05525   0.00061 0.51518   0.055 0.005 0.034 
0.98300  3438        0.00440 0.02963 0.05209   0.00062 0.52227   0.052 0.004 0.032 
0.98400  3236        0.00338 0.02758 0.04891   0.00063 0.52974   0.049 0.003 0.030 
0.98500  3034        0.00251 0.02557 0.04571   0.00064 0.53762   0.046 0.003 0.028 
0.98599  2832        0.00212 0.02372 0.04250   0.00065 0.54597   0.042 0.002 0.027 
0.98699  2630        0.00181 0.02188 0.03927   0.00066 0.55485   0.039 0.002 0.025 
0.98799  2428        0.00133 0.01999 0.03602   0.00067 0.56436   0.036 0.001 0.023 
0.98899  2226        0.00110 0.01816 0.03275   0.00068 0.57459   0.033 0.001 0.021 
0.98999  2024        0.00102 0.01637 0.02947   0.00068 0.58568   0.029 0.001 0.019 
0.99099  1822        0.00102 0.01461 0.02616   0.00069 0.59781   0.026 0.001 0.017 
0.99199  1620        0.00102 0.01283 0.02284   0.00070 0.61124   0.023 0.001 0.015 
0.99299  1418        0.00102 0.01105 0.01950   0.00071 0.62632   0.019 0.001 0.013 
0.99399  1216        0.00102 0.00926 0.01614   0.00072 0.64360   0.016 0.001 0.011 
0.99499  1014        0.00102 0.00745 0.01275   0.00073 0.66396   0.013 0.001 0.009 
0.99598  812         0.00102 0.00564 0.00935   0.00074 0.68906   0.009 0.001 0.007 
0.99698  610         0.00071 0.00418 0.00691   0.00076 0.71167   0.007 0.001 0.005 
0.99798  408         0.00031 0.00284 0.00479   0.00079 0.73692   0.005 0.000 0.003 
0.99898  206         0.00024 0.00140 0.00228   0.00082 0.78153   0.002 0.000 0.002 
0.99998  4           0.00000 0.00002 0.00004   0.00095 0.92068   0.000 0.000 0.000 
1.00000  0           0.00000 0.00000 0.00000   0.00100 1.00000   0.000 0.000 0.000 
