Prop_landscape_lost  cost_needed_for_top_fraction  min_prop_rem  ave_prop_rem  weighted_ave_prop_rem   prop_remaining_at_level_of_removal_for_each_ssi_feature...
0.0000  2.0221e+005  1.0000 1.0000 1.0000   1.000 1.000 
0.0010  2.02e+005   1.0000 1.0000 1.0000   1.000 1.000 
0.0020  2.018e+005  1.0000 1.0000 1.0000   1.000 1.000 
0.0030  2.016e+005  1.0000 1.0000 1.0000   1.000 1.000 
0.0040  2.014e+005  1.0000 1.0000 1.0000   1.000 1.000 
0.0050  2.012e+005  1.0000 1.0000 1.0000   1.000 1.000 
0.0060  2.0099e+005  1.0000 1.0000 1.0000   1.000 1.000 
0.0070  2.0079e+005  1.0000 1.0000 1.0000   1.000 1.000 
0.0080  2.0059e+005  1.0000 1.0000 1.0000   1.000 1.000 
0.0090  2.0039e+005  1.0000 1.0000 1.0000   1.000 1.000 
0.0100  2.0019e+005  1.0000 1.0000 1.0000   1.000 1.000 
0.0110  1.9998e+005  1.0000 1.0000 1.0000   1.000 1.000 
0.0120  1.9978e+005  1.0000 1.0000 1.0000   1.000 1.000 
0.0130  1.9958e+005  1.0000 1.0000 1.0000   1.000 1.000 
0.0140  1.9938e+005  1.0000 1.0000 1.0000   1.000 1.000 
0.0150  1.9918e+005  1.0000 1.0000 1.0000   1.000 1.000 
0.0160  1.9897e+005  1.0000 1.0000 1.0000   1.000 1.000 
0.0170  1.9877e+005  1.0000 1.0000 1.0000   1.000 1.000 
0.0180  1.9857e+005  1.0000 1.0000 1.0000   1.000 1.000 
0.0190  1.9837e+005  1.0000 1.0000 1.0000   1.000 1.000 
0.0200  1.9817e+005  1.0000 1.0000 1.0000   1.000 1.000 
0.0210  1.9796e+005  1.0000 1.0000 1.0000   1.000 1.000 
0.0220  1.9776e+005  1.0000 1.0000 1.0000   1.000 1.000 
0.0230  1.9756e+005  1.0000 1.0000 1.0000   1.000 1.000 
0.0240  1.9736e+005  1.0000 1.0000 1.0000   1.000 1.000 
0.0250  1.9716e+005  1.0000 1.0000 1.0000   1.000 1.000 
0.0260  1.9695e+005  1.0000 1.0000 1.0000   1.000 1.000 
0.0270  1.9675e+005  1.0000 1.0000 1.0000   1.000 1.000 
0.0280  1.9655e+005  1.0000 1.0000 1.0000   1.000 1.000 
0.0290  1.9635e+005  1.0000 1.0000 1.0000   1.000 1.000 
0.0300  1.9615e+005  1.0000 1.0000 1.0000   1.000 1.000 
0.0310  1.9594e+005  1.0000 1.0000 1.0000   1.000 1.000 
0.0320  1.9574e+005  1.0000 1.0000 1.0000   1.000 1.000 
0.0330  1.9554e+005  1.0000 1.0000 1.0000   1.000 1.000 
0.0340  1.9534e+005  1.0000 1.0000 1.0000   1.000 1.000 
0.0350  1.9514e+005  1.0000 1.0000 1.0000   1.000 1.000 
0.0360  1.9493e+005  1.0000 1.0000 1.0000   1.000 1.000 
0.0370  1.9473e+005  1.0000 1.0000 1.0000   1.000 1.000 
0.0380  1.9453e+005  1.0000 1.0000 1.0000   1.000 1.000 
0.0390  1.9433e+005  1.0000 1.0000 1.0000   1.000 1.000 
0.0400  1.9413e+005  1.0000 1.0000 1.0000   1.000 1.000 
0.0410  1.9392e+005  1.0000 1.0000 1.0000   1.000 1.000 
0.0420  1.9372e+005  1.0000 1.0000 1.0000   1.000 1.000 
0.0430  1.9352e+005  1.0000 1.0000 1.0000   1.000 1.000 
0.0440  1.9332e+005  1.0000 1.0000 1.0000   1.000 1.000 
0.0450  1.9312e+005  1.0000 1.0000 1.0000   1.000 1.000 
0.0460  1.9291e+005  1.0000 1.0000 1.0000   1.000 1.000 
0.0470  1.9271e+005  1.0000 1.0000 1.0000   1.000 1.000 
0.0480  1.9251e+005  1.0000 1.0000 1.0000   1.000 1.000 
0.0490  1.9231e+005  1.0000 1.0000 1.0000   1.000 1.000 
0.0500  1.9211e+005  1.0000 1.0000 1.0000   1.000 1.000 
0.0510  1.919e+005  1.0000 1.0000 1.0000   1.000 1.000 
0.0520  1.917e+005  1.0000 1.0000 1.0000   1.000 1.000 
0.0530  1.915e+005  1.0000 1.0000 1.0000   1.000 1.000 
0.0540  1.913e+005  1.0000 1.0000 1.0000   1.000 1.000 
0.0550  1.911e+005  1.0000 1.0000 1.0000   1.000 1.000 
0.0560  1.9089e+005  1.0000 1.0000 1.0000   1.000 1.000 
0.0570  1.9069e+005  1.0000 1.0000 1.0000   1.000 1.000 
0.0580  1.9049e+005  1.0000 1.0000 1.0000   1.000 1.000 
0.0589  1.9029e+005  1.0000 1.0000 1.0000   1.000 1.000 
0.0599  1.9009e+005  1.0000 1.0000 1.0000   1.000 1.000 
0.0609  1.8988e+005  1.0000 1.0000 1.0000   1.000 1.000 
0.0619  1.8968e+005  1.0000 1.0000 1.0000   1.000 1.000 
0.0629  1.8948e+005  1.0000 1.0000 1.0000   1.000 1.000 
0.0639  1.8928e+005  1.0000 1.0000 1.0000   1.000 1.000 
0.0649  1.8908e+005  1.0000 1.0000 1.0000   1.000 1.000 
0.0659  1.8887e+005  1.0000 1.0000 1.0000   1.000 1.000 
0.0669  1.8867e+005  1.0000 1.0000 1.0000   1.000 1.000 
0.0679  1.8847e+005  1.0000 1.0000 1.0000   1.000 1.000 
0.0689  1.8827e+005  1.0000 1.0000 1.0000   1.000 1.000 
0.0699  1.8807e+005  1.0000 1.0000 1.0000   1.000 1.000 
0.0709  1.8786e+005  1.0000 1.0000 1.0000   1.000 1.000 
0.0719  1.8766e+005  1.0000 1.0000 1.0000   1.000 1.000 
0.0729  1.8746e+005  1.0000 1.0000 1.0000   1.000 1.000 
0.0739  1.8726e+005  1.0000 1.0000 1.0000   1.000 1.000 
0.0749  1.8706e+005  1.0000 1.0000 1.0000   1.000 1.000 
0.0759  1.8685e+005  1.0000 1.0000 1.0000   1.000 1.000 
0.0769  1.8665e+005  1.0000 1.0000 1.0000   1.000 1.000 
0.0779  1.8645e+005  1.0000 1.0000 1.0000   1.000 1.000 
0.0789  1.8625e+005  1.0000 1.0000 1.0000   1.000 1.000 
0.0799  1.8605e+005  1.0000 1.0000 1.0000   1.000 1.000 
0.0809  1.8584e+005  1.0000 1.0000 1.0000   1.000 1.000 
0.0819  1.8564e+005  1.0000 1.0000 1.0000   1.000 1.000 
0.0829  1.8544e+005  1.0000 1.0000 1.0000   1.000 1.000 
0.0839  1.8524e+005  1.0000 1.0000 1.0000   1.000 1.000 
0.0849  1.8504e+005  1.0000 1.0000 1.0000   1.000 1.000 
0.0859  1.8483e+005  1.0000 1.0000 1.0000   1.000 1.000 
0.0869  1.8463e+005  1.0000 1.0000 1.0000   1.000 1.000 
0.0879  1.8443e+005  1.0000 1.0000 1.0000   1.000 1.000 
0.0889  1.8423e+005  1.0000 1.0000 1.0000   1.000 1.000 
0.0899  1.8403e+005  1.0000 1.0000 1.0000   1.000 1.000 
0.0909  1.8382e+005  1.0000 1.0000 1.0000   1.000 1.000 
0.0919  1.8362e+005  1.0000 1.0000 1.0000   1.000 1.000 
0.0929  1.8342e+005  1.0000 1.0000 1.0000   1.000 1.000 
0.0939  1.8322e+005  1.0000 1.0000 1.0000   1.000 1.000 
0.0949  1.8302e+005  1.0000 1.0000 1.0000   1.000 1.000 
0.0959  1.8281e+005  1.0000 1.0000 1.0000   1.000 1.000 
0.0969  1.8261e+005  1.0000 1.0000 1.0000   1.000 1.000 
0.0979  1.8241e+005  1.0000 1.0000 1.0000   1.000 1.000 
0.0989  1.8221e+005  1.0000 1.0000 1.0000   1.000 1.000 
0.0999  1.8201e+005  1.0000 1.0000 1.0000   1.000 1.000 
0.1009  1.818e+005  1.0000 1.0000 1.0000   1.000 1.000 
0.1019  1.816e+005  1.0000 1.0000 1.0000   1.000 1.000 
0.1029  1.814e+005  1.0000 1.0000 1.0000   1.000 1.000 
0.1039  1.812e+005  1.0000 1.0000 1.0000   1.000 1.000 
0.1049  1.81e+005   1.0000 1.0000 1.0000   1.000 1.000 
0.1059  1.8079e+005  1.0000 1.0000 1.0000   1.000 1.000 
0.1069  1.8059e+005  1.0000 1.0000 1.0000   1.000 1.000 
0.1079  1.8039e+005  1.0000 1.0000 1.0000   1.000 1.000 
0.1089  1.8019e+005  1.0000 1.0000 1.0000   1.000 1.000 
0.1099  1.7999e+005  1.0000 1.0000 1.0000   1.000 1.000 
0.1109  1.7978e+005  1.0000 1.0000 1.0000   1.000 1.000 
0.1119  1.7958e+005  1.0000 1.0000 1.0000   1.000 1.000 
0.1129  1.7938e+005  1.0000 1.0000 1.0000   1.000 1.000 
0.1139  1.7918e+005  1.0000 1.0000 1.0000   1.000 1.000 
0.1149  1.7898e+005  1.0000 1.0000 1.0000   1.000 1.000 
0.1159  1.7877e+005  1.0000 1.0000 1.0000   1.000 1.000 
0.1169  1.7857e+005  1.0000 1.0000 1.0000   1.000 1.000 
0.1179  1.7837e+005  1.0000 1.0000 1.0000   1.000 1.000 
0.1189  1.7817e+005  1.0000 1.0000 1.0000   1.000 1.000 
0.1199  1.7797e+005  1.0000 1.0000 1.0000   1.000 1.000 
0.1209  1.7776e+005  1.0000 1.0000 1.0000   1.000 1.000 
0.1219  1.7756e+005  1.0000 1.0000 1.0000   1.000 1.000 
0.1229  1.7736e+005  1.0000 1.0000 1.0000   1.000 1.000 
0.1239  1.7716e+005  1.0000 1.0000 1.0000   1.000 1.000 
0.1249  1.7696e+005  1.0000 1.0000 1.0000   1.000 1.000 
0.1259  1.7675e+005  1.0000 1.0000 1.0000   1.000 1.000 
0.1269  1.7655e+005  1.0000 1.0000 1.0000   1.000 1.000 
0.1279  1.7635e+005  1.0000 1.0000 1.0000   1.000 1.000 
0.1289  1.7615e+005  1.0000 1.0000 1.0000   1.000 1.000 
0.1299  1.7595e+005  1.0000 1.0000 1.0000   1.000 1.000 
0.1309  1.7574e+005  1.0000 1.0000 1.0000   1.000 1.000 
0.1319  1.7554e+005  1.0000 1.0000 1.0000   1.000 1.000 
0.1329  1.7534e+005  1.0000 1.0000 1.0000   1.000 1.000 
0.1339  1.7514e+005  1.0000 1.0000 1.0000   1.000 1.000 
0.1349  1.7494e+005  1.0000 1.0000 1.0000   1.000 1.000 
0.1359  1.7473e+005  1.0000 1.0000 1.0000   1.000 1.000 
0.1369  1.7453e+005  1.0000 1.0000 1.0000   1.000 1.000 
0.1379  1.7433e+005  1.0000 1.0000 1.0000   1.000 1.000 
0.1389  1.7413e+005  1.0000 1.0000 1.0000   1.000 1.000 
0.1399  1.7393e+005  1.0000 1.0000 1.0000   1.000 1.000 
0.1409  1.7372e+005  1.0000 1.0000 1.0000   1.000 1.000 
0.1419  1.7352e+005  1.0000 1.0000 1.0000   1.000 1.000 
0.1429  1.7332e+005  1.0000 1.0000 1.0000   1.000 1.000 
0.1439  1.7312e+005  1.0000 1.0000 1.0000   1.000 1.000 
0.1449  1.7292e+005  1.0000 1.0000 1.0000   1.000 1.000 
0.1459  1.7271e+005  1.0000 1.0000 1.0000   1.000 1.000 
0.1469  1.7251e+005  1.0000 1.0000 1.0000   1.000 1.000 
0.1479  1.7231e+005  1.0000 1.0000 1.0000   1.000 1.000 
0.1489  1.7211e+005  1.0000 1.0000 1.0000   1.000 1.000 
0.1499  1.7191e+005  1.0000 1.0000 1.0000   1.000 1.000 
0.1509  1.717e+005  1.0000 1.0000 1.0000   1.000 1.000 
0.1519  1.715e+005  1.0000 1.0000 1.0000   1.000 1.000 
0.1529  1.713e+005  1.0000 1.0000 1.0000   1.000 1.000 
0.1539  1.711e+005  1.0000 1.0000 1.0000   1.000 1.000 
0.1549  1.709e+005  1.0000 1.0000 1.0000   1.000 1.000 
0.1558  1.7069e+005  1.0000 1.0000 1.0000   1.000 1.000 
0.1568  1.7049e+005  1.0000 1.0000 1.0000   1.000 1.000 
0.1578  1.7029e+005  1.0000 1.0000 1.0000   1.000 1.000 
0.1588  1.7009e+005  1.0000 1.0000 1.0000   1.000 1.000 
0.1598  1.6989e+005  1.0000 1.0000 1.0000   1.000 1.000 
0.1608  1.6968e+005  1.0000 1.0000 1.0000   1.000 1.000 
0.1618  1.6948e+005  1.0000 1.0000 1.0000   1.000 1.000 
0.1628  1.6928e+005  1.0000 1.0000 1.0000   1.000 1.000 
0.1638  1.6908e+005  1.0000 1.0000 1.0000   1.000 1.000 
0.1648  1.6888e+005  1.0000 1.0000 1.0000   1.000 1.000 
0.1658  1.6867e+005  1.0000 1.0000 1.0000   1.000 1.000 
0.1668  1.6847e+005  1.0000 1.0000 1.0000   1.000 1.000 
0.1678  1.6827e+005  1.0000 1.0000 1.0000   1.000 1.000 
0.1688  1.6807e+005  1.0000 1.0000 1.0000   1.000 1.000 
0.1698  1.6787e+005  1.0000 1.0000 1.0000   1.000 1.000 
0.1708  1.6766e+005  1.0000 1.0000 1.0000   1.000 1.000 
0.1718  1.6746e+005  1.0000 1.0000 1.0000   1.000 1.000 
0.1728  1.6726e+005  1.0000 1.0000 1.0000   1.000 1.000 
0.1738  1.6706e+005  1.0000 1.0000 1.0000   1.000 1.000 
0.1748  1.6686e+005  1.0000 1.0000 1.0000   1.000 1.000 
0.1758  1.6665e+005  1.0000 1.0000 1.0000   1.000 1.000 
0.1768  1.6645e+005  1.0000 1.0000 1.0000   1.000 1.000 
0.1778  1.6625e+005  1.0000 1.0000 1.0000   1.000 1.000 
0.1788  1.6605e+005  1.0000 1.0000 1.0000   1.000 1.000 
0.1798  1.6585e+005  1.0000 1.0000 1.0000   1.000 1.000 
0.1808  1.6564e+005  1.0000 1.0000 1.0000   1.000 1.000 
0.1818  1.6544e+005  1.0000 1.0000 1.0000   1.000 1.000 
0.1828  1.6524e+005  1.0000 1.0000 1.0000   1.000 1.000 
0.1838  1.6504e+005  1.0000 1.0000 1.0000   1.000 1.000 
0.1848  1.6484e+005  1.0000 1.0000 1.0000   1.000 1.000 
0.1858  1.6463e+005  1.0000 1.0000 1.0000   1.000 1.000 
0.1868  1.6443e+005  1.0000 1.0000 1.0000   1.000 1.000 
0.1878  1.6423e+005  1.0000 1.0000 1.0000   1.000 1.000 
0.1888  1.6403e+005  1.0000 1.0000 1.0000   1.000 1.000 
0.1898  1.6383e+005  1.0000 1.0000 1.0000   1.000 1.000 
0.1908  1.6362e+005  1.0000 1.0000 1.0000   1.000 1.000 
0.1918  1.6342e+005  1.0000 1.0000 1.0000   1.000 1.000 
0.1928  1.6322e+005  1.0000 1.0000 1.0000   1.000 1.000 
0.1938  1.6302e+005  1.0000 1.0000 1.0000   1.000 1.000 
0.1948  1.6282e+005  1.0000 1.0000 1.0000   1.000 1.000 
0.1958  1.6261e+005  1.0000 1.0000 1.0000   1.000 1.000 
0.1968  1.6241e+005  1.0000 1.0000 1.0000   1.000 1.000 
0.1978  1.6221e+005  1.0000 1.0000 1.0000   1.000 1.000 
0.1988  1.6201e+005  1.0000 1.0000 1.0000   1.000 1.000 
0.1998  1.6181e+005  1.0000 1.0000 1.0000   1.000 1.000 
0.2008  1.616e+005  1.0000 1.0000 1.0000   1.000 1.000 
0.2018  1.614e+005  1.0000 1.0000 1.0000   1.000 1.000 
0.2028  1.612e+005  1.0000 1.0000 1.0000   1.000 1.000 
0.2038  1.61e+005   1.0000 1.0000 1.0000   1.000 1.000 
0.2048  1.608e+005  1.0000 1.0000 1.0000   1.000 1.000 
0.2058  1.6059e+005  1.0000 1.0000 1.0000   1.000 1.000 
0.2068  1.6039e+005  1.0000 1.0000 1.0000   1.000 1.000 
0.2078  1.6019e+005  1.0000 1.0000 1.0000   1.000 1.000 
0.2088  1.5999e+005  1.0000 1.0000 1.0000   1.000 1.000 
0.2098  1.5979e+005  1.0000 1.0000 1.0000   1.000 1.000 
0.2108  1.5958e+005  1.0000 1.0000 1.0000   1.000 1.000 
0.2118  1.5938e+005  1.0000 1.0000 1.0000   1.000 1.000 
0.2128  1.5918e+005  1.0000 1.0000 1.0000   1.000 1.000 
0.2138  1.5898e+005  1.0000 1.0000 1.0000   1.000 1.000 
0.2148  1.5878e+005  1.0000 1.0000 1.0000   1.000 1.000 
0.2158  1.5857e+005  1.0000 1.0000 1.0000   1.000 1.000 
0.2168  1.5837e+005  1.0000 1.0000 1.0000   1.000 1.000 
0.2178  1.5817e+005  1.0000 1.0000 1.0000   1.000 1.000 
0.2188  1.5797e+005  1.0000 1.0000 1.0000   1.000 1.000 
0.2198  1.5777e+005  1.0000 1.0000 1.0000   1.000 1.000 
0.2208  1.5756e+005  1.0000 1.0000 1.0000   1.000 1.000 
0.2218  1.5736e+005  1.0000 1.0000 1.0000   1.000 1.000 
0.2228  1.5716e+005  1.0000 1.0000 1.0000   1.000 1.000 
0.2238  1.5696e+005  1.0000 1.0000 1.0000   1.000 1.000 
0.2248  1.5676e+005  1.0000 1.0000 1.0000   1.000 1.000 
0.2258  1.5655e+005  1.0000 1.0000 1.0000   1.000 1.000 
0.2268  1.5635e+005  1.0000 1.0000 1.0000   1.000 1.000 
0.2278  1.5615e+005  1.0000 1.0000 1.0000   1.000 1.000 
0.2288  1.5595e+005  1.0000 1.0000 1.0000   1.000 1.000 
0.2298  1.5575e+005  1.0000 1.0000 1.0000   1.000 1.000 
0.2308  1.5554e+005  1.0000 1.0000 1.0000   1.000 1.000 
0.2318  1.5534e+005  1.0000 1.0000 1.0000   1.000 1.000 
0.2328  1.5514e+005  1.0000 1.0000 1.0000   1.000 1.000 
0.2338  1.5494e+005  1.0000 1.0000 1.0000   1.000 1.000 
0.2348  1.5474e+005  1.0000 1.0000 1.0000   1.000 1.000 
0.2358  1.5453e+005  1.0000 1.0000 1.0000   1.000 1.000 
0.2368  1.5433e+005  1.0000 1.0000 1.0000   1.000 1.000 
0.2378  1.5413e+005  1.0000 1.0000 1.0000   1.000 1.000 
0.2388  1.5393e+005  1.0000 1.0000 1.0000   1.000 1.000 
0.2398  1.5373e+005  1.0000 1.0000 1.0000   1.000 1.000 
0.2408  1.5352e+005  1.0000 1.0000 1.0000   1.000 1.000 
0.2418  1.5332e+005  1.0000 1.0000 1.0000   1.000 1.000 
0.2428  1.5312e+005  1.0000 1.0000 1.0000   1.000 1.000 
0.2438  1.5292e+005  1.0000 1.0000 1.0000   1.000 1.000 
0.2448  1.5272e+005  1.0000 1.0000 1.0000   1.000 1.000 
0.2458  1.5251e+005  1.0000 1.0000 1.0000   1.000 1.000 
0.2468  1.5231e+005  1.0000 1.0000 1.0000   1.000 1.000 
0.2478  1.5211e+005  1.0000 1.0000 1.0000   1.000 1.000 
0.2488  1.5191e+005  1.0000 1.0000 1.0000   1.000 1.000 
0.2498  1.5171e+005  1.0000 1.0000 1.0000   1.000 1.000 
0.2508  1.515e+005  1.0000 1.0000 1.0000   1.000 1.000 
0.2518  1.513e+005  1.0000 1.0000 1.0000   1.000 1.000 
0.2527  1.511e+005  1.0000 1.0000 1.0000   1.000 1.000 
0.2537  1.509e+005  1.0000 1.0000 1.0000   1.000 1.000 
0.2547  1.507e+005  1.0000 1.0000 1.0000   1.000 1.000 
0.2557  1.5049e+005  1.0000 1.0000 1.0000   1.000 1.000 
0.2567  1.5029e+005  1.0000 1.0000 1.0000   1.000 1.000 
0.2577  1.5009e+005  1.0000 1.0000 1.0000   1.000 1.000 
0.2587  1.4989e+005  1.0000 1.0000 1.0000   1.000 1.000 
0.2597  1.4969e+005  1.0000 1.0000 1.0000   1.000 1.000 
0.2607  1.4948e+005  1.0000 1.0000 1.0000   1.000 1.000 
0.2617  1.4928e+005  1.0000 1.0000 1.0000   1.000 1.000 
0.2627  1.4908e+005  1.0000 1.0000 1.0000   1.000 1.000 
0.2637  1.4888e+005  1.0000 1.0000 1.0000   1.000 1.000 
0.2647  1.4868e+005  1.0000 1.0000 1.0000   1.000 1.000 
0.2657  1.4847e+005  1.0000 1.0000 1.0000   1.000 1.000 
0.2667  1.4827e+005  1.0000 1.0000 1.0000   1.000 1.000 
0.2677  1.4807e+005  1.0000 1.0000 1.0000   1.000 1.000 
0.2687  1.4787e+005  1.0000 1.0000 1.0000   1.000 1.000 
0.2697  1.4767e+005  1.0000 1.0000 1.0000   1.000 1.000 
0.2707  1.4746e+005  1.0000 1.0000 1.0000   1.000 1.000 
0.2717  1.4726e+005  1.0000 1.0000 1.0000   1.000 1.000 
0.2727  1.4706e+005  1.0000 1.0000 1.0000   1.000 1.000 
0.2737  1.4686e+005  1.0000 1.0000 1.0000   1.000 1.000 
0.2747  1.4666e+005  1.0000 1.0000 1.0000   1.000 1.000 
0.2757  1.4645e+005  1.0000 1.0000 1.0000   1.000 1.000 
0.2767  1.4625e+005  1.0000 1.0000 1.0000   1.000 1.000 
0.2777  1.4605e+005  1.0000 1.0000 1.0000   1.000 1.000 
0.2787  1.4585e+005  1.0000 1.0000 1.0000   1.000 1.000 
0.2797  1.4565e+005  1.0000 1.0000 1.0000   1.000 1.000 
0.2807  1.4544e+005  1.0000 1.0000 1.0000   1.000 1.000 
0.2817  1.4524e+005  1.0000 1.0000 1.0000   1.000 1.000 
0.2827  1.4504e+005  1.0000 1.0000 1.0000   1.000 1.000 
0.2837  1.4484e+005  1.0000 1.0000 1.0000   1.000 1.000 
0.2847  1.4464e+005  1.0000 1.0000 1.0000   1.000 1.000 
0.2857  1.4443e+005  1.0000 1.0000 1.0000   1.000 1.000 
0.2867  1.4423e+005  1.0000 1.0000 1.0000   1.000 1.000 
0.2877  1.4403e+005  1.0000 1.0000 1.0000   1.000 1.000 
0.2887  1.4383e+005  1.0000 1.0000 1.0000   1.000 1.000 
0.2897  1.4363e+005  1.0000 1.0000 1.0000   1.000 1.000 
0.2907  1.4342e+005  1.0000 1.0000 1.0000   1.000 1.000 
0.2917  1.4322e+005  1.0000 1.0000 1.0000   1.000 1.000 
0.2927  1.4302e+005  1.0000 1.0000 1.0000   1.000 1.000 
0.2937  1.4282e+005  1.0000 1.0000 1.0000   1.000 1.000 
0.2947  1.4262e+005  1.0000 1.0000 1.0000   1.000 1.000 
0.2957  1.4241e+005  1.0000 1.0000 1.0000   1.000 1.000 
0.2967  1.4221e+005  1.0000 1.0000 1.0000   1.000 1.000 
0.2977  1.4201e+005  1.0000 1.0000 1.0000   1.000 1.000 
0.2987  1.4181e+005  1.0000 1.0000 1.0000   1.000 1.000 
0.2997  1.4161e+005  1.0000 1.0000 1.0000   1.000 1.000 
0.3007  1.414e+005  1.0000 1.0000 1.0000   1.000 1.000 
0.3017  1.412e+005  1.0000 1.0000 1.0000   1.000 1.000 
0.3027  1.41e+005   1.0000 1.0000 1.0000   1.000 1.000 
0.3037  1.408e+005  1.0000 1.0000 1.0000   1.000 1.000 
0.3047  1.406e+005  1.0000 1.0000 1.0000   1.000 1.000 
0.3057  1.4039e+005  1.0000 1.0000 1.0000   1.000 1.000 
0.3067  1.4019e+005  1.0000 1.0000 1.0000   1.000 1.000 
0.3077  1.3999e+005  1.0000 1.0000 1.0000   1.000 1.000 
0.3087  1.3979e+005  1.0000 1.0000 1.0000   1.000 1.000 
0.3097  1.3959e+005  1.0000 1.0000 1.0000   1.000 1.000 
0.3107  1.3938e+005  1.0000 1.0000 1.0000   1.000 1.000 
0.3117  1.3918e+005  1.0000 1.0000 1.0000   1.000 1.000 
0.3127  1.3898e+005  1.0000 1.0000 1.0000   1.000 1.000 
0.3137  1.3878e+005  1.0000 1.0000 1.0000   1.000 1.000 
0.3147  1.3858e+005  1.0000 1.0000 1.0000   1.000 1.000 
0.3157  1.3837e+005  1.0000 1.0000 1.0000   1.000 1.000 
0.3167  1.3817e+005  1.0000 1.0000 1.0000   1.000 1.000 
0.3177  1.3797e+005  1.0000 1.0000 1.0000   1.000 1.000 
0.3187  1.3777e+005  1.0000 1.0000 1.0000   1.000 1.000 
0.3197  1.3757e+005  1.0000 1.0000 1.0000   1.000 1.000 
0.3207  1.3736e+005  1.0000 1.0000 1.0000   1.000 1.000 
0.3217  1.3716e+005  1.0000 1.0000 1.0000   1.000 1.000 
0.3227  1.3696e+005  1.0000 1.0000 1.0000   1.000 1.000 
0.3237  1.3676e+005  1.0000 1.0000 1.0000   1.000 1.000 
0.3247  1.3656e+005  1.0000 1.0000 1.0000   1.000 1.000 
0.3257  1.3635e+005  1.0000 1.0000 1.0000   1.000 1.000 
0.3267  1.3615e+005  1.0000 1.0000 1.0000   1.000 1.000 
0.3277  1.3595e+005  1.0000 1.0000 1.0000   1.000 1.000 
0.3287  1.3575e+005  1.0000 1.0000 1.0000   1.000 1.000 
0.3297  1.3555e+005  1.0000 1.0000 1.0000   1.000 1.000 
0.3307  1.3534e+005  1.0000 1.0000 1.0000   1.000 1.000 
0.3317  1.3514e+005  1.0000 1.0000 1.0000   1.000 1.000 
0.3327  1.3494e+005  1.0000 1.0000 1.0000   1.000 1.000 
0.3337  1.3474e+005  1.0000 1.0000 1.0000   1.000 1.000 
0.3347  1.3454e+005  1.0000 1.0000 1.0000   1.000 1.000 
0.3357  1.3433e+005  1.0000 1.0000 1.0000   1.000 1.000 
0.3367  1.3413e+005  1.0000 1.0000 1.0000   1.000 1.000 
0.3377  1.3393e+005  1.0000 1.0000 1.0000   1.000 1.000 
0.3387  1.3373e+005  1.0000 1.0000 1.0000   1.000 1.000 
0.3397  1.3353e+005  1.0000 1.0000 1.0000   1.000 1.000 
0.3407  1.3332e+005  1.0000 1.0000 1.0000   1.000 1.000 
0.3417  1.3312e+005  1.0000 1.0000 1.0000   1.000 1.000 
0.3427  1.3292e+005  1.0000 1.0000 1.0000   1.000 1.000 
0.3437  1.3272e+005  1.0000 1.0000 1.0000   1.000 1.000 
0.3447  1.3252e+005  1.0000 1.0000 1.0000   1.000 1.000 
0.3457  1.3231e+005  1.0000 1.0000 1.0000   1.000 1.000 
0.3467  1.3211e+005  1.0000 1.0000 1.0000   1.000 1.000 
0.3477  1.3191e+005  1.0000 1.0000 1.0000   1.000 1.000 
0.3487  1.3171e+005  1.0000 1.0000 1.0000   1.000 1.000 
0.3496  1.3151e+005  1.0000 1.0000 1.0000   1.000 1.000 
0.3506  1.313e+005  1.0000 1.0000 1.0000   1.000 1.000 
0.3516  1.311e+005  1.0000 1.0000 1.0000   1.000 1.000 
0.3526  1.309e+005  1.0000 1.0000 1.0000   1.000 1.000 
0.3536  1.307e+005  1.0000 1.0000 1.0000   1.000 1.000 
0.3546  1.305e+005  1.0000 1.0000 1.0000   1.000 1.000 
0.3556  1.3029e+005  1.0000 1.0000 1.0000   1.000 1.000 
0.3566  1.3009e+005  1.0000 1.0000 1.0000   1.000 1.000 
0.3576  1.2989e+005  1.0000 1.0000 1.0000   1.000 1.000 
0.3586  1.2969e+005  1.0000 1.0000 1.0000   1.000 1.000 
0.3596  1.2949e+005  1.0000 1.0000 1.0000   1.000 1.000 
0.3606  1.2928e+005  1.0000 1.0000 1.0000   1.000 1.000 
0.3616  1.2908e+005  1.0000 1.0000 1.0000   1.000 1.000 
0.3626  1.2888e+005  1.0000 1.0000 1.0000   1.000 1.000 
0.3636  1.2868e+005  1.0000 1.0000 1.0000   1.000 1.000 
0.3646  1.2848e+005  1.0000 1.0000 1.0000   1.000 1.000 
0.3656  1.2827e+005  1.0000 1.0000 1.0000   1.000 1.000 
0.3666  1.2807e+005  1.0000 1.0000 1.0000   1.000 1.000 
0.3676  1.2787e+005  1.0000 1.0000 1.0000   1.000 1.000 
0.3686  1.2767e+005  1.0000 1.0000 1.0000   1.000 1.000 
0.3696  1.2747e+005  1.0000 1.0000 1.0000   1.000 1.000 
0.3706  1.2726e+005  1.0000 1.0000 1.0000   1.000 1.000 
0.3716  1.2706e+005  1.0000 1.0000 1.0000   1.000 1.000 
0.3726  1.2686e+005  1.0000 1.0000 1.0000   1.000 1.000 
0.3736  1.2666e+005  1.0000 1.0000 1.0000   1.000 1.000 
0.3746  1.2646e+005  1.0000 1.0000 1.0000   1.000 1.000 
0.3756  1.2625e+005  1.0000 1.0000 1.0000   1.000 1.000 
0.3766  1.2605e+005  1.0000 1.0000 1.0000   1.000 1.000 
0.3776  1.2585e+005  1.0000 1.0000 1.0000   1.000 1.000 
0.3786  1.2565e+005  1.0000 1.0000 1.0000   1.000 1.000 
0.3796  1.2545e+005  1.0000 1.0000 1.0000   1.000 1.000 
0.3806  1.2524e+005  1.0000 1.0000 1.0000   1.000 1.000 
0.3816  1.2504e+005  1.0000 1.0000 1.0000   1.000 1.000 
0.3826  1.2484e+005  1.0000 1.0000 1.0000   1.000 1.000 
0.3836  1.2464e+005  1.0000 1.0000 1.0000   1.000 1.000 
0.3846  1.2444e+005  1.0000 1.0000 1.0000   1.000 1.000 
0.3856  1.2423e+005  1.0000 1.0000 1.0000   1.000 1.000 
0.3866  1.2403e+005  1.0000 1.0000 1.0000   1.000 1.000 
0.3876  1.2383e+005  1.0000 1.0000 1.0000   1.000 1.000 
0.3886  1.2363e+005  1.0000 1.0000 1.0000   1.000 1.000 
0.3896  1.2343e+005  1.0000 1.0000 1.0000   1.000 1.000 
0.3906  1.2322e+005  1.0000 1.0000 1.0000   1.000 1.000 
0.3916  1.2302e+005  1.0000 1.0000 1.0000   1.000 1.000 
0.3926  1.2282e+005  1.0000 1.0000 1.0000   1.000 1.000 
0.3936  1.2262e+005  1.0000 1.0000 1.0000   1.000 1.000 
0.3946  1.2242e+005  1.0000 1.0000 1.0000   1.000 1.000 
0.3956  1.2221e+005  1.0000 1.0000 1.0000   1.000 1.000 
0.3966  1.2201e+005  1.0000 1.0000 1.0000   1.000 1.000 
0.3976  1.2181e+005  1.0000 1.0000 1.0000   1.000 1.000 
0.3986  1.2161e+005  1.0000 1.0000 1.0000   1.000 1.000 
0.3996  1.2141e+005  1.0000 1.0000 1.0000   1.000 1.000 
0.4006  1.212e+005  1.0000 1.0000 1.0000   1.000 1.000 
0.4016  1.21e+005   1.0000 1.0000 1.0000   1.000 1.000 
0.4026  1.208e+005  1.0000 1.0000 1.0000   1.000 1.000 
0.4036  1.206e+005  1.0000 1.0000 1.0000   1.000 1.000 
0.4046  1.204e+005  1.0000 1.0000 1.0000   1.000 1.000 
0.4056  1.2019e+005  1.0000 1.0000 1.0000   1.000 1.000 
0.4066  1.1999e+005  1.0000 1.0000 1.0000   1.000 1.000 
0.4076  1.1979e+005  1.0000 1.0000 1.0000   1.000 1.000 
0.4086  1.1959e+005  1.0000 1.0000 1.0000   1.000 1.000 
0.4096  1.1939e+005  1.0000 1.0000 1.0000   1.000 1.000 
0.4106  1.1918e+005  1.0000 1.0000 1.0000   1.000 1.000 
0.4116  1.1898e+005  1.0000 1.0000 1.0000   1.000 1.000 
0.4126  1.1878e+005  1.0000 1.0000 1.0000   1.000 1.000 
0.4136  1.1858e+005  1.0000 1.0000 1.0000   1.000 1.000 
0.4146  1.1838e+005  1.0000 1.0000 1.0000   1.000 1.000 
0.4156  1.1817e+005  1.0000 1.0000 1.0000   1.000 1.000 
0.4166  1.1797e+005  1.0000 1.0000 1.0000   1.000 1.000 
0.4176  1.1777e+005  1.0000 1.0000 1.0000   1.000 1.000 
0.4186  1.1757e+005  1.0000 1.0000 1.0000   1.000 1.000 
0.4196  1.1737e+005  1.0000 1.0000 1.0000   1.000 1.000 
0.4206  1.1716e+005  1.0000 1.0000 1.0000   1.000 1.000 
0.4216  1.1696e+005  1.0000 1.0000 1.0000   1.000 1.000 
0.4226  1.1676e+005  1.0000 1.0000 1.0000   1.000 1.000 
0.4236  1.1656e+005  1.0000 1.0000 1.0000   1.000 1.000 
0.4246  1.1636e+005  1.0000 1.0000 1.0000   1.000 1.000 
0.4256  1.1615e+005  1.0000 1.0000 1.0000   1.000 1.000 
0.4266  1.1595e+005  1.0000 1.0000 1.0000   1.000 1.000 
0.4276  1.1575e+005  1.0000 1.0000 1.0000   1.000 1.000 
0.4286  1.1555e+005  1.0000 1.0000 1.0000   1.000 1.000 
0.4296  1.1535e+005  1.0000 1.0000 1.0000   1.000 1.000 
0.4306  1.1514e+005  1.0000 1.0000 1.0000   1.000 1.000 
0.4316  1.1494e+005  1.0000 1.0000 1.0000   1.000 1.000 
0.4326  1.1474e+005  1.0000 1.0000 1.0000   1.000 1.000 
0.4336  1.1454e+005  1.0000 1.0000 1.0000   1.000 1.000 
0.4346  1.1434e+005  1.0000 1.0000 1.0000   1.000 1.000 
0.4356  1.1413e+005  1.0000 1.0000 1.0000   1.000 1.000 
0.4366  1.1393e+005  1.0000 1.0000 1.0000   1.000 1.000 
0.4376  1.1373e+005  1.0000 1.0000 1.0000   1.000 1.000 
0.4386  1.1353e+005  1.0000 1.0000 1.0000   1.000 1.000 
0.4396  1.1333e+005  1.0000 1.0000 1.0000   1.000 1.000 
0.4406  1.1312e+005  1.0000 1.0000 1.0000   1.000 1.000 
0.4416  1.1292e+005  1.0000 1.0000 1.0000   1.000 1.000 
0.4426  1.1272e+005  1.0000 1.0000 1.0000   1.000 1.000 
0.4436  1.1252e+005  1.0000 1.0000 1.0000   1.000 1.000 
0.4446  1.1232e+005  1.0000 1.0000 1.0000   1.000 1.000 
0.4456  1.1211e+005  1.0000 1.0000 1.0000   1.000 1.000 
0.4466  1.1191e+005  1.0000 1.0000 1.0000   1.000 1.000 
0.4475  1.1171e+005  1.0000 1.0000 1.0000   1.000 1.000 
0.4485  1.1151e+005  1.0000 1.0000 1.0000   1.000 1.000 
0.4495  1.1131e+005  1.0000 1.0000 1.0000   1.000 1.000 
0.4505  1.111e+005  1.0000 1.0000 1.0000   1.000 1.000 
0.4515  1.109e+005  1.0000 1.0000 1.0000   1.000 1.000 
0.4525  1.107e+005  1.0000 1.0000 1.0000   1.000 1.000 
0.4535  1.105e+005  1.0000 1.0000 1.0000   1.000 1.000 
0.4545  1.103e+005  1.0000 1.0000 1.0000   1.000 1.000 
0.4555  1.1009e+005  1.0000 1.0000 1.0000   1.000 1.000 
0.4565  1.0989e+005  1.0000 1.0000 1.0000   1.000 1.000 
0.4575  1.0969e+005  1.0000 1.0000 1.0000   1.000 1.000 
0.4585  1.0949e+005  1.0000 1.0000 1.0000   1.000 1.000 
0.4595  1.0929e+005  1.0000 1.0000 1.0000   1.000 1.000 
0.4605  1.0908e+005  1.0000 1.0000 1.0000   1.000 1.000 
0.4615  1.0888e+005  1.0000 1.0000 1.0000   1.000 1.000 
0.4625  1.0868e+005  1.0000 1.0000 1.0000   1.000 1.000 
0.4635  1.0848e+005  1.0000 1.0000 1.0000   1.000 1.000 
0.4645  1.0828e+005  1.0000 1.0000 1.0000   1.000 1.000 
0.4655  1.0807e+005  1.0000 1.0000 1.0000   1.000 1.000 
0.4665  1.0787e+005  1.0000 1.0000 1.0000   1.000 1.000 
0.4675  1.0767e+005  1.0000 1.0000 1.0000   1.000 1.000 
0.4685  1.0747e+005  1.0000 1.0000 1.0000   1.000 1.000 
0.4695  1.0727e+005  1.0000 1.0000 1.0000   1.000 1.000 
0.4705  1.0706e+005  1.0000 1.0000 1.0000   1.000 1.000 
0.4715  1.0686e+005  1.0000 1.0000 1.0000   1.000 1.000 
0.4725  1.0666e+005  1.0000 1.0000 1.0000   1.000 1.000 
0.4735  1.0646e+005  1.0000 1.0000 1.0000   1.000 1.000 
0.4745  1.0626e+005  1.0000 1.0000 1.0000   1.000 1.000 
0.4755  1.0605e+005  1.0000 1.0000 1.0000   1.000 1.000 
0.4765  1.0585e+005  1.0000 1.0000 1.0000   1.000 1.000 
0.4775  1.0565e+005  1.0000 1.0000 1.0000   1.000 1.000 
0.4785  1.0545e+005  1.0000 1.0000 1.0000   1.000 1.000 
0.4795  1.0525e+005  1.0000 1.0000 1.0000   1.000 1.000 
0.4805  1.0504e+005  1.0000 1.0000 1.0000   1.000 1.000 
0.4815  1.0484e+005  1.0000 1.0000 1.0000   1.000 1.000 
0.4825  1.0464e+005  1.0000 1.0000 1.0000   1.000 1.000 
0.4835  1.0444e+005  1.0000 1.0000 1.0000   1.000 1.000 
0.4845  1.0424e+005  1.0000 1.0000 1.0000   1.000 1.000 
0.4855  1.0403e+005  1.0000 1.0000 1.0000   1.000 1.000 
0.4865  1.0383e+005  1.0000 1.0000 1.0000   1.000 1.000 
0.4875  1.0363e+005  1.0000 1.0000 1.0000   1.000 1.000 
0.4885  1.0343e+005  1.0000 1.0000 1.0000   1.000 1.000 
0.4895  1.0323e+005  1.0000 1.0000 1.0000   1.000 1.000 
0.4905  1.0302e+005  1.0000 1.0000 1.0000   1.000 1.000 
0.4915  1.0282e+005  1.0000 1.0000 1.0000   1.000 1.000 
0.4925  1.0262e+005  1.0000 1.0000 1.0000   1.000 1.000 
0.4935  1.0242e+005  1.0000 1.0000 1.0000   1.000 1.000 
0.4945  1.0222e+005  1.0000 1.0000 1.0000   1.000 1.000 
0.4955  1.0201e+005  1.0000 1.0000 1.0000   1.000 1.000 
0.4965  1.0181e+005  1.0000 1.0000 1.0000   1.000 1.000 
0.4975  1.0161e+005  1.0000 1.0000 1.0000   1.000 1.000 
0.4985  1.0141e+005  1.0000 1.0000 1.0000   1.000 1.000 
0.4995  1.0121e+005  1.0000 1.0000 1.0000   1.000 1.000 
0.5005  1.01e+005   1.0000 1.0000 1.0000   1.000 1.000 
0.5015  1.008e+005  1.0000 1.0000 1.0000   1.000 1.000 
0.5025  1.006e+005  1.0000 1.0000 1.0000   1.000 1.000 
0.5035  1.004e+005  1.0000 1.0000 1.0000   1.000 1.000 
0.5045  1.002e+005  1.0000 1.0000 1.0000   1.000 1.000 
0.5055  99994       1.0000 1.0000 1.0000   1.000 1.000 
0.5065  99792       1.0000 1.0000 1.0000   1.000 1.000 
0.5075  99590       1.0000 1.0000 1.0000   1.000 1.000 
0.5085  99388       1.0000 1.0000 1.0000   1.000 1.000 
0.5095  99186       1.0000 1.0000 1.0000   1.000 1.000 
0.5105  98984       1.0000 1.0000 1.0000   1.000 1.000 
0.5115  98782       1.0000 1.0000 1.0000   1.000 1.000 
0.5125  98580       1.0000 1.0000 1.0000   1.000 1.000 
0.5135  98378       1.0000 1.0000 1.0000   1.000 1.000 
0.5145  98176       1.0000 1.0000 1.0000   1.000 1.000 
0.5155  97974       1.0000 1.0000 1.0000   1.000 1.000 
0.5165  97772       1.0000 1.0000 1.0000   1.000 1.000 
0.5175  97570       1.0000 1.0000 1.0000   1.000 1.000 
0.5185  97368       1.0000 1.0000 1.0000   1.000 1.000 
0.5195  97166       1.0000 1.0000 1.0000   1.000 1.000 
0.5205  96964       1.0000 1.0000 1.0000   1.000 1.000 
0.5215  96762       1.0000 1.0000 1.0000   1.000 1.000 
0.5225  96560       1.0000 1.0000 1.0000   1.000 1.000 
0.5235  96358       1.0000 1.0000 1.0000   1.000 1.000 
0.5245  96156       1.0000 1.0000 1.0000   1.000 1.000 
0.5255  95954       1.0000 1.0000 1.0000   1.000 1.000 
0.5265  95752       1.0000 1.0000 1.0000   1.000 1.000 
0.5275  95550       1.0000 1.0000 1.0000   1.000 1.000 
0.5285  95348       1.0000 1.0000 1.0000   1.000 1.000 
0.5295  95146       1.0000 1.0000 1.0000   1.000 1.000 
0.5305  94944       1.0000 1.0000 1.0000   1.000 1.000 
0.5315  94742       1.0000 1.0000 1.0000   1.000 1.000 
0.5325  94540       1.0000 1.0000 1.0000   1.000 1.000 
0.5335  94338       1.0000 1.0000 1.0000   1.000 1.000 
0.5345  94136       1.0000 1.0000 1.0000   1.000 1.000 
0.5355  93934       1.0000 1.0000 1.0000   1.000 1.000 
0.5365  93732       1.0000 1.0000 1.0000   1.000 1.000 
0.5375  93530       1.0000 1.0000 1.0000   1.000 1.000 
0.5385  93328       1.0000 1.0000 1.0000   1.000 1.000 
0.5395  93126       1.0000 1.0000 1.0000   1.000 1.000 
0.5405  92924       1.0000 1.0000 1.0000   1.000 1.000 
0.5415  92722       1.0000 1.0000 1.0000   1.000 1.000 
0.5425  92520       1.0000 1.0000 1.0000   1.000 1.000 
0.5435  92318       1.0000 1.0000 1.0000   1.000 1.000 
0.5444  92116       1.0000 1.0000 1.0000   1.000 1.000 
0.5454  91914       1.0000 1.0000 1.0000   1.000 1.000 
0.5464  91712       1.0000 1.0000 1.0000   1.000 1.000 
0.5474  91510       1.0000 1.0000 1.0000   1.000 1.000 
0.5484  91308       1.0000 1.0000 1.0000   1.000 1.000 
0.5494  91106       1.0000 1.0000 1.0000   1.000 1.000 
0.5504  90904       1.0000 1.0000 1.0000   1.000 1.000 
0.5514  90702       1.0000 1.0000 1.0000   1.000 1.000 
0.5524  90500       1.0000 1.0000 1.0000   1.000 1.000 
0.5534  90298       1.0000 1.0000 1.0000   1.000 1.000 
0.5544  90096       1.0000 1.0000 1.0000   1.000 1.000 
0.5554  89894       1.0000 1.0000 1.0000   1.000 1.000 
0.5564  89692       1.0000 1.0000 1.0000   1.000 1.000 
0.5574  89490       1.0000 1.0000 1.0000   1.000 1.000 
0.5584  89288       1.0000 1.0000 1.0000   1.000 1.000 
0.5594  89086       1.0000 1.0000 1.0000   1.000 1.000 
0.5604  88884       1.0000 1.0000 1.0000   1.000 1.000 
0.5614  88682       1.0000 1.0000 1.0000   1.000 1.000 
0.5624  88480       1.0000 1.0000 1.0000   1.000 1.000 
0.5634  88278       1.0000 1.0000 1.0000   1.000 1.000 
0.5644  88076       1.0000 1.0000 1.0000   1.000 1.000 
0.5654  87874       1.0000 1.0000 1.0000   1.000 1.000 
0.5664  87672       1.0000 1.0000 1.0000   1.000 1.000 
0.5674  87470       1.0000 1.0000 1.0000   1.000 1.000 
0.5684  87268       1.0000 1.0000 1.0000   1.000 1.000 
0.5694  87066       1.0000 1.0000 1.0000   1.000 1.000 
0.5704  86864       1.0000 1.0000 1.0000   1.000 1.000 
0.5714  86662       1.0000 1.0000 1.0000   1.000 1.000 
0.5724  86460       1.0000 1.0000 1.0000   1.000 1.000 
0.5734  86258       1.0000 1.0000 1.0000   1.000 1.000 
0.5744  86056       1.0000 1.0000 1.0000   1.000 1.000 
0.5754  85854       1.0000 1.0000 1.0000   1.000 1.000 
0.5764  85652       1.0000 1.0000 1.0000   1.000 1.000 
0.5774  85450       1.0000 1.0000 1.0000   1.000 1.000 
0.5784  85248       1.0000 1.0000 1.0000   1.000 1.000 
0.5794  85046       1.0000 1.0000 1.0000   1.000 1.000 
0.5804  84844       1.0000 1.0000 1.0000   1.000 1.000 
0.5814  84642       1.0000 1.0000 1.0000   1.000 1.000 
0.5824  84440       1.0000 1.0000 1.0000   1.000 1.000 
0.5834  84238       1.0000 1.0000 1.0000   1.000 1.000 
0.5844  84036       1.0000 1.0000 1.0000   1.000 1.000 
0.5854  83834       1.0000 1.0000 1.0000   1.000 1.000 
0.5864  83632       1.0000 1.0000 1.0000   1.000 1.000 
0.5874  83430       1.0000 1.0000 1.0000   1.000 1.000 
0.5884  83228       1.0000 1.0000 1.0000   1.000 1.000 
0.5894  83026       1.0000 1.0000 1.0000   1.000 1.000 
0.5904  82824       1.0000 1.0000 1.0000   1.000 1.000 
0.5914  82622       1.0000 1.0000 1.0000   1.000 1.000 
0.5924  82420       1.0000 1.0000 1.0000   1.000 1.000 
0.5934  82218       1.0000 1.0000 1.0000   1.000 1.000 
0.5944  82016       1.0000 1.0000 1.0000   1.000 1.000 
0.5954  81814       1.0000 1.0000 1.0000   1.000 1.000 
0.5964  81612       1.0000 1.0000 1.0000   1.000 1.000 
0.5974  81410       1.0000 1.0000 1.0000   1.000 1.000 
0.5984  81208       1.0000 1.0000 1.0000   1.000 1.000 
0.5994  81006       1.0000 1.0000 1.0000   1.000 1.000 
0.6004  80804       1.0000 1.0000 1.0000   1.000 1.000 
0.6014  80602       1.0000 1.0000 1.0000   1.000 1.000 
0.6024  80400       1.0000 1.0000 1.0000   1.000 1.000 
0.6034  80198       1.0000 1.0000 1.0000   1.000 1.000 
0.6044  79996       1.0000 1.0000 1.0000   1.000 1.000 
0.6054  79794       1.0000 1.0000 1.0000   1.000 1.000 
0.6064  79592       1.0000 1.0000 1.0000   1.000 1.000 
0.6074  79390       1.0000 1.0000 1.0000   1.000 1.000 
0.6084  79188       1.0000 1.0000 1.0000   1.000 1.000 
0.6094  78986       1.0000 1.0000 1.0000   1.000 1.000 
0.6104  78784       1.0000 1.0000 1.0000   1.000 1.000 
0.6114  78582       1.0000 1.0000 1.0000   1.000 1.000 
0.6124  78380       1.0000 1.0000 1.0000   1.000 1.000 
0.6134  78178       1.0000 1.0000 1.0000   1.000 1.000 
0.6144  77976       1.0000 1.0000 1.0000   1.000 1.000 
0.6154  77774       1.0000 1.0000 1.0000   1.000 1.000 
0.6164  77572       1.0000 1.0000 1.0000   1.000 1.000 
0.6174  77370       1.0000 1.0000 1.0000   1.000 1.000 
0.6184  77168       1.0000 1.0000 1.0000   1.000 1.000 
0.6194  76966       1.0000 1.0000 1.0000   1.000 1.000 
0.6204  76764       1.0000 1.0000 1.0000   1.000 1.000 
0.6214  76562       1.0000 1.0000 1.0000   1.000 1.000 
0.6224  76360       1.0000 1.0000 1.0000   1.000 1.000 
0.6234  76158       1.0000 1.0000 1.0000   1.000 1.000 
0.6244  75956       1.0000 1.0000 1.0000   1.000 1.000 
0.6254  75754       1.0000 1.0000 1.0000   1.000 1.000 
0.6264  75552       1.0000 1.0000 1.0000   1.000 1.000 
0.6274  75350       1.0000 1.0000 1.0000   1.000 1.000 
0.6284  75148       1.0000 1.0000 1.0000   1.000 1.000 
0.6294  74946       1.0000 1.0000 1.0000   1.000 1.000 
0.6304  74744       1.0000 1.0000 1.0000   1.000 1.000 
0.6314  74542       1.0000 1.0000 1.0000   1.000 1.000 
0.6324  74340       1.0000 1.0000 1.0000   1.000 1.000 
0.6334  74138       1.0000 1.0000 1.0000   1.000 1.000 
0.6344  73936       1.0000 1.0000 1.0000   1.000 1.000 
0.6354  73734       1.0000 1.0000 1.0000   1.000 1.000 
0.6364  73532       1.0000 1.0000 1.0000   1.000 1.000 
0.6374  73330       1.0000 1.0000 1.0000   1.000 1.000 
0.6384  73128       1.0000 1.0000 1.0000   1.000 1.000 
0.6394  72926       1.0000 1.0000 1.0000   1.000 1.000 
0.6404  72724       1.0000 1.0000 1.0000   1.000 1.000 
0.6413  72522       1.0000 1.0000 1.0000   1.000 1.000 
0.6423  72320       1.0000 1.0000 1.0000   1.000 1.000 
0.6433  72118       1.0000 1.0000 1.0000   1.000 1.000 
0.6443  71916       1.0000 1.0000 1.0000   1.000 1.000 
0.6453  71714       1.0000 1.0000 1.0000   1.000 1.000 
0.6463  71512       1.0000 1.0000 1.0000   1.000 1.000 
0.6473  71310       1.0000 1.0000 1.0000   1.000 1.000 
0.6483  71108       1.0000 1.0000 1.0000   1.000 1.000 
0.6493  70906       1.0000 1.0000 1.0000   1.000 1.000 
0.6503  70704       1.0000 1.0000 1.0000   1.000 1.000 
0.6513  70502       1.0000 1.0000 1.0000   1.000 1.000 
0.6523  70300       1.0000 1.0000 1.0000   1.000 1.000 
0.6533  70098       1.0000 1.0000 1.0000   1.000 1.000 
0.6543  69896       1.0000 1.0000 1.0000   1.000 1.000 
0.6553  69694       1.0000 1.0000 1.0000   1.000 1.000 
0.6563  69492       1.0000 1.0000 1.0000   1.000 1.000 
0.6573  69290       1.0000 1.0000 1.0000   1.000 1.000 
0.6583  69088       1.0000 1.0000 1.0000   1.000 1.000 
0.6593  68886       1.0000 1.0000 1.0000   1.000 1.000 
0.6603  68684       1.0000 1.0000 1.0000   1.000 1.000 
0.6613  68482       1.0000 1.0000 1.0000   1.000 1.000 
0.6623  68280       1.0000 1.0000 1.0000   1.000 1.000 
0.6633  68078       1.0000 1.0000 1.0000   1.000 1.000 
0.6643  67876       1.0000 1.0000 1.0000   1.000 1.000 
0.6653  67674       1.0000 1.0000 1.0000   1.000 1.000 
0.6663  67472       1.0000 1.0000 1.0000   1.000 1.000 
0.6673  67270       1.0000 1.0000 1.0000   1.000 1.000 
0.6683  67068       1.0000 1.0000 1.0000   1.000 1.000 
0.6693  66866       1.0000 1.0000 1.0000   1.000 1.000 
0.6703  66664       1.0000 1.0000 1.0000   1.000 1.000 
0.6713  66462       1.0000 1.0000 1.0000   1.000 1.000 
0.6723  66260       1.0000 1.0000 1.0000   1.000 1.000 
0.6733  66058       1.0000 1.0000 1.0000   1.000 1.000 
0.6743  65856       1.0000 1.0000 1.0000   1.000 1.000 
0.6753  65654       1.0000 1.0000 1.0000   1.000 1.000 
0.6763  65452       1.0000 1.0000 1.0000   1.000 1.000 
0.6773  65250       1.0000 1.0000 1.0000   1.000 1.000 
0.6783  65048       1.0000 1.0000 1.0000   1.000 1.000 
0.6793  64846       1.0000 1.0000 1.0000   1.000 1.000 
0.6803  64644       1.0000 1.0000 1.0000   1.000 1.000 
0.6813  64442       1.0000 1.0000 1.0000   1.000 1.000 
0.6823  64240       1.0000 1.0000 1.0000   1.000 1.000 
0.6833  64038       1.0000 1.0000 1.0000   1.000 1.000 
0.6843  63836       1.0000 1.0000 1.0000   1.000 1.000 
0.6853  63634       1.0000 1.0000 1.0000   1.000 1.000 
0.6863  63432       1.0000 1.0000 1.0000   1.000 1.000 
0.6873  63230       1.0000 1.0000 1.0000   1.000 1.000 
0.6883  63028       1.0000 1.0000 1.0000   1.000 1.000 
0.6893  62826       1.0000 1.0000 1.0000   1.000 1.000 
0.6903  62624       1.0000 1.0000 1.0000   1.000 1.000 
0.6913  62422       1.0000 1.0000 1.0000   1.000 1.000 
0.6923  62220       1.0000 1.0000 1.0000   1.000 1.000 
0.6933  62018       1.0000 1.0000 1.0000   1.000 1.000 
0.6943  61816       1.0000 1.0000 1.0000   1.000 1.000 
0.6953  61614       1.0000 1.0000 1.0000   1.000 1.000 
0.6963  61412       1.0000 1.0000 1.0000   1.000 1.000 
0.6973  61210       1.0000 1.0000 1.0000   1.000 1.000 
0.6983  61008       1.0000 1.0000 1.0000   1.000 1.000 
0.6993  60806       1.0000 1.0000 1.0000   1.000 1.000 
0.7003  60604       1.0000 1.0000 1.0000   1.000 1.000 
0.7013  60402       1.0000 1.0000 1.0000   1.000 1.000 
0.7023  60200       1.0000 1.0000 1.0000   1.000 1.000 
0.7033  59998       1.0000 1.0000 1.0000   1.000 1.000 
0.7043  59796       1.0000 1.0000 1.0000   1.000 1.000 
0.7053  59594       1.0000 1.0000 1.0000   1.000 1.000 
0.7063  59392       1.0000 1.0000 1.0000   1.000 1.000 
0.7073  59190       1.0000 1.0000 1.0000   1.000 1.000 
0.7083  58988       1.0000 1.0000 1.0000   1.000 1.000 
0.7093  58786       1.0000 1.0000 1.0000   1.000 1.000 
0.7103  58584       1.0000 1.0000 1.0000   1.000 1.000 
0.7113  58382       1.0000 1.0000 1.0000   1.000 1.000 
0.7123  58180       1.0000 1.0000 1.0000   1.000 1.000 
0.7133  57978       1.0000 1.0000 1.0000   1.000 1.000 
0.7143  57776       1.0000 1.0000 1.0000   1.000 1.000 
0.7153  57574       1.0000 1.0000 1.0000   1.000 1.000 
0.7163  57372       1.0000 1.0000 1.0000   1.000 1.000 
0.7173  57170       1.0000 1.0000 1.0000   1.000 1.000 
0.7183  56968       1.0000 1.0000 1.0000   1.000 1.000 
0.7193  56766       1.0000 1.0000 1.0000   1.000 1.000 
0.7203  56564       1.0000 1.0000 1.0000   1.000 1.000 
0.7213  56362       1.0000 1.0000 1.0000   1.000 1.000 
0.7223  56160       1.0000 1.0000 1.0000   1.000 1.000 
0.7233  55958       1.0000 1.0000 1.0000   1.000 1.000 
0.7243  55756       1.0000 1.0000 1.0000   1.000 1.000 
0.7253  55554       1.0000 1.0000 1.0000   1.000 1.000 
0.7263  55352       1.0000 1.0000 1.0000   1.000 1.000 
0.7273  55150       1.0000 1.0000 1.0000   1.000 1.000 
0.7283  54948       1.0000 1.0000 1.0000   1.000 1.000 
0.7293  54746       1.0000 1.0000 1.0000   1.000 1.000 
0.7303  54544       1.0000 1.0000 1.0000   1.000 1.000 
0.7313  54342       1.0000 1.0000 1.0000   1.000 1.000 
0.7323  54140       1.0000 1.0000 1.0000   1.000 1.000 
0.7333  53938       1.0000 1.0000 1.0000   1.000 1.000 
0.7343  53736       1.0000 1.0000 1.0000   1.000 1.000 
0.7353  53534       1.0000 1.0000 1.0000   1.000 1.000 
0.7363  53332       1.0000 1.0000 1.0000   1.000 1.000 
0.7373  53130       1.0000 1.0000 1.0000   1.000 1.000 
0.7382  52928       1.0000 1.0000 1.0000   1.000 1.000 
0.7392  52726       1.0000 1.0000 1.0000   1.000 1.000 
0.7402  52524       1.0000 1.0000 1.0000   1.000 1.000 
0.7412  52322       1.0000 1.0000 1.0000   1.000 1.000 
0.7422  52120       1.0000 1.0000 1.0000   1.000 1.000 
0.7432  51918       1.0000 1.0000 1.0000   1.000 1.000 
0.7442  51716       1.0000 1.0000 1.0000   1.000 1.000 
0.7452  51514       1.0000 1.0000 1.0000   1.000 1.000 
0.7462  51312       1.0000 1.0000 1.0000   1.000 1.000 
0.7472  51110       1.0000 1.0000 1.0000   1.000 1.000 
0.7482  50908       1.0000 1.0000 1.0000   1.000 1.000 
0.7492  50706       1.0000 1.0000 1.0000   1.000 1.000 
0.7502  50504       1.0000 1.0000 1.0000   1.000 1.000 
0.7512  50302       1.0000 1.0000 1.0000   1.000 1.000 
0.7522  50100       1.0000 1.0000 1.0000   1.000 1.000 
0.7532  49898       1.0000 1.0000 1.0000   1.000 1.000 
0.7542  49696       1.0000 1.0000 1.0000   1.000 1.000 
0.7552  49494       1.0000 1.0000 1.0000   1.000 1.000 
0.7562  49292       1.0000 1.0000 1.0000   1.000 1.000 
0.7572  49090       1.0000 1.0000 1.0000   1.000 1.000 
0.7582  48888       1.0000 1.0000 1.0000   1.000 1.000 
0.7592  48686       1.0000 1.0000 1.0000   1.000 1.000 
0.7602  48484       1.0000 1.0000 1.0000   1.000 1.000 
0.7612  48282       1.0000 1.0000 1.0000   1.000 1.000 
0.7622  48080       1.0000 1.0000 1.0000   1.000 1.000 
0.7632  47878       1.0000 1.0000 1.0000   1.000 1.000 
0.7642  47676       1.0000 1.0000 1.0000   1.000 1.000 
0.7652  47474       1.0000 1.0000 1.0000   1.000 1.000 
0.7662  47272       1.0000 1.0000 1.0000   1.000 1.000 
0.7672  47070       1.0000 1.0000 1.0000   1.000 1.000 
0.7682  46868       1.0000 1.0000 1.0000   1.000 1.000 
0.7692  46666       1.0000 1.0000 1.0000   1.000 1.000 
0.7702  46464       1.0000 1.0000 1.0000   1.000 1.000 
0.7712  46262       1.0000 1.0000 1.0000   1.000 1.000 
0.7722  46060       1.0000 1.0000 1.0000   1.000 1.000 
0.7732  45858       1.0000 1.0000 1.0000   1.000 1.000 
0.7742  45656       1.0000 1.0000 1.0000   1.000 1.000 
0.7752  45454       1.0000 1.0000 1.0000   1.000 1.000 
0.7762  45252       1.0000 1.0000 1.0000   1.000 1.000 
0.7772  45050       1.0000 1.0000 1.0000   1.000 1.000 
0.7782  44848       1.0000 1.0000 1.0000   1.000 1.000 
0.7792  44646       1.0000 1.0000 1.0000   1.000 1.000 
0.7802  44444       1.0000 1.0000 1.0000   1.000 1.000 
0.7812  44242       1.0000 1.0000 1.0000   1.000 1.000 
0.7822  44040       1.0000 1.0000 1.0000   1.000 1.000 
0.7832  43838       1.0000 1.0000 1.0000   1.000 1.000 
0.7842  43636       1.0000 1.0000 1.0000   1.000 1.000 
0.7852  43434       1.0000 1.0000 1.0000   1.000 1.000 
0.7862  43232       1.0000 1.0000 1.0000   1.000 1.000 
0.7872  43030       1.0000 1.0000 1.0000   1.000 1.000 
0.7882  42828       1.0000 1.0000 1.0000   1.000 1.000 
0.7892  42626       1.0000 1.0000 1.0000   1.000 1.000 
0.7902  42424       1.0000 1.0000 1.0000   1.000 1.000 
0.7912  42222       1.0000 1.0000 1.0000   1.000 1.000 
0.7922  42020       1.0000 1.0000 1.0000   1.000 1.000 
0.7932  41818       1.0000 1.0000 1.0000   1.000 1.000 
0.7942  41616       1.0000 1.0000 1.0000   1.000 1.000 
0.7952  41414       1.0000 1.0000 1.0000   1.000 1.000 
0.7962  41212       1.0000 1.0000 1.0000   1.000 1.000 
0.7972  41010       1.0000 1.0000 1.0000   1.000 1.000 
0.7982  40808       1.0000 1.0000 1.0000   1.000 1.000 
0.7992  40606       1.0000 1.0000 1.0000   1.000 1.000 
0.8002  40404       1.0000 1.0000 1.0000   1.000 1.000 
0.8012  40202       1.0000 1.0000 1.0000   1.000 1.000 
0.8022  40000       1.0000 1.0000 1.0000   1.000 1.000 
0.8032  39798       1.0000 1.0000 1.0000   1.000 1.000 
0.8042  39596       1.0000 1.0000 1.0000   1.000 1.000 
0.8052  39394       1.0000 1.0000 1.0000   1.000 1.000 
0.8062  39192       1.0000 1.0000 1.0000   1.000 1.000 
0.8072  38990       1.0000 1.0000 1.0000   1.000 1.000 
0.8082  38788       1.0000 1.0000 1.0000   1.000 1.000 
0.8092  38586       1.0000 1.0000 1.0000   1.000 1.000 
0.8102  38384       1.0000 1.0000 1.0000   1.000 1.000 
0.8112  38182       1.0000 1.0000 1.0000   1.000 1.000 
0.8122  37980       1.0000 1.0000 1.0000   1.000 1.000 
0.8132  37778       1.0000 1.0000 1.0000   1.000 1.000 
0.8142  37576       1.0000 1.0000 1.0000   1.000 1.000 
0.8152  37374       1.0000 1.0000 1.0000   1.000 1.000 
0.8162  37172       1.0000 1.0000 1.0000   1.000 1.000 
0.8172  36970       1.0000 1.0000 1.0000   1.000 1.000 
0.8182  36768       1.0000 1.0000 1.0000   1.000 1.000 
0.8192  36566       1.0000 1.0000 1.0000   1.000 1.000 
0.8202  36364       1.0000 1.0000 1.0000   1.000 1.000 
0.8212  36162       1.0000 1.0000 1.0000   1.000 1.000 
0.8222  35960       1.0000 1.0000 1.0000   1.000 1.000 
0.8232  35758       1.0000 1.0000 1.0000   1.000 1.000 
0.8242  35556       1.0000 1.0000 1.0000   1.000 1.000 
0.8252  35354       1.0000 1.0000 1.0000   1.000 1.000 
0.8262  35152       1.0000 1.0000 1.0000   1.000 1.000 
0.8272  34950       1.0000 1.0000 1.0000   1.000 1.000 
0.8282  34748       1.0000 1.0000 1.0000   1.000 1.000 
0.8292  34546       1.0000 1.0000 1.0000   1.000 1.000 
0.8302  34344       1.0000 1.0000 1.0000   1.000 1.000 
0.8312  34142       1.0000 1.0000 1.0000   1.000 1.000 
0.8322  33940       1.0000 1.0000 1.0000   1.000 1.000 
0.8332  33738       1.0000 1.0000 1.0000   1.000 1.000 
0.8342  33536       1.0000 1.0000 1.0000   1.000 1.000 
0.8351  33334       1.0000 1.0000 1.0000   1.000 1.000 
0.8361  33132       1.0000 1.0000 1.0000   1.000 1.000 
0.8371  32930       1.0000 1.0000 1.0000   1.000 1.000 
0.8381  32728       1.0000 1.0000 1.0000   1.000 1.000 
0.8391  32526       1.0000 1.0000 1.0000   1.000 1.000 
0.8401  32324       1.0000 1.0000 1.0000   1.000 1.000 
0.8411  32122       1.0000 1.0000 1.0000   1.000 1.000 
0.8421  31920       1.0000 1.0000 1.0000   1.000 1.000 
0.8431  31718       1.0000 1.0000 1.0000   1.000 1.000 
0.8441  31516       1.0000 1.0000 1.0000   1.000 1.000 
0.8451  31314       1.0000 1.0000 1.0000   1.000 1.000 
0.8461  31112       1.0000 1.0000 1.0000   1.000 1.000 
0.8471  30910       1.0000 1.0000 1.0000   1.000 1.000 
0.8481  30708       1.0000 1.0000 1.0000   1.000 1.000 
0.8491  30506       1.0000 1.0000 1.0000   1.000 1.000 
0.8501  30304       1.0000 1.0000 1.0000   1.000 1.000 
0.8511  30102       1.0000 1.0000 1.0000   1.000 1.000 
0.8521  29900       1.0000 1.0000 1.0000   1.000 1.000 
0.8531  29698       1.0000 1.0000 1.0000   1.000 1.000 
0.8541  29496       1.0000 1.0000 1.0000   1.000 1.000 
0.8551  29294       1.0000 1.0000 1.0000   1.000 1.000 
0.8561  29092       1.0000 1.0000 1.0000   1.000 1.000 
0.8571  28890       1.0000 1.0000 1.0000   1.000 1.000 
0.8581  28688       1.0000 1.0000 1.0000   1.000 1.000 
0.8591  28486       1.0000 1.0000 1.0000   1.000 1.000 
0.8601  28284       1.0000 1.0000 1.0000   1.000 1.000 
0.8611  28082       1.0000 1.0000 1.0000   1.000 1.000 
0.8621  27880       1.0000 1.0000 1.0000   1.000 1.000 
0.8631  27678       1.0000 1.0000 1.0000   1.000 1.000 
0.8641  27476       1.0000 1.0000 1.0000   1.000 1.000 
0.8651  27274       1.0000 1.0000 1.0000   1.000 1.000 
0.8661  27072       1.0000 1.0000 1.0000   1.000 1.000 
0.8671  26870       1.0000 1.0000 1.0000   1.000 1.000 
0.8681  26668       1.0000 1.0000 1.0000   1.000 1.000 
0.8691  26466       1.0000 1.0000 1.0000   1.000 1.000 
0.8701  26264       1.0000 1.0000 1.0000   1.000 1.000 
0.8711  26062       1.0000 1.0000 1.0000   1.000 1.000 
0.8721  25860       1.0000 1.0000 1.0000   1.000 1.000 
0.8731  25658       1.0000 1.0000 1.0000   1.000 1.000 
0.8741  25456       1.0000 1.0000 1.0000   1.000 1.000 
0.8751  25254       1.0000 1.0000 1.0000   1.000 1.000 
0.8761  25052       1.0000 1.0000 1.0000   1.000 1.000 
0.8771  24850       1.0000 1.0000 1.0000   1.000 1.000 
0.8781  24648       1.0000 1.0000 1.0000   1.000 1.000 
0.8791  24446       1.0000 1.0000 1.0000   1.000 1.000 
0.8801  24244       1.0000 1.0000 1.0000   1.000 1.000 
0.8811  24042       1.0000 1.0000 1.0000   1.000 1.000 
0.8821  23840       1.0000 1.0000 1.0000   1.000 1.000 
0.8831  23638       1.0000 1.0000 1.0000   1.000 1.000 
0.8841  23436       1.0000 1.0000 1.0000   1.000 1.000 
0.8851  23234       1.0000 1.0000 1.0000   1.000 1.000 
0.8861  23032       1.0000 1.0000 1.0000   1.000 1.000 
0.8871  22830       1.0000 1.0000 1.0000   1.000 1.000 
0.8881  22628       1.0000 1.0000 1.0000   1.000 1.000 
0.8891  22426       1.0000 1.0000 1.0000   1.000 1.000 
0.8901  22224       1.0000 1.0000 1.0000   1.000 1.000 
0.8911  22022       1.0000 1.0000 1.0000   1.000 1.000 
0.8921  21820       1.0000 1.0000 1.0000   1.000 1.000 
0.8931  21618       1.0000 1.0000 1.0000   1.000 1.000 
0.8941  21416       1.0000 1.0000 1.0000   1.000 1.000 
0.8951  21214       1.0000 1.0000 1.0000   1.000 1.000 
0.8961  21012       1.0000 1.0000 1.0000   1.000 1.000 
0.8971  20810       1.0000 1.0000 1.0000   1.000 1.000 
0.8981  20608       1.0000 1.0000 1.0000   1.000 1.000 
0.8991  20406       1.0000 1.0000 1.0000   1.000 1.000 
0.9001  20204       1.0000 1.0000 1.0000   1.000 1.000 
0.9011  20002       1.0000 1.0000 1.0000   1.000 1.000 
0.9021  19800       1.0000 1.0000 1.0000   1.000 1.000 
0.9031  19598       1.0000 1.0000 1.0000   1.000 1.000 
0.9041  19396       1.0000 1.0000 1.0000   1.000 1.000 
0.9051  19194       1.0000 1.0000 1.0000   1.000 1.000 
0.9061  18992       1.0000 1.0000 1.0000   1.000 1.000 
0.9071  18790       1.0000 1.0000 1.0000   1.000 1.000 
0.9081  18588       1.0000 1.0000 1.0000   1.000 1.000 
0.9091  18386       1.0000 1.0000 1.0000   1.000 1.000 
0.9101  18184       1.0000 1.0000 1.0000   1.000 1.000 
0.9111  17982       1.0000 1.0000 1.0000   1.000 1.000 
0.9121  17780       1.0000 1.0000 1.0000   1.000 1.000 
0.9131  17578       1.0000 1.0000 1.0000   1.000 1.000 
0.9141  17376       1.0000 1.0000 1.0000   1.000 1.000 
0.9151  17174       1.0000 1.0000 1.0000   1.000 1.000 
0.9161  16972       1.0000 1.0000 1.0000   1.000 1.000 
0.9171  16770       1.0000 1.0000 1.0000   1.000 1.000 
0.9181  16568       1.0000 1.0000 1.0000   1.000 1.000 
0.9191  16366       1.0000 1.0000 1.0000   1.000 1.000 
0.9201  16164       1.0000 1.0000 1.0000   1.000 1.000 
0.9211  15962       1.0000 1.0000 1.0000   1.000 1.000 
0.9221  15760       1.0000 1.0000 1.0000   1.000 1.000 
0.9231  15558       1.0000 1.0000 1.0000   1.000 1.000 
0.9241  15356       1.0000 1.0000 1.0000   1.000 1.000 
0.9251  15154       1.0000 1.0000 1.0000   1.000 1.000 
0.9261  14952       1.0000 1.0000 1.0000   1.000 1.000 
0.9271  14750       1.0000 1.0000 1.0000   1.000 1.000 
0.9281  14548       1.0000 1.0000 1.0000   1.000 1.000 
0.9291  14346       1.0000 1.0000 1.0000   1.000 1.000 
0.9301  14144       1.0000 1.0000 1.0000   1.000 1.000 
0.9311  13942       1.0000 1.0000 1.0000   1.000 1.000 
0.9321  13740       1.0000 1.0000 1.0000   1.000 1.000 
0.9330  13538       1.0000 1.0000 1.0000   1.000 1.000 
0.9340  13336       1.0000 1.0000 1.0000   1.000 1.000 
0.9350  13134       1.0000 1.0000 1.0000   1.000 1.000 
0.9360  12932       1.0000 1.0000 1.0000   1.000 1.000 
0.9370  12730       1.0000 1.0000 1.0000   1.000 1.000 
0.9380  12528       1.0000 1.0000 1.0000   1.000 1.000 
0.9390  12326       1.0000 1.0000 1.0000   1.000 1.000 
0.9400  12124       1.0000 1.0000 1.0000   1.000 1.000 
0.9410  11922       1.0000 1.0000 1.0000   1.000 1.000 
0.9420  11720       1.0000 1.0000 1.0000   1.000 1.000 
0.9430  11518       1.0000 1.0000 1.0000   1.000 1.000 
0.9440  11316       1.0000 1.0000 1.0000   1.000 1.000 
0.9450  11114       1.0000 1.0000 1.0000   1.000 1.000 
0.9460  10912       1.0000 1.0000 1.0000   1.000 1.000 
0.9470  10710       1.0000 1.0000 1.0000   1.000 1.000 
0.9480  10508       1.0000 1.0000 1.0000   1.000 1.000 
0.9490  10306       1.0000 1.0000 1.0000   1.000 1.000 
0.9500  10104       1.0000 1.0000 1.0000   1.000 1.000 
0.9510  9902        1.0000 1.0000 1.0000   1.000 1.000 
0.9520  9700        1.0000 1.0000 1.0000   1.000 1.000 
0.9530  9498        1.0000 1.0000 1.0000   1.000 1.000 
0.9540  9296        1.0000 1.0000 1.0000   1.000 1.000 
0.9550  9094        1.0000 1.0000 1.0000   1.000 1.000 
0.9560  8892        1.0000 1.0000 1.0000   1.000 1.000 
0.9570  8690        1.0000 1.0000 1.0000   1.000 1.000 
0.9580  8488        1.0000 1.0000 1.0000   1.000 1.000 
0.9590  8286        1.0000 1.0000 1.0000   1.000 1.000 
0.9600  8084        1.0000 1.0000 1.0000   1.000 1.000 
0.9610  7882        1.0000 1.0000 1.0000   1.000 1.000 
0.9620  7680        1.0000 1.0000 1.0000   1.000 1.000 
0.9630  7478        1.0000 1.0000 1.0000   1.000 1.000 
0.9640  7276        1.0000 1.0000 1.0000   1.000 1.000 
0.9650  7074        1.0000 1.0000 1.0000   1.000 1.000 
0.9660  6872        1.0000 1.0000 1.0000   1.000 1.000 
0.9670  6670        1.0000 1.0000 1.0000   1.000 1.000 
0.9680  6468        1.0000 1.0000 1.0000   1.000 1.000 
0.9690  6266        1.0000 1.0000 1.0000   1.000 1.000 
0.9700  6064        1.0000 1.0000 1.0000   1.000 1.000 
0.9710  5862        1.0000 1.0000 1.0000   1.000 1.000 
0.9720  5660        1.0000 1.0000 1.0000   1.000 1.000 
0.9730  5458        1.0000 1.0000 1.0000   1.000 1.000 
0.9740  5256        1.0000 1.0000 1.0000   1.000 1.000 
0.9750  5054        1.0000 1.0000 1.0000   1.000 1.000 
0.9760  4852        1.0000 1.0000 1.0000   1.000 1.000 
0.9770  4650        1.0000 1.0000 1.0000   1.000 1.000 
0.9780  4448        1.0000 1.0000 1.0000   1.000 1.000 
0.9790  4246        1.0000 1.0000 1.0000   1.000 1.000 
0.9800  4044        1.0000 1.0000 1.0000   1.000 1.000 
0.9810  3842        1.0000 1.0000 1.0000   1.000 1.000 
0.9820  3640        1.0000 1.0000 1.0000   1.000 1.000 
0.9830  3438        1.0000 1.0000 1.0000   1.000 1.000 
0.9840  3236        1.0000 1.0000 1.0000   1.000 1.000 
0.9850  3034        1.0000 1.0000 1.0000   1.000 1.000 
0.9860  2832        1.0000 1.0000 1.0000   1.000 1.000 
0.9870  2630        1.0000 1.0000 1.0000   1.000 1.000 
0.9880  2428        1.0000 1.0000 1.0000   1.000 1.000 
0.9890  2226        1.0000 1.0000 1.0000   1.000 1.000 
0.9900  2024        1.0000 1.0000 1.0000   1.000 1.000 
0.9910  1822        1.0000 1.0000 1.0000   1.000 1.000 
0.9920  1620        1.0000 1.0000 1.0000   1.000 1.000 
0.9930  1418        1.0000 1.0000 1.0000   1.000 1.000 
0.9940  1216        1.0000 1.0000 1.0000   1.000 1.000 
0.9950  1014        1.0000 1.0000 1.0000   1.000 1.000 
0.9960  812         1.0000 1.0000 1.0000   1.000 1.000 
0.9970  610         0.8095 0.9048 0.9048   0.810 1.000 
0.9980  408         0.5575 0.7788 0.7788   0.558 1.000 
0.9990  206         0.3274 0.6353 0.6353   0.327 0.943 
1.0000  4           0.0060 0.0136 0.0136   0.006 0.021 
1.0000  0           0.0000 0.0000 0.0000   0.000 0.000 


Feature  lost_at_fraction_removed  file_name
0      1.00000 ../data/ssi_CAWA2005.txt
1      1.00000 ../data/ssi_CAWA2010.txt
