F-lost	   TF_cost	min-1	mean-1	max-1	w-mean-1	ext2-1	min-2	mean-2	max-2	w-mean-2	ext2-2	
0.0000	2.0221e+005	1.0000	1.0000	1.0000	1.0000	-0.0000	1.0000	1.0000	1.0000	0.0000	0.0000	
0.0010	2.02e+005 	0.9860	0.9930	1.0000	1.0000	-0.0000	1.0000	1.0000	1.0000	0.0000	0.0000	
0.0020	2.018e+005	0.9841	0.9921	1.0000	1.0000	-0.0000	1.0000	1.0000	1.0000	0.0000	0.0000	
0.0030	2.016e+005	0.9816	0.9908	1.0000	1.0000	-0.0000	0.9999	0.9999	0.9999	0.0000	0.0000	
0.0040	2.014e+005	0.9784	0.9892	1.0000	1.0000	0.0000	0.9998	0.9998	0.9998	0.0000	0.0000	
0.0050	2.012e+005	0.9761	0.9881	1.0000	1.0000	0.0000	0.9998	0.9998	0.9998	0.0000	0.0000	
0.0060	2.0099e+005	0.9739	0.9870	1.0000	1.0000	0.0000	0.9997	0.9997	0.9997	0.0000	0.0000	
0.0070	2.0079e+005	0.9724	0.9862	1.0000	1.0000	0.0000	0.9996	0.9996	0.9996	0.0000	0.0000	
0.0080	2.0059e+005	0.9705	0.9852	1.0000	1.0000	0.0000	0.9995	0.9995	0.9995	0.0000	0.0000	
0.0090	2.0039e+005	0.9688	0.9844	1.0000	1.0000	0.0000	0.9994	0.9994	0.9994	0.0000	0.0000	
0.0100	2.0019e+005	0.9671	0.9835	0.9999	0.9999	0.0000	0.9993	0.9993	0.9993	0.0000	0.0000	
0.0110	1.9998e+005	0.9657	0.9828	0.9999	0.9999	0.0000	0.9992	0.9992	0.9992	0.0000	0.0000	
0.0120	1.9978e+005	0.9650	0.9825	0.9999	0.9999	0.0000	0.9992	0.9992	0.9992	0.0000	0.0000	
0.0130	1.9958e+005	0.9643	0.9821	0.9999	0.9999	0.0000	0.9991	0.9991	0.9991	0.0000	0.0000	
0.0140	1.9938e+005	0.9638	0.9819	0.9999	0.9999	0.0000	0.9990	0.9990	0.9990	0.0000	0.0000	
0.0150	1.9918e+005	0.9637	0.9818	0.9999	0.9999	0.0000	0.9989	0.9989	0.9989	0.0000	0.0000	
0.0160	1.9897e+005	0.9634	0.9816	0.9999	0.9999	0.0000	0.9988	0.9988	0.9988	0.0000	0.0000	
0.0170	1.9877e+005	0.9633	0.9816	0.9999	0.9999	0.0000	0.9987	0.9987	0.9987	0.0000	0.0000	
0.0180	1.9857e+005	0.9629	0.9814	0.9999	0.9999	0.0000	0.9986	0.9986	0.9986	0.0000	0.0000	
0.0190	1.9837e+005	0.9629	0.9814	0.9998	0.9998	0.0000	0.9985	0.9985	0.9985	0.0000	0.0000	
0.0200	1.9817e+005	0.9626	0.9812	0.9998	0.9998	0.0000	0.9984	0.9984	0.9984	0.0000	0.0000	
0.0210	1.9796e+005	0.9623	0.9811	0.9998	0.9998	0.0000	0.9982	0.9982	0.9982	0.0000	0.0000	
0.0220	1.9776e+005	0.9619	0.9809	0.9998	0.9998	0.0000	0.9981	0.9981	0.9981	0.0000	0.0000	
0.0230	1.9756e+005	0.9618	0.9808	0.9998	0.9998	0.0001	0.9980	0.9980	0.9980	0.0000	0.0000	
0.0240	1.9736e+005	0.9611	0.9805	0.9998	0.9998	0.0001	0.9979	0.9979	0.9979	0.0000	0.0000	
0.0250	1.9716e+005	0.9608	0.9803	0.9998	0.9998	0.0001	0.9978	0.9978	0.9978	0.0000	0.0000	
0.0260	1.9695e+005	0.9604	0.9801	0.9998	0.9998	0.0001	0.9977	0.9977	0.9977	0.0000	0.0000	
0.0270	1.9675e+005	0.9600	0.9798	0.9997	0.9997	0.0001	0.9976	0.9976	0.9976	0.0000	0.0000	
0.0280	1.9655e+005	0.9593	0.9795	0.9997	0.9997	0.0001	0.9975	0.9975	0.9975	0.0000	0.0000	
0.0290	1.9635e+005	0.9591	0.9794	0.9997	0.9997	0.0001	0.9974	0.9974	0.9974	0.0000	0.0000	
0.0300	1.9615e+005	0.9585	0.9791	0.9997	0.9997	0.0001	0.9972	0.9972	0.9972	0.0000	0.0000	
0.0310	1.9594e+005	0.9582	0.9789	0.9997	0.9997	0.0001	0.9971	0.9971	0.9971	0.0000	0.0000	
0.0320	1.9574e+005	0.9574	0.9785	0.9997	0.9997	0.0001	0.9970	0.9970	0.9970	0.0000	0.0000	
0.0330	1.9554e+005	0.9567	0.9782	0.9996	0.9996	0.0001	0.9969	0.9969	0.9969	0.0000	0.0000	
0.0340	1.9534e+005	0.9563	0.9780	0.9996	0.9996	0.0001	0.9968	0.9968	0.9968	0.0000	0.0000	
0.0350	1.9514e+005	0.9553	0.9775	0.9996	0.9996	0.0001	0.9966	0.9966	0.9966	0.0000	0.0000	
0.0360	1.9493e+005	0.9548	0.9772	0.9996	0.9996	0.0001	0.9965	0.9965	0.9965	0.0000	0.0000	
0.0370	1.9473e+005	0.9541	0.9768	0.9996	0.9996	0.0001	0.9964	0.9964	0.9964	0.0000	0.0000	
0.0380	1.9453e+005	0.9533	0.9764	0.9996	0.9996	0.0001	0.9963	0.9963	0.9963	0.0000	0.0000	
0.0390	1.9433e+005	0.9528	0.9762	0.9995	0.9995	0.0001	0.9961	0.9961	0.9961	0.0000	0.0000	
0.0400	1.9413e+005	0.9520	0.9757	0.9995	0.9995	0.0001	0.9960	0.9960	0.9960	0.0000	0.0000	
0.0410	1.9392e+005	0.9512	0.9754	0.9995	0.9995	0.0001	0.9959	0.9959	0.9959	0.0000	0.0000	
0.0420	1.9372e+005	0.9501	0.9748	0.9995	0.9995	0.0001	0.9957	0.9957	0.9957	0.0000	0.0000	
0.0430	1.9352e+005	0.9490	0.9742	0.9995	0.9995	0.0001	0.9956	0.9956	0.9956	0.0000	0.0000	
0.0440	1.9332e+005	0.9479	0.9737	0.9994	0.9994	0.0001	0.9955	0.9955	0.9955	0.0000	0.0000	
0.0450	1.9312e+005	0.9468	0.9731	0.9994	0.9994	0.0001	0.9953	0.9953	0.9953	0.0000	0.0000	
0.0460	1.9291e+005	0.9454	0.9724	0.9994	0.9994	0.0002	0.9952	0.9952	0.9952	0.0000	0.0000	
0.0470	1.9271e+005	0.9442	0.9718	0.9994	0.9994	0.0002	0.9951	0.9951	0.9951	0.0000	0.0000	
0.0480	1.9251e+005	0.9432	0.9713	0.9993	0.9993	0.0002	0.9949	0.9949	0.9949	0.0000	0.0000	
0.0490	1.9231e+005	0.9421	0.9707	0.9993	0.9993	0.0002	0.9948	0.9948	0.9948	0.0000	0.0000	
0.0500	1.9211e+005	0.9410	0.9701	0.9993	0.9993	0.0002	0.9946	0.9946	0.9946	0.0000	0.0000	
0.0510	1.919e+005	0.9403	0.9698	0.9993	0.9993	0.0002	0.9945	0.9945	0.9945	0.0000	0.0000	
0.0520	1.917e+005	0.9393	0.9693	0.9992	0.9992	0.0002	0.9943	0.9943	0.9943	0.0000	0.0000	
0.0530	1.915e+005	0.9384	0.9688	0.9992	0.9992	0.0002	0.9942	0.9942	0.9942	0.0000	0.0000	
0.0540	1.913e+005	0.9374	0.9683	0.9992	0.9992	0.0002	0.9941	0.9941	0.9941	0.0000	0.0000	
0.0550	1.911e+005	0.9366	0.9679	0.9992	0.9992	0.0002	0.9939	0.9939	0.9939	0.0000	0.0000	
0.0560	1.9089e+005	0.9358	0.9675	0.9991	0.9991	0.0002	0.9938	0.9938	0.9938	0.0000	0.0000	
0.0570	1.9069e+005	0.9352	0.9672	0.9991	0.9991	0.0002	0.9936	0.9936	0.9936	0.0000	0.0000	
0.0580	1.9049e+005	0.9342	0.9666	0.9991	0.9991	0.0002	0.9935	0.9935	0.9935	0.0000	0.0000	
0.0589	1.9029e+005	0.9334	0.9662	0.9991	0.9991	0.0002	0.9933	0.9933	0.9933	0.0000	0.0000	
0.0599	1.9009e+005	0.9326	0.9658	0.9990	0.9990	0.0002	0.9931	0.9931	0.9931	0.0000	0.0000	
0.0609	1.8988e+005	0.9319	0.9655	0.9990	0.9990	0.0002	0.9930	0.9930	0.9930	0.0000	0.0000	
0.0619	1.8968e+005	0.9312	0.9651	0.9990	0.9990	0.0003	0.9928	0.9928	0.9928	0.0000	0.0000	
0.0629	1.8948e+005	0.9305	0.9647	0.9989	0.9989	0.0003	0.9927	0.9927	0.9927	0.0000	0.0000	
0.0639	1.8928e+005	0.9296	0.9642	0.9989	0.9989	0.0003	0.9925	0.9925	0.9925	0.0000	0.0000	
0.0649	1.8908e+005	0.9291	0.9640	0.9989	0.9989	0.0003	0.9923	0.9923	0.9923	0.0000	0.0000	
0.0659	1.8887e+005	0.9285	0.9637	0.9989	0.9989	0.0003	0.9922	0.9922	0.9922	0.0000	0.0000	
0.0669	1.8867e+005	0.9281	0.9635	0.9988	0.9988	0.0003	0.9920	0.9920	0.9920	0.0000	0.0000	
0.0679	1.8847e+005	0.9278	0.9633	0.9988	0.9988	0.0003	0.9918	0.9918	0.9918	0.0000	0.0000	
0.0689	1.8827e+005	0.9267	0.9627	0.9988	0.9988	0.0003	0.9917	0.9917	0.9917	0.0000	0.0000	
0.0699	1.8807e+005	0.9262	0.9625	0.9987	0.9987	0.0003	0.9915	0.9915	0.9915	0.0000	0.0000	
0.0709	1.8786e+005	0.9256	0.9622	0.9987	0.9987	0.0003	0.9913	0.9913	0.9913	0.0000	0.0000	
0.0719	1.8766e+005	0.9247	0.9617	0.9987	0.9987	0.0003	0.9912	0.9912	0.9912	0.0000	0.0000	
0.0729	1.8746e+005	0.9239	0.9613	0.9986	0.9986	0.0003	0.9910	0.9910	0.9910	0.0000	0.0000	
0.0739	1.8726e+005	0.9231	0.9609	0.9986	0.9986	0.0004	0.9908	0.9908	0.9908	0.0000	0.0000	
0.0749	1.8706e+005	0.9221	0.9603	0.9986	0.9986	0.0004	0.9906	0.9906	0.9906	0.0000	0.0000	
0.0759	1.8685e+005	0.9209	0.9597	0.9985	0.9985	0.0004	0.9904	0.9904	0.9904	0.0000	0.0000	
0.0769	1.8665e+005	0.9202	0.9594	0.9985	0.9985	0.0004	0.9903	0.9903	0.9903	0.0000	0.0000	
0.0779	1.8645e+005	0.9189	0.9587	0.9984	0.9984	0.0004	0.9901	0.9901	0.9901	0.0000	0.0000	
0.0789	1.8625e+005	0.9182	0.9583	0.9984	0.9984	0.0004	0.9899	0.9899	0.9899	0.0000	0.0000	
0.0799	1.8605e+005	0.9168	0.9576	0.9984	0.9984	0.0004	0.9897	0.9897	0.9897	0.0000	0.0000	
0.0809	1.8584e+005	0.9160	0.9572	0.9983	0.9983	0.0004	0.9895	0.9895	0.9895	0.0000	0.0000	
0.0819	1.8564e+005	0.9150	0.9566	0.9983	0.9983	0.0004	0.9893	0.9893	0.9893	0.0000	0.0000	
0.0829	1.8544e+005	0.9142	0.9562	0.9982	0.9982	0.0004	0.9891	0.9891	0.9891	0.0000	0.0000	
0.0839	1.8524e+005	0.9127	0.9554	0.9982	0.9982	0.0004	0.9889	0.9889	0.9889	0.0000	0.0000	
0.0849	1.8504e+005	0.9117	0.9549	0.9982	0.9982	0.0005	0.9887	0.9887	0.9887	0.0000	0.0000	
0.0859	1.8483e+005	0.9101	0.9541	0.9981	0.9981	0.0005	0.9886	0.9886	0.9886	0.0000	0.0000	
0.0869	1.8463e+005	0.9087	0.9534	0.9981	0.9981	0.0005	0.9884	0.9884	0.9884	0.0000	0.0000	
0.0879	1.8443e+005	0.9070	0.9525	0.9980	0.9980	0.0005	0.9882	0.9882	0.9882	0.0000	0.0000	
0.0889	1.8423e+005	0.9055	0.9517	0.9980	0.9980	0.0005	0.9880	0.9880	0.9880	0.0000	0.0000	
0.0899	1.8403e+005	0.9033	0.9506	0.9979	0.9979	0.0005	0.9878	0.9878	0.9878	0.0000	0.0000	
0.0909	1.8382e+005	0.9014	0.9496	0.9979	0.9979	0.0005	0.9876	0.9876	0.9876	0.0000	0.0000	
0.0919	1.8362e+005	0.8997	0.9488	0.9978	0.9978	0.0005	0.9873	0.9873	0.9873	0.0000	0.0000	
0.0929	1.8342e+005	0.8971	0.9475	0.9978	0.9978	0.0006	0.9871	0.9871	0.9871	0.0000	0.0000	
0.0939	1.8322e+005	0.8952	0.9465	0.9978	0.9978	0.0006	0.9869	0.9869	0.9869	0.0000	0.0000	
0.0949	1.8302e+005	0.8934	0.9455	0.9977	0.9977	0.0006	0.9867	0.9867	0.9867	0.0000	0.0000	
0.0959	1.8281e+005	0.8916	0.9446	0.9977	0.9977	0.0006	0.9865	0.9865	0.9865	0.0000	0.0000	
0.0969	1.8261e+005	0.8899	0.9438	0.9976	0.9976	0.0006	0.9863	0.9863	0.9863	0.0000	0.0000	
0.0979	1.8241e+005	0.8877	0.9426	0.9975	0.9975	0.0006	0.9861	0.9861	0.9861	0.0000	0.0000	
0.0989	1.8221e+005	0.8862	0.9419	0.9975	0.9975	0.0006	0.9859	0.9859	0.9859	0.0000	0.0000	
0.0999	1.8201e+005	0.8850	0.9412	0.9974	0.9974	0.0006	0.9856	0.9856	0.9856	0.0000	0.0000	
0.1009	1.818e+005	0.8832	0.9403	0.9974	0.9974	0.0007	0.9854	0.9854	0.9854	0.0000	0.0000	
0.1019	1.816e+005	0.8819	0.9396	0.9973	0.9973	0.0007	0.9852	0.9852	0.9852	0.0000	0.0000	
0.1029	1.814e+005	0.8806	0.9389	0.9973	0.9973	0.0007	0.9850	0.9850	0.9850	0.0000	0.0000	
0.1039	1.812e+005	0.8790	0.9381	0.9972	0.9972	0.0007	0.9847	0.9847	0.9847	0.0000	0.0000	
0.1049	1.81e+005 	0.8774	0.9373	0.9972	0.9972	0.0007	0.9845	0.9845	0.9845	0.0000	0.0000	
0.1059	1.8079e+005	0.8758	0.9364	0.9971	0.9971	0.0007	0.9843	0.9843	0.9843	0.0000	0.0000	
0.1069	1.8059e+005	0.8741	0.9356	0.9970	0.9970	0.0007	0.9840	0.9840	0.9840	0.0000	0.0000	
0.1079	1.8039e+005	0.8729	0.9349	0.9970	0.9970	0.0008	0.9838	0.9838	0.9838	0.0000	0.0000	
0.1089	1.8019e+005	0.8710	0.9340	0.9969	0.9969	0.0008	0.9836	0.9836	0.9836	0.0000	0.0000	
0.1099	1.7999e+005	0.8690	0.9329	0.9969	0.9969	0.0008	0.9833	0.9833	0.9833	0.0000	0.0000	
0.1109	1.7978e+005	0.8670	0.9319	0.9968	0.9968	0.0008	0.9831	0.9831	0.9831	0.0000	0.0000	
0.1119	1.7958e+005	0.8648	0.9308	0.9967	0.9967	0.0008	0.9828	0.9828	0.9828	0.0000	0.0000	
0.1129	1.7938e+005	0.8629	0.9298	0.9967	0.9967	0.0008	0.9826	0.9826	0.9826	0.0000	0.0000	
0.1139	1.7918e+005	0.8605	0.9286	0.9966	0.9966	0.0009	0.9823	0.9823	0.9823	0.0000	0.0000	
0.1149	1.7898e+005	0.8587	0.9276	0.9965	0.9965	0.0009	0.9821	0.9821	0.9821	0.0000	0.0000	
0.1159	1.7877e+005	0.8559	0.9262	0.9965	0.9965	0.0009	0.9818	0.9818	0.9818	0.0000	0.0000	
0.1169	1.7857e+005	0.8537	0.9250	0.9964	0.9964	0.0009	0.9816	0.9816	0.9816	0.0000	0.0000	
0.1179	1.7837e+005	0.8510	0.9236	0.9963	0.9963	0.0009	0.9813	0.9813	0.9813	0.0000	0.0000	
0.1189	1.7817e+005	0.8490	0.9226	0.9962	0.9962	0.0009	0.9811	0.9811	0.9811	0.0000	0.0000	
0.1199	1.7797e+005	0.8459	0.9211	0.9962	0.9962	0.0010	0.9808	0.9808	0.9808	0.0000	0.0000	
0.1209	1.7776e+005	0.8439	0.9200	0.9961	0.9961	0.0010	0.9805	0.9805	0.9805	0.0000	0.0000	
0.1219	1.7756e+005	0.8403	0.9182	0.9960	0.9960	0.0010	0.9803	0.9803	0.9803	0.0000	0.0000	
0.1229	1.7736e+005	0.8384	0.9172	0.9959	0.9959	0.0010	0.9800	0.9800	0.9800	0.0000	0.0000	
0.1239	1.7716e+005	0.8346	0.9152	0.9959	0.9959	0.0010	0.9797	0.9797	0.9797	0.0000	0.0000	
0.1249	1.7696e+005	0.8321	0.9140	0.9958	0.9958	0.0011	0.9795	0.9795	0.9795	0.0000	0.0000	
0.1259	1.7675e+005	0.8285	0.9121	0.9957	0.9957	0.0011	0.9792	0.9792	0.9792	0.0000	0.0000	
0.1269	1.7655e+005	0.8259	0.9108	0.9956	0.9956	0.0011	0.9789	0.9789	0.9789	0.0000	0.0000	
0.1279	1.7635e+005	0.8221	0.9088	0.9955	0.9955	0.0011	0.9787	0.9787	0.9787	0.0000	0.0000	
0.1289	1.7615e+005	0.8197	0.9076	0.9955	0.9955	0.0011	0.9784	0.9784	0.9784	0.0000	0.0000	
0.1299	1.7595e+005	0.8165	0.9059	0.9954	0.9954	0.0012	0.9781	0.9781	0.9781	0.0000	0.0000	
0.1309	1.7574e+005	0.8126	0.9039	0.9953	0.9953	0.0012	0.9778	0.9778	0.9778	0.0000	0.0000	
0.1319	1.7554e+005	0.8096	0.9024	0.9952	0.9952	0.0012	0.9776	0.9776	0.9776	0.0000	0.0000	
0.1329	1.7534e+005	0.8063	0.9007	0.9951	0.9951	0.0012	0.9773	0.9773	0.9773	0.0000	0.0000	
0.1339	1.7514e+005	0.8023	0.8987	0.9950	0.9950	0.0012	0.9770	0.9770	0.9770	0.0000	0.0000	
0.1349	1.7494e+005	0.7993	0.8971	0.9949	0.9949	0.0013	0.9767	0.9767	0.9767	0.0000	0.0000	
0.1359	1.7473e+005	0.7953	0.8951	0.9948	0.9948	0.0013	0.9764	0.9764	0.9764	0.0000	0.0000	
0.1369	1.7453e+005	0.7925	0.8936	0.9947	0.9947	0.0013	0.9761	0.9761	0.9761	0.0000	0.0000	
0.1379	1.7433e+005	0.7887	0.8917	0.9947	0.9947	0.0013	0.9758	0.9758	0.9758	0.0000	0.0000	
0.1389	1.7413e+005	0.7853	0.8899	0.9946	0.9946	0.0014	0.9755	0.9755	0.9755	0.0000	0.0000	
0.1399	1.7393e+005	0.7816	0.8880	0.9945	0.9945	0.0014	0.9753	0.9753	0.9753	0.0000	0.0000	
0.1409	1.7372e+005	0.7776	0.8860	0.9944	0.9944	0.0014	0.9749	0.9749	0.9749	0.0000	0.0000	
0.1419	1.7352e+005	0.7746	0.8844	0.9943	0.9943	0.0014	0.9746	0.9746	0.9746	0.0000	0.0000	
0.1429	1.7332e+005	0.7709	0.8825	0.9942	0.9942	0.0015	0.9743	0.9743	0.9743	0.0000	0.0000	
0.1439	1.7312e+005	0.7673	0.8807	0.9941	0.9941	0.0015	0.9740	0.9740	0.9740	0.0000	0.0000	
0.1449	1.7292e+005	0.7634	0.8787	0.9940	0.9940	0.0015	0.9737	0.9737	0.9737	0.0000	0.0000	
0.1459	1.7271e+005	0.7603	0.8771	0.9939	0.9939	0.0015	0.9734	0.9734	0.9734	0.0000	0.0000	
0.1469	1.7251e+005	0.7571	0.8754	0.9938	0.9938	0.0016	0.9731	0.9731	0.9731	0.0000	0.0000	
0.1479	1.7231e+005	0.7540	0.8738	0.9936	0.9936	0.0016	0.9728	0.9728	0.9728	0.0000	0.0000	
0.1489	1.7211e+005	0.7515	0.8725	0.9935	0.9935	0.0016	0.9724	0.9724	0.9724	0.0000	0.0000	
0.1499	1.7191e+005	0.7490	0.8712	0.9934	0.9934	0.0016	0.9721	0.9721	0.9721	0.0000	0.0000	
0.1509	1.717e+005	0.7468	0.8700	0.9933	0.9933	0.0017	0.9718	0.9718	0.9718	0.0000	0.0000	
0.1519	1.715e+005	0.7450	0.8691	0.9932	0.9932	0.0017	0.9715	0.9715	0.9715	0.0000	0.0000	
0.1529	1.713e+005	0.7428	0.8679	0.9931	0.9931	0.0017	0.9711	0.9711	0.9711	0.0000	0.0000	
0.1539	1.711e+005	0.7407	0.8669	0.9930	0.9930	0.0018	0.9708	0.9708	0.9708	0.0000	0.0000	
0.1549	1.709e+005	0.7387	0.8658	0.9929	0.9929	0.0018	0.9705	0.9705	0.9705	0.0000	0.0000	
0.1558	1.7069e+005	0.7370	0.8649	0.9928	0.9928	0.0018	0.9701	0.9701	0.9701	0.0000	0.0000	
0.1568	1.7049e+005	0.7341	0.8634	0.9926	0.9926	0.0018	0.9698	0.9698	0.9698	0.0000	0.0000	
0.1578	1.7029e+005	0.7323	0.8624	0.9925	0.9925	0.0019	0.9695	0.9695	0.9695	0.0000	0.0000	
0.1588	1.7009e+005	0.7304	0.8614	0.9924	0.9924	0.0019	0.9691	0.9691	0.9691	0.0000	0.0000	
0.1598	1.6989e+005	0.7282	0.8603	0.9923	0.9923	0.0019	0.9688	0.9688	0.9688	0.0000	0.0000	
0.1608	1.6968e+005	0.7260	0.8591	0.9922	0.9922	0.0020	0.9684	0.9684	0.9684	0.0000	0.0000	
0.1618	1.6948e+005	0.7246	0.8583	0.9920	0.9920	0.0020	0.9681	0.9681	0.9681	0.0000	0.0000	
0.1628	1.6928e+005	0.7227	0.8573	0.9919	0.9919	0.0020	0.9677	0.9677	0.9677	0.0000	0.0000	
0.1638	1.6908e+005	0.7208	0.8563	0.9918	0.9918	0.0021	0.9673	0.9673	0.9673	0.0000	0.0000	
0.1648	1.6888e+005	0.7189	0.8553	0.9916	0.9916	0.0021	0.9670	0.9670	0.9670	0.0000	0.0000	
0.1658	1.6867e+005	0.7173	0.8544	0.9915	0.9915	0.0021	0.9666	0.9666	0.9666	0.0000	0.0000	
0.1668	1.6847e+005	0.7157	0.8535	0.9914	0.9914	0.0022	0.9662	0.9662	0.9662	0.0000	0.0000	
0.1678	1.6827e+005	0.7141	0.8527	0.9913	0.9913	0.0022	0.9659	0.9659	0.9659	0.0000	0.0000	
0.1688	1.6807e+005	0.7125	0.8518	0.9911	0.9911	0.0022	0.9655	0.9655	0.9655	0.0000	0.0000	
0.1698	1.6787e+005	0.7114	0.8512	0.9910	0.9910	0.0023	0.9651	0.9651	0.9651	0.0000	0.0000	
0.1708	1.6766e+005	0.7101	0.8505	0.9909	0.9909	0.0023	0.9647	0.9647	0.9647	0.0000	0.0000	
0.1718	1.6746e+005	0.7086	0.8497	0.9907	0.9907	0.0023	0.9643	0.9643	0.9643	0.0000	0.0000	
0.1728	1.6726e+005	0.7077	0.8491	0.9906	0.9906	0.0024	0.9639	0.9639	0.9639	0.0000	0.0000	
0.1738	1.6706e+005	0.7059	0.8482	0.9904	0.9904	0.0024	0.9635	0.9635	0.9635	0.0000	0.0000	
0.1748	1.6686e+005	0.7048	0.8476	0.9903	0.9903	0.0024	0.9631	0.9631	0.9631	0.0000	0.0000	
0.1758	1.6665e+005	0.7034	0.8468	0.9902	0.9902	0.0025	0.9627	0.9627	0.9627	0.0000	0.0000	
0.1768	1.6645e+005	0.7022	0.8461	0.9900	0.9900	0.0025	0.9623	0.9623	0.9623	0.0000	0.0000	
0.1778	1.6625e+005	0.7007	0.8453	0.9899	0.9899	0.0025	0.9619	0.9619	0.9619	0.0000	0.0000	
0.1788	1.6605e+005	0.6993	0.8445	0.9897	0.9897	0.0026	0.9615	0.9615	0.9615	0.0000	0.0000	
0.1798	1.6585e+005	0.6978	0.8437	0.9896	0.9896	0.0026	0.9611	0.9611	0.9611	0.0000	0.0000	
0.1808	1.6564e+005	0.6968	0.8431	0.9894	0.9894	0.0026	0.9607	0.9607	0.9607	0.0000	0.0000	
0.1818	1.6544e+005	0.6960	0.8426	0.9893	0.9893	0.0027	0.9603	0.9603	0.9603	0.0000	0.0000	
0.1828	1.6524e+005	0.6946	0.8419	0.9891	0.9891	0.0027	0.9598	0.9598	0.9598	0.0000	0.0000	
0.1838	1.6504e+005	0.6937	0.8413	0.9890	0.9890	0.0028	0.9594	0.9594	0.9594	0.0000	0.0000	
0.1848	1.6484e+005	0.6927	0.8408	0.9888	0.9888	0.0028	0.9590	0.9590	0.9590	0.0000	0.0000	
0.1858	1.6463e+005	0.6917	0.8402	0.9887	0.9887	0.0028	0.9586	0.9586	0.9586	0.0000	0.0000	
0.1868	1.6443e+005	0.6907	0.8396	0.9885	0.9885	0.0029	0.9581	0.9581	0.9581	0.0000	0.0000	
0.1878	1.6423e+005	0.6898	0.8391	0.9884	0.9884	0.0029	0.9577	0.9577	0.9577	0.0000	0.0000	
0.1888	1.6403e+005	0.6889	0.8386	0.9882	0.9882	0.0030	0.9573	0.9573	0.9573	0.0000	0.0000	
0.1898	1.6383e+005	0.6880	0.8381	0.9881	0.9881	0.0030	0.9568	0.9568	0.9568	0.0000	0.0000	
0.1908	1.6362e+005	0.6875	0.8377	0.9879	0.9879	0.0030	0.9564	0.9564	0.9564	0.0000	0.0000	
0.1918	1.6342e+005	0.6861	0.8369	0.9878	0.9878	0.0031	0.9559	0.9559	0.9559	0.0000	0.0000	
0.1928	1.6322e+005	0.6851	0.8364	0.9876	0.9876	0.0031	0.9555	0.9555	0.9555	0.0000	0.0000	
0.1938	1.6302e+005	0.6845	0.8360	0.9874	0.9874	0.0032	0.9550	0.9550	0.9550	0.0000	0.0000	
0.1948	1.6282e+005	0.6834	0.8353	0.9873	0.9873	0.0032	0.9545	0.9545	0.9545	0.0000	0.0000	
0.1958	1.6261e+005	0.6824	0.8347	0.9871	0.9871	0.0032	0.9541	0.9541	0.9541	0.0000	0.0000	
0.1968	1.6241e+005	0.6818	0.8344	0.9869	0.9869	0.0033	0.9536	0.9536	0.9536	0.0000	0.0000	
0.1978	1.6221e+005	0.6811	0.8340	0.9868	0.9868	0.0033	0.9532	0.9532	0.9532	0.0000	0.0000	
0.1988	1.6201e+005	0.6799	0.8332	0.9866	0.9866	0.0034	0.9527	0.9527	0.9527	0.0000	0.0000	
0.1998	1.6181e+005	0.6790	0.8327	0.9864	0.9864	0.0034	0.9523	0.9523	0.9523	0.0000	0.0000	
0.2008	1.616e+005	0.6781	0.8322	0.9863	0.9863	0.0034	0.9518	0.9518	0.9518	0.0000	0.0000	
0.2018	1.614e+005	0.6768	0.8315	0.9861	0.9861	0.0035	0.9514	0.9514	0.9514	0.0000	0.0000	
0.2028	1.612e+005	0.6761	0.8310	0.9859	0.9859	0.0035	0.9509	0.9509	0.9509	0.0000	0.0000	
0.2038	1.61e+005 	0.6752	0.8305	0.9858	0.9858	0.0036	0.9504	0.9504	0.9504	0.0000	0.0000	
0.2048	1.608e+005	0.6741	0.8299	0.9856	0.9856	0.0036	0.9500	0.9500	0.9500	0.0000	0.0000	
0.2058	1.6059e+005	0.6735	0.8295	0.9854	0.9854	0.0037	0.9495	0.9495	0.9495	0.0000	0.0000	
0.2068	1.6039e+005	0.6726	0.8289	0.9852	0.9852	0.0037	0.9490	0.9490	0.9490	0.0000	0.0000	
0.2078	1.6019e+005	0.6722	0.8286	0.9851	0.9851	0.0038	0.9486	0.9486	0.9486	0.0000	0.0000	
0.2088	1.5999e+005	0.6714	0.8281	0.9849	0.9849	0.0038	0.9481	0.9481	0.9481	0.0000	0.0000	
0.2098	1.5979e+005	0.6704	0.8276	0.9847	0.9847	0.0038	0.9476	0.9476	0.9476	0.0000	0.0000	
0.2108	1.5958e+005	0.6699	0.8272	0.9845	0.9845	0.0039	0.9472	0.9472	0.9472	0.0000	0.0000	
0.2118	1.5938e+005	0.6694	0.8269	0.9843	0.9843	0.0039	0.9467	0.9467	0.9467	0.0000	0.0000	
0.2128	1.5918e+005	0.6686	0.8264	0.9842	0.9842	0.0040	0.9462	0.9462	0.9462	0.0000	0.0000	
0.2138	1.5898e+005	0.6682	0.8261	0.9840	0.9840	0.0040	0.9457	0.9457	0.9457	0.0000	0.0000	
0.2148	1.5878e+005	0.6675	0.8257	0.9838	0.9838	0.0041	0.9453	0.9453	0.9453	0.0000	0.0000	
0.2158	1.5857e+005	0.6664	0.8250	0.9836	0.9836	0.0041	0.9448	0.9448	0.9448	0.0000	0.0000	
0.2168	1.5837e+005	0.6651	0.8243	0.9834	0.9834	0.0042	0.9443	0.9443	0.9443	0.0000	0.0000	
0.2178	1.5817e+005	0.6638	0.8235	0.9832	0.9832	0.0042	0.9438	0.9438	0.9438	0.0000	0.0000	
0.2188	1.5797e+005	0.6619	0.8225	0.9830	0.9830	0.0043	0.9433	0.9433	0.9433	0.0000	0.0000	
0.2198	1.5777e+005	0.6605	0.8217	0.9828	0.9828	0.0043	0.9429	0.9429	0.9429	0.0000	0.0000	
0.2208	1.5756e+005	0.6594	0.8210	0.9827	0.9827	0.0044	0.9424	0.9424	0.9424	0.0000	0.0000	
0.2218	1.5736e+005	0.6586	0.8205	0.9825	0.9825	0.0044	0.9419	0.9419	0.9419	0.0000	0.0000	
0.2228	1.5716e+005	0.6576	0.8199	0.9823	0.9823	0.0045	0.9414	0.9414	0.9414	0.0000	0.0000	
0.2238	1.5696e+005	0.6571	0.8196	0.9821	0.9821	0.0045	0.9409	0.9409	0.9409	0.0000	0.0000	
0.2248	1.5676e+005	0.6567	0.8193	0.9819	0.9819	0.0046	0.9405	0.9405	0.9405	0.0000	0.0000	
0.2258	1.5655e+005	0.6564	0.8190	0.9817	0.9817	0.0046	0.9400	0.9400	0.9400	0.0000	0.0000	
0.2268	1.5635e+005	0.6554	0.8185	0.9815	0.9815	0.0047	0.9395	0.9395	0.9395	0.0000	0.0000	
0.2278	1.5615e+005	0.6549	0.8181	0.9813	0.9813	0.0047	0.9390	0.9390	0.9390	0.0000	0.0000	
0.2288	1.5595e+005	0.6543	0.8177	0.9810	0.9810	0.0048	0.9386	0.9386	0.9386	0.0000	0.0000	
0.2298	1.5575e+005	0.6537	0.8173	0.9808	0.9808	0.0048	0.9381	0.9381	0.9381	0.0000	0.0000	
0.2308	1.5554e+005	0.6529	0.8168	0.9806	0.9806	0.0049	0.9376	0.9376	0.9376	0.0000	0.0000	
0.2318	1.5534e+005	0.6521	0.8162	0.9804	0.9804	0.0049	0.9371	0.9371	0.9371	0.0000	0.0000	
0.2328	1.5514e+005	0.6510	0.8156	0.9802	0.9802	0.0050	0.9366	0.9366	0.9366	0.0000	0.0000	
0.2338	1.5494e+005	0.6507	0.8153	0.9800	0.9800	0.0050	0.9361	0.9361	0.9361	0.0000	0.0000	
0.2348	1.5474e+005	0.6496	0.8147	0.9798	0.9798	0.0051	0.9356	0.9356	0.9356	0.0000	0.0000	
0.2358	1.5453e+005	0.6484	0.8140	0.9795	0.9795	0.0052	0.9351	0.9351	0.9351	0.0000	0.0000	
0.2368	1.5433e+005	0.6476	0.8134	0.9793	0.9793	0.0052	0.9346	0.9346	0.9346	0.0000	0.0000	
0.2378	1.5413e+005	0.6469	0.8130	0.9791	0.9791	0.0053	0.9341	0.9341	0.9341	0.0000	0.0000	
0.2388	1.5393e+005	0.6455	0.8122	0.9789	0.9789	0.0053	0.9336	0.9336	0.9336	0.0000	0.0000	
0.2398	1.5373e+005	0.6441	0.8114	0.9786	0.9786	0.0054	0.9331	0.9331	0.9331	0.0000	0.0000	
0.2408	1.5352e+005	0.6434	0.8109	0.9784	0.9784	0.0054	0.9326	0.9326	0.9326	0.0000	0.0000	
0.2418	1.5332e+005	0.6419	0.8100	0.9782	0.9782	0.0055	0.9321	0.9321	0.9321	0.0000	0.0000	
0.2428	1.5312e+005	0.6404	0.8092	0.9779	0.9779	0.0056	0.9316	0.9316	0.9316	0.0000	0.0000	
0.2438	1.5292e+005	0.6396	0.8086	0.9777	0.9777	0.0056	0.9310	0.9310	0.9310	0.0000	0.0000	
0.2448	1.5272e+005	0.6379	0.8076	0.9774	0.9774	0.0057	0.9305	0.9305	0.9305	0.0000	0.0000	
0.2458	1.5251e+005	0.6366	0.8069	0.9772	0.9772	0.0057	0.9300	0.9300	0.9300	0.0000	0.0000	
0.2468	1.5231e+005	0.6353	0.8061	0.9770	0.9770	0.0058	0.9295	0.9295	0.9295	0.0000	0.0000	
0.2478	1.5211e+005	0.6342	0.8055	0.9767	0.9767	0.0059	0.9289	0.9289	0.9289	0.0000	0.0000	
0.2488	1.5191e+005	0.6327	0.8046	0.9765	0.9765	0.0059	0.9284	0.9284	0.9284	0.0000	0.0000	
0.2498	1.5171e+005	0.6312	0.8037	0.9762	0.9762	0.0060	0.9279	0.9279	0.9279	0.0000	0.0000	
0.2508	1.515e+005	0.6301	0.8030	0.9760	0.9760	0.0061	0.9273	0.9273	0.9273	0.0000	0.0000	
0.2518	1.513e+005	0.6284	0.8021	0.9757	0.9757	0.0061	0.9268	0.9268	0.9268	0.0000	0.0000	
0.2527	1.511e+005	0.6273	0.8013	0.9754	0.9754	0.0062	0.9263	0.9263	0.9263	0.0000	0.0000	
0.2537	1.509e+005	0.6259	0.8006	0.9752	0.9752	0.0063	0.9257	0.9257	0.9257	0.0000	0.0000	
0.2547	1.507e+005	0.6246	0.7998	0.9749	0.9749	0.0063	0.9252	0.9252	0.9252	0.0000	0.0000	
0.2557	1.5049e+005	0.6233	0.7990	0.9747	0.9747	0.0064	0.9246	0.9246	0.9246	0.0000	0.0000	
0.2567	1.5029e+005	0.6219	0.7982	0.9744	0.9744	0.0065	0.9241	0.9241	0.9241	0.0000	0.0000	
0.2577	1.5009e+005	0.6205	0.7973	0.9741	0.9741	0.0065	0.9235	0.9235	0.9235	0.0000	0.0000	
0.2587	1.4989e+005	0.6185	0.7962	0.9739	0.9739	0.0066	0.9230	0.9230	0.9230	0.0000	0.0000	
0.2597	1.4969e+005	0.6169	0.7952	0.9736	0.9736	0.0067	0.9224	0.9224	0.9224	0.0000	0.0000	
0.2607	1.4948e+005	0.6155	0.7944	0.9733	0.9733	0.0067	0.9218	0.9218	0.9218	0.0000	0.0000	
0.2617	1.4928e+005	0.6144	0.7937	0.9730	0.9730	0.0068	0.9213	0.9213	0.9213	0.0000	0.0000	
0.2627	1.4908e+005	0.6124	0.7926	0.9728	0.9728	0.0069	0.9207	0.9207	0.9207	0.0000	0.0000	
0.2637	1.4888e+005	0.6104	0.7915	0.9725	0.9725	0.0070	0.9201	0.9201	0.9201	0.0000	0.0000	
0.2647	1.4868e+005	0.6086	0.7904	0.9722	0.9722	0.0070	0.9196	0.9196	0.9196	0.0000	0.0000	
0.2657	1.4847e+005	0.6076	0.7898	0.9719	0.9719	0.0071	0.9190	0.9190	0.9190	0.0000	0.0000	
0.2667	1.4827e+005	0.6063	0.7890	0.9716	0.9716	0.0072	0.9184	0.9184	0.9184	0.0000	0.0000	
0.2677	1.4807e+005	0.6046	0.7880	0.9713	0.9713	0.0072	0.9179	0.9179	0.9179	0.0000	0.0000	
0.2687	1.4787e+005	0.6026	0.7868	0.9711	0.9711	0.0073	0.9173	0.9173	0.9173	0.0000	0.0000	
0.2697	1.4767e+005	0.6013	0.7861	0.9708	0.9708	0.0074	0.9167	0.9167	0.9167	0.0000	0.0000	
0.2707	1.4746e+005	0.6002	0.7854	0.9705	0.9705	0.0075	0.9161	0.9161	0.9161	0.0000	0.0000	
0.2717	1.4726e+005	0.5989	0.7845	0.9702	0.9702	0.0075	0.9155	0.9155	0.9155	0.0000	0.0000	
0.2727	1.4706e+005	0.5969	0.7834	0.9699	0.9699	0.0076	0.9149	0.9149	0.9149	0.0000	0.0000	
0.2737	1.4686e+005	0.5958	0.7827	0.9696	0.9696	0.0077	0.9143	0.9143	0.9143	0.0000	0.0000	
0.2747	1.4666e+005	0.5942	0.7817	0.9693	0.9693	0.0078	0.9137	0.9137	0.9137	0.0000	0.0000	
0.2757	1.4645e+005	0.5929	0.7810	0.9690	0.9690	0.0079	0.9132	0.9132	0.9132	0.0000	0.0000	
0.2767	1.4625e+005	0.5912	0.7799	0.9687	0.9687	0.0079	0.9126	0.9126	0.9126	0.0000	0.0000	
0.2777	1.4605e+005	0.5898	0.7791	0.9683	0.9683	0.0080	0.9119	0.9119	0.9119	0.0000	0.0000	
0.2787	1.4585e+005	0.5882	0.7781	0.9680	0.9680	0.0081	0.9113	0.9113	0.9113	0.0000	0.0000	
0.2797	1.4565e+005	0.5867	0.7772	0.9677	0.9677	0.0082	0.9107	0.9107	0.9107	0.0000	0.0000	
0.2807	1.4544e+005	0.5855	0.7764	0.9674	0.9674	0.0082	0.9101	0.9101	0.9101	0.0000	0.0000	
0.2817	1.4524e+005	0.5835	0.7753	0.9671	0.9671	0.0083	0.9095	0.9095	0.9095	0.0000	0.0000	
0.2827	1.4504e+005	0.5819	0.7743	0.9668	0.9668	0.0084	0.9089	0.9089	0.9089	0.0000	0.0000	
0.2837	1.4484e+005	0.5803	0.7734	0.9664	0.9664	0.0085	0.9083	0.9083	0.9083	0.0000	0.0000	
0.2847	1.4464e+005	0.5788	0.7725	0.9661	0.9661	0.0086	0.9077	0.9077	0.9077	0.0000	0.0000	
0.2857	1.4443e+005	0.5766	0.7712	0.9658	0.9658	0.0087	0.9071	0.9071	0.9071	0.0000	0.0000	
0.2867	1.4423e+005	0.5746	0.7700	0.9655	0.9655	0.0087	0.9065	0.9065	0.9065	0.0000	0.0000	
0.2877	1.4403e+005	0.5735	0.7693	0.9651	0.9651	0.0088	0.9058	0.9058	0.9058	0.0000	0.0000	
0.2887	1.4383e+005	0.5710	0.7679	0.9648	0.9648	0.0089	0.9052	0.9052	0.9052	0.0000	0.0000	
0.2897	1.4363e+005	0.5691	0.7668	0.9645	0.9645	0.0090	0.9046	0.9046	0.9046	0.0000	0.0000	
0.2907	1.4342e+005	0.5670	0.7656	0.9641	0.9641	0.0091	0.9039	0.9039	0.9039	0.0000	0.0000	
0.2917	1.4322e+005	0.5653	0.7645	0.9638	0.9638	0.0092	0.9033	0.9033	0.9033	0.0000	0.0000	
0.2927	1.4302e+005	0.5630	0.7632	0.9634	0.9634	0.0093	0.9027	0.9027	0.9027	0.0000	0.0000	
0.2937	1.4282e+005	0.5609	0.7620	0.9631	0.9631	0.0094	0.9020	0.9020	0.9020	0.0000	0.0000	
0.2947	1.4262e+005	0.5592	0.7610	0.9628	0.9628	0.0094	0.9014	0.9014	0.9014	0.0000	0.0000	
0.2957	1.4241e+005	0.5574	0.7599	0.9624	0.9624	0.0095	0.9007	0.9007	0.9007	0.0000	0.0000	
0.2967	1.4221e+005	0.5553	0.7587	0.9621	0.9621	0.0096	0.9001	0.9001	0.9001	0.0000	0.0000	
0.2977	1.4201e+005	0.5535	0.7576	0.9617	0.9617	0.0097	0.8994	0.8994	0.8994	0.0000	0.0000	
0.2987	1.4181e+005	0.5517	0.7565	0.9613	0.9613	0.0098	0.8988	0.8988	0.8988	0.0000	0.0000	
0.2997	1.4161e+005	0.5494	0.7552	0.9610	0.9610	0.0099	0.8981	0.8981	0.8981	0.0000	0.0000	
0.3007	1.414e+005	0.5477	0.7542	0.9606	0.9606	0.0100	0.8975	0.8975	0.8975	0.0000	0.0000	
0.3017	1.412e+005	0.5462	0.7532	0.9603	0.9603	0.0101	0.8968	0.8968	0.8968	0.0000	0.0000	
0.3027	1.41e+005 	0.5437	0.7518	0.9599	0.9599	0.0102	0.8962	0.8962	0.8962	0.0000	0.0000	
0.3037	1.408e+005	0.5415	0.7505	0.9595	0.9595	0.0103	0.8955	0.8955	0.8955	0.0000	0.0000	
0.3047	1.406e+005	0.5406	0.7499	0.9592	0.9592	0.0104	0.8948	0.8948	0.8948	0.0000	0.0000	
0.3057	1.4039e+005	0.5388	0.7488	0.9588	0.9588	0.0105	0.8942	0.8942	0.8942	0.0000	0.0000	
0.3067	1.4019e+005	0.5367	0.7476	0.9584	0.9584	0.0106	0.8935	0.8935	0.8935	0.0000	0.0000	
0.3077	1.3999e+005	0.5350	0.7465	0.9580	0.9580	0.0107	0.8928	0.8928	0.8928	0.0000	0.0000	
0.3087	1.3979e+005	0.5329	0.7453	0.9577	0.9577	0.0108	0.8922	0.8922	0.8922	0.0000	0.0000	
0.3097	1.3959e+005	0.5315	0.7444	0.9573	0.9573	0.0109	0.8915	0.8915	0.8915	0.0000	0.0000	
0.3107	1.3938e+005	0.5300	0.7434	0.9569	0.9569	0.0110	0.8908	0.8908	0.8908	0.0000	0.0000	
0.3117	1.3918e+005	0.5286	0.7426	0.9565	0.9565	0.0111	0.8901	0.8901	0.8901	0.0000	0.0000	
0.3127	1.3898e+005	0.5271	0.7416	0.9561	0.9561	0.0112	0.8894	0.8894	0.8894	0.0000	0.0000	
0.3137	1.3878e+005	0.5253	0.7405	0.9557	0.9557	0.0113	0.8888	0.8888	0.8888	0.0000	0.0000	
0.3147	1.3858e+005	0.5243	0.7398	0.9553	0.9553	0.0114	0.8881	0.8881	0.8881	0.0000	0.0000	
0.3157	1.3837e+005	0.5231	0.7390	0.9550	0.9550	0.0115	0.8874	0.8874	0.8874	0.0000	0.0000	
0.3167	1.3817e+005	0.5216	0.7381	0.9546	0.9546	0.0116	0.8867	0.8867	0.8867	0.0000	0.0000	
0.3177	1.3797e+005	0.5202	0.7372	0.9542	0.9542	0.0117	0.8860	0.8860	0.8860	0.0000	0.0000	
0.3187	1.3777e+005	0.5184	0.7361	0.9538	0.9538	0.0118	0.8853	0.8853	0.8853	0.0000	0.0000	
0.3197	1.3757e+005	0.5170	0.7352	0.9534	0.9534	0.0119	0.8846	0.8846	0.8846	0.0000	0.0000	
0.3207	1.3736e+005	0.5158	0.7344	0.9530	0.9530	0.0120	0.8839	0.8839	0.8839	0.0000	0.0000	
0.3217	1.3716e+005	0.5149	0.7337	0.9525	0.9525	0.0121	0.8832	0.8832	0.8832	0.0000	0.0000	
0.3227	1.3696e+005	0.5134	0.7328	0.9521	0.9521	0.0122	0.8825	0.8825	0.8825	0.0000	0.0000	
0.3237	1.3676e+005	0.5118	0.7318	0.9517	0.9517	0.0123	0.8818	0.8818	0.8818	0.0000	0.0000	
0.3247	1.3656e+005	0.5110	0.7311	0.9513	0.9513	0.0124	0.8811	0.8811	0.8811	0.0000	0.0000	
0.3257	1.3635e+005	0.5093	0.7301	0.9509	0.9509	0.0125	0.8804	0.8804	0.8804	0.0000	0.0000	
0.3267	1.3615e+005	0.5084	0.7295	0.9505	0.9505	0.0126	0.8796	0.8796	0.8796	0.0000	0.0000	
0.3277	1.3595e+005	0.5073	0.7287	0.9501	0.9501	0.0127	0.8789	0.8789	0.8789	0.0000	0.0000	
0.3287	1.3575e+005	0.5059	0.7277	0.9496	0.9496	0.0128	0.8782	0.8782	0.8782	0.0000	0.0000	
0.3297	1.3555e+005	0.5050	0.7271	0.9492	0.9492	0.0129	0.8775	0.8775	0.8775	0.0000	0.0000	
0.3307	1.3534e+005	0.5040	0.7264	0.9488	0.9488	0.0131	0.8768	0.8768	0.8768	0.0000	0.0000	
0.3317	1.3514e+005	0.5022	0.7253	0.9483	0.9483	0.0132	0.8760	0.8760	0.8760	0.0000	0.0000	
0.3327	1.3494e+005	0.5009	0.7244	0.9479	0.9479	0.0133	0.8753	0.8753	0.8753	0.0000	0.0000	
0.3337	1.3474e+005	0.4998	0.7236	0.9475	0.9475	0.0134	0.8746	0.8746	0.8746	0.0000	0.0000	
0.3347	1.3454e+005	0.4986	0.7228	0.9470	0.9470	0.0135	0.8738	0.8738	0.8738	0.0000	0.0000	
0.3357	1.3433e+005	0.4973	0.7220	0.9466	0.9466	0.0136	0.8731	0.8731	0.8731	0.0000	0.0000	
0.3367	1.3413e+005	0.4960	0.7211	0.9462	0.9462	0.0137	0.8724	0.8724	0.8724	0.0000	0.0000	
0.3377	1.3393e+005	0.4944	0.7201	0.9457	0.9457	0.0139	0.8716	0.8716	0.8716	0.0000	0.0000	
0.3387	1.3373e+005	0.4932	0.7192	0.9453	0.9453	0.0140	0.8709	0.8709	0.8709	0.0000	0.0000	
0.3397	1.3353e+005	0.4922	0.7185	0.9448	0.9448	0.0141	0.8701	0.8701	0.8701	0.0000	0.0000	
0.3407	1.3332e+005	0.4909	0.7176	0.9444	0.9444	0.0142	0.8694	0.8694	0.8694	0.0000	0.0000	
0.3417	1.3312e+005	0.4900	0.7170	0.9439	0.9439	0.0143	0.8687	0.8687	0.8687	0.0000	0.0000	
0.3427	1.3292e+005	0.4890	0.7162	0.9435	0.9435	0.0144	0.8679	0.8679	0.8679	0.0000	0.0000	
0.3437	1.3272e+005	0.4872	0.7151	0.9430	0.9430	0.0146	0.8672	0.8672	0.8672	0.0000	0.0000	
0.3447	1.3252e+005	0.4865	0.7146	0.9426	0.9426	0.0147	0.8664	0.8664	0.8664	0.0000	0.0000	
0.3457	1.3231e+005	0.4849	0.7135	0.9421	0.9421	0.0148	0.8657	0.8657	0.8657	0.0000	0.0000	
0.3467	1.3211e+005	0.4839	0.7128	0.9416	0.9416	0.0149	0.8649	0.8649	0.8649	0.0000	0.0000	
0.3477	1.3191e+005	0.4827	0.7119	0.9412	0.9412	0.0150	0.8641	0.8641	0.8641	0.0000	0.0000	
0.3487	1.3171e+005	0.4816	0.7112	0.9407	0.9407	0.0152	0.8634	0.8634	0.8634	0.0000	0.0000	
0.3496	1.3151e+005	0.4801	0.7102	0.9402	0.9402	0.0153	0.8626	0.8626	0.8626	0.0000	0.0000	
0.3506	1.313e+005	0.4790	0.7094	0.9398	0.9398	0.0154	0.8618	0.8618	0.8618	0.0000	0.0000	
0.3516	1.311e+005	0.4777	0.7085	0.9393	0.9393	0.0155	0.8611	0.8611	0.8611	0.0000	0.0000	
0.3526	1.309e+005	0.4768	0.7078	0.9388	0.9388	0.0157	0.8603	0.8603	0.8603	0.0000	0.0000	
0.3536	1.307e+005	0.4755	0.7069	0.9383	0.9383	0.0158	0.8595	0.8595	0.8595	0.0000	0.0000	
0.3546	1.305e+005	0.4749	0.7064	0.9379	0.9379	0.0159	0.8588	0.8588	0.8588	0.0000	0.0000	
0.3556	1.3029e+005	0.4734	0.7054	0.9374	0.9374	0.0160	0.8580	0.8580	0.8580	0.0000	0.0000	
0.3566	1.3009e+005	0.4722	0.7045	0.9369	0.9369	0.0162	0.8572	0.8572	0.8572	0.0000	0.0000	
0.3576	1.2989e+005	0.4703	0.7034	0.9364	0.9364	0.0163	0.8564	0.8564	0.8564	0.0000	0.0000	
0.3586	1.2969e+005	0.4691	0.7025	0.9359	0.9359	0.0164	0.8557	0.8557	0.8557	0.0000	0.0000	
0.3596	1.2949e+005	0.4682	0.7018	0.9354	0.9354	0.0165	0.8549	0.8549	0.8549	0.0000	0.0000	
0.3606	1.2928e+005	0.4674	0.7012	0.9349	0.9349	0.0167	0.8541	0.8541	0.8541	0.0000	0.0000	
0.3616	1.2908e+005	0.4656	0.7000	0.9345	0.9345	0.0168	0.8533	0.8533	0.8533	0.0000	0.0000	
0.3626	1.2888e+005	0.4639	0.6989	0.9340	0.9340	0.0169	0.8525	0.8525	0.8525	0.0000	0.0000	
0.3636	1.2868e+005	0.4628	0.6981	0.9335	0.9335	0.0171	0.8517	0.8517	0.8517	0.0000	0.0000	
0.3646	1.2848e+005	0.4621	0.6975	0.9330	0.9330	0.0172	0.8509	0.8509	0.8509	0.0000	0.0000	
0.3656	1.2827e+005	0.4608	0.6966	0.9325	0.9325	0.0173	0.8501	0.8501	0.8501	0.0000	0.0000	
0.3666	1.2807e+005	0.4595	0.6957	0.9319	0.9319	0.0175	0.8493	0.8493	0.8493	0.0000	0.0000	
0.3676	1.2787e+005	0.4580	0.6947	0.9314	0.9314	0.0176	0.8485	0.8485	0.8485	0.0000	0.0000	
0.3686	1.2767e+005	0.4571	0.6940	0.9309	0.9309	0.0177	0.8478	0.8478	0.8478	0.0000	0.0000	
0.3696	1.2747e+005	0.4562	0.6933	0.9304	0.9304	0.0179	0.8470	0.8470	0.8470	0.0000	0.0000	
0.3706	1.2726e+005	0.4555	0.6927	0.9299	0.9299	0.0180	0.8461	0.8461	0.8461	0.0000	0.0000	
0.3716	1.2706e+005	0.4541	0.6917	0.9294	0.9294	0.0181	0.8453	0.8453	0.8453	0.0000	0.0000	
0.3726	1.2686e+005	0.4530	0.6909	0.9289	0.9289	0.0183	0.8445	0.8445	0.8445	0.0000	0.0000	
0.3736	1.2666e+005	0.4522	0.6903	0.9283	0.9283	0.0184	0.8437	0.8437	0.8437	0.0000	0.0000	
0.3746	1.2646e+005	0.4513	0.6896	0.9278	0.9278	0.0186	0.8429	0.8429	0.8429	0.0000	0.0000	
0.3756	1.2625e+005	0.4499	0.6886	0.9273	0.9273	0.0187	0.8421	0.8421	0.8421	0.0000	0.0000	
0.3766	1.2605e+005	0.4482	0.6875	0.9268	0.9268	0.0188	0.8413	0.8413	0.8413	0.0000	0.0000	
0.3776	1.2585e+005	0.4468	0.6865	0.9263	0.9263	0.0190	0.8405	0.8405	0.8405	0.0000	0.0000	
0.3786	1.2565e+005	0.4459	0.6858	0.9257	0.9257	0.0191	0.8396	0.8396	0.8396	0.0000	0.0000	
0.3796	1.2545e+005	0.4452	0.6852	0.9252	0.9252	0.0193	0.8388	0.8388	0.8388	0.0000	0.0000	
0.3806	1.2524e+005	0.4440	0.6843	0.9247	0.9247	0.0194	0.8380	0.8380	0.8380	0.0000	0.0000	
0.3816	1.2504e+005	0.4432	0.6837	0.9241	0.9241	0.0195	0.8372	0.8372	0.8372	0.0000	0.0000	
0.3826	1.2484e+005	0.4422	0.6829	0.9236	0.9236	0.0197	0.8364	0.8364	0.8364	0.0000	0.0000	
0.3836	1.2464e+005	0.4418	0.6824	0.9230	0.9230	0.0198	0.8355	0.8355	0.8355	0.0000	0.0000	
0.3846	1.2444e+005	0.4409	0.6817	0.9225	0.9225	0.0200	0.8347	0.8347	0.8347	0.0000	0.0000	
0.3856	1.2423e+005	0.4404	0.6812	0.9220	0.9220	0.0201	0.8339	0.8339	0.8339	0.0000	0.0000	
0.3866	1.2403e+005	0.4396	0.6805	0.9214	0.9214	0.0203	0.8330	0.8330	0.8330	0.0000	0.0000	
0.3876	1.2383e+005	0.4388	0.6798	0.9209	0.9209	0.0204	0.8322	0.8322	0.8322	0.0000	0.0000	
0.3886	1.2363e+005	0.4382	0.6793	0.9203	0.9203	0.0205	0.8314	0.8314	0.8314	0.0000	0.0000	
0.3896	1.2343e+005	0.4375	0.6786	0.9198	0.9198	0.0207	0.8305	0.8305	0.8305	0.0000	0.0000	
0.3906	1.2322e+005	0.4372	0.6782	0.9192	0.9192	0.0208	0.8297	0.8297	0.8297	0.0000	0.0000	
0.3916	1.2302e+005	0.4364	0.6776	0.9187	0.9187	0.0210	0.8288	0.8288	0.8288	0.0000	0.0000	
0.3926	1.2282e+005	0.4360	0.6771	0.9181	0.9181	0.0211	0.8280	0.8280	0.8280	0.0000	0.0000	
0.3936	1.2262e+005	0.4354	0.6765	0.9176	0.9176	0.0213	0.8272	0.8272	0.8272	0.0000	0.0000	
0.3946	1.2242e+005	0.4348	0.6759	0.9170	0.9170	0.0214	0.8263	0.8263	0.8263	0.0000	0.0000	
0.3956	1.2221e+005	0.4338	0.6751	0.9164	0.9164	0.0216	0.8255	0.8255	0.8255	0.0000	0.0000	
0.3966	1.2201e+005	0.4330	0.6744	0.9159	0.9159	0.0217	0.8246	0.8246	0.8246	0.0000	0.0000	
0.3976	1.2181e+005	0.4327	0.6740	0.9153	0.9153	0.0219	0.8238	0.8238	0.8238	0.0000	0.0000	
0.3986	1.2161e+005	0.4321	0.6734	0.9147	0.9147	0.0220	0.8229	0.8229	0.8229	0.0000	0.0000	
0.3996	1.2141e+005	0.4315	0.6728	0.9142	0.9142	0.0222	0.8221	0.8221	0.8221	0.0000	0.0000	
0.4006	1.212e+005	0.4310	0.6723	0.9136	0.9136	0.0223	0.8212	0.8212	0.8212	0.0000	0.0000	
0.4016	1.21e+005 	0.4304	0.6717	0.9130	0.9130	0.0225	0.8203	0.8203	0.8203	0.0000	0.0000	
0.4026	1.208e+005	0.4297	0.6711	0.9125	0.9125	0.0226	0.8195	0.8195	0.8195	0.0000	0.0000	
0.4036	1.206e+005	0.4284	0.6702	0.9119	0.9119	0.0228	0.8186	0.8186	0.8186	0.0000	0.0000	
0.4046	1.204e+005	0.4277	0.6695	0.9113	0.9113	0.0229	0.8178	0.8178	0.8178	0.0000	0.0000	
0.4056	1.2019e+005	0.4270	0.6689	0.9107	0.9107	0.0231	0.8169	0.8169	0.8169	0.0000	0.0000	
0.4066	1.1999e+005	0.4262	0.6682	0.9102	0.9102	0.0233	0.8161	0.8161	0.8161	0.0000	0.0000	
0.4076	1.1979e+005	0.4258	0.6677	0.9096	0.9096	0.0234	0.8152	0.8152	0.8152	0.0000	0.0000	
0.4086	1.1959e+005	0.4251	0.6670	0.9090	0.9090	0.0236	0.8143	0.8143	0.8143	0.0000	0.0000	
0.4096	1.1939e+005	0.4244	0.6664	0.9084	0.9084	0.0237	0.8135	0.8135	0.8135	0.0000	0.0000	
0.4106	1.1918e+005	0.4235	0.6657	0.9078	0.9078	0.0239	0.8126	0.8126	0.8126	0.0000	0.0000	
0.4116	1.1898e+005	0.4230	0.6651	0.9072	0.9072	0.0240	0.8117	0.8117	0.8117	0.0000	0.0000	
0.4126	1.1878e+005	0.4220	0.6643	0.9066	0.9066	0.0242	0.8109	0.8109	0.8109	0.0000	0.0000	
0.4136	1.1858e+005	0.4215	0.6638	0.9061	0.9061	0.0244	0.8100	0.8100	0.8100	0.0000	0.0000	
0.4146	1.1838e+005	0.4203	0.6629	0.9055	0.9055	0.0245	0.8091	0.8091	0.8091	0.0000	0.0000	
0.4156	1.1817e+005	0.4196	0.6622	0.9049	0.9049	0.0247	0.8082	0.8082	0.8082	0.0000	0.0000	
0.4166	1.1797e+005	0.4192	0.6617	0.9043	0.9043	0.0248	0.8073	0.8073	0.8073	0.0000	0.0000	
0.4176	1.1777e+005	0.4183	0.6610	0.9037	0.9037	0.0250	0.8065	0.8065	0.8065	0.0000	0.0000	
0.4186	1.1757e+005	0.4179	0.6605	0.9031	0.9031	0.0252	0.8056	0.8056	0.8056	0.0000	0.0000	
0.4196	1.1737e+005	0.4172	0.6598	0.9025	0.9025	0.0253	0.8047	0.8047	0.8047	0.0000	0.0000	
0.4206	1.1716e+005	0.4163	0.6591	0.9019	0.9019	0.0255	0.8038	0.8038	0.8038	0.0000	0.0000	
0.4216	1.1696e+005	0.4155	0.6584	0.9013	0.9013	0.0257	0.8029	0.8029	0.8029	0.0000	0.0000	
0.4226	1.1676e+005	0.4148	0.6578	0.9007	0.9007	0.0258	0.8021	0.8021	0.8021	0.0000	0.0000	
0.4236	1.1656e+005	0.4141	0.6571	0.9001	0.9001	0.0260	0.8012	0.8012	0.8012	0.0000	0.0000	
0.4246	1.1636e+005	0.4134	0.6564	0.8994	0.8994	0.0261	0.8003	0.8003	0.8003	0.0000	0.0000	
0.4256	1.1615e+005	0.4126	0.6557	0.8988	0.8988	0.0263	0.7994	0.7994	0.7994	0.0000	0.0000	
0.4266	1.1595e+005	0.4116	0.6549	0.8982	0.8982	0.0265	0.7985	0.7985	0.7985	0.0000	0.0000	
0.4276	1.1575e+005	0.4107	0.6541	0.8976	0.8976	0.0266	0.7976	0.7976	0.7976	0.0000	0.0000	
0.4286	1.1555e+005	0.4096	0.6533	0.8970	0.8970	0.0268	0.7967	0.7967	0.7967	0.0000	0.0000	
0.4296	1.1535e+005	0.4082	0.6523	0.8964	0.8964	0.0270	0.7959	0.7959	0.7959	0.0000	0.0000	
0.4306	1.1514e+005	0.4078	0.6518	0.8958	0.8958	0.0271	0.7950	0.7950	0.7950	0.0000	0.0000	
0.4316	1.1494e+005	0.4073	0.6512	0.8951	0.8951	0.0273	0.7941	0.7941	0.7941	0.0000	0.0000	
0.4326	1.1474e+005	0.4065	0.6505	0.8945	0.8945	0.0275	0.7932	0.7932	0.7932	0.0000	0.0000	
0.4336	1.1454e+005	0.4060	0.6499	0.8939	0.8939	0.0276	0.7923	0.7923	0.7923	0.0000	0.0000	
0.4346	1.1434e+005	0.4054	0.6494	0.8933	0.8933	0.0278	0.7914	0.7914	0.7914	0.0000	0.0000	
0.4356	1.1413e+005	0.4048	0.6487	0.8927	0.8927	0.0280	0.7905	0.7905	0.7905	0.0000	0.0000	
0.4366	1.1393e+005	0.4041	0.6481	0.8920	0.8920	0.0282	0.7896	0.7896	0.7896	0.0000	0.0000	
0.4376	1.1373e+005	0.4032	0.6473	0.8914	0.8914	0.0283	0.7887	0.7887	0.7887	0.0000	0.0000	
0.4386	1.1353e+005	0.4024	0.6466	0.8908	0.8908	0.0285	0.7878	0.7878	0.7878	0.0000	0.0000	
0.4396	1.1333e+005	0.4012	0.6457	0.8902	0.8902	0.0287	0.7869	0.7869	0.7869	0.0000	0.0000	
0.4406	1.1312e+005	0.4000	0.6448	0.8895	0.8895	0.0288	0.7860	0.7860	0.7860	0.0000	0.0000	
0.4416	1.1292e+005	0.3991	0.6440	0.8889	0.8889	0.0290	0.7851	0.7851	0.7851	0.0000	0.0000	
0.4426	1.1272e+005	0.3982	0.6432	0.8883	0.8883	0.0292	0.7842	0.7842	0.7842	0.0000	0.0000	
0.4436	1.1252e+005	0.3967	0.6422	0.8876	0.8876	0.0294	0.7833	0.7833	0.7833	0.0000	0.0000	
0.4446	1.1232e+005	0.3954	0.6412	0.8870	0.8870	0.0295	0.7824	0.7824	0.7824	0.0000	0.0000	
0.4456	1.1211e+005	0.3944	0.6404	0.8864	0.8864	0.0297	0.7815	0.7815	0.7815	0.0000	0.0000	
0.4466	1.1191e+005	0.3926	0.6392	0.8857	0.8857	0.0299	0.7805	0.7805	0.7805	0.0000	0.0000	
0.4475	1.1171e+005	0.3904	0.6378	0.8851	0.8851	0.0301	0.7796	0.7796	0.7796	0.0000	0.0000	
0.4485	1.1151e+005	0.3878	0.6361	0.8845	0.8845	0.0302	0.7787	0.7787	0.7787	0.0000	0.0000	
0.4495	1.1131e+005	0.3864	0.6351	0.8838	0.8838	0.0304	0.7778	0.7778	0.7778	0.0000	0.0000	
0.4505	1.111e+005	0.3847	0.6339	0.8832	0.8832	0.0306	0.7769	0.7769	0.7769	0.0000	0.0000	
0.4515	1.109e+005	0.3831	0.6328	0.8825	0.8825	0.0308	0.7760	0.7760	0.7760	0.0000	0.0000	
0.4525	1.107e+005	0.3812	0.6316	0.8819	0.8819	0.0309	0.7751	0.7751	0.7751	0.0000	0.0000	
0.4535	1.105e+005	0.3797	0.6305	0.8812	0.8812	0.0311	0.7741	0.7741	0.7741	0.0000	0.0000	
0.4545	1.103e+005	0.3780	0.6293	0.8806	0.8806	0.0313	0.7732	0.7732	0.7732	0.0000	0.0000	
0.4555	1.1009e+005	0.3758	0.6279	0.8799	0.8799	0.0315	0.7723	0.7723	0.7723	0.0000	0.0000	
0.4565	1.0989e+005	0.3735	0.6264	0.8793	0.8793	0.0316	0.7714	0.7714	0.7714	0.0000	0.0000	
0.4575	1.0969e+005	0.3718	0.6252	0.8786	0.8786	0.0318	0.7704	0.7704	0.7704	0.0000	0.0000	
0.4585	1.0949e+005	0.3708	0.6244	0.8780	0.8780	0.0320	0.7695	0.7695	0.7695	0.0000	0.0000	
0.4595	1.0929e+005	0.3702	0.6237	0.8773	0.8773	0.0322	0.7686	0.7686	0.7686	0.0000	0.0000	
0.4605	1.0908e+005	0.3693	0.6230	0.8767	0.8767	0.0324	0.7677	0.7677	0.7677	0.0000	0.0000	
0.4615	1.0888e+005	0.3688	0.6224	0.8760	0.8760	0.0326	0.7667	0.7667	0.7667	0.0000	0.0000	
0.4625	1.0868e+005	0.3681	0.6217	0.8753	0.8753	0.0327	0.7658	0.7658	0.7658	0.0000	0.0000	
0.4635	1.0848e+005	0.3675	0.6211	0.8747	0.8747	0.0329	0.7649	0.7649	0.7649	0.0000	0.0000	
0.4645	1.0828e+005	0.3665	0.6202	0.8740	0.8740	0.0331	0.7639	0.7639	0.7639	0.0000	0.0000	
0.4655	1.0807e+005	0.3662	0.6198	0.8733	0.8733	0.0333	0.7630	0.7630	0.7630	0.0000	0.0000	
0.4665	1.0787e+005	0.3653	0.6190	0.8727	0.8727	0.0335	0.7620	0.7620	0.7620	0.0000	0.0000	
0.4675	1.0767e+005	0.3647	0.6183	0.8720	0.8720	0.0337	0.7611	0.7611	0.7611	0.0000	0.0000	
0.4685	1.0747e+005	0.3640	0.6177	0.8713	0.8713	0.0338	0.7601	0.7601	0.7601	0.0000	0.0000	
0.4695	1.0727e+005	0.3634	0.6170	0.8707	0.8707	0.0340	0.7592	0.7592	0.7592	0.0000	0.0000	
0.4705	1.0706e+005	0.3627	0.6163	0.8700	0.8700	0.0342	0.7583	0.7583	0.7583	0.0000	0.0000	
0.4715	1.0686e+005	0.3620	0.6156	0.8693	0.8693	0.0344	0.7573	0.7573	0.7573	0.0000	0.0000	
0.4725	1.0666e+005	0.3613	0.6150	0.8686	0.8686	0.0346	0.7564	0.7564	0.7564	0.0000	0.0000	
0.4735	1.0646e+005	0.3608	0.6144	0.8679	0.8679	0.0348	0.7554	0.7554	0.7554	0.0000	0.0000	
0.4745	1.0626e+005	0.3602	0.6137	0.8672	0.8672	0.0350	0.7545	0.7545	0.7545	0.0000	0.0000	
0.4755	1.0605e+005	0.3592	0.6129	0.8666	0.8666	0.0352	0.7535	0.7535	0.7535	0.0000	0.0000	
0.4765	1.0585e+005	0.3583	0.6121	0.8659	0.8659	0.0354	0.7525	0.7525	0.7525	0.0000	0.0000	
0.4775	1.0565e+005	0.3577	0.6114	0.8652	0.8652	0.0356	0.7516	0.7516	0.7516	0.0000	0.0000	
0.4785	1.0545e+005	0.3569	0.6107	0.8645	0.8645	0.0358	0.7506	0.7506	0.7506	0.0000	0.0000	
0.4795	1.0525e+005	0.3564	0.6101	0.8638	0.8638	0.0359	0.7496	0.7496	0.7496	0.0000	0.0000	
0.4805	1.0504e+005	0.3559	0.6095	0.8631	0.8631	0.0361	0.7487	0.7487	0.7487	0.0000	0.0000	
0.4815	1.0484e+005	0.3550	0.6087	0.8624	0.8624	0.0363	0.7477	0.7477	0.7477	0.0000	0.0000	
0.4825	1.0464e+005	0.3545	0.6081	0.8617	0.8617	0.0365	0.7467	0.7467	0.7467	0.0000	0.0000	
0.4835	1.0444e+005	0.3535	0.6072	0.8610	0.8610	0.0367	0.7458	0.7458	0.7458	0.0000	0.0000	
0.4845	1.0424e+005	0.3528	0.6065	0.8603	0.8603	0.0369	0.7448	0.7448	0.7448	0.0000	0.0000	
0.4855	1.0403e+005	0.3523	0.6059	0.8596	0.8596	0.0371	0.7438	0.7438	0.7438	0.0000	0.0000	
0.4865	1.0383e+005	0.3515	0.6052	0.8589	0.8589	0.0373	0.7429	0.7429	0.7429	0.0000	0.0000	
0.4875	1.0363e+005	0.3508	0.6045	0.8581	0.8581	0.0375	0.7419	0.7419	0.7419	0.0000	0.0000	
0.4885	1.0343e+005	0.3497	0.6036	0.8574	0.8574	0.0377	0.7409	0.7409	0.7409	0.0000	0.0000	
0.4895	1.0323e+005	0.3486	0.6026	0.8567	0.8567	0.0379	0.7399	0.7399	0.7399	0.0000	0.0000	
0.4905	1.0302e+005	0.3481	0.6021	0.8560	0.8560	0.0381	0.7389	0.7389	0.7389	0.0000	0.0000	
0.4915	1.0282e+005	0.3472	0.6013	0.8553	0.8553	0.0383	0.7380	0.7380	0.7380	0.0000	0.0000	
0.4925	1.0262e+005	0.3465	0.6005	0.8546	0.8546	0.0385	0.7370	0.7370	0.7370	0.0000	0.0000	
0.4935	1.0242e+005	0.3453	0.5996	0.8538	0.8538	0.0387	0.7360	0.7360	0.7360	0.0000	0.0000	
0.4945	1.0222e+005	0.3445	0.5988	0.8531	0.8531	0.0389	0.7350	0.7350	0.7350	0.0000	0.0000	
0.4955	1.0201e+005	0.3439	0.5981	0.8524	0.8524	0.0391	0.7340	0.7340	0.7340	0.0000	0.0000	
0.4965	1.0181e+005	0.3428	0.5972	0.8516	0.8516	0.0394	0.7330	0.7330	0.7330	0.0000	0.0000	
0.4975	1.0161e+005	0.3421	0.5965	0.8509	0.8509	0.0396	0.7320	0.7320	0.7320	0.0000	0.0000	
0.4985	1.0141e+005	0.3415	0.5958	0.8502	0.8502	0.0398	0.7310	0.7310	0.7310	0.0000	0.0000	
0.4995	1.0121e+005	0.3406	0.5950	0.8494	0.8494	0.0400	0.7300	0.7300	0.7300	0.0000	0.0000	
0.5005	1.01e+005 	0.3397	0.5942	0.8487	0.8487	0.0402	0.7290	0.7290	0.7290	0.0000	0.0000	
0.5015	1.008e+005	0.3388	0.5934	0.8479	0.8479	0.0404	0.7280	0.7280	0.7280	0.0000	0.0000	
0.5025	1.006e+005	0.3384	0.5928	0.8472	0.8472	0.0406	0.7270	0.7270	0.7270	0.0000	0.0000	
0.5035	1.004e+005	0.3377	0.5921	0.8465	0.8465	0.0408	0.7260	0.7260	0.7260	0.0000	0.0000	
0.5045	1.002e+005	0.3369	0.5913	0.8457	0.8457	0.0410	0.7250	0.7250	0.7250	0.0000	0.0000	
0.5055	99994     	0.3358	0.5904	0.8450	0.8450	0.0412	0.7240	0.7240	0.7240	0.0000	0.0000	
0.5065	99792     	0.3352	0.5897	0.8442	0.8442	0.0415	0.7230	0.7230	0.7230	0.0000	0.0000	
0.5075	99590     	0.3344	0.5889	0.8434	0.8434	0.0417	0.7219	0.7219	0.7219	0.0000	0.0000	
0.5085	99388     	0.3335	0.5881	0.8427	0.8427	0.0419	0.7209	0.7209	0.7209	0.0000	0.0000	
0.5095	99186     	0.3327	0.5873	0.8419	0.8419	0.0421	0.7199	0.7199	0.7199	0.0000	0.0000	
0.5105	98984     	0.3315	0.5863	0.8412	0.8412	0.0423	0.7189	0.7189	0.7189	0.0000	0.0000	
0.5115	98782     	0.3308	0.5856	0.8404	0.8404	0.0425	0.7179	0.7179	0.7179	0.0000	0.0000	
0.5125	98580     	0.3301	0.5849	0.8396	0.8396	0.0428	0.7168	0.7168	0.7168	0.0000	0.0000	
0.5135	98378     	0.3290	0.5839	0.8389	0.8389	0.0430	0.7158	0.7158	0.7158	0.0000	0.0000	
0.5145	98176     	0.3285	0.5833	0.8381	0.8381	0.0432	0.7148	0.7148	0.7148	0.0000	0.0000	
0.5155	97974     	0.3278	0.5825	0.8373	0.8373	0.0434	0.7138	0.7138	0.7138	0.0000	0.0000	
0.5165	97772     	0.3269	0.5817	0.8365	0.8365	0.0436	0.7127	0.7127	0.7127	0.0000	0.0000	
0.5175	97570     	0.3260	0.5809	0.8358	0.8358	0.0439	0.7117	0.7117	0.7117	0.0000	0.0000	
0.5185	97368     	0.3246	0.5798	0.8350	0.8350	0.0441	0.7107	0.7107	0.7107	0.0000	0.0000	
0.5195	97166     	0.3236	0.5789	0.8342	0.8342	0.0443	0.7096	0.7096	0.7096	0.0000	0.0000	
0.5205	96964     	0.3226	0.5780	0.8334	0.8334	0.0445	0.7086	0.7086	0.7086	0.0000	0.0000	
0.5215	96762     	0.3216	0.5771	0.8326	0.8326	0.0448	0.7075	0.7075	0.7075	0.0000	0.0000	
0.5225	96560     	0.3203	0.5761	0.8318	0.8318	0.0450	0.7065	0.7065	0.7065	0.0000	0.0000	
0.5235	96358     	0.3195	0.5753	0.8310	0.8310	0.0452	0.7055	0.7055	0.7055	0.0000	0.0000	
0.5245	96156     	0.3186	0.5744	0.8302	0.8302	0.0454	0.7044	0.7044	0.7044	0.0000	0.0000	
0.5255	95954     	0.3175	0.5735	0.8294	0.8294	0.0457	0.7034	0.7034	0.7034	0.0000	0.0000	
0.5265	95752     	0.3165	0.5726	0.8286	0.8286	0.0459	0.7023	0.7023	0.7023	0.0000	0.0000	
0.5275	95550     	0.3154	0.5716	0.8278	0.8278	0.0461	0.7013	0.7013	0.7013	0.0000	0.0000	
0.5285	95348     	0.3143	0.5706	0.8270	0.8270	0.0464	0.7002	0.7002	0.7002	0.0000	0.0000	
0.5295	95146     	0.3133	0.5698	0.8262	0.8262	0.0466	0.6991	0.6991	0.6991	0.0000	0.0000	
0.5305	94944     	0.3122	0.5688	0.8254	0.8254	0.0468	0.6981	0.6981	0.6981	0.0000	0.0000	
0.5315	94742     	0.3106	0.5676	0.8246	0.8246	0.0471	0.6970	0.6970	0.6970	0.0000	0.0000	
0.5325	94540     	0.3097	0.5668	0.8238	0.8238	0.0473	0.6960	0.6960	0.6960	0.0000	0.0000	
0.5335	94338     	0.3086	0.5658	0.8230	0.8230	0.0475	0.6949	0.6949	0.6949	0.0000	0.0000	
0.5345	94136     	0.3073	0.5647	0.8222	0.8222	0.0478	0.6938	0.6938	0.6938	0.0000	0.0000	
0.5355	93934     	0.3057	0.5635	0.8214	0.8214	0.0480	0.6928	0.6928	0.6928	0.0000	0.0000	
0.5365	93732     	0.3046	0.5626	0.8205	0.8205	0.0482	0.6917	0.6917	0.6917	0.0000	0.0000	
0.5375	93530     	0.3034	0.5616	0.8197	0.8197	0.0485	0.6906	0.6906	0.6906	0.0000	0.0000	
0.5385	93328     	0.3026	0.5607	0.8189	0.8189	0.0487	0.6896	0.6896	0.6896	0.0000	0.0000	
0.5395	93126     	0.3012	0.5596	0.8181	0.8181	0.0490	0.6885	0.6885	0.6885	0.0000	0.0000	
0.5405	92924     	0.3003	0.5588	0.8172	0.8172	0.0492	0.6874	0.6874	0.6874	0.0000	0.0000	
0.5415	92722     	0.2994	0.5579	0.8164	0.8164	0.0495	0.6863	0.6863	0.6863	0.0000	0.0000	
0.5425	92520     	0.2982	0.5569	0.8156	0.8156	0.0497	0.6853	0.6853	0.6853	0.0000	0.0000	
0.5435	92318     	0.2975	0.5561	0.8147	0.8147	0.0499	0.6842	0.6842	0.6842	0.0000	0.0000	
0.5444	92116     	0.2962	0.5550	0.8139	0.8139	0.0502	0.6831	0.6831	0.6831	0.0000	0.0000	
0.5454	91914     	0.2953	0.5542	0.8130	0.8130	0.0504	0.6820	0.6820	0.6820	0.0000	0.0000	
0.5464	91712     	0.2945	0.5534	0.8122	0.8122	0.0507	0.6809	0.6809	0.6809	0.0000	0.0000	
0.5474	91510     	0.2937	0.5525	0.8113	0.8113	0.0509	0.6799	0.6799	0.6799	0.0000	0.0000	
0.5484	91308     	0.2927	0.5516	0.8105	0.8105	0.0512	0.6788	0.6788	0.6788	0.0000	0.0000	
0.5494	91106     	0.2915	0.5506	0.8096	0.8096	0.0514	0.6777	0.6777	0.6777	0.0000	0.0000	
0.5504	90904     	0.2907	0.5497	0.8088	0.8088	0.0517	0.6766	0.6766	0.6766	0.0000	0.0000	
0.5514	90702     	0.2895	0.5487	0.8079	0.8079	0.0519	0.6755	0.6755	0.6755	0.0000	0.0000	
0.5524	90500     	0.2882	0.5476	0.8071	0.8071	0.0522	0.6744	0.6744	0.6744	0.0000	0.0000	
0.5534	90298     	0.2872	0.5467	0.8062	0.8062	0.0524	0.6733	0.6733	0.6733	0.0000	0.0000	
0.5544	90096     	0.2861	0.5457	0.8054	0.8054	0.0527	0.6722	0.6722	0.6722	0.0000	0.0000	
0.5554	89894     	0.2850	0.5447	0.8045	0.8045	0.0529	0.6711	0.6711	0.6711	0.0000	0.0000	
0.5564	89692     	0.2843	0.5439	0.8036	0.8036	0.0532	0.6700	0.6700	0.6700	0.0000	0.0000	
0.5574	89490     	0.2831	0.5429	0.8027	0.8027	0.0534	0.6689	0.6689	0.6689	0.0000	0.0000	
0.5584	89288     	0.2816	0.5417	0.8019	0.8019	0.0537	0.6678	0.6678	0.6678	0.0000	0.0000	
0.5594	89086     	0.2803	0.5407	0.8010	0.8010	0.0540	0.6667	0.6667	0.6667	0.0000	0.0000	
0.5604	88884     	0.2792	0.5396	0.8001	0.8001	0.0542	0.6656	0.6656	0.6656	0.0000	0.0000	
0.5614	88682     	0.2782	0.5387	0.7992	0.7992	0.0545	0.6645	0.6645	0.6645	0.0000	0.0000	
0.5624	88480     	0.2771	0.5377	0.7983	0.7983	0.0548	0.6634	0.6634	0.6634	0.0000	0.0000	
0.5634	88278     	0.2752	0.5363	0.7974	0.7974	0.0550	0.6623	0.6623	0.6623	0.0000	0.0000	
0.5644	88076     	0.2733	0.5349	0.7966	0.7966	0.0553	0.6611	0.6611	0.6611	0.0000	0.0000	
0.5654	87874     	0.2717	0.5337	0.7957	0.7957	0.0555	0.6600	0.6600	0.6600	0.0000	0.0000	
0.5664	87672     	0.2703	0.5325	0.7948	0.7948	0.0558	0.6589	0.6589	0.6589	0.0000	0.0000	
0.5674	87470     	0.2691	0.5315	0.7939	0.7939	0.0561	0.6578	0.6578	0.6578	0.0000	0.0000	
0.5684	87268     	0.2676	0.5303	0.7929	0.7929	0.0563	0.6566	0.6566	0.6566	0.0000	0.0000	
0.5694	87066     	0.2659	0.5290	0.7920	0.7920	0.0566	0.6555	0.6555	0.6555	0.0000	0.0000	
0.5704	86864     	0.2647	0.5279	0.7911	0.7911	0.0569	0.6544	0.6544	0.6544	0.0000	0.0000	
0.5714	86662     	0.2634	0.5268	0.7902	0.7902	0.0572	0.6533	0.6533	0.6533	0.0000	0.0000	
0.5724	86460     	0.2618	0.5256	0.7893	0.7893	0.0574	0.6521	0.6521	0.6521	0.0000	0.0000	
0.5734	86258     	0.2605	0.5244	0.7884	0.7884	0.0577	0.6510	0.6510	0.6510	0.0000	0.0000	
0.5744	86056     	0.2591	0.5233	0.7875	0.7875	0.0580	0.6499	0.6499	0.6499	0.0000	0.0000	
0.5754	85854     	0.2577	0.5221	0.7865	0.7865	0.0583	0.6487	0.6487	0.6487	0.0000	0.0000	
0.5764	85652     	0.2562	0.5209	0.7856	0.7856	0.0585	0.6476	0.6476	0.6476	0.0000	0.0000	
0.5774	85450     	0.2547	0.5197	0.7847	0.7847	0.0588	0.6464	0.6464	0.6464	0.0000	0.0000	
0.5784	85248     	0.2528	0.5183	0.7838	0.7838	0.0591	0.6453	0.6453	0.6453	0.0000	0.0000	
0.5794	85046     	0.2515	0.5172	0.7828	0.7828	0.0594	0.6441	0.6441	0.6441	0.0000	0.0000	
0.5804	84844     	0.2496	0.5158	0.7819	0.7819	0.0597	0.6430	0.6430	0.6430	0.0000	0.0000	
0.5814	84642     	0.2478	0.5144	0.7809	0.7809	0.0599	0.6418	0.6418	0.6418	0.0000	0.0000	
0.5824	84440     	0.2464	0.5132	0.7800	0.7800	0.0602	0.6407	0.6407	0.6407	0.0000	0.0000	
0.5834	84238     	0.2446	0.5118	0.7790	0.7790	0.0605	0.6395	0.6395	0.6395	0.0000	0.0000	
0.5844	84036     	0.2432	0.5106	0.7781	0.7781	0.0608	0.6384	0.6384	0.6384	0.0000	0.0000	
0.5854	83834     	0.2415	0.5093	0.7771	0.7771	0.0611	0.6372	0.6372	0.6372	0.0000	0.0000	
0.5864	83632     	0.2400	0.5081	0.7762	0.7762	0.0614	0.6360	0.6360	0.6360	0.0000	0.0000	
0.5874	83430     	0.2381	0.5067	0.7752	0.7752	0.0617	0.6349	0.6349	0.6349	0.0000	0.0000	
0.5884	83228     	0.2367	0.5055	0.7743	0.7743	0.0620	0.6337	0.6337	0.6337	0.0000	0.0000	
0.5894	83026     	0.2353	0.5043	0.7733	0.7733	0.0622	0.6326	0.6326	0.6326	0.0000	0.0000	
0.5904	82824     	0.2342	0.5033	0.7723	0.7723	0.0625	0.6314	0.6314	0.6314	0.0000	0.0000	
0.5914	82622     	0.2327	0.5021	0.7714	0.7714	0.0628	0.6302	0.6302	0.6302	0.0000	0.0000	
0.5924	82420     	0.2317	0.5011	0.7704	0.7704	0.0631	0.6291	0.6291	0.6291	0.0000	0.0000	
0.5934	82218     	0.2305	0.5000	0.7694	0.7694	0.0634	0.6279	0.6279	0.6279	0.0000	0.0000	
0.5944	82016     	0.2290	0.4987	0.7685	0.7685	0.0637	0.6267	0.6267	0.6267	0.0000	0.0000	
0.5954	81814     	0.2277	0.4976	0.7675	0.7675	0.0640	0.6255	0.6255	0.6255	0.0000	0.0000	
0.5964	81612     	0.2262	0.4964	0.7665	0.7665	0.0643	0.6243	0.6243	0.6243	0.0000	0.0000	
0.5974	81410     	0.2253	0.4954	0.7655	0.7655	0.0646	0.6232	0.6232	0.6232	0.0000	0.0000	
0.5984	81208     	0.2239	0.4942	0.7645	0.7645	0.0649	0.6220	0.6220	0.6220	0.0000	0.0000	
0.5994	81006     	0.2228	0.4932	0.7635	0.7635	0.0652	0.6208	0.6208	0.6208	0.0000	0.0000	
0.6004	80804     	0.2218	0.4921	0.7625	0.7625	0.0655	0.6196	0.6196	0.6196	0.0000	0.0000	
0.6014	80602     	0.2208	0.4912	0.7615	0.7615	0.0658	0.6184	0.6184	0.6184	0.0000	0.0000	
0.6024	80400     	0.2199	0.4902	0.7605	0.7605	0.0661	0.6172	0.6172	0.6172	0.0000	0.0000	
0.6034	80198     	0.2189	0.4892	0.7595	0.7595	0.0665	0.6160	0.6160	0.6160	0.0000	0.0000	
0.6044	79996     	0.2178	0.4882	0.7585	0.7585	0.0668	0.6147	0.6147	0.6147	0.0000	0.0000	
0.6054	79794     	0.2168	0.4872	0.7575	0.7575	0.0671	0.6135	0.6135	0.6135	0.0000	0.0000	
0.6064	79592     	0.2161	0.4863	0.7565	0.7565	0.0674	0.6123	0.6123	0.6123	0.0000	0.0000	
0.6074	79390     	0.2147	0.4851	0.7555	0.7555	0.0677	0.6111	0.6111	0.6111	0.0000	0.0000	
0.6084	79188     	0.2139	0.4842	0.7545	0.7545	0.0680	0.6099	0.6099	0.6099	0.0000	0.0000	
0.6094	78986     	0.2129	0.4832	0.7534	0.7534	0.0683	0.6087	0.6087	0.6087	0.0000	0.0000	
0.6104	78784     	0.2119	0.4822	0.7524	0.7524	0.0686	0.6075	0.6075	0.6075	0.0000	0.0000	
0.6114	78582     	0.2108	0.4811	0.7514	0.7514	0.0690	0.6062	0.6062	0.6062	0.0000	0.0000	
0.6124	78380     	0.2101	0.4802	0.7504	0.7504	0.0693	0.6050	0.6050	0.6050	0.0000	0.0000	
0.6134	78178     	0.2089	0.4791	0.7493	0.7493	0.0696	0.6038	0.6038	0.6038	0.0000	0.0000	
0.6144	77976     	0.2079	0.4781	0.7483	0.7483	0.0699	0.6025	0.6025	0.6025	0.0000	0.0000	
0.6154	77774     	0.2071	0.4772	0.7472	0.7472	0.0703	0.6013	0.6013	0.6013	0.0000	0.0000	
0.6164	77572     	0.2064	0.4763	0.7462	0.7462	0.0706	0.6001	0.6001	0.6001	0.0000	0.0000	
0.6174	77370     	0.2056	0.4754	0.7451	0.7451	0.0709	0.5988	0.5988	0.5988	0.0000	0.0000	
0.6184	77168     	0.2048	0.4744	0.7441	0.7441	0.0712	0.5976	0.5976	0.5976	0.0000	0.0000	
0.6194	76966     	0.2041	0.4736	0.7430	0.7430	0.0716	0.5963	0.5963	0.5963	0.0000	0.0000	
0.6204	76764     	0.2037	0.4728	0.7420	0.7420	0.0719	0.5950	0.5950	0.5950	0.0000	0.0000	
0.6214	76562     	0.2031	0.4720	0.7409	0.7409	0.0722	0.5938	0.5938	0.5938	0.0000	0.0000	
0.6224	76360     	0.2020	0.4709	0.7399	0.7399	0.0726	0.5925	0.5925	0.5925	0.0000	0.0000	
0.6234	76158     	0.2015	0.4701	0.7388	0.7388	0.0729	0.5912	0.5912	0.5912	0.0000	0.0000	
0.6244	75956     	0.2006	0.4692	0.7377	0.7377	0.0732	0.5900	0.5900	0.5900	0.0000	0.0000	
0.6254	75754     	0.1998	0.4682	0.7366	0.7366	0.0736	0.5887	0.5887	0.5887	0.0000	0.0000	
0.6264	75552     	0.1995	0.4675	0.7356	0.7356	0.0739	0.5875	0.5875	0.5875	0.0000	0.0000	
0.6274	75350     	0.1989	0.4667	0.7345	0.7345	0.0742	0.5862	0.5862	0.5862	0.0000	0.0000	
0.6284	75148     	0.1978	0.4656	0.7334	0.7334	0.0746	0.5849	0.5849	0.5849	0.0000	0.0000	
0.6294	74946     	0.1969	0.4646	0.7323	0.7323	0.0749	0.5837	0.5837	0.5837	0.0000	0.0000	
0.6304	74744     	0.1965	0.4639	0.7312	0.7312	0.0753	0.5824	0.5824	0.5824	0.0000	0.0000	
0.6314	74542     	0.1960	0.4631	0.7301	0.7301	0.0756	0.5812	0.5812	0.5812	0.0000	0.0000	
0.6324	74340     	0.1946	0.4618	0.7291	0.7291	0.0760	0.5799	0.5799	0.5799	0.0000	0.0000	
0.6334	74138     	0.1938	0.4609	0.7280	0.7280	0.0763	0.5786	0.5786	0.5786	0.0000	0.0000	
0.6344	73936     	0.1933	0.4601	0.7269	0.7269	0.0767	0.5774	0.5774	0.5774	0.0000	0.0000	
0.6354	73734     	0.1925	0.4591	0.7258	0.7258	0.0770	0.5761	0.5761	0.5761	0.0000	0.0000	
0.6364	73532     	0.1917	0.4582	0.7246	0.7246	0.0774	0.5749	0.5749	0.5749	0.0000	0.0000	
0.6374	73330     	0.1907	0.4571	0.7235	0.7235	0.0777	0.5736	0.5736	0.5736	0.0000	0.0000	
0.6384	73128     	0.1898	0.4561	0.7224	0.7224	0.0781	0.5723	0.5723	0.5723	0.0000	0.0000	
0.6394	72926     	0.1888	0.4550	0.7213	0.7213	0.0784	0.5711	0.5711	0.5711	0.0000	0.0000	
0.6404	72724     	0.1880	0.4541	0.7202	0.7202	0.0788	0.5698	0.5698	0.5698	0.0000	0.0000	
0.6413	72522     	0.1872	0.4531	0.7191	0.7191	0.0791	0.5685	0.5685	0.5685	0.0000	0.0000	
0.6423	72320     	0.1865	0.4522	0.7179	0.7179	0.0795	0.5673	0.5673	0.5673	0.0000	0.0000	
0.6433	72118     	0.1858	0.4513	0.7168	0.7168	0.0799	0.5660	0.5660	0.5660	0.0000	0.0000	
0.6443	71916     	0.1851	0.4504	0.7157	0.7157	0.0802	0.5647	0.5647	0.5647	0.0000	0.0000	
0.6453	71714     	0.1845	0.4495	0.7146	0.7146	0.0806	0.5634	0.5634	0.5634	0.0000	0.0000	
0.6463	71512     	0.1838	0.4486	0.7134	0.7134	0.0810	0.5622	0.5622	0.5622	0.0000	0.0000	
0.6473	71310     	0.1835	0.4479	0.7123	0.7123	0.0813	0.5609	0.5609	0.5609	0.0000	0.0000	
0.6483	71108     	0.1827	0.4469	0.7111	0.7111	0.0817	0.5596	0.5596	0.5596	0.0000	0.0000	
0.6493	70906     	0.1820	0.4460	0.7100	0.7100	0.0821	0.5583	0.5583	0.5583	0.0000	0.0000	
0.6503	70704     	0.1816	0.4452	0.7088	0.7088	0.0824	0.5571	0.5571	0.5571	0.0000	0.0000	
0.6513	70502     	0.1812	0.4445	0.7077	0.7077	0.0828	0.5558	0.5558	0.5558	0.0000	0.0000	
0.6523	70300     	0.1806	0.4436	0.7065	0.7065	0.0832	0.5545	0.5545	0.5545	0.0000	0.0000	
0.6533	70098     	0.1800	0.4427	0.7054	0.7054	0.0836	0.5532	0.5532	0.5532	0.0000	0.0000	
0.6543	69896     	0.1793	0.4418	0.7042	0.7042	0.0839	0.5519	0.5519	0.5519	0.0000	0.0000	
0.6553	69694     	0.1786	0.4408	0.7030	0.7030	0.0843	0.5507	0.5507	0.5507	0.0000	0.0000	
0.6563	69492     	0.1781	0.4400	0.7019	0.7019	0.0847	0.5494	0.5494	0.5494	0.0000	0.0000	
0.6573	69290     	0.1775	0.4391	0.7007	0.7007	0.0851	0.5481	0.5481	0.5481	0.0000	0.0000	
0.6583	69088     	0.1772	0.4383	0.6995	0.6995	0.0855	0.5468	0.5468	0.5468	0.0000	0.0000	
0.6593	68886     	0.1769	0.4376	0.6983	0.6983	0.0859	0.5455	0.5455	0.5455	0.0000	0.0000	
0.6603	68684     	0.1765	0.4368	0.6972	0.6972	0.0862	0.5442	0.5442	0.5442	0.0000	0.0000	
0.6613	68482     	0.1758	0.4359	0.6960	0.6960	0.0866	0.5430	0.5430	0.5430	0.0000	0.0000	
0.6623	68280     	0.1753	0.4351	0.6948	0.6948	0.0870	0.5417	0.5417	0.5417	0.0000	0.0000	
0.6633	68078     	0.1750	0.4343	0.6936	0.6936	0.0874	0.5404	0.5404	0.5404	0.0000	0.0000	
0.6643	67876     	0.1745	0.4334	0.6924	0.6924	0.0878	0.5391	0.5391	0.5391	0.0000	0.0000	
0.6653	67674     	0.1741	0.4326	0.6912	0.6912	0.0882	0.5378	0.5378	0.5378	0.0000	0.0000	
0.6663	67472     	0.1739	0.4319	0.6900	0.6900	0.0886	0.5366	0.5366	0.5366	0.0000	0.0000	
0.6673	67270     	0.1734	0.4311	0.6888	0.6888	0.0890	0.5352	0.5352	0.5352	0.0000	0.0000	
0.6683	67068     	0.1726	0.4301	0.6876	0.6876	0.0894	0.5340	0.5340	0.5340	0.0000	0.0000	
0.6693	66866     	0.1719	0.4291	0.6864	0.6864	0.0898	0.5327	0.5327	0.5327	0.0000	0.0000	
0.6703	66664     	0.1716	0.4284	0.6852	0.6852	0.0902	0.5314	0.5314	0.5314	0.0000	0.0000	
0.6713	66462     	0.1711	0.4275	0.6840	0.6840	0.0906	0.5301	0.5301	0.5301	0.0000	0.0000	
0.6723	66260     	0.1708	0.4268	0.6827	0.6827	0.0910	0.5288	0.5288	0.5288	0.0000	0.0000	
0.6733	66058     	0.1704	0.4260	0.6815	0.6815	0.0914	0.5275	0.5275	0.5275	0.0000	0.0000	
0.6743	65856     	0.1698	0.4251	0.6803	0.6803	0.0918	0.5262	0.5262	0.5262	0.0000	0.0000	
0.6753	65654     	0.1693	0.4242	0.6791	0.6791	0.0922	0.5249	0.5249	0.5249	0.0000	0.0000	
0.6763	65452     	0.1687	0.4233	0.6778	0.6778	0.0926	0.5236	0.5236	0.5236	0.0000	0.0000	
0.6773	65250     	0.1684	0.4225	0.6766	0.6766	0.0930	0.5224	0.5224	0.5224	0.0000	0.0000	
0.6783	65048     	0.1677	0.4216	0.6754	0.6754	0.0935	0.5210	0.5210	0.5210	0.0000	0.0000	
0.6793	64846     	0.1672	0.4207	0.6741	0.6741	0.0939	0.5198	0.5198	0.5198	0.0000	0.0000	
0.6803	64644     	0.1667	0.4198	0.6729	0.6729	0.0943	0.5185	0.5185	0.5185	0.0000	0.0000	
0.6813	64442     	0.1663	0.4190	0.6716	0.6716	0.0947	0.5171	0.5171	0.5171	0.0000	0.0000	
0.6823	64240     	0.1658	0.4181	0.6704	0.6704	0.0951	0.5158	0.5158	0.5158	0.0000	0.0000	
0.6833	64038     	0.1654	0.4173	0.6691	0.6691	0.0956	0.5146	0.5146	0.5146	0.0000	0.0000	
0.6843	63836     	0.1650	0.4164	0.6679	0.6679	0.0960	0.5132	0.5132	0.5132	0.0000	0.0000	
0.6853	63634     	0.1641	0.4154	0.6666	0.6666	0.0964	0.5120	0.5120	0.5120	0.0000	0.0000	
0.6863	63432     	0.1638	0.4146	0.6654	0.6654	0.0968	0.5106	0.5106	0.5106	0.0000	0.0000	
0.6873	63230     	0.1636	0.4139	0.6641	0.6641	0.0973	0.5093	0.5093	0.5093	0.0000	0.0000	
0.6883	63028     	0.1632	0.4130	0.6628	0.6628	0.0977	0.5080	0.5080	0.5080	0.0000	0.0000	
0.6893	62826     	0.1630	0.4123	0.6615	0.6615	0.0981	0.5067	0.5067	0.5067	0.0000	0.0000	
0.6903	62624     	0.1623	0.4113	0.6603	0.6603	0.0986	0.5054	0.5054	0.5054	0.0000	0.0000	
0.6913	62422     	0.1620	0.4105	0.6590	0.6590	0.0990	0.5041	0.5041	0.5041	0.0000	0.0000	
0.6923	62220     	0.1618	0.4098	0.6577	0.6577	0.0995	0.5028	0.5028	0.5028	0.0000	0.0000	
0.6933	62018     	0.1616	0.4090	0.6564	0.6564	0.0999	0.5014	0.5014	0.5014	0.0000	0.0000	
0.6943	61816     	0.1614	0.4082	0.6551	0.6551	0.1003	0.5001	0.5001	0.5001	0.0000	0.0000	
0.6953	61614     	0.1609	0.4074	0.6538	0.6538	0.1008	0.4988	0.4988	0.4988	0.0000	0.0000	
0.6963	61412     	0.1605	0.4065	0.6525	0.6525	0.1012	0.4975	0.4975	0.4975	0.0000	0.0000	
0.6973	61210     	0.1599	0.4055	0.6512	0.6512	0.1017	0.4962	0.4962	0.4962	0.0000	0.0000	
0.6983	61008     	0.1597	0.4048	0.6499	0.6499	0.1021	0.4948	0.4948	0.4948	0.0000	0.0000	
0.6993	60806     	0.1594	0.4040	0.6486	0.6486	0.1026	0.4935	0.4935	0.4935	0.0000	0.0000	
0.7003	60604     	0.1591	0.4032	0.6473	0.6473	0.1030	0.4922	0.4922	0.4922	0.0000	0.0000	
0.7013	60402     	0.1585	0.4023	0.6460	0.6460	0.1035	0.4909	0.4909	0.4909	0.0000	0.0000	
0.7023	60200     	0.1584	0.4015	0.6447	0.6447	0.1040	0.4895	0.4895	0.4895	0.0000	0.0000	
0.7033	59998     	0.1582	0.4008	0.6433	0.6433	0.1044	0.4882	0.4882	0.4882	0.0000	0.0000	
0.7043	59796     	0.1579	0.4000	0.6420	0.6420	0.1049	0.4868	0.4868	0.4868	0.0000	0.0000	
0.7053	59594     	0.1572	0.3989	0.6407	0.6407	0.1053	0.4855	0.4855	0.4855	0.0000	0.0000	
0.7063	59392     	0.1564	0.3979	0.6393	0.6393	0.1058	0.4842	0.4842	0.4842	0.0000	0.0000	
0.7073	59190     	0.1559	0.3970	0.6380	0.6380	0.1063	0.4828	0.4828	0.4828	0.0000	0.0000	
0.7083	58988     	0.1557	0.3962	0.6367	0.6367	0.1067	0.4815	0.4815	0.4815	0.0000	0.0000	
0.7093	58786     	0.1552	0.3953	0.6353	0.6353	0.1072	0.4801	0.4801	0.4801	0.0000	0.0000	
0.7103	58584     	0.1544	0.3942	0.6340	0.6340	0.1077	0.4788	0.4788	0.4788	0.0000	0.0000	
0.7113	58382     	0.1541	0.3934	0.6326	0.6326	0.1082	0.4774	0.4774	0.4774	0.0000	0.0000	
0.7123	58180     	0.1538	0.3925	0.6313	0.6313	0.1086	0.4761	0.4761	0.4761	0.0000	0.0000	
0.7133	57978     	0.1537	0.3918	0.6299	0.6299	0.1091	0.4747	0.4747	0.4747	0.0000	0.0000	
0.7143	57776     	0.1534	0.3909	0.6285	0.6285	0.1096	0.4734	0.4734	0.4734	0.0000	0.0000	
0.7153	57574     	0.1531	0.3901	0.6272	0.6272	0.1101	0.4720	0.4720	0.4720	0.0000	0.0000	
0.7163	57372     	0.1529	0.3893	0.6258	0.6258	0.1106	0.4707	0.4707	0.4707	0.0000	0.0000	
0.7173	57170     	0.1526	0.3885	0.6244	0.6244	0.1111	0.4693	0.4693	0.4693	0.0000	0.0000	
0.7183	56968     	0.1525	0.3878	0.6230	0.6230	0.1116	0.4679	0.4679	0.4679	0.0000	0.0000	
0.7193	56766     	0.1523	0.3870	0.6216	0.6216	0.1121	0.4666	0.4666	0.4666	0.0000	0.0000	
0.7203	56564     	0.1523	0.3863	0.6202	0.6202	0.1126	0.4652	0.4652	0.4652	0.0000	0.0000	
0.7213	56362     	0.1521	0.3855	0.6188	0.6188	0.1131	0.4639	0.4639	0.4639	0.0000	0.0000	
0.7223	56160     	0.1521	0.3848	0.6174	0.6174	0.1136	0.4625	0.4625	0.4625	0.0000	0.0000	
0.7233	55958     	0.1519	0.3840	0.6160	0.6160	0.1141	0.4611	0.4611	0.4611	0.0000	0.0000	
0.7243	55756     	0.1519	0.3833	0.6146	0.6146	0.1146	0.4597	0.4597	0.4597	0.0000	0.0000	
0.7253	55554     	0.1516	0.3824	0.6132	0.6132	0.1151	0.4584	0.4584	0.4584	0.0000	0.0000	
0.7263	55352     	0.1515	0.3816	0.6118	0.6118	0.1156	0.4570	0.4570	0.4570	0.0000	0.0000	
0.7273	55150     	0.1514	0.3809	0.6104	0.6104	0.1161	0.4556	0.4556	0.4556	0.0000	0.0000	
0.7283	54948     	0.1512	0.3801	0.6090	0.6090	0.1166	0.4542	0.4542	0.4542	0.0000	0.0000	
0.7293	54746     	0.1511	0.3793	0.6075	0.6075	0.1171	0.4529	0.4529	0.4529	0.0000	0.0000	
0.7303	54544     	0.1508	0.3785	0.6061	0.6061	0.1177	0.4515	0.4515	0.4515	0.0000	0.0000	
0.7313	54342     	0.1508	0.3777	0.6047	0.6047	0.1182	0.4501	0.4501	0.4501	0.0000	0.0000	
0.7323	54140     	0.1508	0.3770	0.6032	0.6032	0.1187	0.4487	0.4487	0.4487	0.0000	0.0000	
0.7333	53938     	0.1507	0.3762	0.6018	0.6018	0.1192	0.4473	0.4473	0.4473	0.0000	0.0000	
0.7343	53736     	0.1505	0.3754	0.6003	0.6003	0.1198	0.4459	0.4459	0.4459	0.0000	0.0000	
0.7353	53534     	0.1504	0.3746	0.5989	0.5989	0.1203	0.4445	0.4445	0.4445	0.0000	0.0000	
0.7363	53332     	0.1502	0.3738	0.5974	0.5974	0.1208	0.4432	0.4432	0.4432	0.0000	0.0000	
0.7373	53130     	0.1501	0.3730	0.5959	0.5959	0.1214	0.4418	0.4418	0.4418	0.0000	0.0000	
0.7382	52928     	0.1499	0.3722	0.5945	0.5945	0.1219	0.4403	0.4403	0.4403	0.0000	0.0000	
0.7392	52726     	0.1498	0.3714	0.5930	0.5930	0.1225	0.4389	0.4389	0.4389	0.0000	0.0000	
0.7402	52524     	0.1497	0.3706	0.5915	0.5915	0.1230	0.4376	0.4376	0.4376	0.0000	0.0000	
0.7412	52322     	0.1495	0.3698	0.5900	0.5900	0.1236	0.4361	0.4361	0.4361	0.0000	0.0000	
0.7422	52120     	0.1494	0.3689	0.5885	0.5885	0.1241	0.4347	0.4347	0.4347	0.0000	0.0000	
0.7432	51918     	0.1494	0.3682	0.5870	0.5870	0.1247	0.4333	0.4333	0.4333	0.0000	0.0000	
0.7442	51716     	0.1491	0.3673	0.5855	0.5855	0.1252	0.4319	0.4319	0.4319	0.0000	0.0000	
0.7452	51514     	0.1489	0.3665	0.5840	0.5840	0.1258	0.4305	0.4305	0.4305	0.0000	0.0000	
0.7462	51312     	0.1486	0.3655	0.5825	0.5825	0.1264	0.4291	0.4291	0.4291	0.0000	0.0000	
0.7472	51110     	0.1485	0.3647	0.5810	0.5810	0.1269	0.4277	0.4277	0.4277	0.0000	0.0000	
0.7482	50908     	0.1484	0.3639	0.5795	0.5795	0.1275	0.4263	0.4263	0.4263	0.0000	0.0000	
0.7492	50706     	0.1482	0.3631	0.5780	0.5780	0.1281	0.4248	0.4248	0.4248	0.0000	0.0000	
0.7502	50504     	0.1479	0.3622	0.5764	0.5764	0.1287	0.4234	0.4234	0.4234	0.0000	0.0000	
0.7512	50302     	0.1477	0.3613	0.5749	0.5749	0.1292	0.4220	0.4220	0.4220	0.0000	0.0000	
0.7522	50100     	0.1475	0.3605	0.5734	0.5734	0.1298	0.4206	0.4206	0.4206	0.0000	0.0000	
0.7532	49898     	0.1472	0.3595	0.5718	0.5718	0.1304	0.4191	0.4191	0.4191	0.0000	0.0000	
0.7542	49696     	0.1472	0.3587	0.5703	0.5703	0.1310	0.4177	0.4177	0.4177	0.0000	0.0000	
0.7552	49494     	0.1471	0.3579	0.5687	0.5687	0.1316	0.4163	0.4163	0.4163	0.0000	0.0000	
0.7562	49292     	0.1468	0.3570	0.5671	0.5671	0.1322	0.4148	0.4148	0.4148	0.0000	0.0000	
0.7572	49090     	0.1467	0.3561	0.5656	0.5656	0.1328	0.4134	0.4134	0.4134	0.0000	0.0000	
0.7582	48888     	0.1463	0.3552	0.5640	0.5640	0.1334	0.4120	0.4120	0.4120	0.0000	0.0000	
0.7592	48686     	0.1458	0.3541	0.5624	0.5624	0.1340	0.4105	0.4105	0.4105	0.0000	0.0000	
0.7602	48484     	0.1457	0.3533	0.5609	0.5609	0.1346	0.4091	0.4091	0.4091	0.0000	0.0000	
0.7612	48282     	0.1454	0.3524	0.5593	0.5593	0.1352	0.4076	0.4076	0.4076	0.0000	0.0000	
0.7622	48080     	0.1452	0.3514	0.5577	0.5577	0.1358	0.4062	0.4062	0.4062	0.0000	0.0000	
0.7632	47878     	0.1448	0.3504	0.5561	0.5561	0.1365	0.4047	0.4047	0.4047	0.0000	0.0000	
0.7642	47676     	0.1444	0.3494	0.5545	0.5545	0.1371	0.4033	0.4033	0.4033	0.0000	0.0000	
0.7652	47474     	0.1439	0.3484	0.5529	0.5529	0.1377	0.4018	0.4018	0.4018	0.0000	0.0000	
0.7662	47272     	0.1435	0.3474	0.5513	0.5513	0.1383	0.4003	0.4003	0.4003	0.0000	0.0000	
0.7672	47070     	0.1433	0.3465	0.5497	0.5497	0.1390	0.3989	0.3989	0.3989	0.0000	0.0000	
0.7682	46868     	0.1429	0.3455	0.5480	0.5480	0.1396	0.3974	0.3974	0.3974	0.0000	0.0000	
0.7692	46666     	0.1427	0.3445	0.5464	0.5464	0.1402	0.3960	0.3960	0.3960	0.0000	0.0000	
0.7702	46464     	0.1423	0.3435	0.5448	0.5448	0.1409	0.3945	0.3945	0.3945	0.0000	0.0000	
0.7712	46262     	0.1422	0.3427	0.5431	0.5431	0.1415	0.3930	0.3930	0.3930	0.0000	0.0000	
0.7722	46060     	0.1421	0.3418	0.5415	0.5415	0.1422	0.3915	0.3915	0.3915	0.0000	0.0000	
0.7732	45858     	0.1416	0.3407	0.5399	0.5399	0.1428	0.3901	0.3901	0.3901	0.0000	0.0000	
0.7742	45656     	0.1414	0.3398	0.5382	0.5382	0.1435	0.3886	0.3886	0.3886	0.0000	0.0000	
0.7752	45454     	0.1410	0.3387	0.5365	0.5365	0.1441	0.3871	0.3871	0.3871	0.0000	0.0000	
0.7762	45252     	0.1408	0.3378	0.5349	0.5349	0.1448	0.3856	0.3856	0.3856	0.0000	0.0000	
0.7772	45050     	0.1403	0.3368	0.5332	0.5332	0.1455	0.3842	0.3842	0.3842	0.0000	0.0000	
0.7782	44848     	0.1401	0.3358	0.5315	0.5315	0.1461	0.3827	0.3827	0.3827	0.0000	0.0000	
0.7792	44646     	0.1399	0.3349	0.5299	0.5299	0.1468	0.3812	0.3812	0.3812	0.0000	0.0000	
0.7802	44444     	0.1396	0.3339	0.5282	0.5282	0.1475	0.3797	0.3797	0.3797	0.0000	0.0000	
0.7812	44242     	0.1393	0.3329	0.5265	0.5265	0.1482	0.3782	0.3782	0.3782	0.0000	0.0000	
0.7822	44040     	0.1390	0.3319	0.5248	0.5248	0.1489	0.3767	0.3767	0.3767	0.0000	0.0000	
0.7832	43838     	0.1388	0.3310	0.5231	0.5231	0.1496	0.3752	0.3752	0.3752	0.0000	0.0000	
0.7842	43636     	0.1385	0.3299	0.5214	0.5214	0.1503	0.3737	0.3737	0.3737	0.0000	0.0000	
0.7852	43434     	0.1383	0.3290	0.5197	0.5197	0.1510	0.3722	0.3722	0.3722	0.0000	0.0000	
0.7862	43232     	0.1383	0.3281	0.5179	0.5179	0.1517	0.3707	0.3707	0.3707	0.0000	0.0000	
0.7872	43030     	0.1379	0.3270	0.5162	0.5162	0.1524	0.3692	0.3692	0.3692	0.0000	0.0000	
0.7882	42828     	0.1376	0.3260	0.5145	0.5145	0.1531	0.3677	0.3677	0.3677	0.0000	0.0000	
0.7892	42626     	0.1373	0.3250	0.5127	0.5127	0.1538	0.3662	0.3662	0.3662	0.0000	0.0000	
0.7902	42424     	0.1368	0.3239	0.5110	0.5110	0.1545	0.3646	0.3646	0.3646	0.0000	0.0000	
0.7912	42222     	0.1366	0.3229	0.5093	0.5093	0.1552	0.3631	0.3631	0.3631	0.0000	0.0000	
0.7922	42020     	0.1364	0.3219	0.5075	0.5075	0.1560	0.3616	0.3616	0.3616	0.0000	0.0000	
0.7932	41818     	0.1361	0.3209	0.5057	0.5057	0.1567	0.3601	0.3601	0.3601	0.0000	0.0000	
0.7942	41616     	0.1360	0.3200	0.5040	0.5040	0.1574	0.3586	0.3586	0.3586	0.0000	0.0000	
0.7952	41414     	0.1357	0.3190	0.5022	0.5022	0.1582	0.3571	0.3571	0.3571	0.0000	0.0000	
0.7962	41212     	0.1355	0.3180	0.5004	0.5004	0.1589	0.3555	0.3555	0.3555	0.0000	0.0000	
0.7972	41010     	0.1355	0.3171	0.4987	0.4987	0.1597	0.3540	0.3540	0.3540	0.0000	0.0000	
0.7982	40808     	0.1351	0.3160	0.4969	0.4969	0.1604	0.3524	0.3524	0.3524	0.0000	0.0000	
0.7992	40606     	0.1351	0.3151	0.4951	0.4951	0.1612	0.3509	0.3509	0.3509	0.0000	0.0000	
0.8002	40404     	0.1349	0.3141	0.4933	0.4933	0.1619	0.3494	0.3494	0.3494	0.0000	0.0000	
0.8012	40202     	0.1347	0.3131	0.4915	0.4915	0.1627	0.3478	0.3478	0.3478	0.0000	0.0000	
0.8022	40000     	0.1346	0.3121	0.4897	0.4897	0.1635	0.3463	0.3463	0.3463	0.0000	0.0000	
0.8032	39798     	0.1344	0.3111	0.4878	0.4878	0.1643	0.3447	0.3447	0.3447	0.0000	0.0000	
0.8042	39596     	0.1341	0.3101	0.4860	0.4860	0.1650	0.3432	0.3432	0.3432	0.0000	0.0000	
0.8052	39394     	0.1338	0.3090	0.4842	0.4842	0.1658	0.3416	0.3416	0.3416	0.0000	0.0000	
0.8062	39192     	0.1336	0.3080	0.4824	0.4824	0.1666	0.3401	0.3401	0.3401	0.0000	0.0000	
0.8072	38990     	0.1334	0.3070	0.4805	0.4805	0.1674	0.3385	0.3385	0.3385	0.0000	0.0000	
0.8082	38788     	0.1332	0.3059	0.4787	0.4787	0.1682	0.3370	0.3370	0.3370	0.0000	0.0000	
0.8092	38586     	0.1328	0.3048	0.4768	0.4768	0.1690	0.3354	0.3354	0.3354	0.0000	0.0000	
0.8102	38384     	0.1327	0.3038	0.4750	0.4750	0.1698	0.3339	0.3339	0.3339	0.0000	0.0000	
0.8112	38182     	0.1322	0.3027	0.4731	0.4731	0.1706	0.3323	0.3323	0.3323	0.0000	0.0000	
0.8122	37980     	0.1320	0.3016	0.4712	0.4712	0.1715	0.3307	0.3307	0.3307	0.0000	0.0000	
0.8132	37778     	0.1314	0.3004	0.4694	0.4694	0.1723	0.3292	0.3292	0.3292	0.0000	0.0000	
0.8142	37576     	0.1311	0.2993	0.4675	0.4675	0.1731	0.3276	0.3276	0.3276	0.0000	0.0000	
0.8152	37374     	0.1305	0.2980	0.4656	0.4656	0.1740	0.3260	0.3260	0.3260	0.0000	0.0000	
0.8162	37172     	0.1300	0.2969	0.4637	0.4637	0.1748	0.3244	0.3244	0.3244	0.0000	0.0000	
0.8172	36970     	0.1296	0.2957	0.4618	0.4618	0.1756	0.3229	0.3229	0.3229	0.0000	0.0000	
0.8182	36768     	0.1289	0.2944	0.4599	0.4599	0.1765	0.3213	0.3213	0.3213	0.0000	0.0000	
0.8192	36566     	0.1281	0.2930	0.4580	0.4580	0.1774	0.3197	0.3197	0.3197	0.0000	0.0000	
0.8202	36364     	0.1274	0.2918	0.4561	0.4561	0.1782	0.3181	0.3181	0.3181	0.0000	0.0000	
0.8212	36162     	0.1267	0.2904	0.4541	0.4541	0.1791	0.3165	0.3165	0.3165	0.0000	0.0000	
0.8222	35960     	0.1256	0.2889	0.4522	0.4522	0.1800	0.3149	0.3149	0.3149	0.0000	0.0000	
0.8232	35758     	0.1248	0.2875	0.4503	0.4503	0.1808	0.3133	0.3133	0.3133	0.0000	0.0000	
0.8242	35556     	0.1240	0.2862	0.4483	0.4483	0.1817	0.3117	0.3117	0.3117	0.0000	0.0000	
0.8252	35354     	0.1230	0.2847	0.4464	0.4464	0.1826	0.3101	0.3101	0.3101	0.0000	0.0000	
0.8262	35152     	0.1223	0.2834	0.4444	0.4444	0.1835	0.3085	0.3085	0.3085	0.0000	0.0000	
0.8272	34950     	0.1216	0.2820	0.4425	0.4425	0.1844	0.3069	0.3069	0.3069	0.0000	0.0000	
0.8282	34748     	0.1208	0.2807	0.4405	0.4405	0.1853	0.3053	0.3053	0.3053	0.0000	0.0000	
0.8292	34546     	0.1196	0.2791	0.4385	0.4385	0.1862	0.3037	0.3037	0.3037	0.0000	0.0000	
0.8302	34344     	0.1189	0.2777	0.4365	0.4365	0.1872	0.3021	0.3021	0.3021	0.0000	0.0000	
0.8312	34142     	0.1181	0.2763	0.4346	0.4346	0.1881	0.3005	0.3005	0.3005	0.0000	0.0000	
0.8322	33940     	0.1174	0.2750	0.4326	0.4326	0.1890	0.2989	0.2989	0.2989	0.0000	0.0000	
0.8332	33738     	0.1168	0.2737	0.4306	0.4306	0.1900	0.2973	0.2973	0.2973	0.0000	0.0000	
0.8342	33536     	0.1158	0.2722	0.4286	0.4286	0.1909	0.2957	0.2957	0.2957	0.0000	0.0000	
0.8351	33334     	0.1154	0.2709	0.4265	0.4265	0.1919	0.2940	0.2940	0.2940	0.0000	0.0000	
0.8361	33132     	0.1146	0.2695	0.4245	0.4245	0.1928	0.2924	0.2924	0.2924	0.0000	0.0000	
0.8371	32930     	0.1142	0.2683	0.4225	0.4225	0.1938	0.2908	0.2908	0.2908	0.0000	0.0000	
0.8381	32728     	0.1135	0.2670	0.4205	0.4205	0.1947	0.2891	0.2891	0.2891	0.0000	0.0000	
0.8391	32526     	0.1128	0.2656	0.4184	0.4184	0.1957	0.2875	0.2875	0.2875	0.0000	0.0000	
0.8401	32324     	0.1121	0.2643	0.4164	0.4164	0.1967	0.2859	0.2859	0.2859	0.0000	0.0000	
0.8411	32122     	0.1116	0.2630	0.4143	0.4143	0.1977	0.2842	0.2842	0.2842	0.0000	0.0000	
0.8421	31920     	0.1108	0.2615	0.4123	0.4123	0.1987	0.2826	0.2826	0.2826	0.0000	0.0000	
0.8431	31718     	0.1103	0.2603	0.4102	0.4102	0.1997	0.2810	0.2810	0.2810	0.0000	0.0000	
0.8441	31516     	0.1090	0.2586	0.4081	0.4081	0.2007	0.2793	0.2793	0.2793	0.0000	0.0000	
0.8451	31314     	0.1081	0.2571	0.4061	0.4061	0.2017	0.2777	0.2777	0.2777	0.0000	0.0000	
0.8461	31112     	0.1075	0.2557	0.4040	0.4040	0.2028	0.2760	0.2760	0.2760	0.0000	0.0000	
0.8471	30910     	0.1068	0.2543	0.4019	0.4019	0.2038	0.2744	0.2744	0.2744	0.0000	0.0000	
0.8481	30708     	0.1060	0.2529	0.3998	0.3998	0.2048	0.2727	0.2727	0.2727	0.0000	0.0000	
0.8491	30506     	0.1052	0.2515	0.3977	0.3977	0.2059	0.2711	0.2711	0.2711	0.0000	0.0000	
0.8501	30304     	0.1044	0.2500	0.3956	0.3956	0.2069	0.2694	0.2694	0.2694	0.0000	0.0000	
0.8511	30102     	0.1037	0.2486	0.3935	0.3935	0.2080	0.2678	0.2678	0.2678	0.0000	0.0000	
0.8521	29900     	0.1029	0.2471	0.3914	0.3914	0.2091	0.2661	0.2661	0.2661	0.0000	0.0000	
0.8531	29698     	0.1023	0.2458	0.3892	0.3892	0.2101	0.2644	0.2644	0.2644	0.0000	0.0000	
0.8541	29496     	0.1012	0.2442	0.3871	0.3871	0.2112	0.2628	0.2628	0.2628	0.0000	0.0000	
0.8551	29294     	0.1001	0.2426	0.3850	0.3850	0.2123	0.2611	0.2611	0.2611	0.0000	0.0000	
0.8561	29092     	0.0995	0.2412	0.3828	0.3828	0.2134	0.2594	0.2594	0.2594	0.0000	0.0000	
0.8571	28890     	0.0988	0.2397	0.3807	0.3807	0.2145	0.2578	0.2578	0.2578	0.0000	0.0000	
0.8581	28688     	0.0978	0.2381	0.3785	0.3785	0.2156	0.2561	0.2561	0.2561	0.0000	0.0000	
0.8591	28486     	0.0973	0.2368	0.3764	0.3764	0.2167	0.2544	0.2544	0.2544	0.0000	0.0000	
0.8601	28284     	0.0969	0.2355	0.3742	0.3742	0.2179	0.2527	0.2527	0.2527	0.0000	0.0000	
0.8611	28082     	0.0960	0.2340	0.3720	0.3720	0.2190	0.2510	0.2510	0.2510	0.0000	0.0000	
0.8621	27880     	0.0958	0.2328	0.3698	0.3698	0.2202	0.2494	0.2494	0.2494	0.0000	0.0000	
0.8631	27678     	0.0951	0.2314	0.3676	0.3676	0.2213	0.2477	0.2477	0.2477	0.0000	0.0000	
0.8641	27476     	0.0945	0.2300	0.3654	0.3654	0.2225	0.2460	0.2460	0.2460	0.0000	0.0000	
0.8651	27274     	0.0941	0.2286	0.3632	0.3632	0.2237	0.2443	0.2443	0.2443	0.0000	0.0000	
0.8661	27072     	0.0938	0.2274	0.3610	0.3610	0.2249	0.2426	0.2426	0.2426	0.0000	0.0000	
0.8671	26870     	0.0932	0.2260	0.3588	0.3588	0.2261	0.2409	0.2409	0.2409	0.0000	0.0000	
0.8681	26668     	0.0929	0.2247	0.3566	0.3566	0.2273	0.2392	0.2392	0.2392	0.0000	0.0000	
0.8691	26466     	0.0924	0.2234	0.3543	0.3543	0.2285	0.2375	0.2375	0.2375	0.0000	0.0000	
0.8701	26264     	0.0920	0.2221	0.3521	0.3521	0.2297	0.2358	0.2358	0.2358	0.0000	0.0000	
0.8711	26062     	0.0920	0.2209	0.3498	0.3498	0.2309	0.2341	0.2341	0.2341	0.0000	0.0000	
0.8721	25860     	0.0914	0.2195	0.3476	0.3476	0.2322	0.2324	0.2324	0.2324	0.0000	0.0000	
0.8731	25658     	0.0911	0.2182	0.3453	0.3453	0.2334	0.2307	0.2307	0.2307	0.0000	0.0000	
0.8741	25456     	0.0907	0.2169	0.3431	0.3431	0.2347	0.2290	0.2290	0.2290	0.0000	0.0000	
0.8751	25254     	0.0901	0.2154	0.3408	0.3408	0.2360	0.2272	0.2272	0.2272	0.0000	0.0000	
0.8761	25052     	0.0900	0.2142	0.3385	0.3385	0.2372	0.2255	0.2255	0.2255	0.0000	0.0000	
0.8771	24850     	0.0898	0.2130	0.3362	0.3362	0.2385	0.2238	0.2238	0.2238	0.0000	0.0000	
0.8781	24648     	0.0896	0.2118	0.3339	0.3339	0.2398	0.2221	0.2221	0.2221	0.0000	0.0000	
0.8791	24446     	0.0894	0.2105	0.3316	0.3316	0.2411	0.2203	0.2203	0.2203	0.0000	0.0000	
0.8801	24244     	0.0891	0.2092	0.3293	0.3293	0.2425	0.2186	0.2186	0.2186	0.0000	0.0000	
0.8811	24042     	0.0887	0.2079	0.3270	0.3270	0.2438	0.2169	0.2169	0.2169	0.0000	0.0000	
0.8821	23840     	0.0883	0.2065	0.3247	0.3247	0.2451	0.2151	0.2151	0.2151	0.0000	0.0000	
0.8831	23638     	0.0881	0.2052	0.3223	0.3223	0.2465	0.2134	0.2134	0.2134	0.0000	0.0000	
0.8841	23436     	0.0876	0.2038	0.3200	0.3200	0.2479	0.2117	0.2117	0.2117	0.0000	0.0000	
0.8851	23234     	0.0872	0.2025	0.3177	0.3177	0.2493	0.2099	0.2099	0.2099	0.0000	0.0000	
0.8861	23032     	0.0867	0.2010	0.3153	0.3153	0.2506	0.2082	0.2082	0.2082	0.0000	0.0000	
0.8871	22830     	0.0860	0.1995	0.3130	0.3130	0.2520	0.2064	0.2064	0.2064	0.0000	0.0000	
0.8881	22628     	0.0853	0.1979	0.3106	0.3106	0.2535	0.2047	0.2047	0.2047	0.0000	0.0000	
0.8891	22426     	0.0846	0.1964	0.3082	0.3082	0.2549	0.2030	0.2030	0.2030	0.0000	0.0000	
0.8901	22224     	0.0840	0.1949	0.3059	0.3059	0.2563	0.2012	0.2012	0.2012	0.0000	0.0000	
0.8911	22022     	0.0829	0.1932	0.3035	0.3035	0.2578	0.1995	0.1995	0.1995	0.0000	0.0000	
0.8921	21820     	0.0825	0.1918	0.3011	0.3011	0.2592	0.1977	0.1977	0.1977	0.0000	0.0000	
0.8931	21618     	0.0819	0.1903	0.2987	0.2987	0.2607	0.1959	0.1959	0.1959	0.0000	0.0000	
0.8941	21416     	0.0811	0.1887	0.2963	0.2963	0.2622	0.1942	0.1942	0.1942	0.0000	0.0000	
0.8951	21214     	0.0805	0.1872	0.2939	0.2939	0.2637	0.1924	0.1924	0.1924	0.0000	0.0000	
0.8961	21012     	0.0799	0.1857	0.2915	0.2915	0.2652	0.1907	0.1907	0.1907	0.0000	0.0000	
0.8971	20810     	0.0791	0.1841	0.2890	0.2890	0.2668	0.1889	0.1889	0.1889	0.0000	0.0000	
0.8981	20608     	0.0784	0.1825	0.2866	0.2866	0.2683	0.1871	0.1871	0.1871	0.0000	0.0000	
0.8991	20406     	0.0778	0.1810	0.2842	0.2842	0.2699	0.1853	0.1853	0.1853	0.0000	0.0000	
0.9001	20204     	0.0772	0.1795	0.2817	0.2817	0.2715	0.1836	0.1836	0.1836	0.0000	0.0000	
0.9011	20002     	0.0766	0.1780	0.2793	0.2793	0.2730	0.1818	0.1818	0.1818	0.0000	0.0000	
0.9021	19800     	0.0759	0.1763	0.2768	0.2768	0.2746	0.1800	0.1800	0.1800	0.0000	0.0000	
0.9031	19598     	0.0751	0.1748	0.2744	0.2744	0.2763	0.1782	0.1782	0.1782	0.0000	0.0000	
0.9041	19396     	0.0749	0.1734	0.2719	0.2719	0.2779	0.1765	0.1765	0.1765	0.0000	0.0000	
0.9051	19194     	0.0745	0.1720	0.2694	0.2694	0.2796	0.1747	0.1747	0.1747	0.0000	0.0000	
0.9061	18992     	0.0742	0.1706	0.2669	0.2669	0.2812	0.1729	0.1729	0.1729	0.0000	0.0000	
0.9071	18790     	0.0735	0.1690	0.2644	0.2644	0.2829	0.1711	0.1711	0.1711	0.0000	0.0000	
0.9081	18588     	0.0730	0.1675	0.2619	0.2619	0.2846	0.1693	0.1693	0.1693	0.0000	0.0000	
0.9091	18386     	0.0724	0.1659	0.2594	0.2594	0.2863	0.1675	0.1675	0.1675	0.0000	0.0000	
0.9101	18184     	0.0722	0.1645	0.2569	0.2569	0.2881	0.1657	0.1657	0.1657	0.0000	0.0000	
0.9111	17982     	0.0715	0.1629	0.2544	0.2544	0.2898	0.1639	0.1639	0.1639	0.0000	0.0000	
0.9121	17780     	0.0704	0.1612	0.2519	0.2519	0.2916	0.1621	0.1621	0.1621	0.0000	0.0000	
0.9131	17578     	0.0700	0.1597	0.2493	0.2493	0.2934	0.1603	0.1603	0.1603	0.0000	0.0000	
0.9141	17376     	0.0689	0.1579	0.2468	0.2468	0.2952	0.1585	0.1585	0.1585	0.0000	0.0000	
0.9151	17174     	0.0686	0.1564	0.2443	0.2443	0.2970	0.1567	0.1567	0.1567	0.0000	0.0000	
0.9161	16972     	0.0678	0.1547	0.2417	0.2417	0.2988	0.1550	0.1550	0.1550	0.0000	0.0000	
0.9171	16770     	0.0670	0.1531	0.2391	0.2391	0.3007	0.1532	0.1532	0.1532	0.0000	0.0000	
0.9181	16568     	0.0664	0.1515	0.2366	0.2366	0.3026	0.1514	0.1514	0.1514	0.0000	0.0000	
0.9191	16366     	0.0653	0.1497	0.2340	0.2340	0.3045	0.1497	0.1497	0.1497	0.0000	0.0000	
0.9201	16164     	0.0649	0.1482	0.2314	0.2314	0.3064	0.1479	0.1479	0.1479	0.0000	0.0000	
0.9211	15962     	0.0642	0.1465	0.2288	0.2288	0.3084	0.1461	0.1461	0.1461	0.0000	0.0000	
0.9221	15760     	0.0634	0.1448	0.2262	0.2262	0.3103	0.1443	0.1443	0.1443	0.0000	0.0000	
0.9231	15558     	0.0622	0.1429	0.2236	0.2236	0.3123	0.1426	0.1426	0.1426	0.0000	0.0000	
0.9241	15356     	0.0613	0.1412	0.2210	0.2210	0.3144	0.1408	0.1408	0.1408	0.0000	0.0000	
0.9251	15154     	0.0606	0.1395	0.2184	0.2184	0.3164	0.1390	0.1390	0.1390	0.0000	0.0000	
0.9261	14952     	0.0598	0.1378	0.2157	0.2157	0.3185	0.1372	0.1372	0.1372	0.0000	0.0000	
0.9271	14750     	0.0594	0.1362	0.2131	0.2131	0.3206	0.1354	0.1354	0.1354	0.0000	0.0000	
0.9281	14548     	0.0586	0.1345	0.2104	0.2104	0.3227	0.1336	0.1336	0.1336	0.0000	0.0000	
0.9291	14346     	0.0579	0.1328	0.2078	0.2078	0.3248	0.1318	0.1318	0.1318	0.0000	0.0000	
0.9301	14144     	0.0570	0.1311	0.2051	0.2051	0.3270	0.1300	0.1300	0.1300	0.0000	0.0000	
0.9311	13942     	0.0566	0.1295	0.2025	0.2025	0.3292	0.1282	0.1282	0.1282	0.0000	0.0000	
0.9321	13740     	0.0559	0.1278	0.1998	0.1998	0.3314	0.1264	0.1264	0.1264	0.0000	0.0000	
0.9330	13538     	0.0555	0.1263	0.1971	0.1971	0.3337	0.1246	0.1246	0.1246	0.0000	0.0000	
0.9340	13336     	0.0550	0.1247	0.1944	0.1944	0.3360	0.1228	0.1228	0.1228	0.0000	0.0000	
0.9350	13134     	0.0547	0.1232	0.1917	0.1917	0.3383	0.1210	0.1210	0.1210	0.0000	0.0000	
0.9360	12932     	0.0540	0.1215	0.1890	0.1890	0.3407	0.1192	0.1192	0.1192	0.0000	0.0000	
0.9370	12730     	0.0537	0.1200	0.1863	0.1863	0.3430	0.1174	0.1174	0.1174	0.0000	0.0000	
0.9380	12528     	0.0530	0.1183	0.1836	0.1836	0.3455	0.1156	0.1156	0.1156	0.0000	0.0000	
0.9390	12326     	0.0525	0.1167	0.1808	0.1808	0.3479	0.1138	0.1138	0.1138	0.0000	0.0000	
0.9400	12124     	0.0519	0.1150	0.1781	0.1781	0.3504	0.1120	0.1120	0.1120	0.0000	0.0000	
0.9410	11922     	0.0517	0.1135	0.1753	0.1753	0.3529	0.1102	0.1102	0.1102	0.0000	0.0000	
0.9420	11720     	0.0511	0.1119	0.1726	0.1726	0.3555	0.1084	0.1084	0.1084	0.0000	0.0000	
0.9430	11518     	0.0508	0.1103	0.1698	0.1698	0.3581	0.1066	0.1066	0.1066	0.0000	0.0000	
0.9440	11316     	0.0505	0.1088	0.1670	0.1670	0.3607	0.1048	0.1048	0.1048	0.0000	0.0000	
0.9450	11114     	0.0499	0.1071	0.1643	0.1643	0.3634	0.1030	0.1030	0.1030	0.0000	0.0000	
0.9460	10912     	0.0497	0.1056	0.1615	0.1615	0.3661	0.1012	0.1012	0.1012	0.0000	0.0000	
0.9470	10710     	0.0492	0.1040	0.1587	0.1587	0.3688	0.0993	0.0993	0.0993	0.0000	0.0000	
0.9480	10508     	0.0490	0.1024	0.1559	0.1559	0.3716	0.0975	0.0975	0.0975	0.0000	0.0000	
0.9490	10306     	0.0484	0.1008	0.1531	0.1531	0.3745	0.0957	0.0957	0.0957	0.0000	0.0000	
0.9500	10104     	0.0479	0.0991	0.1503	0.1503	0.3774	0.0939	0.0939	0.0939	0.0000	0.0000	
0.9510	9902      	0.0473	0.0974	0.1474	0.1474	0.3803	0.0921	0.0921	0.0921	0.0000	0.0000	
0.9520	9700      	0.0466	0.0956	0.1446	0.1446	0.3833	0.0903	0.0903	0.0903	0.0000	0.0000	
0.9530	9498      	0.0459	0.0939	0.1418	0.1418	0.3864	0.0884	0.0884	0.0884	0.0000	0.0000	
0.9540	9296      	0.0449	0.0919	0.1389	0.1389	0.3895	0.0866	0.0866	0.0866	0.0000	0.0000	
0.9550	9094      	0.0435	0.0898	0.1361	0.1361	0.3926	0.0848	0.0848	0.0848	0.0000	0.0000	
0.9560	8892      	0.0415	0.0874	0.1332	0.1332	0.3958	0.0830	0.0830	0.0830	0.0000	0.0000	
0.9570	8690      	0.0383	0.0843	0.1304	0.1304	0.3991	0.0811	0.0811	0.0811	0.0000	0.0000	
0.9580	8488      	0.0371	0.0823	0.1275	0.1275	0.4024	0.0793	0.0793	0.0793	0.0000	0.0000	
0.9590	8286      	0.0360	0.0803	0.1246	0.1246	0.4058	0.0775	0.0775	0.0775	0.0000	0.0000	
0.9600	8084      	0.0349	0.0783	0.1217	0.1217	0.4093	0.0757	0.0757	0.0757	0.0000	0.0000	
0.9610	7882      	0.0338	0.0763	0.1188	0.1188	0.4129	0.0738	0.0738	0.0738	0.0000	0.0000	
0.9620	7680      	0.0324	0.0742	0.1159	0.1159	0.4165	0.0720	0.0720	0.0720	0.0000	0.0000	
0.9630	7478      	0.0309	0.0719	0.1130	0.1130	0.4202	0.0702	0.0702	0.0702	0.0000	0.0000	
0.9640	7276      	0.0293	0.0697	0.1101	0.1101	0.4240	0.0683	0.0683	0.0683	0.0000	0.0000	
0.9650	7074      	0.0276	0.0674	0.1071	0.1071	0.4279	0.0665	0.0665	0.0665	0.0000	0.0000	
0.9660	6872      	0.0260	0.0651	0.1042	0.1042	0.4319	0.0646	0.0646	0.0646	0.0000	0.0000	
0.9670	6670      	0.0243	0.0627	0.1012	0.1012	0.4360	0.0628	0.0628	0.0628	0.0000	0.0000	
0.9680	6468      	0.0228	0.0605	0.0982	0.0982	0.4402	0.0609	0.0609	0.0609	0.0000	0.0000	
0.9690	6266      	0.0216	0.0584	0.0952	0.0952	0.4445	0.0590	0.0590	0.0590	0.0000	0.0000	
0.9700	6064      	0.0206	0.0564	0.0922	0.0922	0.4489	0.0572	0.0572	0.0572	0.0000	0.0000	
0.9710	5862      	0.0186	0.0539	0.0892	0.0892	0.4535	0.0553	0.0553	0.0553	0.0000	0.0000	
0.9720	5660      	0.0171	0.0516	0.0862	0.0862	0.4582	0.0534	0.0534	0.0534	0.0000	0.0000	
0.9730	5458      	0.0158	0.0495	0.0831	0.0831	0.4630	0.0515	0.0515	0.0515	0.0000	0.0000	
0.9740	5256      	0.0143	0.0472	0.0801	0.0801	0.4680	0.0496	0.0496	0.0496	0.0000	0.0000	
0.9750	5054      	0.0131	0.0451	0.0770	0.0770	0.4732	0.0477	0.0477	0.0477	0.0000	0.0000	
0.9760	4852      	0.0118	0.0429	0.0740	0.0740	0.4785	0.0458	0.0458	0.0458	0.0000	0.0000	
0.9770	4650      	0.0108	0.0408	0.0709	0.0709	0.4840	0.0439	0.0439	0.0439	0.0000	0.0000	
0.9780	4448      	0.0099	0.0388	0.0678	0.0678	0.4898	0.0420	0.0420	0.0420	0.0000	0.0000	
0.9790	4246      	0.0090	0.0368	0.0647	0.0647	0.4957	0.0401	0.0401	0.0401	0.0000	0.0000	
0.9800	4044      	0.0083	0.0349	0.0615	0.0615	0.5019	0.0382	0.0382	0.0382	0.0000	0.0000	
0.9810	3842      	0.0070	0.0327	0.0584	0.0584	0.5084	0.0363	0.0363	0.0363	0.0000	0.0000	
0.9820	3640      	0.0053	0.0303	0.0553	0.0553	0.5152	0.0343	0.0343	0.0343	0.0000	0.0000	
0.9830	3438      	0.0044	0.0282	0.0521	0.0521	0.5223	0.0324	0.0324	0.0324	0.0000	0.0000	
0.9840	3236      	0.0034	0.0261	0.0489	0.0489	0.5297	0.0305	0.0305	0.0305	0.0000	0.0000	
0.9850	3034      	0.0025	0.0241	0.0457	0.0457	0.5376	0.0285	0.0285	0.0285	0.0000	0.0000	
0.9860	2832      	0.0021	0.0223	0.0425	0.0425	0.5460	0.0265	0.0265	0.0265	0.0000	0.0000	
0.9870	2630      	0.0018	0.0205	0.0393	0.0393	0.5549	0.0246	0.0246	0.0246	0.0000	0.0000	
0.9880	2428      	0.0013	0.0187	0.0360	0.0360	0.5644	0.0226	0.0226	0.0226	0.0000	0.0000	
0.9890	2226      	0.0011	0.0169	0.0328	0.0328	0.5746	0.0206	0.0206	0.0206	0.0000	0.0000	
0.9900	2024      	0.0010	0.0152	0.0295	0.0295	0.5857	0.0186	0.0186	0.0186	0.0000	0.0000	
0.9910	1822      	0.0010	0.0136	0.0262	0.0262	0.5978	0.0166	0.0166	0.0166	0.0000	0.0000	
0.9920	1620      	0.0010	0.0119	0.0228	0.0228	0.6112	0.0146	0.0146	0.0146	0.0000	0.0000	
0.9930	1418      	0.0010	0.0103	0.0195	0.0195	0.6263	0.0126	0.0126	0.0126	0.0000	0.0000	
0.9940	1216      	0.0010	0.0086	0.0161	0.0161	0.6436	0.0106	0.0106	0.0106	0.0000	0.0000	
0.9950	1014      	0.0010	0.0069	0.0128	0.0128	0.6640	0.0086	0.0086	0.0086	0.0000	0.0000	
0.9960	812       	0.0010	0.0052	0.0093	0.0093	0.6891	0.0066	0.0066	0.0066	0.0000	0.0000	
0.9970	610       	0.0007	0.0038	0.0069	0.0069	0.7117	0.0049	0.0049	0.0049	0.0000	0.0000	
0.9980	408       	0.0003	0.0026	0.0048	0.0048	0.7369	0.0034	0.0034	0.0034	0.0000	0.0000	
0.9990	206       	0.0002	0.0013	0.0023	0.0023	0.7815	0.0017	0.0017	0.0017	0.0000	0.0000	
1.0000	4         	0.0000	0.0000	0.0000	0.0000	0.9207	0.0000	0.0000	0.0000	0.0000	0.0000	
1.0000	0         	0.0000	0.0000	0.0000	0.0000	1.0000	0.0000	0.0000	0.0000	0.0000	0.0000	
