# Prop_landscape_lost  cost_needed_for_top_fraction  min_prop_rem  ave_prop_rem  W_prop_rem  ext-1  ext-2  prop_for_each_biodiversity_feature_(e.g._species)_remaining_at_level_of_removal...
0.00001  2.0202e+005  1.00000 1.00000 1.00000   0.00000 0.00000   1.000 
0.00101  2.0181e+005  0.99998 0.99998 0.99998   0.00000 0.00001   1.000 
0.00201  2.0161e+005  0.99994 0.99994 0.99994   0.00000 0.00001   1.000 
0.00301  2.0141e+005  0.99990 0.99990 0.99990   0.00001 0.00002   1.000 
0.00401  2.0121e+005  0.99986 0.99986 0.99986   0.00001 0.00004   1.000 
0.00501  2.0101e+005  0.99980 0.99980 0.99980   0.00001 0.00005   1.000 
0.00601  2.008e+005  0.99973 0.99973 0.99973   0.00001 0.00007   1.000 
0.00701  2.006e+005  0.99966 0.99966 0.99966   0.00001 0.00008   1.000 
0.00801  2.004e+005  0.99958 0.99958 0.99958   0.00001 0.00011   1.000 
0.00901  2.002e+005  0.99949 0.99949 0.99949   0.00001 0.00013   0.999 
0.01001  2e+005      0.99939 0.99939 0.99939   0.00001 0.00015   0.999 
0.01101  1.9979e+005  0.99928 0.99928 0.99928   0.00001 0.00018   0.999 
0.01201  1.9959e+005  0.99917 0.99917 0.99917   0.00002 0.00021   0.999 
0.01301  1.9939e+005  0.99904 0.99904 0.99904   0.00002 0.00024   0.999 
0.01401  1.9919e+005  0.99892 0.99892 0.99892   0.00002 0.00027   0.999 
0.01501  1.9899e+005  0.99878 0.99878 0.99878   0.00002 0.00031   0.999 
0.01601  1.9878e+005  0.99864 0.99864 0.99864   0.00002 0.00034   0.999 
0.01701  1.9858e+005  0.99849 0.99849 0.99849   0.00002 0.00038   0.998 
0.01801  1.9838e+005  0.99834 0.99834 0.99834   0.00002 0.00041   0.998 
0.01901  1.9818e+005  0.99819 0.99819 0.99819   0.00002 0.00045   0.998 
0.02001  1.9798e+005  0.99803 0.99803 0.99803   0.00002 0.00049   0.998 
0.02101  1.9777e+005  0.99787 0.99787 0.99787   0.00002 0.00053   0.998 
0.02201  1.9757e+005  0.99770 0.99770 0.99770   0.00003 0.00058   0.998 
0.02301  1.9737e+005  0.99752 0.99752 0.99752   0.00003 0.00062   0.998 
0.02401  1.9717e+005  0.99734 0.99734 0.99734   0.00003 0.00066   0.997 
0.02501  1.9697e+005  0.99716 0.99716 0.99716   0.00003 0.00071   0.997 
0.02601  1.9676e+005  0.99698 0.99698 0.99698   0.00003 0.00076   0.997 
0.02701  1.9656e+005  0.99679 0.99679 0.99679   0.00003 0.00080   0.997 
0.02801  1.9636e+005  0.99659 0.99659 0.99659   0.00003 0.00085   0.997 
0.02901  1.9616e+005  0.99639 0.99639 0.99639   0.00003 0.00090   0.996 
0.03001  1.9596e+005  0.99619 0.99619 0.99619   0.00003 0.00095   0.996 
0.03101  1.9575e+005  0.99598 0.99598 0.99598   0.00003 0.00101   0.996 
0.03201  1.9555e+005  0.99578 0.99578 0.99578   0.00003 0.00106   0.996 
0.03301  1.9535e+005  0.99556 0.99556 0.99556   0.00003 0.00111   0.996 
0.03401  1.9515e+005  0.99535 0.99535 0.99535   0.00003 0.00117   0.995 
0.03501  1.9495e+005  0.99513 0.99513 0.99513   0.00003 0.00122   0.995 
0.03601  1.9474e+005  0.99490 0.99490 0.99490   0.00003 0.00128   0.995 
0.03701  1.9454e+005  0.99468 0.99468 0.99468   0.00004 0.00133   0.995 
0.03801  1.9434e+005  0.99445 0.99445 0.99445   0.00004 0.00139   0.994 
0.03901  1.9414e+005  0.99422 0.99422 0.99422   0.00004 0.00145   0.994 
0.04001  1.9394e+005  0.99398 0.99398 0.99398   0.00004 0.00151   0.994 
0.04101  1.9373e+005  0.99374 0.99374 0.99374   0.00004 0.00157   0.994 
0.04201  1.9353e+005  0.99350 0.99350 0.99350   0.00004 0.00163   0.994 
0.04301  1.9333e+005  0.99326 0.99326 0.99326   0.00004 0.00169   0.993 
0.04401  1.9313e+005  0.99301 0.99301 0.99301   0.00004 0.00175   0.993 
0.04501  1.9293e+005  0.99276 0.99276 0.99276   0.00004 0.00182   0.993 
0.04601  1.9272e+005  0.99251 0.99251 0.99251   0.00004 0.00188   0.993 
0.04701  1.9252e+005  0.99225 0.99225 0.99225   0.00004 0.00194   0.992 
0.04801  1.9232e+005  0.99199 0.99199 0.99199   0.00004 0.00201   0.992 
0.04901  1.9212e+005  0.99173 0.99173 0.99173   0.00004 0.00207   0.992 
0.05001  1.9192e+005  0.99146 0.99146 0.99146   0.00004 0.00214   0.991 
0.05101  1.9171e+005  0.99121 0.99121 0.99121   0.00004 0.00220   0.991 
0.05201  1.9151e+005  0.99107 0.99107 0.99107   0.00004 0.00224   0.991 
0.05301  1.9131e+005  0.99098 0.99098 0.99098   0.00004 0.00226   0.991 
0.05401  1.9111e+005  0.99089 0.99089 0.99089   0.00004 0.00229   0.991 
0.05500  1.9091e+005  0.99083 0.99083 0.99083   0.00004 0.00230   0.991 
0.05600  1.907e+005  0.99076 0.99076 0.99076   0.00004 0.00232   0.991 
0.05700  1.905e+005  0.99068 0.99068 0.99068   0.00004 0.00234   0.991 
0.05800  1.903e+005  0.99057 0.99057 0.99057   0.00004 0.00237   0.991 
0.05900  1.901e+005  0.99045 0.99045 0.99045   0.00004 0.00240   0.990 
0.06000  1.899e+005  0.99035 0.99035 0.99035   0.00004 0.00242   0.990 
0.06100  1.8969e+005  0.99023 0.99023 0.99023   0.00004 0.00245   0.990 
0.06200  1.8949e+005  0.99010 0.99010 0.99010   0.00004 0.00249   0.990 
0.06300  1.8929e+005  0.98996 0.98996 0.98996   0.00004 0.00252   0.990 
0.06400  1.8909e+005  0.98982 0.98982 0.98982   0.00004 0.00256   0.990 
0.06500  1.8889e+005  0.98967 0.98967 0.98967   0.00004 0.00259   0.990 
0.06600  1.8868e+005  0.98952 0.98952 0.98952   0.00004 0.00263   0.990 
0.06700  1.8848e+005  0.98936 0.98936 0.98936   0.00004 0.00267   0.989 
0.06800  1.8828e+005  0.98919 0.98919 0.98919   0.00004 0.00271   0.989 
0.06900  1.8808e+005  0.98901 0.98901 0.98901   0.00004 0.00276   0.989 
0.07000  1.8788e+005  0.98883 0.98883 0.98883   0.00004 0.00280   0.989 
0.07100  1.8767e+005  0.98864 0.98864 0.98864   0.00004 0.00285   0.989 
0.07200  1.8747e+005  0.98846 0.98846 0.98846   0.00004 0.00290   0.988 
0.07300  1.8727e+005  0.98826 0.98826 0.98826   0.00004 0.00295   0.988 
0.07400  1.8707e+005  0.98806 0.98806 0.98806   0.00004 0.00300   0.988 
0.07500  1.8687e+005  0.98785 0.98785 0.98785   0.00004 0.00305   0.988 
0.07600  1.8666e+005  0.98764 0.98764 0.98764   0.00004 0.00310   0.988 
0.07700  1.8646e+005  0.98742 0.98742 0.98742   0.00004 0.00316   0.987 
0.07800  1.8626e+005  0.98720 0.98720 0.98720   0.00004 0.00322   0.987 
0.07900  1.8606e+005  0.98697 0.98697 0.98697   0.00004 0.00327   0.987 
0.08000  1.8586e+005  0.98674 0.98674 0.98674   0.00004 0.00333   0.987 
0.08100  1.8565e+005  0.98651 0.98651 0.98651   0.00004 0.00339   0.987 
0.08200  1.8545e+005  0.98626 0.98626 0.98626   0.00004 0.00345   0.986 
0.08300  1.8525e+005  0.98601 0.98601 0.98601   0.00004 0.00351   0.986 
0.08400  1.8505e+005  0.98576 0.98576 0.98576   0.00004 0.00358   0.986 
0.08500  1.8485e+005  0.98550 0.98550 0.98550   0.00004 0.00364   0.985 
0.08600  1.8464e+005  0.98527 0.98527 0.98527   0.00004 0.00370   0.985 
0.08700  1.8444e+005  0.98500 0.98500 0.98500   0.00004 0.00377   0.985 
0.08800  1.8424e+005  0.98473 0.98473 0.98473   0.00004 0.00384   0.985 
0.08900  1.8404e+005  0.98445 0.98445 0.98445   0.00004 0.00391   0.984 
0.09000  1.8384e+005  0.98418 0.98418 0.98418   0.00004 0.00398   0.984 
0.09100  1.8363e+005  0.98390 0.98390 0.98390   0.00004 0.00405   0.984 
0.09200  1.8343e+005  0.98362 0.98362 0.98362   0.00004 0.00412   0.984 
0.09300  1.8323e+005  0.98334 0.98334 0.98334   0.00004 0.00419   0.983 
0.09400  1.8303e+005  0.98306 0.98306 0.98306   0.00004 0.00426   0.983 
0.09500  1.8283e+005  0.98277 0.98277 0.98277   0.00005 0.00434   0.983 
0.09600  1.8262e+005  0.98248 0.98248 0.98248   0.00005 0.00441   0.982 
0.09700  1.8242e+005  0.98219 0.98219 0.98219   0.00005 0.00448   0.982 
0.09800  1.8222e+005  0.98190 0.98190 0.98190   0.00005 0.00456   0.982 
0.09900  1.8202e+005  0.98161 0.98161 0.98161   0.00005 0.00463   0.982 
0.10000  1.8182e+005  0.98131 0.98131 0.98131   0.00005 0.00471   0.981 
0.10100  1.8161e+005  0.98101 0.98101 0.98101   0.00005 0.00478   0.981 
0.10200  1.8141e+005  0.98071 0.98071 0.98071   0.00005 0.00486   0.981 
0.10300  1.8121e+005  0.98041 0.98041 0.98041   0.00005 0.00493   0.980 
0.10400  1.8101e+005  0.98010 0.98010 0.98010   0.00005 0.00501   0.980 
0.10500  1.8081e+005  0.97980 0.97980 0.97980   0.00005 0.00509   0.980 
0.10600  1.806e+005  0.97951 0.97951 0.97951   0.00005 0.00516   0.980 
0.10700  1.804e+005  0.97920 0.97920 0.97920   0.00005 0.00524   0.979 
0.10800  1.802e+005  0.97889 0.97889 0.97889   0.00005 0.00532   0.979 
0.10900  1.8e+005    0.97857 0.97857 0.97857   0.00005 0.00540   0.979 
0.11000  1.798e+005  0.97826 0.97826 0.97826   0.00005 0.00548   0.978 
0.11100  1.7959e+005  0.97794 0.97794 0.97794   0.00005 0.00556   0.978 
0.11200  1.7939e+005  0.97762 0.97762 0.97762   0.00005 0.00564   0.978 
0.11300  1.7919e+005  0.97729 0.97729 0.97729   0.00005 0.00573   0.977 
0.11400  1.7899e+005  0.97697 0.97697 0.97697   0.00005 0.00581   0.977 
0.11500  1.7879e+005  0.97666 0.97666 0.97666   0.00005 0.00589   0.977 
0.11600  1.7858e+005  0.97633 0.97633 0.97633   0.00005 0.00597   0.976 
0.11700  1.7838e+005  0.97600 0.97600 0.97600   0.00005 0.00606   0.976 
0.11800  1.7818e+005  0.97569 0.97569 0.97569   0.00005 0.00613   0.976 
0.11900  1.7798e+005  0.97537 0.97537 0.97537   0.00005 0.00622   0.975 
0.12000  1.7778e+005  0.97503 0.97503 0.97503   0.00005 0.00630   0.975 
0.12100  1.7757e+005  0.97469 0.97469 0.97469   0.00005 0.00639   0.975 
0.12200  1.7737e+005  0.97436 0.97436 0.97436   0.00005 0.00647   0.974 
0.12300  1.7717e+005  0.97402 0.97402 0.97402   0.00005 0.00656   0.974 
0.12400  1.7697e+005  0.97367 0.97367 0.97367   0.00005 0.00665   0.974 
0.12500  1.7677e+005  0.97333 0.97333 0.97333   0.00005 0.00674   0.973 
0.12600  1.7656e+005  0.97298 0.97298 0.97298   0.00005 0.00682   0.973 
0.12700  1.7636e+005  0.97263 0.97263 0.97263   0.00005 0.00691   0.973 
0.12800  1.7616e+005  0.97228 0.97228 0.97228   0.00005 0.00700   0.972 
0.12900  1.7596e+005  0.97193 0.97193 0.97193   0.00005 0.00709   0.972 
0.13000  1.7576e+005  0.97157 0.97157 0.97157   0.00005 0.00718   0.972 
0.13100  1.7555e+005  0.97122 0.97122 0.97122   0.00006 0.00727   0.971 
0.13200  1.7535e+005  0.97086 0.97086 0.97086   0.00006 0.00737   0.971 
0.13300  1.7515e+005  0.97049 0.97049 0.97049   0.00006 0.00746   0.970 
0.13400  1.7495e+005  0.97013 0.97013 0.97013   0.00006 0.00755   0.970 
0.13500  1.7475e+005  0.96976 0.96976 0.96976   0.00006 0.00765   0.970 
0.13600  1.7454e+005  0.96940 0.96940 0.96940   0.00006 0.00774   0.969 
0.13700  1.7434e+005  0.96903 0.96903 0.96903   0.00006 0.00784   0.969 
0.13800  1.7414e+005  0.96866 0.96866 0.96866   0.00006 0.00793   0.969 
0.13900  1.7394e+005  0.96828 0.96828 0.96828   0.00006 0.00803   0.968 
0.14000  1.7374e+005  0.96791 0.96791 0.96791   0.00006 0.00812   0.968 
0.14100  1.7353e+005  0.96753 0.96753 0.96753   0.00006 0.00822   0.968 
0.14200  1.7333e+005  0.96715 0.96715 0.96715   0.00006 0.00832   0.967 
0.14300  1.7313e+005  0.96677 0.96677 0.96677   0.00006 0.00841   0.967 
0.14400  1.7293e+005  0.96643 0.96643 0.96643   0.00006 0.00850   0.966 
0.14500  1.7273e+005  0.96605 0.96605 0.96605   0.00006 0.00860   0.966 
0.14600  1.7252e+005  0.96566 0.96566 0.96566   0.00006 0.00870   0.966 
0.14700  1.7232e+005  0.96527 0.96527 0.96527   0.00006 0.00880   0.965 
0.14800  1.7212e+005  0.96489 0.96489 0.96489   0.00006 0.00890   0.965 
0.14900  1.7192e+005  0.96450 0.96450 0.96450   0.00006 0.00900   0.964 
0.15000  1.7172e+005  0.96410 0.96410 0.96410   0.00006 0.00910   0.964 
0.15100  1.7151e+005  0.96371 0.96371 0.96371   0.00006 0.00920   0.964 
0.15200  1.7131e+005  0.96331 0.96331 0.96331   0.00006 0.00930   0.963 
0.15300  1.7111e+005  0.96293 0.96293 0.96293   0.00006 0.00940   0.963 
0.15400  1.7091e+005  0.96253 0.96253 0.96253   0.00006 0.00950   0.963 
0.15500  1.7071e+005  0.96226 0.96226 0.96226   0.00006 0.00957   0.962 
0.15600  1.705e+005  0.96201 0.96201 0.96201   0.00006 0.00964   0.962 
0.15700  1.703e+005  0.96171 0.96171 0.96171   0.00006 0.00971   0.962 
0.15800  1.701e+005  0.96134 0.96134 0.96134   0.00006 0.00981   0.961 
0.15900  1.699e+005  0.96094 0.96094 0.96094   0.00006 0.00991   0.961 
0.16000  1.697e+005  0.96054 0.96054 0.96054   0.00006 0.01001   0.961 
0.16100  1.6949e+005  0.96013 0.96013 0.96013   0.00006 0.01012   0.960 
0.16200  1.6929e+005  0.95973 0.95973 0.95973   0.00006 0.01022   0.960 
0.16300  1.6909e+005  0.95932 0.95932 0.95932   0.00006 0.01033   0.959 
0.16400  1.6889e+005  0.95892 0.95892 0.95892   0.00006 0.01043   0.959 
0.16500  1.6869e+005  0.95853 0.95853 0.95853   0.00006 0.01053   0.959 
0.16600  1.6848e+005  0.95812 0.95812 0.95812   0.00006 0.01064   0.958 
0.16700  1.6828e+005  0.95770 0.95770 0.95770   0.00006 0.01075   0.958 
0.16799  1.6808e+005  0.95728 0.95728 0.95728   0.00006 0.01085   0.957 
0.16899  1.6788e+005  0.95686 0.95686 0.95686   0.00006 0.01096   0.957 
0.16999  1.6768e+005  0.95644 0.95644 0.95644   0.00006 0.01107   0.956 
0.17099  1.6747e+005  0.95602 0.95602 0.95602   0.00007 0.01118   0.956 
0.17199  1.6727e+005  0.95560 0.95560 0.95560   0.00007 0.01129   0.956 
0.17299  1.6707e+005  0.95517 0.95517 0.95517   0.00007 0.01140   0.955 
0.17399  1.6687e+005  0.95474 0.95474 0.95474   0.00007 0.01151   0.955 
0.17499  1.6667e+005  0.95431 0.95431 0.95431   0.00007 0.01162   0.954 
0.17599  1.6646e+005  0.95388 0.95388 0.95388   0.00007 0.01173   0.954 
0.17699  1.6626e+005  0.95345 0.95345 0.95345   0.00007 0.01185   0.953 
0.17799  1.6606e+005  0.95302 0.95302 0.95302   0.00007 0.01196   0.953 
0.17899  1.6586e+005  0.95258 0.95258 0.95258   0.00007 0.01207   0.953 
0.17999  1.6566e+005  0.95214 0.95214 0.95214   0.00007 0.01219   0.952 
0.18099  1.6545e+005  0.95170 0.95170 0.95170   0.00007 0.01230   0.952 
0.18199  1.6525e+005  0.95126 0.95126 0.95126   0.00007 0.01241   0.951 
0.18299  1.6505e+005  0.95082 0.95082 0.95082   0.00007 0.01253   0.951 
0.18399  1.6485e+005  0.95037 0.95037 0.95037   0.00007 0.01264   0.950 
0.18499  1.6465e+005  0.94993 0.94993 0.94993   0.00007 0.01276   0.950 
0.18599  1.6444e+005  0.94948 0.94948 0.94948   0.00007 0.01288   0.949 
0.18699  1.6424e+005  0.94903 0.94903 0.94903   0.00007 0.01299   0.949 
0.18799  1.6404e+005  0.94857 0.94857 0.94857   0.00007 0.01311   0.949 
0.18899  1.6384e+005  0.94812 0.94812 0.94812   0.00007 0.01323   0.948 
0.18999  1.6364e+005  0.94767 0.94767 0.94767   0.00007 0.01335   0.948 
0.19099  1.6343e+005  0.94721 0.94721 0.94721   0.00007 0.01347   0.947 
0.19199  1.6323e+005  0.94675 0.94675 0.94675   0.00007 0.01359   0.947 
0.19299  1.6303e+005  0.94629 0.94629 0.94629   0.00007 0.01371   0.946 
0.19399  1.6283e+005  0.94583 0.94583 0.94583   0.00007 0.01383   0.946 
0.19499  1.6263e+005  0.94537 0.94537 0.94537   0.00007 0.01395   0.945 
0.19599  1.6242e+005  0.94490 0.94490 0.94490   0.00007 0.01407   0.945 
0.19699  1.6222e+005  0.94443 0.94443 0.94443   0.00007 0.01419   0.944 
0.19799  1.6202e+005  0.94396 0.94396 0.94396   0.00007 0.01431   0.944 
0.19899  1.6182e+005  0.94349 0.94349 0.94349   0.00007 0.01444   0.943 
0.19999  1.6162e+005  0.94302 0.94302 0.94302   0.00007 0.01456   0.943 
0.20099  1.6141e+005  0.94255 0.94255 0.94255   0.00007 0.01468   0.943 
0.20199  1.6121e+005  0.94207 0.94207 0.94207   0.00007 0.01481   0.942 
0.20299  1.6101e+005  0.94159 0.94159 0.94159   0.00007 0.01493   0.942 
0.20399  1.6081e+005  0.94112 0.94112 0.94112   0.00007 0.01506   0.941 
0.20499  1.6061e+005  0.94063 0.94063 0.94063   0.00007 0.01518   0.941 
0.20599  1.604e+005  0.94015 0.94015 0.94015   0.00007 0.01531   0.940 
0.20699  1.602e+005  0.93967 0.93967 0.93967   0.00007 0.01544   0.940 
0.20799  1.6e+005    0.93918 0.93918 0.93918   0.00007 0.01556   0.939 
0.20899  1.598e+005  0.93869 0.93869 0.93869   0.00007 0.01569   0.939 
0.20999  1.596e+005  0.93820 0.93820 0.93820   0.00007 0.01582   0.938 
0.21099  1.5939e+005  0.93771 0.93771 0.93771   0.00008 0.01595   0.938 
0.21199  1.5919e+005  0.93722 0.93722 0.93722   0.00008 0.01608   0.937 
0.21299  1.5899e+005  0.93673 0.93673 0.93673   0.00008 0.01621   0.937 
0.21399  1.5879e+005  0.93623 0.93623 0.93623   0.00008 0.01634   0.936 
0.21499  1.5859e+005  0.93575 0.93575 0.93575   0.00008 0.01646   0.936 
0.21599  1.5838e+005  0.93527 0.93527 0.93527   0.00008 0.01659   0.935 
0.21699  1.5818e+005  0.93477 0.93477 0.93477   0.00008 0.01672   0.935 
0.21799  1.5798e+005  0.93427 0.93427 0.93427   0.00008 0.01685   0.934 
0.21899  1.5778e+005  0.93377 0.93377 0.93377   0.00008 0.01699   0.934 
0.21999  1.5758e+005  0.93326 0.93326 0.93326   0.00008 0.01712   0.933 
0.22099  1.5737e+005  0.93276 0.93276 0.93276   0.00008 0.01725   0.933 
0.22199  1.5717e+005  0.93225 0.93225 0.93225   0.00008 0.01739   0.932 
0.22299  1.5697e+005  0.93174 0.93174 0.93174   0.00008 0.01752   0.932 
0.22399  1.5677e+005  0.93122 0.93122 0.93122   0.00008 0.01766   0.931 
0.22499  1.5657e+005  0.93071 0.93071 0.93071   0.00008 0.01779   0.931 
0.22599  1.5636e+005  0.93019 0.93019 0.93019   0.00008 0.01793   0.930 
0.22699  1.5616e+005  0.92967 0.92967 0.92967   0.00008 0.01806   0.930 
0.22799  1.5596e+005  0.92916 0.92916 0.92916   0.00008 0.01820   0.929 
0.22899  1.5576e+005  0.92863 0.92863 0.92863   0.00008 0.01834   0.929 
0.22999  1.5556e+005  0.92811 0.92811 0.92811   0.00008 0.01848   0.928 
0.23099  1.5535e+005  0.92759 0.92759 0.92759   0.00008 0.01862   0.928 
0.23199  1.5515e+005  0.92706 0.92706 0.92706   0.00008 0.01876   0.927 
0.23299  1.5495e+005  0.92653 0.92653 0.92653   0.00008 0.01890   0.927 
0.23399  1.5475e+005  0.92600 0.92600 0.92600   0.00008 0.01904   0.926 
0.23499  1.5455e+005  0.92547 0.92547 0.92547   0.00008 0.01918   0.925 
0.23599  1.5434e+005  0.92494 0.92494 0.92494   0.00008 0.01932   0.925 
0.23699  1.5414e+005  0.92440 0.92440 0.92440   0.00008 0.01946   0.924 
0.23799  1.5394e+005  0.92387 0.92387 0.92387   0.00008 0.01960   0.924 
0.23899  1.5374e+005  0.92333 0.92333 0.92333   0.00008 0.01974   0.923 
0.23999  1.5354e+005  0.92279 0.92279 0.92279   0.00008 0.01989   0.923 
0.24099  1.5333e+005  0.92225 0.92225 0.92225   0.00008 0.02003   0.922 
0.24199  1.5313e+005  0.92170 0.92170 0.92170   0.00008 0.02018   0.922 
0.24299  1.5293e+005  0.92116 0.92116 0.92116   0.00008 0.02032   0.921 
0.24399  1.5273e+005  0.92061 0.92061 0.92061   0.00008 0.02047   0.921 
0.24499  1.5253e+005  0.92006 0.92006 0.92006   0.00008 0.02061   0.920 
0.24599  1.5232e+005  0.91951 0.91951 0.91951   0.00008 0.02076   0.920 
0.24699  1.5212e+005  0.91896 0.91896 0.91896   0.00008 0.02091   0.919 
0.24799  1.5192e+005  0.91841 0.91841 0.91841   0.00008 0.02105   0.918 
0.24899  1.5172e+005  0.91785 0.91785 0.91785   0.00008 0.02120   0.918 
0.24999  1.5152e+005  0.91729 0.91729 0.91729   0.00009 0.02135   0.917 
0.25099  1.5131e+005  0.91673 0.91673 0.91673   0.00009 0.02150   0.917 
0.25199  1.5111e+005  0.91617 0.91617 0.91617   0.00009 0.02165   0.916 
0.25299  1.5091e+005  0.91561 0.91561 0.91561   0.00009 0.02180   0.916 
0.25399  1.5071e+005  0.91505 0.91505 0.91505   0.00009 0.02195   0.915 
0.25499  1.5051e+005  0.91448 0.91448 0.91448   0.00009 0.02210   0.914 
0.25599  1.503e+005  0.91391 0.91391 0.91391   0.00009 0.02225   0.914 
0.25699  1.501e+005  0.91334 0.91334 0.91334   0.00009 0.02241   0.913 
0.25799  1.499e+005  0.91277 0.91277 0.91277   0.00009 0.02256   0.913 
0.25899  1.497e+005  0.91220 0.91220 0.91220   0.00009 0.02271   0.912 
0.25999  1.495e+005  0.91162 0.91162 0.91162   0.00009 0.02287   0.912 
0.26099  1.4929e+005  0.91105 0.91105 0.91105   0.00009 0.02302   0.911 
0.26199  1.4909e+005  0.91047 0.91047 0.91047   0.00009 0.02318   0.910 
0.26299  1.4889e+005  0.90989 0.90989 0.90989   0.00009 0.02333   0.910 
0.26399  1.4869e+005  0.90931 0.90931 0.90931   0.00009 0.02349   0.909 
0.26499  1.4849e+005  0.90873 0.90873 0.90873   0.00009 0.02364   0.909 
0.26599  1.4828e+005  0.90814 0.90814 0.90814   0.00009 0.02380   0.908 
0.26699  1.4808e+005  0.90755 0.90755 0.90755   0.00009 0.02396   0.908 
0.26799  1.4788e+005  0.90697 0.90697 0.90697   0.00009 0.02412   0.907 
0.26899  1.4768e+005  0.90638 0.90638 0.90638   0.00009 0.02428   0.906 
0.26999  1.4748e+005  0.90578 0.90578 0.90578   0.00009 0.02444   0.906 
0.27099  1.4727e+005  0.90519 0.90519 0.90519   0.00009 0.02460   0.905 
0.27199  1.4707e+005  0.90459 0.90459 0.90459   0.00009 0.02476   0.905 
0.27299  1.4687e+005  0.90400 0.90400 0.90400   0.00009 0.02492   0.904 
0.27399  1.4667e+005  0.90340 0.90340 0.90340   0.00009 0.02508   0.903 
0.27499  1.4647e+005  0.90280 0.90280 0.90280   0.00009 0.02524   0.903 
0.27599  1.4626e+005  0.90220 0.90220 0.90220   0.00009 0.02540   0.902 
0.27699  1.4606e+005  0.90171 0.90171 0.90171   0.00009 0.02553   0.902 
0.27799  1.4586e+005  0.90114 0.90114 0.90114   0.00009 0.02569   0.901 
0.27899  1.4566e+005  0.90054 0.90054 0.90054   0.00009 0.02585   0.901 
0.27998  1.4546e+005  0.89993 0.89993 0.89993   0.00009 0.02601   0.900 
0.28098  1.4525e+005  0.89934 0.89934 0.89934   0.00009 0.02617   0.899 
0.28198  1.4505e+005  0.89873 0.89873 0.89873   0.00009 0.02634   0.899 
0.28298  1.4485e+005  0.89812 0.89812 0.89812   0.00009 0.02651   0.898 
0.28398  1.4465e+005  0.89751 0.89751 0.89751   0.00009 0.02667   0.898 
0.28498  1.4445e+005  0.89689 0.89689 0.89689   0.00009 0.02684   0.897 
0.28598  1.4424e+005  0.89627 0.89627 0.89627   0.00009 0.02701   0.896 
0.28698  1.4404e+005  0.89565 0.89565 0.89565   0.00009 0.02717   0.896 
0.28798  1.4384e+005  0.89503 0.89503 0.89503   0.00009 0.02734   0.895 
0.28898  1.4364e+005  0.89441 0.89441 0.89441   0.00009 0.02751   0.894 
0.28998  1.4344e+005  0.89378 0.89378 0.89378   0.00010 0.02768   0.894 
0.29098  1.4323e+005  0.89316 0.89316 0.89316   0.00010 0.02785   0.893 
0.29198  1.4303e+005  0.89253 0.89253 0.89253   0.00010 0.02802   0.893 
0.29298  1.4283e+005  0.89190 0.89190 0.89190   0.00010 0.02820   0.892 
0.29398  1.4263e+005  0.89130 0.89130 0.89130   0.00010 0.02836   0.891 
0.29498  1.4243e+005  0.89067 0.89067 0.89067   0.00010 0.02853   0.891 
0.29598  1.4222e+005  0.89003 0.89003 0.89003   0.00010 0.02870   0.890 
0.29698  1.4202e+005  0.88940 0.88940 0.88940   0.00010 0.02888   0.889 
0.29798  1.4182e+005  0.88876 0.88876 0.88876   0.00010 0.02905   0.889 
0.29898  1.4162e+005  0.88812 0.88812 0.88812   0.00010 0.02923   0.888 
0.29998  1.4142e+005  0.88748 0.88748 0.88748   0.00010 0.02940   0.887 
0.30098  1.4121e+005  0.88684 0.88684 0.88684   0.00010 0.02958   0.887 
0.30198  1.4101e+005  0.88619 0.88619 0.88619   0.00010 0.02975   0.886 
0.30298  1.4081e+005  0.88554 0.88554 0.88554   0.00010 0.02993   0.886 
0.30398  1.4061e+005  0.88490 0.88490 0.88490   0.00010 0.03011   0.885 
0.30498  1.4041e+005  0.88425 0.88425 0.88425   0.00010 0.03029   0.884 
0.30598  1.402e+005  0.88359 0.88359 0.88359   0.00010 0.03047   0.884 
0.30698  1.4e+005    0.88294 0.88294 0.88294   0.00010 0.03065   0.883 
0.30798  1.398e+005  0.88228 0.88228 0.88228   0.00010 0.03082   0.882 
0.30898  1.396e+005  0.88163 0.88163 0.88163   0.00010 0.03101   0.882 
0.30998  1.394e+005  0.88097 0.88097 0.88097   0.00010 0.03119   0.881 
0.31098  1.3919e+005  0.88031 0.88031 0.88031   0.00010 0.03137   0.880 
0.31198  1.3899e+005  0.87965 0.87965 0.87965   0.00010 0.03155   0.880 
0.31298  1.3879e+005  0.87898 0.87898 0.87898   0.00010 0.03173   0.879 
0.31398  1.3859e+005  0.87832 0.87832 0.87832   0.00010 0.03192   0.878 
0.31498  1.3839e+005  0.87765 0.87765 0.87765   0.00010 0.03210   0.878 
0.31598  1.3818e+005  0.87698 0.87698 0.87698   0.00010 0.03229   0.877 
0.31698  1.3798e+005  0.87631 0.87631 0.87631   0.00010 0.03247   0.876 
0.31798  1.3778e+005  0.87564 0.87564 0.87564   0.00010 0.03266   0.876 
0.31898  1.3758e+005  0.87496 0.87496 0.87496   0.00010 0.03284   0.875 
0.31998  1.3738e+005  0.87428 0.87428 0.87428   0.00010 0.03303   0.874 
0.32098  1.3717e+005  0.87360 0.87360 0.87360   0.00010 0.03322   0.874 
0.32198  1.3697e+005  0.87292 0.87292 0.87292   0.00010 0.03341   0.873 
0.32298  1.3677e+005  0.87224 0.87224 0.87224   0.00010 0.03360   0.872 
0.32398  1.3657e+005  0.87156 0.87156 0.87156   0.00010 0.03378   0.872 
0.32498  1.3637e+005  0.87087 0.87087 0.87087   0.00010 0.03398   0.871 
0.32598  1.3616e+005  0.87018 0.87018 0.87018   0.00010 0.03417   0.870 
0.32698  1.3596e+005  0.86949 0.86949 0.86949   0.00010 0.03436   0.869 
0.32798  1.3576e+005  0.86883 0.86883 0.86883   0.00010 0.03454   0.869 
0.32898  1.3556e+005  0.86814 0.86814 0.86814   0.00011 0.03473   0.868 
0.32998  1.3536e+005  0.86744 0.86744 0.86744   0.00011 0.03493   0.867 
0.33098  1.3515e+005  0.86674 0.86674 0.86674   0.00011 0.03512   0.867 
0.33198  1.3495e+005  0.86605 0.86605 0.86605   0.00011 0.03532   0.866 
0.33298  1.3475e+005  0.86535 0.86535 0.86535   0.00011 0.03551   0.865 
0.33398  1.3455e+005  0.86464 0.86464 0.86464   0.00011 0.03571   0.865 
0.33498  1.3435e+005  0.86394 0.86394 0.86394   0.00011 0.03590   0.864 
0.33598  1.3414e+005  0.86323 0.86323 0.86323   0.00011 0.03610   0.863 
0.33698  1.3394e+005  0.86256 0.86256 0.86256   0.00011 0.03629   0.863 
0.33798  1.3374e+005  0.86193 0.86193 0.86193   0.00011 0.03646   0.862 
0.33898  1.3354e+005  0.86122 0.86122 0.86122   0.00011 0.03666   0.861 
0.33998  1.3334e+005  0.86051 0.86051 0.86051   0.00011 0.03686   0.861 
0.34098  1.3313e+005  0.85980 0.85980 0.85980   0.00011 0.03706   0.860 
0.34198  1.3293e+005  0.85908 0.85908 0.85908   0.00011 0.03726   0.859 
0.34298  1.3273e+005  0.85837 0.85837 0.85837   0.00011 0.03746   0.858 
0.34398  1.3253e+005  0.85765 0.85765 0.85765   0.00011 0.03766   0.858 
0.34498  1.3233e+005  0.85693 0.85693 0.85693   0.00011 0.03786   0.857 
0.34598  1.3212e+005  0.85621 0.85621 0.85621   0.00011 0.03807   0.856 
0.34698  1.3192e+005  0.85549 0.85549 0.85549   0.00011 0.03827   0.855 
0.34798  1.3172e+005  0.85476 0.85476 0.85476   0.00011 0.03847   0.855 
0.34898  1.3152e+005  0.85404 0.85404 0.85404   0.00011 0.03868   0.854 
0.34998  1.3132e+005  0.85333 0.85333 0.85333   0.00011 0.03888   0.853 
0.35098  1.3111e+005  0.85260 0.85260 0.85260   0.00011 0.03908   0.853 
0.35198  1.3091e+005  0.85186 0.85186 0.85186   0.00011 0.03929   0.852 
0.35298  1.3071e+005  0.85113 0.85113 0.85113   0.00011 0.03950   0.851 
0.35398  1.3051e+005  0.85039 0.85039 0.85039   0.00011 0.03970   0.850 
0.35498  1.3031e+005  0.84966 0.84966 0.84966   0.00011 0.03991   0.850 
0.35598  1.301e+005  0.84892 0.84892 0.84892   0.00011 0.04012   0.849 
0.35698  1.299e+005  0.84817 0.84817 0.84817   0.00011 0.04033   0.848 
0.35798  1.297e+005  0.84743 0.84743 0.84743   0.00011 0.04054   0.847 
0.35898  1.295e+005  0.84669 0.84669 0.84669   0.00011 0.04075   0.847 
0.35998  1.293e+005  0.84594 0.84594 0.84594   0.00011 0.04096   0.846 
0.36098  1.2909e+005  0.84519 0.84519 0.84519   0.00011 0.04118   0.845 
0.36198  1.2889e+005  0.84444 0.84444 0.84444   0.00011 0.04139   0.844 
0.36298  1.2869e+005  0.84369 0.84369 0.84369   0.00011 0.04160   0.844 
0.36398  1.2849e+005  0.84293 0.84293 0.84293   0.00011 0.04182   0.843 
0.36498  1.2829e+005  0.84218 0.84218 0.84218   0.00011 0.04203   0.842 
0.36598  1.2808e+005  0.84142 0.84142 0.84142   0.00012 0.04225   0.841 
0.36698  1.2788e+005  0.84066 0.84066 0.84066   0.00012 0.04246   0.841 
0.36798  1.2768e+005  0.83990 0.83990 0.83990   0.00012 0.04268   0.840 
0.36898  1.2748e+005  0.83913 0.83913 0.83913   0.00012 0.04290   0.839 
0.36998  1.2728e+005  0.83837 0.83837 0.83837   0.00012 0.04312   0.838 
0.37098  1.2707e+005  0.83760 0.83760 0.83760   0.00012 0.04334   0.838 
0.37198  1.2687e+005  0.83683 0.83683 0.83683   0.00012 0.04356   0.837 
0.37298  1.2667e+005  0.83606 0.83606 0.83606   0.00012 0.04378   0.836 
0.37398  1.2647e+005  0.83531 0.83531 0.83531   0.00012 0.04399   0.835 
0.37498  1.2627e+005  0.83453 0.83453 0.83453   0.00012 0.04421   0.835 
0.37598  1.2606e+005  0.83376 0.83376 0.83376   0.00012 0.04444   0.834 
0.37698  1.2586e+005  0.83298 0.83298 0.83298   0.00012 0.04466   0.833 
0.37798  1.2566e+005  0.83220 0.83220 0.83220   0.00012 0.04488   0.832 
0.37898  1.2546e+005  0.83141 0.83141 0.83141   0.00012 0.04511   0.831 
0.37998  1.2526e+005  0.83063 0.83063 0.83063   0.00012 0.04533   0.831 
0.38098  1.2505e+005  0.82985 0.82985 0.82985   0.00012 0.04556   0.830 
0.38198  1.2485e+005  0.82906 0.82906 0.82906   0.00012 0.04578   0.829 
0.38298  1.2465e+005  0.82827 0.82827 0.82827   0.00012 0.04601   0.828 
0.38398  1.2445e+005  0.82748 0.82748 0.82748   0.00012 0.04624   0.827 
0.38498  1.2425e+005  0.82668 0.82668 0.82668   0.00012 0.04647   0.827 
0.38598  1.2404e+005  0.82589 0.82589 0.82589   0.00012 0.04670   0.826 
0.38698  1.2384e+005  0.82509 0.82509 0.82509   0.00012 0.04693   0.825 
0.38798  1.2364e+005  0.82429 0.82429 0.82429   0.00012 0.04716   0.824 
0.38898  1.2344e+005  0.82349 0.82349 0.82349   0.00012 0.04739   0.823 
0.38998  1.2324e+005  0.82268 0.82268 0.82268   0.00012 0.04762   0.823 
0.39098  1.2303e+005  0.82188 0.82188 0.82188   0.00012 0.04786   0.822 
0.39197  1.2283e+005  0.82107 0.82107 0.82107   0.00012 0.04809   0.821 
0.39297  1.2263e+005  0.82026 0.82026 0.82026   0.00012 0.04833   0.820 
0.39397  1.2243e+005  0.81945 0.81945 0.81945   0.00012 0.04856   0.819 
0.39497  1.2223e+005  0.81864 0.81864 0.81864   0.00012 0.04880   0.819 
0.39597  1.2202e+005  0.81782 0.81782 0.81782   0.00012 0.04903   0.818 
0.39697  1.2182e+005  0.81700 0.81700 0.81700   0.00012 0.04927   0.817 
0.39797  1.2162e+005  0.81619 0.81619 0.81619   0.00012 0.04951   0.816 
0.39897  1.2142e+005  0.81537 0.81537 0.81537   0.00012 0.04975   0.815 
0.39997  1.2122e+005  0.81454 0.81454 0.81454   0.00012 0.04999   0.815 
0.40097  1.2101e+005  0.81372 0.81372 0.81372   0.00012 0.05023   0.814 
0.40197  1.2081e+005  0.81289 0.81289 0.81289   0.00013 0.05047   0.813 
0.40297  1.2061e+005  0.81206 0.81206 0.81206   0.00013 0.05071   0.812 
0.40397  1.2041e+005  0.81123 0.81123 0.81123   0.00013 0.05096   0.811 
0.40497  1.2021e+005  0.81040 0.81040 0.81040   0.00013 0.05120   0.810 
0.40597  1.2e+005    0.80957 0.80957 0.80957   0.00013 0.05144   0.810 
0.40697  1.198e+005  0.80873 0.80873 0.80873   0.00013 0.05169   0.809 
0.40797  1.196e+005  0.80789 0.80789 0.80789   0.00013 0.05193   0.808 
0.40897  1.194e+005  0.80705 0.80705 0.80705   0.00013 0.05218   0.807 
0.40997  1.192e+005  0.80621 0.80621 0.80621   0.00013 0.05243   0.806 
0.41097  1.1899e+005  0.80537 0.80537 0.80537   0.00013 0.05268   0.805 
0.41197  1.1879e+005  0.80452 0.80452 0.80452   0.00013 0.05293   0.805 
0.41297  1.1859e+005  0.80367 0.80367 0.80367   0.00013 0.05317   0.804 
0.41397  1.1839e+005  0.80282 0.80282 0.80282   0.00013 0.05343   0.803 
0.41497  1.1819e+005  0.80197 0.80197 0.80197   0.00013 0.05368   0.802 
0.41597  1.1798e+005  0.80112 0.80112 0.80112   0.00013 0.05393   0.801 
0.41697  1.1778e+005  0.80026 0.80026 0.80026   0.00013 0.05418   0.800 
0.41797  1.1758e+005  0.79943 0.79943 0.79943   0.00013 0.05443   0.799 
0.41897  1.1738e+005  0.79864 0.79864 0.79864   0.00013 0.05466   0.799 
0.41997  1.1718e+005  0.79778 0.79778 0.79778   0.00013 0.05492   0.798 
0.42097  1.1697e+005  0.79692 0.79692 0.79692   0.00013 0.05517   0.797 
0.42197  1.1677e+005  0.79606 0.79606 0.79606   0.00013 0.05542   0.796 
0.42297  1.1657e+005  0.79520 0.79520 0.79520   0.00013 0.05568   0.795 
0.42397  1.1637e+005  0.79434 0.79434 0.79434   0.00013 0.05594   0.794 
0.42497  1.1617e+005  0.79349 0.79349 0.79349   0.00013 0.05619   0.793 
0.42597  1.1596e+005  0.79264 0.79264 0.79264   0.00013 0.05644   0.793 
0.42697  1.1576e+005  0.79177 0.79177 0.79177   0.00013 0.05670   0.792 
0.42797  1.1556e+005  0.79092 0.79092 0.79092   0.00013 0.05695   0.791 
0.42897  1.1536e+005  0.79006 0.79006 0.79006   0.00013 0.05721   0.790 
0.42997  1.1516e+005  0.78918 0.78918 0.78918   0.00013 0.05747   0.789 
0.43097  1.1495e+005  0.78831 0.78831 0.78831   0.00013 0.05773   0.788 
0.43197  1.1475e+005  0.78750 0.78750 0.78750   0.00013 0.05797   0.788 
0.43297  1.1455e+005  0.78663 0.78663 0.78663   0.00013 0.05823   0.787 
0.43397  1.1435e+005  0.78594 0.78594 0.78594   0.00013 0.05844   0.786 
0.43497  1.1415e+005  0.78508 0.78508 0.78508   0.00013 0.05870   0.785 
0.43597  1.1394e+005  0.78420 0.78420 0.78420   0.00013 0.05896   0.784 
0.43697  1.1374e+005  0.78332 0.78332 0.78332   0.00014 0.05923   0.783 
0.43797  1.1354e+005  0.78244 0.78244 0.78244   0.00014 0.05949   0.782 
0.43897  1.1334e+005  0.78155 0.78155 0.78155   0.00014 0.05976   0.782 
0.43997  1.1314e+005  0.78067 0.78067 0.78067   0.00014 0.06002   0.781 
0.44097  1.1293e+005  0.77978 0.77978 0.77978   0.00014 0.06029   0.780 
0.44197  1.1273e+005  0.77889 0.77889 0.77889   0.00014 0.06056   0.779 
0.44297  1.1253e+005  0.77800 0.77800 0.77800   0.00014 0.06083   0.778 
0.44397  1.1233e+005  0.77711 0.77711 0.77711   0.00014 0.06110   0.777 
0.44497  1.1213e+005  0.77622 0.77622 0.77622   0.00014 0.06137   0.776 
0.44597  1.1192e+005  0.77533 0.77533 0.77533   0.00014 0.06163   0.775 
0.44697  1.1172e+005  0.77443 0.77443 0.77443   0.00014 0.06191   0.774 
0.44797  1.1152e+005  0.77354 0.77354 0.77354   0.00014 0.06218   0.774 
0.44897  1.1132e+005  0.77264 0.77264 0.77264   0.00014 0.06245   0.773 
0.44997  1.1112e+005  0.77173 0.77173 0.77173   0.00014 0.06273   0.772 
0.45097  1.1091e+005  0.77084 0.77084 0.77084   0.00014 0.06300   0.771 
0.45197  1.1071e+005  0.76993 0.76993 0.76993   0.00014 0.06327   0.770 
0.45297  1.1051e+005  0.76904 0.76904 0.76904   0.00014 0.06355   0.769 
0.45397  1.1031e+005  0.76813 0.76813 0.76813   0.00014 0.06382   0.768 
0.45497  1.1011e+005  0.76722 0.76722 0.76722   0.00014 0.06410   0.767 
0.45597  1.099e+005  0.76631 0.76631 0.76631   0.00014 0.06438   0.766 
0.45697  1.097e+005  0.76540 0.76540 0.76540   0.00014 0.06465   0.765 
0.45797  1.095e+005  0.76449 0.76449 0.76449   0.00014 0.06493   0.764 
0.45897  1.093e+005  0.76357 0.76357 0.76357   0.00014 0.06521   0.764 
0.45997  1.091e+005  0.76265 0.76265 0.76265   0.00014 0.06549   0.763 
0.46097  1.0889e+005  0.76174 0.76174 0.76174   0.00014 0.06578   0.762 
0.46197  1.0869e+005  0.76082 0.76082 0.76082   0.00014 0.06606   0.761 
0.46297  1.0849e+005  0.75990 0.75990 0.75990   0.00014 0.06634   0.760 
0.46397  1.0829e+005  0.75908 0.75908 0.75908   0.00014 0.06659   0.759 
0.46497  1.0809e+005  0.75826 0.75826 0.75826   0.00014 0.06684   0.758 
0.46597  1.0788e+005  0.75734 0.75734 0.75734   0.00014 0.06713   0.757 
0.46697  1.0768e+005  0.75642 0.75642 0.75642   0.00014 0.06741   0.756 
0.46797  1.0748e+005  0.75550 0.75550 0.75550   0.00014 0.06769   0.756 
0.46897  1.0728e+005  0.75466 0.75466 0.75466   0.00014 0.06795   0.755 
0.46997  1.0708e+005  0.75379 0.75379 0.75379   0.00014 0.06822   0.754 
0.47097  1.0687e+005  0.75287 0.75287 0.75287   0.00015 0.06851   0.753 
0.47197  1.0667e+005  0.75195 0.75195 0.75195   0.00015 0.06879   0.752 
0.47297  1.0647e+005  0.75102 0.75102 0.75102   0.00015 0.06908   0.751 
0.47397  1.0627e+005  0.75009 0.75009 0.75009   0.00015 0.06937   0.750 
0.47497  1.0607e+005  0.74916 0.74916 0.74916   0.00015 0.06966   0.749 
0.47597  1.0586e+005  0.74823 0.74823 0.74823   0.00015 0.06994   0.748 
0.47697  1.0566e+005  0.74730 0.74730 0.74730   0.00015 0.07024   0.747 
0.47797  1.0546e+005  0.74637 0.74637 0.74637   0.00015 0.07052   0.746 
0.47897  1.0526e+005  0.74543 0.74543 0.74543   0.00015 0.07082   0.745 
0.47997  1.0506e+005  0.74449 0.74449 0.74449   0.00015 0.07111   0.744 
0.48097  1.0485e+005  0.74355 0.74355 0.74355   0.00015 0.07140   0.744 
0.48197  1.0465e+005  0.74261 0.74261 0.74261   0.00015 0.07170   0.743 
0.48297  1.0445e+005  0.74167 0.74167 0.74167   0.00015 0.07199   0.742 
0.48397  1.0425e+005  0.74072 0.74072 0.74072   0.00015 0.07229   0.741 
0.48497  1.0405e+005  0.73978 0.73978 0.73978   0.00015 0.07258   0.740 
0.48597  1.0384e+005  0.73883 0.73883 0.73883   0.00015 0.07288   0.739 
0.48697  1.0364e+005  0.73788 0.73788 0.73788   0.00015 0.07318   0.738 
0.48797  1.0344e+005  0.73693 0.73693 0.73693   0.00015 0.07347   0.737 
0.48897  1.0324e+005  0.73598 0.73598 0.73598   0.00015 0.07377   0.736 
0.48997  1.0304e+005  0.73503 0.73503 0.73503   0.00015 0.07407   0.735 
0.49097  1.0283e+005  0.73407 0.73407 0.73407   0.00015 0.07438   0.734 
0.49197  1.0263e+005  0.73312 0.73312 0.73312   0.00015 0.07468   0.733 
0.49297  1.0243e+005  0.73216 0.73216 0.73216   0.00015 0.07498   0.732 
0.49397  1.0223e+005  0.73120 0.73120 0.73120   0.00015 0.07528   0.731 
0.49497  1.0203e+005  0.73024 0.73024 0.73024   0.00015 0.07559   0.730 
0.49597  1.0182e+005  0.72927 0.72927 0.72927   0.00015 0.07589   0.729 
0.49697  1.0162e+005  0.72831 0.72831 0.72831   0.00015 0.07620   0.728 
0.49797  1.0142e+005  0.72735 0.72735 0.72735   0.00015 0.07650   0.727 
0.49897  1.0122e+005  0.72638 0.72638 0.72638   0.00015 0.07681   0.726 
0.49997  1.0102e+005  0.72541 0.72541 0.72541   0.00015 0.07712   0.725 
0.50097  1.0081e+005  0.72444 0.72444 0.72444   0.00015 0.07743   0.724 
0.50197  1.0061e+005  0.72347 0.72347 0.72347   0.00015 0.07774   0.723 
0.50297  1.0041e+005  0.72250 0.72250 0.72250   0.00015 0.07805   0.722 
0.50397  1.0021e+005  0.72153 0.72153 0.72153   0.00016 0.07835   0.722 
0.50496  1.0001e+005  0.72056 0.72056 0.72056   0.00016 0.07867   0.721 
0.50596  99804       0.71959 0.71959 0.71959   0.00016 0.07898   0.720 
0.50696  99602       0.71861 0.71861 0.71861   0.00016 0.07929   0.719 
0.50796  99400       0.71763 0.71763 0.71763   0.00016 0.07960   0.718 
0.50896  99198       0.71665 0.71665 0.71665   0.00016 0.07992   0.717 
0.50996  98996       0.71567 0.71567 0.71567   0.00016 0.08023   0.716 
0.51096  98794       0.71471 0.71471 0.71471   0.00016 0.08054   0.715 
0.51196  98592       0.71373 0.71373 0.71373   0.00016 0.08086   0.714 
0.51296  98390       0.71277 0.71277 0.71277   0.00016 0.08116   0.713 
0.51396  98188       0.71184 0.71184 0.71184   0.00016 0.08147   0.712 
0.51496  97986       0.71087 0.71087 0.71087   0.00016 0.08178   0.711 
0.51596  97784       0.70989 0.70989 0.70989   0.00016 0.08210   0.710 
0.51696  97582       0.70890 0.70890 0.70890   0.00016 0.08242   0.709 
0.51796  97380       0.70791 0.70791 0.70791   0.00016 0.08274   0.708 
0.51896  97178       0.70692 0.70692 0.70692   0.00016 0.08306   0.707 
0.51996  96976       0.70593 0.70593 0.70593   0.00016 0.08338   0.706 
0.52096  96774       0.70493 0.70493 0.70493   0.00016 0.08370   0.705 
0.52196  96572       0.70394 0.70394 0.70394   0.00016 0.08402   0.704 
0.52296  96370       0.70294 0.70294 0.70294   0.00016 0.08435   0.703 
0.52396  96168       0.70211 0.70211 0.70211   0.00016 0.08462   0.702 
0.52496  95966       0.70119 0.70119 0.70119   0.00016 0.08492   0.701 
0.52596  95764       0.70020 0.70020 0.70020   0.00016 0.08525   0.700 
0.52696  95562       0.69920 0.69920 0.69920   0.00016 0.08557   0.699 
0.52796  95360       0.69820 0.69820 0.69820   0.00016 0.08590   0.698 
0.52896  95158       0.69719 0.69719 0.69719   0.00016 0.08623   0.697 
0.52996  94956       0.69623 0.69623 0.69623   0.00016 0.08654   0.696 
0.53096  94754       0.69524 0.69524 0.69524   0.00016 0.08687   0.695 
0.53196  94552       0.69424 0.69424 0.69424   0.00016 0.08720   0.694 
0.53296  94350       0.69323 0.69323 0.69323   0.00016 0.08753   0.693 
0.53396  94148       0.69222 0.69222 0.69222   0.00016 0.08786   0.692 
0.53496  93946       0.69121 0.69121 0.69121   0.00016 0.08819   0.691 
0.53596  93744       0.69020 0.69020 0.69020   0.00016 0.08853   0.690 
0.53696  93542       0.68919 0.68919 0.68919   0.00017 0.08886   0.689 
0.53796  93340       0.68817 0.68817 0.68817   0.00017 0.08920   0.688 
0.53896  93138       0.68715 0.68715 0.68715   0.00017 0.08953   0.687 
0.53996  92936       0.68614 0.68614 0.68614   0.00017 0.08987   0.686 
0.54096  92734       0.68512 0.68512 0.68512   0.00017 0.09021   0.685 
0.54196  92532       0.68410 0.68410 0.68410   0.00017 0.09055   0.684 
0.54296  92330       0.68308 0.68308 0.68308   0.00017 0.09089   0.683 
0.54396  92128       0.68205 0.68205 0.68205   0.00017 0.09123   0.682 
0.54496  91926       0.68105 0.68105 0.68105   0.00017 0.09156   0.681 
0.54596  91724       0.68002 0.68002 0.68002   0.00017 0.09191   0.680 
0.54696  91522       0.67900 0.67900 0.67900   0.00017 0.09225   0.679 
0.54796  91320       0.67824 0.67824 0.67824   0.00017 0.09250   0.678 
0.54896  91118       0.67737 0.67737 0.67737   0.00017 0.09279   0.677 
0.54996  90916       0.67640 0.67640 0.67640   0.00017 0.09312   0.676 
0.55096  90714       0.67538 0.67538 0.67538   0.00017 0.09346   0.675 
0.55196  90512       0.67436 0.67436 0.67436   0.00017 0.09380   0.674 
0.55296  90310       0.67333 0.67333 0.67333   0.00017 0.09415   0.673 
0.55396  90108       0.67230 0.67230 0.67230   0.00017 0.09450   0.672 
0.55496  89906       0.67126 0.67126 0.67126   0.00017 0.09485   0.671 
0.55596  89704       0.67023 0.67023 0.67023   0.00017 0.09519   0.670 
0.55696  89502       0.66919 0.66919 0.66919   0.00017 0.09555   0.669 
0.55796  89300       0.66815 0.66815 0.66815   0.00017 0.09590   0.668 
0.55896  89098       0.66711 0.66711 0.66711   0.00017 0.09625   0.667 
0.55996  88896       0.66606 0.66606 0.66606   0.00017 0.09660   0.666 
0.56096  88694       0.66502 0.66502 0.66502   0.00017 0.09696   0.665 
0.56196  88492       0.66397 0.66397 0.66397   0.00017 0.09731   0.664 
0.56296  88290       0.66292 0.66292 0.66292   0.00017 0.09767   0.663 
0.56396  88088       0.66187 0.66187 0.66187   0.00017 0.09803   0.662 
0.56496  87886       0.66089 0.66089 0.66089   0.00017 0.09836   0.661 
0.56596  87684       0.65987 0.65987 0.65987   0.00017 0.09871   0.660 
0.56696  87482       0.65882 0.65882 0.65882   0.00017 0.09907   0.659 
0.56796  87280       0.65776 0.65776 0.65776   0.00017 0.09943   0.658 
0.56896  87078       0.65670 0.65670 0.65670   0.00018 0.09979   0.657 
0.56996  86876       0.65565 0.65565 0.65565   0.00018 0.10016   0.656 
0.57096  86674       0.65459 0.65459 0.65459   0.00018 0.10052   0.655 
0.57196  86472       0.65352 0.65352 0.65352   0.00018 0.10088   0.654 
0.57296  86270       0.65250 0.65250 0.65250   0.00018 0.10124   0.652 
0.57396  86068       0.65145 0.65145 0.65145   0.00018 0.10160   0.651 
0.57496  85866       0.65038 0.65038 0.65038   0.00018 0.10197   0.650 
0.57596  85664       0.64931 0.64931 0.64931   0.00018 0.10234   0.649 
0.57696  85462       0.64824 0.64824 0.64824   0.00018 0.10271   0.648 
0.57796  85260       0.64718 0.64718 0.64718   0.00018 0.10307   0.647 
0.57896  85058       0.64611 0.64611 0.64611   0.00018 0.10345   0.646 
0.57996  84856       0.64503 0.64503 0.64503   0.00018 0.10382   0.645 
0.58096  84654       0.64398 0.64398 0.64398   0.00018 0.10419   0.644 
0.58196  84452       0.64298 0.64298 0.64298   0.00018 0.10453   0.643 
0.58296  84250       0.64191 0.64191 0.64191   0.00018 0.10491   0.642 
0.58396  84048       0.64083 0.64083 0.64083   0.00018 0.10528   0.641 
0.58496  83846       0.63975 0.63975 0.63975   0.00018 0.10566   0.640 
0.58596  83644       0.63868 0.63868 0.63868   0.00018 0.10603   0.639 
0.58696  83442       0.63763 0.63763 0.63763   0.00018 0.10640   0.638 
0.58796  83240       0.63655 0.63655 0.63655   0.00018 0.10678   0.637 
0.58896  83038       0.63547 0.63547 0.63547   0.00018 0.10716   0.635 
0.58996  82836       0.63438 0.63438 0.63438   0.00018 0.10754   0.634 
0.59096  82634       0.63330 0.63330 0.63330   0.00018 0.10792   0.633 
0.59196  82432       0.63221 0.63221 0.63221   0.00018 0.10831   0.632 
0.59296  82230       0.63112 0.63112 0.63112   0.00018 0.10869   0.631 
0.59396  82028       0.63003 0.63003 0.63003   0.00018 0.10908   0.630 
0.59496  81826       0.62894 0.62894 0.62894   0.00018 0.10946   0.629 
0.59596  81624       0.62784 0.62784 0.62784   0.00018 0.10985   0.628 
0.59696  81422       0.62675 0.62675 0.62675   0.00018 0.11024   0.627 
0.59796  81220       0.62565 0.62565 0.62565   0.00018 0.11063   0.626 
0.59896  81018       0.62455 0.62455 0.62455   0.00019 0.11102   0.625 
0.59996  80816       0.62345 0.62345 0.62345   0.00019 0.11141   0.623 
0.60096  80614       0.62234 0.62234 0.62234   0.00019 0.11181   0.622 
0.60196  80412       0.62124 0.62124 0.62124   0.00019 0.11220   0.621 
0.60296  80210       0.62013 0.62013 0.62013   0.00019 0.11260   0.620 
0.60396  80008       0.61902 0.61902 0.61902   0.00019 0.11299   0.619 
0.60496  79806       0.61791 0.61791 0.61791   0.00019 0.11339   0.618 
0.60596  79604       0.61681 0.61681 0.61681   0.00019 0.11379   0.617 
0.60696  79402       0.61569 0.61569 0.61569   0.00019 0.11419   0.616 
0.60796  79200       0.61458 0.61458 0.61458   0.00019 0.11459   0.615 
0.60896  78998       0.61346 0.61346 0.61346   0.00019 0.11499   0.613 
0.60996  78796       0.61234 0.61234 0.61234   0.00019 0.11540   0.612 
0.61096  78594       0.61123 0.61123 0.61123   0.00019 0.11580   0.611 
0.61196  78392       0.61010 0.61010 0.61010   0.00019 0.11621   0.610 
0.61296  78190       0.60898 0.60898 0.60898   0.00019 0.11661   0.609 
0.61396  77988       0.60786 0.60786 0.60786   0.00019 0.11702   0.608 
0.61496  77786       0.60673 0.60673 0.60673   0.00019 0.11743   0.607 
0.61595  77584       0.60560 0.60560 0.60560   0.00019 0.11784   0.606 
0.61695  77382       0.60447 0.60447 0.60447   0.00019 0.11825   0.604 
0.61795  77180       0.60334 0.60334 0.60334   0.00019 0.11867   0.603 
0.61895  76978       0.60221 0.60221 0.60221   0.00019 0.11908   0.602 
0.61995  76776       0.60115 0.60115 0.60115   0.00019 0.11947   0.601 
0.62095  76574       0.60001 0.60001 0.60001   0.00019 0.11988   0.600 
0.62195  76372       0.59888 0.59888 0.59888   0.00019 0.12030   0.599 
0.62295  76170       0.59774 0.59774 0.59774   0.00019 0.12072   0.598 
0.62395  75968       0.59660 0.59660 0.59660   0.00019 0.12114   0.597 
0.62495  75766       0.59546 0.59546 0.59546   0.00019 0.12156   0.595 
0.62595  75564       0.59431 0.59431 0.59431   0.00019 0.12198   0.594 
0.62695  75362       0.59317 0.59317 0.59317   0.00019 0.12241   0.593 
0.62795  75160       0.59202 0.59202 0.59202   0.00020 0.12283   0.592 
0.62895  74958       0.59087 0.59087 0.59087   0.00020 0.12326   0.591 
0.62995  74756       0.58972 0.58972 0.58972   0.00020 0.12368   0.590 
0.63095  74554       0.58857 0.58857 0.58857   0.00020 0.12411   0.589 
0.63195  74352       0.58742 0.58742 0.58742   0.00020 0.12454   0.587 
0.63295  74150       0.58626 0.58626 0.58626   0.00020 0.12497   0.586 
0.63395  73948       0.58510 0.58510 0.58510   0.00020 0.12540   0.585 
0.63495  73746       0.58394 0.58394 0.58394   0.00020 0.12584   0.584 
0.63595  73544       0.58278 0.58278 0.58278   0.00020 0.12627   0.583 
0.63695  73342       0.58162 0.58162 0.58162   0.00020 0.12671   0.582 
0.63795  73140       0.58045 0.58045 0.58045   0.00020 0.12715   0.580 
0.63895  72938       0.57928 0.57928 0.57928   0.00020 0.12759   0.579 
0.63995  72736       0.57811 0.57811 0.57811   0.00020 0.12803   0.578 
0.64095  72534       0.57694 0.57694 0.57694   0.00020 0.12847   0.577 
0.64195  72332       0.57577 0.57577 0.57577   0.00020 0.12891   0.576 
0.64295  72130       0.57460 0.57460 0.57460   0.00020 0.12936   0.575 
0.64395  71928       0.57342 0.57342 0.57342   0.00020 0.12980   0.573 
0.64495  71726       0.57224 0.57224 0.57224   0.00020 0.13025   0.572 
0.64595  71524       0.57106 0.57106 0.57106   0.00020 0.13070   0.571 
0.64695  71322       0.56988 0.56988 0.56988   0.00020 0.13115   0.570 
0.64795  71120       0.56870 0.56870 0.56870   0.00020 0.13160   0.569 
0.64895  70918       0.56752 0.56752 0.56752   0.00020 0.13205   0.568 
0.64995  70716       0.56633 0.56633 0.56633   0.00020 0.13250   0.566 
0.65095  70514       0.56514 0.56514 0.56514   0.00020 0.13296   0.565 
0.65195  70312       0.56395 0.56395 0.56395   0.00020 0.13342   0.564 
0.65295  70110       0.56280 0.56280 0.56280   0.00020 0.13386   0.563 
0.65395  69908       0.56163 0.56163 0.56163   0.00021 0.13431   0.562 
0.65495  69706       0.56043 0.56043 0.56043   0.00021 0.13477   0.560 
0.65595  69504       0.55923 0.55923 0.55923   0.00021 0.13523   0.559 
0.65695  69302       0.55803 0.55803 0.55803   0.00021 0.13570   0.558 
0.65795  69100       0.55683 0.55683 0.55683   0.00021 0.13616   0.557 
0.65895  68898       0.55563 0.55563 0.55563   0.00021 0.13663   0.556 
0.65995  68696       0.55442 0.55442 0.55442   0.00021 0.13710   0.554 
0.66095  68494       0.55322 0.55322 0.55322   0.00021 0.13757   0.553 
0.66195  68292       0.55201 0.55201 0.55201   0.00021 0.13804   0.552 
0.66295  68090       0.55080 0.55080 0.55080   0.00021 0.13851   0.551 
0.66395  67888       0.54958 0.54958 0.54958   0.00021 0.13899   0.550 
0.66495  67686       0.54837 0.54837 0.54837   0.00021 0.13947   0.548 
0.66595  67484       0.54716 0.54716 0.54716   0.00021 0.13994   0.547 
0.66695  67282       0.54594 0.54594 0.54594   0.00021 0.14042   0.546 
0.66795  67080       0.54472 0.54472 0.54472   0.00021 0.14090   0.545 
0.66895  66878       0.54350 0.54350 0.54350   0.00021 0.14138   0.544 
0.66995  66676       0.54228 0.54228 0.54228   0.00021 0.14186   0.542 
0.67095  66474       0.54106 0.54106 0.54106   0.00021 0.14235   0.541 
0.67195  66272       0.53983 0.53983 0.53983   0.00021 0.14284   0.540 
0.67295  66070       0.53860 0.53860 0.53860   0.00021 0.14332   0.539 
0.67395  65868       0.53737 0.53737 0.53737   0.00021 0.14381   0.537 
0.67495  65666       0.53614 0.53614 0.53614   0.00021 0.14430   0.536 
0.67595  65464       0.53490 0.53490 0.53490   0.00021 0.14480   0.535 
0.67695  65262       0.53367 0.53367 0.53367   0.00021 0.14529   0.534 
0.67795  65060       0.53243 0.53243 0.53243   0.00021 0.14579   0.532 
0.67895  64858       0.53119 0.53119 0.53119   0.00022 0.14629   0.531 
0.67995  64656       0.52995 0.52995 0.52995   0.00022 0.14679   0.530 
0.68095  64454       0.52870 0.52870 0.52870   0.00022 0.14729   0.529 
0.68195  64252       0.52746 0.52746 0.52746   0.00022 0.14779   0.527 
0.68295  64050       0.52621 0.52621 0.52621   0.00022 0.14829   0.526 
0.68395  63848       0.52496 0.52496 0.52496   0.00022 0.14880   0.525 
0.68495  63646       0.52371 0.52371 0.52371   0.00022 0.14931   0.524 
0.68595  63444       0.52245 0.52245 0.52245   0.00022 0.14982   0.522 
0.68695  63242       0.52121 0.52121 0.52121   0.00022 0.15032   0.521 
0.68795  63040       0.51995 0.51995 0.51995   0.00022 0.15084   0.520 
0.68895  62838       0.51870 0.51870 0.51870   0.00022 0.15135   0.519 
0.68995  62636       0.51744 0.51744 0.51744   0.00022 0.15186   0.517 
0.69095  62434       0.51618 0.51618 0.51618   0.00022 0.15238   0.516 
0.69195  62232       0.51491 0.51491 0.51491   0.00022 0.15290   0.515 
0.69295  62030       0.51391 0.51391 0.51391   0.00022 0.15332   0.514 
0.69395  61828       0.51298 0.51298 0.51298   0.00022 0.15370   0.513 
0.69495  61626       0.51199 0.51199 0.51199   0.00022 0.15411   0.512 
0.69595  61424       0.51092 0.51092 0.51092   0.00022 0.15455   0.511 
0.69695  61222       0.50981 0.50981 0.50981   0.00022 0.15501   0.510 
0.69795  61020       0.50865 0.50865 0.50865   0.00022 0.15549   0.509 
0.69895  60818       0.50745 0.50745 0.50745   0.00022 0.15599   0.507 
0.69995  60616       0.50619 0.50619 0.50619   0.00022 0.15651   0.506 
0.70095  60414       0.50492 0.50492 0.50492   0.00022 0.15704   0.505 
0.70195  60212       0.50365 0.50365 0.50365   0.00022 0.15757   0.504 
0.70295  60010       0.50238 0.50238 0.50238   0.00022 0.15810   0.502 
0.70395  59808       0.50111 0.50111 0.50111   0.00023 0.15864   0.501 
0.70495  59606       0.49983 0.49983 0.49983   0.00023 0.15917   0.500 
0.70595  59404       0.49855 0.49855 0.49855   0.00023 0.15971   0.499 
0.70695  59202       0.49727 0.49727 0.49727   0.00023 0.16025   0.497 
0.70795  59000       0.49599 0.49599 0.49599   0.00023 0.16079   0.496 
0.70895  58798       0.49471 0.49471 0.49471   0.00023 0.16134   0.495 
0.70995  58596       0.49342 0.49342 0.49342   0.00023 0.16188   0.493 
0.71095  58394       0.49213 0.49213 0.49213   0.00023 0.16243   0.492 
0.71195  58192       0.49084 0.49084 0.49084   0.00023 0.16298   0.491 
0.71295  57990       0.48954 0.48954 0.48954   0.00023 0.16353   0.490 
0.71395  57788       0.48825 0.48825 0.48825   0.00023 0.16409   0.488 
0.71495  57586       0.48695 0.48695 0.48695   0.00023 0.16465   0.487 
0.71595  57384       0.48565 0.48565 0.48565   0.00023 0.16520   0.486 
0.71695  57182       0.48435 0.48435 0.48435   0.00023 0.16576   0.484 
0.71795  56980       0.48304 0.48304 0.48304   0.00023 0.16633   0.483 
0.71895  56778       0.48173 0.48173 0.48173   0.00023 0.16689   0.482 
0.71995  56576       0.48042 0.48042 0.48042   0.00023 0.16746   0.480 
0.72095  56374       0.47912 0.47912 0.47912   0.00023 0.16802   0.479 
0.72195  56172       0.47780 0.47780 0.47780   0.00023 0.16859   0.478 
0.72295  55970       0.47651 0.47651 0.47651   0.00023 0.16916   0.477 
0.72395  55768       0.47519 0.47519 0.47519   0.00023 0.16974   0.475 
0.72495  55566       0.47387 0.47387 0.47387   0.00023 0.17031   0.474 
0.72595  55364       0.47255 0.47255 0.47255   0.00024 0.17089   0.473 
0.72695  55162       0.47123 0.47123 0.47123   0.00024 0.17147   0.471 
0.72795  54960       0.46990 0.46990 0.46990   0.00024 0.17206   0.470 
0.72894  54758       0.46857 0.46857 0.46857   0.00024 0.17264   0.469 
0.72994  54556       0.46724 0.46724 0.46724   0.00024 0.17323   0.467 
0.73094  54354       0.46591 0.46591 0.46591   0.00024 0.17382   0.466 
0.73194  54152       0.46457 0.46457 0.46457   0.00024 0.17441   0.465 
0.73294  53950       0.46324 0.46324 0.46324   0.00024 0.17501   0.463 
0.73394  53748       0.46190 0.46190 0.46190   0.00024 0.17560   0.462 
0.73494  53546       0.46056 0.46056 0.46056   0.00024 0.17620   0.461 
0.73594  53344       0.45921 0.45921 0.45921   0.00024 0.17680   0.459 
0.73694  53142       0.45787 0.45787 0.45787   0.00024 0.17741   0.458 
0.73794  52940       0.45652 0.45652 0.45652   0.00024 0.17801   0.457 
0.73894  52738       0.45517 0.45517 0.45517   0.00024 0.17862   0.455 
0.73994  52536       0.45381 0.45381 0.45381   0.00024 0.17923   0.454 
0.74094  52334       0.45246 0.45246 0.45246   0.00024 0.17985   0.452 
0.74194  52132       0.45110 0.45110 0.45110   0.00024 0.18046   0.451 
0.74294  51930       0.44974 0.44974 0.44974   0.00024 0.18108   0.450 
0.74394  51728       0.44838 0.44838 0.44838   0.00024 0.18170   0.448 
0.74494  51526       0.44701 0.44701 0.44701   0.00024 0.18233   0.447 
0.74594  51324       0.44564 0.44564 0.44564   0.00024 0.18295   0.446 
0.74694  51122       0.44427 0.44427 0.44427   0.00025 0.18358   0.444 
0.74794  50920       0.44290 0.44290 0.44290   0.00025 0.18421   0.443 
0.74894  50718       0.44153 0.44153 0.44153   0.00025 0.18485   0.442 
0.74994  50516       0.44015 0.44015 0.44015   0.00025 0.18548   0.440 
0.75094  50314       0.43877 0.43877 0.43877   0.00025 0.18612   0.439 
0.75194  50112       0.43739 0.43739 0.43739   0.00025 0.18676   0.437 
0.75294  49910       0.43600 0.43600 0.43600   0.00025 0.18741   0.436 
0.75394  49708       0.43462 0.43462 0.43462   0.00025 0.18806   0.435 
0.75494  49506       0.43323 0.43323 0.43323   0.00025 0.18871   0.433 
0.75594  49304       0.43183 0.43183 0.43183   0.00025 0.18936   0.432 
0.75694  49102       0.43046 0.43046 0.43046   0.00025 0.19000   0.430 
0.75794  48900       0.42907 0.42907 0.42907   0.00025 0.19066   0.429 
0.75894  48698       0.42768 0.42768 0.42768   0.00025 0.19132   0.428 
0.75994  48496       0.42628 0.42628 0.42628   0.00025 0.19198   0.426 
0.76094  48294       0.42488 0.42488 0.42488   0.00025 0.19264   0.425 
0.76194  48092       0.42347 0.42347 0.42347   0.00025 0.19331   0.423 
0.76294  47890       0.42206 0.42206 0.42206   0.00025 0.19398   0.422 
0.76394  47688       0.42065 0.42065 0.42065   0.00025 0.19466   0.421 
0.76494  47486       0.41924 0.41924 0.41924   0.00026 0.19533   0.419 
0.76594  47284       0.41783 0.41783 0.41783   0.00026 0.19601   0.418 
0.76694  47082       0.41641 0.41641 0.41641   0.00026 0.19669   0.416 
0.76794  46880       0.41500 0.41500 0.41500   0.00026 0.19738   0.415 
0.76894  46678       0.41357 0.41357 0.41357   0.00026 0.19807   0.414 
0.76994  46476       0.41215 0.41215 0.41215   0.00026 0.19876   0.412 
0.77094  46274       0.41085 0.41085 0.41085   0.00026 0.19939   0.411 
0.77194  46072       0.40944 0.40944 0.40944   0.00026 0.20008   0.409 
0.77294  45870       0.40801 0.40801 0.40801   0.00026 0.20078   0.408 
0.77394  45668       0.40658 0.40658 0.40658   0.00026 0.20148   0.407 
0.77494  45466       0.40515 0.40515 0.40515   0.00026 0.20218   0.405 
0.77594  45264       0.40371 0.40371 0.40371   0.00026 0.20289   0.404 
0.77694  45062       0.40227 0.40227 0.40227   0.00026 0.20360   0.402 
0.77794  44860       0.40083 0.40083 0.40083   0.00026 0.20432   0.401 
0.77894  44658       0.39938 0.39938 0.39938   0.00026 0.20504   0.399 
0.77994  44456       0.39793 0.39793 0.39793   0.00026 0.20576   0.398 
0.78094  44254       0.39648 0.39648 0.39648   0.00026 0.20648   0.396 
0.78194  44052       0.39504 0.39504 0.39504   0.00026 0.20721   0.395 
0.78294  43850       0.39363 0.39363 0.39363   0.00027 0.20792   0.394 
0.78394  43648       0.39217 0.39217 0.39217   0.00027 0.20865   0.392 
0.78494  43446       0.39071 0.39071 0.39071   0.00027 0.20939   0.391 
0.78594  43244       0.38927 0.38927 0.38927   0.00027 0.21012   0.389 
0.78694  43042       0.38780 0.38780 0.38780   0.00027 0.21086   0.388 
0.78794  42840       0.38634 0.38634 0.38634   0.00027 0.21161   0.386 
0.78894  42638       0.38487 0.38487 0.38487   0.00027 0.21236   0.385 
0.78994  42436       0.38340 0.38340 0.38340   0.00027 0.21311   0.383 
0.79094  42234       0.38192 0.38192 0.38192   0.00027 0.21387   0.382 
0.79194  42032       0.38045 0.38045 0.38045   0.00027 0.21463   0.380 
0.79294  41830       0.37897 0.37897 0.37897   0.00027 0.21540   0.379 
0.79394  41628       0.37748 0.37748 0.37748   0.00027 0.21617   0.377 
0.79494  41426       0.37600 0.37600 0.37600   0.00027 0.21694   0.376 
0.79594  41224       0.37451 0.37451 0.37451   0.00027 0.21771   0.375 
0.79694  41022       0.37302 0.37302 0.37302   0.00027 0.21849   0.373 
0.79794  40820       0.37152 0.37152 0.37152   0.00027 0.21928   0.372 
0.79894  40618       0.37003 0.37003 0.37003   0.00028 0.22006   0.370 
0.79994  40416       0.36853 0.36853 0.36853   0.00028 0.22085   0.369 
0.80094  40214       0.36703 0.36703 0.36703   0.00028 0.22165   0.367 
0.80194  40012       0.36552 0.36552 0.36552   0.00028 0.22245   0.366 
0.80294  39810       0.36402 0.36402 0.36402   0.00028 0.22325   0.364 
0.80394  39608       0.36250 0.36250 0.36250   0.00028 0.22406   0.363 
0.80494  39406       0.36100 0.36100 0.36100   0.00028 0.22487   0.361 
0.80594  39204       0.35949 0.35949 0.35949   0.00028 0.22568   0.359 
0.80694  39002       0.35797 0.35797 0.35797   0.00028 0.22650   0.358 
0.80794  38800       0.35648 0.35648 0.35648   0.00028 0.22730   0.356 
0.80894  38598       0.35496 0.35496 0.35496   0.00028 0.22813   0.355 
0.80994  38396       0.35345 0.35345 0.35345   0.00028 0.22895   0.353 
0.81094  38194       0.35193 0.35193 0.35193   0.00028 0.22978   0.352 
0.81194  37992       0.35040 0.35040 0.35040   0.00028 0.23062   0.350 
0.81294  37790       0.34887 0.34887 0.34887   0.00028 0.23146   0.349 
0.81394  37588       0.34734 0.34734 0.34734   0.00029 0.23231   0.347 
0.81494  37386       0.34580 0.34580 0.34580   0.00029 0.23316   0.346 
0.81594  37184       0.34428 0.34428 0.34428   0.00029 0.23400   0.344 
0.81694  36982       0.34274 0.34274 0.34274   0.00029 0.23486   0.343 
0.81794  36780       0.34120 0.34120 0.34120   0.00029 0.23572   0.341 
0.81894  36578       0.33965 0.33965 0.33965   0.00029 0.23659   0.340 
0.81994  36376       0.33810 0.33810 0.33810   0.00029 0.23746   0.338 
0.82094  36174       0.33655 0.33655 0.33655   0.00029 0.23834   0.337 
0.82194  35972       0.33500 0.33500 0.33500   0.00029 0.23922   0.335 
0.82294  35770       0.33344 0.33344 0.33344   0.00029 0.24010   0.333 
0.82394  35568       0.33188 0.33188 0.33188   0.00029 0.24100   0.332 
0.82494  35366       0.33031 0.33031 0.33031   0.00029 0.24189   0.330 
0.82594  35164       0.32875 0.32875 0.32875   0.00029 0.24279   0.329 
0.82694  34962       0.32719 0.32719 0.32719   0.00029 0.24369   0.327 
0.82794  34760       0.32568 0.32568 0.32568   0.00030 0.24456   0.326 
0.82894  34558       0.32412 0.32412 0.32412   0.00030 0.24547   0.324 
0.82994  34356       0.32254 0.32254 0.32254   0.00030 0.24639   0.323 
0.83094  34154       0.32097 0.32097 0.32097   0.00030 0.24731   0.321 
0.83194  33952       0.31938 0.31938 0.31938   0.00030 0.24824   0.319 
0.83294  33750       0.31780 0.31780 0.31780   0.00030 0.24917   0.318 
0.83394  33548       0.31622 0.31622 0.31622   0.00030 0.25011   0.316 
0.83494  33346       0.31463 0.31463 0.31463   0.00030 0.25105   0.315 
0.83594  33144       0.31304 0.31304 0.31304   0.00030 0.25200   0.313 
0.83694  32942       0.31145 0.31145 0.31145   0.00030 0.25296   0.311 
0.83794  32740       0.30985 0.30985 0.30985   0.00030 0.25391   0.310 
0.83894  32538       0.30825 0.30825 0.30825   0.00030 0.25488   0.308 
0.83994  32336       0.30665 0.30665 0.30665   0.00030 0.25585   0.307 
0.84093  32134       0.30504 0.30504 0.30504   0.00031 0.25683   0.305 
0.84193  31932       0.30344 0.30344 0.30344   0.00031 0.25781   0.303 
0.84293  31730       0.30183 0.30183 0.30183   0.00031 0.25879   0.302 
0.84393  31528       0.30021 0.30021 0.30021   0.00031 0.25979   0.300 
0.84493  31326       0.29867 0.29867 0.29867   0.00031 0.26074   0.299 
0.84593  31124       0.29705 0.29705 0.29705   0.00031 0.26174   0.297 
0.84693  30922       0.29548 0.29548 0.29548   0.00031 0.26272   0.295 
0.84793  30720       0.29386 0.29386 0.29386   0.00031 0.26374   0.294 
0.84893  30518       0.29223 0.29223 0.29223   0.00031 0.26475   0.292 
0.84993  30316       0.29061 0.29061 0.29061   0.00031 0.26578   0.291 
0.85093  30114       0.28898 0.28898 0.28898   0.00031 0.26681   0.289 
0.85193  29912       0.28735 0.28735 0.28735   0.00031 0.26785   0.287 
0.85293  29710       0.28582 0.28582 0.28582   0.00031 0.26882   0.286 
0.85393  29508       0.28419 0.28419 0.28419   0.00032 0.26987   0.284 
0.85493  29306       0.28260 0.28260 0.28260   0.00032 0.27089   0.283 
0.85593  29104       0.28097 0.28097 0.28097   0.00032 0.27194   0.281 
0.85693  28902       0.27934 0.27934 0.27934   0.00032 0.27300   0.279 
0.85793  28700       0.27770 0.27770 0.27770   0.00032 0.27407   0.278 
0.85893  28498       0.27605 0.27605 0.27605   0.00032 0.27515   0.276 
0.85993  28296       0.27441 0.27441 0.27441   0.00032 0.27623   0.274 
0.86093  28094       0.27276 0.27276 0.27276   0.00032 0.27732   0.273 
0.86193  27892       0.27111 0.27111 0.27111   0.00032 0.27842   0.271 
0.86293  27690       0.26945 0.26945 0.26945   0.00032 0.27952   0.269 
0.86393  27488       0.26780 0.26780 0.26780   0.00032 0.28063   0.268 
0.86493  27286       0.26614 0.26614 0.26614   0.00033 0.28175   0.266 
0.86593  27084       0.26448 0.26448 0.26448   0.00033 0.28287   0.264 
0.86693  26882       0.26281 0.26281 0.26281   0.00033 0.28400   0.263 
0.86793  26680       0.26115 0.26115 0.26115   0.00033 0.28514   0.261 
0.86893  26478       0.25948 0.25948 0.25948   0.00033 0.28629   0.259 
0.86993  26276       0.25781 0.25781 0.25781   0.00033 0.28744   0.258 
0.87093  26074       0.25613 0.25613 0.25613   0.00033 0.28860   0.256 
0.87193  25872       0.25445 0.25445 0.25445   0.00033 0.28977   0.254 
0.87293  25670       0.25277 0.25277 0.25277   0.00033 0.29094   0.253 
0.87393  25468       0.25109 0.25109 0.25109   0.00033 0.29212   0.251 
0.87493  25266       0.24940 0.24940 0.24940   0.00033 0.29332   0.249 
0.87593  25064       0.24772 0.24772 0.24772   0.00034 0.29451   0.248 
0.87693  24862       0.24603 0.24603 0.24603   0.00034 0.29572   0.246 
0.87793  24660       0.24433 0.24433 0.24433   0.00034 0.29694   0.244 
0.87893  24458       0.24263 0.24263 0.24263   0.00034 0.29816   0.243 
0.87993  24256       0.24093 0.24093 0.24093   0.00034 0.29939   0.241 
0.88093  24054       0.23923 0.23923 0.23923   0.00034 0.30063   0.239 
0.88193  23852       0.23752 0.23752 0.23752   0.00034 0.30188   0.238 
0.88293  23650       0.23582 0.23582 0.23582   0.00034 0.30314   0.236 
0.88393  23448       0.23411 0.23411 0.23411   0.00034 0.30441   0.234 
0.88493  23246       0.23239 0.23239 0.23239   0.00035 0.30569   0.232 
0.88593  23044       0.23067 0.23067 0.23067   0.00035 0.30698   0.231 
0.88693  22842       0.22895 0.22895 0.22895   0.00035 0.30827   0.229 
0.88793  22640       0.22722 0.22722 0.22722   0.00035 0.30958   0.227 
0.88893  22438       0.22549 0.22549 0.22549   0.00035 0.31090   0.225 
0.88993  22236       0.22376 0.22376 0.22376   0.00035 0.31223   0.224 
0.89093  22034       0.22220 0.22220 0.22220   0.00035 0.31343   0.222 
0.89193  21832       0.22050 0.22050 0.22050   0.00035 0.31475   0.220 
0.89293  21630       0.21876 0.21876 0.21876   0.00035 0.31610   0.219 
0.89393  21428       0.21702 0.21702 0.21702   0.00035 0.31747   0.217 
0.89493  21226       0.21527 0.21527 0.21527   0.00036 0.31884   0.215 
0.89593  21024       0.21352 0.21352 0.21352   0.00036 0.32023   0.214 
0.89693  20822       0.21177 0.21177 0.21177   0.00036 0.32163   0.212 
0.89793  20620       0.21002 0.21002 0.21002   0.00036 0.32304   0.210 
0.89893  20418       0.20829 0.20829 0.20829   0.00036 0.32443   0.208 
0.89993  20216       0.20653 0.20653 0.20653   0.00036 0.32587   0.207 
0.90093  20014       0.20476 0.20476 0.20476   0.00036 0.32731   0.205 
0.90193  19812       0.20300 0.20300 0.20300   0.00036 0.32877   0.203 
0.90293  19610       0.20122 0.20122 0.20122   0.00037 0.33024   0.201 
0.90393  19408       0.19945 0.19945 0.19945   0.00037 0.33172   0.199 
0.90493  19206       0.19767 0.19767 0.19767   0.00037 0.33322   0.198 
0.90593  19004       0.19589 0.19589 0.19589   0.00037 0.33473   0.196 
0.90693  18802       0.19410 0.19410 0.19410   0.00037 0.33625   0.194 
0.90793  18600       0.19231 0.19231 0.19231   0.00037 0.33779   0.192 
0.90893  18398       0.19051 0.19051 0.19051   0.00037 0.33934   0.191 
0.90993  18196       0.18871 0.18871 0.18871   0.00037 0.34090   0.189 
0.91093  17994       0.18691 0.18691 0.18691   0.00038 0.34248   0.187 
0.91193  17792       0.18510 0.18510 0.18510   0.00038 0.34408   0.185 
0.91293  17590       0.18329 0.18329 0.18329   0.00038 0.34569   0.183 
0.91393  17388       0.18147 0.18147 0.18147   0.00038 0.34732   0.181 
0.91493  17186       0.17965 0.17965 0.17965   0.00038 0.34896   0.180 
0.91593  16984       0.17783 0.17783 0.17783   0.00038 0.35062   0.178 
0.91693  16782       0.17600 0.17600 0.17600   0.00038 0.35229   0.176 
0.91793  16580       0.17417 0.17417 0.17417   0.00039 0.35398   0.174 
0.91893  16378       0.17233 0.17233 0.17233   0.00039 0.35569   0.172 
0.91993  16176       0.17049 0.17049 0.17049   0.00039 0.35742   0.170 
0.92093  15974       0.16865 0.16865 0.16865   0.00039 0.35917   0.169 
0.92193  15772       0.16680 0.16680 0.16680   0.00039 0.36093   0.167 
0.92293  15570       0.16494 0.16494 0.16494   0.00039 0.36272   0.165 
0.92393  15368       0.16308 0.16308 0.16308   0.00039 0.36452   0.163 
0.92493  15166       0.16122 0.16122 0.16122   0.00040 0.36634   0.161 
0.92593  14964       0.15935 0.15935 0.15935   0.00040 0.36818   0.159 
0.92693  14762       0.15748 0.15748 0.15748   0.00040 0.37005   0.157 
0.92793  14560       0.15560 0.15560 0.15560   0.00040 0.37193   0.156 
0.92893  14358       0.15372 0.15372 0.15372   0.00040 0.37384   0.154 
0.92993  14156       0.15184 0.15184 0.15184   0.00040 0.37577   0.152 
0.93093  13954       0.14994 0.14994 0.14994   0.00041 0.37773   0.150 
0.93193  13752       0.14805 0.14805 0.14805   0.00041 0.37970   0.148 
0.93293  13550       0.14614 0.14614 0.14614   0.00041 0.38171   0.146 
0.93393  13348       0.14424 0.14424 0.14424   0.00041 0.38373   0.144 
0.93493  13146       0.14232 0.14232 0.14232   0.00041 0.38579   0.142 
0.93593  12944       0.14040 0.14040 0.14040   0.00041 0.38787   0.140 
0.93693  12742       0.13848 0.13848 0.13848   0.00042 0.38998   0.138 
0.93793  12540       0.13655 0.13655 0.13655   0.00042 0.39211   0.137 
0.93893  12338       0.13461 0.13461 0.13461   0.00042 0.39428   0.135 
0.93993  12136       0.13267 0.13267 0.13267   0.00042 0.39648   0.133 
0.94093  11934       0.13072 0.13072 0.13072   0.00042 0.39871   0.131 
0.94193  11732       0.12876 0.12876 0.12876   0.00043 0.40097   0.129 
0.94293  11530       0.12680 0.12680 0.12680   0.00043 0.40327   0.127 
0.94393  11328       0.12483 0.12483 0.12483   0.00043 0.40560   0.125 
0.94493  11126       0.12285 0.12285 0.12285   0.00043 0.40796   0.123 
0.94593  10924       0.12087 0.12087 0.12087   0.00043 0.41037   0.121 
0.94693  10722       0.11889 0.11889 0.11889   0.00044 0.41280   0.119 
0.94793  10520       0.11690 0.11690 0.11690   0.00044 0.41528   0.117 
0.94893  10318       0.11490 0.11490 0.11490   0.00044 0.41779   0.115 
0.94993  10116       0.11289 0.11289 0.11289   0.00044 0.42035   0.113 
0.95093  9914        0.11088 0.11088 0.11088   0.00044 0.42295   0.111 
0.95193  9712        0.10886 0.10886 0.10886   0.00045 0.42560   0.109 
0.95292  9510        0.10683 0.10683 0.10683   0.00045 0.42829   0.107 
0.95392  9308        0.10480 0.10480 0.10480   0.00045 0.43103   0.105 
0.95492  9106        0.10276 0.10276 0.10276   0.00045 0.43381   0.103 
0.95592  8904        0.10072 0.10072 0.10072   0.00046 0.43666   0.101 
0.95692  8702        0.09866 0.09866 0.09866   0.00046 0.43955   0.099 
0.95792  8500        0.09660 0.09660 0.09660   0.00046 0.44250   0.097 
0.95892  8298        0.09454 0.09454 0.09454   0.00046 0.44550   0.095 
0.95992  8096        0.09247 0.09247 0.09247   0.00047 0.44856   0.092 
0.96092  7894        0.09038 0.09038 0.09038   0.00047 0.45169   0.090 
0.96192  7692        0.08830 0.08830 0.08830   0.00047 0.45489   0.088 
0.96292  7490        0.08620 0.08620 0.08620   0.00048 0.45815   0.086 
0.96392  7288        0.08410 0.08410 0.08410   0.00048 0.46148   0.084 
0.96492  7086        0.08199 0.08199 0.08199   0.00048 0.46489   0.082 
0.96592  6884        0.07988 0.07988 0.07988   0.00048 0.46837   0.080 
0.96692  6682        0.07776 0.07776 0.07776   0.00049 0.47194   0.078 
0.96792  6480        0.07562 0.07562 0.07562   0.00049 0.47560   0.076 
0.96892  6278        0.07348 0.07348 0.07348   0.00049 0.47935   0.073 
0.96992  6076        0.07133 0.07133 0.07133   0.00050 0.48320   0.071 
0.97092  5874        0.06917 0.06917 0.06917   0.00050 0.48716   0.069 
0.97192  5672        0.06700 0.06700 0.06700   0.00050 0.49123   0.067 
0.97292  5470        0.06483 0.06483 0.06483   0.00051 0.49541   0.065 
0.97392  5268        0.06264 0.06264 0.06264   0.00051 0.49972   0.063 
0.97492  5066        0.06044 0.06044 0.06044   0.00052 0.50416   0.060 
0.97592  4864        0.05824 0.05824 0.05824   0.00052 0.50875   0.058 
0.97692  4662        0.05602 0.05602 0.05602   0.00053 0.51349   0.056 
0.97792  4460        0.05380 0.05380 0.05380   0.00053 0.51840   0.054 
0.97892  4258        0.05156 0.05156 0.05156   0.00053 0.52349   0.052 
0.97992  4056        0.04931 0.04931 0.04931   0.00054 0.52878   0.049 
0.98092  3854        0.04705 0.04705 0.04705   0.00054 0.53426   0.047 
0.98192  3652        0.04478 0.04478 0.04478   0.00055 0.53998   0.045 
0.98292  3450        0.04249 0.04249 0.04249   0.00055 0.54597   0.042 
0.98392  3248        0.04019 0.04019 0.04019   0.00056 0.55225   0.040 
0.98492  3046        0.03788 0.03788 0.03788   0.00057 0.55885   0.038 
0.98592  2844        0.03554 0.03554 0.03554   0.00057 0.56581   0.036 
0.98692  2642        0.03319 0.03319 0.03319   0.00058 0.57317   0.033 
0.98792  2440        0.03082 0.03082 0.03082   0.00059 0.58100   0.031 
0.98892  2238        0.02843 0.02843 0.02843   0.00060 0.58937   0.028 
0.98992  2036        0.02603 0.02603 0.02603   0.00060 0.59832   0.026 
0.99092  1834        0.02361 0.02361 0.02361   0.00061 0.60800   0.024 
0.99192  1632        0.02117 0.02117 0.02117   0.00062 0.61855   0.021 
0.99292  1430        0.01871 0.01871 0.01871   0.00063 0.63017   0.019 
0.99392  1228        0.01621 0.01621 0.01621   0.00065 0.64316   0.016 
0.99492  1026        0.01369 0.01369 0.01369   0.00066 0.65797   0.014 
0.99592  824         0.01112 0.01112 0.01112   0.00068 0.67528   0.011 
0.99692  622         0.00851 0.00851 0.00851   0.00070 0.69626   0.009 
0.99792  420         0.00585 0.00585 0.00585   0.00072 0.72344   0.006 
0.99892  218         0.00312 0.00312 0.00312   0.00076 0.76375   0.003 
0.99992  16          0.00024 0.00024 0.00024   0.00087 0.87530   0.000 
1.00000  0           0.00000 0.00000 0.00000   0.00100 1.00000   0.000 
