ADMU id: 0: F-lost, TF-cost	min-1 mean-1 wmean-1 max-1	
0.00001	0         	0.64229 	0.72506 	-0.10594	0.92165 	
0.00101	0         	0.63375 	0.72101 	-0.09783	0.91396 	
0.00201	0         	0.63093 	0.71618 	-0.08854	0.89818 	
0.00301	0         	0.62945 	0.71157 	-0.07989	0.88224 	
0.00400	0         	0.62804 	0.70698 	-0.07134	0.86631 	
0.00500	0         	0.62579 	0.70220 	-0.06247	0.85037 	
0.00600	0         	0.62113 	0.69685 	-0.05225	0.83444 	
0.00700	0         	0.61690 	0.69157 	-0.04235	0.81850 	
0.00800	0         	0.61394 	0.68656 	-0.03318	0.80257 	
0.00900	0         	0.61239 	0.68188 	-0.02477	0.78663 	
0.01000	0         	0.60950 	0.67688 	-0.01569	0.77069 	
0.01099	0         	0.60682 	0.67192 	-0.00681	0.75476 	
0.01199	0         	0.60498 	0.66715 	inf     	0.73882 	
0.01299	0         	0.60252 	0.66227 	inf     	0.72289 	
0.01399	0         	0.60082 	0.65754 	inf     	0.70695 	
0.01499	0         	0.59927 	0.65282 	inf     	0.69102 	
0.01599	0         	0.59716 	0.64797 	inf     	0.67508 	
0.01698	0         	0.59547 	0.64319 	inf     	0.67128 	
0.01798	0         	0.59321 	0.63827 	inf     	0.67067 	
0.01898	0         	0.59166 	0.63351 	inf     	0.67003 	
0.01998	0         	0.59046 	0.62883 	inf     	0.66934 	
0.02098	0         	0.58926 	0.62413 	inf     	0.66858 	
0.02198	0         	0.57947 	0.61940 	inf     	0.66769 	
0.02298	0         	0.56353 	0.61456 	inf     	0.66666 	
0.02397	0         	0.54760 	0.60978 	inf     	0.66544 	
0.02497	0         	0.53166 	0.60474 	inf     	0.66376 	
0.02597	0         	0.51573 	0.59962 	inf     	0.66179 	
0.02697	0         	0.49979 	0.59463 	inf     	0.65966 	
0.02797	0         	0.48880 	0.58995 	inf     	0.65795 	
0.02897	0         	0.48872 	0.58634 	inf     	0.65793 	
0.02997	0         	0.48699 	0.58260 	inf     	0.65785 	
0.03096	0         	0.48322 	0.57843 	inf     	0.65769 	
0.03196	0         	0.46815 	0.57329 	inf     	0.65759 	
0.03296	0         	0.46555 	0.56934 	inf     	0.65736 	
0.03396	0         	0.46108 	0.56535 	inf     	0.65694 	
0.03496	0         	0.46108 	0.56148 	inf     	0.65598 	
0.03596	0         	0.46108 	0.56018 	inf     	0.65544 	
0.03696	0         	0.46108 	0.55980 	inf     	0.65544 	
0.03795	0         	0.46092 	0.55934 	inf     	0.65542 	
0.03895	0         	0.45668 	0.55776 	inf     	0.65525 	
0.03995	0         	0.45652 	0.55728 	inf     	0.65522 	
0.04095	0         	0.45652 	0.55693 	inf     	0.65521 	
0.04195	0         	0.45652 	0.55653 	inf     	0.65521 	
0.04295	0         	0.45652 	0.55620 	inf     	0.65521 	
0.04394	0         	0.45652 	0.55591 	inf     	0.65521 	
0.04494	0         	0.45645 	0.55556 	inf     	0.65521 	
0.04594	0         	0.45645 	0.55523 	inf     	0.65519 	
0.04694	0         	0.45590 	0.55468 	inf     	0.65518 	
0.04794	0         	0.45590 	0.55435 	inf     	0.65517 	
0.04894	0         	0.45582 	0.55391 	inf     	0.65515 	
0.04994	0         	0.45456 	0.55306 	inf     	0.65512 	
0.05093	0         	0.45432 	0.55269 	inf     	0.65509 	
0.05193	0         	0.45432 	0.55236 	inf     	0.65506 	
0.05293	0         	0.45425 	0.55203 	inf     	0.65502 	
0.05393	0         	0.45425 	0.55169 	inf     	0.65498 	
0.05493	0         	0.45393 	0.55128 	inf     	0.65493 	
0.05593	0         	0.45393 	0.55087 	inf     	0.65488 	
0.05693	0         	0.45393 	0.55032 	inf     	0.65483 	
0.05792	0         	0.45268 	0.54950 	inf     	0.65477 	
0.05892	0         	0.45268 	0.54912 	inf     	0.65471 	
0.05992	0         	0.45244 	0.54865 	inf     	0.65464 	
0.06092	0         	0.45244 	0.54823 	inf     	0.65457 	
0.06192	0         	0.45150 	0.54746 	inf     	0.65450 	
0.06292	0         	0.45142 	0.54705 	inf     	0.65442 	
0.06392	0         	0.45118 	0.54656 	inf     	0.65434 	
0.06491	0         	0.45095 	0.54617 	inf     	0.65426 	
0.06591	0         	0.45071 	0.54571 	inf     	0.65417 	
0.06691	0         	0.45071 	0.54533 	inf     	0.65409 	
0.06791	0         	0.45071 	0.54494 	inf     	0.65400 	
0.06891	0         	0.45024 	0.54424 	inf     	0.65390 	
0.06991	0         	0.45008 	0.54364 	inf     	0.65380 	
0.07090	0         	0.44961 	0.54318 	inf     	0.65370 	
0.07190	0         	0.44961 	0.54279 	inf     	0.65360 	
0.07290	0         	0.44953 	0.54225 	inf     	0.65349 	
0.07390	0         	0.44812 	0.54130 	inf     	0.65338 	
0.07490	0         	0.44796 	0.54083 	inf     	0.65327 	
0.07590	0         	0.44789 	0.54039 	inf     	0.65316 	
0.07690	0         	0.44781 	0.53999 	inf     	0.65305 	
0.07789	0         	0.44781 	0.53968 	inf     	0.65292 	
0.07889	0         	0.44396 	0.53839 	inf     	0.65280 	
0.07989	0         	0.43532 	0.53577 	inf     	0.65270 	
0.08089	0         	0.43532 	0.53539 	inf     	0.65258 	
0.08189	0         	0.43532 	0.53500 	inf     	0.65244 	
0.08289	0         	0.43532 	0.53461 	inf     	0.65231 	
0.08389	0         	0.43532 	0.53426 	inf     	0.65217 	
0.08488	0         	0.43532 	0.53379 	inf     	0.65203 	
0.08588	0         	0.43493 	0.53326 	inf     	0.65188 	
0.08688	0         	0.43493 	0.53283 	inf     	0.65172 	
0.08788	0         	0.43226 	0.53140 	inf     	0.65156 	
0.08888	0         	0.43226 	0.53078 	inf     	0.65140 	
0.08988	0         	0.43226 	0.53038 	inf     	0.65123 	
0.09088	0         	0.42975 	0.52916 	inf     	0.65102 	
0.09187	0         	0.42975 	0.52876 	inf     	0.65085 	
0.09287	0         	0.42975 	0.52828 	inf     	0.65067 	
0.09387	0         	0.42967 	0.52781 	inf     	0.65049 	
0.09487	0         	0.42825 	0.52661 	inf     	0.65026 	
0.09587	0         	0.42825 	0.52620 	inf     	0.65007 	
0.09687	0         	0.42825 	0.52576 	inf     	0.64987 	
0.09786	0         	0.42802 	0.52523 	inf     	0.64966 	
0.09886	0         	0.42668 	0.52436 	inf     	0.64944 	
0.09986	0         	0.42668 	0.52404 	inf     	0.64923 	
0.10086	0         	0.42668 	0.52351 	inf     	0.64901 	
0.10186	0         	0.42668 	0.52298 	inf     	0.64879 	
0.10286	0         	0.42660 	0.52229 	inf     	0.64855 	
0.10386	0         	0.42613 	0.52161 	inf     	0.64832 	
0.10485	0         	0.42613 	0.52118 	inf     	0.64809 	
0.10585	0         	0.42613 	0.52072 	inf     	0.64785 	
0.10685	0         	0.42613 	0.52020 	inf     	0.64760 	
0.10785	0         	0.42613 	0.51971 	inf     	0.64735 	
0.10885	0         	0.42574 	0.51914 	inf     	0.64709 	
0.10985	0         	0.42503 	0.51811 	inf     	0.64682 	
0.11085	0         	0.42503 	0.51709 	inf     	0.64655 	
0.11184	0         	0.42488 	0.51647 	inf     	0.64627 	
0.11284	0         	0.42480 	0.51594 	inf     	0.64600 	
0.11384	0         	0.42480 	0.51556 	inf     	0.64574 	
0.11484	0         	0.42448 	0.51452 	inf     	0.64545 	
0.11584	0         	0.42448 	0.51408 	inf     	0.64518 	
0.11684	0         	0.42448 	0.51364 	inf     	0.64490 	
0.11784	0         	0.42448 	0.51299 	inf     	0.64463 	
0.11883	0         	0.42120 	0.51129 	inf     	0.64433 	
0.11983	0         	0.41908 	0.50988 	inf     	0.64405 	
0.12083	0         	0.41774 	0.50923 	inf     	0.64376 	
0.12183	0         	0.41725 	0.50870 	inf     	0.64346 	
0.12283	0         	0.41668 	0.50824 	inf     	0.64317 	
0.12383	0         	0.41640 	0.50785 	inf     	0.64287 	
0.12482	0         	0.41626 	0.50749 	inf     	0.64256 	
0.12582	0         	0.41506 	0.50689 	inf     	0.64227 	
0.12682	0         	0.41386 	0.50627 	inf     	0.64196 	
0.12782	0         	0.41337 	0.50576 	inf     	0.64164 	
0.12882	0         	0.41266 	0.50524 	inf     	0.64132 	
0.12982	0         	0.41111 	0.50270 	inf     	0.64097 	
0.13082	0         	0.41033 	0.50217 	inf     	0.64064 	
0.13181	0         	0.40998 	0.50174 	inf     	0.64031 	
0.13281	0         	0.40548 	0.49927 	inf     	0.63987 	
0.13381	0         	0.40336 	0.49781 	inf     	0.63947 	
0.13481	0         	0.40234 	0.49695 	inf     	0.63906 	
0.13581	0         	0.40202 	0.49633 	inf     	0.63872 	
0.13681	0         	0.40202 	0.49569 	inf     	0.63840 	
0.13781	0         	0.40202 	0.49521 	inf     	0.63807 	
0.13880	0         	0.40159 	0.49473 	inf     	0.63773 	
0.13980	0         	0.39535 	0.49243 	inf     	0.63729 	
0.14080	0         	0.38506 	0.48893 	inf     	0.63667 	
0.14180	0         	0.38506 	0.48849 	inf     	0.63632 	
0.14280	0         	0.38506 	0.48792 	inf     	0.63597 	
0.14380	0         	0.38506 	0.48741 	inf     	0.63562 	
0.14480	0         	0.38082 	0.48583 	inf     	0.63518 	
0.14579	0         	0.38082 	0.48530 	inf     	0.63482 	
0.14679	0         	0.38082 	0.48475 	inf     	0.63445 	
0.14779	0         	0.38082 	0.48416 	inf     	0.63408 	
0.14879	0         	0.38082 	0.48364 	inf     	0.63370 	
0.14979	0         	0.38082 	0.48297 	inf     	0.63333 	
0.15079	0         	0.38082 	0.48240 	inf     	0.63296 	
0.15178	0         	0.37328 	0.47975 	inf     	0.63233 	
0.15278	0         	0.36378 	0.47646 	inf     	0.63145 	
0.15378	0         	0.36362 	0.47590 	inf     	0.63106 	
0.15478	0         	0.36331 	0.47532 	inf     	0.63067 	
0.15578	0         	0.36331 	0.47482 	inf     	0.63027 	
0.15678	0         	0.36331 	0.47416 	inf     	0.62989 	
0.15778	0         	0.36331 	0.47369 	inf     	0.62949 	
0.15877	0         	0.36331 	0.47304 	inf     	0.62908 	
0.15977	0         	0.36331 	0.47260 	inf     	0.62869 	
0.16077	0         	0.36331 	0.47208 	inf     	0.62829 	
0.16177	0         	0.36331 	0.47158 	inf     	0.62788 	
0.16277	0         	0.36331 	0.47108 	inf     	0.62747 	
0.16377	0         	0.36323 	0.47057 	inf     	0.62706 	
0.16477	0         	0.36307 	0.46998 	inf     	0.62664 	
0.16576	0         	0.36166 	0.46896 	inf     	0.62622 	
0.16676	0         	0.35891 	0.46785 	inf     	0.62588 	
0.16776	0         	0.34297 	0.46349 	inf     	0.62587 	
0.16876	0         	0.32703 	0.45918 	inf     	0.62585 	
0.16976	0         	0.31109 	0.45476 	inf     	0.62576 	
0.17076	0         	0.29813 	0.45111 	inf     	0.62556 	
0.17176	0         	0.29813 	0.45071 	inf     	0.62555 	
0.17275	0         	0.29813 	0.45021 	inf     	0.62548 	
0.17375	0         	0.29813 	0.44974 	inf     	0.62533 	
0.17475	0         	0.29813 	0.44924 	inf     	0.62508 	
0.17575	0         	0.29813 	0.44863 	inf     	0.62465 	
0.17675	0         	0.29813 	0.44824 	inf     	0.62423 	
0.17775	0         	0.29813 	0.44774 	inf     	0.62381 	
0.17874	0         	0.29813 	0.44728 	inf     	0.62337 	
0.17974	0         	0.29813 	0.44680 	inf     	0.62294 	
0.18074	0         	0.29805 	0.44621 	inf     	0.62250 	
0.18174	0         	0.29805 	0.44566 	inf     	0.62206 	
0.18274	0         	0.29805 	0.44519 	inf     	0.62161 	
0.18374	0         	0.29782 	0.44458 	inf     	0.62116 	
0.18474	0         	0.29742 	0.44386 	inf     	0.62070 	
0.18573	0         	0.29719 	0.44324 	inf     	0.62025 	
0.18673	0         	0.29719 	0.44265 	inf     	0.61979 	
0.18773	0         	0.29719 	0.44219 	inf     	0.61934 	
0.18873	0         	0.29719 	0.44167 	inf     	0.61888 	
0.18973	0         	0.29719 	0.44120 	inf     	0.61841 	
0.19073	0         	0.29719 	0.44068 	inf     	0.61794 	
0.19173	0         	0.29719 	0.44006 	inf     	0.61747 	
0.19272	0         	0.29672 	0.43837 	inf     	0.61700 	
0.19372	0         	0.29672 	0.43778 	inf     	0.61664 	
0.19472	0         	0.29664 	0.43726 	inf     	0.61617 	
0.19572	0         	0.28988 	0.43486 	inf     	0.61563 	
0.19672	0         	0.28988 	0.43408 	inf     	0.61514 	
0.19772	0         	0.28941 	0.43334 	inf     	0.61466 	
0.19872	0         	0.28894 	0.43270 	inf     	0.61417 	
0.19971	0         	0.28847 	0.43199 	inf     	0.61368 	
0.20071	0         	0.28847 	0.43152 	inf     	0.61319 	
0.20171	0         	0.28847 	0.43100 	inf     	0.61269 	
0.20271	0         	0.28847 	0.43046 	inf     	0.61219 	
0.20371	0         	0.28847 	0.43001 	inf     	0.61170 	
0.20471	0         	0.28847 	0.42953 	inf     	0.61120 	
0.20570	0         	0.27944 	0.42646 	inf     	0.61041 	
0.20670	0         	0.27088 	0.42339 	inf     	0.60930 	
0.20770	0         	0.27088 	0.42280 	inf     	0.60879 	
0.20870	0         	0.27002 	0.42205 	inf     	0.60825 	
0.20970	0         	0.26900 	0.42122 	inf     	0.60774 	
0.21070	0         	0.26900 	0.42065 	inf     	0.60725 	
0.21170	0         	0.26829 	0.41981 	inf     	0.60672 	
0.21269	0         	0.26829 	0.41928 	inf     	0.60622 	
0.21369	0         	0.26821 	0.41872 	inf     	0.60570 	
0.21469	0         	0.26821 	0.41813 	inf     	0.60518 	
0.21569	0         	0.26821 	0.41759 	inf     	0.60464 	
0.21669	0         	0.26248 	0.41556 	inf     	0.60396 	
0.21769	0         	0.26193 	0.41462 	inf     	0.60340 	
0.21869	0         	0.26193 	0.41388 	inf     	0.60286 	
0.21968	0         	0.25894 	0.41232 	inf     	0.60229 	
0.22068	0         	0.25887 	0.41175 	inf     	0.60175 	
0.22168	0         	0.25887 	0.41119 	inf     	0.60120 	
0.22268	0         	0.25887 	0.41057 	inf     	0.60065 	
0.22368	0         	0.25887 	0.41005 	inf     	0.60008 	
0.22468	0         	0.25887 	0.40953 	inf     	0.59953 	
0.22568	0         	0.25887 	0.40900 	inf     	0.59897 	
0.22667	0         	0.25855 	0.40832 	inf     	0.59840 	
0.22767	0         	0.25855 	0.40783 	inf     	0.59783 	
0.22867	0         	0.25855 	0.40734 	inf     	0.59726 	
0.22967	0         	0.25855 	0.40686 	inf     	0.59670 	
0.23067	0         	0.25855 	0.40615 	inf     	0.59612 	
0.23167	0         	0.25855 	0.40551 	inf     	0.59555 	
0.23266	0         	0.25855 	0.40497 	inf     	0.59496 	
0.23366	0         	0.25847 	0.40446 	inf     	0.59438 	
0.23466	0         	0.25824 	0.40371 	inf     	0.59378 	
0.23566	0         	0.25785 	0.40311 	inf     	0.59318 	
0.23666	0         	0.25785 	0.40247 	inf     	0.59259 	
0.23766	0         	0.25785 	0.40191 	inf     	0.59199 	
0.23866	0         	0.25785 	0.40138 	inf     	0.59138 	
0.23965	0         	0.25785 	0.40084 	inf     	0.59078 	
0.24065	0         	0.25785 	0.40034 	inf     	0.59017 	
0.24165	0         	0.25769 	0.39978 	inf     	0.58956 	
0.24265	0         	0.25730 	0.39902 	inf     	0.58894 	
0.24365	0         	0.25698 	0.39848 	inf     	0.58832 	
0.24465	0         	0.25698 	0.39789 	inf     	0.58770 	
0.24565	0         	0.25698 	0.39715 	inf     	0.58707 	
0.24664	0         	0.25690 	0.39655 	inf     	0.58644 	
0.24764	0         	0.25682 	0.39588 	inf     	0.58580 	
0.24864	0         	0.25682 	0.39536 	inf     	0.58519 	
0.24964	0         	0.25682 	0.39469 	inf     	0.58456 	
0.25064	0         	0.25659 	0.39398 	inf     	0.58391 	
0.25164	0         	0.25627 	0.39347 	inf     	0.58327 	
0.25264	0         	0.25627 	0.39283 	inf     	0.58262 	
0.25363	0         	0.25627 	0.39224 	inf     	0.58197 	
0.25463	0         	0.25627 	0.39175 	inf     	0.58131 	
0.25563	0         	0.25620 	0.39119 	inf     	0.58066 	
0.25663	0         	0.25620 	0.39062 	inf     	0.57999 	
0.25763	0         	0.25620 	0.38997 	inf     	0.57932 	
0.25863	0         	0.25620 	0.38934 	inf     	0.57866 	
0.25962	0         	0.25620 	0.38877 	inf     	0.57799 	
0.26062	0         	0.25612 	0.38820 	inf     	0.57731 	
0.26162	0         	0.25305 	0.38677 	inf     	0.57663 	
0.26262	0         	0.25243 	0.38595 	inf     	0.57595 	
0.26362	0         	0.25243 	0.38533 	inf     	0.57528 	
0.26462	0         	0.25243 	0.38475 	inf     	0.57461 	
0.26562	0         	0.25243 	0.38408 	inf     	0.57392 	
0.26661	0         	0.25235 	0.38358 	inf     	0.57322 	
0.26761	0         	0.25235 	0.38288 	inf     	0.57252 	
0.26861	0         	0.25235 	0.38223 	inf     	0.57182 	
0.26961	0         	0.25235 	0.38161 	inf     	0.57111 	
0.27061	0         	0.25235 	0.38101 	inf     	0.57041 	
0.27161	0         	0.25235 	0.38037 	inf     	0.56969 	
0.27261	0         	0.25235 	0.37970 	inf     	0.56898 	
0.27360	0         	0.25235 	0.37891 	inf     	0.56826 	
0.27460	0         	0.25235 	0.37816 	inf     	0.56756 	
0.27560	0         	0.25235 	0.37760 	inf     	0.56683 	
0.27660	0         	0.25235 	0.37697 	inf     	0.56610 	
0.27760	0         	0.25101 	0.37584 	inf     	0.56535 	
0.27860	0         	0.25101 	0.37521 	inf     	0.56461 	
0.27960	0         	0.25101 	0.37455 	inf     	0.56387 	
0.28059	0         	0.25023 	0.37369 	inf     	0.56312 	
0.28159	0         	0.25023 	0.37306 	inf     	0.56237 	
0.28259	0         	0.24999 	0.37240 	inf     	0.56162 	
0.28359	0         	0.24999 	0.37168 	inf     	0.56087 	
0.28459	0         	0.24929 	0.37083 	inf     	0.56011 	
0.28559	0         	0.24889 	0.37005 	inf     	0.55934 	
0.28658	0         	0.24889 	0.36929 	inf     	0.55856 	
0.28758	0         	0.24795 	0.36830 	inf     	0.55779 	
0.28858	0         	0.24787 	0.36747 	inf     	0.55702 	
0.28958	0         	0.24779 	0.36681 	inf     	0.55625 	
0.29058	0         	0.23390 	0.36254 	inf     	0.55516 	
0.29158	0         	0.22730 	0.36018 	inf     	0.55412 	
0.29258	0         	0.22565 	0.35910 	inf     	0.55333 	
0.29357	0         	0.22565 	0.35846 	inf     	0.55255 	
0.29457	0         	0.22565 	0.35773 	inf     	0.55176 	
0.29557	0         	0.22463 	0.35600 	inf     	0.55090 	
0.29657	0         	0.22086 	0.35437 	inf     	0.55008 	
0.29757	0         	0.22039 	0.35362 	inf     	0.54930 	
0.29857	0         	0.22039 	0.35296 	inf     	0.54851 	
0.29957	0         	0.21992 	0.35230 	inf     	0.54771 	
0.30056	0         	0.21992 	0.35168 	inf     	0.54691 	
0.30156	0         	0.21984 	0.35098 	inf     	0.54611 	
0.30256	0         	0.21914 	0.35015 	inf     	0.54530 	
0.30356	0         	0.21914 	0.34954 	inf     	0.54449 	
0.30456	0         	0.21914 	0.34883 	inf     	0.54367 	
0.30556	0         	0.21914 	0.34818 	inf     	0.54286 	
0.30656	0         	0.21914 	0.34771 	inf     	0.54212 	
0.30755	0         	0.21914 	0.34707 	inf     	0.54130 	
0.30855	0         	0.21914 	0.34655 	inf     	0.54051 	
0.30955	0         	0.21914 	0.34582 	inf     	0.53969 	
0.31055	0         	0.21914 	0.34523 	inf     	0.53885 	
0.31155	0         	0.21914 	0.34463 	inf     	0.53802 	
0.31255	0         	0.21914 	0.34405 	inf     	0.53722 	
0.31354	0         	0.21914 	0.34347 	inf     	0.53640 	
0.31454	0         	0.21914 	0.34280 	inf     	0.53557 	
0.31554	0         	0.21914 	0.34221 	inf     	0.53472 	
0.31654	0         	0.21874 	0.34157 	inf     	0.53387 	
0.31754	0         	0.21867 	0.34096 	inf     	0.53302 	
0.31854	0         	0.21859 	0.34028 	inf     	0.53216 	
0.31954	0         	0.21843 	0.33970 	inf     	0.53130 	
0.32053	0         	0.21843 	0.33896 	inf     	0.53044 	
0.32153	0         	0.21843 	0.33838 	inf     	0.52957 	
0.32253	0         	0.21835 	0.33757 	inf     	0.52870 	
0.32353	0         	0.21835 	0.33700 	inf     	0.52786 	
0.32453	0         	0.21835 	0.33633 	inf     	0.52706 	
0.32553	0         	0.21835 	0.33557 	inf     	0.52623 	
0.32653	0         	0.21772 	0.33480 	inf     	0.52536 	
0.32752	0         	0.21772 	0.33420 	inf     	0.52447 	
0.32852	0         	0.21772 	0.33351 	inf     	0.52359 	
0.32952	0         	0.21764 	0.33291 	inf     	0.52288 	
0.33052	0         	0.21741 	0.33223 	inf     	0.52206 	
0.33152	0         	0.21670 	0.33142 	inf     	0.52116 	
0.33252	0         	0.21607 	0.33056 	inf     	0.52026 	
0.33352	0         	0.21584 	0.32973 	inf     	0.51936 	
0.33451	0         	0.21482 	0.32876 	inf     	0.51847 	
0.33551	0         	0.21474 	0.32816 	inf     	0.51756 	
0.33651	0         	0.21419 	0.32740 	inf     	0.51663 	
0.33751	0         	0.21388 	0.32658 	inf     	0.51573 	
0.33851	0         	0.21340 	0.32575 	inf     	0.51480 	
0.33951	0         	0.21340 	0.32519 	inf     	0.51390 	
0.34050	0         	0.21340 	0.32447 	inf     	0.51298 	
0.34150	0         	0.21340 	0.32381 	inf     	0.51205 	
0.34250	0         	0.21285 	0.32311 	inf     	0.51111 	
0.34350	0         	0.21231 	0.32224 	inf     	0.51020 	
0.34450	0         	0.21215 	0.32154 	inf     	0.50928 	
0.34550	0         	0.21215 	0.32089 	inf     	0.50834 	
0.34650	0         	0.21215 	0.32019 	inf     	0.50739 	
0.34749	0         	0.21215 	0.31959 	inf     	0.50646 	
0.34849	0         	0.21191 	0.31893 	inf     	0.50553 	
0.34949	0         	0.21191 	0.31838 	inf     	0.50459 	
0.35049	0         	0.21191 	0.31773 	inf     	0.50365 	
0.35149	0         	0.21191 	0.31714 	inf     	0.50269 	
0.35249	0         	0.21191 	0.31655 	inf     	0.50173 	
0.35349	0         	0.21191 	0.31598 	inf     	0.50076 	
0.35448	0         	0.21191 	0.31538 	inf     	0.49979 	
0.35548	0         	0.21191 	0.31464 	inf     	0.49881 	
0.35648	0         	0.21042 	0.31362 	inf     	0.49783 	
0.35748	0         	0.20720 	0.31217 	inf     	0.49679 	
0.35848	0         	0.20720 	0.31148 	inf     	0.49581 	
0.35948	0         	0.20720 	0.31088 	inf     	0.49482 	
0.36048	0         	0.20547 	0.30985 	inf     	0.49384 	
0.36147	0         	0.20547 	0.30918 	inf     	0.49287 	
0.36247	0         	0.20547 	0.30862 	inf     	0.49187 	
0.36347	0         	0.20547 	0.30795 	inf     	0.49087 	
0.36447	0         	0.20547 	0.30725 	inf     	0.48986 	
0.36547	0         	0.20547 	0.30665 	inf     	0.48887 	
0.36647	0         	0.20547 	0.30607 	inf     	0.48787 	
0.36746	0         	0.20453 	0.30514 	inf     	0.48684 	
0.36846	0         	0.20445 	0.30445 	inf     	0.48582 	
0.36946	0         	0.20445 	0.30390 	inf     	0.48480 	
0.37046	0         	0.20445 	0.30326 	inf     	0.48377 	
0.37146	0         	0.20445 	0.30245 	inf     	0.48281 	
0.37246	0         	0.20445 	0.30181 	inf     	0.48178 	
0.37346	0         	0.19966 	0.29988 	inf     	0.48068 	
0.37445	0         	0.19966 	0.29927 	inf     	0.47965 	
0.37545	0         	0.19802 	0.29823 	inf     	0.47860 	
0.37645	0         	0.19802 	0.29727 	inf     	0.47753 	
0.37745	0         	0.19802 	0.29663 	inf     	0.47649 	
0.37845	0         	0.19802 	0.29595 	inf     	0.47559 	
0.37945	0         	0.19802 	0.29537 	inf     	0.47481 	
0.38045	0         	0.19802 	0.29466 	inf     	0.47387 	
0.38144	0         	0.19802 	0.29388 	inf     	0.47288 	
0.38244	0         	0.19802 	0.29308 	inf     	0.47184 	
0.38344	0         	0.19802 	0.29240 	inf     	0.47078 	
0.38444	0         	0.19802 	0.29157 	inf     	0.46971 	
0.38544	0         	0.19244 	0.28946 	inf     	0.46880 	
0.38644	0         	0.19221 	0.28886 	inf     	0.46783 	
0.38744	0         	0.19221 	0.28813 	inf     	0.46676 	
0.38843	0         	0.19221 	0.28737 	inf     	0.46569 	
0.38943	0         	0.19221 	0.28663 	inf     	0.46461 	
0.39043	0         	0.19181 	0.28586 	inf     	0.46364 	
0.39143	0         	0.19181 	0.28514 	inf     	0.46257 	
0.39243	0         	0.19181 	0.28452 	inf     	0.46149 	
0.39343	0         	0.19181 	0.28361 	inf     	0.46044 	
0.39443	0         	0.19181 	0.28300 	inf     	0.45936 	
0.39542	0         	0.19173 	0.28236 	inf     	0.45827 	
0.39642	0         	0.19173 	0.28169 	inf     	0.45717 	
0.39742	0         	0.19173 	0.28102 	inf     	0.45607 	
0.39842	0         	0.19173 	0.28043 	inf     	0.45497 	
0.39942	0         	0.19158 	0.27978 	inf     	0.45386 	
0.40042	0         	0.19158 	0.27889 	inf     	0.45274 	
0.40141	0         	0.19158 	0.27818 	inf     	0.45164 	
0.40241	0         	0.19150 	0.27752 	inf     	0.45053 	
0.40341	0         	0.19150 	0.27684 	inf     	0.44942 	
0.40441	0         	0.19142 	0.27601 	inf     	0.44836 	
0.40541	0         	0.19142 	0.27537 	inf     	0.44723 	
0.40641	0         	0.19134 	0.27467 	inf     	0.44610 	
0.40741	0         	0.19066 	0.27396 	inf     	0.44497 	
0.40840	0         	0.19017 	0.27329 	inf     	0.44384 	
0.40940	0         	0.18890 	0.27243 	inf     	0.44270 	
0.41040	0         	0.18862 	0.27183 	inf     	0.44156 	
0.41140	0         	0.18770 	0.27070 	inf     	0.44041 	
0.41240	0         	0.18714 	0.27001 	inf     	0.43926 	
0.41340	0         	0.18693 	0.26940 	inf     	0.43811 	
0.41440	0         	0.18650 	0.26871 	inf     	0.43695 	
0.41539	0         	0.18208 	0.26606 	inf     	0.43573 	
0.41639	0         	0.17399 	0.26285 	inf     	0.43439 	
0.41739	0         	0.17399 	0.26214 	inf     	0.43323 	
0.41839	0         	0.17399 	0.26136 	inf     	0.43206 	
0.41939	0         	0.17344 	0.26045 	inf     	0.43088 	
0.42039	0         	0.17344 	0.25980 	inf     	0.42971 	
0.42139	0         	0.17344 	0.25912 	inf     	0.42853 	
0.42238	0         	0.17344 	0.25829 	inf     	0.42734 	
0.42338	0         	0.17344 	0.25758 	inf     	0.42615 	
0.42438	0         	0.17344 	0.25682 	inf     	0.42496 	
0.42538	0         	0.17344 	0.25621 	inf     	0.42376 	
0.42638	0         	0.17344 	0.25553 	inf     	0.42256 	
0.42738	0         	0.17344 	0.25482 	inf     	0.42136 	
0.42837	0         	0.17344 	0.25408 	inf     	0.42014 	
0.42937	0         	0.17336 	0.25336 	inf     	0.41894 	
0.43037	0         	0.17336 	0.25263 	inf     	0.41772 	
0.43137	0         	0.17336 	0.25197 	inf     	0.41649 	
0.43237	0         	0.17317 	0.25128 	inf     	0.41527 	
0.43337	0         	0.17296 	0.25066 	inf     	0.41403 	
0.43437	0         	0.17218 	0.24989 	inf     	0.41282 	
0.43536	0         	0.17127 	0.24911 	inf     	0.41162 	
0.43636	0         	0.17070 	0.24840 	inf     	0.41038 	
0.43736	0         	0.16993 	0.24755 	inf     	0.40913 	
0.43836	0         	0.16901 	0.24605 	inf     	0.40788 	
0.43936	0         	0.16823 	0.24530 	inf     	0.40663 	
0.44036	0         	0.16795 	0.24463 	inf     	0.40537 	
0.44136	0         	0.16739 	0.24389 	inf     	0.40410 	
0.44235	0         	0.16710 	0.24325 	inf     	0.40286 	
0.44335	0         	0.16619 	0.24244 	inf     	0.40157 	
0.44435	0         	0.16569 	0.24174 	inf     	0.40029 	
0.44535	0         	0.16520 	0.24104 	inf     	0.39901 	
0.44635	0         	0.16492 	0.24037 	inf     	0.39773 	
0.44735	0         	0.16478 	0.23974 	inf     	0.39643 	
0.44835	0         	0.16365 	0.23888 	inf     	0.39513 	
0.44934	0         	0.16280 	0.23809 	inf     	0.39383 	
0.45034	0         	0.16202 	0.23731 	inf     	0.39251 	
0.45134	0         	0.16146 	0.23658 	inf     	0.39120 	
0.45234	0         	0.16104 	0.23588 	inf     	0.38989 	
0.45334	0         	0.16097 	0.23527 	inf     	0.38857 	
0.45434	0         	0.16019 	0.23459 	inf     	0.38771 	
0.45533	0         	0.15970 	0.23280 	inf     	0.38647 	
0.45633	0         	0.15920 	0.23186 	inf     	0.38528 	
0.45733	0         	0.15878 	0.23117 	inf     	0.38404 	
0.45833	0         	0.15850 	0.23051 	inf     	0.38271 	
0.45933	0         	0.15822 	0.22985 	inf     	0.38138 	
0.46033	0         	0.15468 	0.22643 	inf     	0.37976 	
0.46133	0         	0.15138 	0.22474 	inf     	0.37830 	
0.46232	0         	0.15138 	0.22386 	inf     	0.37695 	
0.46332	0         	0.15138 	0.22308 	inf     	0.37560 	
0.46432	0         	0.15138 	0.22224 	inf     	0.37424 	
0.46532	0         	0.15138 	0.22148 	inf     	0.37291 	
0.46632	0         	0.15138 	0.22074 	inf     	0.37161 	
0.46732	0         	0.15116 	0.21996 	inf     	0.37024 	
0.46832	0         	0.15053 	0.21918 	inf     	0.36899 	
0.46931	0         	0.14975 	0.21836 	inf     	0.36773 	
0.47031	0         	0.14919 	0.21749 	inf     	0.36637 	
0.47131	0         	0.14792 	0.21659 	inf     	0.36499 	
0.47231	0         	0.14756 	0.21590 	inf     	0.36365 	
0.47331	0         	0.14651 	0.21503 	inf     	0.36226 	
0.47431	0         	0.14559 	0.21392 	inf     	0.36087 	
0.47531	0         	0.14495 	0.21257 	inf     	0.35950 	
0.47630	0         	0.14432 	0.21182 	inf     	0.35811 	
0.47730	0         	0.14340 	0.21100 	inf     	0.35672 	
0.47830	0         	0.14305 	0.21029 	inf     	0.35532 	
0.47930	0         	0.14220 	0.20948 	inf     	0.35392 	
0.48030	0         	0.14213 	0.20885 	inf     	0.35251 	
0.48130	0         	0.14079 	0.20790 	inf     	0.35110 	
0.48229	0         	0.14051 	0.20722 	inf     	0.34968 	
0.48329	0         	0.14009 	0.20651 	inf     	0.34829 	
0.48429	0         	0.13966 	0.20579 	inf     	0.34686 	
0.48529	0         	0.13945 	0.20511 	inf     	0.34543 	
0.48629	0         	0.13769 	0.20407 	inf     	0.34397 	
0.48729	0         	0.13726 	0.20331 	inf     	0.34259 	
0.48829	0         	0.13663 	0.20254 	inf     	0.34115 	
0.48928	0         	0.13642 	0.20188 	inf     	0.33972 	
0.49028	0         	0.13578 	0.20114 	inf     	0.33836 	
0.49128	0         	0.13515 	0.20017 	inf     	0.33694 	
0.49228	0         	0.13472 	0.19946 	inf     	0.33556 	
0.49328	0         	0.13451 	0.19878 	inf     	0.33410 	
0.49428	0         	0.13388 	0.19801 	inf     	0.33264 	
0.49528	0         	0.13324 	0.19706 	inf     	0.33115 	
0.49627	0         	0.13233 	0.19620 	inf     	0.32969 	
0.49727	0         	0.13190 	0.19547 	inf     	0.32824 	
0.49827	0         	0.13169 	0.19472 	inf     	0.32677 	
0.49927	0         	0.13120 	0.19397 	inf     	0.32528 	
0.50027	0         	0.13077 	0.19323 	inf     	0.32378 	
0.50127	0         	0.13007 	0.19233 	inf     	0.32229 	
0.50227	0         	0.12936 	0.19152 	inf     	0.32078 	
0.50326	0         	0.12880 	0.19054 	inf     	0.31928 	
0.50426	0         	0.12838 	0.18983 	inf     	0.31789 	
0.50526	0         	0.12831 	0.18919 	inf     	0.31648 	
0.50626	0         	0.12753 	0.18836 	inf     	0.31495 	
0.50726	0         	0.12682 	0.18743 	inf     	0.31342 	
0.50826	0         	0.12591 	0.18656 	inf     	0.31188 	
0.50925	0         	0.12527 	0.18558 	inf     	0.31033 	
0.51025	0         	0.12485 	0.18483 	inf     	0.30878 	
0.51125	0         	0.12393 	0.18395 	inf     	0.30724 	
0.51225	0         	0.12337 	0.18314 	inf     	0.30568 	
0.51325	0         	0.12301 	0.18239 	inf     	0.30414 	
0.51425	0         	0.12259 	0.18163 	inf     	0.30257 	
0.51525	0         	0.12189 	0.18069 	inf     	0.30099 	
0.51624	0         	0.12118 	0.17986 	inf     	0.29942 	
0.51724	0         	0.12090 	0.17913 	inf     	0.29782 	
0.51824	0         	0.11949 	0.17778 	inf     	0.29623 	
0.51924	0         	0.11850 	0.17692 	inf     	0.29471 	
0.52024	0         	0.11801 	0.17613 	inf     	0.29311 	
0.52124	0         	0.11688 	0.17434 	inf     	0.29149 	
0.52224	0         	0.11561 	0.17320 	inf     	0.28986 	
0.52323	0         	0.11519 	0.17242 	inf     	0.28825 	
0.52423	0         	0.11455 	0.17163 	inf     	0.28672 	
0.52523	0         	0.11392 	0.17079 	inf     	0.28509 	
0.52623	0         	0.11314 	0.16993 	inf     	0.28345 	
0.52723	0         	0.11215 	0.16903 	inf     	0.28184 	
0.52823	0         	0.11159 	0.16821 	inf     	0.28019 	
0.52923	0         	0.11067 	0.16725 	inf     	0.27853 	
0.53022	0         	0.10961 	0.16614 	inf     	0.27692 	
0.53122	0         	0.10834 	0.16514 	inf     	0.27528 	
0.53222	0         	0.10792 	0.16433 	inf     	0.27364 	
0.53322	0         	0.10736 	0.16351 	inf     	0.27196 	
0.53422	0         	0.10665 	0.16266 	inf     	0.27028 	
0.53522	0         	0.10595 	0.16182 	inf     	0.26867 	
0.53621	0         	0.10496 	0.16090 	inf     	0.26699 	
0.53721	0         	0.10439 	0.16006 	inf     	0.26531 	
0.53821	0         	0.10376 	0.15916 	inf     	0.26360 	
0.53921	0         	0.10327 	0.15836 	inf     	0.26191 	
0.54021	0         	0.10263 	0.15750 	inf     	0.26020 	
0.54121	0         	0.10193 	0.15659 	inf     	0.25848 	
0.54221	0         	0.10178 	0.15587 	inf     	0.25678 	
0.54320	0         	0.10080 	0.15492 	inf     	0.25505 	
0.54420	0         	0.09995 	0.15388 	inf     	0.25331 	
0.54520	0         	0.09910 	0.15156 	inf     	0.25142 	
0.54620	0         	0.09840 	0.15033 	inf     	0.24968 	
0.54720	0         	0.09769 	0.14945 	inf     	0.24794 	
0.54820	0         	0.09678 	0.14853 	inf     	0.24617 	
0.54920	0         	0.09572 	0.14759 	inf     	0.24450 	
0.55019	0         	0.09551 	0.14684 	inf     	0.24278 	
0.55119	0         	0.09332 	0.14566 	inf     	0.24113 	
0.55219	0         	0.09261 	0.14432 	inf     	0.23931 	
0.55319	0         	0.09191 	0.14283 	inf     	0.23745 	
0.55419	0         	0.09142 	0.14130 	inf     	0.23558 	
0.55519	0         	0.08958 	0.14015 	inf     	0.23381 	
0.55619	0         	0.08930 	0.13941 	inf     	0.23210 	
0.55718	0         	0.08866 	0.13856 	inf     	0.23032 	
0.55818	0         	0.08824 	0.13774 	inf     	0.22854 	
0.55918	0         	0.08761 	0.13685 	inf     	0.22672 	
0.56018	0         	0.08697 	0.13533 	inf     	0.22488 	
0.56118	0         	0.08613 	0.13443 	inf     	0.22311 	
0.56218	0         	0.08521 	0.13350 	inf     	0.22130 	
0.56317	0         	0.08436 	0.13261 	inf     	0.21961 	
0.56417	0         	0.08359 	0.13170 	inf     	0.21780 	
0.56517	0         	0.08309 	0.13086 	inf     	0.21596 	
0.56617	0         	0.08239 	0.12996 	inf     	0.21410 	
0.56717	0         	0.08119 	0.12893 	inf     	0.21225 	
0.56817	0         	0.08041 	0.12787 	inf     	0.21037 	
0.56917	0         	0.07942 	0.12343 	inf     	0.20876 	
0.57016	0         	0.07893 	0.12054 	inf     	0.20694 	
0.57116	0         	0.07851 	0.11970 	inf     	0.20509 	
0.57216	0         	0.07773 	0.11876 	inf     	0.20320 	
0.57316	0         	0.07696 	0.11783 	inf     	0.20133 	
0.57416	0         	0.07625 	0.11688 	inf     	0.19946 	
0.57516	0         	0.07562 	0.11599 	inf     	0.19757 	
0.57616	0         	0.07491 	0.11497 	inf     	0.19565 	
0.57715	0         	0.07470 	0.11419 	inf     	0.19381 	
0.57815	0         	0.07456 	0.11342 	inf     	0.19189 	
0.57915	0         	0.07343 	0.11239 	inf     	0.19001 	
0.58015	0         	0.07223 	0.11141 	inf     	0.18827 	
0.58115	0         	0.07152 	0.11050 	inf     	0.18640 	
0.58215	0         	0.07075 	0.10959 	inf     	0.18461 	
0.58315	0         	0.07011 	0.10869 	inf     	0.18273 	
0.58414	0         	0.06941 	0.10749 	inf     	0.18073 	
0.58514	0         	0.06891 	0.10662 	inf     	0.17878 	
0.58614	0         	0.06821 	0.10568 	inf     	0.17682 	
0.58714	0         	0.06786 	0.10466 	inf     	0.17484 	
0.58814	0         	0.06729 	0.10376 	inf     	0.17290 	
0.58914	0         	0.06638 	0.10278 	inf     	0.17091 	
0.59013	0         	0.06532 	0.10176 	inf     	0.16895 	
0.59113	0         	0.06489 	0.10090 	inf     	0.16699 	
0.59213	0         	0.06398 	0.09971 	inf     	0.16502 	
0.59313	0         	0.06264 	0.09863 	inf     	0.16303 	
0.59413	0         	0.06243 	0.09779 	inf     	0.16102 	
0.59513	0         	0.06193 	0.09690 	inf     	0.15901 	
0.59613	0         	0.06165 	0.09607 	inf     	0.15699 	
0.59712	0         	0.06116 	0.09517 	inf     	0.15493 	
0.59812	0         	0.06052 	0.09423 	inf     	0.15291 	
0.59912	0         	0.05925 	0.09277 	inf     	0.15086 	
0.60012	0         	0.05848 	0.09181 	inf     	0.14881 	
0.60112	0         	0.05770 	0.09079 	inf     	0.14672 	
0.60212	0         	0.05721 	0.08989 	inf     	0.14465 	
0.60312	0         	0.05502 	0.08850 	inf     	0.14257 	
0.60411	0         	0.05438 	0.08752 	inf     	0.14050 	
0.60511	0         	0.05396 	0.08662 	inf     	0.13838 	
0.60611	0         	0.05304 	0.08560 	inf     	0.13626 	
0.60711	0         	0.05255 	0.08469 	inf     	0.13414 	
0.60811	0         	0.05220 	0.08382 	inf     	0.13203 	
0.60911	0         	0.05156 	0.08274 	inf     	0.12992 	
0.61011	0         	0.05065 	0.08166 	inf     	0.12777 	
0.61110	0         	0.04980 	0.08066 	inf     	0.12560 	
0.61210	0         	0.04945 	0.07977 	inf     	0.12343 	
0.61310	0         	0.04895 	0.07848 	inf     	0.12123 	
0.61410	0         	0.04874 	0.07812 	inf     	0.12037 	
0.61510	0         	0.04860 	0.07787 	inf     	0.11989 	
0.61610	0         	0.04825 	0.07760 	inf     	0.11936 	
0.61709	0         	0.04804 	0.07735 	inf     	0.11886 	
0.61809	0         	0.04797 	0.07711 	inf     	0.11837 	
0.61909	0         	0.04782 	0.07685 	inf     	0.11775 	
0.62009	0         	0.04747 	0.07655 	inf     	0.11717 	
0.62109	0         	0.04726 	0.07630 	inf     	0.11663 	
0.62209	0         	0.04719 	0.07607 	inf     	0.11606 	
0.62309	0         	0.04698 	0.07575 	inf     	0.11546 	
0.62408	0         	0.04677 	0.07548 	inf     	0.11485 	
0.62508	0         	0.04641 	0.07518 	inf     	0.11424 	
0.62608	0         	0.04620 	0.07493 	inf     	0.11373 	
0.62708	0         	0.04599 	0.07465 	inf     	0.11313 	
0.62808	0         	0.04585 	0.07430 	inf     	0.11259 	
0.62908	0         	0.04585 	0.07412 	inf     	0.11211 	
0.63008	0         	0.04571 	0.07379 	inf     	0.11131 	
0.63107	0         	0.04472 	0.07330 	inf     	0.11062 	
0.63207	0         	0.04416 	0.07246 	inf     	0.10969 	
0.63307	0         	0.04394 	0.07179 	inf     	0.10809 	
0.63407	0         	0.04394 	0.07177 	inf     	0.10805 	
0.63507	0         	0.04380 	0.07150 	inf     	0.10742 	
0.63607	0         	0.04359 	0.07119 	inf     	0.10678 	
0.63707	0         	0.04359 	0.07097 	inf     	0.10618 	
0.63806	0         	0.04352 	0.07070 	inf     	0.10550 	
0.63906	0         	0.04345 	0.07045 	inf     	0.10488 	
0.64006	0         	0.04310 	0.07013 	inf     	0.10423 	
0.64106	0         	0.04296 	0.06979 	inf     	0.10368 	
0.64206	0         	0.04267 	0.06948 	inf     	0.10307 	
0.64306	0         	0.04260 	0.06925 	inf     	0.10250 	
0.64405	0         	0.04239 	0.06885 	inf     	0.10182 	
0.64505	0         	0.04232 	0.06862 	inf     	0.10123 	
0.64605	0         	0.04211 	0.06825 	inf     	0.10043 	
0.64705	0         	0.04211 	0.06804 	inf     	0.09986 	
0.64805	0         	0.04204 	0.06779 	inf     	0.09923 	
0.64905	0         	0.04190 	0.06751 	inf     	0.09861 	
0.65005	0         	0.04183 	0.06724 	inf     	0.09805 	
0.65104	0         	0.04162 	0.06695 	inf     	0.09739 	
0.65204	0         	0.04162 	0.06670 	inf     	0.09672 	
0.65304	0         	0.04112 	0.06630 	inf     	0.09602 	
0.65404	0         	0.04056 	0.06588 	inf     	0.09538 	
0.65504	0         	0.04049 	0.06563 	inf     	0.09472 	
0.65604	0         	0.04042 	0.06536 	inf     	0.09409 	
0.65704	0         	0.04042 	0.06510 	inf     	0.09338 	
0.65803	0         	0.03901 	0.06437 	inf     	0.09229 	
0.65903	0         	0.03872 	0.06410 	inf     	0.09172 	
0.66003	0         	0.03837 	0.06368 	inf     	0.09082 	
0.66103	0         	0.03795 	0.06321 	inf     	0.09008 	
0.66203	0         	0.03788 	0.06290 	inf     	0.08932 	
0.66303	0         	0.03760 	0.06255 	inf     	0.08852 	
0.66403	0         	0.03717 	0.06217 	inf     	0.08777 	
0.66502	0         	0.03696 	0.06183 	inf     	0.08702 	
0.66602	0         	0.03682 	0.06155 	inf     	0.08634 	
0.66702	0         	0.03654 	0.06119 	inf     	0.08562 	
0.66802	0         	0.03647 	0.06088 	inf     	0.08491 	
0.66902	0         	0.03604 	0.06051 	inf     	0.08435 	
0.67002	0         	0.03590 	0.06016 	inf     	0.08381 	
0.67101	0         	0.03562 	0.05982 	inf     	0.08305 	
0.67201	0         	0.03562 	0.05956 	inf     	0.08238 	
0.67301	0         	0.03513 	0.05916 	inf     	0.08162 	
0.67401	0         	0.03499 	0.05886 	inf     	0.08103 	
0.67501	0         	0.03499 	0.05875 	inf     	0.08103 	
0.67601	0         	0.03414 	0.05823 	inf     	0.08103 	
0.67701	0         	0.03386 	0.05786 	inf     	0.08095 	
0.67800	0         	0.03372 	0.05756 	inf     	0.08095 	
0.67900	0         	0.03350 	0.05724 	inf     	0.08095 	
0.68000	0         	0.03329 	0.05692 	inf     	0.08087 	
0.68100	0         	0.03301 	0.05658 	inf     	0.08079 	
0.68200	0         	0.03266 	0.05624 	inf     	0.08079 	
0.68300	0         	0.03259 	0.05598 	inf     	0.08079 	
0.68400	0         	0.03188 	0.05553 	inf     	0.08079 	
0.68499	0         	0.03139 	0.05348 	inf     	0.07561 	
0.68599	0         	0.03132 	0.05331 	inf     	0.07553 	
0.68699	0         	0.03075 	0.05289 	inf     	0.07553 	
0.68799	0         	0.03019 	0.05247 	inf     	0.07553 	
0.68899	0         	0.03012 	0.05217 	inf     	0.07553 	
0.68999	0         	0.03005 	0.05190 	inf     	0.07553 	
0.69099	0         	0.03005 	0.05162 	inf     	0.07553 	
0.69198	0         	0.02991 	0.05131 	inf     	0.07553 	
0.69298	0         	0.02984 	0.05101 	inf     	0.07553 	
0.69398	0         	0.02977 	0.05071 	inf     	0.07546 	
0.69498	0         	0.02970 	0.05042 	inf     	0.07546 	
0.69598	0         	0.02970 	0.05036 	inf     	0.07546 	
0.69698	0         	0.02934 	0.04993 	inf     	0.07546 	
0.69797	0         	0.02878 	0.04941 	inf     	0.07514 	
0.69897	0         	0.02878 	0.04915 	inf     	0.07514 	
0.69997	0         	0.02836 	0.04877 	inf     	0.07514 	
0.70097	0         	0.02821 	0.04819 	inf     	0.07412 	
0.70197	0         	0.02807 	0.04782 	inf     	0.07373 	
0.70297	0         	0.02772 	0.04749 	inf     	0.07373 	
0.70397	0         	0.02772 	0.04634 	inf     	0.07027 	
0.70496	0         	0.02772 	0.04611 	inf     	0.07027 	
0.70596	0         	0.02744 	0.04580 	inf     	0.07027 	
0.70696	0         	0.02737 	0.04549 	inf     	0.07027 	
0.70796	0         	0.02680 	0.04510 	inf     	0.07027 	
0.70896	0         	0.02680 	0.04488 	inf     	0.07027 	
0.70996	0         	0.02680 	0.04462 	inf     	0.07019 	
0.71096	0         	0.02654 	0.04439 	inf     	0.07019 	
0.71195	0         	0.02624 	0.04407 	inf     	0.07019 	
0.71295	0         	0.02597 	0.04373 	inf     	0.06980 	
0.71395	0         	0.02567 	0.04347 	inf     	0.06980 	
0.71495	0         	0.02540 	0.04307 	inf     	0.06980 	
0.71595	0         	0.02513 	0.04268 	inf     	0.06980 	
0.71695	0         	0.02478 	0.04240 	inf     	0.06980 	
0.71795	0         	0.02448 	0.04205 	inf     	0.06980 	
0.71894	0         	0.02417 	0.04172 	inf     	0.06980 	
0.71994	0         	0.02388 	0.04136 	inf     	0.06972 	
0.72094	0         	0.02361 	0.04108 	inf     	0.06972 	
0.72194	0         	0.02323 	0.04073 	-0.00075	0.06972 	
0.72294	0         	0.02294 	0.04046 	-0.00133	0.06957 	
0.72394	0         	0.02265 	0.04018 	-0.00192	0.06957 	
0.72493	0         	0.02237 	0.03994 	-0.00260	0.06957 	
0.72593	0         	0.02208 	0.03964 	-0.00319	0.06957 	
0.72693	0         	0.02183 	0.03932 	-0.00371	0.06957 	
0.72793	0         	0.02160 	0.03891 	-0.00408	0.06957 	
0.72893	0         	0.02132 	0.03862 	-0.00472	0.06957 	
0.72993	0         	0.02107 	0.03828 	-0.00516	0.06925 	
0.73093	0         	0.02080 	0.03802 	-0.00570	0.06910 	
0.73192	0         	0.02053 	0.03777 	-0.00630	0.06910 	
0.73292	0         	0.02030 	0.03755 	-0.00687	0.06910 	
0.73392	0         	0.02004 	0.03723 	-0.00734	0.06910 	
0.73492	0         	0.01981 	0.03695 	-0.00783	0.06910 	
0.73592	0         	0.01958 	0.03670 	-0.00838	0.06910 	
0.73692	0         	0.01931 	0.03637 	-0.00874	0.06870 	
0.73792	0         	0.01899 	0.03593 	-0.00942	0.06870 	
0.73891	0         	0.01871 	0.03567 	-0.01009	0.06870 	
0.73991	0         	0.01842 	0.03539 	-0.01070	0.06870 	
0.74091	0         	0.01811 	0.03501 	-0.01127	0.06870 	
0.74191	0         	0.01788 	0.03471 	-0.01155	0.06831 	
0.74291	0         	0.01765 	0.03450 	-0.01208	0.06831 	
0.74391	0         	0.01739 	0.03425 	-0.01271	0.06831 	
0.74491	0         	0.01714 	0.03400 	-0.01335	0.06831 	
0.74590	0         	0.01683 	0.03332 	-0.01286	0.06674 	
0.74690	0         	0.01668 	0.03317 	-0.01330	0.06674 	
0.74790	0         	0.01646 	0.03286 	-0.01366	0.06650 	
0.74890	0         	0.01626 	0.03268 	-0.01417	0.06650 	
0.74990	0         	0.01602 	0.03245 	-0.01477	0.06650 	
0.75090	0         	0.01582 	0.03223 	-0.01524	0.06650 	
0.75189	0         	0.01565 	0.03205 	-0.01579	0.06650 	
0.75289	0         	0.01553 	0.03192 	-0.01605	0.06650 	
0.75389	0         	0.01534 	0.03163 	-0.01608	0.06588 	
0.75489	0         	0.01519 	0.03149 	-0.01650	0.06588 	
0.75589	0         	0.01501 	0.03132 	-0.01691	0.06588 	
0.75689	0         	0.01488 	0.03120 	-0.01727	0.06588 	
0.75789	0         	0.01473 	0.03099 	-0.01739	0.06580 	
0.75888	0         	0.01459 	0.03084 	-0.01774	0.06580 	
0.75988	0         	0.01444 	0.03070 	-0.01805	0.06580 	
0.76088	0         	0.01423 	0.03054 	-0.01849	0.06580 	
0.76188	0         	0.01410 	0.03042 	-0.01882	0.06580 	
0.76288	0         	0.01389 	0.03009 	-0.01880	0.06525 	
0.76388	0         	0.01377 	0.02993 	-0.01897	0.06501 	
0.76488	0         	0.01366 	0.02982 	-0.01928	0.06501 	
0.76587	0         	0.01356 	0.02974 	-0.01953	0.06501 	
0.76687	0         	0.01341 	0.02961 	-0.01988	0.06501 	
0.76787	0         	0.01327 	0.02950 	-0.02017	0.06501 	
0.76887	0         	0.01320 	0.02941 	-0.02036	0.06501 	
0.76987	0         	0.01305 	0.02920 	-0.02038	0.06462 	
0.77087	0         	0.01273 	0.02698 	-0.01684	0.05873 	
0.77187	0         	0.01218 	0.02326 	-0.01064	0.04852 	
0.77286	0         	0.01205 	0.02308 	-0.01066	0.04813 	
0.77386	0         	0.01160 	0.02269 	-0.01083	0.04813 	
0.77486	0         	0.01057 	0.02195 	-0.01126	0.04813 	
0.77586	0         	0.00966 	0.02136 	-0.01064	0.04750 	
0.77686	0         	0.00952 	0.02112 	-0.01077	0.04719 	
0.77786	0         	0.00952 	0.02106 	-0.01093	0.04719 	
0.77886	0         	0.00945 	0.02080 	-0.01097	0.04672 	
0.77985	0         	0.00797 	0.01803 	-0.00659	0.03832 	
0.78085	0         	0.00797 	0.01795 	-0.00668	0.03824 	
0.78185	0         	0.00797 	0.01790 	-0.00685	0.03824 	
0.78285	0         	0.00797 	0.01776 	-0.00701	0.03808 	
0.78385	0         	0.00790 	0.01769 	-0.00714	0.03808 	
0.78485	0         	0.00783 	0.01723 	-0.00665	0.03675 	
0.78584	0         	0.00769 	0.01715 	-0.00673	0.03675 	
0.78684	0         	0.00769 	0.01708 	-0.00692	0.03675 	
0.78784	0         	0.00748 	0.01694 	-0.00695	0.03667 	
0.78884	0         	0.00748 	0.01694 	-0.00695	0.03667 	
0.78984	0         	0.00734 	0.01682 	-0.00714	0.03667 	
0.79084	0         	0.00734 	0.01673 	-0.00720	0.03651 	
0.79184	0         	0.00734 	0.01669 	-0.00731	0.03651 	
0.79283	0         	0.00727 	0.01661 	-0.00744	0.03651 	
0.79383	0         	0.00656 	0.01208 	-0.00111	0.02151 	
0.79483	0         	0.00635 	0.01085 	inf     	0.01790 	
0.79583	0         	0.00635 	0.01078 	inf     	0.01767 	
0.79683	0         	0.00635 	0.01075 	inf     	0.01767 	
0.79783	0         	0.00621 	0.01063 	-0.00003	0.01767 	
0.79883	0         	0.00571 	0.01040 	-0.00005	0.01767 	
0.79982	0         	0.00571 	0.01035 	-0.00016	0.01767 	
0.80082	0         	0.00564 	0.01031 	-0.00020	0.01767 	
0.80182	0         	0.00557 	0.01026 	-0.00026	0.01767 	
0.80282	0         	0.00543 	0.01013 	-0.00042	0.01767 	
0.80382	0         	0.00543 	0.01009 	-0.00053	0.01767 	
0.80482	0         	0.00543 	0.01006 	-0.00061	0.01767 	
0.80582	0         	0.00543 	0.01004 	-0.00066	0.01767 	
0.80681	0         	0.00543 	0.01000 	-0.00076	0.01767 	
0.80781	0         	0.00536 	0.00996 	-0.00078	0.01767 	
0.80881	0         	0.00536 	0.00993 	-0.00087	0.01767 	
0.80981	0         	0.00536 	0.00990 	-0.00094	0.01767 	
0.81081	0         	0.00536 	0.00979 	-0.00096	0.01743 	
0.81181	0         	0.00536 	0.00979 	-0.00098	0.01743 	
0.81280	0         	0.00529 	0.00974 	-0.00101	0.01743 	
0.81380	0         	0.00529 	0.00968 	-0.00107	0.01735 	
0.81480	0         	0.00501 	0.00944 	-0.00092	0.01696 	
0.81580	0         	0.00494 	0.00935 	-0.00107	0.01696 	
0.81680	0         	0.00494 	0.00931 	-0.00116	0.01696 	
0.81780	0         	0.00494 	0.00902 	-0.00072	0.01594 	
0.81880	0         	0.00494 	0.00899 	-0.00082	0.01594 	
0.81979	0         	0.00494 	0.00897 	-0.00088	0.01594 	
0.82079	0         	0.00494 	0.00893 	-0.00098	0.01594 	
0.82179	0         	0.00494 	0.00890 	-0.00108	0.01594 	
0.82279	0         	0.00480 	0.00881 	-0.00117	0.01594 	
0.82379	0         	0.00480 	0.00876 	-0.00131	0.01594 	
0.82479	0         	0.00480 	0.00874 	-0.00136	0.01594 	
0.82579	0         	0.00473 	0.00869 	-0.00141	0.01594 	
0.82678	0         	0.00473 	0.00866 	-0.00148	0.01594 	
0.82778	0         	0.00473 	0.00863 	-0.00156	0.01594 	
0.82878	0         	0.00473 	0.00856 	-0.00154	0.01578 	
0.82978	0         	0.00473 	0.00856 	-0.00156	0.01578 	
0.83078	0         	0.00473 	0.00856 	-0.00156	0.01578 	
0.83178	0         	0.00473 	0.00856 	-0.00156	0.01578 	
0.83278	0         	0.00473 	0.00825 	-0.00115	0.01476 	
0.83377	0         	0.00473 	0.00824 	-0.00117	0.01476 	
0.83477	0         	0.00473 	0.00823 	-0.00119	0.01476 	
0.83577	0         	0.00466 	0.00816 	-0.00128	0.01476 	
0.83677	0         	0.00458 	0.00805 	-0.00142	0.01476 	
0.83777	0         	0.00453 	0.00791 	-0.00131	0.01437 	
0.83877	0         	0.00437 	0.00779 	-0.00112	0.01413 	
0.83976	0         	0.00423 	0.00760 	-0.00090	0.01366 	
0.84076	0         	0.00423 	0.00755 	-0.00100	0.01366 	
0.84176	0         	0.00423 	0.00754 	-0.00102	0.01366 	
0.84276	0         	0.00423 	0.00749 	-0.00097	0.01351 	
0.84376	0         	0.00423 	0.00749 	-0.00098	0.01351 	
0.84476	0         	0.00423 	0.00730 	-0.00073	0.01288 	
0.84576	0         	0.00416 	0.00693 	-0.00023	0.01170 	
0.84675	0         	0.00416 	0.00693 	-0.00023	0.01170 	
0.84775	0         	0.00413 	0.00691 	-0.00027	0.01170 	
0.84875	0         	0.00410 	0.00690 	-0.00030	0.01170 	
0.84975	0         	0.00410 	0.00690 	-0.00030	0.01170 	
0.85075	0         	0.00408 	0.00689 	-0.00032	0.01170 	
0.85175	0         	0.00401 	0.00685 	-0.00039	0.01170 	
0.85275	0         	0.00400 	0.00684 	-0.00041	0.01170 	
0.85374	0         	0.00394 	0.00681 	-0.00048	0.01170 	
0.85474	0         	0.00391 	0.00680 	-0.00051	0.01170 	
0.85574	0         	0.00383 	0.00671 	-0.00054	0.01162 	
0.85674	0         	0.00378 	0.00665 	-0.00051	0.01146 	
0.85774	0         	0.00378 	0.00665 	-0.00052	0.01146 	
0.85874	0         	0.00370 	0.00660 	-0.00064	0.01146 	
0.85974	0         	0.00370 	0.00660 	-0.00064	0.01146 	
0.86073	0         	0.00366 	0.00653 	-0.00064	0.01146 	
0.86173	0         	0.00366 	0.00653 	-0.00064	0.01146 	
0.86273	0         	0.00366 	0.00653 	-0.00064	0.01146 	
0.86373	0         	0.00353 	0.00629 	-0.00026	0.01099 	
0.86473	0         	0.00346 	0.00621 	-0.00018	0.01084 	
0.86573	0         	0.00346 	0.00621 	-0.00020	0.01084 	
0.86672	0         	0.00317 	0.00598 	-0.00049	0.01084 	
0.86772	0         	0.00303 	0.00557 	inf     	0.00958 	
0.86872	0         	0.00303 	0.00557 	inf     	0.00958 	
0.86972	0         	0.00303 	0.00556 	inf     	0.00958 	
0.87072	0         	0.00303 	0.00549 	inf     	0.00934 	
0.87172	0         	0.00303 	0.00548 	inf     	0.00934 	
0.87272	0         	0.00303 	0.00547 	inf     	0.00934 	
0.87371	0         	0.00303 	0.00547 	inf     	0.00934 	
0.87471	0         	0.00296 	0.00542 	inf     	0.00927 	
0.87571	0         	0.00296 	0.00541 	inf     	0.00927 	
0.87671	0         	0.00296 	0.00540 	inf     	0.00927 	
0.87771	0         	0.00296 	0.00540 	inf     	0.00927 	
0.87871	0         	0.00296 	0.00540 	inf     	0.00927 	
0.87971	0         	0.00261 	0.00523 	inf     	0.00927 	
0.88070	0         	0.00254 	0.00521 	inf     	0.00927 	
0.88170	0         	0.00254 	0.00520 	inf     	0.00927 	
0.88270	0         	0.00254 	0.00519 	inf     	0.00927 	
0.88370	0         	0.00254 	0.00514 	-0.00001	0.00919 	
0.88470	0         	0.00247 	0.00507 	inf     	0.00903 	
0.88570	0         	0.00247 	0.00504 	-0.00000	0.00903 	
0.88670	0         	0.00247 	0.00504 	-0.00001	0.00903 	
0.88769	0         	0.00240 	0.00498 	-0.00007	0.00903 	
0.88869	0         	0.00240 	0.00498 	-0.00008	0.00903 	
0.88969	0         	0.00240 	0.00494 	-0.00007	0.00895 	
0.89069	0         	0.00240 	0.00494 	-0.00007	0.00895 	
0.89169	0         	0.00240 	0.00494 	-0.00008	0.00895 	
0.89269	0         	0.00240 	0.00492 	-0.00013	0.00895 	
0.89368	0         	0.00240 	0.00472 	inf     	0.00832 	
0.89468	0         	0.00240 	0.00472 	inf     	0.00832 	
0.89568	0         	0.00219 	0.00465 	inf     	0.00832 	
0.89668	0         	0.00219 	0.00465 	inf     	0.00832 	
0.89768	0         	0.00219 	0.00462 	inf     	0.00824 	
0.89868	0         	0.00212 	0.00460 	inf     	0.00824 	
0.89968	0         	0.00198 	0.00415 	inf     	0.00699 	
0.90067	0         	0.00198 	0.00415 	inf     	0.00699 	
0.90167	0         	0.00190 	0.00412 	inf     	0.00699 	
0.90267	0         	0.00190 	0.00412 	inf     	0.00699 	
0.90367	0         	0.00190 	0.00412 	inf     	0.00699 	
0.90467	0         	0.00190 	0.00412 	inf     	0.00699 	
0.90567	0         	0.00190 	0.00401 	inf     	0.00667 	
0.90667	0         	0.00190 	0.00401 	inf     	0.00667 	
0.90766	0         	0.00190 	0.00400 	inf     	0.00667 	
0.90866	0         	0.00162 	0.00385 	inf     	0.00667 	
0.90966	0         	0.00162 	0.00368 	inf     	0.00612 	
0.91066	0         	0.00120 	0.00334 	inf     	0.00612 	
0.91166	0         	0.00120 	0.00333 	inf     	0.00612 	
0.91266	0         	0.00120 	0.00330 	inf     	0.00612 	
0.91366	0         	0.00113 	0.00326 	inf     	0.00612 	
0.91465	0         	0.00106 	0.00317 	inf     	0.00589 	
0.91565	0         	0.00106 	0.00311 	inf     	0.00573 	
0.91665	0         	0.00106 	0.00311 	inf     	0.00573 	
0.91765	0         	0.00106 	0.00271 	inf     	0.00455 	
0.91865	0         	0.00106 	0.00269 	inf     	0.00455 	
0.91965	0         	0.00106 	0.00268 	inf     	0.00455 	
0.92064	0         	0.00106 	0.00212 	inf     	0.00311 	
0.92164	0         	0.00106 	0.00203 	inf     	0.00291 	
0.92264	0         	0.00106 	0.00203 	inf     	0.00291 	
0.92364	0         	0.00099 	0.00199 	inf     	0.00291 	
0.92464	0         	0.00099 	0.00197 	inf     	0.00291 	
0.92564	0         	0.00099 	0.00197 	inf     	0.00291 	
0.92664	0         	0.00092 	0.00192 	inf     	0.00283 	
0.92763	0         	0.00092 	0.00192 	inf     	0.00283 	
0.92863	0         	0.00092 	0.00190 	inf     	0.00283 	
0.92963	0         	0.00092 	0.00188 	inf     	0.00283 	
0.93063	0         	0.00092 	0.00183 	inf     	0.00267 	
0.93163	0         	0.00085 	0.00181 	inf     	0.00267 	
0.93263	0         	0.00085 	0.00179 	inf     	0.00267 	
0.93363	0         	0.00078 	0.00176 	inf     	0.00267 	
0.93462	0         	0.00078 	0.00176 	inf     	0.00267 	
0.93562	0         	0.00078 	0.00175 	inf     	0.00267 	
0.93662	0         	0.00071 	0.00171 	inf     	0.00259 	
0.93762	0         	0.00071 	0.00167 	inf     	0.00251 	
0.93862	0         	0.00071 	0.00165 	inf     	0.00251 	
0.93962	0         	0.00071 	0.00165 	inf     	0.00251 	
0.94062	0         	0.00071 	0.00163 	inf     	0.00251 	
0.94161	0         	0.00071 	0.00163 	inf     	0.00251 	
0.94261	0         	0.00071 	0.00161 	inf     	0.00243 	
0.94361	0         	0.00071 	0.00160 	inf     	0.00243 	
0.94461	0         	0.00071 	0.00158 	inf     	0.00243 	
0.94561	0         	0.00071 	0.00156 	inf     	0.00243 	
0.94661	0         	0.00071 	0.00156 	inf     	0.00243 	
0.94760	0         	0.00063 	0.00154 	inf     	0.00243 	
0.94860	0         	0.00056 	0.00150 	inf     	0.00243 	
0.94960	0         	0.00056 	0.00144 	inf     	0.00243 	
0.95060	0         	0.00056 	0.00126 	inf     	0.00196 	
0.95160	0         	0.00056 	0.00126 	inf     	0.00196 	
0.95260	0         	0.00056 	0.00124 	inf     	0.00196 	
0.95360	0         	0.00056 	0.00124 	inf     	0.00196 	
0.95459	0         	0.00056 	0.00122 	inf     	0.00196 	
0.95559	0         	0.00056 	0.00120 	inf     	0.00196 	
0.95659	0         	0.00056 	0.00119 	inf     	0.00196 	
0.95759	0         	0.00056 	0.00116 	inf     	0.00188 	
0.95859	0         	0.00056 	0.00116 	inf     	0.00188 	
0.95959	0         	0.00056 	0.00116 	inf     	0.00188 	
0.96059	0         	0.00049 	0.00105 	inf     	0.00165 	
0.96158	0         	0.00049 	0.00104 	inf     	0.00165 	
0.96258	0         	0.00049 	0.00103 	inf     	0.00165 	
0.96358	0         	0.00049 	0.00103 	inf     	0.00165 	
0.96458	0         	0.00049 	0.00103 	inf     	0.00165 	
0.96558	0         	0.00049 	0.00096 	inf     	0.00149 	
0.96658	0         	0.00042 	0.00085 	inf     	0.00126 	
0.96758	0         	0.00042 	0.00075 	inf     	0.00117 	
0.96857	0         	0.00042 	0.00074 	inf     	0.00115 	
0.96957	0         	0.00042 	0.00073 	inf     	0.00113 	
0.97057	0         	0.00038 	0.00069 	inf     	0.00101 	
0.97157	0         	0.00038 	0.00069 	inf     	0.00100 	
0.97257	0         	0.00037 	0.00068 	inf     	0.00098 	
0.97357	0         	0.00034 	0.00060 	inf     	0.00092 	
0.97456	0         	0.00021 	0.00051 	inf     	0.00081 	
0.97556	0         	0.00021 	0.00050 	inf     	0.00078 	
0.97656	0         	0.00016 	0.00031 	inf     	0.00063 	
0.97756	0         	0.00016 	0.00031 	inf     	0.00063 	
0.97856	0         	0.00014 	0.00027 	inf     	0.00057 	
0.97956	0         	0.00014 	0.00027 	inf     	0.00057 	
0.98056	0         	0.00014 	0.00026 	inf     	0.00056 	
0.98155	0         	0.00014 	0.00026 	inf     	0.00054 	
0.98255	0         	0.00014 	0.00025 	inf     	0.00052 	
0.98355	0         	0.00007 	0.00021 	inf     	0.00046 	
0.98455	0         	0.00007 	0.00019 	inf     	0.00045 	
0.98555	0         	0.00007 	0.00018 	inf     	0.00042 	
0.98655	0         	0.00007 	0.00017 	inf     	0.00039 	
0.98755	0         	0.00007 	0.00017 	inf     	0.00039 	
0.98854	0         	0.00007 	0.00014 	inf     	0.00031 	
0.98954	0         	0.00007 	0.00014 	inf     	0.00031 	
0.99054	0         	0.00007 	0.00011 	inf     	0.00022 	
0.99154	0         	0.00000 	0.00008 	inf     	0.00020 	
0.99254	0         	0.00000 	0.00008 	inf     	0.00018 	
0.99354	0         	0.00000 	0.00008 	inf     	0.00018 	
0.99454	0         	0.00000 	0.00007 	inf     	0.00017 	
0.99553	0         	0.00000 	0.00006 	inf     	0.00013 	
0.99653	0         	0.00000 	0.00002 	inf     	0.00006 	
0.99753	0         	0.00000 	0.00002 	inf     	0.00006 	
0.99853	0         	0.00000 	0.00001 	inf     	0.00002 	
0.99953	0         	0.00000 	0.00000 	inf     	0.00001 	
1.00000	0         	0.00000 	0.00000 	inf     	0.00001 	
