# Prop_landscape_lost  cost_needed_for_top_fraction  min_prop_rem  ave_prop_rem  W_prop_rem  ext-1  ext-2  prop_for_each_biodiversity_feature_(e.g._species)_remaining_at_level_of_removal...
0.00001  2.0202e+005  0.75934 0.75934 0.75934   0.06651 0.06651   0.759 
0.00101  2.0181e+005  0.75934 0.75934 0.75934   0.03325 0.06651   0.759 
0.00201  2.0161e+005  0.75934 0.75934 0.75934   0.02217 0.06651   0.759 
0.00301  2.0141e+005  0.75934 0.75934 0.75934   0.01663 0.06651   0.759 
0.00401  2.0121e+005  0.75934 0.75934 0.75934   0.01330 0.06651   0.759 
0.00501  2.0101e+005  0.75934 0.75934 0.75934   0.01109 0.06651   0.759 
0.00601  2.008e+005  0.75934 0.75934 0.75934   0.00950 0.06651   0.759 
0.00701  2.006e+005  0.75934 0.75934 0.75934   0.00831 0.06651   0.759 
0.00801  2.004e+005  0.75933 0.75933 0.75933   0.00739 0.06651   0.759 
0.00901  2.002e+005  0.75933 0.75933 0.75933   0.00665 0.06652   0.759 
0.01001  2e+005      0.75932 0.75932 0.75932   0.00605 0.06652   0.759 
0.01101  1.9979e+005  0.75931 0.75931 0.75931   0.00554 0.06652   0.759 
0.01201  1.9959e+005  0.75930 0.75930 0.75930   0.00512 0.06652   0.759 
0.01301  1.9939e+005  0.75928 0.75928 0.75928   0.00475 0.06653   0.759 
0.01401  1.9919e+005  0.75926 0.75926 0.75926   0.00444 0.06653   0.759 
0.01501  1.9899e+005  0.75924 0.75924 0.75924   0.00416 0.06654   0.759 
0.01601  1.9878e+005  0.75922 0.75922 0.75922   0.00391 0.06655   0.759 
0.01701  1.9858e+005  0.75920 0.75920 0.75920   0.00370 0.06656   0.759 
0.01801  1.9838e+005  0.75917 0.75917 0.75917   0.00350 0.06656   0.759 
0.01901  1.9818e+005  0.75914 0.75914 0.75914   0.00333 0.06657   0.759 
0.02001  1.9798e+005  0.75912 0.75912 0.75912   0.00317 0.06658   0.759 
0.02101  1.9777e+005  0.75909 0.75909 0.75909   0.00303 0.06659   0.759 
0.02201  1.9757e+005  0.75906 0.75906 0.75906   0.00290 0.06660   0.759 
0.02301  1.9737e+005  0.75903 0.75903 0.75903   0.00278 0.06661   0.759 
0.02401  1.9717e+005  0.75899 0.75899 0.75899   0.00266 0.06662   0.759 
0.02501  1.9697e+005  0.75895 0.75895 0.75895   0.00256 0.06663   0.759 
0.02601  1.9676e+005  0.75891 0.75891 0.75891   0.00247 0.06664   0.759 
0.02701  1.9656e+005  0.75887 0.75887 0.75887   0.00238 0.06666   0.759 
0.02801  1.9636e+005  0.75883 0.75883 0.75883   0.00230 0.06667   0.759 
0.02901  1.9616e+005  0.75878 0.75878 0.75878   0.00222 0.06668   0.759 
0.03001  1.9596e+005  0.75873 0.75873 0.75873   0.00215 0.06670   0.759 
0.03101  1.9575e+005  0.75868 0.75868 0.75868   0.00208 0.06671   0.759 
0.03201  1.9555e+005  0.75863 0.75863 0.75863   0.00202 0.06673   0.759 
0.03301  1.9535e+005  0.75858 0.75858 0.75858   0.00196 0.06674   0.759 
0.03401  1.9515e+005  0.75853 0.75853 0.75853   0.00191 0.06676   0.759 
0.03501  1.9495e+005  0.75847 0.75847 0.75847   0.00185 0.06678   0.758 
0.03601  1.9474e+005  0.75841 0.75841 0.75841   0.00181 0.06680   0.758 
0.03701  1.9454e+005  0.75836 0.75836 0.75836   0.00176 0.06681   0.758 
0.03801  1.9434e+005  0.75830 0.75830 0.75830   0.00171 0.06683   0.758 
0.03901  1.9414e+005  0.75823 0.75823 0.75823   0.00167 0.06685   0.758 
0.04001  1.9394e+005  0.75817 0.75817 0.75817   0.00163 0.06687   0.758 
0.04101  1.9373e+005  0.75811 0.75811 0.75811   0.00159 0.06689   0.758 
0.04201  1.9353e+005  0.75805 0.75805 0.75805   0.00156 0.06691   0.758 
0.04301  1.9333e+005  0.75799 0.75799 0.75799   0.00152 0.06693   0.758 
0.04401  1.9313e+005  0.75792 0.75792 0.75792   0.00149 0.06695   0.758 
0.04501  1.9293e+005  0.75784 0.75784 0.75784   0.00146 0.06697   0.758 
0.04601  1.9272e+005  0.75777 0.75777 0.75777   0.00143 0.06699   0.758 
0.04701  1.9252e+005  0.75769 0.75769 0.75769   0.00140 0.06702   0.758 
0.04801  1.9232e+005  0.75762 0.75762 0.75762   0.00137 0.06704   0.758 
0.04901  1.9212e+005  0.75754 0.75754 0.75754   0.00134 0.06707   0.758 
0.05001  1.9192e+005  0.75746 0.75746 0.75746   0.00132 0.06709   0.757 
0.05101  1.9171e+005  0.75737 0.75737 0.75737   0.00129 0.06712   0.757 
0.05201  1.9151e+005  0.75729 0.75729 0.75729   0.00127 0.06714   0.757 
0.05301  1.9131e+005  0.75720 0.75720 0.75720   0.00124 0.06717   0.757 
0.05401  1.9111e+005  0.75711 0.75711 0.75711   0.00122 0.06720   0.757 
0.05500  1.9091e+005  0.75702 0.75702 0.75702   0.00120 0.06722   0.757 
0.05600  1.907e+005  0.75693 0.75693 0.75693   0.00118 0.06725   0.757 
0.05700  1.905e+005  0.75684 0.75684 0.75684   0.00116 0.06728   0.757 
0.05800  1.903e+005  0.75674 0.75674 0.75674   0.00114 0.06731   0.757 
0.05900  1.901e+005  0.75665 0.75665 0.75665   0.00112 0.06734   0.757 
0.06000  1.899e+005  0.75655 0.75655 0.75655   0.00110 0.06737   0.757 
0.06100  1.8969e+005  0.75645 0.75645 0.75645   0.00109 0.06740   0.756 
0.06200  1.8949e+005  0.75634 0.75634 0.75634   0.00107 0.06743   0.756 
0.06300  1.8929e+005  0.75623 0.75623 0.75623   0.00105 0.06747   0.756 
0.06400  1.8909e+005  0.75612 0.75612 0.75612   0.00104 0.06750   0.756 
0.06500  1.8889e+005  0.75601 0.75601 0.75601   0.00102 0.06754   0.756 
0.06600  1.8868e+005  0.75589 0.75589 0.75589   0.00101 0.06757   0.756 
0.06700  1.8848e+005  0.75577 0.75577 0.75577   0.00099 0.06761   0.756 
0.06800  1.8828e+005  0.75565 0.75565 0.75565   0.00098 0.06765   0.756 
0.06900  1.8808e+005  0.75552 0.75552 0.75552   0.00097 0.06769   0.756 
0.07000  1.8788e+005  0.75540 0.75540 0.75540   0.00095 0.06773   0.755 
0.07100  1.8767e+005  0.75530 0.75530 0.75530   0.00094 0.06775   0.755 
0.07200  1.8747e+005  0.75519 0.75519 0.75519   0.00093 0.06779   0.755 
0.07300  1.8727e+005  0.75507 0.75507 0.75507   0.00092 0.06783   0.755 
0.07400  1.8707e+005  0.75503 0.75503 0.75503   0.00090 0.06784   0.755 
0.07500  1.8687e+005  0.75503 0.75503 0.75503   0.00089 0.06784   0.755 
0.07600  1.8666e+005  0.75503 0.75503 0.75503   0.00088 0.06784   0.755 
0.07700  1.8646e+005  0.75503 0.75503 0.75503   0.00087 0.06784   0.755 
0.07800  1.8626e+005  0.75503 0.75503 0.75503   0.00086 0.06784   0.755 
0.07900  1.8606e+005  0.75502 0.75502 0.75502   0.00085 0.06784   0.755 
0.08000  1.8586e+005  0.75501 0.75501 0.75501   0.00084 0.06784   0.755 
0.08100  1.8565e+005  0.75501 0.75501 0.75501   0.00083 0.06785   0.755 
0.08200  1.8545e+005  0.75500 0.75500 0.75500   0.00082 0.06785   0.755 
0.08300  1.8525e+005  0.75499 0.75499 0.75499   0.00081 0.06785   0.755 
0.08400  1.8505e+005  0.75498 0.75498 0.75498   0.00080 0.06786   0.755 
0.08500  1.8485e+005  0.75497 0.75497 0.75497   0.00079 0.06786   0.755 
0.08600  1.8464e+005  0.75494 0.75494 0.75494   0.00078 0.06787   0.755 
0.08700  1.8444e+005  0.75493 0.75493 0.75493   0.00077 0.06787   0.755 
0.08800  1.8424e+005  0.75491 0.75491 0.75491   0.00076 0.06788   0.755 
0.08900  1.8404e+005  0.75488 0.75488 0.75488   0.00075 0.06788   0.755 
0.09000  1.8384e+005  0.75487 0.75487 0.75487   0.00075 0.06789   0.755 
0.09100  1.8363e+005  0.75484 0.75484 0.75484   0.00074 0.06790   0.755 
0.09200  1.8343e+005  0.75479 0.75479 0.75479   0.00073 0.06791   0.755 
0.09300  1.8323e+005  0.75477 0.75477 0.75477   0.00072 0.06792   0.755 
0.09400  1.8303e+005  0.75475 0.75475 0.75475   0.00072 0.06793   0.755 
0.09500  1.8283e+005  0.75469 0.75469 0.75469   0.00071 0.06794   0.755 
0.09600  1.8262e+005  0.75466 0.75466 0.75466   0.00070 0.06795   0.755 
0.09700  1.8242e+005  0.75462 0.75462 0.75462   0.00069 0.06796   0.755 
0.09800  1.8222e+005  0.75453 0.75453 0.75453   0.00069 0.06799   0.755 
0.09900  1.8202e+005  0.75440 0.75440 0.75440   0.00068 0.06803   0.754 
0.10000  1.8182e+005  0.75425 0.75425 0.75425   0.00067 0.06808   0.754 
0.10100  1.8161e+005  0.75411 0.75411 0.75411   0.00067 0.06812   0.754 
0.10200  1.8141e+005  0.75397 0.75397 0.75397   0.00066 0.06817   0.754 
0.10300  1.8121e+005  0.75382 0.75382 0.75382   0.00066 0.06821   0.754 
0.10400  1.8101e+005  0.75368 0.75368 0.75368   0.00065 0.06825   0.754 
0.10500  1.8081e+005  0.75354 0.75354 0.75354   0.00064 0.06830   0.754 
0.10600  1.806e+005  0.75341 0.75341 0.75341   0.00064 0.06834   0.753 
0.10700  1.804e+005  0.75326 0.75326 0.75326   0.00063 0.06839   0.753 
0.10800  1.802e+005  0.75310 0.75310 0.75310   0.00063 0.06843   0.753 
0.10900  1.8e+005    0.75294 0.75294 0.75294   0.00062 0.06848   0.753 
0.11000  1.798e+005  0.75279 0.75279 0.75279   0.00062 0.06853   0.753 
0.11100  1.7959e+005  0.75268 0.75268 0.75268   0.00061 0.06857   0.753 
0.11200  1.7939e+005  0.75259 0.75259 0.75259   0.00061 0.06859   0.753 
0.11300  1.7919e+005  0.75250 0.75250 0.75250   0.00060 0.06862   0.753 
0.11400  1.7899e+005  0.75239 0.75239 0.75239   0.00060 0.06865   0.752 
0.11500  1.7879e+005  0.75230 0.75230 0.75230   0.00059 0.06868   0.752 
0.11600  1.7858e+005  0.75219 0.75219 0.75219   0.00059 0.06872   0.752 
0.11700  1.7838e+005  0.75202 0.75202 0.75202   0.00058 0.06877   0.752 
0.11800  1.7818e+005  0.75185 0.75185 0.75185   0.00058 0.06882   0.752 
0.11900  1.7798e+005  0.75167 0.75167 0.75167   0.00057 0.06888   0.752 
0.12000  1.7778e+005  0.75149 0.75149 0.75149   0.00057 0.06893   0.751 
0.12100  1.7757e+005  0.75132 0.75132 0.75132   0.00057 0.06899   0.751 
0.12200  1.7737e+005  0.75116 0.75116 0.75116   0.00056 0.06904   0.751 
0.12300  1.7717e+005  0.75098 0.75098 0.75098   0.00056 0.06909   0.751 
0.12400  1.7697e+005  0.75079 0.75079 0.75079   0.00055 0.06915   0.751 
0.12500  1.7677e+005  0.75061 0.75061 0.75061   0.00055 0.06921   0.751 
0.12600  1.7656e+005  0.75042 0.75042 0.75042   0.00055 0.06927   0.750 
0.12700  1.7636e+005  0.75023 0.75023 0.75023   0.00054 0.06932   0.750 
0.12800  1.7616e+005  0.75005 0.75005 0.75005   0.00054 0.06938   0.750 
0.12900  1.7596e+005  0.74995 0.74995 0.74995   0.00053 0.06941   0.750 
0.13000  1.7576e+005  0.74984 0.74984 0.74984   0.00053 0.06944   0.750 
0.13100  1.7555e+005  0.74973 0.74973 0.74973   0.00053 0.06948   0.750 
0.13200  1.7535e+005  0.74961 0.74961 0.74961   0.00052 0.06952   0.750 
0.13300  1.7515e+005  0.74948 0.74948 0.74948   0.00052 0.06956   0.749 
0.13400  1.7495e+005  0.74941 0.74941 0.74941   0.00052 0.06958   0.749 
0.13500  1.7475e+005  0.74930 0.74930 0.74930   0.00051 0.06961   0.749 
0.13600  1.7454e+005  0.74913 0.74913 0.74913   0.00051 0.06966   0.749 
0.13700  1.7434e+005  0.74893 0.74893 0.74893   0.00051 0.06973   0.749 
0.13800  1.7414e+005  0.74873 0.74873 0.74873   0.00050 0.06979   0.749 
0.13900  1.7394e+005  0.74853 0.74853 0.74853   0.00050 0.06985   0.749 
0.14000  1.7374e+005  0.74833 0.74833 0.74833   0.00050 0.06991   0.748 
0.14100  1.7353e+005  0.74812 0.74812 0.74812   0.00049 0.06998   0.748 
0.14200  1.7333e+005  0.74791 0.74791 0.74791   0.00049 0.07004   0.748 
0.14300  1.7313e+005  0.74774 0.74774 0.74774   0.00049 0.07010   0.748 
0.14400  1.7293e+005  0.74753 0.74753 0.74753   0.00048 0.07016   0.748 
0.14500  1.7273e+005  0.74731 0.74731 0.74731   0.00048 0.07023   0.747 
0.14600  1.7252e+005  0.74710 0.74710 0.74710   0.00048 0.07030   0.747 
0.14700  1.7232e+005  0.74688 0.74688 0.74688   0.00048 0.07036   0.747 
0.14800  1.7212e+005  0.74666 0.74666 0.74666   0.00047 0.07043   0.747 
0.14900  1.7192e+005  0.74643 0.74643 0.74643   0.00047 0.07050   0.746 
0.15000  1.7172e+005  0.74622 0.74622 0.74622   0.00047 0.07057   0.746 
0.15100  1.7151e+005  0.74609 0.74609 0.74609   0.00046 0.07061   0.746 
0.15200  1.7131e+005  0.74594 0.74594 0.74594   0.00046 0.07066   0.746 
0.15300  1.7111e+005  0.74580 0.74580 0.74580   0.00046 0.07070   0.746 
0.15400  1.7091e+005  0.74567 0.74567 0.74567   0.00046 0.07074   0.746 
0.15500  1.7071e+005  0.74550 0.74550 0.74550   0.00045 0.07079   0.746 
0.15600  1.705e+005  0.74527 0.74527 0.74527   0.00045 0.07086   0.745 
0.15700  1.703e+005  0.74504 0.74504 0.74504   0.00045 0.07094   0.745 
0.15800  1.701e+005  0.74481 0.74481 0.74481   0.00045 0.07101   0.745 
0.15900  1.699e+005  0.74457 0.74457 0.74457   0.00044 0.07108   0.745 
0.16000  1.697e+005  0.74433 0.74433 0.74433   0.00044 0.07116   0.744 
0.16100  1.6949e+005  0.74409 0.74409 0.74409   0.00044 0.07123   0.744 
0.16200  1.6929e+005  0.74385 0.74385 0.74385   0.00044 0.07131   0.744 
0.16300  1.6909e+005  0.74363 0.74363 0.74363   0.00044 0.07138   0.744 
0.16400  1.6889e+005  0.74347 0.74347 0.74347   0.00043 0.07143   0.743 
0.16500  1.6869e+005  0.74330 0.74330 0.74330   0.00043 0.07148   0.743 
0.16600  1.6848e+005  0.74315 0.74315 0.74315   0.00043 0.07153   0.743 
0.16700  1.6828e+005  0.74298 0.74298 0.74298   0.00043 0.07158   0.743 
0.16799  1.6808e+005  0.74283 0.74283 0.74283   0.00042 0.07163   0.743 
0.16899  1.6788e+005  0.74258 0.74258 0.74258   0.00042 0.07170   0.743 
0.16999  1.6768e+005  0.74233 0.74233 0.74233   0.00042 0.07178   0.742 
0.17099  1.6747e+005  0.74207 0.74207 0.74207   0.00042 0.07186   0.742 
0.17199  1.6727e+005  0.74182 0.74182 0.74182   0.00042 0.07194   0.742 
0.17299  1.6707e+005  0.74156 0.74156 0.74156   0.00041 0.07202   0.742 
0.17399  1.6687e+005  0.74131 0.74131 0.74131   0.00041 0.07210   0.741 
0.17499  1.6667e+005  0.74108 0.74108 0.74108   0.00041 0.07217   0.741 
0.17599  1.6646e+005  0.74091 0.74091 0.74091   0.00041 0.07223   0.741 
0.17699  1.6626e+005  0.74064 0.74064 0.74064   0.00041 0.07231   0.741 
0.17799  1.6606e+005  0.74038 0.74038 0.74038   0.00040 0.07239   0.740 
0.17899  1.6586e+005  0.74011 0.74011 0.74011   0.00040 0.07248   0.740 
0.17999  1.6566e+005  0.73985 0.73985 0.73985   0.00040 0.07256   0.740 
0.18099  1.6545e+005  0.73958 0.73958 0.73958   0.00040 0.07265   0.740 
0.18199  1.6525e+005  0.73930 0.73930 0.73930   0.00040 0.07273   0.739 
0.18299  1.6505e+005  0.73905 0.73905 0.73905   0.00040 0.07281   0.739 
0.18399  1.6485e+005  0.73886 0.73886 0.73886   0.00039 0.07287   0.739 
0.18499  1.6465e+005  0.73868 0.73868 0.73868   0.00039 0.07293   0.739 
0.18599  1.6444e+005  0.73850 0.73850 0.73850   0.00039 0.07298   0.738 
0.18699  1.6424e+005  0.73831 0.73831 0.73831   0.00039 0.07304   0.738 
0.18799  1.6404e+005  0.73808 0.73808 0.73808   0.00039 0.07311   0.738 
0.18899  1.6384e+005  0.73780 0.73780 0.73780   0.00039 0.07320   0.738 
0.18999  1.6364e+005  0.73751 0.73751 0.73751   0.00038 0.07329   0.738 
0.19099  1.6343e+005  0.73722 0.73722 0.73722   0.00038 0.07338   0.737 
0.19199  1.6323e+005  0.73693 0.73693 0.73693   0.00038 0.07348   0.737 
0.19299  1.6303e+005  0.73664 0.73664 0.73664   0.00038 0.07357   0.737 
0.19399  1.6283e+005  0.73635 0.73635 0.73635   0.00038 0.07366   0.736 
0.19499  1.6263e+005  0.73605 0.73605 0.73605   0.00038 0.07375   0.736 
0.19599  1.6242e+005  0.73577 0.73577 0.73577   0.00037 0.07384   0.736 
0.19699  1.6222e+005  0.73547 0.73547 0.73547   0.00037 0.07393   0.735 
0.19799  1.6202e+005  0.73517 0.73517 0.73517   0.00037 0.07403   0.735 
0.19899  1.6182e+005  0.73487 0.73487 0.73487   0.00037 0.07413   0.735 
0.19999  1.6162e+005  0.73457 0.73457 0.73457   0.00037 0.07422   0.735 
0.20099  1.6141e+005  0.73435 0.73435 0.73435   0.00037 0.07429   0.734 
0.20199  1.6121e+005  0.73418 0.73418 0.73418   0.00037 0.07434   0.734 
0.20299  1.6101e+005  0.73397 0.73397 0.73397   0.00036 0.07441   0.734 
0.20399  1.6081e+005  0.73375 0.73375 0.73375   0.00036 0.07448   0.734 
0.20499  1.6061e+005  0.73349 0.73349 0.73349   0.00036 0.07456   0.733 
0.20599  1.604e+005  0.73318 0.73318 0.73318   0.00036 0.07466   0.733 
0.20699  1.602e+005  0.73286 0.73286 0.73286   0.00036 0.07476   0.733 
0.20799  1.6e+005    0.73255 0.73255 0.73255   0.00036 0.07486   0.733 
0.20899  1.598e+005  0.73223 0.73223 0.73223   0.00036 0.07496   0.732 
0.20999  1.596e+005  0.73190 0.73190 0.73190   0.00036 0.07506   0.732 
0.21099  1.5939e+005  0.73158 0.73158 0.73158   0.00035 0.07516   0.732 
0.21199  1.5919e+005  0.73126 0.73126 0.73126   0.00035 0.07526   0.731 
0.21299  1.5899e+005  0.73093 0.73093 0.73093   0.00035 0.07537   0.731 
0.21399  1.5879e+005  0.73060 0.73060 0.73060   0.00035 0.07547   0.731 
0.21499  1.5859e+005  0.73028 0.73028 0.73028   0.00035 0.07557   0.730 
0.21599  1.5838e+005  0.72994 0.72994 0.72994   0.00035 0.07568   0.730 
0.21699  1.5818e+005  0.72963 0.72963 0.72963   0.00035 0.07578   0.730 
0.21799  1.5798e+005  0.72941 0.72941 0.72941   0.00035 0.07585   0.729 
0.21899  1.5778e+005  0.72919 0.72919 0.72919   0.00035 0.07592   0.729 
0.21999  1.5758e+005  0.72896 0.72896 0.72896   0.00034 0.07599   0.729 
0.22099  1.5737e+005  0.72873 0.72873 0.72873   0.00034 0.07607   0.729 
0.22199  1.5717e+005  0.72846 0.72846 0.72846   0.00034 0.07615   0.728 
0.22299  1.5697e+005  0.72812 0.72812 0.72812   0.00034 0.07626   0.728 
0.22399  1.5677e+005  0.72777 0.72777 0.72777   0.00034 0.07637   0.728 
0.22499  1.5657e+005  0.72742 0.72742 0.72742   0.00034 0.07648   0.727 
0.22599  1.5636e+005  0.72708 0.72708 0.72708   0.00034 0.07659   0.727 
0.22699  1.5616e+005  0.72672 0.72672 0.72672   0.00034 0.07670   0.727 
0.22799  1.5596e+005  0.72641 0.72641 0.72641   0.00034 0.07680   0.726 
0.22899  1.5576e+005  0.72606 0.72606 0.72606   0.00033 0.07691   0.726 
0.22999  1.5556e+005  0.72571 0.72571 0.72571   0.00033 0.07702   0.726 
0.23099  1.5535e+005  0.72535 0.72535 0.72535   0.00033 0.07714   0.725 
0.23199  1.5515e+005  0.72499 0.72499 0.72499   0.00033 0.07725   0.725 
0.23299  1.5495e+005  0.72463 0.72463 0.72463   0.00033 0.07737   0.725 
0.23399  1.5475e+005  0.72426 0.72426 0.72426   0.00033 0.07748   0.724 
0.23499  1.5455e+005  0.72401 0.72401 0.72401   0.00033 0.07756   0.724 
0.23599  1.5434e+005  0.72375 0.72375 0.72375   0.00033 0.07765   0.724 
0.23699  1.5414e+005  0.72349 0.72349 0.72349   0.00033 0.07773   0.723 
0.23799  1.5394e+005  0.72324 0.72324 0.72324   0.00033 0.07781   0.723 
0.23899  1.5374e+005  0.72293 0.72293 0.72293   0.00032 0.07791   0.723 
0.23999  1.5354e+005  0.72257 0.72257 0.72257   0.00032 0.07802   0.723 
0.24099  1.5333e+005  0.72219 0.72219 0.72219   0.00032 0.07814   0.722 
0.24199  1.5313e+005  0.72182 0.72182 0.72182   0.00032 0.07826   0.722 
0.24299  1.5293e+005  0.72145 0.72145 0.72145   0.00032 0.07838   0.721 
0.24399  1.5273e+005  0.72106 0.72106 0.72106   0.00032 0.07850   0.721 
0.24499  1.5253e+005  0.72069 0.72069 0.72069   0.00032 0.07862   0.721 
0.24599  1.5232e+005  0.72031 0.72031 0.72031   0.00032 0.07874   0.720 
0.24699  1.5212e+005  0.71993 0.71993 0.71993   0.00032 0.07887   0.720 
0.24799  1.5192e+005  0.71955 0.71955 0.71955   0.00032 0.07899   0.720 
0.24899  1.5172e+005  0.71916 0.71916 0.71916   0.00032 0.07911   0.719 
0.24999  1.5152e+005  0.71876 0.71876 0.71876   0.00032 0.07924   0.719 
0.25099  1.5131e+005  0.71842 0.71842 0.71842   0.00031 0.07935   0.718 
0.25199  1.5111e+005  0.71816 0.71816 0.71816   0.00031 0.07943   0.718 
0.25299  1.5091e+005  0.71788 0.71788 0.71788   0.00031 0.07952   0.718 
0.25399  1.5071e+005  0.71761 0.71761 0.71761   0.00031 0.07961   0.718 
0.25499  1.5051e+005  0.71733 0.71733 0.71733   0.00031 0.07970   0.717 
0.25599  1.503e+005  0.71693 0.71693 0.71693   0.00031 0.07983   0.717 
0.25699  1.501e+005  0.71652 0.71652 0.71652   0.00031 0.07996   0.717 
0.25799  1.499e+005  0.71611 0.71611 0.71611   0.00031 0.08009   0.716 
0.25899  1.497e+005  0.71570 0.71570 0.71570   0.00031 0.08022   0.716 
0.25999  1.495e+005  0.71529 0.71529 0.71529   0.00031 0.08035   0.715 
0.26099  1.4929e+005  0.71489 0.71489 0.71489   0.00031 0.08048   0.715 
0.26199  1.4909e+005  0.71448 0.71448 0.71448   0.00031 0.08061   0.714 
0.26299  1.4889e+005  0.71407 0.71407 0.71407   0.00031 0.08075   0.714 
0.26399  1.4869e+005  0.71365 0.71365 0.71365   0.00031 0.08088   0.714 
0.26499  1.4849e+005  0.71324 0.71324 0.71324   0.00030 0.08102   0.713 
0.26599  1.4828e+005  0.71281 0.71281 0.71281   0.00030 0.08115   0.713 
0.26699  1.4808e+005  0.71257 0.71257 0.71257   0.00030 0.08123   0.713 
0.26799  1.4788e+005  0.71227 0.71227 0.71227   0.00030 0.08133   0.712 
0.26899  1.4768e+005  0.71204 0.71204 0.71204   0.00030 0.08140   0.712 
0.26999  1.4748e+005  0.71174 0.71174 0.71174   0.00030 0.08150   0.712 
0.27099  1.4727e+005  0.71145 0.71145 0.71145   0.00030 0.08159   0.711 
0.27199  1.4707e+005  0.71103 0.71103 0.71103   0.00030 0.08173   0.711 
0.27299  1.4687e+005  0.71061 0.71061 0.71061   0.00030 0.08186   0.711 
0.27399  1.4667e+005  0.71017 0.71017 0.71017   0.00030 0.08200   0.710 
0.27499  1.4647e+005  0.70973 0.70973 0.70973   0.00030 0.08215   0.710 
0.27599  1.4626e+005  0.70938 0.70938 0.70938   0.00030 0.08226   0.709 
0.27699  1.4606e+005  0.70895 0.70895 0.70895   0.00030 0.08240   0.709 
0.27799  1.4586e+005  0.70861 0.70861 0.70861   0.00030 0.08251   0.709 
0.27899  1.4566e+005  0.70830 0.70830 0.70830   0.00030 0.08261   0.708 
0.27998  1.4546e+005  0.70801 0.70801 0.70801   0.00029 0.08270   0.708 
0.28098  1.4525e+005  0.70771 0.70771 0.70771   0.00029 0.08280   0.708 
0.28198  1.4505e+005  0.70733 0.70733 0.70733   0.00029 0.08292   0.707 
0.28298  1.4485e+005  0.70688 0.70688 0.70688   0.00029 0.08307   0.707 
0.28398  1.4465e+005  0.70643 0.70643 0.70643   0.00029 0.08322   0.706 
0.28498  1.4445e+005  0.70597 0.70597 0.70597   0.00029 0.08336   0.706 
0.28598  1.4424e+005  0.70552 0.70552 0.70552   0.00029 0.08351   0.706 
0.28698  1.4404e+005  0.70506 0.70506 0.70506   0.00029 0.08366   0.705 
0.28798  1.4384e+005  0.70460 0.70460 0.70460   0.00029 0.08381   0.705 
0.28898  1.4364e+005  0.70414 0.70414 0.70414   0.00029 0.08396   0.704 
0.28998  1.4344e+005  0.70369 0.70369 0.70369   0.00029 0.08411   0.704 
0.29098  1.4323e+005  0.70322 0.70322 0.70322   0.00029 0.08426   0.703 
0.29198  1.4303e+005  0.70279 0.70279 0.70279   0.00029 0.08440   0.703 
0.29298  1.4283e+005  0.70249 0.70249 0.70249   0.00029 0.08450   0.702 
0.29398  1.4263e+005  0.70215 0.70215 0.70215   0.00029 0.08461   0.702 
0.29498  1.4243e+005  0.70181 0.70181 0.70181   0.00029 0.08472   0.702 
0.29598  1.4222e+005  0.70148 0.70148 0.70148   0.00029 0.08483   0.701 
0.29698  1.4202e+005  0.70102 0.70102 0.70102   0.00029 0.08498   0.701 
0.29798  1.4182e+005  0.70054 0.70054 0.70054   0.00028 0.08513   0.701 
0.29898  1.4162e+005  0.70006 0.70006 0.70006   0.00028 0.08529   0.700 
0.29998  1.4142e+005  0.69958 0.69958 0.69958   0.00028 0.08545   0.700 
0.30098  1.4121e+005  0.69909 0.69909 0.69909   0.00028 0.08561   0.699 
0.30198  1.4101e+005  0.69862 0.69862 0.69862   0.00028 0.08576   0.699 
0.30298  1.4081e+005  0.69812 0.69812 0.69812   0.00028 0.08592   0.698 
0.30398  1.4061e+005  0.69763 0.69763 0.69763   0.00028 0.08608   0.698 
0.30498  1.4041e+005  0.69715 0.69715 0.69715   0.00028 0.08624   0.697 
0.30598  1.402e+005  0.69667 0.69667 0.69667   0.00028 0.08640   0.697 
0.30698  1.4e+005    0.69632 0.69632 0.69632   0.00028 0.08651   0.696 
0.30798  1.398e+005  0.69596 0.69596 0.69596   0.00028 0.08663   0.696 
0.30898  1.396e+005  0.69560 0.69560 0.69560   0.00028 0.08675   0.696 
0.30998  1.394e+005  0.69527 0.69527 0.69527   0.00028 0.08686   0.695 
0.31098  1.3919e+005  0.69487 0.69487 0.69487   0.00028 0.08699   0.695 
0.31198  1.3899e+005  0.69436 0.69436 0.69436   0.00028 0.08716   0.694 
0.31298  1.3879e+005  0.69386 0.69386 0.69386   0.00028 0.08732   0.694 
0.31398  1.3859e+005  0.69335 0.69335 0.69335   0.00028 0.08749   0.693 
0.31498  1.3839e+005  0.69284 0.69284 0.69284   0.00028 0.08766   0.693 
0.31598  1.3818e+005  0.69233 0.69233 0.69233   0.00028 0.08782   0.692 
0.31698  1.3798e+005  0.69182 0.69182 0.69182   0.00028 0.08799   0.692 
0.31798  1.3778e+005  0.69131 0.69131 0.69131   0.00028 0.08816   0.691 
0.31898  1.3758e+005  0.69079 0.69079 0.69079   0.00028 0.08833   0.691 
0.31998  1.3738e+005  0.69027 0.69027 0.69027   0.00028 0.08851   0.690 
0.32098  1.3717e+005  0.68976 0.68976 0.68976   0.00028 0.08867   0.690 
0.32198  1.3697e+005  0.68940 0.68940 0.68940   0.00027 0.08879   0.689 
0.32298  1.3677e+005  0.68906 0.68906 0.68906   0.00027 0.08890   0.689 
0.32398  1.3657e+005  0.68886 0.68886 0.68886   0.00027 0.08897   0.689 
0.32498  1.3637e+005  0.68869 0.68869 0.68869   0.00027 0.08903   0.689 
0.32598  1.3616e+005  0.68833 0.68833 0.68833   0.00027 0.08915   0.688 
0.32698  1.3596e+005  0.68782 0.68782 0.68782   0.00027 0.08931   0.688 
0.32798  1.3576e+005  0.68729 0.68729 0.68729   0.00027 0.08949   0.687 
0.32898  1.3556e+005  0.68692 0.68692 0.68692   0.00027 0.08961   0.687 
0.32998  1.3536e+005  0.68653 0.68653 0.68653   0.00027 0.08974   0.687 
0.33098  1.3515e+005  0.68602 0.68602 0.68602   0.00027 0.08991   0.686 
0.33198  1.3495e+005  0.68548 0.68548 0.68548   0.00027 0.09009   0.685 
0.33298  1.3475e+005  0.68496 0.68496 0.68496   0.00027 0.09026   0.685 
0.33398  1.3455e+005  0.68442 0.68442 0.68442   0.00027 0.09044   0.684 
0.33498  1.3435e+005  0.68390 0.68390 0.68390   0.00027 0.09061   0.684 
0.33598  1.3414e+005  0.68336 0.68336 0.68336   0.00027 0.09079   0.683 
0.33698  1.3394e+005  0.68281 0.68281 0.68281   0.00027 0.09098   0.683 
0.33798  1.3374e+005  0.68227 0.68227 0.68227   0.00027 0.09116   0.682 
0.33898  1.3354e+005  0.68183 0.68183 0.68183   0.00027 0.09130   0.682 
0.33998  1.3334e+005  0.68145 0.68145 0.68145   0.00027 0.09143   0.681 
0.34098  1.3313e+005  0.68106 0.68106 0.68106   0.00027 0.09156   0.681 
0.34198  1.3293e+005  0.68067 0.68067 0.68067   0.00027 0.09169   0.681 
0.34298  1.3273e+005  0.68012 0.68012 0.68012   0.00027 0.09187   0.680 
0.34398  1.3253e+005  0.67955 0.67955 0.67955   0.00027 0.09206   0.680 
0.34498  1.3233e+005  0.67899 0.67899 0.67899   0.00027 0.09225   0.679 
0.34598  1.3212e+005  0.67842 0.67842 0.67842   0.00027 0.09244   0.678 
0.34698  1.3192e+005  0.67786 0.67786 0.67786   0.00027 0.09263   0.678 
0.34798  1.3172e+005  0.67732 0.67732 0.67732   0.00027 0.09281   0.677 
0.34898  1.3152e+005  0.67675 0.67675 0.67675   0.00027 0.09300   0.677 
0.34998  1.3132e+005  0.67618 0.67618 0.67618   0.00027 0.09319   0.676 
0.35098  1.3111e+005  0.67560 0.67560 0.67560   0.00027 0.09339   0.676 
0.35198  1.3091e+005  0.67522 0.67522 0.67522   0.00026 0.09351   0.675 
0.35298  1.3071e+005  0.67482 0.67482 0.67482   0.00026 0.09365   0.675 
0.35398  1.3051e+005  0.67445 0.67445 0.67445   0.00026 0.09377   0.674 
0.35498  1.3031e+005  0.67405 0.67405 0.67405   0.00026 0.09391   0.674 
0.35598  1.301e+005  0.67350 0.67350 0.67350   0.00026 0.09409   0.673 
0.35698  1.299e+005  0.67291 0.67291 0.67291   0.00026 0.09429   0.673 
0.35798  1.297e+005  0.67231 0.67231 0.67231   0.00026 0.09449   0.672 
0.35898  1.295e+005  0.67175 0.67175 0.67175   0.00026 0.09468   0.672 
0.35998  1.293e+005  0.67117 0.67117 0.67117   0.00026 0.09487   0.671 
0.36098  1.2909e+005  0.67063 0.67063 0.67063   0.00026 0.09506   0.671 
0.36198  1.2889e+005  0.67004 0.67004 0.67004   0.00026 0.09526   0.670 
0.36298  1.2869e+005  0.66944 0.66944 0.66944   0.00026 0.09546   0.669 
0.36398  1.2849e+005  0.66885 0.66885 0.66885   0.00026 0.09566   0.669 
0.36498  1.2829e+005  0.66831 0.66831 0.66831   0.00026 0.09584   0.668 
0.36598  1.2808e+005  0.66790 0.66790 0.66790   0.00026 0.09598   0.668 
0.36698  1.2788e+005  0.66748 0.66748 0.66748   0.00026 0.09612   0.667 
0.36798  1.2768e+005  0.66702 0.66702 0.66702   0.00026 0.09628   0.667 
0.36898  1.2748e+005  0.66656 0.66656 0.66656   0.00026 0.09643   0.667 
0.36998  1.2728e+005  0.66595 0.66595 0.66595   0.00026 0.09664   0.666 
0.37098  1.2707e+005  0.66534 0.66534 0.66534   0.00026 0.09685   0.665 
0.37198  1.2687e+005  0.66472 0.66472 0.66472   0.00026 0.09706   0.665 
0.37298  1.2667e+005  0.66411 0.66411 0.66411   0.00026 0.09727   0.664 
0.37398  1.2647e+005  0.66360 0.66360 0.66360   0.00026 0.09744   0.664 
0.37498  1.2627e+005  0.66316 0.66316 0.66316   0.00026 0.09759   0.663 
0.37598  1.2606e+005  0.66275 0.66275 0.66275   0.00026 0.09773   0.663 
0.37698  1.2586e+005  0.66234 0.66234 0.66234   0.00026 0.09787   0.662 
0.37798  1.2566e+005  0.66175 0.66175 0.66175   0.00026 0.09807   0.662 
0.37898  1.2546e+005  0.66112 0.66112 0.66112   0.00026 0.09828   0.661 
0.37998  1.2526e+005  0.66049 0.66049 0.66049   0.00026 0.09850   0.660 
0.38098  1.2505e+005  0.65985 0.65985 0.65985   0.00026 0.09872   0.660 
0.38198  1.2485e+005  0.65922 0.65922 0.65922   0.00026 0.09893   0.659 
0.38298  1.2465e+005  0.65858 0.65858 0.65858   0.00026 0.09915   0.659 
0.38398  1.2445e+005  0.65794 0.65794 0.65794   0.00026 0.09937   0.658 
0.38498  1.2425e+005  0.65730 0.65730 0.65730   0.00026 0.09959   0.657 
0.38598  1.2404e+005  0.65678 0.65678 0.65678   0.00026 0.09977   0.657 
0.38698  1.2384e+005  0.65632 0.65632 0.65632   0.00026 0.09992   0.656 
0.38798  1.2364e+005  0.65588 0.65588 0.65588   0.00026 0.10007   0.656 
0.38898  1.2344e+005  0.65543 0.65543 0.65543   0.00026 0.10023   0.655 
0.38998  1.2324e+005  0.65481 0.65481 0.65481   0.00026 0.10044   0.655 
0.39098  1.2303e+005  0.65416 0.65416 0.65416   0.00026 0.10067   0.654 
0.39197  1.2283e+005  0.65352 0.65352 0.65352   0.00026 0.10089   0.654 
0.39297  1.2263e+005  0.65288 0.65288 0.65288   0.00026 0.10111   0.653 
0.39397  1.2243e+005  0.65222 0.65222 0.65222   0.00026 0.10133   0.652 
0.39497  1.2223e+005  0.65158 0.65158 0.65158   0.00026 0.10155   0.652 
0.39597  1.2202e+005  0.65093 0.65093 0.65093   0.00026 0.10178   0.651 
0.39697  1.2182e+005  0.65031 0.65031 0.65031   0.00026 0.10199   0.650 
0.39797  1.2162e+005  0.64964 0.64964 0.64964   0.00026 0.10222   0.650 
0.39897  1.2142e+005  0.64919 0.64919 0.64919   0.00026 0.10238   0.649 
0.39997  1.2122e+005  0.64875 0.64875 0.64875   0.00026 0.10253   0.649 
0.40097  1.2101e+005  0.64829 0.64829 0.64829   0.00026 0.10269   0.648 
0.40197  1.2081e+005  0.64771 0.64771 0.64771   0.00026 0.10289   0.648 
0.40297  1.2061e+005  0.64703 0.64703 0.64703   0.00026 0.10313   0.647 
0.40397  1.2041e+005  0.64636 0.64636 0.64636   0.00026 0.10336   0.646 
0.40497  1.2021e+005  0.64568 0.64568 0.64568   0.00026 0.10359   0.646 
0.40597  1.2e+005    0.64502 0.64502 0.64502   0.00026 0.10382   0.645 
0.40697  1.198e+005  0.64435 0.64435 0.64435   0.00026 0.10406   0.644 
0.40797  1.196e+005  0.64366 0.64366 0.64366   0.00026 0.10430   0.644 
0.40897  1.194e+005  0.64297 0.64297 0.64297   0.00025 0.10454   0.643 
0.40997  1.192e+005  0.64242 0.64242 0.64242   0.00025 0.10473   0.642 
0.41097  1.1899e+005  0.64194 0.64194 0.64194   0.00025 0.10490   0.642 
0.41197  1.1879e+005  0.64147 0.64147 0.64147   0.00025 0.10506   0.641 
0.41297  1.1859e+005  0.64126 0.64126 0.64126   0.00025 0.10513   0.641 
0.41397  1.1839e+005  0.64056 0.64056 0.64056   0.00025 0.10538   0.641 
0.41497  1.1819e+005  0.63986 0.63986 0.63986   0.00025 0.10562   0.640 
0.41597  1.1798e+005  0.63915 0.63915 0.63915   0.00025 0.10587   0.639 
0.41697  1.1778e+005  0.63845 0.63845 0.63845   0.00025 0.10612   0.638 
0.41797  1.1758e+005  0.63774 0.63774 0.63774   0.00025 0.10636   0.638 
0.41897  1.1738e+005  0.63703 0.63703 0.63703   0.00025 0.10661   0.637 
0.41997  1.1718e+005  0.63633 0.63633 0.63633   0.00025 0.10686   0.636 
0.42097  1.1697e+005  0.63580 0.63580 0.63580   0.00025 0.10704   0.636 
0.42197  1.1677e+005  0.63531 0.63531 0.63531   0.00025 0.10722   0.635 
0.42297  1.1657e+005  0.63481 0.63481 0.63481   0.00025 0.10739   0.635 
0.42397  1.1637e+005  0.63418 0.63418 0.63418   0.00025 0.10761   0.634 
0.42497  1.1617e+005  0.63346 0.63346 0.63346   0.00025 0.10787   0.633 
0.42597  1.1596e+005  0.63274 0.63274 0.63274   0.00025 0.10812   0.633 
0.42697  1.1576e+005  0.63203 0.63203 0.63203   0.00025 0.10837   0.632 
0.42797  1.1556e+005  0.63130 0.63130 0.63130   0.00025 0.10863   0.631 
0.42897  1.1536e+005  0.63056 0.63056 0.63056   0.00025 0.10889   0.631 
0.42997  1.1516e+005  0.62982 0.62982 0.62982   0.00025 0.10915   0.630 
0.43097  1.1495e+005  0.62932 0.62932 0.62932   0.00025 0.10933   0.629 
0.43197  1.1475e+005  0.62881 0.62881 0.62881   0.00025 0.10951   0.629 
0.43297  1.1455e+005  0.62834 0.62834 0.62834   0.00025 0.10967   0.628 
0.43397  1.1435e+005  0.62769 0.62769 0.62769   0.00025 0.10990   0.628 
0.43497  1.1415e+005  0.62701 0.62701 0.62701   0.00025 0.11014   0.627 
0.43597  1.1394e+005  0.62627 0.62627 0.62627   0.00025 0.11041   0.626 
0.43697  1.1374e+005  0.62552 0.62552 0.62552   0.00025 0.11068   0.626 
0.43797  1.1354e+005  0.62481 0.62481 0.62481   0.00025 0.11093   0.625 
0.43897  1.1334e+005  0.62405 0.62405 0.62405   0.00025 0.11120   0.624 
0.43997  1.1314e+005  0.62330 0.62330 0.62330   0.00025 0.11147   0.623 
0.44097  1.1293e+005  0.62272 0.62272 0.62272   0.00025 0.11167   0.623 
0.44197  1.1273e+005  0.62218 0.62218 0.62218   0.00025 0.11187   0.622 
0.44297  1.1253e+005  0.62166 0.62166 0.62166   0.00025 0.11205   0.622 
0.44397  1.1233e+005  0.62090 0.62090 0.62090   0.00025 0.11232   0.621 
0.44497  1.1213e+005  0.62014 0.62014 0.62014   0.00025 0.11260   0.620 
0.44597  1.1192e+005  0.61939 0.61939 0.61939   0.00025 0.11286   0.619 
0.44697  1.1172e+005  0.61875 0.61875 0.61875   0.00025 0.11309   0.619 
0.44797  1.1152e+005  0.61827 0.61827 0.61827   0.00025 0.11326   0.618 
0.44897  1.1132e+005  0.61774 0.61774 0.61774   0.00025 0.11345   0.618 
0.44997  1.1112e+005  0.61710 0.61710 0.61710   0.00025 0.11368   0.617 
0.45097  1.1091e+005  0.61632 0.61632 0.61632   0.00025 0.11396   0.616 
0.45197  1.1071e+005  0.61553 0.61553 0.61553   0.00025 0.11425   0.616 
0.45297  1.1051e+005  0.61475 0.61475 0.61475   0.00025 0.11453   0.615 
0.45397  1.1031e+005  0.61397 0.61397 0.61397   0.00025 0.11481   0.614 
0.45497  1.1011e+005  0.61318 0.61318 0.61318   0.00025 0.11509   0.613 
0.45597  1.099e+005  0.61242 0.61242 0.61242   0.00025 0.11537   0.612 
0.45697  1.097e+005  0.61190 0.61190 0.61190   0.00025 0.11556   0.612 
0.45797  1.095e+005  0.61136 0.61136 0.61136   0.00025 0.11575   0.611 
0.45897  1.093e+005  0.61080 0.61080 0.61080   0.00025 0.11596   0.611 
0.45997  1.091e+005  0.61007 0.61007 0.61007   0.00025 0.11622   0.610 
0.46097  1.0889e+005  0.60927 0.60927 0.60927   0.00025 0.11651   0.609 
0.46197  1.0869e+005  0.60848 0.60848 0.60848   0.00025 0.11679   0.608 
0.46297  1.0849e+005  0.60769 0.60769 0.60769   0.00025 0.11708   0.608 
0.46397  1.0829e+005  0.60688 0.60688 0.60688   0.00025 0.11738   0.607 
0.46497  1.0809e+005  0.60608 0.60608 0.60608   0.00025 0.11767   0.606 
0.46597  1.0788e+005  0.60529 0.60529 0.60529   0.00025 0.11796   0.605 
0.46697  1.0768e+005  0.60479 0.60479 0.60479   0.00025 0.11814   0.605 
0.46797  1.0748e+005  0.60420 0.60420 0.60420   0.00025 0.11835   0.604 
0.46897  1.0728e+005  0.60368 0.60368 0.60368   0.00025 0.11854   0.604 
0.46997  1.0708e+005  0.60293 0.60293 0.60293   0.00025 0.11882   0.603 
0.47097  1.0687e+005  0.60212 0.60212 0.60212   0.00025 0.11911   0.602 
0.47197  1.0667e+005  0.60130 0.60130 0.60130   0.00025 0.11941   0.601 
0.47297  1.0647e+005  0.60050 0.60050 0.60050   0.00025 0.11971   0.600 
0.47397  1.0627e+005  0.59966 0.59966 0.59966   0.00025 0.12001   0.600 
0.47497  1.0607e+005  0.59882 0.59882 0.59882   0.00025 0.12032   0.599 
0.47597  1.0586e+005  0.59808 0.59808 0.59808   0.00025 0.12059   0.598 
0.47697  1.0566e+005  0.59755 0.59755 0.59755   0.00025 0.12079   0.598 
0.47797  1.0546e+005  0.59702 0.59702 0.59702   0.00025 0.12098   0.597 
0.47897  1.0526e+005  0.59629 0.59629 0.59629   0.00025 0.12125   0.596 
0.47997  1.0506e+005  0.59546 0.59546 0.59546   0.00025 0.12156   0.595 
0.48097  1.0485e+005  0.59462 0.59462 0.59462   0.00025 0.12187   0.595 
0.48197  1.0465e+005  0.59379 0.59379 0.59379   0.00025 0.12217   0.594 
0.48297  1.0445e+005  0.59294 0.59294 0.59294   0.00025 0.12249   0.593 
0.48397  1.0425e+005  0.59209 0.59209 0.59209   0.00025 0.12280   0.592 
0.48497  1.0405e+005  0.59146 0.59146 0.59146   0.00025 0.12304   0.591 
0.48597  1.0384e+005  0.59089 0.59089 0.59089   0.00025 0.12325   0.591 
0.48697  1.0364e+005  0.59031 0.59031 0.59031   0.00025 0.12346   0.590 
0.48797  1.0344e+005  0.58957 0.58957 0.58957   0.00025 0.12374   0.590 
0.48897  1.0324e+005  0.58870 0.58870 0.58870   0.00025 0.12406   0.589 
0.48997  1.0304e+005  0.58783 0.58783 0.58783   0.00025 0.12439   0.588 
0.49097  1.0283e+005  0.58695 0.58695 0.58695   0.00025 0.12471   0.587 
0.49197  1.0263e+005  0.58608 0.58608 0.58608   0.00025 0.12504   0.586 
0.49297  1.0243e+005  0.58529 0.58529 0.58529   0.00025 0.12533   0.585 
0.49397  1.0223e+005  0.58468 0.58468 0.58468   0.00025 0.12556   0.585 
0.49497  1.0203e+005  0.58410 0.58410 0.58410   0.00025 0.12578   0.584 
0.49597  1.0182e+005  0.58340 0.58340 0.58340   0.00025 0.12604   0.583 
0.49697  1.0162e+005  0.58251 0.58251 0.58251   0.00025 0.12637   0.583 
0.49797  1.0142e+005  0.58161 0.58161 0.58161   0.00025 0.12671   0.582 
0.49897  1.0122e+005  0.58075 0.58075 0.58075   0.00025 0.12703   0.581 
0.49997  1.0102e+005  0.57985 0.57985 0.57985   0.00025 0.12737   0.580 
0.50097  1.0081e+005  0.57901 0.57901 0.57901   0.00025 0.12769   0.579 
0.50197  1.0061e+005  0.57836 0.57836 0.57836   0.00025 0.12794   0.578 
0.50297  1.0041e+005  0.57781 0.57781 0.57781   0.00025 0.12814   0.578 
0.50397  1.0021e+005  0.57723 0.57723 0.57723   0.00025 0.12836   0.577 
0.50496  1.0001e+005  0.57638 0.57638 0.57638   0.00025 0.12868   0.576 
0.50596  99804       0.57548 0.57548 0.57548   0.00025 0.12902   0.575 
0.50696  99602       0.57458 0.57458 0.57458   0.00025 0.12936   0.575 
0.50796  99400       0.57384 0.57384 0.57384   0.00025 0.12964   0.574 
0.50896  99198       0.57319 0.57319 0.57319   0.00025 0.12989   0.573 
0.50996  98996       0.57259 0.57259 0.57259   0.00025 0.13012   0.573 
0.51096  98794       0.57187 0.57187 0.57187   0.00025 0.13039   0.572 
0.51196  98592       0.57096 0.57096 0.57096   0.00025 0.13074   0.571 
0.51296  98390       0.57003 0.57003 0.57003   0.00026 0.13109   0.570 
0.51396  98188       0.56910 0.56910 0.56910   0.00026 0.13144   0.569 
0.51496  97986       0.56818 0.56818 0.56818   0.00026 0.13180   0.568 
0.51596  97784       0.56740 0.56740 0.56740   0.00026 0.13210   0.567 
0.51696  97582       0.56673 0.56673 0.56673   0.00026 0.13235   0.567 
0.51796  97380       0.56614 0.56614 0.56614   0.00026 0.13258   0.566 
0.51896  97178       0.56530 0.56530 0.56530   0.00026 0.13290   0.565 
0.51996  96976       0.56437 0.56437 0.56437   0.00026 0.13326   0.564 
0.52096  96774       0.56344 0.56344 0.56344   0.00026 0.13361   0.563 
0.52196  96572       0.56250 0.56250 0.56250   0.00026 0.13398   0.562 
0.52296  96370       0.56155 0.56155 0.56155   0.00026 0.13434   0.562 
0.52396  96168       0.56081 0.56081 0.56081   0.00026 0.13463   0.561 
0.52496  95966       0.56018 0.56018 0.56018   0.00026 0.13487   0.560 
0.52596  95764       0.55952 0.55952 0.55952   0.00026 0.13513   0.560 
0.52696  95562       0.55856 0.55856 0.55856   0.00026 0.13549   0.559 
0.52796  95360       0.55761 0.55761 0.55761   0.00026 0.13586   0.558 
0.52896  95158       0.55666 0.55666 0.55666   0.00026 0.13623   0.557 
0.52996  94956       0.55571 0.55571 0.55571   0.00026 0.13660   0.556 
0.53096  94754       0.55489 0.55489 0.55489   0.00026 0.13692   0.555 
0.53196  94552       0.55426 0.55426 0.55426   0.00026 0.13716   0.554 
0.53296  94350       0.55360 0.55360 0.55360   0.00026 0.13742   0.554 
0.53396  94148       0.55273 0.55273 0.55273   0.00026 0.13776   0.553 
0.53496  93946       0.55174 0.55174 0.55174   0.00026 0.13815   0.552 
0.53596  93744       0.55076 0.55076 0.55076   0.00026 0.13853   0.551 
0.53696  93542       0.54978 0.54978 0.54978   0.00026 0.13891   0.550 
0.53796  93340       0.54893 0.54893 0.54893   0.00026 0.13925   0.549 
0.53896  93138       0.54827 0.54827 0.54827   0.00026 0.13950   0.548 
0.53996  92936       0.54763 0.54763 0.54763   0.00026 0.13975   0.548 
0.54096  92734       0.54667 0.54667 0.54667   0.00026 0.14013   0.547 
0.54196  92532       0.54568 0.54568 0.54568   0.00026 0.14052   0.546 
0.54296  92330       0.54468 0.54468 0.54468   0.00026 0.14092   0.545 
0.54396  92128       0.54367 0.54367 0.54367   0.00026 0.14131   0.544 
0.54496  91926       0.54295 0.54295 0.54295   0.00026 0.14160   0.543 
0.54596  91724       0.54235 0.54235 0.54235   0.00026 0.14184   0.542 
0.54696  91522       0.54153 0.54153 0.54153   0.00026 0.14216   0.542 
0.54796  91320       0.54051 0.54051 0.54051   0.00026 0.14257   0.541 
0.54896  91118       0.53949 0.53949 0.53949   0.00026 0.14297   0.539 
0.54996  90916       0.53846 0.53846 0.53846   0.00026 0.14338   0.538 
0.55096  90714       0.53774 0.53774 0.53774   0.00026 0.14367   0.538 
0.55196  90512       0.53712 0.53712 0.53712   0.00026 0.14391   0.537 
0.55296  90310       0.53631 0.53631 0.53631   0.00026 0.14424   0.536 
0.55396  90108       0.53527 0.53527 0.53527   0.00026 0.14465   0.535 
0.55496  89906       0.53442 0.53442 0.53442   0.00026 0.14499   0.534 
0.55596  89704       0.53378 0.53378 0.53378   0.00026 0.14525   0.534 
0.55696  89502       0.53301 0.53301 0.53301   0.00026 0.14556   0.533 
0.55796  89300       0.53196 0.53196 0.53196   0.00026 0.14598   0.532 
0.55896  89098       0.53092 0.53092 0.53092   0.00026 0.14639   0.531 
0.55996  88896       0.52987 0.52987 0.52987   0.00026 0.14682   0.530 
0.56096  88694       0.52919 0.52919 0.52919   0.00026 0.14709   0.529 
0.56196  88492       0.52855 0.52855 0.52855   0.00026 0.14735   0.529 
0.56296  88290       0.52779 0.52779 0.52779   0.00026 0.14765   0.528 
0.56396  88088       0.52683 0.52683 0.52683   0.00026 0.14804   0.527 
0.56496  87886       0.52578 0.52578 0.52578   0.00026 0.14847   0.526 
0.56596  87684       0.52471 0.52471 0.52471   0.00026 0.14890   0.525 
0.56696  87482       0.52393 0.52393 0.52393   0.00026 0.14922   0.524 
0.56796  87280       0.52326 0.52326 0.52326   0.00026 0.14949   0.523 
0.56896  87078       0.52236 0.52236 0.52236   0.00026 0.14985   0.522 
0.56996  86876       0.52128 0.52128 0.52128   0.00026 0.15030   0.521 
0.57096  86674       0.52026 0.52026 0.52026   0.00026 0.15071   0.520 
0.57196  86472       0.51925 0.51925 0.51925   0.00026 0.15113   0.519 
0.57296  86270       0.51832 0.51832 0.51832   0.00026 0.15151   0.518 
0.57396  86068       0.51758 0.51758 0.51758   0.00026 0.15181   0.518 
0.57496  85866       0.51678 0.51678 0.51678   0.00026 0.15214   0.517 
0.57596  85664       0.51624 0.51624 0.51624   0.00026 0.15236   0.516 
0.57696  85462       0.51542 0.51542 0.51542   0.00026 0.15269   0.515 
0.57796  85260       0.51451 0.51451 0.51451   0.00026 0.15307   0.515 
0.57896  85058       0.51348 0.51348 0.51348   0.00026 0.15349   0.513 
0.57996  84856       0.51239 0.51239 0.51239   0.00026 0.15394   0.512 
0.58096  84654       0.51145 0.51145 0.51145   0.00027 0.15433   0.511 
0.58196  84452       0.51038 0.51038 0.51038   0.00027 0.15477   0.510 
0.58296  84250       0.50966 0.50966 0.50966   0.00027 0.15507   0.510 
0.58396  84048       0.50887 0.50887 0.50887   0.00027 0.15540   0.509 
0.58496  83846       0.50783 0.50783 0.50783   0.00027 0.15583   0.508 
0.58596  83644       0.50673 0.50673 0.50673   0.00027 0.15629   0.507 
0.58696  83442       0.50562 0.50562 0.50562   0.00027 0.15675   0.506 
0.58796  83240       0.50473 0.50473 0.50473   0.00027 0.15712   0.505 
0.58896  83038       0.50400 0.50400 0.50400   0.00027 0.15743   0.504 
0.58996  82836       0.50308 0.50308 0.50308   0.00027 0.15781   0.503 
0.59096  82634       0.50196 0.50196 0.50196   0.00027 0.15828   0.502 
0.59196  82432       0.50087 0.50087 0.50087   0.00027 0.15874   0.501 
0.59296  82230       0.49977 0.49977 0.49977   0.00027 0.15920   0.500 
0.59396  82028       0.49902 0.49902 0.49902   0.00027 0.15952   0.499 
0.59496  81826       0.49821 0.49821 0.49821   0.00027 0.15986   0.498 
0.59596  81624       0.49713 0.49713 0.49713   0.00027 0.16031   0.497 
0.59696  81422       0.49606 0.49606 0.49606   0.00027 0.16076   0.496 
0.59796  81220       0.49531 0.49531 0.49531   0.00027 0.16108   0.495 
0.59896  81018       0.49449 0.49449 0.49449   0.00027 0.16143   0.494 
0.59996  80816       0.49339 0.49339 0.49339   0.00027 0.16189   0.493 
0.60096  80614       0.49222 0.49222 0.49222   0.00027 0.16239   0.492 
0.60196  80412       0.49111 0.49111 0.49111   0.00027 0.16287   0.491 
0.60296  80210       0.49031 0.49031 0.49031   0.00027 0.16321   0.490 
0.60396  80008       0.48958 0.48958 0.48958   0.00027 0.16352   0.490 
0.60496  79806       0.48850 0.48850 0.48850   0.00027 0.16398   0.489 
0.60596  79604       0.48733 0.48733 0.48733   0.00027 0.16448   0.487 
0.60696  79402       0.48616 0.48616 0.48616   0.00027 0.16498   0.486 
0.60796  79200       0.48532 0.48532 0.48532   0.00027 0.16534   0.485 
0.60896  78998       0.48454 0.48454 0.48454   0.00027 0.16568   0.485 
0.60996  78796       0.48337 0.48337 0.48337   0.00027 0.16619   0.483 
0.61096  78594       0.48221 0.48221 0.48221   0.00027 0.16669   0.482 
0.61196  78392       0.48112 0.48112 0.48112   0.00027 0.16716   0.481 
0.61296  78190       0.48034 0.48034 0.48034   0.00027 0.16750   0.480 
0.61396  77988       0.47939 0.47939 0.47939   0.00027 0.16791   0.479 
0.61496  77786       0.47818 0.47818 0.47818   0.00027 0.16843   0.478 
0.61595  77584       0.47699 0.47699 0.47699   0.00027 0.16895   0.477 
0.61695  77382       0.47597 0.47597 0.47597   0.00027 0.16939   0.476 
0.61795  77180       0.47520 0.47520 0.47520   0.00027 0.16973   0.475 
0.61895  76978       0.47411 0.47411 0.47411   0.00027 0.17020   0.474 
0.61995  76776       0.47290 0.47290 0.47290   0.00027 0.17074   0.473 
0.62095  76574       0.47173 0.47173 0.47173   0.00028 0.17125   0.472 
0.62195  76372       0.47096 0.47096 0.47096   0.00028 0.17159   0.471 
0.62295  76170       0.46996 0.46996 0.46996   0.00028 0.17203   0.470 
0.62395  75968       0.46876 0.46876 0.46876   0.00028 0.17256   0.469 
0.62495  75766       0.46759 0.46759 0.46759   0.00028 0.17307   0.468 
0.62595  75564       0.46680 0.46680 0.46680   0.00028 0.17343   0.467 
0.62695  75362       0.46577 0.46577 0.46577   0.00028 0.17388   0.466 
0.62795  75160       0.46472 0.46472 0.46472   0.00028 0.17435   0.465 
0.62895  74958       0.46390 0.46390 0.46390   0.00028 0.17471   0.464 
0.62995  74756       0.46270 0.46270 0.46270   0.00028 0.17525   0.463 
0.63095  74554       0.46144 0.46144 0.46144   0.00028 0.17581   0.461 
0.63195  74352       0.46045 0.46045 0.46045   0.00028 0.17625   0.460 
0.63295  74150       0.45952 0.45952 0.45952   0.00028 0.17667   0.460 
0.63395  73948       0.45824 0.45824 0.45824   0.00028 0.17724   0.458 
0.63495  73746       0.45697 0.45697 0.45697   0.00028 0.17781   0.457 
0.63595  73544       0.45618 0.45618 0.45618   0.00028 0.17817   0.456 
0.63695  73342       0.45513 0.45513 0.45513   0.00028 0.17864   0.455 
0.63795  73140       0.45384 0.45384 0.45384   0.00028 0.17922   0.454 
0.63895  72938       0.45265 0.45265 0.45265   0.00028 0.17976   0.453 
0.63995  72736       0.45193 0.45193 0.45193   0.00028 0.18009   0.452 
0.64095  72534       0.45086 0.45086 0.45086   0.00028 0.18057   0.451 
0.64195  72332       0.44957 0.44957 0.44957   0.00028 0.18116   0.450 
0.64295  72130       0.44849 0.44849 0.44849   0.00028 0.18165   0.448 
0.64395  71928       0.44770 0.44770 0.44770   0.00028 0.18201   0.448 
0.64495  71726       0.44645 0.44645 0.44645   0.00028 0.18258   0.446 
0.64595  71524       0.44513 0.44513 0.44513   0.00028 0.18319   0.445 
0.64695  71322       0.44408 0.44408 0.44408   0.00028 0.18367   0.444 
0.64795  71120       0.44308 0.44308 0.44308   0.00028 0.18413   0.443 
0.64895  70918       0.44177 0.44177 0.44177   0.00028 0.18473   0.442 
0.64995  70716       0.44063 0.44063 0.44063   0.00028 0.18526   0.441 
0.65095  70514       0.43972 0.43972 0.43972   0.00028 0.18568   0.440 
0.65195  70312       0.43846 0.43846 0.43846   0.00029 0.18627   0.438 
0.65295  70110       0.43767 0.43767 0.43767   0.00029 0.18663   0.438 
0.65395  69908       0.43646 0.43646 0.43646   0.00029 0.18720   0.436 
0.65495  69706       0.43508 0.43508 0.43508   0.00029 0.18784   0.435 
0.65595  69504       0.43423 0.43423 0.43423   0.00029 0.18824   0.434 
0.65695  69302       0.43313 0.43313 0.43313   0.00029 0.18875   0.433 
0.65795  69100       0.43174 0.43174 0.43174   0.00029 0.18940   0.432 
0.65895  68898       0.43081 0.43081 0.43081   0.00029 0.18984   0.431 
0.65995  68696       0.42975 0.42975 0.42975   0.00029 0.19034   0.430 
0.66095  68494       0.42839 0.42839 0.42839   0.00029 0.19098   0.428 
0.66195  68292       0.42726 0.42726 0.42726   0.00029 0.19151   0.427 
0.66295  68090       0.42630 0.42630 0.42630   0.00029 0.19197   0.426 
0.66395  67888       0.42492 0.42492 0.42492   0.00029 0.19262   0.425 
0.66495  67686       0.42376 0.42376 0.42376   0.00029 0.19317   0.424 
0.66595  67484       0.42286 0.42286 0.42286   0.00029 0.19360   0.423 
0.66695  67282       0.42147 0.42147 0.42147   0.00029 0.19427   0.421 
0.66795  67080       0.42018 0.42018 0.42018   0.00029 0.19488   0.420 
0.66895  66878       0.41931 0.41931 0.41931   0.00029 0.19530   0.419 
0.66995  66676       0.41798 0.41798 0.41798   0.00029 0.19594   0.418 
0.67095  66474       0.41661 0.41661 0.41661   0.00029 0.19660   0.417 
0.67195  66272       0.41559 0.41559 0.41559   0.00029 0.19709   0.416 
0.67295  66070       0.41443 0.41443 0.41443   0.00029 0.19765   0.414 
0.67395  65868       0.41330 0.41330 0.41330   0.00029 0.19820   0.413 
0.67495  65666       0.41224 0.41224 0.41224   0.00029 0.19871   0.412 
0.67595  65464       0.41094 0.41094 0.41094   0.00029 0.19934   0.411 
0.67695  65262       0.40952 0.40952 0.40952   0.00030 0.20004   0.410 
0.67795  65060       0.40857 0.40857 0.40857   0.00030 0.20051   0.409 
0.67895  64858       0.40728 0.40728 0.40728   0.00030 0.20114   0.407 
0.67995  64656       0.40591 0.40591 0.40591   0.00030 0.20181   0.406 
0.68095  64454       0.40494 0.40494 0.40494   0.00030 0.20228   0.405 
0.68195  64252       0.40356 0.40356 0.40356   0.00030 0.20297   0.404 
0.68295  64050       0.40223 0.40223 0.40223   0.00030 0.20362   0.402 
0.68395  63848       0.40119 0.40119 0.40119   0.00030 0.20414   0.401 
0.68495  63646       0.39969 0.39969 0.39969   0.00030 0.20489   0.400 
0.68595  63444       0.39867 0.39867 0.39867   0.00030 0.20539   0.399 
0.68695  63242       0.39751 0.39751 0.39751   0.00030 0.20597   0.398 
0.68795  63040       0.39601 0.39601 0.39601   0.00030 0.20672   0.396 
0.68895  62838       0.39508 0.39508 0.39508   0.00030 0.20719   0.395 
0.68995  62636       0.39380 0.39380 0.39380   0.00030 0.20783   0.394 
0.69095  62434       0.39238 0.39238 0.39238   0.00030 0.20854   0.392 
0.69195  62232       0.39147 0.39147 0.39147   0.00030 0.20901   0.391 
0.69295  62030       0.39011 0.39011 0.39011   0.00030 0.20969   0.390 
0.69395  61828       0.38922 0.38922 0.38922   0.00030 0.21014   0.389 
0.69495  61626       0.38770 0.38770 0.38770   0.00030 0.21091   0.388 
0.69595  61424       0.38634 0.38634 0.38634   0.00030 0.21161   0.386 
0.69695  61222       0.38496 0.38496 0.38496   0.00030 0.21231   0.385 
0.69795  61020       0.38404 0.38404 0.38404   0.00030 0.21278   0.384 
0.69895  60818       0.38251 0.38251 0.38251   0.00031 0.21357   0.383 
0.69995  60616       0.38190 0.38190 0.38190   0.00031 0.21388   0.382 
0.70095  60414       0.38095 0.38095 0.38095   0.00031 0.21437   0.381 
0.70195  60212       0.37939 0.37939 0.37939   0.00031 0.21518   0.379 
0.70295  60010       0.37830 0.37830 0.37830   0.00031 0.21574   0.378 
0.70395  59808       0.37697 0.37697 0.37697   0.00031 0.21643   0.377 
0.70495  59606       0.37586 0.37586 0.37586   0.00031 0.21701   0.376 
0.70595  59404       0.37450 0.37450 0.37450   0.00031 0.21772   0.374 
0.70695  59202       0.37325 0.37325 0.37325   0.00031 0.21837   0.373 
0.70795  59000       0.37261 0.37261 0.37261   0.00031 0.21871   0.373 
0.70895  58798       0.37191 0.37191 0.37191   0.00031 0.21907   0.372 
0.70995  58596       0.37061 0.37061 0.37061   0.00031 0.21976   0.371 
0.71095  58394       0.36930 0.36930 0.36930   0.00031 0.22045   0.369 
0.71195  58192       0.36798 0.36798 0.36798   0.00031 0.22115   0.368 
0.71295  57990       0.36663 0.36663 0.36663   0.00031 0.22186   0.367 
0.71395  57788       0.36562 0.36562 0.36562   0.00031 0.22240   0.366 
0.71495  57586       0.36432 0.36432 0.36432   0.00031 0.22309   0.364 
0.71595  57384       0.36303 0.36303 0.36303   0.00031 0.22378   0.363 
0.71695  57182       0.36177 0.36177 0.36177   0.00031 0.22445   0.362 
0.71795  56980       0.36055 0.36055 0.36055   0.00031 0.22511   0.361 
0.71895  56778       0.35933 0.35933 0.35933   0.00031 0.22577   0.359 
0.71995  56576       0.35813 0.35813 0.35813   0.00031 0.22641   0.358 
0.72095  56374       0.35689 0.35689 0.35689   0.00031 0.22708   0.357 
0.72195  56172       0.35561 0.35561 0.35561   0.00032 0.22778   0.356 
0.72295  55970       0.35439 0.35439 0.35439   0.00032 0.22844   0.354 
0.72395  55768       0.35304 0.35304 0.35304   0.00032 0.22917   0.353 
0.72495  55566       0.35177 0.35177 0.35177   0.00032 0.22987   0.352 
0.72595  55364       0.35036 0.35036 0.35036   0.00032 0.23064   0.350 
0.72695  55162       0.34904 0.34904 0.34904   0.00032 0.23137   0.349 
0.72795  54960       0.34772 0.34772 0.34772   0.00032 0.23210   0.348 
0.72894  54758       0.34670 0.34670 0.34670   0.00032 0.23266   0.347 
0.72994  54556       0.34542 0.34542 0.34542   0.00032 0.23337   0.345 
0.73094  54354       0.34408 0.34408 0.34408   0.00032 0.23411   0.344 
0.73194  54152       0.34275 0.34275 0.34275   0.00032 0.23485   0.343 
0.73294  53950       0.34144 0.34144 0.34144   0.00032 0.23559   0.341 
0.73394  53748       0.34020 0.34020 0.34020   0.00032 0.23628   0.340 
0.73494  53546       0.33891 0.33891 0.33891   0.00032 0.23701   0.339 
0.73594  53344       0.33758 0.33758 0.33758   0.00032 0.23775   0.338 
0.73694  53142       0.33633 0.33633 0.33633   0.00032 0.23846   0.336 
0.73794  52940       0.33497 0.33497 0.33497   0.00032 0.23923   0.335 
0.73894  52738       0.33374 0.33374 0.33374   0.00032 0.23993   0.334 
0.73994  52536       0.33234 0.33234 0.33234   0.00032 0.24073   0.332 
0.74094  52334       0.33098 0.33098 0.33098   0.00033 0.24151   0.331 
0.74194  52132       0.32973 0.32973 0.32973   0.00033 0.24223   0.330 
0.74294  51930       0.32868 0.32868 0.32868   0.00033 0.24283   0.329 
0.74394  51728       0.32721 0.32721 0.32721   0.00033 0.24368   0.327 
0.74494  51526       0.32610 0.32610 0.32610   0.00033 0.24432   0.326 
0.74594  51324       0.32480 0.32480 0.32480   0.00033 0.24508   0.325 
0.74694  51122       0.32358 0.32358 0.32358   0.00033 0.24579   0.324 
0.74794  50920       0.32234 0.32234 0.32234   0.00033 0.24651   0.322 
0.74894  50718       0.32103 0.32103 0.32103   0.00033 0.24728   0.321 
0.74994  50516       0.32002 0.32002 0.32002   0.00033 0.24786   0.320 
0.75094  50314       0.31878 0.31878 0.31878   0.00033 0.24860   0.319 
0.75194  50112       0.31768 0.31768 0.31768   0.00033 0.24925   0.318 
0.75294  49910       0.31641 0.31641 0.31641   0.00033 0.25000   0.316 
0.75394  49708       0.31510 0.31510 0.31510   0.00033 0.25077   0.315 
0.75494  49506       0.31375 0.31375 0.31375   0.00033 0.25158   0.314 
0.75594  49304       0.31250 0.31250 0.31250   0.00033 0.25233   0.312 
0.75694  49102       0.31136 0.31136 0.31136   0.00033 0.25301   0.311 
0.75794  48900       0.31016 0.31016 0.31016   0.00033 0.25373   0.310 
0.75894  48698       0.30896 0.30896 0.30896   0.00033 0.25445   0.309 
0.75994  48496       0.30770 0.30770 0.30770   0.00034 0.25522   0.308 
0.76094  48294       0.30639 0.30639 0.30639   0.00034 0.25600   0.306 
0.76194  48092       0.30514 0.30514 0.30514   0.00034 0.25677   0.305 
0.76294  47890       0.30390 0.30390 0.30390   0.00034 0.25752   0.304 
0.76394  47688       0.30258 0.30258 0.30258   0.00034 0.25833   0.303 
0.76494  47486       0.30133 0.30133 0.30133   0.00034 0.25910   0.301 
0.76594  47284       0.30001 0.30001 0.30001   0.00034 0.25991   0.300 
0.76694  47082       0.29877 0.29877 0.29877   0.00034 0.26067   0.299 
0.76794  46880       0.29769 0.29769 0.29769   0.00034 0.26135   0.298 
0.76894  46678       0.29686 0.29686 0.29686   0.00034 0.26186   0.297 
0.76994  46476       0.29612 0.29612 0.29612   0.00034 0.26232   0.296 
0.77094  46274       0.29504 0.29504 0.29504   0.00034 0.26300   0.295 
0.77194  46072       0.29388 0.29388 0.29388   0.00034 0.26372   0.294 
0.77294  45870       0.29270 0.29270 0.29270   0.00034 0.26446   0.293 
0.77394  45668       0.29141 0.29141 0.29141   0.00034 0.26527   0.291 
0.77494  45466       0.29077 0.29077 0.29077   0.00034 0.26567   0.291 
0.77594  45264       0.28999 0.28999 0.28999   0.00034 0.26617   0.290 
0.77694  45062       0.28882 0.28882 0.28882   0.00034 0.26691   0.289 
0.77794  44860       0.28762 0.28762 0.28762   0.00034 0.26767   0.288 
0.77894  44658       0.28650 0.28650 0.28650   0.00034 0.26839   0.286 
0.77994  44456       0.28529 0.28529 0.28529   0.00034 0.26916   0.285 
0.78094  44254       0.28454 0.28454 0.28454   0.00034 0.26964   0.285 
0.78194  44052       0.28335 0.28335 0.28335   0.00035 0.27041   0.283 
0.78294  43850       0.28217 0.28217 0.28217   0.00035 0.27117   0.282 
0.78394  43648       0.28099 0.28099 0.28099   0.00035 0.27193   0.281 
0.78494  43446       0.27981 0.27981 0.27981   0.00035 0.27270   0.280 
0.78594  43244       0.27850 0.27850 0.27850   0.00035 0.27355   0.279 
0.78694  43042       0.27722 0.27722 0.27722   0.00035 0.27439   0.277 
0.78794  42840       0.27610 0.27610 0.27610   0.00035 0.27512   0.276 
0.78894  42638       0.27491 0.27491 0.27491   0.00035 0.27590   0.275 
0.78994  42436       0.27368 0.27368 0.27368   0.00035 0.27671   0.274 
0.79094  42234       0.27252 0.27252 0.27252   0.00035 0.27748   0.273 
0.79194  42032       0.27162 0.27162 0.27162   0.00035 0.27808   0.272 
0.79294  41830       0.27047 0.27047 0.27047   0.00035 0.27885   0.270 
0.79394  41628       0.26939 0.26939 0.26939   0.00035 0.27956   0.269 
0.79494  41426       0.26827 0.26827 0.26827   0.00035 0.28032   0.268 
0.79594  41224       0.26712 0.26712 0.26712   0.00035 0.28109   0.267 
0.79694  41022       0.26598 0.26598 0.26598   0.00035 0.28185   0.266 
0.79794  40820       0.26499 0.26499 0.26499   0.00035 0.28252   0.265 
0.79894  40618       0.26381 0.26381 0.26381   0.00035 0.28332   0.264 
0.79994  40416       0.26280 0.26280 0.26280   0.00035 0.28401   0.263 
0.80094  40214       0.26168 0.26168 0.26168   0.00036 0.28477   0.262 
0.80194  40012       0.26056 0.26056 0.26056   0.00036 0.28554   0.261 
0.80294  39810       0.25938 0.25938 0.25938   0.00036 0.28635   0.259 
0.80394  39608       0.25821 0.25821 0.25821   0.00036 0.28716   0.258 
0.80494  39406       0.25711 0.25711 0.25711   0.00036 0.28792   0.257 
0.80594  39204       0.25605 0.25605 0.25605   0.00036 0.28865   0.256 
0.80694  39002       0.25514 0.25514 0.25514   0.00036 0.28928   0.255 
0.80794  38800       0.25400 0.25400 0.25400   0.00036 0.29008   0.254 
0.80894  38598       0.25288 0.25288 0.25288   0.00036 0.29087   0.253 
0.80994  38396       0.25225 0.25225 0.25225   0.00036 0.29131   0.252 
0.81094  38194       0.25154 0.25154 0.25154   0.00036 0.29181   0.252 
0.81194  37992       0.25045 0.25045 0.25045   0.00036 0.29257   0.250 
0.81294  37790       0.24961 0.24961 0.24961   0.00036 0.29317   0.250 
0.81394  37588       0.24855 0.24855 0.24855   0.00036 0.29392   0.249 
0.81494  37386       0.24738 0.24738 0.24738   0.00036 0.29475   0.247 
0.81594  37184       0.24627 0.24627 0.24627   0.00036 0.29555   0.246 
0.81694  36982       0.24519 0.24519 0.24519   0.00036 0.29632   0.245 
0.81794  36780       0.24402 0.24402 0.24402   0.00036 0.29716   0.244 
0.81894  36578       0.24293 0.24293 0.24293   0.00036 0.29795   0.243 
0.81994  36376       0.24182 0.24182 0.24182   0.00036 0.29875   0.242 
0.82094  36174       0.24077 0.24077 0.24077   0.00036 0.29951   0.241 
0.82194  35972       0.23961 0.23961 0.23961   0.00036 0.30036   0.240 
0.82294  35770       0.23850 0.23850 0.23850   0.00037 0.30117   0.239 
0.82394  35568       0.23743 0.23743 0.23743   0.00037 0.30195   0.237 
0.82494  35366       0.23651 0.23651 0.23651   0.00037 0.30263   0.237 
0.82594  35164       0.23543 0.23543 0.23543   0.00037 0.30343   0.235 
0.82694  34962       0.23441 0.23441 0.23441   0.00037 0.30419   0.234 
0.82794  34760       0.23338 0.23338 0.23338   0.00037 0.30495   0.233 
0.82894  34558       0.23243 0.23243 0.23243   0.00037 0.30566   0.232 
0.82994  34356       0.23134 0.23134 0.23134   0.00037 0.30647   0.231 
0.83094  34154       0.23033 0.23033 0.23033   0.00037 0.30723   0.230 
0.83194  33952       0.22929 0.22929 0.22929   0.00037 0.30802   0.229 
0.83294  33750       0.22823 0.22823 0.22823   0.00037 0.30882   0.228 
0.83394  33548       0.22713 0.22713 0.22713   0.00037 0.30965   0.227 
0.83494  33346       0.22605 0.22605 0.22605   0.00037 0.31047   0.226 
0.83594  33144       0.22495 0.22495 0.22495   0.00037 0.31132   0.225 
0.83694  32942       0.22393 0.22393 0.22393   0.00037 0.31210   0.224 
0.83794  32740       0.22285 0.22285 0.22285   0.00037 0.31293   0.223 
0.83894  32538       0.22183 0.22183 0.22183   0.00037 0.31372   0.222 
0.83994  32336       0.22075 0.22075 0.22075   0.00037 0.31455   0.221 
0.84093  32134       0.21963 0.21963 0.21963   0.00037 0.31542   0.220 
0.84193  31932       0.21853 0.21853 0.21853   0.00038 0.31628   0.219 
0.84293  31730       0.21728 0.21728 0.21728   0.00038 0.31726   0.217 
0.84393  31528       0.21617 0.21617 0.21617   0.00038 0.31813   0.216 
0.84493  31326       0.21511 0.21511 0.21511   0.00038 0.31897   0.215 
0.84593  31124       0.21404 0.21404 0.21404   0.00038 0.31982   0.214 
0.84693  30922       0.21295 0.21295 0.21295   0.00038 0.32069   0.213 
0.84793  30720       0.21191 0.21191 0.21191   0.00038 0.32152   0.212 
0.84893  30518       0.21085 0.21085 0.21085   0.00038 0.32237   0.211 
0.84993  30316       0.20982 0.20982 0.20982   0.00038 0.32320   0.210 
0.85093  30114       0.20872 0.20872 0.20872   0.00038 0.32408   0.209 
0.85193  29912       0.20765 0.20765 0.20765   0.00038 0.32496   0.208 
0.85293  29710       0.20651 0.20651 0.20651   0.00038 0.32588   0.207 
0.85393  29508       0.20540 0.20540 0.20540   0.00038 0.32679   0.205 
0.85493  29306       0.20437 0.20437 0.20437   0.00038 0.32763   0.204 
0.85593  29104       0.20329 0.20329 0.20329   0.00038 0.32853   0.203 
0.85693  28902       0.20219 0.20219 0.20219   0.00038 0.32943   0.202 
0.85793  28700       0.20104 0.20104 0.20104   0.00038 0.33039   0.201 
0.85893  28498       0.19965 0.19965 0.19965   0.00039 0.33156   0.200 
0.85993  28296       0.19857 0.19857 0.19857   0.00039 0.33246   0.199 
0.86093  28094       0.19755 0.19755 0.19755   0.00039 0.33332   0.198 
0.86193  27892       0.19638 0.19638 0.19638   0.00039 0.33430   0.196 
0.86293  27690       0.19540 0.19540 0.19540   0.00039 0.33514   0.195 
0.86393  27488       0.19428 0.19428 0.19428   0.00039 0.33610   0.194 
0.86493  27286       0.19320 0.19320 0.19320   0.00039 0.33702   0.193 
0.86593  27084       0.19206 0.19206 0.19206   0.00039 0.33800   0.192 
0.86693  26882       0.19104 0.19104 0.19104   0.00039 0.33888   0.191 
0.86793  26680       0.18994 0.18994 0.18994   0.00039 0.33983   0.190 
0.86893  26478       0.18887 0.18887 0.18887   0.00039 0.34076   0.189 
0.86993  26276       0.18776 0.18776 0.18776   0.00039 0.34174   0.188 
0.87093  26074       0.18662 0.18662 0.18662   0.00039 0.34274   0.187 
0.87193  25872       0.18581 0.18581 0.18581   0.00039 0.34345   0.186 
0.87293  25670       0.18477 0.18477 0.18477   0.00039 0.34437   0.185 
0.87393  25468       0.18365 0.18365 0.18365   0.00039 0.34537   0.184 
0.87493  25266       0.18260 0.18260 0.18260   0.00040 0.34630   0.183 
0.87593  25064       0.18154 0.18154 0.18154   0.00040 0.34725   0.182 
0.87693  24862       0.18042 0.18042 0.18042   0.00040 0.34827   0.180 
0.87793  24660       0.17932 0.17932 0.17932   0.00040 0.34926   0.179 
0.87893  24458       0.17830 0.17830 0.17830   0.00040 0.35018   0.178 
0.87993  24256       0.17719 0.17719 0.17719   0.00040 0.35120   0.177 
0.88093  24054       0.17610 0.17610 0.17610   0.00040 0.35220   0.176 
0.88193  23852       0.17498 0.17498 0.17498   0.00040 0.35323   0.175 
0.88293  23650       0.17388 0.17388 0.17388   0.00040 0.35425   0.174 
0.88393  23448       0.17272 0.17272 0.17272   0.00040 0.35533   0.173 
0.88493  23246       0.17160 0.17160 0.17160   0.00040 0.35638   0.172 
0.88593  23044       0.17039 0.17039 0.17039   0.00040 0.35752   0.170 
0.88693  22842       0.16924 0.16924 0.16924   0.00040 0.35860   0.169 
0.88793  22640       0.16815 0.16815 0.16815   0.00040 0.35964   0.168 
0.88893  22438       0.16705 0.16705 0.16705   0.00041 0.36069   0.167 
0.88993  22236       0.16593 0.16593 0.16593   0.00041 0.36176   0.166 
0.89093  22034       0.16483 0.16483 0.16483   0.00041 0.36283   0.165 
0.89193  21832       0.16372 0.16372 0.16372   0.00041 0.36390   0.164 
0.89293  21630       0.16258 0.16258 0.16258   0.00041 0.36501   0.163 
0.89393  21428       0.16145 0.16145 0.16145   0.00041 0.36612   0.161 
0.89493  21226       0.16022 0.16022 0.16022   0.00041 0.36733   0.160 
0.89593  21024       0.15904 0.15904 0.15904   0.00041 0.36850   0.159 
0.89693  20822       0.15789 0.15789 0.15789   0.00041 0.36964   0.158 
0.89793  20620       0.15673 0.15673 0.15673   0.00041 0.37080   0.157 
0.89893  20418       0.15558 0.15558 0.15558   0.00041 0.37196   0.156 
0.89993  20216       0.15442 0.15442 0.15442   0.00041 0.37313   0.154 
0.90093  20014       0.15327 0.15327 0.15327   0.00041 0.37430   0.153 
0.90193  19812       0.15206 0.15206 0.15206   0.00042 0.37554   0.152 
0.90293  19610       0.15089 0.15089 0.15089   0.00042 0.37675   0.151 
0.90393  19408       0.14972 0.14972 0.14972   0.00042 0.37795   0.150 
0.90493  19206       0.14854 0.14854 0.14854   0.00042 0.37919   0.149 
0.90593  19004       0.14735 0.14735 0.14735   0.00042 0.38044   0.147 
0.90693  18802       0.14615 0.14615 0.14615   0.00042 0.38170   0.146 
0.90793  18600       0.14501 0.14501 0.14501   0.00042 0.38291   0.145 
0.90893  18398       0.14382 0.14382 0.14382   0.00042 0.38418   0.144 
0.90993  18196       0.14260 0.14260 0.14260   0.00042 0.38549   0.143 
0.91093  17994       0.14142 0.14142 0.14142   0.00042 0.38676   0.141 
0.91193  17792       0.14021 0.14021 0.14021   0.00043 0.38808   0.140 
0.91293  17590       0.13898 0.13898 0.13898   0.00043 0.38943   0.139 
0.91393  17388       0.13778 0.13778 0.13778   0.00043 0.39075   0.138 
0.91493  17186       0.13654 0.13654 0.13654   0.00043 0.39212   0.137 
0.91593  16984       0.13530 0.13530 0.13530   0.00043 0.39351   0.135 
0.91693  16782       0.13402 0.13402 0.13402   0.00043 0.39495   0.134 
0.91793  16580       0.13278 0.13278 0.13278   0.00043 0.39635   0.133 
0.91893  16378       0.13155 0.13155 0.13155   0.00043 0.39775   0.132 
0.91993  16176       0.13029 0.13029 0.13029   0.00043 0.39920   0.130 
0.92093  15974       0.12903 0.12903 0.12903   0.00043 0.40066   0.129 
0.92193  15772       0.12775 0.12775 0.12775   0.00044 0.40215   0.128 
0.92293  15570       0.12651 0.12651 0.12651   0.00044 0.40361   0.127 
0.92393  15368       0.12525 0.12525 0.12525   0.00044 0.40509   0.125 
0.92493  15166       0.12397 0.12397 0.12397   0.00044 0.40662   0.124 
0.92593  14964       0.12271 0.12271 0.12271   0.00044 0.40814   0.123 
0.92693  14762       0.12144 0.12144 0.12144   0.00044 0.40967   0.121 
0.92793  14560       0.12016 0.12016 0.12016   0.00044 0.41124   0.120 
0.92893  14358       0.11886 0.11886 0.11886   0.00044 0.41283   0.119 
0.92993  14156       0.11757 0.11757 0.11757   0.00045 0.41444   0.118 
0.93093  13954       0.11626 0.11626 0.11626   0.00045 0.41607   0.116 
0.93193  13752       0.11495 0.11495 0.11495   0.00045 0.41773   0.115 
0.93293  13550       0.11362 0.11362 0.11362   0.00045 0.41942   0.114 
0.93393  13348       0.11229 0.11229 0.11229   0.00045 0.42113   0.112 
0.93493  13146       0.11093 0.11093 0.11093   0.00045 0.42289   0.111 
0.93593  12944       0.10959 0.10959 0.10959   0.00045 0.42464   0.110 
0.93693  12742       0.10826 0.10826 0.10826   0.00045 0.42639   0.108 
0.93793  12540       0.10689 0.10689 0.10689   0.00046 0.42821   0.107 
0.93893  12338       0.10552 0.10552 0.10552   0.00046 0.43006   0.106 
0.93993  12136       0.10413 0.10413 0.10413   0.00046 0.43194   0.104 
0.94093  11934       0.10273 0.10273 0.10273   0.00046 0.43386   0.103 
0.94193  11732       0.10134 0.10134 0.10134   0.00046 0.43579   0.101 
0.94293  11530       0.09992 0.09992 0.09992   0.00046 0.43777   0.100 
0.94393  11328       0.09849 0.09849 0.09849   0.00047 0.43979   0.098 
0.94493  11126       0.09707 0.09707 0.09707   0.00047 0.44183   0.097 
0.94593  10924       0.09564 0.09564 0.09564   0.00047 0.44389   0.096 
0.94693  10722       0.09420 0.09420 0.09420   0.00047 0.44599   0.094 
0.94793  10520       0.09275 0.09275 0.09275   0.00047 0.44813   0.093 
0.94893  10318       0.09130 0.09130 0.09130   0.00047 0.45032   0.091 
0.94993  10116       0.08982 0.08982 0.08982   0.00048 0.45255   0.090 
0.95093  9914        0.08835 0.08835 0.08835   0.00048 0.45481   0.088 
0.95193  9712        0.08687 0.08687 0.08687   0.00048 0.45710   0.087 
0.95292  9510        0.08538 0.08538 0.08538   0.00048 0.45945   0.085 
0.95392  9308        0.08387 0.08387 0.08387   0.00048 0.46185   0.084 
0.95492  9106        0.08236 0.08236 0.08236   0.00049 0.46430   0.082 
0.95592  8904        0.08084 0.08084 0.08084   0.00049 0.46678   0.081 
0.95692  8702        0.07931 0.07931 0.07931   0.00049 0.46932   0.079 
0.95792  8500        0.07777 0.07777 0.07777   0.00049 0.47191   0.078 
0.95892  8298        0.07623 0.07623 0.07623   0.00049 0.47455   0.076 
0.95992  8096        0.07467 0.07467 0.07467   0.00050 0.47725   0.075 
0.96092  7894        0.07311 0.07311 0.07311   0.00050 0.48001   0.073 
0.96192  7692        0.07154 0.07154 0.07154   0.00050 0.48283   0.072 
0.96292  7490        0.06995 0.06995 0.06995   0.00050 0.48572   0.070 
0.96392  7288        0.06836 0.06836 0.06836   0.00051 0.48868   0.068 
0.96492  7086        0.06675 0.06675 0.06675   0.00051 0.49171   0.067 
0.96592  6884        0.06513 0.06513 0.06513   0.00051 0.49483   0.065 
0.96692  6682        0.06350 0.06350 0.06350   0.00051 0.49802   0.063 
0.96792  6480        0.06185 0.06185 0.06185   0.00052 0.50130   0.062 
0.96892  6278        0.06020 0.06020 0.06020   0.00052 0.50467   0.060 
0.96992  6076        0.05854 0.05854 0.05854   0.00052 0.50812   0.059 
0.97092  5874        0.05684 0.05684 0.05684   0.00053 0.51173   0.057 
0.97192  5672        0.05514 0.05514 0.05514   0.00053 0.51541   0.055 
0.97292  5470        0.05341 0.05341 0.05341   0.00053 0.51926   0.053 
0.97392  5268        0.05169 0.05169 0.05169   0.00054 0.52318   0.052 
0.97492  5066        0.04996 0.04996 0.04996   0.00054 0.52722   0.050 
0.97592  4864        0.04820 0.04820 0.04820   0.00054 0.53143   0.048 
0.97692  4662        0.04642 0.04642 0.04642   0.00055 0.53583   0.046 
0.97792  4460        0.04464 0.04464 0.04464   0.00055 0.54036   0.045 
0.97892  4258        0.04282 0.04282 0.04282   0.00056 0.54509   0.043 
0.97992  4056        0.04097 0.04097 0.04097   0.00056 0.55010   0.041 
0.98092  3854        0.03912 0.03912 0.03912   0.00057 0.55527   0.039 
0.98192  3652        0.03723 0.03723 0.03723   0.00057 0.56075   0.037 
0.98292  3450        0.03533 0.03533 0.03533   0.00058 0.56645   0.035 
0.98392  3248        0.03342 0.03342 0.03342   0.00058 0.57245   0.033 
0.98492  3046        0.03146 0.03146 0.03146   0.00059 0.57886   0.031 
0.98592  2844        0.02948 0.02948 0.02948   0.00059 0.58563   0.029 
0.98692  2642        0.02748 0.02748 0.02748   0.00060 0.59284   0.027 
0.98792  2440        0.02545 0.02545 0.02545   0.00061 0.60058   0.025 
0.98892  2238        0.02339 0.02339 0.02339   0.00062 0.60891   0.023 
0.98992  2036        0.02130 0.02130 0.02130   0.00062 0.61799   0.021 
0.99092  1834        0.01917 0.01917 0.01917   0.00063 0.62791   0.019 
0.99192  1632        0.01698 0.01698 0.01698   0.00064 0.63900   0.017 
0.99292  1430        0.01483 0.01483 0.01483   0.00065 0.65101   0.015 
0.99392  1228        0.01300 0.01300 0.01300   0.00067 0.66236   0.013 
0.99492  1026        0.01113 0.01113 0.01113   0.00068 0.67518   0.011 
0.99592  824         0.00917 0.00917 0.00917   0.00069 0.69057   0.009 
0.99692  622         0.00694 0.00694 0.00694   0.00071 0.71136   0.007 
0.99792  420         0.00468 0.00468 0.00468   0.00074 0.73841   0.005 
0.99892  218         0.00253 0.00253 0.00253   0.00078 0.77575   0.003 
0.99992  16          0.00020 0.00020 0.00020   0.00088 0.88071   0.000 
1.00000  0           0.00000 0.00000 0.00000   0.00100 0.99988   0.000 
