F-lost	   TF_cost	min-1	mean-1	max-1	w-mean-1	ext2-1	
0.0000	2.0202e+005	0.7593	0.7593	0.7593	0.7593	0.0665	
0.0010	2.0181e+005	0.7593	0.7593	0.7593	0.7593	0.0665	
0.0020	2.0161e+005	0.7593	0.7593	0.7593	0.7593	0.0665	
0.0030	2.0141e+005	0.7593	0.7593	0.7593	0.7593	0.0665	
0.0040	2.0121e+005	0.7593	0.7593	0.7593	0.7593	0.0665	
0.0050	2.0101e+005	0.7593	0.7593	0.7593	0.7593	0.0665	
0.0060	2.008e+005	0.7593	0.7593	0.7593	0.7593	0.0665	
0.0070	2.006e+005	0.7593	0.7593	0.7593	0.7593	0.0665	
0.0080	2.004e+005	0.7593	0.7593	0.7593	0.7593	0.0665	
0.0090	2.002e+005	0.7593	0.7593	0.7593	0.7593	0.0665	
0.0100	2e+005    	0.7593	0.7593	0.7593	0.7593	0.0665	
0.0110	1.9979e+005	0.7593	0.7593	0.7593	0.7593	0.0665	
0.0120	1.9959e+005	0.7593	0.7593	0.7593	0.7593	0.0665	
0.0130	1.9939e+005	0.7593	0.7593	0.7593	0.7593	0.0665	
0.0140	1.9919e+005	0.7593	0.7593	0.7593	0.7593	0.0665	
0.0150	1.9899e+005	0.7592	0.7592	0.7592	0.7592	0.0665	
0.0160	1.9878e+005	0.7592	0.7592	0.7592	0.7592	0.0665	
0.0170	1.9858e+005	0.7592	0.7592	0.7592	0.7592	0.0666	
0.0180	1.9838e+005	0.7592	0.7592	0.7592	0.7592	0.0666	
0.0190	1.9818e+005	0.7591	0.7591	0.7591	0.7591	0.0666	
0.0200	1.9798e+005	0.7591	0.7591	0.7591	0.7591	0.0666	
0.0210	1.9777e+005	0.7591	0.7591	0.7591	0.7591	0.0666	
0.0220	1.9757e+005	0.7591	0.7591	0.7591	0.7591	0.0666	
0.0230	1.9737e+005	0.7590	0.7590	0.7590	0.7590	0.0666	
0.0240	1.9717e+005	0.7590	0.7590	0.7590	0.7590	0.0666	
0.0250	1.9697e+005	0.7590	0.7590	0.7590	0.7590	0.0666	
0.0260	1.9676e+005	0.7589	0.7589	0.7589	0.7589	0.0666	
0.0270	1.9656e+005	0.7589	0.7589	0.7589	0.7589	0.0667	
0.0280	1.9636e+005	0.7588	0.7588	0.7588	0.7588	0.0667	
0.0290	1.9616e+005	0.7588	0.7588	0.7588	0.7588	0.0667	
0.0300	1.9596e+005	0.7587	0.7587	0.7587	0.7587	0.0667	
0.0310	1.9575e+005	0.7587	0.7587	0.7587	0.7587	0.0667	
0.0320	1.9555e+005	0.7586	0.7586	0.7586	0.7586	0.0667	
0.0330	1.9535e+005	0.7586	0.7586	0.7586	0.7586	0.0667	
0.0340	1.9515e+005	0.7585	0.7585	0.7585	0.7585	0.0668	
0.0350	1.9495e+005	0.7585	0.7585	0.7585	0.7585	0.0668	
0.0360	1.9474e+005	0.7584	0.7584	0.7584	0.7584	0.0668	
0.0370	1.9454e+005	0.7584	0.7584	0.7584	0.7584	0.0668	
0.0380	1.9434e+005	0.7583	0.7583	0.7583	0.7583	0.0668	
0.0390	1.9414e+005	0.7582	0.7582	0.7582	0.7582	0.0669	
0.0400	1.9394e+005	0.7582	0.7582	0.7582	0.7582	0.0669	
0.0410	1.9373e+005	0.7581	0.7581	0.7581	0.7581	0.0669	
0.0420	1.9353e+005	0.7581	0.7581	0.7581	0.7581	0.0669	
0.0430	1.9333e+005	0.7580	0.7580	0.7580	0.7580	0.0669	
0.0440	1.9313e+005	0.7579	0.7579	0.7579	0.7579	0.0669	
0.0450	1.9293e+005	0.7578	0.7578	0.7578	0.7578	0.0670	
0.0460	1.9272e+005	0.7578	0.7578	0.7578	0.7578	0.0670	
0.0470	1.9252e+005	0.7577	0.7577	0.7577	0.7577	0.0670	
0.0480	1.9232e+005	0.7576	0.7576	0.7576	0.7576	0.0670	
0.0490	1.9212e+005	0.7575	0.7575	0.7575	0.7575	0.0671	
0.0500	1.9192e+005	0.7575	0.7575	0.7575	0.7575	0.0671	
0.0510	1.9171e+005	0.7574	0.7574	0.7574	0.7574	0.0671	
0.0520	1.9151e+005	0.7573	0.7573	0.7573	0.7573	0.0671	
0.0530	1.9131e+005	0.7572	0.7572	0.7572	0.7572	0.0672	
0.0540	1.9111e+005	0.7571	0.7571	0.7571	0.7571	0.0672	
0.0550	1.9091e+005	0.7570	0.7570	0.7570	0.7570	0.0672	
0.0560	1.907e+005	0.7569	0.7569	0.7569	0.7569	0.0673	
0.0570	1.905e+005	0.7568	0.7568	0.7568	0.7568	0.0673	
0.0580	1.903e+005	0.7567	0.7567	0.7567	0.7567	0.0673	
0.0590	1.901e+005	0.7567	0.7567	0.7567	0.7567	0.0673	
0.0600	1.899e+005	0.7566	0.7566	0.7566	0.7566	0.0674	
0.0610	1.8969e+005	0.7564	0.7564	0.7564	0.7564	0.0674	
0.0620	1.8949e+005	0.7563	0.7563	0.7563	0.7563	0.0674	
0.0630	1.8929e+005	0.7562	0.7562	0.7562	0.7562	0.0675	
0.0640	1.8909e+005	0.7561	0.7561	0.7561	0.7561	0.0675	
0.0650	1.8889e+005	0.7560	0.7560	0.7560	0.7560	0.0675	
0.0660	1.8868e+005	0.7559	0.7559	0.7559	0.7559	0.0676	
0.0670	1.8848e+005	0.7558	0.7558	0.7558	0.7558	0.0676	
0.0680	1.8828e+005	0.7556	0.7556	0.7556	0.7556	0.0676	
0.0690	1.8808e+005	0.7555	0.7555	0.7555	0.7555	0.0677	
0.0700	1.8788e+005	0.7554	0.7554	0.7554	0.7554	0.0677	
0.0710	1.8767e+005	0.7553	0.7553	0.7553	0.7553	0.0678	
0.0720	1.8747e+005	0.7552	0.7552	0.7552	0.7552	0.0678	
0.0730	1.8727e+005	0.7551	0.7551	0.7551	0.7551	0.0678	
0.0740	1.8707e+005	0.7550	0.7550	0.7550	0.7550	0.0678	
0.0750	1.8687e+005	0.7550	0.7550	0.7550	0.7550	0.0678	
0.0760	1.8666e+005	0.7550	0.7550	0.7550	0.7550	0.0678	
0.0770	1.8646e+005	0.7550	0.7550	0.7550	0.7550	0.0678	
0.0780	1.8626e+005	0.7550	0.7550	0.7550	0.7550	0.0678	
0.0790	1.8606e+005	0.7550	0.7550	0.7550	0.7550	0.0678	
0.0800	1.8586e+005	0.7550	0.7550	0.7550	0.7550	0.0678	
0.0810	1.8565e+005	0.7550	0.7550	0.7550	0.7550	0.0678	
0.0820	1.8545e+005	0.7550	0.7550	0.7550	0.7550	0.0678	
0.0830	1.8525e+005	0.7550	0.7550	0.7550	0.7550	0.0679	
0.0840	1.8505e+005	0.7550	0.7550	0.7550	0.7550	0.0679	
0.0850	1.8485e+005	0.7550	0.7550	0.7550	0.7550	0.0679	
0.0860	1.8464e+005	0.7549	0.7549	0.7549	0.7549	0.0679	
0.0870	1.8444e+005	0.7549	0.7549	0.7549	0.7549	0.0679	
0.0880	1.8424e+005	0.7549	0.7549	0.7549	0.7549	0.0679	
0.0890	1.8404e+005	0.7549	0.7549	0.7549	0.7549	0.0679	
0.0900	1.8384e+005	0.7549	0.7549	0.7549	0.7549	0.0679	
0.0910	1.8363e+005	0.7548	0.7548	0.7548	0.7548	0.0679	
0.0920	1.8343e+005	0.7548	0.7548	0.7548	0.7548	0.0679	
0.0930	1.8323e+005	0.7548	0.7548	0.7548	0.7548	0.0679	
0.0940	1.8303e+005	0.7547	0.7547	0.7547	0.7547	0.0679	
0.0950	1.8283e+005	0.7547	0.7547	0.7547	0.7547	0.0679	
0.0960	1.8262e+005	0.7547	0.7547	0.7547	0.7547	0.0680	
0.0970	1.8242e+005	0.7546	0.7546	0.7546	0.7546	0.0680	
0.0980	1.8222e+005	0.7545	0.7545	0.7545	0.7545	0.0680	
0.0990	1.8202e+005	0.7544	0.7544	0.7544	0.7544	0.0680	
0.1000	1.8182e+005	0.7543	0.7543	0.7543	0.7543	0.0681	
0.1010	1.8161e+005	0.7541	0.7541	0.7541	0.7541	0.0681	
0.1020	1.8141e+005	0.7540	0.7540	0.7540	0.7540	0.0682	
0.1030	1.8121e+005	0.7538	0.7538	0.7538	0.7538	0.0682	
0.1040	1.8101e+005	0.7537	0.7537	0.7537	0.7537	0.0683	
0.1050	1.8081e+005	0.7535	0.7535	0.7535	0.7535	0.0683	
0.1060	1.806e+005	0.7534	0.7534	0.7534	0.7534	0.0683	
0.1070	1.804e+005	0.7533	0.7533	0.7533	0.7533	0.0684	
0.1080	1.802e+005	0.7531	0.7531	0.7531	0.7531	0.0684	
0.1090	1.8e+005  	0.7529	0.7529	0.7529	0.7529	0.0685	
0.1100	1.798e+005	0.7528	0.7528	0.7528	0.7528	0.0685	
0.1110	1.7959e+005	0.7527	0.7527	0.7527	0.7527	0.0686	
0.1120	1.7939e+005	0.7526	0.7526	0.7526	0.7526	0.0686	
0.1130	1.7919e+005	0.7525	0.7525	0.7525	0.7525	0.0686	
0.1140	1.7899e+005	0.7524	0.7524	0.7524	0.7524	0.0687	
0.1150	1.7879e+005	0.7523	0.7523	0.7523	0.7523	0.0687	
0.1160	1.7858e+005	0.7522	0.7522	0.7522	0.7522	0.0687	
0.1170	1.7838e+005	0.7520	0.7520	0.7520	0.7520	0.0688	
0.1180	1.7818e+005	0.7518	0.7518	0.7518	0.7518	0.0688	
0.1190	1.7798e+005	0.7517	0.7517	0.7517	0.7517	0.0689	
0.1200	1.7778e+005	0.7515	0.7515	0.7515	0.7515	0.0689	
0.1210	1.7757e+005	0.7513	0.7513	0.7513	0.7513	0.0690	
0.1220	1.7737e+005	0.7512	0.7512	0.7512	0.7512	0.0690	
0.1230	1.7717e+005	0.7510	0.7510	0.7510	0.7510	0.0691	
0.1240	1.7697e+005	0.7508	0.7508	0.7508	0.7508	0.0691	
0.1250	1.7677e+005	0.7506	0.7506	0.7506	0.7506	0.0692	
0.1260	1.7656e+005	0.7504	0.7504	0.7504	0.7504	0.0693	
0.1270	1.7636e+005	0.7502	0.7502	0.7502	0.7502	0.0693	
0.1280	1.7616e+005	0.7501	0.7501	0.7501	0.7501	0.0694	
0.1290	1.7596e+005	0.7499	0.7499	0.7499	0.7499	0.0694	
0.1300	1.7576e+005	0.7498	0.7498	0.7498	0.7498	0.0694	
0.1310	1.7555e+005	0.7497	0.7497	0.7497	0.7497	0.0695	
0.1320	1.7535e+005	0.7496	0.7496	0.7496	0.7496	0.0695	
0.1330	1.7515e+005	0.7495	0.7495	0.7495	0.7495	0.0696	
0.1340	1.7495e+005	0.7494	0.7494	0.7494	0.7494	0.0696	
0.1350	1.7475e+005	0.7493	0.7493	0.7493	0.7493	0.0696	
0.1360	1.7454e+005	0.7491	0.7491	0.7491	0.7491	0.0697	
0.1370	1.7434e+005	0.7489	0.7489	0.7489	0.7489	0.0697	
0.1380	1.7414e+005	0.7487	0.7487	0.7487	0.7487	0.0698	
0.1390	1.7394e+005	0.7485	0.7485	0.7485	0.7485	0.0699	
0.1400	1.7374e+005	0.7483	0.7483	0.7483	0.7483	0.0699	
0.1410	1.7353e+005	0.7481	0.7481	0.7481	0.7481	0.0700	
0.1420	1.7333e+005	0.7479	0.7479	0.7479	0.7479	0.0700	
0.1430	1.7313e+005	0.7477	0.7477	0.7477	0.7477	0.0701	
0.1440	1.7293e+005	0.7475	0.7475	0.7475	0.7475	0.0702	
0.1450	1.7273e+005	0.7473	0.7473	0.7473	0.7473	0.0702	
0.1460	1.7252e+005	0.7471	0.7471	0.7471	0.7471	0.0703	
0.1470	1.7232e+005	0.7469	0.7469	0.7469	0.7469	0.0704	
0.1480	1.7212e+005	0.7467	0.7467	0.7467	0.7467	0.0704	
0.1490	1.7192e+005	0.7464	0.7464	0.7464	0.7464	0.0705	
0.1500	1.7172e+005	0.7462	0.7462	0.7462	0.7462	0.0706	
0.1510	1.7151e+005	0.7461	0.7461	0.7461	0.7461	0.0706	
0.1520	1.7131e+005	0.7459	0.7459	0.7459	0.7459	0.0707	
0.1530	1.7111e+005	0.7458	0.7458	0.7458	0.7458	0.0707	
0.1540	1.7091e+005	0.7457	0.7457	0.7457	0.7457	0.0707	
0.1550	1.7071e+005	0.7455	0.7455	0.7455	0.7455	0.0708	
0.1560	1.705e+005	0.7453	0.7453	0.7453	0.7453	0.0709	
0.1570	1.703e+005	0.7450	0.7450	0.7450	0.7450	0.0709	
0.1580	1.701e+005	0.7448	0.7448	0.7448	0.7448	0.0710	
0.1590	1.699e+005	0.7446	0.7446	0.7446	0.7446	0.0711	
0.1600	1.697e+005	0.7443	0.7443	0.7443	0.7443	0.0712	
0.1610	1.6949e+005	0.7441	0.7441	0.7441	0.7441	0.0712	
0.1620	1.6929e+005	0.7438	0.7438	0.7438	0.7438	0.0713	
0.1630	1.6909e+005	0.7436	0.7436	0.7436	0.7436	0.0714	
0.1640	1.6889e+005	0.7435	0.7435	0.7435	0.7435	0.0714	
0.1650	1.6869e+005	0.7433	0.7433	0.7433	0.7433	0.0715	
0.1660	1.6848e+005	0.7432	0.7432	0.7432	0.7432	0.0715	
0.1670	1.6828e+005	0.7430	0.7430	0.7430	0.7430	0.0716	
0.1680	1.6808e+005	0.7428	0.7428	0.7428	0.7428	0.0716	
0.1690	1.6788e+005	0.7426	0.7426	0.7426	0.7426	0.0717	
0.1700	1.6768e+005	0.7423	0.7423	0.7423	0.7423	0.0718	
0.1710	1.6747e+005	0.7421	0.7421	0.7421	0.7421	0.0719	
0.1720	1.6727e+005	0.7418	0.7418	0.7418	0.7418	0.0719	
0.1730	1.6707e+005	0.7416	0.7416	0.7416	0.7416	0.0720	
0.1740	1.6687e+005	0.7413	0.7413	0.7413	0.7413	0.0721	
0.1750	1.6667e+005	0.7411	0.7411	0.7411	0.7411	0.0722	
0.1760	1.6646e+005	0.7409	0.7409	0.7409	0.7409	0.0722	
0.1770	1.6626e+005	0.7406	0.7406	0.7406	0.7406	0.0723	
0.1780	1.6606e+005	0.7404	0.7404	0.7404	0.7404	0.0724	
0.1790	1.6586e+005	0.7401	0.7401	0.7401	0.7401	0.0725	
0.1800	1.6566e+005	0.7398	0.7398	0.7398	0.7398	0.0726	
0.1810	1.6545e+005	0.7396	0.7396	0.7396	0.7396	0.0726	
0.1820	1.6525e+005	0.7393	0.7393	0.7393	0.7393	0.0727	
0.1830	1.6505e+005	0.7390	0.7390	0.7390	0.7390	0.0728	
0.1840	1.6485e+005	0.7389	0.7389	0.7389	0.7389	0.0729	
0.1850	1.6465e+005	0.7387	0.7387	0.7387	0.7387	0.0729	
0.1860	1.6444e+005	0.7385	0.7385	0.7385	0.7385	0.0730	
0.1870	1.6424e+005	0.7383	0.7383	0.7383	0.7383	0.0730	
0.1880	1.6404e+005	0.7381	0.7381	0.7381	0.7381	0.0731	
0.1890	1.6384e+005	0.7378	0.7378	0.7378	0.7378	0.0732	
0.1900	1.6364e+005	0.7375	0.7375	0.7375	0.7375	0.0733	
0.1910	1.6343e+005	0.7372	0.7372	0.7372	0.7372	0.0734	
0.1920	1.6323e+005	0.7369	0.7369	0.7369	0.7369	0.0735	
0.1930	1.6303e+005	0.7366	0.7366	0.7366	0.7366	0.0736	
0.1940	1.6283e+005	0.7363	0.7363	0.7363	0.7363	0.0737	
0.1950	1.6263e+005	0.7361	0.7361	0.7361	0.7361	0.0738	
0.1960	1.6242e+005	0.7358	0.7358	0.7358	0.7358	0.0738	
0.1970	1.6222e+005	0.7355	0.7355	0.7355	0.7355	0.0739	
0.1980	1.6202e+005	0.7352	0.7352	0.7352	0.7352	0.0740	
0.1990	1.6182e+005	0.7349	0.7349	0.7349	0.7349	0.0741	
0.2000	1.6162e+005	0.7346	0.7346	0.7346	0.7346	0.0742	
0.2010	1.6141e+005	0.7344	0.7344	0.7344	0.7344	0.0743	
0.2020	1.6121e+005	0.7342	0.7342	0.7342	0.7342	0.0743	
0.2030	1.6101e+005	0.7340	0.7340	0.7340	0.7340	0.0744	
0.2040	1.6081e+005	0.7338	0.7338	0.7338	0.7338	0.0745	
0.2050	1.6061e+005	0.7335	0.7335	0.7335	0.7335	0.0746	
0.2060	1.604e+005	0.7332	0.7332	0.7332	0.7332	0.0747	
0.2070	1.602e+005	0.7329	0.7329	0.7329	0.7329	0.0748	
0.2080	1.6e+005  	0.7325	0.7325	0.7325	0.7325	0.0749	
0.2090	1.598e+005	0.7322	0.7322	0.7322	0.7322	0.0750	
0.2100	1.596e+005	0.7319	0.7319	0.7319	0.7319	0.0751	
0.2110	1.5939e+005	0.7316	0.7316	0.7316	0.7316	0.0752	
0.2120	1.5919e+005	0.7313	0.7313	0.7313	0.7313	0.0753	
0.2130	1.5899e+005	0.7309	0.7309	0.7309	0.7309	0.0754	
0.2140	1.5879e+005	0.7306	0.7306	0.7306	0.7306	0.0755	
0.2150	1.5859e+005	0.7303	0.7303	0.7303	0.7303	0.0756	
0.2160	1.5838e+005	0.7299	0.7299	0.7299	0.7299	0.0757	
0.2170	1.5818e+005	0.7296	0.7296	0.7296	0.7296	0.0758	
0.2180	1.5798e+005	0.7294	0.7294	0.7294	0.7294	0.0758	
0.2190	1.5778e+005	0.7292	0.7292	0.7292	0.7292	0.0759	
0.2200	1.5758e+005	0.7290	0.7290	0.7290	0.7290	0.0760	
0.2210	1.5737e+005	0.7287	0.7287	0.7287	0.7287	0.0761	
0.2220	1.5717e+005	0.7285	0.7285	0.7285	0.7285	0.0761	
0.2230	1.5697e+005	0.7281	0.7281	0.7281	0.7281	0.0763	
0.2240	1.5677e+005	0.7278	0.7278	0.7278	0.7278	0.0764	
0.2250	1.5657e+005	0.7274	0.7274	0.7274	0.7274	0.0765	
0.2260	1.5636e+005	0.7271	0.7271	0.7271	0.7271	0.0766	
0.2270	1.5616e+005	0.7267	0.7267	0.7267	0.7267	0.0767	
0.2280	1.5596e+005	0.7264	0.7264	0.7264	0.7264	0.0768	
0.2290	1.5576e+005	0.7261	0.7261	0.7261	0.7261	0.0769	
0.2300	1.5556e+005	0.7257	0.7257	0.7257	0.7257	0.0770	
0.2310	1.5535e+005	0.7253	0.7253	0.7253	0.7253	0.0771	
0.2320	1.5515e+005	0.7250	0.7250	0.7250	0.7250	0.0773	
0.2330	1.5495e+005	0.7246	0.7246	0.7246	0.7246	0.0774	
0.2340	1.5475e+005	0.7243	0.7243	0.7243	0.7243	0.0775	
0.2350	1.5455e+005	0.7240	0.7240	0.7240	0.7240	0.0776	
0.2360	1.5434e+005	0.7238	0.7238	0.7238	0.7238	0.0776	
0.2370	1.5414e+005	0.7235	0.7235	0.7235	0.7235	0.0777	
0.2380	1.5394e+005	0.7232	0.7232	0.7232	0.7232	0.0778	
0.2390	1.5374e+005	0.7229	0.7229	0.7229	0.7229	0.0779	
0.2400	1.5354e+005	0.7226	0.7226	0.7226	0.7226	0.0780	
0.2410	1.5333e+005	0.7222	0.7222	0.7222	0.7222	0.0781	
0.2420	1.5313e+005	0.7218	0.7218	0.7218	0.7218	0.0783	
0.2430	1.5293e+005	0.7214	0.7214	0.7214	0.7214	0.0784	
0.2440	1.5273e+005	0.7211	0.7211	0.7211	0.7211	0.0785	
0.2450	1.5253e+005	0.7207	0.7207	0.7207	0.7207	0.0786	
0.2460	1.5232e+005	0.7203	0.7203	0.7203	0.7203	0.0787	
0.2470	1.5212e+005	0.7199	0.7199	0.7199	0.7199	0.0789	
0.2480	1.5192e+005	0.7195	0.7195	0.7195	0.7195	0.0790	
0.2490	1.5172e+005	0.7192	0.7192	0.7192	0.7192	0.0791	
0.2500	1.5152e+005	0.7188	0.7188	0.7188	0.7188	0.0792	
0.2510	1.5131e+005	0.7184	0.7184	0.7184	0.7184	0.0794	
0.2520	1.5111e+005	0.7182	0.7182	0.7182	0.7182	0.0794	
0.2530	1.5091e+005	0.7179	0.7179	0.7179	0.7179	0.0795	
0.2540	1.5071e+005	0.7176	0.7176	0.7176	0.7176	0.0796	
0.2550	1.5051e+005	0.7173	0.7173	0.7173	0.7173	0.0797	
0.2560	1.503e+005	0.7169	0.7169	0.7169	0.7169	0.0798	
0.2570	1.501e+005	0.7165	0.7165	0.7165	0.7165	0.0800	
0.2580	1.499e+005	0.7161	0.7161	0.7161	0.7161	0.0801	
0.2590	1.497e+005	0.7157	0.7157	0.7157	0.7157	0.0802	
0.2600	1.495e+005	0.7153	0.7153	0.7153	0.7153	0.0804	
0.2610	1.4929e+005	0.7149	0.7149	0.7149	0.7149	0.0805	
0.2620	1.4909e+005	0.7145	0.7145	0.7145	0.7145	0.0806	
0.2630	1.4889e+005	0.7141	0.7141	0.7141	0.7141	0.0807	
0.2640	1.4869e+005	0.7137	0.7137	0.7137	0.7137	0.0809	
0.2650	1.4849e+005	0.7132	0.7132	0.7132	0.7132	0.0810	
0.2660	1.4828e+005	0.7128	0.7128	0.7128	0.7128	0.0812	
0.2670	1.4808e+005	0.7126	0.7126	0.7126	0.7126	0.0812	
0.2680	1.4788e+005	0.7123	0.7123	0.7123	0.7123	0.0813	
0.2690	1.4768e+005	0.7120	0.7120	0.7120	0.7120	0.0814	
0.2700	1.4748e+005	0.7117	0.7117	0.7117	0.7117	0.0815	
0.2710	1.4727e+005	0.7115	0.7115	0.7115	0.7115	0.0816	
0.2720	1.4707e+005	0.7110	0.7110	0.7110	0.7110	0.0817	
0.2730	1.4687e+005	0.7106	0.7106	0.7106	0.7106	0.0819	
0.2740	1.4667e+005	0.7102	0.7102	0.7102	0.7102	0.0820	
0.2750	1.4647e+005	0.7097	0.7097	0.7097	0.7097	0.0821	
0.2760	1.4626e+005	0.7094	0.7094	0.7094	0.7094	0.0823	
0.2770	1.4606e+005	0.7090	0.7090	0.7090	0.7090	0.0824	
0.2780	1.4586e+005	0.7086	0.7086	0.7086	0.7086	0.0825	
0.2790	1.4566e+005	0.7083	0.7083	0.7083	0.7083	0.0826	
0.2800	1.4546e+005	0.7080	0.7080	0.7080	0.7080	0.0827	
0.2810	1.4525e+005	0.7077	0.7077	0.7077	0.7077	0.0828	
0.2820	1.4505e+005	0.7073	0.7073	0.7073	0.7073	0.0829	
0.2830	1.4485e+005	0.7069	0.7069	0.7069	0.7069	0.0831	
0.2840	1.4465e+005	0.7064	0.7064	0.7064	0.7064	0.0832	
0.2850	1.4445e+005	0.7060	0.7060	0.7060	0.7060	0.0834	
0.2860	1.4424e+005	0.7055	0.7055	0.7055	0.7055	0.0835	
0.2870	1.4404e+005	0.7051	0.7051	0.7051	0.7051	0.0837	
0.2880	1.4384e+005	0.7046	0.7046	0.7046	0.7046	0.0838	
0.2890	1.4364e+005	0.7041	0.7041	0.7041	0.7041	0.0840	
0.2900	1.4344e+005	0.7037	0.7037	0.7037	0.7037	0.0841	
0.2910	1.4323e+005	0.7032	0.7032	0.7032	0.7032	0.0843	
0.2920	1.4303e+005	0.7028	0.7028	0.7028	0.7028	0.0844	
0.2930	1.4283e+005	0.7025	0.7025	0.7025	0.7025	0.0845	
0.2940	1.4263e+005	0.7022	0.7022	0.7022	0.7022	0.0846	
0.2950	1.4243e+005	0.7018	0.7018	0.7018	0.7018	0.0847	
0.2960	1.4222e+005	0.7015	0.7015	0.7015	0.7015	0.0848	
0.2970	1.4202e+005	0.7010	0.7010	0.7010	0.7010	0.0850	
0.2980	1.4182e+005	0.7005	0.7005	0.7005	0.7005	0.0851	
0.2990	1.4162e+005	0.7001	0.7001	0.7001	0.7001	0.0853	
0.3000	1.4142e+005	0.6996	0.6996	0.6996	0.6996	0.0854	
0.3010	1.4121e+005	0.6991	0.6991	0.6991	0.6991	0.0856	
0.3020	1.4101e+005	0.6986	0.6986	0.6986	0.6986	0.0858	
0.3030	1.4081e+005	0.6981	0.6981	0.6981	0.6981	0.0859	
0.3040	1.4061e+005	0.6976	0.6976	0.6976	0.6976	0.0861	
0.3050	1.4041e+005	0.6971	0.6971	0.6971	0.6971	0.0862	
0.3060	1.402e+005	0.6967	0.6967	0.6967	0.6967	0.0864	
0.3070	1.4e+005  	0.6963	0.6963	0.6963	0.6963	0.0865	
0.3080	1.398e+005	0.6960	0.6960	0.6960	0.6960	0.0866	
0.3090	1.396e+005	0.6956	0.6956	0.6956	0.6956	0.0867	
0.3100	1.394e+005	0.6953	0.6953	0.6953	0.6953	0.0869	
0.3110	1.3919e+005	0.6949	0.6949	0.6949	0.6949	0.0870	
0.3120	1.3899e+005	0.6944	0.6944	0.6944	0.6944	0.0872	
0.3130	1.3879e+005	0.6939	0.6939	0.6939	0.6939	0.0873	
0.3140	1.3859e+005	0.6934	0.6934	0.6934	0.6934	0.0875	
0.3150	1.3839e+005	0.6928	0.6928	0.6928	0.6928	0.0877	
0.3160	1.3818e+005	0.6923	0.6923	0.6923	0.6923	0.0878	
0.3170	1.3798e+005	0.6918	0.6918	0.6918	0.6918	0.0880	
0.3180	1.3778e+005	0.6913	0.6913	0.6913	0.6913	0.0882	
0.3190	1.3758e+005	0.6908	0.6908	0.6908	0.6908	0.0883	
0.3200	1.3738e+005	0.6903	0.6903	0.6903	0.6903	0.0885	
0.3210	1.3717e+005	0.6898	0.6898	0.6898	0.6898	0.0887	
0.3220	1.3697e+005	0.6894	0.6894	0.6894	0.6894	0.0888	
0.3230	1.3677e+005	0.6891	0.6891	0.6891	0.6891	0.0889	
0.3240	1.3657e+005	0.6889	0.6889	0.6889	0.6889	0.0890	
0.3250	1.3637e+005	0.6887	0.6887	0.6887	0.6887	0.0890	
0.3260	1.3616e+005	0.6883	0.6883	0.6883	0.6883	0.0891	
0.3270	1.3596e+005	0.6878	0.6878	0.6878	0.6878	0.0893	
0.3280	1.3576e+005	0.6873	0.6873	0.6873	0.6873	0.0895	
0.3290	1.3556e+005	0.6869	0.6869	0.6869	0.6869	0.0896	
0.3300	1.3536e+005	0.6865	0.6865	0.6865	0.6865	0.0897	
0.3310	1.3515e+005	0.6860	0.6860	0.6860	0.6860	0.0899	
0.3320	1.3495e+005	0.6855	0.6855	0.6855	0.6855	0.0901	
0.3330	1.3475e+005	0.6850	0.6850	0.6850	0.6850	0.0903	
0.3340	1.3455e+005	0.6844	0.6844	0.6844	0.6844	0.0904	
0.3350	1.3435e+005	0.6839	0.6839	0.6839	0.6839	0.0906	
0.3360	1.3414e+005	0.6834	0.6834	0.6834	0.6834	0.0908	
0.3370	1.3394e+005	0.6828	0.6828	0.6828	0.6828	0.0910	
0.3380	1.3374e+005	0.6823	0.6823	0.6823	0.6823	0.0912	
0.3390	1.3354e+005	0.6818	0.6818	0.6818	0.6818	0.0913	
0.3400	1.3334e+005	0.6814	0.6814	0.6814	0.6814	0.0914	
0.3410	1.3313e+005	0.6811	0.6811	0.6811	0.6811	0.0916	
0.3420	1.3293e+005	0.6807	0.6807	0.6807	0.6807	0.0917	
0.3430	1.3273e+005	0.6801	0.6801	0.6801	0.6801	0.0919	
0.3440	1.3253e+005	0.6796	0.6796	0.6796	0.6796	0.0921	
0.3450	1.3233e+005	0.6790	0.6790	0.6790	0.6790	0.0923	
0.3460	1.3212e+005	0.6784	0.6784	0.6784	0.6784	0.0924	
0.3470	1.3192e+005	0.6779	0.6779	0.6779	0.6779	0.0926	
0.3480	1.3172e+005	0.6773	0.6773	0.6773	0.6773	0.0928	
0.3490	1.3152e+005	0.6767	0.6767	0.6767	0.6767	0.0930	
0.3500	1.3132e+005	0.6762	0.6762	0.6762	0.6762	0.0932	
0.3510	1.3111e+005	0.6756	0.6756	0.6756	0.6756	0.0934	
0.3520	1.3091e+005	0.6752	0.6752	0.6752	0.6752	0.0935	
0.3530	1.3071e+005	0.6748	0.6748	0.6748	0.6748	0.0936	
0.3540	1.3051e+005	0.6745	0.6745	0.6745	0.6745	0.0938	
0.3550	1.3031e+005	0.6741	0.6741	0.6741	0.6741	0.0939	
0.3560	1.301e+005	0.6735	0.6735	0.6735	0.6735	0.0941	
0.3570	1.299e+005	0.6729	0.6729	0.6729	0.6729	0.0943	
0.3580	1.297e+005	0.6723	0.6723	0.6723	0.6723	0.0945	
0.3590	1.295e+005	0.6718	0.6718	0.6718	0.6718	0.0947	
0.3600	1.293e+005	0.6712	0.6712	0.6712	0.6712	0.0949	
0.3610	1.2909e+005	0.6706	0.6706	0.6706	0.6706	0.0951	
0.3620	1.2889e+005	0.6700	0.6700	0.6700	0.6700	0.0953	
0.3630	1.2869e+005	0.6694	0.6694	0.6694	0.6694	0.0955	
0.3640	1.2849e+005	0.6689	0.6689	0.6689	0.6689	0.0957	
0.3650	1.2829e+005	0.6683	0.6683	0.6683	0.6683	0.0958	
0.3660	1.2808e+005	0.6679	0.6679	0.6679	0.6679	0.0960	
0.3670	1.2788e+005	0.6675	0.6675	0.6675	0.6675	0.0961	
0.3680	1.2768e+005	0.6670	0.6670	0.6670	0.6670	0.0963	
0.3690	1.2748e+005	0.6666	0.6666	0.6666	0.6666	0.0964	
0.3700	1.2728e+005	0.6659	0.6659	0.6659	0.6659	0.0966	
0.3710	1.2707e+005	0.6653	0.6653	0.6653	0.6653	0.0968	
0.3720	1.2687e+005	0.6647	0.6647	0.6647	0.6647	0.0971	
0.3730	1.2667e+005	0.6641	0.6641	0.6641	0.6641	0.0973	
0.3740	1.2647e+005	0.6636	0.6636	0.6636	0.6636	0.0974	
0.3750	1.2627e+005	0.6632	0.6632	0.6632	0.6632	0.0976	
0.3760	1.2606e+005	0.6627	0.6627	0.6627	0.6627	0.0977	
0.3770	1.2586e+005	0.6623	0.6623	0.6623	0.6623	0.0979	
0.3780	1.2566e+005	0.6617	0.6617	0.6617	0.6617	0.0981	
0.3790	1.2546e+005	0.6611	0.6611	0.6611	0.6611	0.0983	
0.3800	1.2526e+005	0.6605	0.6605	0.6605	0.6605	0.0985	
0.3810	1.2505e+005	0.6599	0.6599	0.6599	0.6599	0.0987	
0.3820	1.2485e+005	0.6592	0.6592	0.6592	0.6592	0.0989	
0.3830	1.2465e+005	0.6586	0.6586	0.6586	0.6586	0.0991	
0.3840	1.2445e+005	0.6579	0.6579	0.6579	0.6579	0.0994	
0.3850	1.2425e+005	0.6573	0.6573	0.6573	0.6573	0.0996	
0.3860	1.2404e+005	0.6568	0.6568	0.6568	0.6568	0.0998	
0.3870	1.2384e+005	0.6563	0.6563	0.6563	0.6563	0.0999	
0.3880	1.2364e+005	0.6559	0.6559	0.6559	0.6559	0.1001	
0.3890	1.2344e+005	0.6554	0.6554	0.6554	0.6554	0.1002	
0.3900	1.2324e+005	0.6548	0.6548	0.6548	0.6548	0.1004	
0.3910	1.2303e+005	0.6542	0.6542	0.6542	0.6542	0.1007	
0.3920	1.2283e+005	0.6535	0.6535	0.6535	0.6535	0.1009	
0.3930	1.2263e+005	0.6529	0.6529	0.6529	0.6529	0.1011	
0.3940	1.2243e+005	0.6522	0.6522	0.6522	0.6522	0.1013	
0.3950	1.2223e+005	0.6516	0.6516	0.6516	0.6516	0.1016	
0.3960	1.2202e+005	0.6509	0.6509	0.6509	0.6509	0.1018	
0.3970	1.2182e+005	0.6503	0.6503	0.6503	0.6503	0.1020	
0.3980	1.2162e+005	0.6496	0.6496	0.6496	0.6496	0.1022	
0.3990	1.2142e+005	0.6492	0.6492	0.6492	0.6492	0.1024	
0.4000	1.2122e+005	0.6487	0.6487	0.6487	0.6487	0.1025	
0.4010	1.2101e+005	0.6483	0.6483	0.6483	0.6483	0.1027	
0.4020	1.2081e+005	0.6477	0.6477	0.6477	0.6477	0.1029	
0.4030	1.2061e+005	0.6470	0.6470	0.6470	0.6470	0.1031	
0.4040	1.2041e+005	0.6464	0.6464	0.6464	0.6464	0.1034	
0.4050	1.2021e+005	0.6457	0.6457	0.6457	0.6457	0.1036	
0.4060	1.2e+005  	0.6450	0.6450	0.6450	0.6450	0.1038	
0.4070	1.198e+005	0.6443	0.6443	0.6443	0.6443	0.1041	
0.4080	1.196e+005	0.6437	0.6437	0.6437	0.6437	0.1043	
0.4090	1.194e+005	0.6430	0.6430	0.6430	0.6430	0.1045	
0.4100	1.192e+005	0.6424	0.6424	0.6424	0.6424	0.1047	
0.4110	1.1899e+005	0.6419	0.6419	0.6419	0.6419	0.1049	
0.4120	1.1879e+005	0.6415	0.6415	0.6415	0.6415	0.1051	
0.4130	1.1859e+005	0.6413	0.6413	0.6413	0.6413	0.1051	
0.4140	1.1839e+005	0.6406	0.6406	0.6406	0.6406	0.1054	
0.4150	1.1819e+005	0.6399	0.6399	0.6399	0.6399	0.1056	
0.4160	1.1798e+005	0.6392	0.6392	0.6392	0.6392	0.1059	
0.4170	1.1778e+005	0.6384	0.6384	0.6384	0.6384	0.1061	
0.4180	1.1758e+005	0.6377	0.6377	0.6377	0.6377	0.1064	
0.4190	1.1738e+005	0.6370	0.6370	0.6370	0.6370	0.1066	
0.4200	1.1718e+005	0.6363	0.6363	0.6363	0.6363	0.1069	
0.4210	1.1697e+005	0.6358	0.6358	0.6358	0.6358	0.1070	
0.4220	1.1677e+005	0.6353	0.6353	0.6353	0.6353	0.1072	
0.4230	1.1657e+005	0.6348	0.6348	0.6348	0.6348	0.1074	
0.4240	1.1637e+005	0.6342	0.6342	0.6342	0.6342	0.1076	
0.4250	1.1617e+005	0.6335	0.6335	0.6335	0.6335	0.1079	
0.4260	1.1596e+005	0.6327	0.6327	0.6327	0.6327	0.1081	
0.4270	1.1576e+005	0.6320	0.6320	0.6320	0.6320	0.1084	
0.4280	1.1556e+005	0.6313	0.6313	0.6313	0.6313	0.1086	
0.4290	1.1536e+005	0.6306	0.6306	0.6306	0.6306	0.1089	
0.4300	1.1516e+005	0.6298	0.6298	0.6298	0.6298	0.1092	
0.4310	1.1495e+005	0.6293	0.6293	0.6293	0.6293	0.1093	
0.4320	1.1475e+005	0.6288	0.6288	0.6288	0.6288	0.1095	
0.4330	1.1455e+005	0.6283	0.6283	0.6283	0.6283	0.1097	
0.4340	1.1435e+005	0.6277	0.6277	0.6277	0.6277	0.1099	
0.4350	1.1415e+005	0.6270	0.6270	0.6270	0.6270	0.1101	
0.4360	1.1394e+005	0.6263	0.6263	0.6263	0.6263	0.1104	
0.4370	1.1374e+005	0.6255	0.6255	0.6255	0.6255	0.1107	
0.4380	1.1354e+005	0.6248	0.6248	0.6248	0.6248	0.1109	
0.4390	1.1334e+005	0.6241	0.6241	0.6241	0.6241	0.1112	
0.4400	1.1314e+005	0.6233	0.6233	0.6233	0.6233	0.1115	
0.4410	1.1293e+005	0.6227	0.6227	0.6227	0.6227	0.1117	
0.4420	1.1273e+005	0.6222	0.6222	0.6222	0.6222	0.1119	
0.4430	1.1253e+005	0.6217	0.6217	0.6217	0.6217	0.1121	
0.4440	1.1233e+005	0.6209	0.6209	0.6209	0.6209	0.1123	
0.4450	1.1213e+005	0.6201	0.6201	0.6201	0.6201	0.1126	
0.4460	1.1192e+005	0.6194	0.6194	0.6194	0.6194	0.1129	
0.4470	1.1172e+005	0.6188	0.6188	0.6188	0.6188	0.1131	
0.4480	1.1152e+005	0.6183	0.6183	0.6183	0.6183	0.1133	
0.4490	1.1132e+005	0.6177	0.6177	0.6177	0.6177	0.1135	
0.4500	1.1112e+005	0.6171	0.6171	0.6171	0.6171	0.1137	
0.4510	1.1091e+005	0.6163	0.6163	0.6163	0.6163	0.1140	
0.4520	1.1071e+005	0.6155	0.6155	0.6155	0.6155	0.1142	
0.4530	1.1051e+005	0.6148	0.6148	0.6148	0.6148	0.1145	
0.4540	1.1031e+005	0.6140	0.6140	0.6140	0.6140	0.1148	
0.4550	1.1011e+005	0.6132	0.6132	0.6132	0.6132	0.1151	
0.4560	1.099e+005	0.6124	0.6124	0.6124	0.6124	0.1154	
0.4570	1.097e+005	0.6119	0.6119	0.6119	0.6119	0.1156	
0.4580	1.095e+005	0.6114	0.6114	0.6114	0.6114	0.1158	
0.4590	1.093e+005	0.6108	0.6108	0.6108	0.6108	0.1160	
0.4600	1.091e+005	0.6101	0.6101	0.6101	0.6101	0.1162	
0.4610	1.0889e+005	0.6093	0.6093	0.6093	0.6093	0.1165	
0.4620	1.0869e+005	0.6085	0.6085	0.6085	0.6085	0.1168	
0.4630	1.0849e+005	0.6077	0.6077	0.6077	0.6077	0.1171	
0.4640	1.0829e+005	0.6069	0.6069	0.6069	0.6069	0.1174	
0.4650	1.0809e+005	0.6061	0.6061	0.6061	0.6061	0.1177	
0.4660	1.0788e+005	0.6053	0.6053	0.6053	0.6053	0.1180	
0.4670	1.0768e+005	0.6048	0.6048	0.6048	0.6048	0.1181	
0.4680	1.0748e+005	0.6042	0.6042	0.6042	0.6042	0.1184	
0.4690	1.0728e+005	0.6037	0.6037	0.6037	0.6037	0.1185	
0.4700	1.0708e+005	0.6029	0.6029	0.6029	0.6029	0.1188	
0.4710	1.0687e+005	0.6021	0.6021	0.6021	0.6021	0.1191	
0.4720	1.0667e+005	0.6013	0.6013	0.6013	0.6013	0.1194	
0.4730	1.0647e+005	0.6005	0.6005	0.6005	0.6005	0.1197	
0.4740	1.0627e+005	0.5997	0.5997	0.5997	0.5997	0.1200	
0.4750	1.0607e+005	0.5988	0.5988	0.5988	0.5988	0.1203	
0.4760	1.0586e+005	0.5981	0.5981	0.5981	0.5981	0.1206	
0.4770	1.0566e+005	0.5975	0.5975	0.5975	0.5975	0.1208	
0.4780	1.0546e+005	0.5970	0.5970	0.5970	0.5970	0.1210	
0.4790	1.0526e+005	0.5963	0.5963	0.5963	0.5963	0.1213	
0.4800	1.0506e+005	0.5955	0.5955	0.5955	0.5955	0.1216	
0.4810	1.0485e+005	0.5946	0.5946	0.5946	0.5946	0.1219	
0.4820	1.0465e+005	0.5938	0.5938	0.5938	0.5938	0.1222	
0.4830	1.0445e+005	0.5929	0.5929	0.5929	0.5929	0.1225	
0.4840	1.0425e+005	0.5921	0.5921	0.5921	0.5921	0.1228	
0.4850	1.0405e+005	0.5915	0.5915	0.5915	0.5915	0.1230	
0.4860	1.0384e+005	0.5909	0.5909	0.5909	0.5909	0.1232	
0.4870	1.0364e+005	0.5903	0.5903	0.5903	0.5903	0.1235	
0.4880	1.0344e+005	0.5896	0.5896	0.5896	0.5896	0.1237	
0.4890	1.0324e+005	0.5887	0.5887	0.5887	0.5887	0.1241	
0.4900	1.0304e+005	0.5878	0.5878	0.5878	0.5878	0.1244	
0.4910	1.0283e+005	0.5870	0.5870	0.5870	0.5870	0.1247	
0.4920	1.0263e+005	0.5861	0.5861	0.5861	0.5861	0.1250	
0.4930	1.0243e+005	0.5853	0.5853	0.5853	0.5853	0.1253	
0.4940	1.0223e+005	0.5847	0.5847	0.5847	0.5847	0.1256	
0.4950	1.0203e+005	0.5841	0.5841	0.5841	0.5841	0.1258	
0.4960	1.0182e+005	0.5834	0.5834	0.5834	0.5834	0.1260	
0.4970	1.0162e+005	0.5825	0.5825	0.5825	0.5825	0.1264	
0.4980	1.0142e+005	0.5816	0.5816	0.5816	0.5816	0.1267	
0.4990	1.0122e+005	0.5808	0.5808	0.5808	0.5808	0.1270	
0.5000	1.0102e+005	0.5799	0.5799	0.5799	0.5799	0.1274	
0.5010	1.0081e+005	0.5790	0.5790	0.5790	0.5790	0.1277	
0.5020	1.0061e+005	0.5784	0.5784	0.5784	0.5784	0.1279	
0.5030	1.0041e+005	0.5778	0.5778	0.5778	0.5778	0.1281	
0.5040	1.0021e+005	0.5772	0.5772	0.5772	0.5772	0.1284	
0.5050	1.0001e+005	0.5764	0.5764	0.5764	0.5764	0.1287	
0.5060	99804     	0.5755	0.5755	0.5755	0.5755	0.1290	
0.5070	99602     	0.5746	0.5746	0.5746	0.5746	0.1294	
0.5080	99400     	0.5738	0.5738	0.5738	0.5738	0.1296	
0.5090	99198     	0.5732	0.5732	0.5732	0.5732	0.1299	
0.5100	98996     	0.5726	0.5726	0.5726	0.5726	0.1301	
0.5110	98794     	0.5719	0.5719	0.5719	0.5719	0.1304	
0.5120	98592     	0.5710	0.5710	0.5710	0.5710	0.1307	
0.5130	98390     	0.5700	0.5700	0.5700	0.5700	0.1311	
0.5140	98188     	0.5691	0.5691	0.5691	0.5691	0.1314	
0.5150	97986     	0.5682	0.5682	0.5682	0.5682	0.1318	
0.5160	97784     	0.5674	0.5674	0.5674	0.5674	0.1321	
0.5170	97582     	0.5667	0.5667	0.5667	0.5667	0.1324	
0.5180	97380     	0.5661	0.5661	0.5661	0.5661	0.1326	
0.5190	97178     	0.5653	0.5653	0.5653	0.5653	0.1329	
0.5200	96976     	0.5644	0.5644	0.5644	0.5644	0.1333	
0.5210	96774     	0.5634	0.5634	0.5634	0.5634	0.1336	
0.5220	96572     	0.5625	0.5625	0.5625	0.5625	0.1340	
0.5230	96370     	0.5615	0.5615	0.5615	0.5615	0.1343	
0.5240	96168     	0.5608	0.5608	0.5608	0.5608	0.1346	
0.5250	95966     	0.5602	0.5602	0.5602	0.5602	0.1349	
0.5260	95764     	0.5595	0.5595	0.5595	0.5595	0.1351	
0.5270	95562     	0.5586	0.5586	0.5586	0.5586	0.1355	
0.5280	95360     	0.5576	0.5576	0.5576	0.5576	0.1359	
0.5290	95158     	0.5567	0.5567	0.5567	0.5567	0.1362	
0.5300	94956     	0.5557	0.5557	0.5557	0.5557	0.1366	
0.5310	94754     	0.5549	0.5549	0.5549	0.5549	0.1369	
0.5320	94552     	0.5543	0.5543	0.5543	0.5543	0.1372	
0.5330	94350     	0.5536	0.5536	0.5536	0.5536	0.1374	
0.5340	94148     	0.5527	0.5527	0.5527	0.5527	0.1378	
0.5350	93946     	0.5517	0.5517	0.5517	0.5517	0.1381	
0.5360	93744     	0.5508	0.5508	0.5508	0.5508	0.1385	
0.5370	93542     	0.5498	0.5498	0.5498	0.5498	0.1389	
0.5380	93340     	0.5489	0.5489	0.5489	0.5489	0.1392	
0.5390	93138     	0.5483	0.5483	0.5483	0.5483	0.1395	
0.5400	92936     	0.5476	0.5476	0.5476	0.5476	0.1398	
0.5410	92734     	0.5467	0.5467	0.5467	0.5467	0.1401	
0.5420	92532     	0.5457	0.5457	0.5457	0.5457	0.1405	
0.5430	92330     	0.5447	0.5447	0.5447	0.5447	0.1409	
0.5440	92128     	0.5437	0.5437	0.5437	0.5437	0.1413	
0.5450	91926     	0.5429	0.5429	0.5429	0.5429	0.1416	
0.5460	91724     	0.5424	0.5424	0.5424	0.5424	0.1418	
0.5470	91522     	0.5415	0.5415	0.5415	0.5415	0.1422	
0.5480	91320     	0.5405	0.5405	0.5405	0.5405	0.1426	
0.5490	91118     	0.5395	0.5395	0.5395	0.5395	0.1430	
0.5500	90916     	0.5385	0.5385	0.5385	0.5385	0.1434	
0.5510	90714     	0.5377	0.5377	0.5377	0.5377	0.1437	
0.5520	90512     	0.5371	0.5371	0.5371	0.5371	0.1439	
0.5530	90310     	0.5363	0.5363	0.5363	0.5363	0.1442	
0.5540	90108     	0.5353	0.5353	0.5353	0.5353	0.1447	
0.5550	89906     	0.5344	0.5344	0.5344	0.5344	0.1450	
0.5560	89704     	0.5338	0.5338	0.5338	0.5338	0.1452	
0.5570	89502     	0.5330	0.5330	0.5330	0.5330	0.1456	
0.5580	89300     	0.5320	0.5320	0.5320	0.5320	0.1460	
0.5590	89098     	0.5309	0.5309	0.5309	0.5309	0.1464	
0.5600	88896     	0.5299	0.5299	0.5299	0.5299	0.1468	
0.5610	88694     	0.5292	0.5292	0.5292	0.5292	0.1471	
0.5620	88492     	0.5285	0.5285	0.5285	0.5285	0.1474	
0.5630	88290     	0.5278	0.5278	0.5278	0.5278	0.1477	
0.5640	88088     	0.5268	0.5268	0.5268	0.5268	0.1480	
0.5650	87886     	0.5258	0.5258	0.5258	0.5258	0.1485	
0.5660	87684     	0.5247	0.5247	0.5247	0.5247	0.1489	
0.5670	87482     	0.5239	0.5239	0.5239	0.5239	0.1492	
0.5680	87280     	0.5233	0.5233	0.5233	0.5233	0.1495	
0.5690	87078     	0.5224	0.5224	0.5224	0.5224	0.1499	
0.5700	86876     	0.5213	0.5213	0.5213	0.5213	0.1503	
0.5710	86674     	0.5203	0.5203	0.5203	0.5203	0.1507	
0.5720	86472     	0.5192	0.5192	0.5192	0.5192	0.1511	
0.5730	86270     	0.5183	0.5183	0.5183	0.5183	0.1515	
0.5740	86068     	0.5176	0.5176	0.5176	0.5176	0.1518	
0.5750	85866     	0.5168	0.5168	0.5168	0.5168	0.1521	
0.5760	85664     	0.5162	0.5162	0.5162	0.5162	0.1524	
0.5770	85462     	0.5154	0.5154	0.5154	0.5154	0.1527	
0.5780	85260     	0.5145	0.5145	0.5145	0.5145	0.1531	
0.5790	85058     	0.5135	0.5135	0.5135	0.5135	0.1535	
0.5800	84856     	0.5124	0.5124	0.5124	0.5124	0.1539	
0.5810	84654     	0.5115	0.5115	0.5115	0.5115	0.1543	
0.5820	84452     	0.5104	0.5104	0.5104	0.5104	0.1548	
0.5830	84250     	0.5097	0.5097	0.5097	0.5097	0.1551	
0.5840	84048     	0.5089	0.5089	0.5089	0.5089	0.1554	
0.5850	83846     	0.5078	0.5078	0.5078	0.5078	0.1558	
0.5860	83644     	0.5067	0.5067	0.5067	0.5067	0.1563	
0.5870	83442     	0.5056	0.5056	0.5056	0.5056	0.1567	
0.5880	83240     	0.5047	0.5047	0.5047	0.5047	0.1571	
0.5890	83038     	0.5040	0.5040	0.5040	0.5040	0.1574	
0.5900	82836     	0.5031	0.5031	0.5031	0.5031	0.1578	
0.5910	82634     	0.5020	0.5020	0.5020	0.5020	0.1583	
0.5920	82432     	0.5009	0.5009	0.5009	0.5009	0.1587	
0.5930	82230     	0.4998	0.4998	0.4998	0.4998	0.1592	
0.5940	82028     	0.4990	0.4990	0.4990	0.4990	0.1595	
0.5950	81826     	0.4982	0.4982	0.4982	0.4982	0.1599	
0.5960	81624     	0.4971	0.4971	0.4971	0.4971	0.1603	
0.5970	81422     	0.4961	0.4961	0.4961	0.4961	0.1608	
0.5980	81220     	0.4953	0.4953	0.4953	0.4953	0.1611	
0.5990	81018     	0.4945	0.4945	0.4945	0.4945	0.1614	
0.6000	80816     	0.4934	0.4934	0.4934	0.4934	0.1619	
0.6010	80614     	0.4922	0.4922	0.4922	0.4922	0.1624	
0.6020	80412     	0.4911	0.4911	0.4911	0.4911	0.1629	
0.6030	80210     	0.4903	0.4903	0.4903	0.4903	0.1632	
0.6040	80008     	0.4896	0.4896	0.4896	0.4896	0.1635	
0.6050	79806     	0.4885	0.4885	0.4885	0.4885	0.1640	
0.6060	79604     	0.4873	0.4873	0.4873	0.4873	0.1645	
0.6070	79402     	0.4862	0.4862	0.4862	0.4862	0.1650	
0.6080	79200     	0.4853	0.4853	0.4853	0.4853	0.1653	
0.6090	78998     	0.4845	0.4845	0.4845	0.4845	0.1657	
0.6100	78796     	0.4834	0.4834	0.4834	0.4834	0.1662	
0.6110	78594     	0.4822	0.4822	0.4822	0.4822	0.1667	
0.6120	78392     	0.4811	0.4811	0.4811	0.4811	0.1672	
0.6130	78190     	0.4803	0.4803	0.4803	0.4803	0.1675	
0.6140	77988     	0.4794	0.4794	0.4794	0.4794	0.1679	
0.6150	77786     	0.4782	0.4782	0.4782	0.4782	0.1684	
0.6160	77584     	0.4770	0.4770	0.4770	0.4770	0.1689	
0.6170	77382     	0.4760	0.4760	0.4760	0.4760	0.1694	
0.6180	77180     	0.4752	0.4752	0.4752	0.4752	0.1697	
0.6190	76978     	0.4741	0.4741	0.4741	0.4741	0.1702	
0.6200	76776     	0.4729	0.4729	0.4729	0.4729	0.1707	
0.6210	76574     	0.4717	0.4717	0.4717	0.4717	0.1713	
0.6220	76372     	0.4710	0.4710	0.4710	0.4710	0.1716	
0.6230	76170     	0.4700	0.4700	0.4700	0.4700	0.1720	
0.6240	75968     	0.4688	0.4688	0.4688	0.4688	0.1726	
0.6250	75766     	0.4676	0.4676	0.4676	0.4676	0.1731	
0.6260	75564     	0.4668	0.4668	0.4668	0.4668	0.1734	
0.6270	75362     	0.4658	0.4658	0.4658	0.4658	0.1739	
0.6280	75160     	0.4647	0.4647	0.4647	0.4647	0.1743	
0.6290	74958     	0.4639	0.4639	0.4639	0.4639	0.1747	
0.6300	74756     	0.4627	0.4627	0.4627	0.4627	0.1752	
0.6310	74554     	0.4614	0.4614	0.4614	0.4614	0.1758	
0.6320	74352     	0.4604	0.4604	0.4604	0.4604	0.1763	
0.6330	74150     	0.4595	0.4595	0.4595	0.4595	0.1767	
0.6340	73948     	0.4582	0.4582	0.4582	0.4582	0.1772	
0.6350	73746     	0.4570	0.4570	0.4570	0.4570	0.1778	
0.6360	73544     	0.4562	0.4562	0.4562	0.4562	0.1782	
0.6370	73342     	0.4551	0.4551	0.4551	0.4551	0.1786	
0.6380	73140     	0.4538	0.4538	0.4538	0.4538	0.1792	
0.6390	72938     	0.4527	0.4527	0.4527	0.4527	0.1798	
0.6400	72736     	0.4519	0.4519	0.4519	0.4519	0.1801	
0.6410	72534     	0.4509	0.4509	0.4509	0.4509	0.1806	
0.6420	72332     	0.4496	0.4496	0.4496	0.4496	0.1812	
0.6430	72130     	0.4485	0.4485	0.4485	0.4485	0.1817	
0.6440	71928     	0.4477	0.4477	0.4477	0.4477	0.1820	
0.6450	71726     	0.4465	0.4465	0.4465	0.4465	0.1826	
0.6460	71524     	0.4451	0.4451	0.4451	0.4451	0.1832	
0.6470	71322     	0.4441	0.4441	0.4441	0.4441	0.1837	
0.6480	71120     	0.4431	0.4431	0.4431	0.4431	0.1841	
0.6490	70918     	0.4418	0.4418	0.4418	0.4418	0.1847	
0.6500	70716     	0.4406	0.4406	0.4406	0.4406	0.1853	
0.6510	70514     	0.4397	0.4397	0.4397	0.4397	0.1857	
0.6520	70312     	0.4385	0.4385	0.4385	0.4385	0.1863	
0.6530	70110     	0.4377	0.4377	0.4377	0.4377	0.1866	
0.6540	69908     	0.4365	0.4365	0.4365	0.4365	0.1872	
0.6550	69706     	0.4351	0.4351	0.4351	0.4351	0.1878	
0.6560	69504     	0.4342	0.4342	0.4342	0.4342	0.1882	
0.6570	69302     	0.4331	0.4331	0.4331	0.4331	0.1888	
0.6580	69100     	0.4317	0.4317	0.4317	0.4317	0.1894	
0.6590	68898     	0.4308	0.4308	0.4308	0.4308	0.1898	
0.6600	68696     	0.4298	0.4298	0.4298	0.4298	0.1903	
0.6610	68494     	0.4284	0.4284	0.4284	0.4284	0.1910	
0.6620	68292     	0.4273	0.4273	0.4273	0.4273	0.1915	
0.6630	68090     	0.4263	0.4263	0.4263	0.4263	0.1920	
0.6640	67888     	0.4249	0.4249	0.4249	0.4249	0.1926	
0.6650	67686     	0.4238	0.4238	0.4238	0.4238	0.1932	
0.6660	67484     	0.4229	0.4229	0.4229	0.4229	0.1936	
0.6670	67282     	0.4215	0.4215	0.4215	0.4215	0.1943	
0.6680	67080     	0.4202	0.4202	0.4202	0.4202	0.1949	
0.6690	66878     	0.4193	0.4193	0.4193	0.4193	0.1953	
0.6700	66676     	0.4180	0.4180	0.4180	0.4180	0.1959	
0.6710	66474     	0.4166	0.4166	0.4166	0.4166	0.1966	
0.6720	66272     	0.4156	0.4156	0.4156	0.4156	0.1971	
0.6729	66070     	0.4144	0.4144	0.4144	0.4144	0.1977	
0.6739	65868     	0.4133	0.4133	0.4133	0.4133	0.1982	
0.6749	65666     	0.4122	0.4122	0.4122	0.4122	0.1987	
0.6759	65464     	0.4109	0.4109	0.4109	0.4109	0.1993	
0.6769	65262     	0.4095	0.4095	0.4095	0.4095	0.2000	
0.6779	65060     	0.4086	0.4086	0.4086	0.4086	0.2005	
0.6789	64858     	0.4073	0.4073	0.4073	0.4073	0.2011	
0.6799	64656     	0.4059	0.4059	0.4059	0.4059	0.2018	
0.6809	64454     	0.4049	0.4049	0.4049	0.4049	0.2023	
0.6819	64252     	0.4036	0.4036	0.4036	0.4036	0.2030	
0.6829	64050     	0.4022	0.4022	0.4022	0.4022	0.2036	
0.6839	63848     	0.4012	0.4012	0.4012	0.4012	0.2041	
0.6849	63646     	0.3997	0.3997	0.3997	0.3997	0.2049	
0.6859	63444     	0.3987	0.3987	0.3987	0.3987	0.2054	
0.6869	63242     	0.3975	0.3975	0.3975	0.3975	0.2060	
0.6879	63040     	0.3960	0.3960	0.3960	0.3960	0.2067	
0.6889	62838     	0.3951	0.3951	0.3951	0.3951	0.2072	
0.6899	62636     	0.3938	0.3938	0.3938	0.3938	0.2078	
0.6909	62434     	0.3924	0.3924	0.3924	0.3924	0.2085	
0.6919	62232     	0.3915	0.3915	0.3915	0.3915	0.2090	
0.6929	62030     	0.3901	0.3901	0.3901	0.3901	0.2097	
0.6939	61828     	0.3892	0.3892	0.3892	0.3892	0.2101	
0.6949	61626     	0.3877	0.3877	0.3877	0.3877	0.2109	
0.6959	61424     	0.3863	0.3863	0.3863	0.3863	0.2116	
0.6969	61222     	0.3850	0.3850	0.3850	0.3850	0.2123	
0.6979	61020     	0.3840	0.3840	0.3840	0.3840	0.2128	
0.6989	60818     	0.3825	0.3825	0.3825	0.3825	0.2136	
0.6999	60616     	0.3819	0.3819	0.3819	0.3819	0.2139	
0.7009	60414     	0.3810	0.3810	0.3810	0.3810	0.2144	
0.7019	60212     	0.3794	0.3794	0.3794	0.3794	0.2152	
0.7029	60010     	0.3783	0.3783	0.3783	0.3783	0.2157	
0.7039	59808     	0.3770	0.3770	0.3770	0.3770	0.2164	
0.7049	59606     	0.3759	0.3759	0.3759	0.3759	0.2170	
0.7059	59404     	0.3745	0.3745	0.3745	0.3745	0.2177	
0.7069	59202     	0.3733	0.3733	0.3733	0.3733	0.2184	
0.7079	59000     	0.3726	0.3726	0.3726	0.3726	0.2187	
0.7089	58798     	0.3719	0.3719	0.3719	0.3719	0.2191	
0.7099	58596     	0.3706	0.3706	0.3706	0.3706	0.2198	
0.7109	58394     	0.3693	0.3693	0.3693	0.3693	0.2204	
0.7119	58192     	0.3680	0.3680	0.3680	0.3680	0.2211	
0.7129	57990     	0.3666	0.3666	0.3666	0.3666	0.2219	
0.7139	57788     	0.3656	0.3656	0.3656	0.3656	0.2224	
0.7149	57586     	0.3643	0.3643	0.3643	0.3643	0.2231	
0.7159	57384     	0.3630	0.3630	0.3630	0.3630	0.2238	
0.7169	57182     	0.3618	0.3618	0.3618	0.3618	0.2245	
0.7179	56980     	0.3606	0.3606	0.3606	0.3606	0.2251	
0.7189	56778     	0.3593	0.3593	0.3593	0.3593	0.2258	
0.7199	56576     	0.3581	0.3581	0.3581	0.3581	0.2264	
0.7209	56374     	0.3569	0.3569	0.3569	0.3569	0.2271	
0.7219	56172     	0.3556	0.3556	0.3556	0.3556	0.2278	
0.7229	55970     	0.3544	0.3544	0.3544	0.3544	0.2284	
0.7239	55768     	0.3530	0.3530	0.3530	0.3530	0.2292	
0.7249	55566     	0.3518	0.3518	0.3518	0.3518	0.2299	
0.7259	55364     	0.3504	0.3504	0.3504	0.3504	0.2306	
0.7269	55162     	0.3490	0.3490	0.3490	0.3490	0.2314	
0.7279	54960     	0.3477	0.3477	0.3477	0.3477	0.2321	
0.7289	54758     	0.3467	0.3467	0.3467	0.3467	0.2327	
0.7299	54556     	0.3454	0.3454	0.3454	0.3454	0.2334	
0.7309	54354     	0.3441	0.3441	0.3441	0.3441	0.2341	
0.7319	54152     	0.3428	0.3428	0.3428	0.3428	0.2349	
0.7329	53950     	0.3414	0.3414	0.3414	0.3414	0.2356	
0.7339	53748     	0.3402	0.3402	0.3402	0.3402	0.2363	
0.7349	53546     	0.3389	0.3389	0.3389	0.3389	0.2370	
0.7359	53344     	0.3376	0.3376	0.3376	0.3376	0.2378	
0.7369	53142     	0.3363	0.3363	0.3363	0.3363	0.2385	
0.7379	52940     	0.3350	0.3350	0.3350	0.3350	0.2392	
0.7389	52738     	0.3337	0.3337	0.3337	0.3337	0.2399	
0.7399	52536     	0.3323	0.3323	0.3323	0.3323	0.2407	
0.7409	52334     	0.3310	0.3310	0.3310	0.3310	0.2415	
0.7419	52132     	0.3297	0.3297	0.3297	0.3297	0.2422	
0.7429	51930     	0.3287	0.3287	0.3287	0.3287	0.2428	
0.7439	51728     	0.3272	0.3272	0.3272	0.3272	0.2437	
0.7449	51526     	0.3261	0.3261	0.3261	0.3261	0.2443	
0.7459	51324     	0.3248	0.3248	0.3248	0.3248	0.2451	
0.7469	51122     	0.3236	0.3236	0.3236	0.3236	0.2458	
0.7479	50920     	0.3223	0.3223	0.3223	0.3223	0.2465	
0.7489	50718     	0.3210	0.3210	0.3210	0.3210	0.2473	
0.7499	50516     	0.3200	0.3200	0.3200	0.3200	0.2479	
0.7509	50314     	0.3188	0.3188	0.3188	0.3188	0.2486	
0.7519	50112     	0.3177	0.3177	0.3177	0.3177	0.2492	
0.7529	49910     	0.3164	0.3164	0.3164	0.3164	0.2500	
0.7539	49708     	0.3151	0.3151	0.3151	0.3151	0.2508	
0.7549	49506     	0.3137	0.3137	0.3137	0.3137	0.2516	
0.7559	49304     	0.3125	0.3125	0.3125	0.3125	0.2523	
0.7569	49102     	0.3114	0.3114	0.3114	0.3114	0.2530	
0.7579	48900     	0.3102	0.3102	0.3102	0.3102	0.2537	
0.7589	48698     	0.3090	0.3090	0.3090	0.3090	0.2545	
0.7599	48496     	0.3077	0.3077	0.3077	0.3077	0.2552	
0.7609	48294     	0.3064	0.3064	0.3064	0.3064	0.2560	
0.7619	48092     	0.3051	0.3051	0.3051	0.3051	0.2568	
0.7629	47890     	0.3039	0.3039	0.3039	0.3039	0.2575	
0.7639	47688     	0.3026	0.3026	0.3026	0.3026	0.2583	
0.7649	47486     	0.3013	0.3013	0.3013	0.3013	0.2591	
0.7659	47284     	0.3000	0.3000	0.3000	0.3000	0.2599	
0.7669	47082     	0.2988	0.2988	0.2988	0.2988	0.2607	
0.7679	46880     	0.2977	0.2977	0.2977	0.2977	0.2613	
0.7689	46678     	0.2969	0.2969	0.2969	0.2969	0.2619	
0.7699	46476     	0.2961	0.2961	0.2961	0.2961	0.2623	
0.7709	46274     	0.2950	0.2950	0.2950	0.2950	0.2630	
0.7719	46072     	0.2939	0.2939	0.2939	0.2939	0.2637	
0.7729	45870     	0.2927	0.2927	0.2927	0.2927	0.2645	
0.7739	45668     	0.2914	0.2914	0.2914	0.2914	0.2653	
0.7749	45466     	0.2908	0.2908	0.2908	0.2908	0.2657	
0.7759	45264     	0.2900	0.2900	0.2900	0.2900	0.2662	
0.7769	45062     	0.2888	0.2888	0.2888	0.2888	0.2669	
0.7779	44860     	0.2876	0.2876	0.2876	0.2876	0.2677	
0.7789	44658     	0.2865	0.2865	0.2865	0.2865	0.2684	
0.7799	44456     	0.2853	0.2853	0.2853	0.2853	0.2692	
0.7809	44254     	0.2845	0.2845	0.2845	0.2845	0.2696	
0.7819	44052     	0.2833	0.2833	0.2833	0.2833	0.2704	
0.7829	43850     	0.2822	0.2822	0.2822	0.2822	0.2712	
0.7839	43648     	0.2810	0.2810	0.2810	0.2810	0.2719	
0.7849	43446     	0.2798	0.2798	0.2798	0.2798	0.2727	
0.7859	43244     	0.2785	0.2785	0.2785	0.2785	0.2735	
0.7869	43042     	0.2772	0.2772	0.2772	0.2772	0.2744	
0.7879	42840     	0.2761	0.2761	0.2761	0.2761	0.2751	
0.7889	42638     	0.2749	0.2749	0.2749	0.2749	0.2759	
0.7899	42436     	0.2737	0.2737	0.2737	0.2737	0.2767	
0.7909	42234     	0.2725	0.2725	0.2725	0.2725	0.2775	
0.7919	42032     	0.2716	0.2716	0.2716	0.2716	0.2781	
0.7929	41830     	0.2705	0.2705	0.2705	0.2705	0.2788	
0.7939	41628     	0.2694	0.2694	0.2694	0.2694	0.2796	
0.7949	41426     	0.2683	0.2683	0.2683	0.2683	0.2803	
0.7959	41224     	0.2671	0.2671	0.2671	0.2671	0.2811	
0.7969	41022     	0.2660	0.2660	0.2660	0.2660	0.2819	
0.7979	40820     	0.2650	0.2650	0.2650	0.2650	0.2825	
0.7989	40618     	0.2638	0.2638	0.2638	0.2638	0.2833	
0.7999	40416     	0.2628	0.2628	0.2628	0.2628	0.2840	
0.8009	40214     	0.2617	0.2617	0.2617	0.2617	0.2848	
0.8019	40012     	0.2606	0.2606	0.2606	0.2606	0.2855	
0.8029	39810     	0.2594	0.2594	0.2594	0.2594	0.2864	
0.8039	39608     	0.2582	0.2582	0.2582	0.2582	0.2872	
0.8049	39406     	0.2571	0.2571	0.2571	0.2571	0.2879	
0.8059	39204     	0.2561	0.2561	0.2561	0.2561	0.2887	
0.8069	39002     	0.2551	0.2551	0.2551	0.2551	0.2893	
0.8079	38800     	0.2540	0.2540	0.2540	0.2540	0.2901	
0.8089	38598     	0.2529	0.2529	0.2529	0.2529	0.2909	
0.8099	38396     	0.2523	0.2523	0.2523	0.2523	0.2913	
0.8109	38194     	0.2515	0.2515	0.2515	0.2515	0.2918	
0.8119	37992     	0.2505	0.2505	0.2505	0.2505	0.2926	
0.8129	37790     	0.2496	0.2496	0.2496	0.2496	0.2932	
0.8139	37588     	0.2485	0.2485	0.2485	0.2485	0.2939	
0.8149	37386     	0.2474	0.2474	0.2474	0.2474	0.2948	
0.8159	37184     	0.2463	0.2463	0.2463	0.2463	0.2955	
0.8169	36982     	0.2452	0.2452	0.2452	0.2452	0.2963	
0.8179	36780     	0.2440	0.2440	0.2440	0.2440	0.2972	
0.8189	36578     	0.2429	0.2429	0.2429	0.2429	0.2979	
0.8199	36376     	0.2418	0.2418	0.2418	0.2418	0.2987	
0.8209	36174     	0.2408	0.2408	0.2408	0.2408	0.2995	
0.8219	35972     	0.2396	0.2396	0.2396	0.2396	0.3004	
0.8229	35770     	0.2385	0.2385	0.2385	0.2385	0.3012	
0.8239	35568     	0.2374	0.2374	0.2374	0.2374	0.3020	
0.8249	35366     	0.2365	0.2365	0.2365	0.2365	0.3026	
0.8259	35164     	0.2354	0.2354	0.2354	0.2354	0.3034	
0.8269	34962     	0.2344	0.2344	0.2344	0.2344	0.3042	
0.8279	34760     	0.2334	0.2334	0.2334	0.2334	0.3049	
0.8289	34558     	0.2324	0.2324	0.2324	0.2324	0.3057	
0.8299	34356     	0.2313	0.2313	0.2313	0.2313	0.3065	
0.8309	34154     	0.2303	0.2303	0.2303	0.2303	0.3072	
0.8319	33952     	0.2293	0.2293	0.2293	0.2293	0.3080	
0.8329	33750     	0.2282	0.2282	0.2282	0.2282	0.3088	
0.8339	33548     	0.2271	0.2271	0.2271	0.2271	0.3097	
0.8349	33346     	0.2261	0.2261	0.2261	0.2261	0.3105	
0.8359	33144     	0.2249	0.2249	0.2249	0.2249	0.3113	
0.8369	32942     	0.2239	0.2239	0.2239	0.2239	0.3121	
0.8379	32740     	0.2228	0.2228	0.2228	0.2228	0.3129	
0.8389	32538     	0.2218	0.2218	0.2218	0.2218	0.3137	
0.8399	32336     	0.2207	0.2207	0.2207	0.2207	0.3146	
0.8409	32134     	0.2196	0.2196	0.2196	0.2196	0.3154	
0.8419	31932     	0.2185	0.2185	0.2185	0.2185	0.3163	
0.8429	31730     	0.2173	0.2173	0.2173	0.2173	0.3173	
0.8439	31528     	0.2162	0.2162	0.2162	0.2162	0.3181	
0.8449	31326     	0.2151	0.2151	0.2151	0.2151	0.3190	
0.8459	31124     	0.2140	0.2140	0.2140	0.2140	0.3198	
0.8469	30922     	0.2129	0.2129	0.2129	0.2129	0.3207	
0.8479	30720     	0.2119	0.2119	0.2119	0.2119	0.3215	
0.8489	30518     	0.2108	0.2108	0.2108	0.2108	0.3224	
0.8499	30316     	0.2098	0.2098	0.2098	0.2098	0.3232	
0.8509	30114     	0.2087	0.2087	0.2087	0.2087	0.3241	
0.8519	29912     	0.2076	0.2076	0.2076	0.2076	0.3250	
0.8529	29710     	0.2065	0.2065	0.2065	0.2065	0.3259	
0.8539	29508     	0.2054	0.2054	0.2054	0.2054	0.3268	
0.8549	29306     	0.2044	0.2044	0.2044	0.2044	0.3276	
0.8559	29104     	0.2033	0.2033	0.2033	0.2033	0.3285	
0.8569	28902     	0.2022	0.2022	0.2022	0.2022	0.3294	
0.8579	28700     	0.2010	0.2010	0.2010	0.2010	0.3304	
0.8589	28498     	0.1996	0.1996	0.1996	0.1996	0.3316	
0.8599	28296     	0.1986	0.1986	0.1986	0.1986	0.3325	
0.8609	28094     	0.1976	0.1976	0.1976	0.1976	0.3333	
0.8619	27892     	0.1964	0.1964	0.1964	0.1964	0.3343	
0.8629	27690     	0.1954	0.1954	0.1954	0.1954	0.3351	
0.8639	27488     	0.1943	0.1943	0.1943	0.1943	0.3361	
0.8649	27286     	0.1932	0.1932	0.1932	0.1932	0.3370	
0.8659	27084     	0.1921	0.1921	0.1921	0.1921	0.3380	
0.8669	26882     	0.1910	0.1910	0.1910	0.1910	0.3389	
0.8679	26680     	0.1899	0.1899	0.1899	0.1899	0.3398	
0.8689	26478     	0.1889	0.1889	0.1889	0.1889	0.3408	
0.8699	26276     	0.1878	0.1878	0.1878	0.1878	0.3417	
0.8709	26074     	0.1866	0.1866	0.1866	0.1866	0.3427	
0.8719	25872     	0.1858	0.1858	0.1858	0.1858	0.3435	
0.8729	25670     	0.1848	0.1848	0.1848	0.1848	0.3444	
0.8739	25468     	0.1836	0.1836	0.1836	0.1836	0.3454	
0.8749	25266     	0.1826	0.1826	0.1826	0.1826	0.3463	
0.8759	25064     	0.1815	0.1815	0.1815	0.1815	0.3473	
0.8769	24862     	0.1804	0.1804	0.1804	0.1804	0.3483	
0.8779	24660     	0.1793	0.1793	0.1793	0.1793	0.3493	
0.8789	24458     	0.1783	0.1783	0.1783	0.1783	0.3502	
0.8799	24256     	0.1772	0.1772	0.1772	0.1772	0.3512	
0.8809	24054     	0.1761	0.1761	0.1761	0.1761	0.3522	
0.8819	23852     	0.1750	0.1750	0.1750	0.1750	0.3532	
0.8829	23650     	0.1739	0.1739	0.1739	0.1739	0.3543	
0.8839	23448     	0.1727	0.1727	0.1727	0.1727	0.3553	
0.8849	23246     	0.1716	0.1716	0.1716	0.1716	0.3564	
0.8859	23044     	0.1704	0.1704	0.1704	0.1704	0.3575	
0.8869	22842     	0.1692	0.1692	0.1692	0.1692	0.3586	
0.8879	22640     	0.1681	0.1681	0.1681	0.1681	0.3596	
0.8889	22438     	0.1670	0.1670	0.1670	0.1670	0.3607	
0.8899	22236     	0.1659	0.1659	0.1659	0.1659	0.3618	
0.8909	22034     	0.1648	0.1648	0.1648	0.1648	0.3628	
0.8919	21832     	0.1637	0.1637	0.1637	0.1637	0.3639	
0.8929	21630     	0.1626	0.1626	0.1626	0.1626	0.3650	
0.8939	21428     	0.1615	0.1615	0.1615	0.1615	0.3661	
0.8949	21226     	0.1602	0.1602	0.1602	0.1602	0.3673	
0.8959	21024     	0.1590	0.1590	0.1590	0.1590	0.3685	
0.8969	20822     	0.1579	0.1579	0.1579	0.1579	0.3696	
0.8979	20620     	0.1567	0.1567	0.1567	0.1567	0.3708	
0.8989	20418     	0.1556	0.1556	0.1556	0.1556	0.3720	
0.8999	20216     	0.1544	0.1544	0.1544	0.1544	0.3731	
0.9009	20014     	0.1533	0.1533	0.1533	0.1533	0.3743	
0.9019	19812     	0.1521	0.1521	0.1521	0.1521	0.3755	
0.9029	19610     	0.1509	0.1509	0.1509	0.1509	0.3767	
0.9039	19408     	0.1497	0.1497	0.1497	0.1497	0.3780	
0.9049	19206     	0.1485	0.1485	0.1485	0.1485	0.3792	
0.9059	19004     	0.1473	0.1473	0.1473	0.1473	0.3804	
0.9069	18802     	0.1462	0.1462	0.1462	0.1462	0.3817	
0.9079	18600     	0.1450	0.1450	0.1450	0.1450	0.3829	
0.9089	18398     	0.1438	0.1438	0.1438	0.1438	0.3842	
0.9099	18196     	0.1426	0.1426	0.1426	0.1426	0.3855	
0.9109	17994     	0.1414	0.1414	0.1414	0.1414	0.3868	
0.9119	17792     	0.1402	0.1402	0.1402	0.1402	0.3881	
0.9129	17590     	0.1390	0.1390	0.1390	0.1390	0.3894	
0.9139	17388     	0.1378	0.1378	0.1378	0.1378	0.3907	
0.9149	17186     	0.1365	0.1365	0.1365	0.1365	0.3921	
0.9159	16984     	0.1353	0.1353	0.1353	0.1353	0.3935	
0.9169	16782     	0.1340	0.1340	0.1340	0.1340	0.3949	
0.9179	16580     	0.1328	0.1328	0.1328	0.1328	0.3963	
0.9189	16378     	0.1316	0.1316	0.1316	0.1316	0.3978	
0.9199	16176     	0.1303	0.1303	0.1303	0.1303	0.3992	
0.9209	15974     	0.1290	0.1290	0.1290	0.1290	0.4007	
0.9219	15772     	0.1278	0.1278	0.1278	0.1278	0.4021	
0.9229	15570     	0.1265	0.1265	0.1265	0.1265	0.4036	
0.9239	15368     	0.1253	0.1253	0.1253	0.1253	0.4051	
0.9249	15166     	0.1240	0.1240	0.1240	0.1240	0.4066	
0.9259	14964     	0.1227	0.1227	0.1227	0.1227	0.4081	
0.9269	14762     	0.1214	0.1214	0.1214	0.1214	0.4097	
0.9279	14560     	0.1202	0.1202	0.1202	0.1202	0.4112	
0.9289	14358     	0.1189	0.1189	0.1189	0.1189	0.4128	
0.9299	14156     	0.1176	0.1176	0.1176	0.1176	0.4144	
0.9309	13954     	0.1163	0.1163	0.1163	0.1163	0.4161	
0.9319	13752     	0.1150	0.1150	0.1150	0.1150	0.4177	
0.9329	13550     	0.1136	0.1136	0.1136	0.1136	0.4194	
0.9339	13348     	0.1123	0.1123	0.1123	0.1123	0.4211	
0.9349	13146     	0.1109	0.1109	0.1109	0.1109	0.4229	
0.9359	12944     	0.1096	0.1096	0.1096	0.1096	0.4246	
0.9369	12742     	0.1083	0.1083	0.1083	0.1083	0.4264	
0.9379	12540     	0.1069	0.1069	0.1069	0.1069	0.4282	
0.9389	12338     	0.1055	0.1055	0.1055	0.1055	0.4301	
0.9399	12136     	0.1041	0.1041	0.1041	0.1041	0.4319	
0.9409	11934     	0.1027	0.1027	0.1027	0.1027	0.4339	
0.9419	11732     	0.1013	0.1013	0.1013	0.1013	0.4358	
0.9429	11530     	0.0999	0.0999	0.0999	0.0999	0.4378	
0.9439	11328     	0.0985	0.0985	0.0985	0.0985	0.4398	
0.9449	11126     	0.0971	0.0971	0.0971	0.0971	0.4418	
0.9459	10924     	0.0956	0.0956	0.0956	0.0956	0.4439	
0.9469	10722     	0.0942	0.0942	0.0942	0.0942	0.4460	
0.9479	10520     	0.0928	0.0928	0.0928	0.0928	0.4481	
0.9489	10318     	0.0913	0.0913	0.0913	0.0913	0.4503	
0.9499	10116     	0.0898	0.0898	0.0898	0.0898	0.4526	
0.9509	9914      	0.0883	0.0883	0.0883	0.0883	0.4548	
0.9519	9712      	0.0869	0.0869	0.0869	0.0869	0.4571	
0.9529	9510      	0.0854	0.0854	0.0854	0.0854	0.4595	
0.9539	9308      	0.0839	0.0839	0.0839	0.0839	0.4619	
0.9549	9106      	0.0824	0.0824	0.0824	0.0824	0.4643	
0.9559	8904      	0.0808	0.0808	0.0808	0.0808	0.4668	
0.9569	8702      	0.0793	0.0793	0.0793	0.0793	0.4693	
0.9579	8500      	0.0778	0.0778	0.0778	0.0778	0.4719	
0.9589	8298      	0.0762	0.0762	0.0762	0.0762	0.4746	
0.9599	8096      	0.0747	0.0747	0.0747	0.0747	0.4773	
0.9609	7894      	0.0731	0.0731	0.0731	0.0731	0.4800	
0.9619	7692      	0.0715	0.0715	0.0715	0.0715	0.4828	
0.9629	7490      	0.0700	0.0700	0.0700	0.0700	0.4857	
0.9639	7288      	0.0684	0.0684	0.0684	0.0684	0.4887	
0.9649	7086      	0.0667	0.0667	0.0667	0.0667	0.4917	
0.9659	6884      	0.0651	0.0651	0.0651	0.0651	0.4948	
0.9669	6682      	0.0635	0.0635	0.0635	0.0635	0.4980	
0.9679	6480      	0.0619	0.0619	0.0619	0.0619	0.5013	
0.9689	6278      	0.0602	0.0602	0.0602	0.0602	0.5047	
0.9699	6076      	0.0585	0.0585	0.0585	0.0585	0.5081	
0.9709	5874      	0.0568	0.0568	0.0568	0.0568	0.5117	
0.9719	5672      	0.0551	0.0551	0.0551	0.0551	0.5154	
0.9729	5470      	0.0534	0.0534	0.0534	0.0534	0.5193	
0.9739	5268      	0.0517	0.0517	0.0517	0.0517	0.5232	
0.9749	5066      	0.0500	0.0500	0.0500	0.0500	0.5272	
0.9759	4864      	0.0482	0.0482	0.0482	0.0482	0.5314	
0.9769	4662      	0.0464	0.0464	0.0464	0.0464	0.5358	
0.9779	4460      	0.0446	0.0446	0.0446	0.0446	0.5404	
0.9789	4258      	0.0428	0.0428	0.0428	0.0428	0.5451	
0.9799	4056      	0.0410	0.0410	0.0410	0.0410	0.5501	
0.9809	3854      	0.0391	0.0391	0.0391	0.0391	0.5553	
0.9819	3652      	0.0372	0.0372	0.0372	0.0372	0.5607	
0.9829	3450      	0.0353	0.0353	0.0353	0.0353	0.5665	
0.9839	3248      	0.0334	0.0334	0.0334	0.0334	0.5724	
0.9849	3046      	0.0315	0.0315	0.0315	0.0315	0.5789	
0.9859	2844      	0.0295	0.0295	0.0295	0.0295	0.5856	
0.9869	2642      	0.0275	0.0275	0.0275	0.0275	0.5928	
0.9879	2440      	0.0255	0.0255	0.0255	0.0255	0.6006	
0.9889	2238      	0.0234	0.0234	0.0234	0.0234	0.6089	
0.9899	2036      	0.0213	0.0213	0.0213	0.0213	0.6180	
0.9909	1834      	0.0192	0.0192	0.0192	0.0192	0.6279	
0.9919	1632      	0.0170	0.0170	0.0170	0.0170	0.6390	
0.9929	1430      	0.0148	0.0148	0.0148	0.0148	0.6510	
0.9939	1228      	0.0130	0.0130	0.0130	0.0130	0.6624	
0.9949	1026      	0.0111	0.0111	0.0111	0.0111	0.6752	
0.9959	824       	0.0092	0.0092	0.0092	0.0092	0.6906	
0.9969	622       	0.0069	0.0069	0.0069	0.0069	0.7114	
0.9979	420       	0.0047	0.0047	0.0047	0.0047	0.7384	
0.9989	218       	0.0025	0.0025	0.0025	0.0025	0.7758	
0.9999	16        	0.0002	0.0002	0.0002	0.0002	0.8807	
1.0000	0         	0.0000	0.0000	0.0000	0.0000	0.9999	
