# Prop_landscape_lost  cost_needed_for_top_fraction  min_prop_rem  ave_prop_rem  W_prop_rem  ext-1  ext-2  prop_for_each_biodiversity_feature_(e.g._species)_remaining_at_level_of_removal...
0.00001  2.0433e+005  0.76119 0.84134 0.83332   0.04380 0.04601   0.761 1.000 0.763 
0.00101  2.0412e+005  0.76118 0.84130 0.83328   0.02190 0.04602   0.761 1.000 0.763 
0.00201  2.0392e+005  0.76118 0.84124 0.83323   0.01461 0.04604   0.761 1.000 0.763 
0.00300  2.0372e+005  0.76118 0.84117 0.83317   0.01096 0.04605   0.761 1.000 0.763 
0.00400  2.0351e+005  0.76118 0.84109 0.83310   0.00877 0.04607   0.761 1.000 0.762 
0.00500  2.0331e+005  0.76118 0.84101 0.83303   0.00731 0.04609   0.761 1.000 0.762 
0.00600  2.031e+005  0.76118 0.84092 0.83295   0.00627 0.04611   0.761 0.999 0.762 
0.00700  2.029e+005  0.76118 0.84083 0.83286   0.00549 0.04614   0.761 0.999 0.762 
0.00800  2.027e+005  0.76118 0.84073 0.83278   0.00488 0.04616   0.761 0.999 0.762 
0.00900  2.0249e+005  0.76118 0.84064 0.83269   0.00440 0.04619   0.761 0.999 0.762 
0.00999  2.0229e+005  0.76118 0.84053 0.83260   0.00400 0.04621   0.761 0.999 0.762 
0.01099  2.0208e+005  0.76118 0.84043 0.83250   0.00367 0.04624   0.761 0.999 0.761 
0.01199  2.0188e+005  0.76118 0.84032 0.83241   0.00339 0.04627   0.761 0.998 0.761 
0.01299  2.0168e+005  0.76114 0.84021 0.83231   0.00315 0.04629   0.761 0.998 0.761 
0.01399  2.0147e+005  0.76098 0.84010 0.83221   0.00294 0.04632   0.761 0.998 0.761 
0.01499  2.0127e+005  0.76081 0.83998 0.83210   0.00276 0.04635   0.761 0.998 0.761 
0.01598  2.0106e+005  0.76064 0.83986 0.83200   0.00260 0.04638   0.761 0.998 0.761 
0.01698  2.0086e+005  0.76047 0.83975 0.83189   0.00246 0.04641   0.761 0.998 0.760 
0.01798  2.0066e+005  0.76030 0.83963 0.83178   0.00233 0.04644   0.761 0.997 0.760 
0.01898  2.0045e+005  0.76020 0.83954 0.83170   0.00221 0.04646   0.761 0.997 0.760 
0.01998  2.0025e+005  0.76005 0.83942 0.83159   0.00211 0.04649   0.761 0.997 0.760 
0.02098  2.0004e+005  0.75987 0.83930 0.83148   0.00202 0.04652   0.761 0.997 0.760 
0.02197  1.9984e+005  0.75970 0.83918 0.83137   0.00193 0.04655   0.761 0.997 0.760 
0.02297  1.9964e+005  0.75952 0.83905 0.83126   0.00185 0.04658   0.761 0.996 0.760 
0.02397  1.9943e+005  0.75934 0.83893 0.83115   0.00178 0.04661   0.761 0.996 0.759 
0.02497  1.9923e+005  0.75915 0.83881 0.83104   0.00171 0.04664   0.761 0.996 0.759 
0.02597  1.9902e+005  0.75896 0.83868 0.83093   0.00165 0.04668   0.761 0.996 0.759 
0.02697  1.9882e+005  0.75876 0.83855 0.83081   0.00159 0.04671   0.761 0.996 0.759 
0.02796  1.9862e+005  0.75857 0.83842 0.83069   0.00154 0.04674   0.761 0.996 0.759 
0.02896  1.9841e+005  0.75837 0.83828 0.83057   0.00149 0.04678   0.761 0.995 0.758 
0.02996  1.9821e+005  0.75816 0.83815 0.83045   0.00144 0.04681   0.761 0.995 0.758 
0.03096  1.98e+005   0.75796 0.83801 0.83032   0.00140 0.04685   0.761 0.995 0.758 
0.03196  1.978e+005  0.75775 0.83787 0.83020   0.00136 0.04688   0.761 0.995 0.758 
0.03296  1.976e+005  0.75754 0.83773 0.83007   0.00132 0.04691   0.761 0.995 0.758 
0.03396  1.9739e+005  0.75732 0.83759 0.82995   0.00128 0.04695   0.761 0.994 0.757 
0.03495  1.9719e+005  0.75711 0.83745 0.82982   0.00125 0.04699   0.761 0.994 0.757 
0.03595  1.9698e+005  0.75689 0.83731 0.82969   0.00121 0.04702   0.761 0.994 0.757 
0.03695  1.9678e+005  0.75667 0.83716 0.82956   0.00118 0.04706   0.761 0.994 0.757 
0.03795  1.9658e+005  0.75647 0.83703 0.82944   0.00115 0.04709   0.761 0.993 0.756 
0.03895  1.9637e+005  0.75625 0.83688 0.82931   0.00113 0.04713   0.761 0.993 0.756 
0.03995  1.9617e+005  0.75603 0.83674 0.82918   0.00110 0.04717   0.761 0.993 0.756 
0.04094  1.9596e+005  0.75580 0.83659 0.82904   0.00107 0.04720   0.761 0.993 0.756 
0.04194  1.9576e+005  0.75558 0.83644 0.82891   0.00105 0.04724   0.761 0.993 0.756 
0.04294  1.9556e+005  0.75536 0.83629 0.82877   0.00103 0.04728   0.761 0.992 0.755 
0.04394  1.9535e+005  0.75513 0.83614 0.82863   0.00101 0.04732   0.761 0.992 0.755 
0.04494  1.9515e+005  0.75489 0.83598 0.82849   0.00098 0.04736   0.761 0.992 0.755 
0.04594  1.9494e+005  0.75466 0.83583 0.82836   0.00096 0.04740   0.761 0.992 0.755 
0.04693  1.9474e+005  0.75442 0.83568 0.82822   0.00095 0.04744   0.761 0.992 0.754 
0.04793  1.9454e+005  0.75417 0.83552 0.82808   0.00093 0.04748   0.761 0.991 0.754 
0.04893  1.9433e+005  0.75392 0.83537 0.82794   0.00091 0.04751   0.761 0.991 0.754 
0.04993  1.9413e+005  0.75367 0.83521 0.82779   0.00089 0.04756   0.761 0.991 0.754 
0.05093  1.9392e+005  0.75342 0.83505 0.82765   0.00088 0.04760   0.761 0.991 0.753 
0.05193  1.9372e+005  0.75316 0.83489 0.82751   0.00086 0.04764   0.761 0.990 0.753 
0.05292  1.9352e+005  0.75293 0.83474 0.82737   0.00085 0.04767   0.761 0.990 0.753 
0.05392  1.9331e+005  0.75267 0.83457 0.82722   0.00083 0.04772   0.761 0.990 0.753 
0.05492  1.9311e+005  0.75242 0.83442 0.82708   0.00082 0.04776   0.761 0.990 0.752 
0.05592  1.929e+005  0.75216 0.83425 0.82693   0.00080 0.04780   0.761 0.990 0.752 
0.05692  1.927e+005  0.75189 0.83408 0.82678   0.00079 0.04784   0.761 0.989 0.752 
0.05792  1.925e+005  0.75164 0.83390 0.82661   0.00078 0.04789   0.761 0.989 0.752 
0.05891  1.9229e+005  0.75138 0.83373 0.82646   0.00077 0.04793   0.761 0.989 0.751 
0.05991  1.9209e+005  0.75111 0.83356 0.82630   0.00075 0.04798   0.761 0.989 0.751 
0.06091  1.9188e+005  0.75084 0.83340 0.82616   0.00074 0.04802   0.761 0.988 0.751 
0.06191  1.9168e+005  0.75057 0.83322 0.82600   0.00073 0.04806   0.761 0.988 0.751 
0.06291  1.9148e+005  0.75030 0.83306 0.82585   0.00072 0.04811   0.761 0.988 0.750 
0.06391  1.9127e+005  0.75002 0.83288 0.82569   0.00071 0.04815   0.761 0.988 0.750 
0.06491  1.9107e+005  0.74974 0.83271 0.82554   0.00070 0.04820   0.761 0.987 0.750 
0.06590  1.9086e+005  0.74947 0.83254 0.82539   0.00069 0.04824   0.761 0.987 0.749 
0.06690  1.9066e+005  0.74918 0.83237 0.82523   0.00068 0.04828   0.761 0.987 0.749 
0.06790  1.9046e+005  0.74896 0.83221 0.82509   0.00067 0.04832   0.761 0.987 0.749 
0.06890  1.9025e+005  0.74873 0.83204 0.82493   0.00066 0.04837   0.761 0.986 0.749 
0.06990  1.9005e+005  0.74846 0.83185 0.82476   0.00065 0.04841   0.761 0.986 0.748 
0.07090  1.8984e+005  0.74817 0.83167 0.82460   0.00065 0.04846   0.761 0.986 0.748 
0.07189  1.8964e+005  0.74788 0.83149 0.82444   0.00064 0.04851   0.761 0.986 0.748 
0.07289  1.8944e+005  0.74760 0.83131 0.82427   0.00063 0.04855   0.761 0.985 0.748 
0.07389  1.8923e+005  0.74731 0.83112 0.82410   0.00062 0.04860   0.761 0.985 0.747 
0.07489  1.8903e+005  0.74702 0.83094 0.82394   0.00061 0.04865   0.761 0.985 0.747 
0.07589  1.8882e+005  0.74672 0.83076 0.82377   0.00061 0.04869   0.761 0.985 0.747 
0.07689  1.8862e+005  0.74643 0.83057 0.82360   0.00060 0.04874   0.761 0.984 0.746 
0.07788  1.8842e+005  0.74612 0.83038 0.82343   0.00059 0.04879   0.761 0.984 0.746 
0.07888  1.8821e+005  0.74582 0.83019 0.82326   0.00059 0.04884   0.761 0.984 0.746 
0.07988  1.8801e+005  0.74552 0.83001 0.82309   0.00058 0.04889   0.761 0.984 0.746 
0.08088  1.878e+005  0.74523 0.82982 0.82293   0.00057 0.04894   0.761 0.983 0.745 
0.08188  1.876e+005  0.74492 0.82962 0.82275   0.00057 0.04899   0.761 0.983 0.745 
0.08288  1.874e+005  0.74461 0.82943 0.82257   0.00056 0.04904   0.761 0.983 0.745 
0.08387  1.8719e+005  0.74431 0.82924 0.82240   0.00056 0.04908   0.761 0.983 0.744 
0.08487  1.8699e+005  0.74400 0.82905 0.82223   0.00055 0.04913   0.761 0.982 0.744 
0.08587  1.8678e+005  0.74369 0.82885 0.82205   0.00054 0.04918   0.761 0.982 0.744 
0.08687  1.8658e+005  0.74338 0.82866 0.82188   0.00054 0.04923   0.761 0.982 0.743 
0.08787  1.8638e+005  0.74306 0.82845 0.82169   0.00053 0.04929   0.761 0.981 0.743 
0.08887  1.8617e+005  0.74274 0.82826 0.82151   0.00053 0.04934   0.761 0.981 0.743 
0.08986  1.8597e+005  0.74242 0.82806 0.82133   0.00052 0.04939   0.761 0.981 0.742 
0.09086  1.8576e+005  0.74211 0.82787 0.82116   0.00052 0.04944   0.761 0.981 0.742 
0.09186  1.8556e+005  0.74179 0.82767 0.82098   0.00051 0.04949   0.761 0.980 0.742 
0.09286  1.8536e+005  0.74147 0.82746 0.82080   0.00051 0.04954   0.761 0.980 0.741 
0.09386  1.8515e+005  0.74114 0.82726 0.82061   0.00050 0.04960   0.761 0.980 0.741 
0.09486  1.8495e+005  0.74081 0.82705 0.82043   0.00050 0.04965   0.761 0.980 0.741 
0.09586  1.8474e+005  0.74048 0.82684 0.82024   0.00049 0.04970   0.761 0.979 0.740 
0.09685  1.8454e+005  0.74015 0.82663 0.82005   0.00049 0.04976   0.761 0.979 0.740 
0.09785  1.8434e+005  0.73989 0.82647 0.81990   0.00048 0.04980   0.761 0.979 0.740 
0.09885  1.8413e+005  0.73958 0.82628 0.81973   0.00048 0.04985   0.761 0.978 0.740 
0.09985  1.8393e+005  0.73925 0.82607 0.81954   0.00048 0.04990   0.761 0.978 0.739 
0.10085  1.8372e+005  0.73891 0.82586 0.81935   0.00047 0.04996   0.761 0.978 0.739 
0.10185  1.8352e+005  0.73857 0.82565 0.81916   0.00047 0.05001   0.761 0.978 0.739 
0.10284  1.8332e+005  0.73823 0.82544 0.81897   0.00046 0.05007   0.761 0.977 0.738 
0.10384  1.8311e+005  0.73790 0.82523 0.81878   0.00046 0.05012   0.761 0.977 0.738 
0.10484  1.8291e+005  0.73756 0.82502 0.81859   0.00046 0.05018   0.761 0.977 0.738 
0.10584  1.827e+005  0.73722 0.82480 0.81839   0.00045 0.05023   0.761 0.976 0.737 
0.10684  1.825e+005  0.73691 0.82460 0.81821   0.00045 0.05028   0.761 0.976 0.737 
0.10784  1.823e+005  0.73668 0.82441 0.81804   0.00045 0.05033   0.761 0.976 0.737 
0.10883  1.8209e+005  0.73637 0.82417 0.81782   0.00044 0.05039   0.761 0.975 0.736 
0.10983  1.8189e+005  0.73603 0.82395 0.81762   0.00044 0.05045   0.761 0.975 0.736 
0.11083  1.8168e+005  0.73568 0.82373 0.81742   0.00044 0.05051   0.761 0.975 0.736 
0.11183  1.8148e+005  0.73533 0.82351 0.81722   0.00043 0.05057   0.761 0.975 0.735 
0.11283  1.8128e+005  0.73500 0.82330 0.81704   0.00043 0.05062   0.761 0.974 0.735 
0.11383  1.8107e+005  0.73465 0.82308 0.81683   0.00043 0.05068   0.761 0.974 0.735 
0.11482  1.8087e+005  0.73429 0.82286 0.81663   0.00042 0.05074   0.761 0.974 0.734 
0.11582  1.8066e+005  0.73394 0.82263 0.81643   0.00042 0.05079   0.761 0.973 0.734 
0.11682  1.8046e+005  0.73359 0.82241 0.81623   0.00042 0.05085   0.761 0.973 0.734 
0.11782  1.8026e+005  0.73323 0.82219 0.81603   0.00041 0.05091   0.761 0.973 0.733 
0.11882  1.8005e+005  0.73287 0.82196 0.81582   0.00041 0.05097   0.761 0.972 0.733 
0.11982  1.7985e+005  0.73251 0.82174 0.81562   0.00041 0.05103   0.761 0.972 0.733 
0.12081  1.7964e+005  0.73216 0.82151 0.81541   0.00041 0.05109   0.761 0.972 0.732 
0.12181  1.7944e+005  0.73180 0.82130 0.81522   0.00040 0.05114   0.760 0.972 0.732 
0.12281  1.7924e+005  0.73144 0.82108 0.81502   0.00040 0.05120   0.760 0.971 0.731 
0.12381  1.7903e+005  0.73107 0.82085 0.81481   0.00040 0.05126   0.760 0.971 0.731 
0.12481  1.7883e+005  0.73073 0.82064 0.81462   0.00039 0.05132   0.760 0.971 0.731 
0.12581  1.7862e+005  0.73036 0.82042 0.81442   0.00039 0.05137   0.760 0.970 0.730 
0.12681  1.7842e+005  0.72999 0.82019 0.81422   0.00039 0.05143   0.760 0.970 0.730 
0.12780  1.7822e+005  0.72963 0.81996 0.81401   0.00039 0.05149   0.760 0.970 0.730 
0.12880  1.7801e+005  0.72926 0.81975 0.81381   0.00038 0.05155   0.760 0.970 0.729 
0.12980  1.7781e+005  0.72889 0.81952 0.81361   0.00038 0.05161   0.760 0.969 0.729 
0.13080  1.776e+005  0.72851 0.81929 0.81340   0.00038 0.05167   0.760 0.969 0.729 
0.13180  1.774e+005  0.72814 0.81906 0.81319   0.00038 0.05173   0.760 0.969 0.728 
0.13280  1.772e+005  0.72777 0.81883 0.81298   0.00037 0.05179   0.760 0.968 0.728 
0.13379  1.7699e+005  0.72739 0.81859 0.81277   0.00037 0.05185   0.760 0.968 0.727 
0.13479  1.7679e+005  0.72701 0.81836 0.81256   0.00037 0.05191   0.760 0.968 0.727 
0.13579  1.7658e+005  0.72663 0.81813 0.81235   0.00037 0.05197   0.760 0.967 0.727 
0.13679  1.7638e+005  0.72625 0.81790 0.81214   0.00037 0.05204   0.760 0.967 0.726 
0.13779  1.7618e+005  0.72589 0.81768 0.81194   0.00036 0.05209   0.760 0.967 0.726 
0.13879  1.7597e+005  0.72550 0.81744 0.81172   0.00036 0.05216   0.760 0.966 0.726 
0.13978  1.7577e+005  0.72512 0.81720 0.81151   0.00036 0.05222   0.760 0.966 0.725 
0.14078  1.7556e+005  0.72474 0.81696 0.81130   0.00036 0.05228   0.760 0.966 0.725 
0.14178  1.7536e+005  0.72436 0.81673 0.81108   0.00036 0.05234   0.760 0.966 0.724 
0.14278  1.7516e+005  0.72397 0.81649 0.81087   0.00035 0.05241   0.760 0.965 0.724 
0.14378  1.7495e+005  0.72358 0.81627 0.81067   0.00035 0.05247   0.760 0.965 0.724 
0.14478  1.7475e+005  0.72319 0.81603 0.81045   0.00035 0.05253   0.760 0.965 0.723 
0.14577  1.7454e+005  0.72280 0.81579 0.81024   0.00035 0.05259   0.760 0.964 0.723 
0.14677  1.7434e+005  0.72241 0.81556 0.81002   0.00035 0.05265   0.760 0.964 0.722 
0.14777  1.7414e+005  0.72201 0.81532 0.80981   0.00034 0.05272   0.760 0.964 0.722 
0.14877  1.7393e+005  0.72162 0.81508 0.80959   0.00034 0.05278   0.760 0.963 0.722 
0.14977  1.7373e+005  0.72122 0.81484 0.80938   0.00034 0.05284   0.760 0.963 0.721 
0.15077  1.7352e+005  0.72083 0.81460 0.80916   0.00034 0.05290   0.760 0.963 0.721 
0.15177  1.7332e+005  0.72043 0.81436 0.80893   0.00034 0.05297   0.760 0.962 0.720 
0.15276  1.7312e+005  0.72003 0.81411 0.80872   0.00033 0.05304   0.760 0.962 0.720 
0.15376  1.7291e+005  0.71963 0.81387 0.80850   0.00033 0.05310   0.760 0.962 0.720 
0.15476  1.7271e+005  0.71924 0.81363 0.80828   0.00033 0.05316   0.760 0.962 0.719 
0.15576  1.725e+005  0.71884 0.81339 0.80806   0.00033 0.05323   0.760 0.961 0.719 
0.15676  1.723e+005  0.71844 0.81317 0.80786   0.00033 0.05329   0.760 0.961 0.718 
0.15776  1.721e+005  0.71805 0.81293 0.80764   0.00033 0.05335   0.760 0.961 0.718 
0.15875  1.7189e+005  0.71765 0.81269 0.80743   0.00032 0.05341   0.760 0.960 0.718 
0.15975  1.7169e+005  0.71725 0.81246 0.80722   0.00032 0.05347   0.760 0.960 0.717 
0.16075  1.7148e+005  0.71685 0.81223 0.80701   0.00032 0.05354   0.760 0.960 0.717 
0.16175  1.7128e+005  0.71644 0.81199 0.80679   0.00032 0.05360   0.760 0.959 0.716 
0.16275  1.7108e+005  0.71604 0.81174 0.80657   0.00032 0.05367   0.760 0.959 0.716 
0.16375  1.7087e+005  0.71563 0.81149 0.80634   0.00032 0.05373   0.760 0.959 0.716 
0.16474  1.7067e+005  0.71523 0.81125 0.80612   0.00032 0.05380   0.760 0.959 0.715 
0.16574  1.7046e+005  0.71481 0.81101 0.80590   0.00031 0.05386   0.760 0.958 0.715 
0.16674  1.7026e+005  0.71441 0.81076 0.80568   0.00031 0.05393   0.760 0.958 0.714 
0.16774  1.7006e+005  0.71399 0.81052 0.80546   0.00031 0.05399   0.760 0.958 0.714 
0.16874  1.6985e+005  0.71358 0.81028 0.80524   0.00031 0.05406   0.760 0.957 0.714 
0.16974  1.6965e+005  0.71316 0.81003 0.80501   0.00031 0.05412   0.760 0.957 0.713 
0.17073  1.6944e+005  0.71275 0.80978 0.80479   0.00031 0.05419   0.760 0.957 0.713 
0.17173  1.6924e+005  0.71234 0.80955 0.80458   0.00031 0.05425   0.760 0.956 0.712 
0.17273  1.6904e+005  0.71193 0.80929 0.80435   0.00030 0.05432   0.760 0.956 0.712 
0.17373  1.6883e+005  0.71151 0.80904 0.80413   0.00030 0.05439   0.760 0.956 0.712 
0.17473  1.6863e+005  0.71109 0.80879 0.80390   0.00030 0.05445   0.760 0.955 0.711 
0.17573  1.6842e+005  0.71067 0.80855 0.80367   0.00030 0.05452   0.760 0.955 0.711 
0.17672  1.6822e+005  0.71025 0.80830 0.80345   0.00030 0.05459   0.760 0.955 0.710 
0.17772  1.6802e+005  0.70982 0.80805 0.80322   0.00030 0.05465   0.760 0.955 0.710 
0.17872  1.6781e+005  0.70940 0.80780 0.80300   0.00030 0.05472   0.760 0.954 0.709 
0.17972  1.6761e+005  0.70897 0.80754 0.80277   0.00030 0.05479   0.760 0.954 0.709 
0.18072  1.674e+005  0.70854 0.80729 0.80253   0.00029 0.05486   0.760 0.954 0.709 
0.18172  1.672e+005  0.70812 0.80704 0.80231   0.00029 0.05493   0.760 0.953 0.708 
0.18272  1.67e+005   0.70770 0.80680 0.80209   0.00029 0.05499   0.760 0.953 0.708 
0.18371  1.6679e+005  0.70728 0.80654 0.80186   0.00029 0.05506   0.760 0.953 0.707 
0.18471  1.6659e+005  0.70685 0.80627 0.80161   0.00029 0.05513   0.760 0.952 0.707 
0.18571  1.6638e+005  0.70642 0.80600 0.80136   0.00029 0.05520   0.760 0.952 0.706 
0.18671  1.6618e+005  0.70599 0.80574 0.80113   0.00029 0.05528   0.760 0.952 0.706 
0.18771  1.6598e+005  0.70556 0.80548 0.80089   0.00029 0.05534   0.760 0.951 0.706 
0.18871  1.6577e+005  0.70513 0.80522 0.80066   0.00029 0.05542   0.760 0.951 0.705 
0.18970  1.6557e+005  0.70469 0.80496 0.80042   0.00028 0.05549   0.760 0.951 0.705 
0.19070  1.6536e+005  0.70425 0.80470 0.80018   0.00028 0.05556   0.760 0.950 0.704 
0.19170  1.6516e+005  0.70381 0.80444 0.79994   0.00028 0.05563   0.760 0.950 0.704 
0.19270  1.6496e+005  0.70337 0.80418 0.79971   0.00028 0.05570   0.759 0.950 0.703 
0.19370  1.6475e+005  0.70294 0.80390 0.79946   0.00028 0.05577   0.759 0.949 0.703 
0.19470  1.6455e+005  0.70251 0.80364 0.79922   0.00028 0.05584   0.759 0.949 0.703 
0.19569  1.6434e+005  0.70207 0.80338 0.79899   0.00028 0.05591   0.759 0.949 0.702 
0.19669  1.6414e+005  0.70163 0.80312 0.79875   0.00028 0.05598   0.759 0.948 0.702 
0.19769  1.6394e+005  0.70118 0.80286 0.79851   0.00028 0.05605   0.759 0.948 0.701 
0.19869  1.6373e+005  0.70074 0.80259 0.79827   0.00027 0.05613   0.759 0.948 0.701 
0.19969  1.6353e+005  0.70030 0.80231 0.79802   0.00027 0.05620   0.759 0.947 0.700 
0.20069  1.6332e+005  0.69985 0.80204 0.79777   0.00027 0.05627   0.759 0.947 0.700 
0.20168  1.6312e+005  0.69941 0.80176 0.79752   0.00027 0.05635   0.759 0.947 0.699 
0.20268  1.6292e+005  0.69896 0.80150 0.79727   0.00027 0.05642   0.759 0.946 0.699 
0.20368  1.6271e+005  0.69851 0.80123 0.79703   0.00027 0.05650   0.759 0.946 0.699 
0.20468  1.6251e+005  0.69807 0.80094 0.79677   0.00027 0.05657   0.759 0.946 0.698 
0.20568  1.623e+005  0.69763 0.80066 0.79651   0.00027 0.05665   0.759 0.945 0.698 
0.20668  1.621e+005  0.69722 0.80042 0.79630   0.00027 0.05671   0.759 0.945 0.697 
0.20767  1.619e+005  0.69677 0.80014 0.79605   0.00027 0.05679   0.759 0.944 0.697 
0.20867  1.6169e+005  0.69632 0.79987 0.79580   0.00027 0.05686   0.759 0.944 0.696 
0.20967  1.6149e+005  0.69587 0.79959 0.79555   0.00026 0.05694   0.759 0.944 0.696 
0.21067  1.6128e+005  0.69541 0.79932 0.79530   0.00026 0.05701   0.759 0.943 0.695 
0.21167  1.6108e+005  0.69496 0.79904 0.79504   0.00026 0.05709   0.759 0.943 0.695 
0.21267  1.6088e+005  0.69451 0.79877 0.79480   0.00026 0.05716   0.759 0.943 0.695 
0.21367  1.6067e+005  0.69406 0.79850 0.79456   0.00026 0.05723   0.759 0.942 0.694 
0.21466  1.6047e+005  0.69361 0.79823 0.79431   0.00026 0.05731   0.759 0.942 0.694 
0.21566  1.6026e+005  0.69315 0.79795 0.79406   0.00026 0.05738   0.759 0.942 0.693 
0.21666  1.6006e+005  0.69269 0.79768 0.79381   0.00026 0.05746   0.759 0.941 0.693 
0.21766  1.5986e+005  0.69224 0.79740 0.79356   0.00026 0.05753   0.759 0.941 0.692 
0.21866  1.5965e+005  0.69178 0.79713 0.79331   0.00026 0.05761   0.759 0.941 0.692 
0.21966  1.5945e+005  0.69133 0.79684 0.79305   0.00026 0.05769   0.759 0.940 0.691 
0.22065  1.5924e+005  0.69086 0.79656 0.79280   0.00026 0.05776   0.759 0.940 0.691 
0.22165  1.5904e+005  0.69040 0.79628 0.79254   0.00025 0.05784   0.759 0.940 0.690 
0.22265  1.5884e+005  0.68993 0.79600 0.79229   0.00025 0.05792   0.759 0.939 0.690 
0.22365  1.5863e+005  0.68946 0.79571 0.79202   0.00025 0.05799   0.759 0.939 0.689 
0.22465  1.5843e+005  0.68900 0.79543 0.79177   0.00025 0.05807   0.759 0.938 0.689 
0.22565  1.5822e+005  0.68853 0.79515 0.79151   0.00025 0.05815   0.759 0.938 0.689 
0.22664  1.5802e+005  0.68806 0.79486 0.79125   0.00025 0.05823   0.759 0.938 0.688 
0.22764  1.5782e+005  0.68759 0.79457 0.79099   0.00025 0.05831   0.759 0.937 0.688 
0.22864  1.5761e+005  0.68712 0.79428 0.79072   0.00025 0.05839   0.759 0.937 0.687 
0.22964  1.5741e+005  0.68665 0.79399 0.79046   0.00025 0.05846   0.759 0.937 0.687 
0.23064  1.572e+005  0.68618 0.79370 0.79020   0.00025 0.05854   0.759 0.936 0.686 
0.23164  1.57e+005   0.68571 0.79341 0.78993   0.00025 0.05862   0.759 0.936 0.686 
0.23263  1.568e+005  0.68523 0.79311 0.78966   0.00025 0.05871   0.759 0.936 0.685 
0.23363  1.5659e+005  0.68479 0.79282 0.78940   0.00025 0.05878   0.759 0.935 0.685 
0.23463  1.5639e+005  0.68431 0.79252 0.78913   0.00025 0.05887   0.759 0.935 0.684 
0.23563  1.5618e+005  0.68383 0.79223 0.78886   0.00025 0.05895   0.759 0.934 0.684 
0.23663  1.5598e+005  0.68336 0.79193 0.78859   0.00024 0.05903   0.759 0.934 0.683 
0.23763  1.5578e+005  0.68289 0.79164 0.78833   0.00024 0.05911   0.758 0.934 0.683 
0.23862  1.5557e+005  0.68241 0.79135 0.78806   0.00024 0.05919   0.758 0.933 0.682 
0.23962  1.5537e+005  0.68193 0.79105 0.78779   0.00024 0.05927   0.758 0.933 0.682 
0.24062  1.5516e+005  0.68146 0.79075 0.78752   0.00024 0.05935   0.758 0.932 0.681 
0.24162  1.5496e+005  0.68098 0.79046 0.78725   0.00024 0.05943   0.758 0.932 0.681 
0.24262  1.5476e+005  0.68049 0.79016 0.78698   0.00024 0.05951   0.758 0.932 0.680 
0.24362  1.5455e+005  0.68001 0.78987 0.78672   0.00024 0.05959   0.758 0.931 0.680 
0.24462  1.5435e+005  0.67952 0.78957 0.78644   0.00024 0.05968   0.758 0.931 0.680 
0.24561  1.5414e+005  0.67904 0.78929 0.78619   0.00024 0.05976   0.758 0.931 0.679 
0.24661  1.5394e+005  0.67855 0.78898 0.78591   0.00024 0.05984   0.758 0.930 0.679 
0.24761  1.5374e+005  0.67807 0.78868 0.78563   0.00024 0.05992   0.758 0.930 0.678 
0.24861  1.5353e+005  0.67758 0.78838 0.78536   0.00024 0.06001   0.758 0.929 0.678 
0.24961  1.5333e+005  0.67709 0.78808 0.78509   0.00024 0.06009   0.758 0.929 0.677 
0.25061  1.5312e+005  0.67661 0.78778 0.78482   0.00024 0.06017   0.758 0.929 0.677 
0.25160  1.5292e+005  0.67611 0.78748 0.78455   0.00024 0.06025   0.758 0.928 0.676 
0.25260  1.5272e+005  0.67562 0.78717 0.78426   0.00023 0.06034   0.758 0.928 0.676 
0.25360  1.5251e+005  0.67513 0.78687 0.78399   0.00023 0.06042   0.758 0.927 0.675 
0.25460  1.5231e+005  0.67464 0.78657 0.78371   0.00023 0.06051   0.758 0.927 0.675 
0.25560  1.521e+005  0.67414 0.78626 0.78343   0.00023 0.06059   0.758 0.927 0.674 
0.25660  1.519e+005  0.67365 0.78594 0.78314   0.00023 0.06068   0.758 0.926 0.674 
0.25759  1.517e+005  0.67315 0.78563 0.78286   0.00023 0.06077   0.758 0.926 0.673 
0.25859  1.5149e+005  0.67265 0.78533 0.78258   0.00023 0.06085   0.758 0.925 0.673 
0.25959  1.5129e+005  0.67216 0.78501 0.78230   0.00023 0.06094   0.758 0.925 0.672 
0.26059  1.5108e+005  0.67165 0.78470 0.78201   0.00023 0.06103   0.758 0.925 0.672 
0.26159  1.5088e+005  0.67115 0.78439 0.78173   0.00023 0.06111   0.758 0.924 0.671 
0.26259  1.5068e+005  0.67065 0.78407 0.78144   0.00023 0.06120   0.758 0.924 0.671 
0.26358  1.5047e+005  0.67014 0.78375 0.78114   0.00023 0.06129   0.758 0.923 0.670 
0.26458  1.5027e+005  0.66964 0.78343 0.78084   0.00023 0.06138   0.758 0.923 0.670 
0.26558  1.5006e+005  0.66913 0.78311 0.78056   0.00023 0.06147   0.758 0.923 0.669 
0.26658  1.4986e+005  0.66863 0.78279 0.78027   0.00023 0.06156   0.758 0.922 0.669 
0.26758  1.4966e+005  0.66812 0.78248 0.77999   0.00023 0.06164   0.758 0.922 0.668 
0.26858  1.4945e+005  0.66761 0.78217 0.77970   0.00023 0.06173   0.758 0.921 0.668 
0.26958  1.4925e+005  0.66710 0.78185 0.77942   0.00023 0.06182   0.757 0.921 0.667 
0.27057  1.4904e+005  0.66660 0.78154 0.77913   0.00023 0.06191   0.757 0.921 0.667 
0.27157  1.4884e+005  0.66608 0.78122 0.77884   0.00023 0.06200   0.757 0.920 0.666 
0.27257  1.4864e+005  0.66559 0.78091 0.77856   0.00022 0.06208   0.757 0.920 0.666 
0.27357  1.4843e+005  0.66507 0.78059 0.77826   0.00022 0.06217   0.757 0.919 0.665 
0.27457  1.4823e+005  0.66456 0.78026 0.77797   0.00022 0.06226   0.757 0.919 0.665 
0.27557  1.4802e+005  0.66404 0.77994 0.77768   0.00022 0.06235   0.757 0.918 0.664 
0.27656  1.4782e+005  0.66352 0.77963 0.77739   0.00022 0.06244   0.757 0.918 0.664 
0.27756  1.4762e+005  0.66301 0.77930 0.77710   0.00022 0.06253   0.757 0.918 0.663 
0.27856  1.4741e+005  0.66249 0.77899 0.77681   0.00022 0.06262   0.757 0.917 0.662 
0.27956  1.4721e+005  0.66197 0.77868 0.77653   0.00022 0.06271   0.757 0.917 0.662 
0.28056  1.47e+005   0.66145 0.77835 0.77623   0.00022 0.06280   0.757 0.916 0.661 
0.28156  1.468e+005  0.66096 0.77800 0.77590   0.00022 0.06290   0.757 0.916 0.661 
0.28255  1.466e+005  0.66044 0.77768 0.77562   0.00022 0.06299   0.757 0.916 0.660 
0.28355  1.4639e+005  0.65994 0.77737 0.77533   0.00022 0.06308   0.757 0.915 0.660 
0.28455  1.4619e+005  0.65941 0.77702 0.77501   0.00022 0.06317   0.757 0.915 0.659 
0.28555  1.4598e+005  0.65889 0.77669 0.77471   0.00022 0.06327   0.757 0.914 0.659 
0.28655  1.4578e+005  0.65836 0.77636 0.77441   0.00022 0.06336   0.757 0.914 0.658 
0.28755  1.4558e+005  0.65783 0.77604 0.77412   0.00022 0.06345   0.757 0.913 0.658 
0.28854  1.4537e+005  0.65730 0.77570 0.77381   0.00022 0.06354   0.757 0.913 0.657 
0.28954  1.4517e+005  0.65678 0.77538 0.77352   0.00022 0.06363   0.757 0.913 0.657 
0.29054  1.4496e+005  0.65625 0.77506 0.77322   0.00022 0.06372   0.757 0.912 0.656 
0.29154  1.4476e+005  0.65572 0.77473 0.77293   0.00022 0.06382   0.757 0.912 0.656 
0.29254  1.4456e+005  0.65519 0.77440 0.77262   0.00022 0.06391   0.757 0.911 0.655 
0.29354  1.4435e+005  0.65466 0.77406 0.77232   0.00022 0.06401   0.757 0.911 0.655 
0.29453  1.4415e+005  0.65414 0.77373 0.77201   0.00022 0.06410   0.757 0.910 0.654 
0.29553  1.4394e+005  0.65361 0.77341 0.77172   0.00021 0.06419   0.757 0.910 0.654 
0.29653  1.4374e+005  0.65308 0.77308 0.77143   0.00021 0.06428   0.757 0.910 0.653 
0.29753  1.4354e+005  0.65254 0.77274 0.77112   0.00021 0.06438   0.756 0.909 0.653 
0.29853  1.4333e+005  0.65203 0.77243 0.77083   0.00021 0.06447   0.756 0.909 0.652 
0.29953  1.4313e+005  0.65149 0.77209 0.77052   0.00021 0.06456   0.756 0.908 0.651 
0.30053  1.4292e+005  0.65094 0.77175 0.77022   0.00021 0.06466   0.756 0.908 0.651 
0.30152  1.4272e+005  0.65041 0.77142 0.76991   0.00021 0.06475   0.756 0.907 0.650 
0.30252  1.4252e+005  0.64986 0.77108 0.76960   0.00021 0.06485   0.756 0.907 0.650 
0.30352  1.4231e+005  0.64934 0.77073 0.76928   0.00021 0.06495   0.756 0.907 0.649 
0.30452  1.4211e+005  0.64879 0.77038 0.76897   0.00021 0.06504   0.756 0.906 0.649 
0.30552  1.419e+005  0.64824 0.77005 0.76867   0.00021 0.06514   0.756 0.906 0.648 
0.30652  1.417e+005  0.64770 0.76973 0.76837   0.00021 0.06523   0.756 0.905 0.648 
0.30751  1.415e+005  0.64715 0.76939 0.76807   0.00021 0.06533   0.756 0.905 0.647 
0.30851  1.4129e+005  0.64660 0.76905 0.76776   0.00021 0.06542   0.756 0.904 0.647 
0.30951  1.4109e+005  0.64605 0.76871 0.76745   0.00021 0.06552   0.756 0.904 0.646 
0.31051  1.4088e+005  0.64550 0.76837 0.76715   0.00021 0.06561   0.756 0.904 0.646 
0.31151  1.4068e+005  0.64505 0.76808 0.76688   0.00021 0.06570   0.756 0.903 0.645 
0.31251  1.4048e+005  0.64470 0.76782 0.76664   0.00021 0.06577   0.756 0.903 0.645 
0.31350  1.4027e+005  0.64441 0.76757 0.76642   0.00021 0.06583   0.756 0.902 0.644 
0.31450  1.4007e+005  0.64405 0.76728 0.76616   0.00021 0.06591   0.756 0.902 0.644 
0.31550  1.3986e+005  0.64364 0.76696 0.76587   0.00021 0.06600   0.756 0.901 0.644 
0.31650  1.3966e+005  0.64320 0.76662 0.76557   0.00021 0.06609   0.756 0.901 0.643 
0.31750  1.3946e+005  0.64274 0.76627 0.76525   0.00021 0.06619   0.756 0.900 0.643 
0.31850  1.3925e+005  0.64230 0.76591 0.76492   0.00021 0.06629   0.756 0.899 0.642 
0.31949  1.3905e+005  0.64181 0.76552 0.76456   0.00021 0.06640   0.756 0.899 0.642 
0.32049  1.3884e+005  0.64130 0.76510 0.76416   0.00021 0.06652   0.756 0.898 0.641 
0.32149  1.3864e+005  0.64076 0.76470 0.76380   0.00021 0.06664   0.756 0.898 0.641 
0.32249  1.3844e+005  0.64021 0.76434 0.76347   0.00021 0.06674   0.756 0.897 0.640 
0.32349  1.3823e+005  0.63965 0.76401 0.76317   0.00021 0.06683   0.756 0.897 0.640 
0.32449  1.3803e+005  0.63915 0.76366 0.76285   0.00021 0.06693   0.756 0.896 0.639 
0.32548  1.3782e+005  0.63860 0.76330 0.76252   0.00020 0.06704   0.756 0.896 0.639 
0.32648  1.3762e+005  0.63805 0.76294 0.76219   0.00020 0.06714   0.755 0.895 0.638 
0.32748  1.3742e+005  0.63749 0.76258 0.76186   0.00020 0.06724   0.755 0.895 0.637 
0.32848  1.3721e+005  0.63695 0.76220 0.76152   0.00020 0.06735   0.755 0.894 0.637 
0.32948  1.3701e+005  0.63649 0.76186 0.76121   0.00020 0.06745   0.755 0.894 0.636 
0.33048  1.368e+005  0.63594 0.76148 0.76086   0.00020 0.06755   0.755 0.893 0.636 
0.33148  1.366e+005  0.63539 0.76114 0.76055   0.00020 0.06765   0.755 0.893 0.635 
0.33247  1.364e+005  0.63484 0.76079 0.76023   0.00020 0.06775   0.755 0.892 0.635 
0.33347  1.3619e+005  0.63427 0.76043 0.75991   0.00020 0.06785   0.755 0.892 0.634 
0.33447  1.3599e+005  0.63371 0.76008 0.75959   0.00020 0.06795   0.755 0.891 0.634 
0.33547  1.3578e+005  0.63315 0.75971 0.75926   0.00020 0.06806   0.755 0.891 0.633 
0.33647  1.3558e+005  0.63258 0.75935 0.75893   0.00020 0.06816   0.755 0.890 0.633 
0.33747  1.3538e+005  0.63202 0.75898 0.75859   0.00020 0.06827   0.755 0.890 0.632 
0.33846  1.3517e+005  0.63146 0.75862 0.75827   0.00020 0.06837   0.755 0.889 0.631 
0.33946  1.3497e+005  0.63089 0.75827 0.75795   0.00020 0.06847   0.755 0.889 0.631 
0.34046  1.3476e+005  0.63033 0.75790 0.75761   0.00020 0.06858   0.755 0.888 0.630 
0.34146  1.3456e+005  0.62976 0.75753 0.75727   0.00020 0.06869   0.755 0.888 0.630 
0.34246  1.3436e+005  0.62919 0.75716 0.75694   0.00020 0.06879   0.755 0.887 0.629 
0.34346  1.3415e+005  0.62862 0.75680 0.75660   0.00020 0.06890   0.755 0.887 0.629 
0.34445  1.3395e+005  0.62805 0.75643 0.75627   0.00020 0.06900   0.755 0.886 0.628 
0.34545  1.3374e+005  0.62749 0.75607 0.75593   0.00020 0.06911   0.755 0.886 0.627 
0.34645  1.3354e+005  0.62692 0.75569 0.75559   0.00020 0.06922   0.755 0.885 0.627 
0.34745  1.3334e+005  0.62636 0.75533 0.75526   0.00020 0.06932   0.755 0.885 0.626 
0.34845  1.3313e+005  0.62578 0.75496 0.75492   0.00020 0.06943   0.755 0.884 0.626 
0.34945  1.3293e+005  0.62520 0.75459 0.75459   0.00020 0.06954   0.755 0.884 0.625 
0.35044  1.3272e+005  0.62463 0.75422 0.75425   0.00020 0.06964   0.755 0.883 0.625 
0.35144  1.3252e+005  0.62405 0.75385 0.75391   0.00020 0.06975   0.755 0.883 0.624 
0.35244  1.3232e+005  0.62347 0.75346 0.75356   0.00020 0.06986   0.754 0.882 0.623 
0.35344  1.3211e+005  0.62289 0.75309 0.75322   0.00020 0.06997   0.754 0.882 0.623 
0.35444  1.3191e+005  0.62231 0.75271 0.75287   0.00020 0.07008   0.754 0.881 0.622 
0.35544  1.317e+005  0.62173 0.75232 0.75252   0.00020 0.07019   0.754 0.881 0.622 
0.35643  1.315e+005  0.62114 0.75194 0.75217   0.00020 0.07030   0.754 0.880 0.621 
0.35743  1.313e+005  0.62057 0.75155 0.75181   0.00020 0.07042   0.754 0.880 0.621 
0.35843  1.3109e+005  0.61999 0.75117 0.75147   0.00020 0.07053   0.754 0.879 0.620 
0.35943  1.3089e+005  0.61942 0.75080 0.75113   0.00020 0.07064   0.754 0.879 0.619 
0.36043  1.3068e+005  0.61884 0.75041 0.75077   0.00020 0.07075   0.754 0.878 0.619 
0.36143  1.3048e+005  0.61825 0.75003 0.75043   0.00020 0.07086   0.754 0.878 0.618 
0.36243  1.3028e+005  0.61767 0.74964 0.75007   0.00020 0.07097   0.754 0.877 0.618 
0.36342  1.3007e+005  0.61707 0.74926 0.74972   0.00020 0.07108   0.754 0.877 0.617 
0.36442  1.2987e+005  0.61648 0.74887 0.74937   0.00020 0.07120   0.754 0.876 0.616 
0.36542  1.2966e+005  0.61589 0.74848 0.74901   0.00020 0.07131   0.754 0.876 0.616 
0.36642  1.2946e+005  0.61530 0.74808 0.74864   0.00020 0.07143   0.754 0.875 0.615 
0.36742  1.2926e+005  0.61471 0.74769 0.74828   0.00019 0.07154   0.754 0.875 0.615 
0.36842  1.2905e+005  0.61410 0.74729 0.74792   0.00019 0.07166   0.754 0.874 0.614 
0.36941  1.2885e+005  0.61352 0.74690 0.74757   0.00019 0.07177   0.754 0.874 0.614 
0.37041  1.2864e+005  0.61293 0.74651 0.74720   0.00019 0.07189   0.753 0.873 0.613 
0.37141  1.2844e+005  0.61235 0.74610 0.74682   0.00019 0.07201   0.753 0.873 0.612 
0.37241  1.2824e+005  0.61175 0.74569 0.74645   0.00019 0.07213   0.753 0.872 0.612 
0.37341  1.2803e+005  0.61116 0.74530 0.74610   0.00019 0.07224   0.753 0.872 0.611 
0.37441  1.2783e+005  0.61061 0.74491 0.74573   0.00019 0.07236   0.753 0.871 0.611 
0.37540  1.2762e+005  0.61013 0.74453 0.74539   0.00019 0.07247   0.753 0.870 0.610 
0.37640  1.2742e+005  0.60955 0.74413 0.74503   0.00019 0.07258   0.753 0.870 0.610 
0.37740  1.2722e+005  0.60894 0.74373 0.74466   0.00019 0.07270   0.753 0.869 0.609 
0.37840  1.2701e+005  0.60834 0.74333 0.74429   0.00019 0.07282   0.753 0.869 0.608 
0.37940  1.2681e+005  0.60774 0.74291 0.74390   0.00019 0.07294   0.753 0.868 0.608 
0.38040  1.266e+005  0.60714 0.74251 0.74354   0.00019 0.07306   0.753 0.868 0.607 
0.38139  1.264e+005  0.60653 0.74210 0.74317   0.00019 0.07318   0.753 0.867 0.607 
0.38239  1.262e+005  0.60593 0.74170 0.74279   0.00019 0.07330   0.753 0.866 0.606 
0.38339  1.2599e+005  0.60533 0.74127 0.74240   0.00019 0.07343   0.753 0.866 0.605 
0.38439  1.2579e+005  0.60473 0.74086 0.74203   0.00019 0.07355   0.753 0.865 0.605 
0.38539  1.2558e+005  0.60411 0.74046 0.74166   0.00019 0.07367   0.752 0.865 0.604 
0.38639  1.2538e+005  0.60352 0.74004 0.74127   0.00019 0.07379   0.752 0.864 0.604 
0.38739  1.2518e+005  0.60292 0.73962 0.74089   0.00019 0.07392   0.752 0.864 0.603 
0.38838  1.2497e+005  0.60232 0.73921 0.74051   0.00019 0.07404   0.752 0.863 0.602 
0.38938  1.2477e+005  0.60170 0.73879 0.74013   0.00019 0.07416   0.752 0.863 0.602 
0.39038  1.2456e+005  0.60112 0.73842 0.73979   0.00019 0.07427   0.752 0.862 0.601 
0.39138  1.2436e+005  0.60067 0.73815 0.73954   0.00019 0.07435   0.752 0.862 0.601 
0.39238  1.2416e+005  0.60016 0.73780 0.73919   0.00019 0.07447   0.752 0.862 0.600 
0.39338  1.2395e+005  0.59961 0.73744 0.73884   0.00019 0.07458   0.751 0.861 0.600 
0.39437  1.2375e+005  0.59901 0.73701 0.73844   0.00019 0.07471   0.751 0.861 0.599 
0.39537  1.2354e+005  0.59840 0.73657 0.73803   0.00019 0.07484   0.751 0.860 0.598 
0.39637  1.2334e+005  0.59778 0.73614 0.73763   0.00019 0.07497   0.751 0.860 0.598 
0.39737  1.2314e+005  0.59716 0.73571 0.73724   0.00019 0.07510   0.751 0.859 0.597 
0.39837  1.2293e+005  0.59659 0.73529 0.73685   0.00019 0.07523   0.751 0.858 0.597 
0.39937  1.2273e+005  0.59599 0.73487 0.73646   0.00019 0.07535   0.751 0.858 0.596 
0.40036  1.2252e+005  0.59539 0.73444 0.73607   0.00019 0.07548   0.751 0.857 0.595 
0.40136  1.2232e+005  0.59477 0.73401 0.73568   0.00019 0.07561   0.751 0.857 0.595 
0.40236  1.2212e+005  0.59417 0.73359 0.73530   0.00019 0.07573   0.751 0.856 0.594 
0.40336  1.2191e+005  0.59355 0.73317 0.73490   0.00019 0.07586   0.751 0.855 0.594 
0.40436  1.2171e+005  0.59293 0.73274 0.73451   0.00019 0.07598   0.750 0.855 0.593 
0.40536  1.215e+005  0.59231 0.73231 0.73412   0.00019 0.07611   0.750 0.854 0.592 
0.40635  1.213e+005  0.59168 0.73189 0.73373   0.00019 0.07624   0.750 0.854 0.592 
0.40735  1.211e+005  0.59106 0.73146 0.73333   0.00019 0.07637   0.750 0.853 0.591 
0.40835  1.2089e+005  0.59043 0.73102 0.73292   0.00019 0.07650   0.750 0.853 0.590 
0.40935  1.2069e+005  0.58981 0.73057 0.73251   0.00019 0.07664   0.750 0.852 0.590 
0.41035  1.2048e+005  0.58919 0.73014 0.73211   0.00019 0.07677   0.750 0.851 0.589 
0.41135  1.2028e+005  0.58856 0.72970 0.73171   0.00019 0.07690   0.750 0.851 0.589 
0.41234  1.2008e+005  0.58795 0.72926 0.73131   0.00019 0.07703   0.750 0.850 0.588 
0.41334  1.1987e+005  0.58732 0.72882 0.73090   0.00019 0.07716   0.750 0.850 0.587 
0.41434  1.1967e+005  0.58670 0.72837 0.73049   0.00019 0.07730   0.750 0.849 0.587 
0.41534  1.1946e+005  0.58607 0.72793 0.73009   0.00019 0.07743   0.750 0.848 0.586 
0.41634  1.1926e+005  0.58543 0.72748 0.72967   0.00019 0.07756   0.749 0.848 0.585 
0.41734  1.1906e+005  0.58479 0.72702 0.72926   0.00019 0.07770   0.749 0.847 0.585 
0.41834  1.1885e+005  0.58415 0.72657 0.72884   0.00019 0.07784   0.749 0.846 0.584 
0.41933  1.1865e+005  0.58351 0.72611 0.72842   0.00019 0.07797   0.749 0.846 0.584 
0.42033  1.1844e+005  0.58288 0.72565 0.72800   0.00019 0.07811   0.749 0.845 0.583 
0.42133  1.1824e+005  0.58226 0.72519 0.72758   0.00019 0.07825   0.749 0.844 0.582 
0.42233  1.1804e+005  0.58162 0.72474 0.72716   0.00019 0.07838   0.749 0.844 0.582 
0.42333  1.1783e+005  0.58098 0.72428 0.72674   0.00019 0.07852   0.749 0.843 0.581 
0.42433  1.1763e+005  0.58033 0.72381 0.72631   0.00019 0.07866   0.749 0.842 0.580 
0.42532  1.1742e+005  0.57969 0.72334 0.72588   0.00019 0.07880   0.749 0.842 0.580 
0.42632  1.1722e+005  0.57903 0.72287 0.72544   0.00019 0.07895   0.749 0.841 0.579 
0.42732  1.1702e+005  0.57837 0.72239 0.72500   0.00019 0.07909   0.749 0.840 0.578 
0.42832  1.1681e+005  0.57772 0.72191 0.72457   0.00019 0.07923   0.748 0.840 0.578 
0.42932  1.1661e+005  0.57707 0.72144 0.72414   0.00019 0.07938   0.748 0.839 0.577 
0.43032  1.164e+005  0.57641 0.72096 0.72369   0.00019 0.07952   0.748 0.838 0.576 
0.43131  1.162e+005  0.57578 0.72049 0.72326   0.00019 0.07967   0.748 0.837 0.576 
0.43231  1.16e+005   0.57527 0.72004 0.72285   0.00019 0.07980   0.748 0.837 0.575 
0.43331  1.1579e+005  0.57461 0.71956 0.72240   0.00019 0.07994   0.748 0.836 0.575 
0.43431  1.1559e+005  0.57395 0.71907 0.72195   0.00019 0.08009   0.748 0.835 0.574 
0.43531  1.1538e+005  0.57330 0.71857 0.72150   0.00019 0.08024   0.748 0.835 0.573 
0.43631  1.1518e+005  0.57265 0.71808 0.72104   0.00019 0.08039   0.748 0.834 0.573 
0.43730  1.1498e+005  0.57199 0.71758 0.72058   0.00019 0.08054   0.748 0.833 0.572 
0.43830  1.1477e+005  0.57133 0.71708 0.72012   0.00019 0.08069   0.747 0.832 0.571 
0.43930  1.1457e+005  0.57066 0.71659 0.71967   0.00019 0.08084   0.747 0.832 0.571 
0.44030  1.1436e+005  0.57004 0.71609 0.71921   0.00019 0.08099   0.747 0.831 0.570 
0.44130  1.1416e+005  0.56940 0.71559 0.71875   0.00019 0.08115   0.747 0.830 0.569 
0.44230  1.1396e+005  0.56883 0.71517 0.71837   0.00019 0.08127   0.747 0.830 0.569 
0.44329  1.1375e+005  0.56833 0.71475 0.71799   0.00019 0.08139   0.747 0.829 0.568 
0.44429  1.1355e+005  0.56768 0.71424 0.71752   0.00019 0.08155   0.747 0.828 0.568 
0.44529  1.1334e+005  0.56708 0.71376 0.71707   0.00019 0.08170   0.747 0.827 0.567 
0.44629  1.1314e+005  0.56643 0.71325 0.71661   0.00019 0.08185   0.747 0.827 0.566 
0.44729  1.1294e+005  0.56577 0.71278 0.71617   0.00019 0.08200   0.747 0.826 0.566 
0.44829  1.1273e+005  0.56511 0.71228 0.71571   0.00019 0.08215   0.747 0.825 0.565 
0.44929  1.1253e+005  0.56446 0.71179 0.71526   0.00019 0.08230   0.747 0.824 0.564 
0.45028  1.1232e+005  0.56384 0.71127 0.71479   0.00019 0.08245   0.746 0.824 0.564 
0.45128  1.1212e+005  0.56316 0.71078 0.71433   0.00019 0.08261   0.746 0.823 0.563 
0.45228  1.1192e+005  0.56249 0.71026 0.71385   0.00019 0.08276   0.746 0.822 0.562 
0.45328  1.1171e+005  0.56181 0.70972 0.71336   0.00019 0.08293   0.746 0.821 0.562 
0.45428  1.1151e+005  0.56113 0.70920 0.71288   0.00019 0.08309   0.746 0.821 0.561 
0.45528  1.113e+005  0.56044 0.70869 0.71241   0.00019 0.08324   0.746 0.820 0.560 
0.45627  1.111e+005  0.55974 0.70817 0.71193   0.00019 0.08340   0.746 0.819 0.560 
0.45727  1.109e+005  0.55906 0.70765 0.71145   0.00019 0.08356   0.746 0.818 0.559 
0.45827  1.1069e+005  0.55836 0.70711 0.71096   0.00019 0.08373   0.746 0.817 0.558 
0.45927  1.1049e+005  0.55768 0.70659 0.71048   0.00019 0.08389   0.745 0.817 0.558 
0.46027  1.1028e+005  0.55699 0.70606 0.70999   0.00019 0.08405   0.745 0.816 0.557 
0.46127  1.1008e+005  0.55630 0.70553 0.70950   0.00019 0.08421   0.745 0.815 0.556 
0.46226  1.0988e+005  0.55560 0.70501 0.70902   0.00019 0.08437   0.745 0.814 0.556 
0.46326  1.0967e+005  0.55490 0.70449 0.70854   0.00019 0.08454   0.745 0.814 0.555 
0.46426  1.0947e+005  0.55420 0.70394 0.70804   0.00019 0.08470   0.745 0.813 0.554 
0.46526  1.0926e+005  0.55350 0.70338 0.70752   0.00019 0.08488   0.745 0.812 0.554 
0.46626  1.0906e+005  0.55279 0.70284 0.70702   0.00019 0.08504   0.745 0.811 0.553 
0.46726  1.0886e+005  0.55210 0.70230 0.70653   0.00019 0.08521   0.745 0.810 0.552 
0.46825  1.0865e+005  0.55139 0.70175 0.70602   0.00019 0.08538   0.744 0.809 0.551 
0.46925  1.0845e+005  0.55066 0.70120 0.70551   0.00019 0.08555   0.744 0.809 0.551 
0.47025  1.0824e+005  0.54993 0.70063 0.70499   0.00019 0.08573   0.744 0.808 0.550 
0.47125  1.0804e+005  0.54923 0.70007 0.70448   0.00019 0.08590   0.744 0.807 0.549 
0.47225  1.0784e+005  0.54856 0.69958 0.70402   0.00019 0.08605   0.744 0.806 0.549 
0.47325  1.0763e+005  0.54785 0.69901 0.70350   0.00019 0.08623   0.744 0.805 0.548 
0.47424  1.0743e+005  0.54714 0.69846 0.70299   0.00019 0.08640   0.744 0.804 0.547 
0.47524  1.0722e+005  0.54642 0.69790 0.70247   0.00019 0.08657   0.744 0.804 0.546 
0.47624  1.0702e+005  0.54570 0.69734 0.70196   0.00019 0.08675   0.744 0.803 0.546 
0.47724  1.0682e+005  0.54498 0.69677 0.70143   0.00019 0.08693   0.743 0.802 0.545 
0.47824  1.0661e+005  0.54426 0.69620 0.70091   0.00019 0.08710   0.743 0.801 0.544 
0.47924  1.0641e+005  0.54355 0.69563 0.70038   0.00019 0.08728   0.743 0.800 0.544 
0.48024  1.062e+005  0.54282 0.69507 0.69986   0.00019 0.08746   0.743 0.799 0.543 
0.48123  1.06e+005   0.54208 0.69451 0.69935   0.00019 0.08763   0.743 0.799 0.542 
0.48223  1.058e+005  0.54135 0.69393 0.69882   0.00019 0.08781   0.743 0.798 0.541 
0.48323  1.0559e+005  0.54070 0.69333 0.69825   0.00019 0.08800   0.743 0.797 0.541 
0.48423  1.0539e+005  0.53997 0.69275 0.69771   0.00019 0.08818   0.742 0.796 0.540 
0.48523  1.0518e+005  0.53928 0.69220 0.69720   0.00019 0.08836   0.742 0.795 0.539 
0.48623  1.0498e+005  0.53854 0.69161 0.69665   0.00019 0.08854   0.742 0.794 0.539 
0.48722  1.0478e+005  0.53781 0.69102 0.69611   0.00019 0.08873   0.742 0.793 0.538 
0.48822  1.0457e+005  0.53709 0.69044 0.69558   0.00019 0.08891   0.742 0.792 0.537 
0.48922  1.0437e+005  0.53638 0.68985 0.69503   0.00019 0.08909   0.742 0.792 0.536 
0.49022  1.0416e+005  0.53564 0.68928 0.69450   0.00019 0.08927   0.742 0.791 0.536 
0.49122  1.0396e+005  0.53491 0.68868 0.69395   0.00019 0.08946   0.741 0.790 0.535 
0.49222  1.0376e+005  0.53419 0.68808 0.69340   0.00019 0.08965   0.741 0.789 0.534 
0.49321  1.0355e+005  0.53344 0.68750 0.69286   0.00019 0.08983   0.741 0.788 0.533 
0.49421  1.0335e+005  0.53269 0.68691 0.69232   0.00019 0.09002   0.741 0.787 0.533 
0.49521  1.0314e+005  0.53195 0.68632 0.69177   0.00019 0.09021   0.741 0.786 0.532 
0.49621  1.0294e+005  0.53120 0.68572 0.69121   0.00019 0.09040   0.741 0.785 0.531 
0.49721  1.0274e+005  0.53044 0.68512 0.69067   0.00019 0.09059   0.741 0.784 0.530 
0.49821  1.0253e+005  0.52970 0.68454 0.69013   0.00019 0.09077   0.740 0.783 0.530 
0.49920  1.0233e+005  0.52897 0.68393 0.68957   0.00019 0.09096   0.740 0.783 0.529 
0.50020  1.0212e+005  0.52822 0.68333 0.68902   0.00019 0.09115   0.740 0.782 0.528 
0.50120  1.0192e+005  0.52749 0.68272 0.68845   0.00019 0.09135   0.740 0.781 0.527 
0.50220  1.0172e+005  0.52673 0.68208 0.68785   0.00019 0.09155   0.740 0.780 0.527 
0.50320  1.0151e+005  0.52599 0.68150 0.68731   0.00019 0.09174   0.740 0.779 0.526 
0.50420  1.0131e+005  0.52523 0.68089 0.68675   0.00019 0.09193   0.739 0.778 0.525 
0.50520  1.011e+005  0.52447 0.68026 0.68616   0.00019 0.09213   0.739 0.777 0.524 
0.50619  1.009e+005  0.52372 0.67965 0.68560   0.00019 0.09233   0.739 0.776 0.524 
0.50719  1.007e+005  0.52297 0.67904 0.68503   0.00019 0.09252   0.739 0.775 0.523 
0.50819  1.0049e+005  0.52222 0.67840 0.68444   0.00019 0.09273   0.739 0.774 0.522 
0.50919  1.0029e+005  0.52146 0.67777 0.68385   0.00019 0.09293   0.739 0.773 0.521 
0.51019  1.0008e+005  0.52066 0.67713 0.68326   0.00019 0.09313   0.738 0.772 0.521 
0.51119  99879       0.51989 0.67652 0.68270   0.00019 0.09333   0.738 0.771 0.520 
0.51218  99675       0.51913 0.67589 0.68211   0.00019 0.09353   0.738 0.770 0.519 
0.51318  99471       0.51836 0.67524 0.68151   0.00019 0.09374   0.738 0.769 0.518 
0.51418  99267       0.51759 0.67461 0.68093   0.00019 0.09394   0.738 0.768 0.518 
0.51518  99063       0.51680 0.67398 0.68034   0.00019 0.09415   0.738 0.768 0.517 
0.51618  98859       0.51601 0.67334 0.67975   0.00019 0.09435   0.737 0.767 0.516 
0.51718  98655       0.51524 0.67269 0.67915   0.00019 0.09456   0.737 0.766 0.515 
0.51817  98451       0.51445 0.67204 0.67854   0.00019 0.09477   0.737 0.765 0.514 
0.51917  98247       0.51369 0.67140 0.67794   0.00019 0.09498   0.737 0.764 0.514 
0.52017  98043       0.51290 0.67075 0.67735   0.00019 0.09519   0.737 0.763 0.513 
0.52117  97839       0.51212 0.67010 0.67674   0.00019 0.09540   0.737 0.762 0.512 
0.52217  97635       0.51132 0.66945 0.67615   0.00019 0.09561   0.736 0.761 0.511 
0.52317  97431       0.51052 0.66880 0.67554   0.00019 0.09582   0.736 0.760 0.511 
0.52416  97227       0.50982 0.66817 0.67496   0.00019 0.09602   0.736 0.759 0.510 
0.52516  97023       0.50910 0.66752 0.67436   0.00019 0.09623   0.736 0.758 0.509 
0.52616  96819       0.50831 0.66685 0.67374   0.00019 0.09645   0.736 0.757 0.508 
0.52716  96615       0.50752 0.66617 0.67311   0.00019 0.09667   0.736 0.755 0.508 
0.52816  96411       0.50673 0.66551 0.67249   0.00019 0.09688   0.735 0.755 0.507 
0.52916  96207       0.50591 0.66483 0.67186   0.00019 0.09710   0.735 0.753 0.506 
0.53015  96003       0.50510 0.66415 0.67123   0.00019 0.09733   0.735 0.752 0.505 
0.53115  95799       0.50430 0.66347 0.67060   0.00019 0.09755   0.735 0.751 0.504 
0.53215  95595       0.50350 0.66279 0.66996   0.00019 0.09777   0.735 0.750 0.503 
0.53315  95391       0.50277 0.66213 0.66936   0.00019 0.09798   0.734 0.749 0.503 
0.53415  95187       0.50195 0.66146 0.66873   0.00019 0.09820   0.734 0.748 0.502 
0.53515  94983       0.50112 0.66077 0.66810   0.00019 0.09843   0.734 0.747 0.501 
0.53615  94779       0.50030 0.66009 0.66747   0.00019 0.09865   0.734 0.746 0.500 
0.53714  94575       0.49949 0.65939 0.66681   0.00019 0.09888   0.734 0.745 0.499 
0.53814  94371       0.49867 0.65870 0.66617   0.00019 0.09911   0.733 0.744 0.499 
0.53914  94167       0.49785 0.65801 0.66552   0.00019 0.09934   0.733 0.743 0.498 
0.54014  93963       0.49703 0.65729 0.66484   0.00019 0.09958   0.733 0.742 0.497 
0.54114  93759       0.49621 0.65660 0.66420   0.00019 0.09981   0.733 0.741 0.496 
0.54214  93555       0.49536 0.65594 0.66359   0.00019 0.10003   0.733 0.740 0.495 
0.54313  93351       0.49451 0.65534 0.66304   0.00019 0.10023   0.732 0.739 0.495 
0.54413  93147       0.49369 0.65467 0.66241   0.00019 0.10045   0.732 0.738 0.494 
0.54513  92943       0.49289 0.65398 0.66178   0.00019 0.10068   0.732 0.737 0.493 
0.54613  92739       0.49204 0.65326 0.66111   0.00019 0.10092   0.732 0.736 0.492 
0.54713  92535       0.49119 0.65258 0.66047   0.00019 0.10114   0.732 0.735 0.491 
0.54813  92331       0.49034 0.65187 0.65982   0.00019 0.10138   0.731 0.734 0.490 
0.54912  92127       0.48948 0.65117 0.65916   0.00019 0.10161   0.731 0.733 0.489 
0.55012  91923       0.48863 0.65044 0.65849   0.00019 0.10186   0.731 0.732 0.489 
0.55112  91719       0.48779 0.64974 0.65784   0.00019 0.10209   0.731 0.731 0.488 
0.55212  91515       0.48693 0.64904 0.65720   0.00019 0.10232   0.731 0.730 0.487 
0.55312  91311       0.48607 0.64833 0.65653   0.00019 0.10256   0.730 0.729 0.486 
0.55412  91107       0.48522 0.64761 0.65586   0.00019 0.10280   0.730 0.727 0.485 
0.55511  90903       0.48436 0.64688 0.65519   0.00019 0.10305   0.730 0.726 0.484 
0.55611  90699       0.48350 0.64617 0.65452   0.00019 0.10329   0.730 0.725 0.483 
0.55711  90495       0.48263 0.64546 0.65386   0.00019 0.10353   0.730 0.724 0.483 
0.55811  90291       0.48178 0.64475 0.65320   0.00019 0.10377   0.729 0.723 0.482 
0.55911  90087       0.48093 0.64402 0.65253   0.00019 0.10401   0.729 0.722 0.481 
0.56011  89883       0.48006 0.64329 0.65185   0.00019 0.10425   0.729 0.721 0.480 
0.56110  89679       0.47918 0.64257 0.65119   0.00019 0.10450   0.729 0.720 0.479 
0.56210  89475       0.47829 0.64187 0.65054   0.00019 0.10473   0.729 0.719 0.478 
0.56310  89271       0.47742 0.64113 0.64984   0.00019 0.10499   0.728 0.718 0.477 
0.56410  89067       0.47658 0.64040 0.64917   0.00019 0.10523   0.728 0.717 0.477 
0.56510  88863       0.47573 0.63965 0.64847   0.00019 0.10549   0.728 0.715 0.476 
0.56610  88659       0.47487 0.63893 0.64781   0.00019 0.10573   0.728 0.714 0.475 
0.56710  88455       0.47400 0.63819 0.64712   0.00019 0.10598   0.727 0.713 0.474 
0.56809  88251       0.47311 0.63743 0.64641   0.00019 0.10624   0.727 0.712 0.473 
0.56909  88047       0.47222 0.63668 0.64571   0.00019 0.10649   0.727 0.711 0.472 
0.57009  87843       0.47138 0.63603 0.64510   0.00019 0.10672   0.727 0.710 0.471 
0.57109  87639       0.47056 0.63538 0.64447   0.00019 0.10695   0.726 0.709 0.471 
0.57209  87435       0.46970 0.63460 0.64372   0.00019 0.10722   0.726 0.708 0.470 
0.57309  87231       0.46881 0.63389 0.64305   0.00019 0.10747   0.726 0.707 0.469 
0.57408  87027       0.46792 0.63317 0.64239   0.00019 0.10772   0.725 0.706 0.468 
0.57508  86823       0.46699 0.63241 0.64168   0.00019 0.10798   0.725 0.705 0.467 
0.57608  86619       0.46608 0.63170 0.64102   0.00019 0.10822   0.725 0.704 0.466 
0.57708  86415       0.46516 0.63098 0.64035   0.00019 0.10847   0.725 0.703 0.465 
0.57808  86211       0.46422 0.63024 0.63967   0.00019 0.10873   0.725 0.702 0.464 
0.57908  86007       0.46331 0.62958 0.63906   0.00019 0.10896   0.724 0.701 0.463 
0.58007  85803       0.46242 0.62884 0.63838   0.00019 0.10921   0.724 0.700 0.462 
0.58107  85599       0.46149 0.62810 0.63770   0.00019 0.10947   0.724 0.699 0.461 
0.58207  85395       0.46057 0.62734 0.63699   0.00019 0.10973   0.724 0.698 0.461 
0.58307  85191       0.45966 0.62662 0.63632   0.00019 0.10998   0.724 0.696 0.460 
0.58407  84987       0.45880 0.62585 0.63561   0.00019 0.11025   0.724 0.695 0.459 
0.58507  84783       0.45786 0.62513 0.63496   0.00019 0.11050   0.723 0.694 0.458 
0.58606  84579       0.45694 0.62439 0.63427   0.00019 0.11075   0.723 0.693 0.457 
0.58706  84375       0.45601 0.62368 0.63361   0.00019 0.11100   0.723 0.692 0.456 
0.58806  84171       0.45510 0.62294 0.63293   0.00019 0.11126   0.723 0.691 0.455 
0.58906  83967       0.45419 0.62219 0.63223   0.00020 0.11152   0.723 0.690 0.454 
0.59006  83763       0.45328 0.62144 0.63153   0.00020 0.11179   0.722 0.689 0.453 
0.59106  83559       0.45234 0.62069 0.63084   0.00020 0.11205   0.722 0.688 0.452 
0.59205  83355       0.45143 0.61992 0.63012   0.00020 0.11232   0.722 0.686 0.451 
0.59305  83151       0.45051 0.61914 0.62939   0.00020 0.11259   0.722 0.685 0.451 
0.59405  82947       0.44956 0.61839 0.62870   0.00020 0.11286   0.721 0.684 0.450 
0.59505  82743       0.44867 0.61760 0.62796   0.00020 0.11314   0.721 0.683 0.449 
0.59605  82539       0.44803 0.61694 0.62735   0.00020 0.11336   0.721 0.682 0.448 
0.59705  82335       0.44727 0.61614 0.62660   0.00020 0.11364   0.721 0.680 0.447 
0.59805  82131       0.44632 0.61539 0.62590   0.00020 0.11391   0.721 0.679 0.446 
0.59904  81927       0.44540 0.61461 0.62518   0.00020 0.11418   0.720 0.678 0.445 
0.60004  81723       0.44447 0.61385 0.62447   0.00020 0.11445   0.720 0.677 0.444 
0.60104  81519       0.44351 0.61307 0.62376   0.00020 0.11472   0.720 0.676 0.444 
0.60204  81315       0.44256 0.61229 0.62303   0.00020 0.11500   0.720 0.675 0.443 
0.60304  81111       0.44162 0.61154 0.62233   0.00020 0.11527   0.719 0.674 0.442 
0.60404  80907       0.44066 0.61078 0.62163   0.00020 0.11554   0.719 0.672 0.441 
0.60503  80703       0.43971 0.61002 0.62092   0.00020 0.11582   0.719 0.671 0.440 
0.60603  80499       0.43876 0.60926 0.62022   0.00020 0.11609   0.719 0.670 0.439 
0.60703  80295       0.43779 0.60850 0.61951   0.00020 0.11636   0.719 0.669 0.438 
0.60803  80091       0.43683 0.60774 0.61881   0.00020 0.11663   0.718 0.668 0.437 
0.60903  79887       0.43587 0.60697 0.61808   0.00020 0.11691   0.718 0.667 0.436 
0.61003  79683       0.43489 0.60622 0.61740   0.00020 0.11718   0.718 0.666 0.435 
0.61102  79479       0.43393 0.60543 0.61666   0.00020 0.11747   0.718 0.665 0.434 
0.61202  79275       0.43295 0.60468 0.61597   0.00020 0.11774   0.718 0.664 0.433 
0.61302  79071       0.43197 0.60391 0.61525   0.00020 0.11802   0.717 0.662 0.432 
0.61402  78867       0.43104 0.60314 0.61454   0.00020 0.11830   0.717 0.661 0.431 
0.61502  78663       0.43006 0.60243 0.61389   0.00020 0.11855   0.717 0.660 0.430 
0.61602  78459       0.42910 0.60163 0.61314   0.00020 0.11885   0.717 0.659 0.429 
0.61701  78255       0.42820 0.60083 0.61238   0.00020 0.11914   0.716 0.658 0.428 
0.61801  78051       0.42726 0.60001 0.61161   0.00020 0.11943   0.716 0.657 0.427 
0.61901  77847       0.42630 0.59920 0.61086   0.00020 0.11973   0.716 0.656 0.426 
0.62001  77643       0.42533 0.59842 0.61013   0.00020 0.12002   0.716 0.654 0.425 
0.62101  77439       0.42444 0.59780 0.60956   0.00020 0.12024   0.715 0.654 0.424 
0.62201  77235       0.42346 0.59703 0.60884   0.00020 0.12053   0.715 0.653 0.423 
0.62301  77031       0.42248 0.59624 0.60810   0.00020 0.12082   0.715 0.651 0.422 
0.62400  76827       0.42154 0.59546 0.60738   0.00020 0.12110   0.715 0.650 0.422 
0.62500  76623       0.42056 0.59470 0.60667   0.00020 0.12138   0.714 0.649 0.421 
0.62600  76419       0.41960 0.59388 0.60591   0.00020 0.12168   0.714 0.648 0.420 
0.62700  76215       0.41865 0.59312 0.60521   0.00020 0.12196   0.714 0.647 0.419 
0.62800  76011       0.41768 0.59231 0.60445   0.00020 0.12226   0.714 0.646 0.418 
0.62900  75807       0.41668 0.59146 0.60365   0.00020 0.12258   0.713 0.644 0.417 
0.62999  75603       0.41572 0.59057 0.60279   0.00020 0.12291   0.713 0.643 0.416 
0.63099  75399       0.41476 0.58976 0.60203   0.00020 0.12321   0.712 0.642 0.415 
0.63199  75195       0.41375 0.58892 0.60124   0.00020 0.12352   0.712 0.641 0.414 
0.63299  74991       0.41274 0.58817 0.60055   0.00020 0.12380   0.712 0.640 0.413 
0.63399  74787       0.41175 0.58735 0.59978   0.00020 0.12411   0.712 0.639 0.412 
0.63499  74583       0.41074 0.58661 0.59909   0.00020 0.12439   0.711 0.638 0.411 
0.63598  74379       0.40972 0.58586 0.59839   0.00020 0.12467   0.711 0.637 0.410 
0.63698  74175       0.40875 0.58504 0.59764   0.00020 0.12498   0.711 0.635 0.409 
0.63798  73971       0.40776 0.58422 0.59688   0.00020 0.12528   0.711 0.634 0.408 
0.63898  73767       0.40676 0.58342 0.59613   0.00020 0.12558   0.710 0.633 0.407 
0.63998  73563       0.40577 0.58261 0.59537   0.00020 0.12589   0.710 0.632 0.406 
0.64098  73359       0.40478 0.58181 0.59464   0.00020 0.12619   0.710 0.631 0.405 
0.64197  73155       0.40388 0.58102 0.59390   0.00020 0.12648   0.710 0.629 0.404 
0.64297  72951       0.40287 0.58024 0.59317   0.00020 0.12678   0.710 0.628 0.403 
0.64397  72747       0.40187 0.57944 0.59243   0.00020 0.12708   0.709 0.627 0.402 
0.64497  72543       0.40084 0.57864 0.59168   0.00020 0.12739   0.709 0.626 0.401 
0.64597  72339       0.39986 0.57784 0.59093   0.00020 0.12769   0.709 0.625 0.400 
0.64697  72135       0.39883 0.57700 0.59015   0.00021 0.12801   0.708 0.624 0.399 
0.64796  71931       0.39784 0.57616 0.58936   0.00021 0.12833   0.708 0.623 0.398 
0.64896  71727       0.39680 0.57533 0.58859   0.00021 0.12865   0.708 0.621 0.397 
0.64996  71523       0.39579 0.57454 0.58785   0.00021 0.12895   0.708 0.620 0.396 
0.65096  71319       0.39476 0.57378 0.58715   0.00021 0.12924   0.707 0.619 0.395 
0.65196  71115       0.39373 0.57310 0.58651   0.00021 0.12951   0.707 0.618 0.394 
0.65296  70911       0.39269 0.57226 0.58572   0.00021 0.12984   0.707 0.617 0.393 
0.65396  70707       0.39172 0.57143 0.58495   0.00021 0.13015   0.707 0.616 0.392 
0.65495  70503       0.39067 0.57067 0.58424   0.00021 0.13045   0.706 0.615 0.391 
0.65595  70299       0.38965 0.56973 0.58334   0.00021 0.13081   0.706 0.614 0.390 
0.65695  70095       0.38864 0.56888 0.58254   0.00021 0.13114   0.705 0.612 0.389 
0.65795  69891       0.38760 0.56801 0.58172   0.00021 0.13148   0.705 0.611 0.388 
0.65895  69687       0.38659 0.56714 0.58089   0.00021 0.13182   0.705 0.610 0.387 
0.65995  69483       0.38554 0.56629 0.58010   0.00021 0.13214   0.704 0.609 0.386 
0.66094  69279       0.38451 0.56545 0.57931   0.00021 0.13247   0.704 0.608 0.385 
0.66194  69075       0.38346 0.56462 0.57853   0.00021 0.13280   0.704 0.607 0.383 
0.66294  68871       0.38243 0.56384 0.57780   0.00021 0.13310   0.703 0.606 0.382 
0.66394  68667       0.38138 0.56305 0.57707   0.00021 0.13342   0.703 0.605 0.381 
0.66494  68463       0.38039 0.56225 0.57632   0.00021 0.13373   0.703 0.603 0.380 
0.66594  68259       0.37936 0.56145 0.57558   0.00021 0.13404   0.703 0.602 0.379 
0.66693  68055       0.37831 0.56062 0.57480   0.00021 0.13437   0.702 0.601 0.378 
0.66793  67851       0.37727 0.55980 0.57403   0.00021 0.13470   0.702 0.600 0.377 
0.66893  67647       0.37623 0.55902 0.57330   0.00021 0.13501   0.702 0.599 0.376 
0.66993  67443       0.37519 0.55817 0.57250   0.00021 0.13534   0.701 0.598 0.375 
0.67093  67239       0.37411 0.55735 0.57172   0.00021 0.13567   0.701 0.597 0.374 
0.67193  67035       0.37312 0.55651 0.57095   0.00021 0.13600   0.701 0.596 0.373 
0.67292  66831       0.37206 0.55569 0.57018   0.00021 0.13633   0.701 0.594 0.372 
0.67392  66627       0.37099 0.55486 0.56939   0.00021 0.13666   0.700 0.593 0.371 
0.67492  66423       0.36991 0.55402 0.56860   0.00021 0.13700   0.700 0.592 0.370 
0.67592  66219       0.36882 0.55310 0.56774   0.00021 0.13736   0.699 0.591 0.369 
0.67692  66015       0.36777 0.55225 0.56694   0.00021 0.13770   0.699 0.590 0.368 
0.67792  65811       0.36671 0.55142 0.56616   0.00021 0.13804   0.699 0.589 0.367 
0.67891  65607       0.36576 0.55055 0.56534   0.00021 0.13838   0.698 0.587 0.366 
0.67991  65403       0.36468 0.54980 0.56464   0.00021 0.13869   0.698 0.587 0.365 
0.68091  65199       0.36363 0.54899 0.56388   0.00021 0.13902   0.698 0.585 0.364 
0.68191  64995       0.36256 0.54813 0.56308   0.00021 0.13936   0.698 0.584 0.363 
0.68291  64791       0.36158 0.54730 0.56230   0.00021 0.13970   0.697 0.583 0.362 
0.68391  64587       0.36053 0.54644 0.56150   0.00021 0.14004   0.697 0.582 0.361 
0.68491  64383       0.35948 0.54557 0.56067   0.00021 0.14040   0.697 0.581 0.359 
0.68590  64179       0.35838 0.54466 0.55985   0.00021 0.14076   0.697 0.579 0.358 
0.68690  63975       0.35724 0.54371 0.55899   0.00021 0.14114   0.696 0.577 0.357 
0.68790  63771       0.35607 0.54271 0.55808   0.00021 0.14154   0.696 0.576 0.356 
0.68890  63567       0.35492 0.54165 0.55709   0.00021 0.14196   0.696 0.574 0.355 
0.68990  63363       0.35384 0.54063 0.55612   0.00021 0.14237   0.696 0.573 0.354 
0.69090  63159       0.35282 0.53966 0.55521   0.00021 0.14276   0.695 0.571 0.353 
0.69189  62955       0.35176 0.53879 0.55440   0.00022 0.14312   0.695 0.570 0.352 
0.69289  62751       0.35070 0.53792 0.55359   0.00022 0.14347   0.695 0.568 0.351 
0.69389  62547       0.34966 0.53699 0.55271   0.00022 0.14385   0.694 0.567 0.350 
0.69489  62343       0.34860 0.53606 0.55183   0.00022 0.14423   0.694 0.566 0.349 
0.69589  62139       0.34754 0.53512 0.55094   0.00022 0.14462   0.693 0.564 0.348 
0.69689  61935       0.34652 0.53419 0.55006   0.00022 0.14500   0.693 0.563 0.347 
0.69788  61731       0.34542 0.53329 0.54923   0.00022 0.14537   0.693 0.562 0.345 
0.69888  61527       0.34435 0.53223 0.54820   0.00022 0.14580   0.692 0.560 0.344 
0.69988  61323       0.34331 0.53131 0.54733   0.00022 0.14619   0.692 0.559 0.343 
0.70088  61119       0.34222 0.53044 0.54652   0.00022 0.14655   0.691 0.558 0.342 
0.70188  60915       0.34116 0.52949 0.54562   0.00022 0.14694   0.691 0.556 0.341 
0.70288  60711       0.34008 0.52854 0.54472   0.00022 0.14734   0.690 0.555 0.340 
0.70387  60507       0.33908 0.52761 0.54385   0.00022 0.14772   0.690 0.554 0.339 
0.70487  60303       0.33803 0.52664 0.54293   0.00022 0.14812   0.690 0.552 0.338 
0.70587  60099       0.33699 0.52577 0.54213   0.00022 0.14848   0.689 0.551 0.337 
0.70687  59895       0.33593 0.52482 0.54122   0.00022 0.14888   0.689 0.550 0.336 
0.70787  59691       0.33487 0.52392 0.54037   0.00022 0.14926   0.688 0.548 0.335 
0.70887  59487       0.33378 0.52290 0.53940   0.00022 0.14969   0.688 0.547 0.334 
0.70986  59283       0.33273 0.52197 0.53852   0.00022 0.15008   0.688 0.546 0.333 
0.71086  59079       0.33167 0.52104 0.53765   0.00022 0.15047   0.687 0.544 0.332 
0.71186  58875       0.33058 0.52000 0.53666   0.00022 0.15090   0.687 0.543 0.331 
0.71286  58671       0.32951 0.51905 0.53577   0.00022 0.15130   0.686 0.541 0.330 
0.71386  58467       0.32838 0.51805 0.53483   0.00022 0.15173   0.686 0.540 0.328 
0.71486  58263       0.32729 0.51708 0.53392   0.00022 0.15214   0.685 0.538 0.327 
0.71586  58059       0.32618 0.51617 0.53306   0.00022 0.15253   0.685 0.537 0.326 
0.71685  57855       0.32509 0.51521 0.53216   0.00022 0.15294   0.685 0.536 0.325 
0.71785  57651       0.32399 0.51428 0.53129   0.00022 0.15334   0.684 0.535 0.324 
0.71885  57447       0.32296 0.51332 0.53039   0.00022 0.15374   0.684 0.533 0.323 
0.71985  57243       0.32189 0.51234 0.52946   0.00022 0.15416   0.683 0.532 0.322 
0.72085  57039       0.32082 0.51137 0.52854   0.00022 0.15458   0.683 0.530 0.321 
0.72185  56835       0.31993 0.51046 0.52769   0.00022 0.15496   0.683 0.529 0.320 
0.72284  56631       0.31909 0.50951 0.52683   0.00022 0.15535   0.683 0.527 0.319 
0.72384  56427       0.31799 0.50859 0.52596   0.00022 0.15575   0.682 0.526 0.318 
0.72484  56223       0.31689 0.50763 0.52505   0.00022 0.15617   0.682 0.524 0.317 
0.72584  56019       0.31580 0.50667 0.52415   0.00023 0.15659   0.681 0.523 0.316 
0.72684  55815       0.31472 0.50569 0.52323   0.00023 0.15701   0.681 0.521 0.315 
0.72784  55611       0.31364 0.50475 0.52234   0.00023 0.15742   0.681 0.520 0.314 
0.72883  55407       0.31258 0.50372 0.52136   0.00023 0.15787   0.680 0.518 0.313 
0.72983  55203       0.31151 0.50275 0.52045   0.00023 0.15829   0.680 0.517 0.312 
0.73083  54999       0.31042 0.50179 0.51955   0.00023 0.15871   0.679 0.516 0.310 
0.73183  54795       0.30931 0.50082 0.51864   0.00023 0.15914   0.679 0.514 0.309 
0.73283  54591       0.30821 0.49980 0.51767   0.00023 0.15958   0.678 0.513 0.308 
0.73383  54387       0.30720 0.49880 0.51671   0.00023 0.16002   0.678 0.511 0.307 
0.73482  54183       0.30613 0.49779 0.51576   0.00023 0.16046   0.677 0.510 0.306 
0.73582  53979       0.30503 0.49684 0.51486   0.00023 0.16088   0.677 0.508 0.305 
0.73682  53775       0.30394 0.49585 0.51392   0.00023 0.16132   0.677 0.507 0.304 
0.73782  53571       0.30286 0.49487 0.51300   0.00023 0.16176   0.676 0.506 0.303 
0.73882  53367       0.30176 0.49386 0.51203   0.00023 0.16221   0.676 0.504 0.302 
0.73982  53163       0.30066 0.49288 0.51112   0.00023 0.16264   0.675 0.503 0.301 
0.74082  52959       0.29957 0.49188 0.51017   0.00023 0.16309   0.675 0.501 0.300 
0.74181  52755       0.29848 0.49094 0.50929   0.00023 0.16351   0.674 0.500 0.298 
0.74281  52551       0.29738 0.48995 0.50835   0.00023 0.16396   0.674 0.499 0.297 
0.74381  52347       0.29639 0.48902 0.50744   0.00023 0.16437   0.673 0.498 0.296 
0.74481  52143       0.29546 0.48812 0.50653   0.00023 0.16478   0.672 0.497 0.295 
0.74581  51939       0.29440 0.48704 0.50542   0.00023 0.16527   0.671 0.496 0.294 
0.74681  51735       0.29340 0.48587 0.50427   0.00023 0.16578   0.670 0.494 0.293 
0.74780  51531       0.29238 0.48478 0.50325   0.00023 0.16626   0.669 0.493 0.292 
0.74880  51327       0.29127 0.48378 0.50229   0.00023 0.16672   0.669 0.491 0.291 
0.74980  51123       0.29018 0.48277 0.50134   0.00023 0.16717   0.668 0.490 0.290 
0.75080  50919       0.28910 0.48172 0.50033   0.00023 0.16765   0.668 0.488 0.289 
0.75180  50715       0.28807 0.48058 0.49924   0.00023 0.16816   0.667 0.487 0.288 
0.75280  50511       0.28696 0.47956 0.49826   0.00023 0.16863   0.667 0.485 0.287 
0.75379  50307       0.28585 0.47855 0.49731   0.00023 0.16909   0.666 0.484 0.286 
0.75479  50103       0.28477 0.47749 0.49630   0.00023 0.16957   0.666 0.482 0.285 
0.75579  49899       0.28366 0.47642 0.49528   0.00024 0.17006   0.665 0.481 0.284 
0.75679  49695       0.28255 0.47531 0.49421   0.00024 0.17057   0.664 0.479 0.283 
0.75779  49491       0.28147 0.47421 0.49315   0.00024 0.17107   0.664 0.478 0.281 
0.75879  49287       0.28037 0.47317 0.49215   0.00024 0.17155   0.663 0.476 0.280 
0.75978  49083       0.27927 0.47209 0.49113   0.00024 0.17205   0.662 0.475 0.279 
0.76078  48879       0.27813 0.47106 0.49015   0.00024 0.17253   0.662 0.473 0.278 
0.76178  48675       0.27700 0.47002 0.48916   0.00024 0.17302   0.661 0.472 0.277 
0.76278  48471       0.27588 0.46893 0.48811   0.00024 0.17352   0.661 0.470 0.276 
0.76378  48267       0.27476 0.46792 0.48713   0.00024 0.17400   0.660 0.469 0.275 
0.76478  48063       0.27367 0.46686 0.48611   0.00024 0.17450   0.659 0.467 0.274 
0.76577  47859       0.27254 0.46572 0.48503   0.00024 0.17503   0.659 0.466 0.273 
0.76677  47655       0.27140 0.46473 0.48408   0.00024 0.17550   0.658 0.465 0.271 
0.76777  47451       0.27029 0.46367 0.48307   0.00024 0.17600   0.658 0.463 0.270 
0.76877  47247       0.26916 0.46262 0.48206   0.00024 0.17650   0.657 0.462 0.269 
0.76977  47043       0.26803 0.46153 0.48103   0.00024 0.17701   0.656 0.460 0.268 
0.77077  46839       0.26691 0.46045 0.47998   0.00024 0.17753   0.656 0.459 0.267 
0.77177  46635       0.26579 0.45937 0.47895   0.00024 0.17804   0.655 0.457 0.266 
0.77276  46431       0.26465 0.45834 0.47796   0.00024 0.17854   0.655 0.456 0.265 
0.77376  46227       0.26353 0.45725 0.47692   0.00024 0.17906   0.654 0.454 0.264 
0.77476  46023       0.26242 0.45612 0.47583   0.00024 0.17960   0.653 0.453 0.262 
0.77576  45819       0.26127 0.45507 0.47482   0.00024 0.18011   0.653 0.451 0.261 
0.77676  45615       0.26010 0.45397 0.47378   0.00024 0.18064   0.652 0.450 0.260 
0.77776  45411       0.25895 0.45289 0.47275   0.00024 0.18116   0.652 0.448 0.259 
0.77875  45207       0.25782 0.45178 0.47168   0.00024 0.18170   0.651 0.447 0.258 
0.77975  45003       0.25670 0.45070 0.47065   0.00024 0.18222   0.650 0.445 0.257 
0.78075  44799       0.25557 0.44957 0.46956   0.00024 0.18277   0.649 0.444 0.256 
0.78175  44595       0.25441 0.44850 0.46853   0.00025 0.18329   0.649 0.442 0.254 
0.78275  44391       0.25326 0.44741 0.46749   0.00025 0.18383   0.648 0.441 0.253 
0.78375  44187       0.25211 0.44630 0.46642   0.00025 0.18437   0.647 0.439 0.252 
0.78474  43983       0.25095 0.44525 0.46542   0.00025 0.18489   0.647 0.438 0.251 
0.78574  43779       0.24976 0.44418 0.46440   0.00025 0.18543   0.646 0.436 0.250 
0.78674  43575       0.24862 0.44307 0.46333   0.00025 0.18598   0.646 0.435 0.249 
0.78774  43371       0.24749 0.44191 0.46221   0.00025 0.18654   0.645 0.433 0.247 
0.78874  43167       0.24635 0.44077 0.46110   0.00025 0.18711   0.644 0.432 0.246 
0.78974  42963       0.24520 0.43964 0.46001   0.00025 0.18767   0.643 0.430 0.245 
0.79073  42759       0.24406 0.43851 0.45893   0.00025 0.18823   0.643 0.429 0.244 
0.79173  42555       0.24297 0.43725 0.45768   0.00025 0.18885   0.642 0.427 0.243 
0.79273  42351       0.24185 0.43613 0.45660   0.00025 0.18941   0.641 0.426 0.242 
0.79373  42147       0.24070 0.43493 0.45544   0.00025 0.19000   0.640 0.424 0.241 
0.79473  41943       0.23956 0.43383 0.45436   0.00025 0.19056   0.639 0.423 0.240 
0.79573  41739       0.23841 0.43269 0.45328   0.00025 0.19113   0.639 0.421 0.238 
0.79672  41535       0.23725 0.43154 0.45216   0.00025 0.19171   0.638 0.420 0.237 
0.79772  41331       0.23609 0.43039 0.45104   0.00025 0.19230   0.637 0.418 0.236 
0.79872  41127       0.23493 0.42926 0.44994   0.00025 0.19287   0.636 0.417 0.235 
0.79972  40923       0.23375 0.42806 0.44878   0.00025 0.19348   0.635 0.415 0.234 
0.80072  40719       0.23255 0.42692 0.44767   0.00025 0.19407   0.634 0.414 0.233 
0.80172  40515       0.23139 0.42579 0.44658   0.00025 0.19465   0.634 0.412 0.231 
0.80272  40311       0.23028 0.42448 0.44529   0.00025 0.19531   0.633 0.411 0.230 
0.80371  40107       0.22910 0.42335 0.44420   0.00026 0.19589   0.632 0.409 0.229 
0.80471  39903       0.22792 0.42217 0.44306   0.00026 0.19650   0.631 0.408 0.228 
0.80571  39699       0.22678 0.42101 0.44194   0.00026 0.19710   0.630 0.406 0.227 
0.80671  39495       0.22559 0.41985 0.44081   0.00026 0.19771   0.629 0.404 0.226 
0.80771  39291       0.22440 0.41874 0.43975   0.00026 0.19830   0.629 0.403 0.224 
0.80871  39087       0.22324 0.41754 0.43857   0.00026 0.19892   0.628 0.402 0.223 
0.80970  38883       0.22206 0.41630 0.43736   0.00026 0.19956   0.627 0.400 0.222 
0.81070  38679       0.22089 0.41507 0.43615   0.00026 0.20021   0.626 0.398 0.221 
0.81170  38475       0.21971 0.41388 0.43499   0.00026 0.20083   0.625 0.397 0.220 
0.81270  38271       0.21852 0.41263 0.43379   0.00026 0.20148   0.624 0.395 0.219 
0.81370  38067       0.21736 0.41141 0.43259   0.00026 0.20213   0.623 0.394 0.217 
0.81470  37863       0.21618 0.41013 0.43134   0.00026 0.20280   0.622 0.392 0.216 
0.81569  37659       0.21497 0.40887 0.43009   0.00026 0.20347   0.621 0.391 0.215 
0.81669  37455       0.21379 0.40759 0.42883   0.00026 0.20414   0.620 0.389 0.214 
0.81769  37251       0.21260 0.40637 0.42765   0.00026 0.20479   0.619 0.387 0.213 
0.81869  37047       0.21146 0.40509 0.42639   0.00026 0.20547   0.618 0.386 0.211 
0.81969  36843       0.21026 0.40384 0.42517   0.00026 0.20614   0.617 0.384 0.210 
0.82069  36639       0.20910 0.40258 0.42393   0.00026 0.20682   0.616 0.383 0.209 
0.82168  36435       0.20793 0.40132 0.42269   0.00026 0.20749   0.615 0.381 0.208 
0.82268  36231       0.20678 0.40004 0.42143   0.00026 0.20818   0.614 0.379 0.207 
0.82368  36027       0.20558 0.39876 0.42017   0.00027 0.20887   0.613 0.378 0.206 
0.82468  35823       0.20443 0.39749 0.41894   0.00027 0.20956   0.612 0.376 0.204 
0.82568  35619       0.20328 0.39632 0.41788   0.00027 0.21021   0.612 0.374 0.203 
0.82668  35415       0.20213 0.39507 0.41672   0.00027 0.21090   0.612 0.371 0.202 
0.82767  35211       0.20090 0.39365 0.41538   0.00027 0.21168   0.611 0.369 0.201 
0.82867  35007       0.19969 0.39246 0.41428   0.00027 0.21235   0.611 0.367 0.200 
0.82967  34803       0.19851 0.39131 0.41323   0.00027 0.21301   0.611 0.365 0.199 
0.83067  34599       0.19730 0.39008 0.41209   0.00027 0.21371   0.610 0.363 0.197 
0.83167  34395       0.19611 0.38886 0.41098   0.00027 0.21441   0.610 0.360 0.196 
0.83267  34191       0.19497 0.38736 0.40948   0.00027 0.21521   0.609 0.359 0.195 
0.83367  33987       0.19385 0.38579 0.40789   0.00027 0.21605   0.607 0.357 0.194 
0.83466  33783       0.19274 0.38425 0.40635   0.00027 0.21688   0.605 0.355 0.193 
0.83566  33579       0.19166 0.38278 0.40489   0.00027 0.21768   0.604 0.353 0.192 
0.83666  33375       0.19055 0.38167 0.40389   0.00027 0.21833   0.604 0.351 0.191 
0.83766  33171       0.18946 0.38050 0.40283   0.00027 0.21902   0.604 0.348 0.189 
0.83866  32967       0.18842 0.37888 0.40118   0.00027 0.21988   0.602 0.346 0.188 
0.83966  32763       0.18728 0.37736 0.39966   0.00028 0.22072   0.600 0.344 0.187 
0.84065  32559       0.18613 0.37587 0.39817   0.00028 0.22155   0.599 0.343 0.186 
0.84165  32355       0.18495 0.37454 0.39686   0.00028 0.22231   0.598 0.341 0.185 
0.84265  32151       0.18378 0.37309 0.39543   0.00028 0.22313   0.596 0.339 0.184 
0.84365  31947       0.18259 0.37174 0.39410   0.00028 0.22391   0.595 0.337 0.183 
0.84465  31743       0.18141 0.37036 0.39276   0.00028 0.22471   0.594 0.335 0.181 
0.84565  31539       0.18022 0.36897 0.39138   0.00028 0.22551   0.593 0.334 0.180 
0.84664  31335       0.17905 0.36759 0.39002   0.00028 0.22631   0.592 0.332 0.179 
0.84764  31131       0.17788 0.36624 0.38871   0.00028 0.22710   0.591 0.330 0.178 
0.84864  30927       0.17672 0.36488 0.38738   0.00028 0.22790   0.590 0.328 0.177 
0.84964  30723       0.17557 0.36351 0.38604   0.00028 0.22870   0.589 0.326 0.176 
0.85064  30519       0.17440 0.36212 0.38466   0.00028 0.22952   0.588 0.324 0.174 
0.85164  30315       0.17322 0.36076 0.38333   0.00028 0.23033   0.586 0.323 0.173 
0.85263  30111       0.17205 0.35947 0.38208   0.00028 0.23110   0.586 0.321 0.172 
0.85363  29907       0.17090 0.35807 0.38070   0.00028 0.23193   0.584 0.319 0.171 
0.85463  29703       0.16972 0.35663 0.37927   0.00029 0.23278   0.583 0.317 0.170 
0.85563  29499       0.16853 0.35525 0.37791   0.00029 0.23362   0.582 0.315 0.169 
0.85663  29295       0.16736 0.35381 0.37649   0.00029 0.23448   0.581 0.313 0.167 
0.85763  29091       0.16618 0.35235 0.37504   0.00029 0.23535   0.579 0.312 0.166 
0.85863  28887       0.16503 0.35096 0.37368   0.00029 0.23620   0.578 0.310 0.165 
0.85962  28683       0.16385 0.34955 0.37229   0.00029 0.23705   0.577 0.308 0.164 
0.86062  28479       0.16267 0.34791 0.37063   0.00029 0.23803   0.575 0.306 0.163 
0.86162  28275       0.16184 0.34686 0.36964   0.00029 0.23868   0.575 0.304 0.162 
0.86262  28071       0.16093 0.34579 0.36867   0.00029 0.23937   0.575 0.302 0.161 
0.86362  27867       0.15983 0.34456 0.36755   0.00029 0.24017   0.574 0.299 0.160 
0.86462  27663       0.15880 0.34284 0.36576   0.00029 0.24115   0.572 0.298 0.159 
0.86561  27459       0.15771 0.34120 0.36404   0.00029 0.24211   0.570 0.296 0.158 
0.86661  27255       0.15651 0.33967 0.36250   0.00029 0.24306   0.568 0.294 0.157 
0.86761  27051       0.15534 0.33822 0.36108   0.00029 0.24396   0.567 0.293 0.155 
0.86861  26847       0.15415 0.33676 0.35962   0.00030 0.24488   0.565 0.291 0.154 
0.86961  26643       0.15297 0.33528 0.35816   0.00030 0.24581   0.564 0.289 0.153 
0.87061  26439       0.15178 0.33381 0.35670   0.00030 0.24674   0.563 0.287 0.152 
0.87160  26235       0.15064 0.33231 0.35521   0.00030 0.24768   0.561 0.285 0.151 
0.87260  26031       0.14948 0.33078 0.35369   0.00030 0.24865   0.560 0.283 0.149 
0.87360  25827       0.14827 0.32928 0.35219   0.00030 0.24961   0.558 0.281 0.148 
0.87460  25623       0.14710 0.32770 0.35061   0.00030 0.25061   0.557 0.279 0.147 
0.87560  25419       0.14589 0.32624 0.34917   0.00030 0.25156   0.555 0.277 0.146 
0.87660  25215       0.14472 0.32471 0.34764   0.00030 0.25254   0.554 0.275 0.145 
0.87759  25011       0.14354 0.32314 0.34608   0.00030 0.25355   0.552 0.273 0.144 
0.87859  24807       0.14236 0.32161 0.34455   0.00030 0.25455   0.551 0.271 0.142 
0.87959  24603       0.14125 0.32010 0.34304   0.00030 0.25553   0.550 0.270 0.141 
0.88059  24399       0.14007 0.31846 0.34140   0.00031 0.25659   0.548 0.267 0.140 
0.88159  24195       0.13890 0.31691 0.33984   0.00031 0.25761   0.546 0.266 0.139 
0.88259  23991       0.13772 0.31537 0.33831   0.00031 0.25864   0.545 0.264 0.138 
0.88358  23787       0.13653 0.31378 0.33673   0.00031 0.25969   0.543 0.262 0.137 
0.88458  23583       0.13533 0.31222 0.33518   0.00031 0.26074   0.542 0.260 0.135 
0.88558  23379       0.13412 0.31064 0.33360   0.00031 0.26180   0.540 0.258 0.134 
0.88658  23175       0.13294 0.30901 0.33197   0.00031 0.26289   0.539 0.256 0.133 
0.88758  22971       0.13177 0.30729 0.33022   0.00031 0.26404   0.537 0.253 0.132 
0.88858  22767       0.13058 0.30569 0.32863   0.00031 0.26512   0.535 0.251 0.131 
0.88958  22563       0.12940 0.30407 0.32701   0.00031 0.26623   0.533 0.249 0.129 
0.89057  22359       0.12821 0.30238 0.32531   0.00031 0.26737   0.532 0.247 0.128 
0.89157  22155       0.12701 0.30075 0.32367   0.00032 0.26849   0.530 0.245 0.127 
0.89257  21951       0.12581 0.29910 0.32202   0.00032 0.26964   0.528 0.243 0.126 
0.89357  21747       0.12462 0.29742 0.32033   0.00032 0.27080   0.527 0.241 0.125 
0.89457  21543       0.12343 0.29575 0.31865   0.00032 0.27196   0.525 0.239 0.123 
0.89557  21339       0.12224 0.29407 0.31696   0.00032 0.27314   0.523 0.237 0.122 
0.89656  21135       0.12107 0.29236 0.31523   0.00032 0.27433   0.521 0.235 0.121 
0.89756  20931       0.11989 0.29072 0.31361   0.00032 0.27550   0.520 0.233 0.120 
0.89856  20727       0.11872 0.28896 0.31183   0.00032 0.27675   0.518 0.230 0.119 
0.89956  20523       0.11756 0.28730 0.31017   0.00032 0.27793   0.516 0.228 0.118 
0.90056  20319       0.11643 0.28559 0.30843   0.00032 0.27915   0.514 0.226 0.116 
0.90156  20115       0.11523 0.28387 0.30670   0.00033 0.28039   0.512 0.224 0.115 
0.90255  19911       0.11406 0.28203 0.30483   0.00033 0.28170   0.510 0.222 0.114 
0.90355  19707       0.11286 0.28024 0.30302   0.00033 0.28300   0.508 0.220 0.113 
0.90455  19503       0.11170 0.27850 0.30127   0.00033 0.28427   0.506 0.218 0.112 
0.90555  19299       0.11053 0.27670 0.29944   0.00033 0.28558   0.504 0.215 0.111 
0.90655  19095       0.10933 0.27497 0.29770   0.00033 0.28687   0.502 0.213 0.109 
0.90755  18891       0.10813 0.27322 0.29594   0.00033 0.28819   0.500 0.211 0.108 
0.90854  18687       0.10695 0.27142 0.29412   0.00033 0.28953   0.498 0.209 0.107 
0.90954  18483       0.10576 0.26955 0.29221   0.00033 0.29092   0.496 0.207 0.106 
0.91054  18279       0.10458 0.26774 0.29038   0.00034 0.29229   0.494 0.204 0.105 
0.91154  18075       0.10340 0.26590 0.28852   0.00034 0.29369   0.492 0.202 0.103 
0.91254  17871       0.10222 0.26403 0.28662   0.00034 0.29511   0.490 0.200 0.102 
0.91354  17667       0.10104 0.26217 0.28473   0.00034 0.29653   0.488 0.198 0.101 
0.91453  17463       0.09984 0.26030 0.28283   0.00034 0.29798   0.486 0.195 0.100 
0.91553  17259       0.09865 0.25838 0.28087   0.00034 0.29946   0.483 0.193 0.099 
0.91653  17055       0.09746 0.25653 0.27900   0.00034 0.30092   0.481 0.191 0.097 
0.91753  16851       0.09624 0.25465 0.27709   0.00034 0.30241   0.479 0.189 0.096 
0.91853  16647       0.09507 0.25275 0.27514   0.00035 0.30391   0.477 0.186 0.095 
0.91953  16443       0.09391 0.25079 0.27314   0.00035 0.30545   0.474 0.184 0.094 
0.92053  16239       0.09273 0.24880 0.27110   0.00035 0.30702   0.472 0.182 0.093 
0.92152  16035       0.09153 0.24679 0.26903   0.00035 0.30864   0.469 0.180 0.092 
0.92252  15831       0.09037 0.24475 0.26693   0.00035 0.31025   0.467 0.177 0.090 
0.92352  15627       0.08920 0.24281 0.26496   0.00035 0.31184   0.464 0.175 0.089 
0.92452  15423       0.08802 0.24086 0.26296   0.00035 0.31345   0.462 0.173 0.088 
0.92552  15219       0.08684 0.23876 0.26079   0.00036 0.31514   0.459 0.170 0.087 
0.92652  15015       0.08567 0.23673 0.25869   0.00036 0.31682   0.456 0.168 0.086 
0.92751  14811       0.08451 0.23464 0.25653   0.00036 0.31853   0.453 0.166 0.085 
0.92851  14607       0.08334 0.23259 0.25442   0.00036 0.32025   0.451 0.164 0.083 
0.92951  14403       0.08218 0.23048 0.25224   0.00036 0.32202   0.448 0.161 0.082 
0.93051  14199       0.08099 0.22834 0.25002   0.00036 0.32383   0.445 0.159 0.081 
0.93151  13995       0.07983 0.22626 0.24787   0.00037 0.32560   0.442 0.157 0.080 
0.93251  13791       0.07867 0.22416 0.24570   0.00037 0.32741   0.440 0.154 0.079 
0.93350  13587       0.07750 0.22208 0.24356   0.00037 0.32924   0.437 0.152 0.077 
0.93450  13383       0.07633 0.21992 0.24131   0.00037 0.33111   0.434 0.150 0.076 
0.93550  13179       0.07514 0.21770 0.23901   0.00037 0.33306   0.431 0.147 0.075 
0.93650  12975       0.07396 0.21552 0.23675   0.00037 0.33499   0.428 0.145 0.074 
0.93750  12771       0.07275 0.21328 0.23443   0.00038 0.33701   0.425 0.142 0.073 
0.93850  12567       0.07158 0.21105 0.23210   0.00038 0.33900   0.422 0.140 0.072 
0.93949  12363       0.07040 0.20884 0.22981   0.00038 0.34101   0.418 0.138 0.070 
0.94049  12159       0.06924 0.20654 0.22739   0.00038 0.34308   0.415 0.135 0.069 
0.94149  11955       0.06807 0.20429 0.22504   0.00038 0.34516   0.412 0.133 0.068 
0.94249  11751       0.06687 0.20196 0.22260   0.00038 0.34732   0.408 0.131 0.067 
0.94349  11547       0.06571 0.19960 0.22011   0.00039 0.34948   0.405 0.128 0.066 
0.94449  11343       0.06453 0.19724 0.21761   0.00039 0.35169   0.401 0.126 0.065 
0.94548  11139       0.06334 0.19485 0.21510   0.00039 0.35393   0.397 0.124 0.063 
0.94648  10935       0.06218 0.19224 0.21231   0.00039 0.35635   0.393 0.122 0.062 
0.94748  10731       0.06100 0.18984 0.20978   0.00039 0.35866   0.389 0.119 0.061 
0.94848  10527       0.05983 0.18744 0.20726   0.00040 0.36101   0.386 0.117 0.060 
0.94948  10323       0.05866 0.18489 0.20455   0.00040 0.36347   0.381 0.115 0.059 
0.95048  10119       0.05748 0.18236 0.20187   0.00040 0.36597   0.377 0.112 0.057 
0.95148  9915        0.05630 0.17982 0.19918   0.00040 0.36850   0.373 0.110 0.056 
0.95247  9711        0.05516 0.17720 0.19636   0.00041 0.37108   0.369 0.108 0.055 
0.95347  9507        0.05397 0.17452 0.19351   0.00041 0.37378   0.364 0.105 0.054 
0.95447  9303        0.05278 0.17195 0.19079   0.00041 0.37644   0.360 0.103 0.053 
0.95547  9099        0.05159 0.16936 0.18804   0.00041 0.37916   0.356 0.100 0.052 
0.95647  8895        0.05040 0.16665 0.18514   0.00042 0.38200   0.352 0.098 0.050 
0.95747  8691        0.04923 0.16401 0.18231   0.00042 0.38480   0.347 0.096 0.049 
0.95846  8487        0.04806 0.16125 0.17936   0.00042 0.38773   0.342 0.093 0.048 
0.95946  8283        0.04687 0.15841 0.17630   0.00042 0.39078   0.337 0.091 0.047 
0.96046  8079        0.04567 0.15561 0.17329   0.00043 0.39386   0.332 0.089 0.046 
0.96146  7875        0.04449 0.15273 0.17019   0.00043 0.39703   0.327 0.086 0.044 
0.96246  7671        0.04330 0.14977 0.16700   0.00043 0.40032   0.322 0.084 0.043 
0.96346  7467        0.04218 0.14688 0.16384   0.00044 0.40350   0.316 0.082 0.042 
0.96445  7263        0.04100 0.14384 0.16054   0.00044 0.40696   0.311 0.080 0.041 
0.96545  7059        0.03978 0.14084 0.15730   0.00044 0.41047   0.305 0.077 0.040 
0.96645  6855        0.03860 0.13790 0.15413   0.00044 0.41398   0.300 0.075 0.039 
0.96745  6651        0.03747 0.13494 0.15091   0.00045 0.41752   0.295 0.073 0.037 
0.96845  6447        0.03630 0.13179 0.14748   0.00045 0.42135   0.289 0.070 0.036 
0.96945  6243        0.03509 0.12858 0.14399   0.00046 0.42530   0.283 0.068 0.035 
0.97044  6039        0.03389 0.12544 0.14058   0.00046 0.42932   0.277 0.066 0.034 
0.97144  5835        0.03271 0.12222 0.13708   0.00046 0.43347   0.271 0.063 0.033 
0.97244  5631        0.03155 0.11901 0.13357   0.00047 0.43767   0.265 0.061 0.032 
0.97344  5427        0.03034 0.11569 0.12994   0.00047 0.44212   0.258 0.058 0.030 
0.97444  5223        0.02918 0.11240 0.12634   0.00047 0.44662   0.252 0.056 0.029 
0.97544  5019        0.02796 0.10890 0.12252   0.00048 0.45149   0.245 0.054 0.028 
0.97644  4815        0.02675 0.10542 0.11870   0.00048 0.45647   0.238 0.051 0.027 
0.97743  4611        0.02556 0.10183 0.11476   0.00049 0.46166   0.231 0.049 0.026 
0.97843  4407        0.02434 0.09815 0.11070   0.00049 0.46713   0.224 0.047 0.024 
0.97943  4203        0.02314 0.09445 0.10661   0.00050 0.47281   0.216 0.044 0.023 
0.98043  3999        0.02191 0.09068 0.10246   0.00050 0.47875   0.208 0.042 0.022 
0.98143  3795        0.02073 0.08682 0.09817   0.00051 0.48494   0.200 0.039 0.021 
0.98243  3591        0.01955 0.08295 0.09389   0.00052 0.49138   0.192 0.037 0.020 
0.98342  3387        0.01836 0.07895 0.08944   0.00052 0.49824   0.184 0.035 0.018 
0.98442  3183        0.01717 0.07469 0.08468   0.00053 0.50564   0.175 0.032 0.017 
0.98542  2979        0.01598 0.07049 0.07999   0.00054 0.51337   0.166 0.030 0.016 
0.98642  2775        0.01480 0.06627 0.07529   0.00054 0.52152   0.156 0.028 0.015 
0.98742  2571        0.01365 0.06193 0.07041   0.00055 0.53011   0.147 0.025 0.014 
0.98842  2367        0.01250 0.05757 0.06553   0.00056 0.53931   0.137 0.023 0.013 
0.98941  2163        0.01134 0.05304 0.06043   0.00057 0.54938   0.127 0.021 0.011 
0.99041  1959        0.01016 0.04836 0.05517   0.00058 0.56047   0.116 0.018 0.010 
0.99141  1755        0.00900 0.04350 0.04968   0.00059 0.57271   0.105 0.016 0.009 
0.99241  1551        0.00786 0.03841 0.04391   0.00060 0.58646   0.093 0.014 0.008 
0.99341  1347        0.00667 0.03325 0.03808   0.00062 0.60216   0.082 0.012 0.007 
0.99441  1143        0.00552 0.02787 0.03197   0.00064 0.62027   0.069 0.009 0.006 
0.99540  939         0.00439 0.02245 0.02580   0.00066 0.64138   0.056 0.007 0.004 
0.99640  735         0.00349 0.01853 0.02134   0.00067 0.65948   0.047 0.006 0.003 
0.99740  531         0.00260 0.01426 0.01645   0.00070 0.68218   0.036 0.004 0.003 
0.99840  327         0.00165 0.00928 0.01072   0.00073 0.71585   0.024 0.002 0.002 
0.99940  123         0.00062 0.00366 0.00424   0.00078 0.77585   0.009 0.001 0.001 
1.00000  0           0.00000 0.00000 0.00000   0.00100 1.00000   0.000 0.000 0.000 
