# Prop_landscape_lost  cost_needed_for_top_fraction  min_prop_rem  ave_prop_rem  W_prop_rem  ext-1  ext-2  prop_for_each_biodiversity_feature_(e.g._species)_remaining_at_level_of_removal...
0.00001  2.0202e+005  0.75903 0.75903 0.75903   0.06661 0.06661   0.759 
0.00101  2.0181e+005  0.75902 0.75902 0.75902   0.03331 0.06661   0.759 
0.00201  2.0161e+005  0.75900 0.75900 0.75900   0.02221 0.06662   0.759 
0.00301  2.0141e+005  0.75898 0.75898 0.75898   0.01666 0.06662   0.759 
0.00401  2.0121e+005  0.75895 0.75895 0.75895   0.01333 0.06663   0.759 
0.00501  2.0101e+005  0.75892 0.75892 0.75892   0.01111 0.06664   0.759 
0.00601  2.008e+005  0.75889 0.75889 0.75889   0.00952 0.06665   0.759 
0.00701  2.006e+005  0.75885 0.75885 0.75885   0.00833 0.06666   0.759 
0.00801  2.004e+005  0.75881 0.75881 0.75881   0.00741 0.06668   0.759 
0.00901  2.002e+005  0.75876 0.75876 0.75876   0.00667 0.06669   0.759 
0.01001  2e+005      0.75871 0.75871 0.75871   0.00606 0.06671   0.759 
0.01101  1.9979e+005  0.75865 0.75865 0.75865   0.00556 0.06672   0.759 
0.01201  1.9959e+005  0.75859 0.75859 0.75859   0.00513 0.06674   0.759 
0.01301  1.9939e+005  0.75853 0.75853 0.75853   0.00477 0.06676   0.759 
0.01401  1.9919e+005  0.75846 0.75846 0.75846   0.00445 0.06678   0.758 
0.01501  1.9899e+005  0.75839 0.75839 0.75839   0.00418 0.06680   0.758 
0.01601  1.9878e+005  0.75832 0.75832 0.75832   0.00393 0.06683   0.758 
0.01701  1.9858e+005  0.75824 0.75824 0.75824   0.00371 0.06685   0.758 
0.01801  1.9838e+005  0.75816 0.75816 0.75816   0.00352 0.06687   0.758 
0.01901  1.9818e+005  0.75808 0.75808 0.75808   0.00334 0.06690   0.758 
0.02001  1.9798e+005  0.75799 0.75799 0.75799   0.00319 0.06693   0.758 
0.02101  1.9777e+005  0.75791 0.75791 0.75791   0.00304 0.06695   0.758 
0.02201  1.9757e+005  0.75781 0.75781 0.75781   0.00291 0.06698   0.758 
0.02301  1.9737e+005  0.75772 0.75772 0.75772   0.00279 0.06701   0.758 
0.02401  1.9717e+005  0.75763 0.75763 0.75763   0.00268 0.06704   0.758 
0.02501  1.9697e+005  0.75753 0.75753 0.75753   0.00258 0.06707   0.758 
0.02601  1.9676e+005  0.75743 0.75743 0.75743   0.00249 0.06710   0.757 
0.02701  1.9656e+005  0.75732 0.75732 0.75732   0.00240 0.06713   0.757 
0.02801  1.9636e+005  0.75722 0.75722 0.75722   0.00232 0.06716   0.757 
0.02901  1.9616e+005  0.75711 0.75711 0.75711   0.00224 0.06720   0.757 
0.03001  1.9596e+005  0.75700 0.75700 0.75700   0.00217 0.06723   0.757 
0.03101  1.9575e+005  0.75688 0.75688 0.75688   0.00210 0.06727   0.757 
0.03201  1.9555e+005  0.75677 0.75677 0.75677   0.00204 0.06730   0.757 
0.03301  1.9535e+005  0.75665 0.75665 0.75665   0.00198 0.06734   0.757 
0.03401  1.9515e+005  0.75653 0.75653 0.75653   0.00193 0.06738   0.757 
0.03501  1.9495e+005  0.75640 0.75640 0.75640   0.00187 0.06741   0.756 
0.03601  1.9474e+005  0.75628 0.75628 0.75628   0.00182 0.06745   0.756 
0.03701  1.9454e+005  0.75615 0.75615 0.75615   0.00178 0.06749   0.756 
0.03801  1.9434e+005  0.75602 0.75602 0.75602   0.00173 0.06753   0.756 
0.03901  1.9414e+005  0.75589 0.75589 0.75589   0.00169 0.06757   0.756 
0.04001  1.9394e+005  0.75575 0.75575 0.75575   0.00165 0.06762   0.756 
0.04101  1.9373e+005  0.75562 0.75562 0.75562   0.00161 0.06766   0.756 
0.04201  1.9353e+005  0.75548 0.75548 0.75548   0.00157 0.06770   0.755 
0.04301  1.9333e+005  0.75534 0.75534 0.75534   0.00154 0.06774   0.755 
0.04401  1.9313e+005  0.75520 0.75520 0.75520   0.00151 0.06779   0.755 
0.04501  1.9293e+005  0.75505 0.75505 0.75505   0.00147 0.06783   0.755 
0.04601  1.9272e+005  0.75490 0.75490 0.75490   0.00144 0.06788   0.755 
0.04701  1.9252e+005  0.75475 0.75475 0.75475   0.00142 0.06792   0.755 
0.04801  1.9232e+005  0.75460 0.75460 0.75460   0.00139 0.06797   0.755 
0.04901  1.9212e+005  0.75444 0.75444 0.75444   0.00136 0.06802   0.754 
0.05001  1.9192e+005  0.75429 0.75429 0.75429   0.00133 0.06807   0.754 
0.05101  1.9171e+005  0.75413 0.75413 0.75413   0.00131 0.06812   0.754 
0.05201  1.9151e+005  0.75397 0.75397 0.75397   0.00129 0.06817   0.754 
0.05301  1.9131e+005  0.75380 0.75380 0.75380   0.00126 0.06822   0.754 
0.05401  1.9111e+005  0.75363 0.75363 0.75363   0.00124 0.06827   0.754 
0.05500  1.9091e+005  0.75347 0.75347 0.75347   0.00122 0.06832   0.753 
0.05600  1.907e+005  0.75330 0.75330 0.75330   0.00120 0.06837   0.753 
0.05700  1.905e+005  0.75312 0.75312 0.75312   0.00118 0.06843   0.753 
0.05800  1.903e+005  0.75295 0.75295 0.75295   0.00116 0.06848   0.753 
0.05900  1.901e+005  0.75277 0.75277 0.75277   0.00114 0.06854   0.753 
0.06000  1.899e+005  0.75260 0.75260 0.75260   0.00112 0.06859   0.753 
0.06100  1.8969e+005  0.75249 0.75249 0.75249   0.00111 0.06862   0.752 
0.06200  1.8949e+005  0.75240 0.75240 0.75240   0.00109 0.06865   0.752 
0.06300  1.8929e+005  0.75233 0.75233 0.75233   0.00107 0.06867   0.752 
0.06400  1.8909e+005  0.75229 0.75229 0.75229   0.00106 0.06869   0.752 
0.06500  1.8889e+005  0.75223 0.75223 0.75223   0.00104 0.06870   0.752 
0.06600  1.8868e+005  0.75215 0.75215 0.75215   0.00103 0.06873   0.752 
0.06700  1.8848e+005  0.75205 0.75205 0.75205   0.00101 0.06876   0.752 
0.06800  1.8828e+005  0.75197 0.75197 0.75197   0.00100 0.06879   0.752 
0.06900  1.8808e+005  0.75187 0.75187 0.75187   0.00098 0.06882   0.752 
0.07000  1.8788e+005  0.75176 0.75176 0.75176   0.00097 0.06885   0.752 
0.07100  1.8767e+005  0.75164 0.75164 0.75164   0.00096 0.06889   0.752 
0.07200  1.8747e+005  0.75152 0.75152 0.75152   0.00094 0.06892   0.752 
0.07300  1.8727e+005  0.75140 0.75140 0.75140   0.00093 0.06896   0.751 
0.07400  1.8707e+005  0.75127 0.75127 0.75127   0.00092 0.06900   0.751 
0.07500  1.8687e+005  0.75114 0.75114 0.75114   0.00091 0.06904   0.751 
0.07600  1.8666e+005  0.75100 0.75100 0.75100   0.00090 0.06909   0.751 
0.07700  1.8646e+005  0.75085 0.75085 0.75085   0.00089 0.06913   0.751 
0.07800  1.8626e+005  0.75070 0.75070 0.75070   0.00088 0.06918   0.751 
0.07900  1.8606e+005  0.75054 0.75054 0.75054   0.00087 0.06923   0.751 
0.08000  1.8586e+005  0.75038 0.75038 0.75038   0.00086 0.06928   0.750 
0.08100  1.8565e+005  0.75022 0.75022 0.75022   0.00085 0.06933   0.750 
0.08200  1.8545e+005  0.75005 0.75005 0.75005   0.00084 0.06938   0.750 
0.08300  1.8525e+005  0.74988 0.74988 0.74988   0.00083 0.06943   0.750 
0.08400  1.8505e+005  0.74970 0.74970 0.74970   0.00082 0.06949   0.750 
0.08500  1.8485e+005  0.74952 0.74952 0.74952   0.00081 0.06955   0.750 
0.08600  1.8464e+005  0.74933 0.74933 0.74933   0.00080 0.06960   0.749 
0.08700  1.8444e+005  0.74915 0.74915 0.74915   0.00079 0.06966   0.749 
0.08800  1.8424e+005  0.74897 0.74897 0.74897   0.00078 0.06972   0.749 
0.08900  1.8404e+005  0.74878 0.74878 0.74878   0.00078 0.06977   0.749 
0.09000  1.8384e+005  0.74859 0.74859 0.74859   0.00077 0.06983   0.749 
0.09100  1.8363e+005  0.74840 0.74840 0.74840   0.00076 0.06989   0.748 
0.09200  1.8343e+005  0.74821 0.74821 0.74821   0.00075 0.06995   0.748 
0.09300  1.8323e+005  0.74802 0.74802 0.74802   0.00074 0.07001   0.748 
0.09400  1.8303e+005  0.74782 0.74782 0.74782   0.00074 0.07007   0.748 
0.09500  1.8283e+005  0.74763 0.74763 0.74763   0.00073 0.07013   0.748 
0.09600  1.8262e+005  0.74744 0.74744 0.74744   0.00072 0.07019   0.747 
0.09700  1.8242e+005  0.74725 0.74725 0.74725   0.00072 0.07025   0.747 
0.09800  1.8222e+005  0.74706 0.74706 0.74706   0.00071 0.07031   0.747 
0.09900  1.8202e+005  0.74685 0.74685 0.74685   0.00070 0.07037   0.747 
0.10000  1.8182e+005  0.74665 0.74665 0.74665   0.00070 0.07044   0.747 
0.10100  1.8161e+005  0.74645 0.74645 0.74645   0.00069 0.07050   0.746 
0.10200  1.8141e+005  0.74624 0.74624 0.74624   0.00069 0.07056   0.746 
0.10300  1.8121e+005  0.74604 0.74604 0.74604   0.00068 0.07063   0.746 
0.10400  1.8101e+005  0.74583 0.74583 0.74583   0.00067 0.07069   0.746 
0.10500  1.8081e+005  0.74562 0.74562 0.74562   0.00067 0.07076   0.746 
0.10600  1.806e+005  0.74541 0.74541 0.74541   0.00066 0.07082   0.745 
0.10700  1.804e+005  0.74520 0.74520 0.74520   0.00066 0.07089   0.745 
0.10800  1.802e+005  0.74498 0.74498 0.74498   0.00065 0.07096   0.745 
0.10900  1.8e+005    0.74477 0.74477 0.74477   0.00065 0.07102   0.745 
0.11000  1.798e+005  0.74455 0.74455 0.74455   0.00064 0.07109   0.745 
0.11100  1.7959e+005  0.74433 0.74433 0.74433   0.00064 0.07116   0.744 
0.11200  1.7939e+005  0.74411 0.74411 0.74411   0.00063 0.07123   0.744 
0.11300  1.7919e+005  0.74391 0.74391 0.74391   0.00063 0.07129   0.744 
0.11400  1.7899e+005  0.74369 0.74369 0.74369   0.00062 0.07136   0.744 
0.11500  1.7879e+005  0.74347 0.74347 0.74347   0.00062 0.07143   0.743 
0.11600  1.7858e+005  0.74324 0.74324 0.74324   0.00061 0.07150   0.743 
0.11700  1.7838e+005  0.74302 0.74302 0.74302   0.00061 0.07157   0.743 
0.11800  1.7818e+005  0.74279 0.74279 0.74279   0.00060 0.07164   0.743 
0.11900  1.7798e+005  0.74256 0.74256 0.74256   0.00060 0.07171   0.743 
0.12000  1.7778e+005  0.74233 0.74233 0.74233   0.00059 0.07178   0.742 
0.12100  1.7757e+005  0.74211 0.74211 0.74211   0.00059 0.07185   0.742 
0.12200  1.7737e+005  0.74188 0.74188 0.74188   0.00058 0.07193   0.742 
0.12300  1.7717e+005  0.74164 0.74164 0.74164   0.00058 0.07200   0.742 
0.12400  1.7697e+005  0.74140 0.74140 0.74140   0.00058 0.07207   0.741 
0.12500  1.7677e+005  0.74117 0.74117 0.74117   0.00057 0.07215   0.741 
0.12600  1.7656e+005  0.74093 0.74093 0.74093   0.00057 0.07222   0.741 
0.12700  1.7636e+005  0.74069 0.74069 0.74069   0.00056 0.07230   0.741 
0.12800  1.7616e+005  0.74045 0.74045 0.74045   0.00056 0.07237   0.740 
0.12900  1.7596e+005  0.74020 0.74020 0.74020   0.00056 0.07245   0.740 
0.13000  1.7576e+005  0.73996 0.73996 0.73996   0.00055 0.07253   0.740 
0.13100  1.7555e+005  0.73971 0.73971 0.73971   0.00055 0.07260   0.740 
0.13200  1.7535e+005  0.73947 0.73947 0.73947   0.00055 0.07268   0.739 
0.13300  1.7515e+005  0.73921 0.73921 0.73921   0.00054 0.07276   0.739 
0.13400  1.7495e+005  0.73896 0.73896 0.73896   0.00054 0.07284   0.739 
0.13500  1.7475e+005  0.73871 0.73871 0.73871   0.00054 0.07292   0.739 
0.13600  1.7454e+005  0.73846 0.73846 0.73846   0.00053 0.07300   0.738 
0.13700  1.7434e+005  0.73820 0.73820 0.73820   0.00053 0.07308   0.738 
0.13800  1.7414e+005  0.73794 0.73794 0.73794   0.00053 0.07316   0.738 
0.13900  1.7394e+005  0.73768 0.73768 0.73768   0.00052 0.07324   0.738 
0.14000  1.7374e+005  0.73743 0.73743 0.73743   0.00052 0.07332   0.737 
0.14100  1.7353e+005  0.73718 0.73718 0.73718   0.00052 0.07340   0.737 
0.14200  1.7333e+005  0.73693 0.73693 0.73693   0.00051 0.07348   0.737 
0.14300  1.7313e+005  0.73667 0.73667 0.73667   0.00051 0.07356   0.737 
0.14400  1.7293e+005  0.73641 0.73641 0.73641   0.00051 0.07364   0.736 
0.14500  1.7273e+005  0.73614 0.73614 0.73614   0.00050 0.07372   0.736 
0.14600  1.7252e+005  0.73588 0.73588 0.73588   0.00050 0.07380   0.736 
0.14700  1.7232e+005  0.73562 0.73562 0.73562   0.00050 0.07389   0.736 
0.14800  1.7212e+005  0.73534 0.73534 0.73534   0.00050 0.07398   0.735 
0.14900  1.7192e+005  0.73509 0.73509 0.73509   0.00049 0.07406   0.735 
0.15000  1.7172e+005  0.73482 0.73482 0.73482   0.00049 0.07414   0.735 
0.15100  1.7151e+005  0.73455 0.73455 0.73455   0.00049 0.07423   0.735 
0.15200  1.7131e+005  0.73427 0.73427 0.73427   0.00049 0.07431   0.734 
0.15300  1.7111e+005  0.73400 0.73400 0.73400   0.00048 0.07440   0.734 
0.15400  1.7091e+005  0.73372 0.73372 0.73372   0.00048 0.07449   0.734 
0.15500  1.7071e+005  0.73344 0.73344 0.73344   0.00048 0.07458   0.733 
0.15600  1.705e+005  0.73316 0.73316 0.73316   0.00048 0.07466   0.733 
0.15700  1.703e+005  0.73288 0.73288 0.73288   0.00047 0.07475   0.733 
0.15800  1.701e+005  0.73260 0.73260 0.73260   0.00047 0.07484   0.733 
0.15900  1.699e+005  0.73232 0.73232 0.73232   0.00047 0.07493   0.732 
0.16000  1.697e+005  0.73203 0.73203 0.73203   0.00047 0.07502   0.732 
0.16100  1.6949e+005  0.73174 0.73174 0.73174   0.00046 0.07511   0.732 
0.16200  1.6929e+005  0.73146 0.73146 0.73146   0.00046 0.07520   0.731 
0.16300  1.6909e+005  0.73117 0.73117 0.73117   0.00046 0.07529   0.731 
0.16400  1.6889e+005  0.73088 0.73088 0.73088   0.00046 0.07539   0.731 
0.16500  1.6869e+005  0.73058 0.73058 0.73058   0.00045 0.07548   0.731 
0.16600  1.6848e+005  0.73029 0.73029 0.73029   0.00045 0.07557   0.730 
0.16700  1.6828e+005  0.73000 0.73000 0.73000   0.00045 0.07566   0.730 
0.16799  1.6808e+005  0.72971 0.72971 0.72971   0.00045 0.07575   0.730 
0.16899  1.6788e+005  0.72942 0.72942 0.72942   0.00045 0.07585   0.729 
0.16999  1.6768e+005  0.72912 0.72912 0.72912   0.00044 0.07594   0.729 
0.17099  1.6747e+005  0.72882 0.72882 0.72882   0.00044 0.07604   0.729 
0.17199  1.6727e+005  0.72852 0.72852 0.72852   0.00044 0.07613   0.729 
0.17299  1.6707e+005  0.72827 0.72827 0.72827   0.00044 0.07621   0.728 
0.17399  1.6687e+005  0.72798 0.72798 0.72798   0.00044 0.07630   0.728 
0.17499  1.6667e+005  0.72768 0.72768 0.72768   0.00043 0.07640   0.728 
0.17599  1.6646e+005  0.72737 0.72737 0.72737   0.00043 0.07649   0.727 
0.17699  1.6626e+005  0.72707 0.72707 0.72707   0.00043 0.07659   0.727 
0.17799  1.6606e+005  0.72676 0.72676 0.72676   0.00043 0.07669   0.727 
0.17899  1.6586e+005  0.72645 0.72645 0.72645   0.00043 0.07679   0.726 
0.17999  1.6566e+005  0.72614 0.72614 0.72614   0.00042 0.07689   0.726 
0.18099  1.6545e+005  0.72583 0.72583 0.72583   0.00042 0.07699   0.726 
0.18199  1.6525e+005  0.72551 0.72551 0.72551   0.00042 0.07709   0.726 
0.18299  1.6505e+005  0.72520 0.72520 0.72520   0.00042 0.07719   0.725 
0.18399  1.6485e+005  0.72488 0.72488 0.72488   0.00042 0.07729   0.725 
0.18499  1.6465e+005  0.72457 0.72457 0.72457   0.00042 0.07739   0.725 
0.18599  1.6444e+005  0.72425 0.72425 0.72425   0.00041 0.07749   0.724 
0.18699  1.6424e+005  0.72392 0.72392 0.72392   0.00041 0.07759   0.724 
0.18799  1.6404e+005  0.72361 0.72361 0.72361   0.00041 0.07769   0.724 
0.18899  1.6384e+005  0.72329 0.72329 0.72329   0.00041 0.07780   0.723 
0.18999  1.6364e+005  0.72297 0.72297 0.72297   0.00041 0.07790   0.723 
0.19099  1.6343e+005  0.72264 0.72264 0.72264   0.00041 0.07800   0.723 
0.19199  1.6323e+005  0.72231 0.72231 0.72231   0.00040 0.07810   0.722 
0.19299  1.6303e+005  0.72199 0.72199 0.72199   0.00040 0.07821   0.722 
0.19399  1.6283e+005  0.72166 0.72166 0.72166   0.00040 0.07831   0.722 
0.19499  1.6263e+005  0.72133 0.72133 0.72133   0.00040 0.07842   0.721 
0.19599  1.6242e+005  0.72101 0.72101 0.72101   0.00040 0.07852   0.721 
0.19699  1.6222e+005  0.72067 0.72067 0.72067   0.00040 0.07863   0.721 
0.19799  1.6202e+005  0.72034 0.72034 0.72034   0.00040 0.07873   0.720 
0.19899  1.6182e+005  0.72001 0.72001 0.72001   0.00039 0.07884   0.720 
0.19999  1.6162e+005  0.71981 0.71981 0.71981   0.00039 0.07891   0.720 
0.20099  1.6141e+005  0.71959 0.71959 0.71959   0.00039 0.07898   0.720 
0.20199  1.6121e+005  0.71932 0.71932 0.71932   0.00039 0.07906   0.719 
0.20299  1.6101e+005  0.71901 0.71901 0.71901   0.00039 0.07916   0.719 
0.20399  1.6081e+005  0.71868 0.71868 0.71868   0.00039 0.07927   0.719 
0.20499  1.6061e+005  0.71834 0.71834 0.71834   0.00039 0.07937   0.718 
0.20599  1.604e+005  0.71806 0.71806 0.71806   0.00038 0.07947   0.718 
0.20699  1.602e+005  0.71783 0.71783 0.71783   0.00038 0.07954   0.718 
0.20799  1.6e+005    0.71749 0.71749 0.71749   0.00038 0.07965   0.717 
0.20899  1.598e+005  0.71715 0.71715 0.71715   0.00038 0.07976   0.717 
0.20999  1.596e+005  0.71681 0.71681 0.71681   0.00038 0.07987   0.717 
0.21099  1.5939e+005  0.71648 0.71648 0.71648   0.00038 0.07997   0.716 
0.21199  1.5919e+005  0.71614 0.71614 0.71614   0.00038 0.08008   0.716 
0.21299  1.5899e+005  0.71579 0.71579 0.71579   0.00037 0.08019   0.716 
0.21399  1.5879e+005  0.71545 0.71545 0.71545   0.00037 0.08030   0.715 
0.21499  1.5859e+005  0.71510 0.71510 0.71510   0.00037 0.08042   0.715 
0.21599  1.5838e+005  0.71476 0.71476 0.71476   0.00037 0.08053   0.715 
0.21699  1.5818e+005  0.71441 0.71441 0.71441   0.00037 0.08064   0.714 
0.21799  1.5798e+005  0.71405 0.71405 0.71405   0.00037 0.08075   0.714 
0.21899  1.5778e+005  0.71370 0.71370 0.71370   0.00037 0.08087   0.714 
0.21999  1.5758e+005  0.71340 0.71340 0.71340   0.00037 0.08096   0.713 
0.22099  1.5737e+005  0.71305 0.71305 0.71305   0.00037 0.08108   0.713 
0.22199  1.5717e+005  0.71269 0.71269 0.71269   0.00036 0.08119   0.713 
0.22299  1.5697e+005  0.71234 0.71234 0.71234   0.00036 0.08130   0.712 
0.22399  1.5677e+005  0.71198 0.71198 0.71198   0.00036 0.08142   0.712 
0.22499  1.5657e+005  0.71162 0.71162 0.71162   0.00036 0.08153   0.712 
0.22599  1.5636e+005  0.71127 0.71127 0.71127   0.00036 0.08165   0.711 
0.22699  1.5616e+005  0.71090 0.71090 0.71090   0.00036 0.08177   0.711 
0.22799  1.5596e+005  0.71054 0.71054 0.71054   0.00036 0.08188   0.711 
0.22899  1.5576e+005  0.71018 0.71018 0.71018   0.00036 0.08200   0.710 
0.22999  1.5556e+005  0.70982 0.70982 0.70982   0.00036 0.08212   0.710 
0.23099  1.5535e+005  0.70945 0.70945 0.70945   0.00035 0.08224   0.709 
0.23199  1.5515e+005  0.70908 0.70908 0.70908   0.00035 0.08236   0.709 
0.23299  1.5495e+005  0.70871 0.70871 0.70871   0.00035 0.08248   0.709 
0.23399  1.5475e+005  0.70835 0.70835 0.70835   0.00035 0.08259   0.708 
0.23499  1.5455e+005  0.70797 0.70797 0.70797   0.00035 0.08271   0.708 
0.23599  1.5434e+005  0.70760 0.70760 0.70760   0.00035 0.08284   0.708 
0.23699  1.5414e+005  0.70723 0.70723 0.70723   0.00035 0.08296   0.707 
0.23799  1.5394e+005  0.70685 0.70685 0.70685   0.00035 0.08308   0.707 
0.23899  1.5374e+005  0.70648 0.70648 0.70648   0.00035 0.08320   0.706 
0.23999  1.5354e+005  0.70611 0.70611 0.70611   0.00035 0.08332   0.706 
0.24099  1.5333e+005  0.70574 0.70574 0.70574   0.00034 0.08344   0.706 
0.24199  1.5313e+005  0.70537 0.70537 0.70537   0.00034 0.08356   0.705 
0.24299  1.5293e+005  0.70499 0.70499 0.70499   0.00034 0.08368   0.705 
0.24399  1.5273e+005  0.70461 0.70461 0.70461   0.00034 0.08381   0.705 
0.24499  1.5253e+005  0.70423 0.70423 0.70423   0.00034 0.08393   0.704 
0.24599  1.5232e+005  0.70384 0.70384 0.70384   0.00034 0.08406   0.704 
0.24699  1.5212e+005  0.70346 0.70346 0.70346   0.00034 0.08418   0.703 
0.24799  1.5192e+005  0.70307 0.70307 0.70307   0.00034 0.08431   0.703 
0.24899  1.5172e+005  0.70269 0.70269 0.70269   0.00034 0.08443   0.703 
0.24999  1.5152e+005  0.70230 0.70230 0.70230   0.00034 0.08456   0.702 
0.25099  1.5131e+005  0.70191 0.70191 0.70191   0.00034 0.08469   0.702 
0.25199  1.5111e+005  0.70152 0.70152 0.70152   0.00034 0.08481   0.702 
0.25299  1.5091e+005  0.70113 0.70113 0.70113   0.00033 0.08494   0.701 
0.25399  1.5071e+005  0.70074 0.70074 0.70074   0.00033 0.08507   0.701 
0.25499  1.5051e+005  0.70034 0.70034 0.70034   0.00033 0.08520   0.700 
0.25599  1.503e+005  0.69995 0.69995 0.69995   0.00033 0.08533   0.700 
0.25699  1.501e+005  0.69959 0.69959 0.69959   0.00033 0.08544   0.700 
0.25799  1.499e+005  0.69919 0.69919 0.69919   0.00033 0.08557   0.699 
0.25899  1.497e+005  0.69880 0.69880 0.69880   0.00033 0.08570   0.699 
0.25999  1.495e+005  0.69839 0.69839 0.69839   0.00033 0.08583   0.698 
0.26099  1.4929e+005  0.69800 0.69800 0.69800   0.00033 0.08596   0.698 
0.26199  1.4909e+005  0.69760 0.69760 0.69760   0.00033 0.08609   0.698 
0.26299  1.4889e+005  0.69719 0.69719 0.69719   0.00033 0.08623   0.697 
0.26399  1.4869e+005  0.69679 0.69679 0.69679   0.00033 0.08636   0.697 
0.26499  1.4849e+005  0.69638 0.69638 0.69638   0.00033 0.08649   0.696 
0.26599  1.4828e+005  0.69599 0.69599 0.69599   0.00032 0.08662   0.696 
0.26699  1.4808e+005  0.69560 0.69560 0.69560   0.00032 0.08675   0.696 
0.26799  1.4788e+005  0.69519 0.69519 0.69519   0.00032 0.08689   0.695 
0.26899  1.4768e+005  0.69478 0.69478 0.69478   0.00032 0.08702   0.695 
0.26999  1.4748e+005  0.69437 0.69437 0.69437   0.00032 0.08716   0.694 
0.27099  1.4727e+005  0.69395 0.69395 0.69395   0.00032 0.08729   0.694 
0.27199  1.4707e+005  0.69358 0.69358 0.69358   0.00032 0.08741   0.694 
0.27299  1.4687e+005  0.69325 0.69325 0.69325   0.00032 0.08752   0.693 
0.27399  1.4667e+005  0.69283 0.69283 0.69283   0.00032 0.08766   0.693 
0.27499  1.4647e+005  0.69242 0.69242 0.69242   0.00032 0.08780   0.692 
0.27599  1.4626e+005  0.69200 0.69200 0.69200   0.00032 0.08793   0.692 
0.27699  1.4606e+005  0.69157 0.69157 0.69157   0.00032 0.08807   0.692 
0.27799  1.4586e+005  0.69115 0.69115 0.69115   0.00032 0.08821   0.691 
0.27899  1.4566e+005  0.69073 0.69073 0.69073   0.00032 0.08835   0.691 
0.27998  1.4546e+005  0.69030 0.69030 0.69030   0.00031 0.08849   0.690 
0.28098  1.4525e+005  0.68988 0.68988 0.68988   0.00031 0.08863   0.690 
0.28198  1.4505e+005  0.68945 0.68945 0.68945   0.00031 0.08878   0.689 
0.28298  1.4485e+005  0.68902 0.68902 0.68902   0.00031 0.08892   0.689 
0.28398  1.4465e+005  0.68859 0.68859 0.68859   0.00031 0.08906   0.689 
0.28498  1.4445e+005  0.68816 0.68816 0.68816   0.00031 0.08920   0.688 
0.28598  1.4424e+005  0.68773 0.68773 0.68773   0.00031 0.08934   0.688 
0.28698  1.4404e+005  0.68730 0.68730 0.68730   0.00031 0.08949   0.687 
0.28798  1.4384e+005  0.68686 0.68686 0.68686   0.00031 0.08963   0.687 
0.28898  1.4364e+005  0.68642 0.68642 0.68642   0.00031 0.08978   0.686 
0.28998  1.4344e+005  0.68600 0.68600 0.68600   0.00031 0.08992   0.686 
0.29098  1.4323e+005  0.68556 0.68556 0.68556   0.00031 0.09006   0.686 
0.29198  1.4303e+005  0.68511 0.68511 0.68511   0.00031 0.09021   0.685 
0.29298  1.4283e+005  0.68467 0.68467 0.68467   0.00031 0.09036   0.685 
0.29398  1.4263e+005  0.68423 0.68423 0.68423   0.00031 0.09050   0.684 
0.29498  1.4243e+005  0.68379 0.68379 0.68379   0.00031 0.09065   0.684 
0.29598  1.4222e+005  0.68336 0.68336 0.68336   0.00031 0.09079   0.683 
0.29698  1.4202e+005  0.68291 0.68291 0.68291   0.00031 0.09094   0.683 
0.29798  1.4182e+005  0.68247 0.68247 0.68247   0.00030 0.09109   0.682 
0.29898  1.4162e+005  0.68202 0.68202 0.68202   0.00030 0.09124   0.682 
0.29998  1.4142e+005  0.68157 0.68157 0.68157   0.00030 0.09139   0.682 
0.30098  1.4121e+005  0.68111 0.68111 0.68111   0.00030 0.09154   0.681 
0.30198  1.4101e+005  0.68066 0.68066 0.68066   0.00030 0.09169   0.681 
0.30298  1.4081e+005  0.68021 0.68021 0.68021   0.00030 0.09184   0.680 
0.30398  1.4061e+005  0.67976 0.67976 0.67976   0.00030 0.09199   0.680 
0.30498  1.4041e+005  0.67930 0.67930 0.67930   0.00030 0.09215   0.679 
0.30598  1.402e+005  0.67884 0.67884 0.67884   0.00030 0.09230   0.679 
0.30698  1.4e+005    0.67838 0.67838 0.67838   0.00030 0.09246   0.678 
0.30798  1.398e+005  0.67791 0.67791 0.67791   0.00030 0.09261   0.678 
0.30898  1.396e+005  0.67745 0.67745 0.67745   0.00030 0.09277   0.677 
0.30998  1.394e+005  0.67699 0.67699 0.67699   0.00030 0.09292   0.677 
0.31098  1.3919e+005  0.67652 0.67652 0.67652   0.00030 0.09308   0.677 
0.31198  1.3899e+005  0.67605 0.67605 0.67605   0.00030 0.09323   0.676 
0.31298  1.3879e+005  0.67559 0.67559 0.67559   0.00030 0.09339   0.676 
0.31398  1.3859e+005  0.67512 0.67512 0.67512   0.00030 0.09355   0.675 
0.31498  1.3839e+005  0.67466 0.67466 0.67466   0.00030 0.09370   0.675 
0.31598  1.3818e+005  0.67422 0.67422 0.67422   0.00030 0.09385   0.674 
0.31698  1.3798e+005  0.67374 0.67374 0.67374   0.00030 0.09401   0.674 
0.31798  1.3778e+005  0.67327 0.67327 0.67327   0.00030 0.09417   0.673 
0.31898  1.3758e+005  0.67289 0.67289 0.67289   0.00029 0.09430   0.673 
0.31998  1.3738e+005  0.67242 0.67242 0.67242   0.00029 0.09446   0.672 
0.32098  1.3717e+005  0.67194 0.67194 0.67194   0.00029 0.09462   0.672 
0.32198  1.3697e+005  0.67146 0.67146 0.67146   0.00029 0.09478   0.671 
0.32298  1.3677e+005  0.67098 0.67098 0.67098   0.00029 0.09494   0.671 
0.32398  1.3657e+005  0.67050 0.67050 0.67050   0.00029 0.09510   0.670 
0.32498  1.3637e+005  0.67002 0.67002 0.67002   0.00029 0.09527   0.670 
0.32598  1.3616e+005  0.66953 0.66953 0.66953   0.00029 0.09543   0.670 
0.32698  1.3596e+005  0.66907 0.66907 0.66907   0.00029 0.09559   0.669 
0.32798  1.3576e+005  0.66858 0.66858 0.66858   0.00029 0.09575   0.669 
0.32898  1.3556e+005  0.66809 0.66809 0.66809   0.00029 0.09592   0.668 
0.32998  1.3536e+005  0.66761 0.66761 0.66761   0.00029 0.09608   0.668 
0.33098  1.3515e+005  0.66711 0.66711 0.66711   0.00029 0.09625   0.667 
0.33198  1.3495e+005  0.66662 0.66662 0.66662   0.00029 0.09641   0.667 
0.33298  1.3475e+005  0.66613 0.66613 0.66613   0.00029 0.09658   0.666 
0.33398  1.3455e+005  0.66568 0.66568 0.66568   0.00029 0.09673   0.666 
0.33498  1.3435e+005  0.66528 0.66528 0.66528   0.00029 0.09687   0.665 
0.33598  1.3414e+005  0.66478 0.66478 0.66478   0.00029 0.09704   0.665 
0.33698  1.3394e+005  0.66431 0.66431 0.66431   0.00029 0.09720   0.664 
0.33798  1.3374e+005  0.66381 0.66381 0.66381   0.00029 0.09737   0.664 
0.33898  1.3354e+005  0.66331 0.66331 0.66331   0.00029 0.09754   0.663 
0.33998  1.3334e+005  0.66281 0.66281 0.66281   0.00029 0.09771   0.663 
0.34098  1.3313e+005  0.66230 0.66230 0.66230   0.00029 0.09788   0.662 
0.34198  1.3293e+005  0.66180 0.66180 0.66180   0.00029 0.09805   0.662 
0.34298  1.3273e+005  0.66129 0.66129 0.66129   0.00029 0.09823   0.661 
0.34398  1.3253e+005  0.66078 0.66078 0.66078   0.00029 0.09840   0.661 
0.34498  1.3233e+005  0.66026 0.66026 0.66026   0.00028 0.09858   0.660 
0.34598  1.3212e+005  0.65975 0.65975 0.65975   0.00028 0.09875   0.660 
0.34698  1.3192e+005  0.65924 0.65924 0.65924   0.00028 0.09893   0.659 
0.34798  1.3172e+005  0.65872 0.65872 0.65872   0.00028 0.09910   0.659 
0.34898  1.3152e+005  0.65821 0.65821 0.65821   0.00028 0.09928   0.658 
0.34998  1.3132e+005  0.65769 0.65769 0.65769   0.00028 0.09946   0.658 
0.35098  1.3111e+005  0.65716 0.65716 0.65716   0.00028 0.09964   0.657 
0.35198  1.3091e+005  0.65664 0.65664 0.65664   0.00028 0.09981   0.657 
0.35298  1.3071e+005  0.65616 0.65616 0.65616   0.00028 0.09998   0.656 
0.35398  1.3051e+005  0.65584 0.65584 0.65584   0.00028 0.10009   0.656 
0.35498  1.3031e+005  0.65538 0.65538 0.65538   0.00028 0.10025   0.655 
0.35598  1.301e+005  0.65485 0.65485 0.65485   0.00028 0.10043   0.655 
0.35698  1.299e+005  0.65433 0.65433 0.65433   0.00028 0.10061   0.654 
0.35798  1.297e+005  0.65382 0.65382 0.65382   0.00028 0.10078   0.654 
0.35898  1.295e+005  0.65330 0.65330 0.65330   0.00028 0.10096   0.653 
0.35998  1.293e+005  0.65277 0.65277 0.65277   0.00028 0.10115   0.653 
0.36098  1.2909e+005  0.65224 0.65224 0.65224   0.00028 0.10133   0.652 
0.36198  1.2889e+005  0.65170 0.65170 0.65170   0.00028 0.10151   0.652 
0.36298  1.2869e+005  0.65117 0.65117 0.65117   0.00028 0.10170   0.651 
0.36398  1.2849e+005  0.65063 0.65063 0.65063   0.00028 0.10188   0.651 
0.36498  1.2829e+005  0.65010 0.65010 0.65010   0.00028 0.10207   0.650 
0.36598  1.2808e+005  0.64957 0.64957 0.64957   0.00028 0.10225   0.650 
0.36698  1.2788e+005  0.64904 0.64904 0.64904   0.00028 0.10243   0.649 
0.36798  1.2768e+005  0.64849 0.64849 0.64849   0.00028 0.10262   0.648 
0.36898  1.2748e+005  0.64795 0.64795 0.64795   0.00028 0.10281   0.648 
0.36998  1.2728e+005  0.64740 0.64740 0.64740   0.00028 0.10300   0.647 
0.37098  1.2707e+005  0.64686 0.64686 0.64686   0.00028 0.10319   0.647 
0.37198  1.2687e+005  0.64631 0.64631 0.64631   0.00028 0.10337   0.646 
0.37298  1.2667e+005  0.64577 0.64577 0.64577   0.00028 0.10356   0.646 
0.37398  1.2647e+005  0.64522 0.64522 0.64522   0.00028 0.10375   0.645 
0.37498  1.2627e+005  0.64466 0.64466 0.64466   0.00028 0.10395   0.645 
0.37598  1.2606e+005  0.64413 0.64413 0.64413   0.00028 0.10413   0.644 
0.37698  1.2586e+005  0.64358 0.64358 0.64358   0.00028 0.10433   0.644 
0.37798  1.2566e+005  0.64302 0.64302 0.64302   0.00028 0.10452   0.643 
0.37898  1.2546e+005  0.64247 0.64247 0.64247   0.00028 0.10471   0.642 
0.37998  1.2526e+005  0.64190 0.64190 0.64190   0.00028 0.10491   0.642 
0.38098  1.2505e+005  0.64134 0.64134 0.64134   0.00028 0.10510   0.641 
0.38198  1.2485e+005  0.64078 0.64078 0.64078   0.00027 0.10530   0.641 
0.38298  1.2465e+005  0.64021 0.64021 0.64021   0.00027 0.10550   0.640 
0.38398  1.2445e+005  0.63965 0.63965 0.63965   0.00027 0.10569   0.640 
0.38498  1.2425e+005  0.63908 0.63908 0.63908   0.00027 0.10589   0.639 
0.38598  1.2404e+005  0.63851 0.63851 0.63851   0.00027 0.10609   0.639 
0.38698  1.2384e+005  0.63796 0.63796 0.63796   0.00027 0.10629   0.638 
0.38798  1.2364e+005  0.63746 0.63746 0.63746   0.00027 0.10646   0.637 
0.38898  1.2344e+005  0.63690 0.63690 0.63690   0.00027 0.10666   0.637 
0.38998  1.2324e+005  0.63632 0.63632 0.63632   0.00027 0.10686   0.636 
0.39098  1.2303e+005  0.63579 0.63579 0.63579   0.00027 0.10705   0.636 
0.39197  1.2283e+005  0.63522 0.63522 0.63522   0.00027 0.10725   0.635 
0.39297  1.2263e+005  0.63466 0.63466 0.63466   0.00027 0.10744   0.635 
0.39397  1.2243e+005  0.63408 0.63408 0.63408   0.00027 0.10765   0.634 
0.39497  1.2223e+005  0.63350 0.63350 0.63350   0.00027 0.10785   0.634 
0.39597  1.2202e+005  0.63292 0.63292 0.63292   0.00027 0.10806   0.633 
0.39697  1.2182e+005  0.63233 0.63233 0.63233   0.00027 0.10826   0.632 
0.39797  1.2162e+005  0.63175 0.63175 0.63175   0.00027 0.10847   0.632 
0.39897  1.2142e+005  0.63117 0.63117 0.63117   0.00027 0.10867   0.631 
0.39997  1.2122e+005  0.63059 0.63059 0.63059   0.00027 0.10888   0.631 
0.40097  1.2101e+005  0.63001 0.63001 0.63001   0.00027 0.10909   0.630 
0.40197  1.2081e+005  0.62942 0.62942 0.62942   0.00027 0.10929   0.629 
0.40297  1.2061e+005  0.62889 0.62889 0.62889   0.00027 0.10948   0.629 
0.40397  1.2041e+005  0.62830 0.62830 0.62830   0.00027 0.10969   0.628 
0.40497  1.2021e+005  0.62772 0.62772 0.62772   0.00027 0.10990   0.628 
0.40597  1.2e+005    0.62719 0.62719 0.62719   0.00027 0.11008   0.627 
0.40697  1.198e+005  0.62659 0.62659 0.62659   0.00027 0.11029   0.627 
0.40797  1.196e+005  0.62600 0.62600 0.62600   0.00027 0.11051   0.626 
0.40897  1.194e+005  0.62541 0.62541 0.62541   0.00027 0.11071   0.625 
0.40997  1.192e+005  0.62481 0.62481 0.62481   0.00027 0.11093   0.625 
0.41097  1.1899e+005  0.62421 0.62421 0.62421   0.00027 0.11114   0.624 
0.41197  1.1879e+005  0.62364 0.62364 0.62364   0.00027 0.11135   0.624 
0.41297  1.1859e+005  0.62303 0.62303 0.62303   0.00027 0.11156   0.623 
0.41397  1.1839e+005  0.62246 0.62246 0.62246   0.00027 0.11177   0.622 
0.41497  1.1819e+005  0.62186 0.62186 0.62186   0.00027 0.11198   0.622 
0.41597  1.1798e+005  0.62125 0.62125 0.62125   0.00027 0.11220   0.621 
0.41697  1.1778e+005  0.62065 0.62065 0.62065   0.00027 0.11241   0.621 
0.41797  1.1758e+005  0.62004 0.62004 0.62004   0.00027 0.11263   0.620 
0.41897  1.1738e+005  0.61943 0.61943 0.61943   0.00027 0.11285   0.619 
0.41997  1.1718e+005  0.61881 0.61881 0.61881   0.00027 0.11307   0.619 
0.42097  1.1697e+005  0.61821 0.61821 0.61821   0.00027 0.11329   0.618 
0.42197  1.1677e+005  0.61759 0.61759 0.61759   0.00027 0.11351   0.618 
0.42297  1.1657e+005  0.61697 0.61697 0.61697   0.00027 0.11373   0.617 
0.42397  1.1637e+005  0.61635 0.61635 0.61635   0.00027 0.11395   0.616 
0.42497  1.1617e+005  0.61573 0.61573 0.61573   0.00027 0.11418   0.616 
0.42597  1.1596e+005  0.61510 0.61510 0.61510   0.00027 0.11440   0.615 
0.42697  1.1576e+005  0.61448 0.61448 0.61448   0.00027 0.11462   0.614 
0.42797  1.1556e+005  0.61388 0.61388 0.61388   0.00027 0.11484   0.614 
0.42897  1.1536e+005  0.61326 0.61326 0.61326   0.00027 0.11507   0.613 
0.42997  1.1516e+005  0.61262 0.61262 0.61262   0.00027 0.11529   0.613 
0.43097  1.1495e+005  0.61200 0.61200 0.61200   0.00027 0.11552   0.612 
0.43197  1.1475e+005  0.61137 0.61137 0.61137   0.00027 0.11575   0.611 
0.43297  1.1455e+005  0.61076 0.61076 0.61076   0.00027 0.11597   0.611 
0.43397  1.1435e+005  0.61013 0.61013 0.61013   0.00027 0.11620   0.610 
0.43497  1.1415e+005  0.60950 0.60950 0.60950   0.00027 0.11643   0.609 
0.43597  1.1394e+005  0.60887 0.60887 0.60887   0.00027 0.11665   0.609 
0.43697  1.1374e+005  0.60825 0.60825 0.60825   0.00027 0.11688   0.608 
0.43797  1.1354e+005  0.60761 0.60761 0.60761   0.00027 0.11711   0.608 
0.43897  1.1334e+005  0.60698 0.60698 0.60698   0.00027 0.11734   0.607 
0.43997  1.1314e+005  0.60633 0.60633 0.60633   0.00027 0.11757   0.606 
0.44097  1.1293e+005  0.60569 0.60569 0.60569   0.00027 0.11781   0.606 
0.44197  1.1273e+005  0.60505 0.60505 0.60505   0.00027 0.11804   0.605 
0.44297  1.1253e+005  0.60441 0.60441 0.60441   0.00027 0.11828   0.604 
0.44397  1.1233e+005  0.60377 0.60377 0.60377   0.00027 0.11851   0.604 
0.44497  1.1213e+005  0.60311 0.60311 0.60311   0.00027 0.11875   0.603 
0.44597  1.1192e+005  0.60247 0.60247 0.60247   0.00027 0.11898   0.602 
0.44697  1.1172e+005  0.60182 0.60182 0.60182   0.00027 0.11922   0.602 
0.44797  1.1152e+005  0.60119 0.60119 0.60119   0.00027 0.11945   0.601 
0.44897  1.1132e+005  0.60055 0.60055 0.60055   0.00027 0.11969   0.601 
0.44997  1.1112e+005  0.59990 0.59990 0.59990   0.00027 0.11993   0.600 
0.45097  1.1091e+005  0.59924 0.59924 0.59924   0.00027 0.12017   0.599 
0.45197  1.1071e+005  0.59858 0.59858 0.59858   0.00027 0.12041   0.599 
0.45297  1.1051e+005  0.59793 0.59793 0.59793   0.00027 0.12065   0.598 
0.45397  1.1031e+005  0.59728 0.59728 0.59728   0.00027 0.12089   0.597 
0.45497  1.1011e+005  0.59662 0.59662 0.59662   0.00027 0.12113   0.597 
0.45597  1.099e+005  0.59595 0.59595 0.59595   0.00027 0.12138   0.596 
0.45697  1.097e+005  0.59529 0.59529 0.59529   0.00027 0.12162   0.595 
0.45797  1.095e+005  0.59462 0.59462 0.59462   0.00027 0.12187   0.595 
0.45897  1.093e+005  0.59396 0.59396 0.59396   0.00027 0.12211   0.594 
0.45997  1.091e+005  0.59329 0.59329 0.59329   0.00027 0.12236   0.593 
0.46097  1.0889e+005  0.59262 0.59262 0.59262   0.00027 0.12261   0.593 
0.46197  1.0869e+005  0.59195 0.59195 0.59195   0.00027 0.12286   0.592 
0.46297  1.0849e+005  0.59128 0.59128 0.59128   0.00027 0.12310   0.591 
0.46397  1.0829e+005  0.59060 0.59060 0.59060   0.00027 0.12336   0.591 
0.46497  1.0809e+005  0.58992 0.58992 0.58992   0.00027 0.12361   0.590 
0.46597  1.0788e+005  0.58924 0.58924 0.58924   0.00027 0.12386   0.589 
0.46697  1.0768e+005  0.58856 0.58856 0.58856   0.00027 0.12411   0.589 
0.46797  1.0748e+005  0.58788 0.58788 0.58788   0.00027 0.12437   0.588 
0.46897  1.0728e+005  0.58720 0.58720 0.58720   0.00027 0.12462   0.587 
0.46997  1.0708e+005  0.58656 0.58656 0.58656   0.00027 0.12486   0.587 
0.47097  1.0687e+005  0.58588 0.58588 0.58588   0.00027 0.12511   0.586 
0.47197  1.0667e+005  0.58519 0.58519 0.58519   0.00027 0.12537   0.585 
0.47297  1.0647e+005  0.58451 0.58451 0.58451   0.00027 0.12562   0.585 
0.47397  1.0627e+005  0.58382 0.58382 0.58382   0.00027 0.12588   0.584 
0.47497  1.0607e+005  0.58314 0.58314 0.58314   0.00026 0.12614   0.583 
0.47597  1.0586e+005  0.58245 0.58245 0.58245   0.00026 0.12640   0.582 
0.47697  1.0566e+005  0.58175 0.58175 0.58175   0.00026 0.12666   0.582 
0.47797  1.0546e+005  0.58106 0.58106 0.58106   0.00026 0.12692   0.581 
0.47897  1.0526e+005  0.58037 0.58037 0.58037   0.00026 0.12718   0.580 
0.47997  1.0506e+005  0.57968 0.57968 0.57968   0.00026 0.12744   0.580 
0.48097  1.0485e+005  0.57899 0.57899 0.57899   0.00026 0.12770   0.579 
0.48197  1.0465e+005  0.57829 0.57829 0.57829   0.00026 0.12796   0.578 
0.48297  1.0445e+005  0.57759 0.57759 0.57759   0.00026 0.12822   0.578 
0.48397  1.0425e+005  0.57689 0.57689 0.57689   0.00026 0.12849   0.577 
0.48497  1.0405e+005  0.57619 0.57619 0.57619   0.00026 0.12875   0.576 
0.48597  1.0384e+005  0.57550 0.57550 0.57550   0.00026 0.12901   0.575 
0.48697  1.0364e+005  0.57479 0.57479 0.57479   0.00026 0.12928   0.575 
0.48797  1.0344e+005  0.57410 0.57410 0.57410   0.00026 0.12954   0.574 
0.48897  1.0324e+005  0.57340 0.57340 0.57340   0.00026 0.12981   0.573 
0.48997  1.0304e+005  0.57268 0.57268 0.57268   0.00026 0.13008   0.573 
0.49097  1.0283e+005  0.57198 0.57198 0.57198   0.00026 0.13035   0.572 
0.49197  1.0263e+005  0.57126 0.57126 0.57126   0.00026 0.13062   0.571 
0.49297  1.0243e+005  0.57058 0.57058 0.57058   0.00026 0.13088   0.571 
0.49397  1.0223e+005  0.56986 0.56986 0.56986   0.00026 0.13116   0.570 
0.49497  1.0203e+005  0.56916 0.56916 0.56916   0.00026 0.13142   0.569 
0.49597  1.0182e+005  0.56845 0.56845 0.56845   0.00026 0.13169   0.568 
0.49697  1.0162e+005  0.56774 0.56774 0.56774   0.00026 0.13197   0.568 
0.49797  1.0142e+005  0.56701 0.56701 0.56701   0.00027 0.13224   0.567 
0.49897  1.0122e+005  0.56631 0.56631 0.56631   0.00027 0.13251   0.566 
0.49997  1.0102e+005  0.56560 0.56560 0.56560   0.00027 0.13279   0.566 
0.50097  1.0081e+005  0.56488 0.56488 0.56488   0.00027 0.13306   0.565 
0.50197  1.0061e+005  0.56415 0.56415 0.56415   0.00027 0.13334   0.564 
0.50297  1.0041e+005  0.56342 0.56342 0.56342   0.00027 0.13362   0.563 
0.50397  1.0021e+005  0.56269 0.56269 0.56269   0.00027 0.13390   0.563 
0.50496  1.0001e+005  0.56196 0.56196 0.56196   0.00027 0.13418   0.562 
0.50596  99804       0.56123 0.56123 0.56123   0.00027 0.13446   0.561 
0.50696  99602       0.56050 0.56050 0.56050   0.00027 0.13475   0.560 
0.50796  99400       0.55976 0.55976 0.55976   0.00027 0.13503   0.560 
0.50896  99198       0.55903 0.55903 0.55903   0.00027 0.13531   0.559 
0.50996  98996       0.55829 0.55829 0.55829   0.00027 0.13560   0.558 
0.51096  98794       0.55755 0.55755 0.55755   0.00027 0.13589   0.558 
0.51196  98592       0.55682 0.55682 0.55682   0.00027 0.13617   0.557 
0.51296  98390       0.55609 0.55609 0.55609   0.00027 0.13645   0.556 
0.51396  98188       0.55536 0.55536 0.55536   0.00027 0.13674   0.555 
0.51496  97986       0.55462 0.55462 0.55462   0.00027 0.13702   0.555 
0.51596  97784       0.55388 0.55388 0.55388   0.00027 0.13731   0.554 
0.51696  97582       0.55313 0.55313 0.55313   0.00027 0.13760   0.553 
0.51796  97380       0.55238 0.55238 0.55238   0.00027 0.13790   0.552 
0.51896  97178       0.55168 0.55168 0.55168   0.00027 0.13817   0.552 
0.51996  96976       0.55095 0.55095 0.55095   0.00027 0.13845   0.551 
0.52096  96774       0.55020 0.55020 0.55020   0.00027 0.13875   0.550 
0.52196  96572       0.54945 0.54945 0.54945   0.00027 0.13904   0.549 
0.52296  96370       0.54869 0.54869 0.54869   0.00027 0.13934   0.549 
0.52396  96168       0.54793 0.54793 0.54793   0.00027 0.13964   0.548 
0.52496  95966       0.54717 0.54717 0.54717   0.00027 0.13994   0.547 
0.52596  95764       0.54641 0.54641 0.54641   0.00027 0.14024   0.546 
0.52696  95562       0.54566 0.54566 0.54566   0.00027 0.14053   0.546 
0.52796  95360       0.54493 0.54493 0.54493   0.00027 0.14082   0.545 
0.52896  95158       0.54418 0.54418 0.54418   0.00027 0.14111   0.544 
0.52996  94956       0.54342 0.54342 0.54342   0.00027 0.14141   0.543 
0.53096  94754       0.54265 0.54265 0.54265   0.00027 0.14172   0.543 
0.53196  94552       0.54189 0.54189 0.54189   0.00027 0.14202   0.542 
0.53296  94350       0.54112 0.54112 0.54112   0.00027 0.14232   0.541 
0.53396  94148       0.54035 0.54035 0.54035   0.00027 0.14263   0.540 
0.53496  93946       0.53958 0.53958 0.53958   0.00027 0.14293   0.540 
0.53596  93744       0.53881 0.53881 0.53881   0.00027 0.14324   0.539 
0.53696  93542       0.53803 0.53803 0.53803   0.00027 0.14355   0.538 
0.53796  93340       0.53726 0.53726 0.53726   0.00027 0.14386   0.537 
0.53896  93138       0.53649 0.53649 0.53649   0.00027 0.14417   0.536 
0.53996  92936       0.53570 0.53570 0.53570   0.00027 0.14448   0.536 
0.54096  92734       0.53492 0.53492 0.53492   0.00027 0.14479   0.535 
0.54196  92532       0.53417 0.53417 0.53417   0.00027 0.14509   0.534 
0.54296  92330       0.53339 0.53339 0.53339   0.00027 0.14540   0.533 
0.54396  92128       0.53261 0.53261 0.53261   0.00027 0.14572   0.533 
0.54496  91926       0.53183 0.53183 0.53183   0.00027 0.14603   0.532 
0.54596  91724       0.53108 0.53108 0.53108   0.00027 0.14633   0.531 
0.54696  91522       0.53029 0.53029 0.53029   0.00027 0.14665   0.530 
0.54796  91320       0.52951 0.52951 0.52951   0.00027 0.14696   0.530 
0.54896  91118       0.52872 0.52872 0.52872   0.00027 0.14728   0.529 
0.54996  90916       0.52793 0.52793 0.52793   0.00027 0.14760   0.528 
0.55096  90714       0.52715 0.52715 0.52715   0.00027 0.14791   0.527 
0.55196  90512       0.52636 0.52636 0.52636   0.00027 0.14823   0.526 
0.55296  90310       0.52556 0.52556 0.52556   0.00027 0.14856   0.526 
0.55396  90108       0.52477 0.52477 0.52477   0.00027 0.14888   0.525 
0.55496  89906       0.52399 0.52399 0.52399   0.00027 0.14919   0.524 
0.55596  89704       0.52319 0.52319 0.52319   0.00027 0.14952   0.523 
0.55696  89502       0.52239 0.52239 0.52239   0.00027 0.14984   0.522 
0.55796  89300       0.52161 0.52161 0.52161   0.00027 0.15016   0.522 
0.55896  89098       0.52084 0.52084 0.52084   0.00027 0.15048   0.521 
0.55996  88896       0.52004 0.52004 0.52004   0.00027 0.15080   0.520 
0.56096  88694       0.51923 0.51923 0.51923   0.00027 0.15113   0.519 
0.56196  88492       0.51852 0.51852 0.51852   0.00027 0.15142   0.519 
0.56296  88290       0.51779 0.51779 0.51779   0.00027 0.15172   0.518 
0.56396  88088       0.51699 0.51699 0.51699   0.00027 0.15205   0.517 
0.56496  87886       0.51620 0.51620 0.51620   0.00027 0.15237   0.516 
0.56596  87684       0.51540 0.51540 0.51540   0.00027 0.15270   0.515 
0.56696  87482       0.51460 0.51460 0.51460   0.00027 0.15303   0.515 
0.56796  87280       0.51379 0.51379 0.51379   0.00027 0.15337   0.514 
0.56896  87078       0.51298 0.51298 0.51298   0.00027 0.15370   0.513 
0.56996  86876       0.51217 0.51217 0.51217   0.00027 0.15403   0.512 
0.57096  86674       0.51136 0.51136 0.51136   0.00027 0.15437   0.511 
0.57196  86472       0.51055 0.51055 0.51055   0.00027 0.15470   0.511 
0.57296  86270       0.50974 0.50974 0.50974   0.00027 0.15504   0.510 
0.57396  86068       0.50892 0.50892 0.50892   0.00027 0.15538   0.509 
0.57496  85866       0.50810 0.50810 0.50810   0.00027 0.15572   0.508 
0.57596  85664       0.50729 0.50729 0.50729   0.00027 0.15606   0.507 
0.57696  85462       0.50647 0.50647 0.50647   0.00027 0.15640   0.506 
0.57796  85260       0.50565 0.50565 0.50565   0.00027 0.15674   0.506 
0.57896  85058       0.50482 0.50482 0.50482   0.00027 0.15708   0.505 
0.57996  84856       0.50400 0.50400 0.50400   0.00027 0.15743   0.504 
0.58096  84654       0.50318 0.50318 0.50318   0.00027 0.15777   0.503 
0.58196  84452       0.50243 0.50243 0.50243   0.00027 0.15808   0.502 
0.58296  84250       0.50160 0.50160 0.50160   0.00027 0.15843   0.502 
0.58396  84048       0.50077 0.50077 0.50077   0.00027 0.15878   0.501 
0.58496  83846       0.49994 0.49994 0.49994   0.00027 0.15913   0.500 
0.58596  83644       0.49911 0.49911 0.49911   0.00027 0.15948   0.499 
0.58696  83442       0.49828 0.49828 0.49828   0.00027 0.15983   0.498 
0.58796  83240       0.49744 0.49744 0.49744   0.00027 0.16018   0.497 
0.58896  83038       0.49660 0.49660 0.49660   0.00027 0.16053   0.497 
0.58996  82836       0.49577 0.49577 0.49577   0.00027 0.16089   0.496 
0.59096  82634       0.49493 0.49493 0.49493   0.00027 0.16125   0.495 
0.59196  82432       0.49409 0.49409 0.49409   0.00027 0.16160   0.494 
0.59296  82230       0.49324 0.49324 0.49324   0.00027 0.16196   0.493 
0.59396  82028       0.49240 0.49240 0.49240   0.00027 0.16232   0.492 
0.59496  81826       0.49156 0.49156 0.49156   0.00027 0.16268   0.492 
0.59596  81624       0.49074 0.49074 0.49074   0.00027 0.16302   0.491 
0.59696  81422       0.48991 0.48991 0.48991   0.00027 0.16338   0.490 
0.59796  81220       0.48908 0.48908 0.48908   0.00027 0.16373   0.489 
0.59896  81018       0.48823 0.48823 0.48823   0.00027 0.16410   0.488 
0.59996  80816       0.48738 0.48738 0.48738   0.00027 0.16446   0.487 
0.60096  80614       0.48653 0.48653 0.48653   0.00027 0.16482   0.487 
0.60196  80412       0.48568 0.48568 0.48568   0.00027 0.16519   0.486 
0.60296  80210       0.48482 0.48482 0.48482   0.00027 0.16556   0.485 
0.60396  80008       0.48397 0.48397 0.48397   0.00027 0.16592   0.484 
0.60496  79806       0.48312 0.48312 0.48312   0.00027 0.16629   0.483 
0.60596  79604       0.48226 0.48226 0.48226   0.00027 0.16666   0.482 
0.60696  79402       0.48140 0.48140 0.48140   0.00027 0.16703   0.481 
0.60796  79200       0.48054 0.48054 0.48054   0.00027 0.16741   0.481 
0.60896  78998       0.47968 0.47968 0.47968   0.00028 0.16778   0.480 
0.60996  78796       0.47883 0.47883 0.47883   0.00028 0.16815   0.479 
0.61096  78594       0.47797 0.47797 0.47797   0.00028 0.16852   0.478 
0.61196  78392       0.47711 0.47711 0.47711   0.00028 0.16890   0.477 
0.61296  78190       0.47626 0.47626 0.47626   0.00028 0.16927   0.476 
0.61396  77988       0.47559 0.47559 0.47559   0.00028 0.16956   0.476 
0.61496  77786       0.47484 0.47484 0.47484   0.00028 0.16989   0.475 
0.61595  77584       0.47403 0.47403 0.47403   0.00028 0.17024   0.474 
0.61695  77382       0.47318 0.47318 0.47318   0.00028 0.17061   0.473 
0.61795  77180       0.47232 0.47232 0.47232   0.00028 0.17099   0.472 
0.61895  76978       0.47146 0.47146 0.47146   0.00028 0.17137   0.471 
0.61995  76776       0.47059 0.47059 0.47059   0.00028 0.17175   0.471 
0.62095  76574       0.46972 0.46972 0.46972   0.00028 0.17214   0.470 
0.62195  76372       0.46884 0.46884 0.46884   0.00028 0.17252   0.469 
0.62295  76170       0.46796 0.46796 0.46796   0.00028 0.17291   0.468 
0.62395  75968       0.46708 0.46708 0.46708   0.00028 0.17330   0.467 
0.62495  75766       0.46620 0.46620 0.46620   0.00028 0.17369   0.466 
0.62595  75564       0.46533 0.46533 0.46533   0.00028 0.17407   0.465 
0.62695  75362       0.46450 0.46450 0.46450   0.00028 0.17445   0.464 
0.62795  75160       0.46365 0.46365 0.46365   0.00028 0.17482   0.464 
0.62895  74958       0.46276 0.46276 0.46276   0.00028 0.17522   0.463 
0.62995  74756       0.46188 0.46188 0.46188   0.00028 0.17561   0.462 
0.63095  74554       0.46100 0.46100 0.46100   0.00028 0.17600   0.461 
0.63195  74352       0.46012 0.46012 0.46012   0.00028 0.17640   0.460 
0.63295  74150       0.45924 0.45924 0.45924   0.00028 0.17679   0.459 
0.63395  73948       0.45835 0.45835 0.45835   0.00028 0.17719   0.458 
0.63495  73746       0.45746 0.45746 0.45746   0.00028 0.17759   0.457 
0.63595  73544       0.45657 0.45657 0.45657   0.00028 0.17799   0.457 
0.63695  73342       0.45568 0.45568 0.45568   0.00028 0.17839   0.456 
0.63795  73140       0.45478 0.45478 0.45478   0.00028 0.17880   0.455 
0.63895  72938       0.45389 0.45389 0.45389   0.00028 0.17920   0.454 
0.63995  72736       0.45300 0.45300 0.45300   0.00028 0.17960   0.453 
0.64095  72534       0.45212 0.45212 0.45212   0.00028 0.18000   0.452 
0.64195  72332       0.45122 0.45122 0.45122   0.00028 0.18041   0.451 
0.64295  72130       0.45031 0.45031 0.45031   0.00028 0.18082   0.450 
0.64395  71928       0.44941 0.44941 0.44941   0.00028 0.18123   0.449 
0.64495  71726       0.44850 0.44850 0.44850   0.00028 0.18165   0.449 
0.64595  71524       0.44760 0.44760 0.44760   0.00028 0.18206   0.448 
0.64695  71322       0.44669 0.44669 0.44669   0.00028 0.18247   0.447 
0.64795  71120       0.44578 0.44578 0.44578   0.00028 0.18289   0.446 
0.64895  70918       0.44488 0.44488 0.44488   0.00028 0.18331   0.445 
0.64995  70716       0.44398 0.44398 0.44398   0.00028 0.18372   0.444 
0.65095  70514       0.44307 0.44307 0.44307   0.00028 0.18414   0.443 
0.65195  70312       0.44215 0.44215 0.44215   0.00028 0.18456   0.442 
0.65295  70110       0.44126 0.44126 0.44126   0.00028 0.18497   0.441 
0.65395  69908       0.44034 0.44034 0.44034   0.00028 0.18540   0.440 
0.65495  69706       0.43943 0.43943 0.43943   0.00028 0.18582   0.439 
0.65595  69504       0.43850 0.43850 0.43850   0.00028 0.18625   0.439 
0.65695  69302       0.43759 0.43759 0.43759   0.00028 0.18667   0.438 
0.65795  69100       0.43668 0.43668 0.43668   0.00028 0.18710   0.437 
0.65895  68898       0.43576 0.43576 0.43576   0.00028 0.18752   0.436 
0.65995  68696       0.43483 0.43483 0.43483   0.00028 0.18795   0.435 
0.66095  68494       0.43390 0.43390 0.43390   0.00028 0.18839   0.434 
0.66195  68292       0.43297 0.43297 0.43297   0.00028 0.18882   0.433 
0.66295  68090       0.43205 0.43205 0.43205   0.00029 0.18926   0.432 
0.66395  67888       0.43111 0.43111 0.43111   0.00029 0.18970   0.431 
0.66495  67686       0.43018 0.43018 0.43018   0.00029 0.19014   0.430 
0.66595  67484       0.42925 0.42925 0.42925   0.00029 0.19058   0.429 
0.66695  67282       0.42832 0.42832 0.42832   0.00029 0.19101   0.428 
0.66795  67080       0.42738 0.42738 0.42738   0.00029 0.19145   0.427 
0.66895  66878       0.42644 0.42644 0.42644   0.00029 0.19190   0.426 
0.66995  66676       0.42552 0.42552 0.42552   0.00029 0.19234   0.426 
0.67095  66474       0.42458 0.42458 0.42458   0.00029 0.19279   0.425 
0.67195  66272       0.42364 0.42364 0.42364   0.00029 0.19323   0.424 
0.67295  66070       0.42271 0.42271 0.42271   0.00029 0.19368   0.423 
0.67395  65868       0.42177 0.42177 0.42177   0.00029 0.19412   0.422 
0.67495  65666       0.42082 0.42082 0.42082   0.00029 0.19458   0.421 
0.67595  65464       0.41988 0.41988 0.41988   0.00029 0.19503   0.420 
0.67695  65262       0.41893 0.41893 0.41893   0.00029 0.19548   0.419 
0.67795  65060       0.41798 0.41798 0.41798   0.00029 0.19594   0.418 
0.67895  64858       0.41702 0.41702 0.41702   0.00029 0.19640   0.417 
0.67995  64656       0.41606 0.41606 0.41606   0.00029 0.19686   0.416 
0.68095  64454       0.41512 0.41512 0.41512   0.00029 0.19732   0.415 
0.68195  64252       0.41416 0.41416 0.41416   0.00029 0.19778   0.414 
0.68295  64050       0.41320 0.41320 0.41320   0.00029 0.19825   0.413 
0.68395  63848       0.41226 0.41226 0.41226   0.00029 0.19870   0.412 
0.68495  63646       0.41131 0.41131 0.41131   0.00029 0.19917   0.411 
0.68595  63444       0.41035 0.41035 0.41035   0.00029 0.19963   0.410 
0.68695  63242       0.40939 0.40939 0.40939   0.00029 0.20010   0.409 
0.68795  63040       0.40854 0.40854 0.40854   0.00029 0.20052   0.409 
0.68895  62838       0.40759 0.40759 0.40759   0.00029 0.20099   0.408 
0.68995  62636       0.40661 0.40661 0.40661   0.00029 0.20146   0.407 
0.69095  62434       0.40564 0.40564 0.40564   0.00029 0.20194   0.406 
0.69195  62232       0.40466 0.40466 0.40466   0.00029 0.20242   0.405 
0.69295  62030       0.40369 0.40369 0.40369   0.00029 0.20290   0.404 
0.69395  61828       0.40271 0.40271 0.40271   0.00029 0.20339   0.403 
0.69495  61626       0.40173 0.40173 0.40173   0.00029 0.20387   0.402 
0.69595  61424       0.40075 0.40075 0.40075   0.00029 0.20436   0.401 
0.69695  61222       0.39977 0.39977 0.39977   0.00029 0.20484   0.400 
0.69795  61020       0.39880 0.39880 0.39880   0.00029 0.20533   0.399 
0.69895  60818       0.39782 0.39782 0.39782   0.00029 0.20582   0.398 
0.69995  60616       0.39683 0.39683 0.39683   0.00029 0.20631   0.397 
0.70095  60414       0.39584 0.39584 0.39584   0.00029 0.20681   0.396 
0.70195  60212       0.39485 0.39485 0.39485   0.00029 0.20730   0.395 
0.70295  60010       0.39387 0.39387 0.39387   0.00030 0.20779   0.394 
0.70395  59808       0.39287 0.39287 0.39287   0.00030 0.20830   0.393 
0.70495  59606       0.39188 0.39188 0.39188   0.00030 0.20880   0.392 
0.70595  59404       0.39088 0.39088 0.39088   0.00030 0.20930   0.391 
0.70695  59202       0.38988 0.38988 0.38988   0.00030 0.20981   0.390 
0.70795  59000       0.38893 0.38893 0.38893   0.00030 0.21029   0.389 
0.70895  58798       0.38796 0.38796 0.38796   0.00030 0.21078   0.388 
0.70995  58596       0.38706 0.38706 0.38706   0.00030 0.21124   0.387 
0.71095  58394       0.38607 0.38607 0.38607   0.00030 0.21174   0.386 
0.71195  58192       0.38507 0.38507 0.38507   0.00030 0.21226   0.385 
0.71295  57990       0.38406 0.38406 0.38406   0.00030 0.21277   0.384 
0.71395  57788       0.38305 0.38305 0.38305   0.00030 0.21329   0.383 
0.71495  57586       0.38206 0.38206 0.38206   0.00030 0.21380   0.382 
0.71595  57384       0.38106 0.38106 0.38106   0.00030 0.21431   0.381 
0.71695  57182       0.38017 0.38017 0.38017   0.00030 0.21478   0.380 
0.71795  56980       0.37916 0.37916 0.37916   0.00030 0.21529   0.379 
0.71895  56778       0.37815 0.37815 0.37815   0.00030 0.21582   0.378 
0.71995  56576       0.37714 0.37714 0.37714   0.00030 0.21635   0.377 
0.72095  56374       0.37613 0.37613 0.37613   0.00030 0.21687   0.376 
0.72195  56172       0.37511 0.37511 0.37511   0.00030 0.21740   0.375 
0.72295  55970       0.37410 0.37410 0.37410   0.00030 0.21793   0.374 
0.72395  55768       0.37308 0.37308 0.37308   0.00030 0.21846   0.373 
0.72495  55566       0.37205 0.37205 0.37205   0.00030 0.21900   0.372 
0.72595  55364       0.37111 0.37111 0.37111   0.00030 0.21950   0.371 
0.72695  55162       0.37009 0.37009 0.37009   0.00030 0.22003   0.370 
0.72795  54960       0.36906 0.36906 0.36906   0.00030 0.22058   0.369 
0.72894  54758       0.36803 0.36803 0.36803   0.00030 0.22112   0.368 
0.72994  54556       0.36701 0.36701 0.36701   0.00030 0.22166   0.367 
0.73094  54354       0.36598 0.36598 0.36598   0.00030 0.22221   0.366 
0.73194  54152       0.36497 0.36497 0.36497   0.00030 0.22274   0.365 
0.73294  53950       0.36398 0.36398 0.36398   0.00030 0.22327   0.364 
0.73394  53748       0.36293 0.36293 0.36293   0.00030 0.22383   0.363 
0.73494  53546       0.36190 0.36190 0.36190   0.00030 0.22438   0.362 
0.73594  53344       0.36086 0.36086 0.36086   0.00031 0.22494   0.361 
0.73694  53142       0.35982 0.35982 0.35982   0.00031 0.22550   0.360 
0.73794  52940       0.35878 0.35878 0.35878   0.00031 0.22606   0.359 
0.73894  52738       0.35772 0.35772 0.35772   0.00031 0.22663   0.358 
0.73994  52536       0.35668 0.35668 0.35668   0.00031 0.22719   0.357 
0.74094  52334       0.35565 0.35565 0.35565   0.00031 0.22775   0.356 
0.74194  52132       0.35509 0.35509 0.35509   0.00031 0.22806   0.355 
0.74294  51930       0.35438 0.35438 0.35438   0.00031 0.22844   0.354 
0.74394  51728       0.35357 0.35357 0.35357   0.00031 0.22888   0.354 
0.74494  51526       0.35271 0.35271 0.35271   0.00031 0.22935   0.353 
0.74594  51324       0.35183 0.35183 0.35183   0.00031 0.22984   0.352 
0.74694  51122       0.35089 0.35089 0.35089   0.00031 0.23035   0.351 
0.74794  50920       0.34992 0.34992 0.34992   0.00031 0.23089   0.350 
0.74894  50718       0.34887 0.34887 0.34887   0.00031 0.23146   0.349 
0.74994  50516       0.34782 0.34782 0.34782   0.00031 0.23204   0.348 
0.75094  50314       0.34676 0.34676 0.34676   0.00031 0.23263   0.347 
0.75194  50112       0.34570 0.34570 0.34570   0.00031 0.23321   0.346 
0.75294  49910       0.34464 0.34464 0.34464   0.00031 0.23380   0.345 
0.75394  49708       0.34357 0.34357 0.34357   0.00031 0.23439   0.344 
0.75494  49506       0.34253 0.34253 0.34253   0.00031 0.23497   0.343 
0.75594  49304       0.34147 0.34147 0.34147   0.00031 0.23557   0.341 
0.75694  49102       0.34040 0.34040 0.34040   0.00031 0.23617   0.340 
0.75794  48900       0.33934 0.33934 0.33934   0.00031 0.23677   0.339 
0.75894  48698       0.33827 0.33827 0.33827   0.00031 0.23737   0.338 
0.75994  48496       0.33719 0.33719 0.33719   0.00031 0.23797   0.337 
0.76094  48294       0.33613 0.33613 0.33613   0.00031 0.23858   0.336 
0.76194  48092       0.33505 0.33505 0.33505   0.00031 0.23919   0.335 
0.76294  47890       0.33397 0.33397 0.33397   0.00031 0.23980   0.334 
0.76394  47688       0.33290 0.33290 0.33290   0.00031 0.24041   0.333 
0.76494  47486       0.33181 0.33181 0.33181   0.00031 0.24104   0.332 
0.76594  47284       0.33071 0.33071 0.33071   0.00032 0.24166   0.331 
0.76694  47082       0.32963 0.32963 0.32963   0.00032 0.24229   0.330 
0.76794  46880       0.32855 0.32855 0.32855   0.00032 0.24291   0.329 
0.76894  46678       0.32746 0.32746 0.32746   0.00032 0.24354   0.327 
0.76994  46476       0.32641 0.32641 0.32641   0.00032 0.24414   0.326 
0.77094  46274       0.32532 0.32532 0.32532   0.00032 0.24477   0.325 
0.77194  46072       0.32425 0.32425 0.32425   0.00032 0.24540   0.324 
0.77294  45870       0.32316 0.32316 0.32316   0.00032 0.24603   0.323 
0.77394  45668       0.32205 0.32205 0.32205   0.00032 0.24668   0.322 
0.77494  45466       0.32096 0.32096 0.32096   0.00032 0.24731   0.321 
0.77594  45264       0.31986 0.31986 0.31986   0.00032 0.24796   0.320 
0.77694  45062       0.31876 0.31876 0.31876   0.00032 0.24861   0.319 
0.77794  44860       0.31765 0.31765 0.31765   0.00032 0.24927   0.318 
0.77894  44658       0.31654 0.31654 0.31654   0.00032 0.24992   0.317 
0.77994  44456       0.31544 0.31544 0.31544   0.00032 0.25058   0.315 
0.78094  44254       0.31436 0.31436 0.31436   0.00032 0.25122   0.314 
0.78194  44052       0.31325 0.31325 0.31325   0.00032 0.25188   0.313 
0.78294  43850       0.31220 0.31220 0.31220   0.00032 0.25251   0.312 
0.78394  43648       0.31109 0.31109 0.31109   0.00032 0.25317   0.311 
0.78494  43446       0.30997 0.30997 0.30997   0.00032 0.25384   0.310 
0.78594  43244       0.30885 0.30885 0.30885   0.00032 0.25452   0.309 
0.78694  43042       0.30774 0.30774 0.30774   0.00032 0.25519   0.308 
0.78794  42840       0.30662 0.30662 0.30662   0.00032 0.25587   0.307 
0.78894  42638       0.30550 0.30550 0.30550   0.00032 0.25655   0.305 
0.78994  42436       0.30440 0.30440 0.30440   0.00033 0.25722   0.304 
0.79094  42234       0.30326 0.30326 0.30326   0.00033 0.25792   0.303 
0.79194  42032       0.30214 0.30214 0.30214   0.00033 0.25860   0.302 
0.79294  41830       0.30100 0.30100 0.30100   0.00033 0.25930   0.301 
0.79394  41628       0.29987 0.29987 0.29987   0.00033 0.25999   0.300 
0.79494  41426       0.29874 0.29874 0.29874   0.00033 0.26069   0.299 
0.79594  41224       0.29760 0.29760 0.29760   0.00033 0.26140   0.298 
0.79694  41022       0.29648 0.29648 0.29648   0.00033 0.26209   0.296 
0.79794  40820       0.29534 0.29534 0.29534   0.00033 0.26281   0.295 
0.79894  40618       0.29420 0.29420 0.29420   0.00033 0.26352   0.294 
0.79994  40416       0.29304 0.29304 0.29304   0.00033 0.26425   0.293 
0.80094  40214       0.29189 0.29189 0.29189   0.00033 0.26497   0.292 
0.80194  40012       0.29072 0.29072 0.29072   0.00033 0.26571   0.291 
0.80294  39810       0.28957 0.28957 0.28957   0.00033 0.26643   0.290 
0.80394  39608       0.28842 0.28842 0.28842   0.00033 0.26716   0.288 
0.80494  39406       0.28728 0.28728 0.28728   0.00033 0.26789   0.287 
0.80594  39204       0.28612 0.28612 0.28612   0.00033 0.26863   0.286 
0.80694  39002       0.28495 0.28495 0.28495   0.00033 0.26938   0.285 
0.80794  38800       0.28378 0.28378 0.28378   0.00033 0.27013   0.284 
0.80894  38598       0.28262 0.28262 0.28262   0.00033 0.27088   0.283 
0.80994  38396       0.28144 0.28144 0.28144   0.00033 0.27164   0.281 
0.81094  38194       0.28028 0.28028 0.28028   0.00034 0.27239   0.280 
0.81194  37992       0.27911 0.27911 0.27911   0.00034 0.27315   0.279 
0.81294  37790       0.27794 0.27794 0.27794   0.00034 0.27392   0.278 
0.81394  37588       0.27676 0.27676 0.27676   0.00034 0.27469   0.277 
0.81494  37386       0.27560 0.27560 0.27560   0.00034 0.27545   0.276 
0.81594  37184       0.27441 0.27441 0.27441   0.00034 0.27623   0.274 
0.81694  36982       0.27323 0.27323 0.27323   0.00034 0.27701   0.273 
0.81794  36780       0.27205 0.27205 0.27205   0.00034 0.27779   0.272 
0.81894  36578       0.27087 0.27087 0.27087   0.00034 0.27858   0.271 
0.81994  36376       0.26967 0.26967 0.26967   0.00034 0.27937   0.270 
0.82094  36174       0.26848 0.26848 0.26848   0.00034 0.28017   0.268 
0.82194  35972       0.26728 0.26728 0.26728   0.00034 0.28098   0.267 
0.82294  35770       0.26607 0.26607 0.26607   0.00034 0.28179   0.266 
0.82394  35568       0.26487 0.26487 0.26487   0.00034 0.28261   0.265 
0.82494  35366       0.26367 0.26367 0.26367   0.00034 0.28342   0.264 
0.82594  35164       0.26247 0.26247 0.26247   0.00034 0.28424   0.262 
0.82694  34962       0.26126 0.26126 0.26126   0.00034 0.28506   0.261 
0.82794  34760       0.26004 0.26004 0.26004   0.00034 0.28590   0.260 
0.82894  34558       0.25882 0.25882 0.25882   0.00035 0.28674   0.259 
0.82994  34356       0.25761 0.25761 0.25761   0.00035 0.28757   0.258 
0.83094  34154       0.25646 0.25646 0.25646   0.00035 0.28837   0.256 
0.83194  33952       0.25525 0.25525 0.25525   0.00035 0.28921   0.255 
0.83294  33750       0.25403 0.25403 0.25403   0.00035 0.29006   0.254 
0.83394  33548       0.25281 0.25281 0.25281   0.00035 0.29092   0.253 
0.83494  33346       0.25157 0.25157 0.25157   0.00035 0.29179   0.252 
0.83594  33144       0.25033 0.25033 0.25033   0.00035 0.29266   0.250 
0.83694  32942       0.24909 0.24909 0.24909   0.00035 0.29354   0.249 
0.83794  32740       0.24786 0.24786 0.24786   0.00035 0.29441   0.248 
0.83894  32538       0.24661 0.24661 0.24661   0.00035 0.29530   0.247 
0.83994  32336       0.24536 0.24536 0.24536   0.00035 0.29620   0.245 
0.84093  32134       0.24411 0.24411 0.24411   0.00035 0.29710   0.244 
0.84193  31932       0.24291 0.24291 0.24291   0.00035 0.29796   0.243 
0.84293  31730       0.24167 0.24167 0.24167   0.00035 0.29886   0.242 
0.84393  31528       0.24043 0.24043 0.24043   0.00035 0.29976   0.240 
0.84493  31326       0.23917 0.23917 0.23917   0.00036 0.30068   0.239 
0.84593  31124       0.23793 0.23793 0.23793   0.00036 0.30159   0.238 
0.84693  30922       0.23667 0.23667 0.23667   0.00036 0.30252   0.237 
0.84793  30720       0.23539 0.23539 0.23539   0.00036 0.30346   0.235 
0.84893  30518       0.23412 0.23412 0.23412   0.00036 0.30440   0.234 
0.84993  30316       0.23284 0.23284 0.23284   0.00036 0.30535   0.233 
0.85093  30114       0.23157 0.23157 0.23157   0.00036 0.30630   0.232 
0.85193  29912       0.23029 0.23029 0.23029   0.00036 0.30726   0.230 
0.85293  29710       0.22901 0.22901 0.22901   0.00036 0.30823   0.229 
0.85393  29508       0.22772 0.22772 0.22772   0.00036 0.30920   0.228 
0.85493  29306       0.22644 0.22644 0.22644   0.00036 0.31018   0.226 
0.85593  29104       0.22516 0.22516 0.22516   0.00036 0.31115   0.225 
0.85693  28902       0.22388 0.22388 0.22388   0.00036 0.31214   0.224 
0.85793  28700       0.22258 0.22258 0.22258   0.00036 0.31313   0.223 
0.85893  28498       0.22130 0.22130 0.22130   0.00037 0.31413   0.221 
0.85993  28296       0.22000 0.22000 0.22000   0.00037 0.31514   0.220 
0.86093  28094       0.21870 0.21870 0.21870   0.00037 0.31615   0.219 
0.86193  27892       0.21739 0.21739 0.21739   0.00037 0.31718   0.217 
0.86293  27690       0.21608 0.21608 0.21608   0.00037 0.31820   0.216 
0.86393  27488       0.21480 0.21480 0.21480   0.00037 0.31922   0.215 
0.86493  27286       0.21349 0.21349 0.21349   0.00037 0.32026   0.213 
0.86593  27084       0.21219 0.21219 0.21219   0.00037 0.32129   0.212 
0.86693  26882       0.21088 0.21088 0.21088   0.00037 0.32234   0.211 
0.86793  26680       0.20956 0.20956 0.20956   0.00037 0.32340   0.210 
0.86893  26478       0.20826 0.20826 0.20826   0.00037 0.32446   0.208 
0.86993  26276       0.20693 0.20693 0.20693   0.00037 0.32554   0.207 
0.87093  26074       0.20563 0.20563 0.20563   0.00037 0.32660   0.206 
0.87193  25872       0.20431 0.20431 0.20431   0.00038 0.32769   0.204 
0.87293  25670       0.20304 0.20304 0.20304   0.00038 0.32873   0.203 
0.87393  25468       0.20172 0.20172 0.20172   0.00038 0.32983   0.202 
0.87493  25266       0.20038 0.20038 0.20038   0.00038 0.33094   0.200 
0.87593  25064       0.19903 0.19903 0.19903   0.00038 0.33207   0.199 
0.87693  24862       0.19768 0.19768 0.19768   0.00038 0.33320   0.198 
0.87793  24660       0.19639 0.19639 0.19639   0.00038 0.33430   0.196 
0.87893  24458       0.19503 0.19503 0.19503   0.00038 0.33545   0.195 
0.87993  24256       0.19370 0.19370 0.19370   0.00038 0.33659   0.194 
0.88093  24054       0.19235 0.19235 0.19235   0.00038 0.33775   0.192 
0.88193  23852       0.19099 0.19099 0.19099   0.00038 0.33892   0.191 
0.88293  23650       0.18963 0.18963 0.18963   0.00038 0.34010   0.190 
0.88393  23448       0.18827 0.18827 0.18827   0.00039 0.34129   0.188 
0.88493  23246       0.18692 0.18692 0.18692   0.00039 0.34247   0.187 
0.88593  23044       0.18555 0.18555 0.18555   0.00039 0.34368   0.186 
0.88693  22842       0.18426 0.18426 0.18426   0.00039 0.34483   0.184 
0.88793  22640       0.18292 0.18292 0.18292   0.00039 0.34602   0.183 
0.88893  22438       0.18155 0.18155 0.18155   0.00039 0.34725   0.182 
0.88993  22236       0.18017 0.18017 0.18017   0.00039 0.34849   0.180 
0.89093  22034       0.17879 0.17879 0.17879   0.00039 0.34974   0.179 
0.89193  21832       0.17741 0.17741 0.17741   0.00039 0.35100   0.177 
0.89293  21630       0.17603 0.17603 0.17603   0.00039 0.35227   0.176 
0.89393  21428       0.17465 0.17465 0.17465   0.00040 0.35354   0.175 
0.89493  21226       0.17331 0.17331 0.17331   0.00040 0.35478   0.173 
0.89593  21024       0.17193 0.17193 0.17193   0.00040 0.35608   0.172 
0.89693  20822       0.17053 0.17053 0.17053   0.00040 0.35739   0.171 
0.89793  20620       0.16912 0.16912 0.16912   0.00040 0.35871   0.169 
0.89893  20418       0.16774 0.16774 0.16774   0.00040 0.36003   0.168 
0.89993  20216       0.16634 0.16634 0.16634   0.00040 0.36137   0.166 
0.90093  20014       0.16492 0.16492 0.16492   0.00040 0.36273   0.165 
0.90193  19812       0.16352 0.16352 0.16352   0.00040 0.36410   0.164 
0.90293  19610       0.16210 0.16210 0.16210   0.00040 0.36548   0.162 
0.90393  19408       0.16068 0.16068 0.16068   0.00041 0.36687   0.161 
0.90493  19206       0.15927 0.15927 0.15927   0.00041 0.36827   0.159 
0.90593  19004       0.15783 0.15783 0.15783   0.00041 0.36970   0.158 
0.90693  18802       0.15640 0.15640 0.15640   0.00041 0.37113   0.156 
0.90793  18600       0.15497 0.15497 0.15497   0.00041 0.37258   0.155 
0.90893  18398       0.15354 0.15354 0.15354   0.00041 0.37403   0.154 
0.90993  18196       0.15210 0.15210 0.15210   0.00041 0.37550   0.152 
0.91093  17994       0.15065 0.15065 0.15065   0.00041 0.37699   0.151 
0.91193  17792       0.14920 0.14920 0.14920   0.00041 0.37850   0.149 
0.91293  17590       0.14774 0.14774 0.14774   0.00042 0.38003   0.148 
0.91393  17388       0.14629 0.14629 0.14629   0.00042 0.38155   0.146 
0.91493  17186       0.14483 0.14483 0.14483   0.00042 0.38310   0.145 
0.91593  16984       0.14337 0.14337 0.14337   0.00042 0.38467   0.143 
0.91693  16782       0.14190 0.14190 0.14190   0.00042 0.38625   0.142 
0.91793  16580       0.14043 0.14043 0.14043   0.00042 0.38784   0.140 
0.91893  16378       0.13896 0.13896 0.13896   0.00042 0.38945   0.139 
0.91993  16176       0.13748 0.13748 0.13748   0.00042 0.39108   0.137 
0.92093  15974       0.13601 0.13601 0.13601   0.00043 0.39272   0.136 
0.92193  15772       0.13452 0.13452 0.13452   0.00043 0.39438   0.135 
0.92293  15570       0.13304 0.13304 0.13304   0.00043 0.39606   0.133 
0.92393  15368       0.13155 0.13155 0.13155   0.00043 0.39775   0.132 
0.92493  15166       0.13008 0.13008 0.13008   0.00043 0.39944   0.130 
0.92593  14964       0.12858 0.12858 0.12858   0.00043 0.40118   0.129 
0.92693  14762       0.12710 0.12710 0.12710   0.00043 0.40291   0.127 
0.92793  14560       0.12560 0.12560 0.12560   0.00044 0.40468   0.126 
0.92893  14358       0.12410 0.12410 0.12410   0.00044 0.40647   0.124 
0.92993  14156       0.12260 0.12260 0.12260   0.00044 0.40827   0.123 
0.93093  13954       0.12108 0.12108 0.12108   0.00044 0.41012   0.121 
0.93193  13752       0.11956 0.11956 0.11956   0.00044 0.41198   0.120 
0.93293  13550       0.11802 0.11802 0.11802   0.00044 0.41387   0.118 
0.93393  13348       0.11650 0.11650 0.11650   0.00044 0.41578   0.116 
0.93493  13146       0.11499 0.11499 0.11499   0.00045 0.41768   0.115 
0.93593  12944       0.11345 0.11345 0.11345   0.00045 0.41964   0.113 
0.93693  12742       0.11191 0.11191 0.11191   0.00045 0.42161   0.112 
0.93793  12540       0.11038 0.11038 0.11038   0.00045 0.42360   0.110 
0.93893  12338       0.10887 0.10887 0.10887   0.00045 0.42559   0.109 
0.93993  12136       0.10732 0.10732 0.10732   0.00045 0.42764   0.107 
0.94093  11934       0.10575 0.10575 0.10575   0.00046 0.42975   0.106 
0.94193  11732       0.10418 0.10418 0.10418   0.00046 0.43187   0.104 
0.94293  11530       0.10261 0.10261 0.10261   0.00046 0.43402   0.103 
0.94393  11328       0.10104 0.10104 0.10104   0.00046 0.43621   0.101 
0.94493  11126       0.09946 0.09946 0.09946   0.00046 0.43842   0.099 
0.94593  10924       0.09788 0.09788 0.09788   0.00047 0.44067   0.098 
0.94693  10722       0.09629 0.09629 0.09629   0.00047 0.44294   0.096 
0.94793  10520       0.09470 0.09470 0.09470   0.00047 0.44526   0.095 
0.94893  10318       0.09310 0.09310 0.09310   0.00047 0.44762   0.093 
0.94993  10116       0.09150 0.09150 0.09150   0.00047 0.45000   0.092 
0.95093  9914        0.08990 0.08990 0.08990   0.00048 0.45243   0.090 
0.95193  9712        0.08829 0.08829 0.08829   0.00048 0.45490   0.088 
0.95292  9510        0.08667 0.08667 0.08667   0.00048 0.45742   0.087 
0.95392  9308        0.08507 0.08507 0.08507   0.00048 0.45994   0.085 
0.95492  9106        0.08344 0.08344 0.08344   0.00048 0.46255   0.083 
0.95592  8904        0.08180 0.08180 0.08180   0.00049 0.46520   0.082 
0.95692  8702        0.08016 0.08016 0.08016   0.00049 0.46790   0.080 
0.95792  8500        0.07852 0.07852 0.07852   0.00049 0.47065   0.079 
0.95892  8298        0.07687 0.07687 0.07687   0.00049 0.47345   0.077 
0.95992  8096        0.07521 0.07521 0.07521   0.00050 0.47632   0.075 
0.96092  7894        0.07354 0.07354 0.07354   0.00050 0.47924   0.074 
0.96192  7692        0.07190 0.07190 0.07190   0.00050 0.48217   0.072 
0.96292  7490        0.07022 0.07022 0.07022   0.00050 0.48522   0.070 
0.96392  7288        0.06853 0.06853 0.06853   0.00051 0.48835   0.069 
0.96492  7086        0.06685 0.06685 0.06685   0.00051 0.49152   0.067 
0.96592  6884        0.06516 0.06516 0.06516   0.00051 0.49477   0.065 
0.96692  6682        0.06345 0.06345 0.06345   0.00051 0.49811   0.063 
0.96792  6480        0.06173 0.06173 0.06173   0.00052 0.50154   0.062 
0.96892  6278        0.06001 0.06001 0.06001   0.00052 0.50505   0.060 
0.96992  6076        0.05829 0.05829 0.05829   0.00052 0.50864   0.058 
0.97092  5874        0.05656 0.05656 0.05656   0.00053 0.51233   0.057 
0.97192  5672        0.05482 0.05482 0.05482   0.00053 0.51612   0.055 
0.97292  5470        0.05308 0.05308 0.05308   0.00053 0.52001   0.053 
0.97392  5268        0.05132 0.05132 0.05132   0.00054 0.52403   0.051 
0.97492  5066        0.04955 0.04955 0.04955   0.00054 0.52819   0.050 
0.97592  4864        0.04778 0.04778 0.04778   0.00054 0.53246   0.048 
0.97692  4662        0.04600 0.04600 0.04600   0.00055 0.53688   0.046 
0.97792  4460        0.04420 0.04420 0.04420   0.00055 0.54148   0.044 
0.97892  4258        0.04240 0.04240 0.04240   0.00056 0.54622   0.042 
0.97992  4056        0.04058 0.04058 0.04058   0.00056 0.55116   0.041 
0.98092  3854        0.03876 0.03876 0.03876   0.00057 0.55629   0.039 
0.98192  3652        0.03693 0.03693 0.03693   0.00057 0.56161   0.037 
0.98292  3450        0.03508 0.03508 0.03508   0.00058 0.56721   0.035 
0.98392  3248        0.03322 0.03322 0.03322   0.00058 0.57307   0.033 
0.98492  3046        0.03135 0.03135 0.03135   0.00059 0.57922   0.031 
0.98592  2844        0.02946 0.02946 0.02946   0.00059 0.58571   0.029 
0.98692  2642        0.02756 0.02756 0.02756   0.00060 0.59256   0.028 
0.98792  2440        0.02564 0.02564 0.02564   0.00061 0.59984   0.026 
0.98892  2238        0.02371 0.02371 0.02371   0.00061 0.60761   0.024 
0.98992  2036        0.02175 0.02175 0.02175   0.00062 0.61597   0.022 
0.99092  1834        0.01978 0.01978 0.01978   0.00063 0.62498   0.020 
0.99192  1632        0.01778 0.01778 0.01778   0.00064 0.63485   0.018 
0.99292  1430        0.01575 0.01575 0.01575   0.00065 0.64577   0.016 
0.99392  1228        0.01368 0.01368 0.01368   0.00066 0.65798   0.014 
0.99492  1026        0.01158 0.01158 0.01158   0.00067 0.67193   0.012 
0.99592  824         0.00946 0.00946 0.00946   0.00069 0.68811   0.009 
0.99692  622         0.00726 0.00726 0.00726   0.00071 0.70806   0.007 
0.99792  420         0.00502 0.00502 0.00502   0.00073 0.73387   0.005 
0.99892  218         0.00268 0.00268 0.00268   0.00077 0.77248   0.003 
0.99992  16          0.00021 0.00021 0.00021   0.00088 0.87945   0.000 
1.00000  0           0.00000 0.00000 0.00000   0.00100 1.00000   0.000 
