F-lost	   TF_cost	min-1	mean-1	max-1	w-mean-1	ext2-1	
0.0000	2.0202e+005	0.7590	0.7590	0.7590	0.7590	0.0666	
0.0010	2.0181e+005	0.7590	0.7590	0.7590	0.7590	0.0666	
0.0020	2.0161e+005	0.7590	0.7590	0.7590	0.7590	0.0666	
0.0030	2.0141e+005	0.7590	0.7590	0.7590	0.7590	0.0666	
0.0040	2.0121e+005	0.7590	0.7590	0.7590	0.7590	0.0666	
0.0050	2.0101e+005	0.7589	0.7589	0.7589	0.7589	0.0666	
0.0060	2.008e+005	0.7589	0.7589	0.7589	0.7589	0.0667	
0.0070	2.006e+005	0.7589	0.7589	0.7589	0.7589	0.0667	
0.0080	2.004e+005	0.7588	0.7588	0.7588	0.7588	0.0667	
0.0090	2.002e+005	0.7588	0.7588	0.7588	0.7588	0.0667	
0.0100	2e+005    	0.7587	0.7587	0.7587	0.7587	0.0667	
0.0110	1.9979e+005	0.7587	0.7587	0.7587	0.7587	0.0667	
0.0120	1.9959e+005	0.7586	0.7586	0.7586	0.7586	0.0667	
0.0130	1.9939e+005	0.7585	0.7585	0.7585	0.7585	0.0668	
0.0140	1.9919e+005	0.7585	0.7585	0.7585	0.7585	0.0668	
0.0150	1.9899e+005	0.7584	0.7584	0.7584	0.7584	0.0668	
0.0160	1.9878e+005	0.7583	0.7583	0.7583	0.7583	0.0668	
0.0170	1.9858e+005	0.7582	0.7582	0.7582	0.7582	0.0668	
0.0180	1.9838e+005	0.7582	0.7582	0.7582	0.7582	0.0669	
0.0190	1.9818e+005	0.7581	0.7581	0.7581	0.7581	0.0669	
0.0200	1.9798e+005	0.7580	0.7580	0.7580	0.7580	0.0669	
0.0210	1.9777e+005	0.7579	0.7579	0.7579	0.7579	0.0670	
0.0220	1.9757e+005	0.7578	0.7578	0.7578	0.7578	0.0670	
0.0230	1.9737e+005	0.7577	0.7577	0.7577	0.7577	0.0670	
0.0240	1.9717e+005	0.7576	0.7576	0.7576	0.7576	0.0670	
0.0250	1.9697e+005	0.7575	0.7575	0.7575	0.7575	0.0671	
0.0260	1.9676e+005	0.7574	0.7574	0.7574	0.7574	0.0671	
0.0270	1.9656e+005	0.7573	0.7573	0.7573	0.7573	0.0671	
0.0280	1.9636e+005	0.7572	0.7572	0.7572	0.7572	0.0672	
0.0290	1.9616e+005	0.7571	0.7571	0.7571	0.7571	0.0672	
0.0300	1.9596e+005	0.7570	0.7570	0.7570	0.7570	0.0672	
0.0310	1.9575e+005	0.7569	0.7569	0.7569	0.7569	0.0673	
0.0320	1.9555e+005	0.7568	0.7568	0.7568	0.7568	0.0673	
0.0330	1.9535e+005	0.7566	0.7566	0.7566	0.7566	0.0673	
0.0340	1.9515e+005	0.7565	0.7565	0.7565	0.7565	0.0674	
0.0350	1.9495e+005	0.7564	0.7564	0.7564	0.7564	0.0674	
0.0360	1.9474e+005	0.7563	0.7563	0.7563	0.7563	0.0675	
0.0370	1.9454e+005	0.7562	0.7562	0.7562	0.7562	0.0675	
0.0380	1.9434e+005	0.7560	0.7560	0.7560	0.7560	0.0675	
0.0390	1.9414e+005	0.7559	0.7559	0.7559	0.7559	0.0676	
0.0400	1.9394e+005	0.7558	0.7558	0.7558	0.7558	0.0676	
0.0410	1.9373e+005	0.7556	0.7556	0.7556	0.7556	0.0677	
0.0420	1.9353e+005	0.7555	0.7555	0.7555	0.7555	0.0677	
0.0430	1.9333e+005	0.7553	0.7553	0.7553	0.7553	0.0677	
0.0440	1.9313e+005	0.7552	0.7552	0.7552	0.7552	0.0678	
0.0450	1.9293e+005	0.7550	0.7550	0.7550	0.7550	0.0678	
0.0460	1.9272e+005	0.7549	0.7549	0.7549	0.7549	0.0679	
0.0470	1.9252e+005	0.7548	0.7548	0.7548	0.7548	0.0679	
0.0480	1.9232e+005	0.7546	0.7546	0.7546	0.7546	0.0680	
0.0490	1.9212e+005	0.7544	0.7544	0.7544	0.7544	0.0680	
0.0500	1.9192e+005	0.7543	0.7543	0.7543	0.7543	0.0681	
0.0510	1.9171e+005	0.7541	0.7541	0.7541	0.7541	0.0681	
0.0520	1.9151e+005	0.7540	0.7540	0.7540	0.7540	0.0682	
0.0530	1.9131e+005	0.7538	0.7538	0.7538	0.7538	0.0682	
0.0540	1.9111e+005	0.7536	0.7536	0.7536	0.7536	0.0683	
0.0550	1.9091e+005	0.7535	0.7535	0.7535	0.7535	0.0683	
0.0560	1.907e+005	0.7533	0.7533	0.7533	0.7533	0.0684	
0.0570	1.905e+005	0.7531	0.7531	0.7531	0.7531	0.0684	
0.0580	1.903e+005	0.7529	0.7529	0.7529	0.7529	0.0685	
0.0590	1.901e+005	0.7528	0.7528	0.7528	0.7528	0.0685	
0.0600	1.899e+005	0.7526	0.7526	0.7526	0.7526	0.0686	
0.0610	1.8969e+005	0.7525	0.7525	0.7525	0.7525	0.0686	
0.0620	1.8949e+005	0.7524	0.7524	0.7524	0.7524	0.0687	
0.0630	1.8929e+005	0.7523	0.7523	0.7523	0.7523	0.0687	
0.0640	1.8909e+005	0.7523	0.7523	0.7523	0.7523	0.0687	
0.0650	1.8889e+005	0.7522	0.7522	0.7522	0.7522	0.0687	
0.0660	1.8868e+005	0.7521	0.7521	0.7521	0.7521	0.0687	
0.0670	1.8848e+005	0.7521	0.7521	0.7521	0.7521	0.0688	
0.0680	1.8828e+005	0.7520	0.7520	0.7520	0.7520	0.0688	
0.0690	1.8808e+005	0.7519	0.7519	0.7519	0.7519	0.0688	
0.0700	1.8788e+005	0.7518	0.7518	0.7518	0.7518	0.0689	
0.0710	1.8767e+005	0.7516	0.7516	0.7516	0.7516	0.0689	
0.0720	1.8747e+005	0.7515	0.7515	0.7515	0.7515	0.0689	
0.0730	1.8727e+005	0.7514	0.7514	0.7514	0.7514	0.0690	
0.0740	1.8707e+005	0.7513	0.7513	0.7513	0.7513	0.0690	
0.0750	1.8687e+005	0.7511	0.7511	0.7511	0.7511	0.0690	
0.0760	1.8666e+005	0.7510	0.7510	0.7510	0.7510	0.0691	
0.0770	1.8646e+005	0.7509	0.7509	0.7509	0.7509	0.0691	
0.0780	1.8626e+005	0.7507	0.7507	0.7507	0.7507	0.0692	
0.0790	1.8606e+005	0.7505	0.7505	0.7505	0.7505	0.0692	
0.0800	1.8586e+005	0.7504	0.7504	0.7504	0.7504	0.0693	
0.0810	1.8565e+005	0.7502	0.7502	0.7502	0.7502	0.0693	
0.0820	1.8545e+005	0.7501	0.7501	0.7501	0.7501	0.0694	
0.0830	1.8525e+005	0.7499	0.7499	0.7499	0.7499	0.0694	
0.0840	1.8505e+005	0.7497	0.7497	0.7497	0.7497	0.0695	
0.0850	1.8485e+005	0.7495	0.7495	0.7495	0.7495	0.0695	
0.0860	1.8464e+005	0.7493	0.7493	0.7493	0.7493	0.0696	
0.0870	1.8444e+005	0.7492	0.7492	0.7492	0.7492	0.0697	
0.0880	1.8424e+005	0.7490	0.7490	0.7490	0.7490	0.0697	
0.0890	1.8404e+005	0.7488	0.7488	0.7488	0.7488	0.0698	
0.0900	1.8384e+005	0.7486	0.7486	0.7486	0.7486	0.0698	
0.0910	1.8363e+005	0.7484	0.7484	0.7484	0.7484	0.0699	
0.0920	1.8343e+005	0.7482	0.7482	0.7482	0.7482	0.0700	
0.0930	1.8323e+005	0.7480	0.7480	0.7480	0.7480	0.0700	
0.0940	1.8303e+005	0.7478	0.7478	0.7478	0.7478	0.0701	
0.0950	1.8283e+005	0.7476	0.7476	0.7476	0.7476	0.0701	
0.0960	1.8262e+005	0.7474	0.7474	0.7474	0.7474	0.0702	
0.0970	1.8242e+005	0.7473	0.7473	0.7473	0.7473	0.0702	
0.0980	1.8222e+005	0.7471	0.7471	0.7471	0.7471	0.0703	
0.0990	1.8202e+005	0.7469	0.7469	0.7469	0.7469	0.0704	
0.1000	1.8182e+005	0.7467	0.7467	0.7467	0.7467	0.0704	
0.1010	1.8161e+005	0.7464	0.7464	0.7464	0.7464	0.0705	
0.1020	1.8141e+005	0.7462	0.7462	0.7462	0.7462	0.0706	
0.1030	1.8121e+005	0.7460	0.7460	0.7460	0.7460	0.0706	
0.1040	1.8101e+005	0.7458	0.7458	0.7458	0.7458	0.0707	
0.1050	1.8081e+005	0.7456	0.7456	0.7456	0.7456	0.0708	
0.1060	1.806e+005	0.7454	0.7454	0.7454	0.7454	0.0708	
0.1070	1.804e+005	0.7452	0.7452	0.7452	0.7452	0.0709	
0.1080	1.802e+005	0.7450	0.7450	0.7450	0.7450	0.0710	
0.1090	1.8e+005  	0.7448	0.7448	0.7448	0.7448	0.0710	
0.1100	1.798e+005	0.7446	0.7446	0.7446	0.7446	0.0711	
0.1110	1.7959e+005	0.7443	0.7443	0.7443	0.7443	0.0712	
0.1120	1.7939e+005	0.7441	0.7441	0.7441	0.7441	0.0712	
0.1130	1.7919e+005	0.7439	0.7439	0.7439	0.7439	0.0713	
0.1140	1.7899e+005	0.7437	0.7437	0.7437	0.7437	0.0714	
0.1150	1.7879e+005	0.7435	0.7435	0.7435	0.7435	0.0714	
0.1160	1.7858e+005	0.7432	0.7432	0.7432	0.7432	0.0715	
0.1170	1.7838e+005	0.7430	0.7430	0.7430	0.7430	0.0716	
0.1180	1.7818e+005	0.7428	0.7428	0.7428	0.7428	0.0716	
0.1190	1.7798e+005	0.7426	0.7426	0.7426	0.7426	0.0717	
0.1200	1.7778e+005	0.7423	0.7423	0.7423	0.7423	0.0718	
0.1210	1.7757e+005	0.7421	0.7421	0.7421	0.7421	0.0719	
0.1220	1.7737e+005	0.7419	0.7419	0.7419	0.7419	0.0719	
0.1230	1.7717e+005	0.7416	0.7416	0.7416	0.7416	0.0720	
0.1240	1.7697e+005	0.7414	0.7414	0.7414	0.7414	0.0721	
0.1250	1.7677e+005	0.7412	0.7412	0.7412	0.7412	0.0721	
0.1260	1.7656e+005	0.7409	0.7409	0.7409	0.7409	0.0722	
0.1270	1.7636e+005	0.7407	0.7407	0.7407	0.7407	0.0723	
0.1280	1.7616e+005	0.7404	0.7404	0.7404	0.7404	0.0724	
0.1290	1.7596e+005	0.7402	0.7402	0.7402	0.7402	0.0724	
0.1300	1.7576e+005	0.7400	0.7400	0.7400	0.7400	0.0725	
0.1310	1.7555e+005	0.7397	0.7397	0.7397	0.7397	0.0726	
0.1320	1.7535e+005	0.7395	0.7395	0.7395	0.7395	0.0727	
0.1330	1.7515e+005	0.7392	0.7392	0.7392	0.7392	0.0728	
0.1340	1.7495e+005	0.7390	0.7390	0.7390	0.7390	0.0728	
0.1350	1.7475e+005	0.7387	0.7387	0.7387	0.7387	0.0729	
0.1360	1.7454e+005	0.7385	0.7385	0.7385	0.7385	0.0730	
0.1370	1.7434e+005	0.7382	0.7382	0.7382	0.7382	0.0731	
0.1380	1.7414e+005	0.7379	0.7379	0.7379	0.7379	0.0732	
0.1390	1.7394e+005	0.7377	0.7377	0.7377	0.7377	0.0732	
0.1400	1.7374e+005	0.7374	0.7374	0.7374	0.7374	0.0733	
0.1410	1.7353e+005	0.7372	0.7372	0.7372	0.7372	0.0734	
0.1420	1.7333e+005	0.7369	0.7369	0.7369	0.7369	0.0735	
0.1430	1.7313e+005	0.7367	0.7367	0.7367	0.7367	0.0736	
0.1440	1.7293e+005	0.7364	0.7364	0.7364	0.7364	0.0736	
0.1450	1.7273e+005	0.7361	0.7361	0.7361	0.7361	0.0737	
0.1460	1.7252e+005	0.7359	0.7359	0.7359	0.7359	0.0738	
0.1470	1.7232e+005	0.7356	0.7356	0.7356	0.7356	0.0739	
0.1480	1.7212e+005	0.7353	0.7353	0.7353	0.7353	0.0740	
0.1490	1.7192e+005	0.7351	0.7351	0.7351	0.7351	0.0741	
0.1500	1.7172e+005	0.7348	0.7348	0.7348	0.7348	0.0741	
0.1510	1.7151e+005	0.7345	0.7345	0.7345	0.7345	0.0742	
0.1520	1.7131e+005	0.7343	0.7343	0.7343	0.7343	0.0743	
0.1530	1.7111e+005	0.7340	0.7340	0.7340	0.7340	0.0744	
0.1540	1.7091e+005	0.7337	0.7337	0.7337	0.7337	0.0745	
0.1550	1.7071e+005	0.7334	0.7334	0.7334	0.7334	0.0746	
0.1560	1.705e+005	0.7332	0.7332	0.7332	0.7332	0.0747	
0.1570	1.703e+005	0.7329	0.7329	0.7329	0.7329	0.0748	
0.1580	1.701e+005	0.7326	0.7326	0.7326	0.7326	0.0748	
0.1590	1.699e+005	0.7323	0.7323	0.7323	0.7323	0.0749	
0.1600	1.697e+005	0.7320	0.7320	0.7320	0.7320	0.0750	
0.1610	1.6949e+005	0.7317	0.7317	0.7317	0.7317	0.0751	
0.1620	1.6929e+005	0.7315	0.7315	0.7315	0.7315	0.0752	
0.1630	1.6909e+005	0.7312	0.7312	0.7312	0.7312	0.0753	
0.1640	1.6889e+005	0.7309	0.7309	0.7309	0.7309	0.0754	
0.1650	1.6869e+005	0.7306	0.7306	0.7306	0.7306	0.0755	
0.1660	1.6848e+005	0.7303	0.7303	0.7303	0.7303	0.0756	
0.1670	1.6828e+005	0.7300	0.7300	0.7300	0.7300	0.0757	
0.1680	1.6808e+005	0.7297	0.7297	0.7297	0.7297	0.0758	
0.1690	1.6788e+005	0.7294	0.7294	0.7294	0.7294	0.0758	
0.1700	1.6768e+005	0.7291	0.7291	0.7291	0.7291	0.0759	
0.1710	1.6747e+005	0.7288	0.7288	0.7288	0.7288	0.0760	
0.1720	1.6727e+005	0.7285	0.7285	0.7285	0.7285	0.0761	
0.1730	1.6707e+005	0.7283	0.7283	0.7283	0.7283	0.0762	
0.1740	1.6687e+005	0.7280	0.7280	0.7280	0.7280	0.0763	
0.1750	1.6667e+005	0.7277	0.7277	0.7277	0.7277	0.0764	
0.1760	1.6646e+005	0.7274	0.7274	0.7274	0.7274	0.0765	
0.1770	1.6626e+005	0.7271	0.7271	0.7271	0.7271	0.0766	
0.1780	1.6606e+005	0.7268	0.7268	0.7268	0.7268	0.0767	
0.1790	1.6586e+005	0.7264	0.7264	0.7264	0.7264	0.0768	
0.1800	1.6566e+005	0.7261	0.7261	0.7261	0.7261	0.0769	
0.1810	1.6545e+005	0.7258	0.7258	0.7258	0.7258	0.0770	
0.1820	1.6525e+005	0.7255	0.7255	0.7255	0.7255	0.0771	
0.1830	1.6505e+005	0.7252	0.7252	0.7252	0.7252	0.0772	
0.1840	1.6485e+005	0.7249	0.7249	0.7249	0.7249	0.0773	
0.1850	1.6465e+005	0.7246	0.7246	0.7246	0.7246	0.0774	
0.1860	1.6444e+005	0.7242	0.7242	0.7242	0.7242	0.0775	
0.1870	1.6424e+005	0.7239	0.7239	0.7239	0.7239	0.0776	
0.1880	1.6404e+005	0.7236	0.7236	0.7236	0.7236	0.0777	
0.1890	1.6384e+005	0.7233	0.7233	0.7233	0.7233	0.0778	
0.1900	1.6364e+005	0.7230	0.7230	0.7230	0.7230	0.0779	
0.1910	1.6343e+005	0.7226	0.7226	0.7226	0.7226	0.0780	
0.1920	1.6323e+005	0.7223	0.7223	0.7223	0.7223	0.0781	
0.1930	1.6303e+005	0.7220	0.7220	0.7220	0.7220	0.0782	
0.1940	1.6283e+005	0.7217	0.7217	0.7217	0.7217	0.0783	
0.1950	1.6263e+005	0.7213	0.7213	0.7213	0.7213	0.0784	
0.1960	1.6242e+005	0.7210	0.7210	0.7210	0.7210	0.0785	
0.1970	1.6222e+005	0.7207	0.7207	0.7207	0.7207	0.0786	
0.1980	1.6202e+005	0.7203	0.7203	0.7203	0.7203	0.0787	
0.1990	1.6182e+005	0.7200	0.7200	0.7200	0.7200	0.0788	
0.2000	1.6162e+005	0.7198	0.7198	0.7198	0.7198	0.0789	
0.2010	1.6141e+005	0.7196	0.7196	0.7196	0.7196	0.0790	
0.2020	1.6121e+005	0.7193	0.7193	0.7193	0.7193	0.0791	
0.2030	1.6101e+005	0.7190	0.7190	0.7190	0.7190	0.0792	
0.2040	1.6081e+005	0.7187	0.7187	0.7187	0.7187	0.0793	
0.2050	1.6061e+005	0.7183	0.7183	0.7183	0.7183	0.0794	
0.2060	1.604e+005	0.7181	0.7181	0.7181	0.7181	0.0795	
0.2070	1.602e+005	0.7178	0.7178	0.7178	0.7178	0.0795	
0.2080	1.6e+005  	0.7175	0.7175	0.7175	0.7175	0.0796	
0.2090	1.598e+005	0.7171	0.7171	0.7171	0.7171	0.0798	
0.2100	1.596e+005	0.7168	0.7168	0.7168	0.7168	0.0799	
0.2110	1.5939e+005	0.7165	0.7165	0.7165	0.7165	0.0800	
0.2120	1.5919e+005	0.7161	0.7161	0.7161	0.7161	0.0801	
0.2130	1.5899e+005	0.7158	0.7158	0.7158	0.7158	0.0802	
0.2140	1.5879e+005	0.7154	0.7154	0.7154	0.7154	0.0803	
0.2150	1.5859e+005	0.7151	0.7151	0.7151	0.7151	0.0804	
0.2160	1.5838e+005	0.7148	0.7148	0.7148	0.7148	0.0805	
0.2170	1.5818e+005	0.7144	0.7144	0.7144	0.7144	0.0806	
0.2180	1.5798e+005	0.7141	0.7141	0.7141	0.7141	0.0808	
0.2190	1.5778e+005	0.7137	0.7137	0.7137	0.7137	0.0809	
0.2200	1.5758e+005	0.7134	0.7134	0.7134	0.7134	0.0810	
0.2210	1.5737e+005	0.7130	0.7130	0.7130	0.7130	0.0811	
0.2220	1.5717e+005	0.7127	0.7127	0.7127	0.7127	0.0812	
0.2230	1.5697e+005	0.7123	0.7123	0.7123	0.7123	0.0813	
0.2240	1.5677e+005	0.7120	0.7120	0.7120	0.7120	0.0814	
0.2250	1.5657e+005	0.7116	0.7116	0.7116	0.7116	0.0815	
0.2260	1.5636e+005	0.7113	0.7113	0.7113	0.7113	0.0817	
0.2270	1.5616e+005	0.7109	0.7109	0.7109	0.7109	0.0818	
0.2280	1.5596e+005	0.7105	0.7105	0.7105	0.7105	0.0819	
0.2290	1.5576e+005	0.7102	0.7102	0.7102	0.7102	0.0820	
0.2300	1.5556e+005	0.7098	0.7098	0.7098	0.7098	0.0821	
0.2310	1.5535e+005	0.7094	0.7094	0.7094	0.7094	0.0822	
0.2320	1.5515e+005	0.7091	0.7091	0.7091	0.7091	0.0824	
0.2330	1.5495e+005	0.7087	0.7087	0.7087	0.7087	0.0825	
0.2340	1.5475e+005	0.7083	0.7083	0.7083	0.7083	0.0826	
0.2350	1.5455e+005	0.7080	0.7080	0.7080	0.7080	0.0827	
0.2360	1.5434e+005	0.7076	0.7076	0.7076	0.7076	0.0828	
0.2370	1.5414e+005	0.7072	0.7072	0.7072	0.7072	0.0830	
0.2380	1.5394e+005	0.7069	0.7069	0.7069	0.7069	0.0831	
0.2390	1.5374e+005	0.7065	0.7065	0.7065	0.7065	0.0832	
0.2400	1.5354e+005	0.7061	0.7061	0.7061	0.7061	0.0833	
0.2410	1.5333e+005	0.7057	0.7057	0.7057	0.7057	0.0834	
0.2420	1.5313e+005	0.7054	0.7054	0.7054	0.7054	0.0836	
0.2430	1.5293e+005	0.7050	0.7050	0.7050	0.7050	0.0837	
0.2440	1.5273e+005	0.7046	0.7046	0.7046	0.7046	0.0838	
0.2450	1.5253e+005	0.7042	0.7042	0.7042	0.7042	0.0839	
0.2460	1.5232e+005	0.7038	0.7038	0.7038	0.7038	0.0841	
0.2470	1.5212e+005	0.7035	0.7035	0.7035	0.7035	0.0842	
0.2480	1.5192e+005	0.7031	0.7031	0.7031	0.7031	0.0843	
0.2490	1.5172e+005	0.7027	0.7027	0.7027	0.7027	0.0844	
0.2500	1.5152e+005	0.7023	0.7023	0.7023	0.7023	0.0846	
0.2510	1.5131e+005	0.7019	0.7019	0.7019	0.7019	0.0847	
0.2520	1.5111e+005	0.7015	0.7015	0.7015	0.7015	0.0848	
0.2530	1.5091e+005	0.7011	0.7011	0.7011	0.7011	0.0849	
0.2540	1.5071e+005	0.7007	0.7007	0.7007	0.7007	0.0851	
0.2550	1.5051e+005	0.7003	0.7003	0.7003	0.7003	0.0852	
0.2560	1.503e+005	0.6999	0.6999	0.6999	0.6999	0.0853	
0.2570	1.501e+005	0.6996	0.6996	0.6996	0.6996	0.0854	
0.2580	1.499e+005	0.6992	0.6992	0.6992	0.6992	0.0856	
0.2590	1.497e+005	0.6988	0.6988	0.6988	0.6988	0.0857	
0.2600	1.495e+005	0.6984	0.6984	0.6984	0.6984	0.0858	
0.2610	1.4929e+005	0.6980	0.6980	0.6980	0.6980	0.0860	
0.2620	1.4909e+005	0.6976	0.6976	0.6976	0.6976	0.0861	
0.2630	1.4889e+005	0.6972	0.6972	0.6972	0.6972	0.0862	
0.2640	1.4869e+005	0.6968	0.6968	0.6968	0.6968	0.0864	
0.2650	1.4849e+005	0.6964	0.6964	0.6964	0.6964	0.0865	
0.2660	1.4828e+005	0.6960	0.6960	0.6960	0.6960	0.0866	
0.2670	1.4808e+005	0.6956	0.6956	0.6956	0.6956	0.0868	
0.2680	1.4788e+005	0.6952	0.6952	0.6952	0.6952	0.0869	
0.2690	1.4768e+005	0.6948	0.6948	0.6948	0.6948	0.0870	
0.2700	1.4748e+005	0.6944	0.6944	0.6944	0.6944	0.0872	
0.2710	1.4727e+005	0.6940	0.6940	0.6940	0.6940	0.0873	
0.2720	1.4707e+005	0.6936	0.6936	0.6936	0.6936	0.0874	
0.2730	1.4687e+005	0.6932	0.6932	0.6932	0.6932	0.0875	
0.2740	1.4667e+005	0.6928	0.6928	0.6928	0.6928	0.0877	
0.2750	1.4647e+005	0.6924	0.6924	0.6924	0.6924	0.0878	
0.2760	1.4626e+005	0.6920	0.6920	0.6920	0.6920	0.0879	
0.2770	1.4606e+005	0.6916	0.6916	0.6916	0.6916	0.0881	
0.2780	1.4586e+005	0.6912	0.6912	0.6912	0.6912	0.0882	
0.2790	1.4566e+005	0.6907	0.6907	0.6907	0.6907	0.0884	
0.2800	1.4546e+005	0.6903	0.6903	0.6903	0.6903	0.0885	
0.2810	1.4525e+005	0.6899	0.6899	0.6899	0.6899	0.0886	
0.2820	1.4505e+005	0.6894	0.6894	0.6894	0.6894	0.0888	
0.2830	1.4485e+005	0.6890	0.6890	0.6890	0.6890	0.0889	
0.2840	1.4465e+005	0.6886	0.6886	0.6886	0.6886	0.0891	
0.2850	1.4445e+005	0.6882	0.6882	0.6882	0.6882	0.0892	
0.2860	1.4424e+005	0.6877	0.6877	0.6877	0.6877	0.0893	
0.2870	1.4404e+005	0.6873	0.6873	0.6873	0.6873	0.0895	
0.2880	1.4384e+005	0.6869	0.6869	0.6869	0.6869	0.0896	
0.2890	1.4364e+005	0.6864	0.6864	0.6864	0.6864	0.0898	
0.2900	1.4344e+005	0.6860	0.6860	0.6860	0.6860	0.0899	
0.2910	1.4323e+005	0.6856	0.6856	0.6856	0.6856	0.0901	
0.2920	1.4303e+005	0.6851	0.6851	0.6851	0.6851	0.0902	
0.2930	1.4283e+005	0.6847	0.6847	0.6847	0.6847	0.0904	
0.2940	1.4263e+005	0.6842	0.6842	0.6842	0.6842	0.0905	
0.2950	1.4243e+005	0.6838	0.6838	0.6838	0.6838	0.0907	
0.2960	1.4222e+005	0.6834	0.6834	0.6834	0.6834	0.0908	
0.2970	1.4202e+005	0.6829	0.6829	0.6829	0.6829	0.0909	
0.2980	1.4182e+005	0.6825	0.6825	0.6825	0.6825	0.0911	
0.2990	1.4162e+005	0.6820	0.6820	0.6820	0.6820	0.0912	
0.3000	1.4142e+005	0.6816	0.6816	0.6816	0.6816	0.0914	
0.3010	1.4121e+005	0.6811	0.6811	0.6811	0.6811	0.0915	
0.3020	1.4101e+005	0.6807	0.6807	0.6807	0.6807	0.0917	
0.3030	1.4081e+005	0.6802	0.6802	0.6802	0.6802	0.0918	
0.3040	1.4061e+005	0.6798	0.6798	0.6798	0.6798	0.0920	
0.3050	1.4041e+005	0.6793	0.6793	0.6793	0.6793	0.0921	
0.3060	1.402e+005	0.6788	0.6788	0.6788	0.6788	0.0923	
0.3070	1.4e+005  	0.6784	0.6784	0.6784	0.6784	0.0925	
0.3080	1.398e+005	0.6779	0.6779	0.6779	0.6779	0.0926	
0.3090	1.396e+005	0.6775	0.6775	0.6775	0.6775	0.0928	
0.3100	1.394e+005	0.6770	0.6770	0.6770	0.6770	0.0929	
0.3110	1.3919e+005	0.6765	0.6765	0.6765	0.6765	0.0931	
0.3120	1.3899e+005	0.6761	0.6761	0.6761	0.6761	0.0932	
0.3130	1.3879e+005	0.6756	0.6756	0.6756	0.6756	0.0934	
0.3140	1.3859e+005	0.6751	0.6751	0.6751	0.6751	0.0935	
0.3150	1.3839e+005	0.6747	0.6747	0.6747	0.6747	0.0937	
0.3160	1.3818e+005	0.6742	0.6742	0.6742	0.6742	0.0939	
0.3170	1.3798e+005	0.6737	0.6737	0.6737	0.6737	0.0940	
0.3180	1.3778e+005	0.6733	0.6733	0.6733	0.6733	0.0942	
0.3190	1.3758e+005	0.6729	0.6729	0.6729	0.6729	0.0943	
0.3200	1.3738e+005	0.6724	0.6724	0.6724	0.6724	0.0945	
0.3210	1.3717e+005	0.6719	0.6719	0.6719	0.6719	0.0946	
0.3220	1.3697e+005	0.6715	0.6715	0.6715	0.6715	0.0948	
0.3230	1.3677e+005	0.6710	0.6710	0.6710	0.6710	0.0949	
0.3240	1.3657e+005	0.6705	0.6705	0.6705	0.6705	0.0951	
0.3250	1.3637e+005	0.6700	0.6700	0.6700	0.6700	0.0953	
0.3260	1.3616e+005	0.6695	0.6695	0.6695	0.6695	0.0954	
0.3270	1.3596e+005	0.6691	0.6691	0.6691	0.6691	0.0956	
0.3280	1.3576e+005	0.6686	0.6686	0.6686	0.6686	0.0957	
0.3290	1.3556e+005	0.6681	0.6681	0.6681	0.6681	0.0959	
0.3300	1.3536e+005	0.6676	0.6676	0.6676	0.6676	0.0961	
0.3310	1.3515e+005	0.6671	0.6671	0.6671	0.6671	0.0962	
0.3320	1.3495e+005	0.6666	0.6666	0.6666	0.6666	0.0964	
0.3330	1.3475e+005	0.6661	0.6661	0.6661	0.6661	0.0966	
0.3340	1.3455e+005	0.6657	0.6657	0.6657	0.6657	0.0967	
0.3350	1.3435e+005	0.6653	0.6653	0.6653	0.6653	0.0969	
0.3360	1.3414e+005	0.6648	0.6648	0.6648	0.6648	0.0970	
0.3370	1.3394e+005	0.6643	0.6643	0.6643	0.6643	0.0972	
0.3380	1.3374e+005	0.6638	0.6638	0.6638	0.6638	0.0974	
0.3390	1.3354e+005	0.6633	0.6633	0.6633	0.6633	0.0975	
0.3400	1.3334e+005	0.6628	0.6628	0.6628	0.6628	0.0977	
0.3410	1.3313e+005	0.6623	0.6623	0.6623	0.6623	0.0979	
0.3420	1.3293e+005	0.6618	0.6618	0.6618	0.6618	0.0981	
0.3430	1.3273e+005	0.6613	0.6613	0.6613	0.6613	0.0982	
0.3440	1.3253e+005	0.6608	0.6608	0.6608	0.6608	0.0984	
0.3450	1.3233e+005	0.6603	0.6603	0.6603	0.6603	0.0986	
0.3460	1.3212e+005	0.6598	0.6598	0.6598	0.6598	0.0988	
0.3470	1.3192e+005	0.6592	0.6592	0.6592	0.6592	0.0989	
0.3480	1.3172e+005	0.6587	0.6587	0.6587	0.6587	0.0991	
0.3490	1.3152e+005	0.6582	0.6582	0.6582	0.6582	0.0993	
0.3500	1.3132e+005	0.6577	0.6577	0.6577	0.6577	0.0995	
0.3510	1.3111e+005	0.6572	0.6572	0.6572	0.6572	0.0996	
0.3520	1.3091e+005	0.6566	0.6566	0.6566	0.6566	0.0998	
0.3530	1.3071e+005	0.6562	0.6562	0.6562	0.6562	0.1000	
0.3540	1.3051e+005	0.6558	0.6558	0.6558	0.6558	0.1001	
0.3550	1.3031e+005	0.6554	0.6554	0.6554	0.6554	0.1002	
0.3560	1.301e+005	0.6549	0.6549	0.6549	0.6549	0.1004	
0.3570	1.299e+005	0.6543	0.6543	0.6543	0.6543	0.1006	
0.3580	1.297e+005	0.6538	0.6538	0.6538	0.6538	0.1008	
0.3590	1.295e+005	0.6533	0.6533	0.6533	0.6533	0.1010	
0.3600	1.293e+005	0.6528	0.6528	0.6528	0.6528	0.1011	
0.3610	1.2909e+005	0.6522	0.6522	0.6522	0.6522	0.1013	
0.3620	1.2889e+005	0.6517	0.6517	0.6517	0.6517	0.1015	
0.3630	1.2869e+005	0.6512	0.6512	0.6512	0.6512	0.1017	
0.3640	1.2849e+005	0.6506	0.6506	0.6506	0.6506	0.1019	
0.3650	1.2829e+005	0.6501	0.6501	0.6501	0.6501	0.1021	
0.3660	1.2808e+005	0.6496	0.6496	0.6496	0.6496	0.1022	
0.3670	1.2788e+005	0.6490	0.6490	0.6490	0.6490	0.1024	
0.3680	1.2768e+005	0.6485	0.6485	0.6485	0.6485	0.1026	
0.3690	1.2748e+005	0.6480	0.6480	0.6480	0.6480	0.1028	
0.3700	1.2728e+005	0.6474	0.6474	0.6474	0.6474	0.1030	
0.3710	1.2707e+005	0.6469	0.6469	0.6469	0.6469	0.1032	
0.3720	1.2687e+005	0.6463	0.6463	0.6463	0.6463	0.1034	
0.3730	1.2667e+005	0.6458	0.6458	0.6458	0.6458	0.1036	
0.3740	1.2647e+005	0.6452	0.6452	0.6452	0.6452	0.1038	
0.3750	1.2627e+005	0.6447	0.6447	0.6447	0.6447	0.1039	
0.3760	1.2606e+005	0.6441	0.6441	0.6441	0.6441	0.1041	
0.3770	1.2586e+005	0.6436	0.6436	0.6436	0.6436	0.1043	
0.3780	1.2566e+005	0.6430	0.6430	0.6430	0.6430	0.1045	
0.3790	1.2546e+005	0.6425	0.6425	0.6425	0.6425	0.1047	
0.3800	1.2526e+005	0.6419	0.6419	0.6419	0.6419	0.1049	
0.3810	1.2505e+005	0.6413	0.6413	0.6413	0.6413	0.1051	
0.3820	1.2485e+005	0.6408	0.6408	0.6408	0.6408	0.1053	
0.3830	1.2465e+005	0.6402	0.6402	0.6402	0.6402	0.1055	
0.3840	1.2445e+005	0.6397	0.6397	0.6397	0.6397	0.1057	
0.3850	1.2425e+005	0.6391	0.6391	0.6391	0.6391	0.1059	
0.3860	1.2404e+005	0.6385	0.6385	0.6385	0.6385	0.1061	
0.3870	1.2384e+005	0.6380	0.6380	0.6380	0.6380	0.1063	
0.3880	1.2364e+005	0.6375	0.6375	0.6375	0.6375	0.1065	
0.3890	1.2344e+005	0.6369	0.6369	0.6369	0.6369	0.1067	
0.3900	1.2324e+005	0.6363	0.6363	0.6363	0.6363	0.1069	
0.3910	1.2303e+005	0.6358	0.6358	0.6358	0.6358	0.1070	
0.3920	1.2283e+005	0.6352	0.6352	0.6352	0.6352	0.1072	
0.3930	1.2263e+005	0.6347	0.6347	0.6347	0.6347	0.1074	
0.3940	1.2243e+005	0.6341	0.6341	0.6341	0.6341	0.1076	
0.3950	1.2223e+005	0.6335	0.6335	0.6335	0.6335	0.1079	
0.3960	1.2202e+005	0.6329	0.6329	0.6329	0.6329	0.1081	
0.3970	1.2182e+005	0.6323	0.6323	0.6323	0.6323	0.1083	
0.3980	1.2162e+005	0.6318	0.6318	0.6318	0.6318	0.1085	
0.3990	1.2142e+005	0.6312	0.6312	0.6312	0.6312	0.1087	
0.4000	1.2122e+005	0.6306	0.6306	0.6306	0.6306	0.1089	
0.4010	1.2101e+005	0.6300	0.6300	0.6300	0.6300	0.1091	
0.4020	1.2081e+005	0.6294	0.6294	0.6294	0.6294	0.1093	
0.4030	1.2061e+005	0.6289	0.6289	0.6289	0.6289	0.1095	
0.4040	1.2041e+005	0.6283	0.6283	0.6283	0.6283	0.1097	
0.4050	1.2021e+005	0.6277	0.6277	0.6277	0.6277	0.1099	
0.4060	1.2e+005  	0.6272	0.6272	0.6272	0.6272	0.1101	
0.4070	1.198e+005	0.6266	0.6266	0.6266	0.6266	0.1103	
0.4080	1.196e+005	0.6260	0.6260	0.6260	0.6260	0.1105	
0.4090	1.194e+005	0.6254	0.6254	0.6254	0.6254	0.1107	
0.4100	1.192e+005	0.6248	0.6248	0.6248	0.6248	0.1109	
0.4110	1.1899e+005	0.6242	0.6242	0.6242	0.6242	0.1111	
0.4120	1.1879e+005	0.6236	0.6236	0.6236	0.6236	0.1113	
0.4130	1.1859e+005	0.6230	0.6230	0.6230	0.6230	0.1116	
0.4140	1.1839e+005	0.6225	0.6225	0.6225	0.6225	0.1118	
0.4150	1.1819e+005	0.6219	0.6219	0.6219	0.6219	0.1120	
0.4160	1.1798e+005	0.6213	0.6213	0.6213	0.6213	0.1122	
0.4170	1.1778e+005	0.6206	0.6206	0.6206	0.6206	0.1124	
0.4180	1.1758e+005	0.6200	0.6200	0.6200	0.6200	0.1126	
0.4190	1.1738e+005	0.6194	0.6194	0.6194	0.6194	0.1128	
0.4200	1.1718e+005	0.6188	0.6188	0.6188	0.6188	0.1131	
0.4210	1.1697e+005	0.6182	0.6182	0.6182	0.6182	0.1133	
0.4220	1.1677e+005	0.6176	0.6176	0.6176	0.6176	0.1135	
0.4230	1.1657e+005	0.6170	0.6170	0.6170	0.6170	0.1137	
0.4240	1.1637e+005	0.6163	0.6163	0.6163	0.6163	0.1140	
0.4250	1.1617e+005	0.6157	0.6157	0.6157	0.6157	0.1142	
0.4260	1.1596e+005	0.6151	0.6151	0.6151	0.6151	0.1144	
0.4270	1.1576e+005	0.6145	0.6145	0.6145	0.6145	0.1146	
0.4280	1.1556e+005	0.6139	0.6139	0.6139	0.6139	0.1148	
0.4290	1.1536e+005	0.6133	0.6133	0.6133	0.6133	0.1151	
0.4300	1.1516e+005	0.6126	0.6126	0.6126	0.6126	0.1153	
0.4310	1.1495e+005	0.6120	0.6120	0.6120	0.6120	0.1155	
0.4320	1.1475e+005	0.6114	0.6114	0.6114	0.6114	0.1157	
0.4330	1.1455e+005	0.6108	0.6108	0.6108	0.6108	0.1160	
0.4340	1.1435e+005	0.6101	0.6101	0.6101	0.6101	0.1162	
0.4350	1.1415e+005	0.6095	0.6095	0.6095	0.6095	0.1164	
0.4360	1.1394e+005	0.6089	0.6089	0.6089	0.6089	0.1167	
0.4370	1.1374e+005	0.6082	0.6082	0.6082	0.6082	0.1169	
0.4380	1.1354e+005	0.6076	0.6076	0.6076	0.6076	0.1171	
0.4390	1.1334e+005	0.6070	0.6070	0.6070	0.6070	0.1173	
0.4400	1.1314e+005	0.6063	0.6063	0.6063	0.6063	0.1176	
0.4410	1.1293e+005	0.6057	0.6057	0.6057	0.6057	0.1178	
0.4420	1.1273e+005	0.6051	0.6051	0.6051	0.6051	0.1180	
0.4430	1.1253e+005	0.6044	0.6044	0.6044	0.6044	0.1183	
0.4440	1.1233e+005	0.6038	0.6038	0.6038	0.6038	0.1185	
0.4450	1.1213e+005	0.6031	0.6031	0.6031	0.6031	0.1187	
0.4460	1.1192e+005	0.6025	0.6025	0.6025	0.6025	0.1190	
0.4470	1.1172e+005	0.6018	0.6018	0.6018	0.6018	0.1192	
0.4480	1.1152e+005	0.6012	0.6012	0.6012	0.6012	0.1195	
0.4490	1.1132e+005	0.6006	0.6006	0.6006	0.6006	0.1197	
0.4500	1.1112e+005	0.5999	0.5999	0.5999	0.5999	0.1199	
0.4510	1.1091e+005	0.5992	0.5992	0.5992	0.5992	0.1202	
0.4520	1.1071e+005	0.5986	0.5986	0.5986	0.5986	0.1204	
0.4530	1.1051e+005	0.5979	0.5979	0.5979	0.5979	0.1206	
0.4540	1.1031e+005	0.5973	0.5973	0.5973	0.5973	0.1209	
0.4550	1.1011e+005	0.5966	0.5966	0.5966	0.5966	0.1211	
0.4560	1.099e+005	0.5960	0.5960	0.5960	0.5960	0.1214	
0.4570	1.097e+005	0.5953	0.5953	0.5953	0.5953	0.1216	
0.4580	1.095e+005	0.5946	0.5946	0.5946	0.5946	0.1219	
0.4590	1.093e+005	0.5940	0.5940	0.5940	0.5940	0.1221	
0.4600	1.091e+005	0.5933	0.5933	0.5933	0.5933	0.1224	
0.4610	1.0889e+005	0.5926	0.5926	0.5926	0.5926	0.1226	
0.4620	1.0869e+005	0.5920	0.5920	0.5920	0.5920	0.1229	
0.4630	1.0849e+005	0.5913	0.5913	0.5913	0.5913	0.1231	
0.4640	1.0829e+005	0.5906	0.5906	0.5906	0.5906	0.1234	
0.4650	1.0809e+005	0.5899	0.5899	0.5899	0.5899	0.1236	
0.4660	1.0788e+005	0.5892	0.5892	0.5892	0.5892	0.1239	
0.4670	1.0768e+005	0.5886	0.5886	0.5886	0.5886	0.1241	
0.4680	1.0748e+005	0.5879	0.5879	0.5879	0.5879	0.1244	
0.4690	1.0728e+005	0.5872	0.5872	0.5872	0.5872	0.1246	
0.4700	1.0708e+005	0.5866	0.5866	0.5866	0.5866	0.1249	
0.4710	1.0687e+005	0.5859	0.5859	0.5859	0.5859	0.1251	
0.4720	1.0667e+005	0.5852	0.5852	0.5852	0.5852	0.1254	
0.4730	1.0647e+005	0.5845	0.5845	0.5845	0.5845	0.1256	
0.4740	1.0627e+005	0.5838	0.5838	0.5838	0.5838	0.1259	
0.4750	1.0607e+005	0.5831	0.5831	0.5831	0.5831	0.1261	
0.4760	1.0586e+005	0.5825	0.5825	0.5825	0.5825	0.1264	
0.4770	1.0566e+005	0.5818	0.5818	0.5818	0.5818	0.1267	
0.4780	1.0546e+005	0.5811	0.5811	0.5811	0.5811	0.1269	
0.4790	1.0526e+005	0.5804	0.5804	0.5804	0.5804	0.1272	
0.4800	1.0506e+005	0.5797	0.5797	0.5797	0.5797	0.1274	
0.4810	1.0485e+005	0.5790	0.5790	0.5790	0.5790	0.1277	
0.4820	1.0465e+005	0.5783	0.5783	0.5783	0.5783	0.1280	
0.4830	1.0445e+005	0.5776	0.5776	0.5776	0.5776	0.1282	
0.4840	1.0425e+005	0.5769	0.5769	0.5769	0.5769	0.1285	
0.4850	1.0405e+005	0.5762	0.5762	0.5762	0.5762	0.1288	
0.4860	1.0384e+005	0.5755	0.5755	0.5755	0.5755	0.1290	
0.4870	1.0364e+005	0.5748	0.5748	0.5748	0.5748	0.1293	
0.4880	1.0344e+005	0.5741	0.5741	0.5741	0.5741	0.1295	
0.4890	1.0324e+005	0.5734	0.5734	0.5734	0.5734	0.1298	
0.4900	1.0304e+005	0.5727	0.5727	0.5727	0.5727	0.1301	
0.4910	1.0283e+005	0.5720	0.5720	0.5720	0.5720	0.1303	
0.4920	1.0263e+005	0.5713	0.5713	0.5713	0.5713	0.1306	
0.4930	1.0243e+005	0.5706	0.5706	0.5706	0.5706	0.1309	
0.4940	1.0223e+005	0.5699	0.5699	0.5699	0.5699	0.1312	
0.4950	1.0203e+005	0.5692	0.5692	0.5692	0.5692	0.1314	
0.4960	1.0182e+005	0.5684	0.5684	0.5684	0.5684	0.1317	
0.4970	1.0162e+005	0.5677	0.5677	0.5677	0.5677	0.1320	
0.4980	1.0142e+005	0.5670	0.5670	0.5670	0.5670	0.1322	
0.4990	1.0122e+005	0.5663	0.5663	0.5663	0.5663	0.1325	
0.5000	1.0102e+005	0.5656	0.5656	0.5656	0.5656	0.1328	
0.5010	1.0081e+005	0.5649	0.5649	0.5649	0.5649	0.1331	
0.5020	1.0061e+005	0.5641	0.5641	0.5641	0.5641	0.1333	
0.5030	1.0041e+005	0.5634	0.5634	0.5634	0.5634	0.1336	
0.5040	1.0021e+005	0.5627	0.5627	0.5627	0.5627	0.1339	
0.5050	1.0001e+005	0.5620	0.5620	0.5620	0.5620	0.1342	
0.5060	99804     	0.5612	0.5612	0.5612	0.5612	0.1345	
0.5070	99602     	0.5605	0.5605	0.5605	0.5605	0.1347	
0.5080	99400     	0.5598	0.5598	0.5598	0.5598	0.1350	
0.5090	99198     	0.5590	0.5590	0.5590	0.5590	0.1353	
0.5100	98996     	0.5583	0.5583	0.5583	0.5583	0.1356	
0.5110	98794     	0.5576	0.5576	0.5576	0.5576	0.1359	
0.5120	98592     	0.5568	0.5568	0.5568	0.5568	0.1362	
0.5130	98390     	0.5561	0.5561	0.5561	0.5561	0.1365	
0.5140	98188     	0.5554	0.5554	0.5554	0.5554	0.1367	
0.5150	97986     	0.5546	0.5546	0.5546	0.5546	0.1370	
0.5160	97784     	0.5539	0.5539	0.5539	0.5539	0.1373	
0.5170	97582     	0.5531	0.5531	0.5531	0.5531	0.1376	
0.5180	97380     	0.5524	0.5524	0.5524	0.5524	0.1379	
0.5190	97178     	0.5517	0.5517	0.5517	0.5517	0.1382	
0.5200	96976     	0.5510	0.5510	0.5510	0.5510	0.1385	
0.5210	96774     	0.5502	0.5502	0.5502	0.5502	0.1387	
0.5220	96572     	0.5494	0.5494	0.5494	0.5494	0.1390	
0.5230	96370     	0.5487	0.5487	0.5487	0.5487	0.1393	
0.5240	96168     	0.5479	0.5479	0.5479	0.5479	0.1396	
0.5250	95966     	0.5472	0.5472	0.5472	0.5472	0.1399	
0.5260	95764     	0.5464	0.5464	0.5464	0.5464	0.1402	
0.5270	95562     	0.5457	0.5457	0.5457	0.5457	0.1405	
0.5280	95360     	0.5449	0.5449	0.5449	0.5449	0.1408	
0.5290	95158     	0.5442	0.5442	0.5442	0.5442	0.1411	
0.5300	94956     	0.5434	0.5434	0.5434	0.5434	0.1414	
0.5310	94754     	0.5427	0.5427	0.5427	0.5427	0.1417	
0.5320	94552     	0.5419	0.5419	0.5419	0.5419	0.1420	
0.5330	94350     	0.5411	0.5411	0.5411	0.5411	0.1423	
0.5340	94148     	0.5404	0.5404	0.5404	0.5404	0.1426	
0.5350	93946     	0.5396	0.5396	0.5396	0.5396	0.1429	
0.5360	93744     	0.5388	0.5388	0.5388	0.5388	0.1432	
0.5370	93542     	0.5380	0.5380	0.5380	0.5380	0.1435	
0.5380	93340     	0.5373	0.5373	0.5373	0.5373	0.1439	
0.5390	93138     	0.5365	0.5365	0.5365	0.5365	0.1442	
0.5400	92936     	0.5357	0.5357	0.5357	0.5357	0.1445	
0.5410	92734     	0.5349	0.5349	0.5349	0.5349	0.1448	
0.5420	92532     	0.5342	0.5342	0.5342	0.5342	0.1451	
0.5430	92330     	0.5334	0.5334	0.5334	0.5334	0.1454	
0.5440	92128     	0.5326	0.5326	0.5326	0.5326	0.1457	
0.5450	91926     	0.5318	0.5318	0.5318	0.5318	0.1460	
0.5460	91724     	0.5311	0.5311	0.5311	0.5311	0.1463	
0.5470	91522     	0.5303	0.5303	0.5303	0.5303	0.1466	
0.5480	91320     	0.5295	0.5295	0.5295	0.5295	0.1470	
0.5490	91118     	0.5287	0.5287	0.5287	0.5287	0.1473	
0.5500	90916     	0.5279	0.5279	0.5279	0.5279	0.1476	
0.5510	90714     	0.5271	0.5271	0.5271	0.5271	0.1479	
0.5520	90512     	0.5264	0.5264	0.5264	0.5264	0.1482	
0.5530	90310     	0.5256	0.5256	0.5256	0.5256	0.1486	
0.5540	90108     	0.5248	0.5248	0.5248	0.5248	0.1489	
0.5550	89906     	0.5240	0.5240	0.5240	0.5240	0.1492	
0.5560	89704     	0.5232	0.5232	0.5232	0.5232	0.1495	
0.5570	89502     	0.5224	0.5224	0.5224	0.5224	0.1498	
0.5580	89300     	0.5216	0.5216	0.5216	0.5216	0.1502	
0.5590	89098     	0.5208	0.5208	0.5208	0.5208	0.1505	
0.5600	88896     	0.5200	0.5200	0.5200	0.5200	0.1508	
0.5610	88694     	0.5192	0.5192	0.5192	0.5192	0.1511	
0.5620	88492     	0.5185	0.5185	0.5185	0.5185	0.1514	
0.5630	88290     	0.5178	0.5178	0.5178	0.5178	0.1517	
0.5640	88088     	0.5170	0.5170	0.5170	0.5170	0.1521	
0.5650	87886     	0.5162	0.5162	0.5162	0.5162	0.1524	
0.5660	87684     	0.5154	0.5154	0.5154	0.5154	0.1527	
0.5670	87482     	0.5146	0.5146	0.5146	0.5146	0.1530	
0.5680	87280     	0.5138	0.5138	0.5138	0.5138	0.1534	
0.5690	87078     	0.5130	0.5130	0.5130	0.5130	0.1537	
0.5700	86876     	0.5122	0.5122	0.5122	0.5122	0.1540	
0.5710	86674     	0.5114	0.5114	0.5114	0.5114	0.1544	
0.5720	86472     	0.5106	0.5106	0.5106	0.5106	0.1547	
0.5730	86270     	0.5097	0.5097	0.5097	0.5097	0.1550	
0.5740	86068     	0.5089	0.5089	0.5089	0.5089	0.1554	
0.5750	85866     	0.5081	0.5081	0.5081	0.5081	0.1557	
0.5760	85664     	0.5073	0.5073	0.5073	0.5073	0.1561	
0.5770	85462     	0.5065	0.5065	0.5065	0.5065	0.1564	
0.5780	85260     	0.5057	0.5057	0.5057	0.5057	0.1567	
0.5790	85058     	0.5048	0.5048	0.5048	0.5048	0.1571	
0.5800	84856     	0.5040	0.5040	0.5040	0.5040	0.1574	
0.5810	84654     	0.5032	0.5032	0.5032	0.5032	0.1578	
0.5820	84452     	0.5024	0.5024	0.5024	0.5024	0.1581	
0.5830	84250     	0.5016	0.5016	0.5016	0.5016	0.1584	
0.5840	84048     	0.5008	0.5008	0.5008	0.5008	0.1588	
0.5850	83846     	0.4999	0.4999	0.4999	0.4999	0.1591	
0.5860	83644     	0.4991	0.4991	0.4991	0.4991	0.1595	
0.5870	83442     	0.4983	0.4983	0.4983	0.4983	0.1598	
0.5880	83240     	0.4974	0.4974	0.4974	0.4974	0.1602	
0.5890	83038     	0.4966	0.4966	0.4966	0.4966	0.1605	
0.5900	82836     	0.4958	0.4958	0.4958	0.4958	0.1609	
0.5910	82634     	0.4949	0.4949	0.4949	0.4949	0.1612	
0.5920	82432     	0.4941	0.4941	0.4941	0.4941	0.1616	
0.5930	82230     	0.4932	0.4932	0.4932	0.4932	0.1620	
0.5940	82028     	0.4924	0.4924	0.4924	0.4924	0.1623	
0.5950	81826     	0.4916	0.4916	0.4916	0.4916	0.1627	
0.5960	81624     	0.4907	0.4907	0.4907	0.4907	0.1630	
0.5970	81422     	0.4899	0.4899	0.4899	0.4899	0.1634	
0.5980	81220     	0.4891	0.4891	0.4891	0.4891	0.1637	
0.5990	81018     	0.4882	0.4882	0.4882	0.4882	0.1641	
0.6000	80816     	0.4874	0.4874	0.4874	0.4874	0.1645	
0.6010	80614     	0.4865	0.4865	0.4865	0.4865	0.1648	
0.6020	80412     	0.4857	0.4857	0.4857	0.4857	0.1652	
0.6030	80210     	0.4848	0.4848	0.4848	0.4848	0.1656	
0.6040	80008     	0.4840	0.4840	0.4840	0.4840	0.1659	
0.6050	79806     	0.4831	0.4831	0.4831	0.4831	0.1663	
0.6060	79604     	0.4823	0.4823	0.4823	0.4823	0.1667	
0.6070	79402     	0.4814	0.4814	0.4814	0.4814	0.1670	
0.6080	79200     	0.4805	0.4805	0.4805	0.4805	0.1674	
0.6090	78998     	0.4797	0.4797	0.4797	0.4797	0.1678	
0.6100	78796     	0.4788	0.4788	0.4788	0.4788	0.1681	
0.6110	78594     	0.4780	0.4780	0.4780	0.4780	0.1685	
0.6120	78392     	0.4771	0.4771	0.4771	0.4771	0.1689	
0.6130	78190     	0.4763	0.4763	0.4763	0.4763	0.1693	
0.6140	77988     	0.4756	0.4756	0.4756	0.4756	0.1696	
0.6150	77786     	0.4748	0.4748	0.4748	0.4748	0.1699	
0.6160	77584     	0.4740	0.4740	0.4740	0.4740	0.1702	
0.6170	77382     	0.4732	0.4732	0.4732	0.4732	0.1706	
0.6180	77180     	0.4723	0.4723	0.4723	0.4723	0.1710	
0.6190	76978     	0.4715	0.4715	0.4715	0.4715	0.1714	
0.6200	76776     	0.4706	0.4706	0.4706	0.4706	0.1718	
0.6210	76574     	0.4697	0.4697	0.4697	0.4697	0.1721	
0.6220	76372     	0.4688	0.4688	0.4688	0.4688	0.1725	
0.6230	76170     	0.4680	0.4680	0.4680	0.4680	0.1729	
0.6240	75968     	0.4671	0.4671	0.4671	0.4671	0.1733	
0.6250	75766     	0.4662	0.4662	0.4662	0.4662	0.1737	
0.6260	75564     	0.4653	0.4653	0.4653	0.4653	0.1741	
0.6270	75362     	0.4645	0.4645	0.4645	0.4645	0.1744	
0.6280	75160     	0.4636	0.4636	0.4636	0.4636	0.1748	
0.6290	74958     	0.4628	0.4628	0.4628	0.4628	0.1752	
0.6300	74756     	0.4619	0.4619	0.4619	0.4619	0.1756	
0.6310	74554     	0.4610	0.4610	0.4610	0.4610	0.1760	
0.6320	74352     	0.4601	0.4601	0.4601	0.4601	0.1764	
0.6330	74150     	0.4592	0.4592	0.4592	0.4592	0.1768	
0.6340	73948     	0.4583	0.4583	0.4583	0.4583	0.1772	
0.6350	73746     	0.4575	0.4575	0.4575	0.4575	0.1776	
0.6360	73544     	0.4566	0.4566	0.4566	0.4566	0.1780	
0.6370	73342     	0.4557	0.4557	0.4557	0.4557	0.1784	
0.6380	73140     	0.4548	0.4548	0.4548	0.4548	0.1788	
0.6390	72938     	0.4539	0.4539	0.4539	0.4539	0.1792	
0.6400	72736     	0.4530	0.4530	0.4530	0.4530	0.1796	
0.6410	72534     	0.4521	0.4521	0.4521	0.4521	0.1800	
0.6420	72332     	0.4512	0.4512	0.4512	0.4512	0.1804	
0.6430	72130     	0.4503	0.4503	0.4503	0.4503	0.1808	
0.6440	71928     	0.4494	0.4494	0.4494	0.4494	0.1812	
0.6450	71726     	0.4485	0.4485	0.4485	0.4485	0.1816	
0.6460	71524     	0.4476	0.4476	0.4476	0.4476	0.1821	
0.6470	71322     	0.4467	0.4467	0.4467	0.4467	0.1825	
0.6480	71120     	0.4458	0.4458	0.4458	0.4458	0.1829	
0.6490	70918     	0.4449	0.4449	0.4449	0.4449	0.1833	
0.6500	70716     	0.4440	0.4440	0.4440	0.4440	0.1837	
0.6510	70514     	0.4431	0.4431	0.4431	0.4431	0.1841	
0.6520	70312     	0.4422	0.4422	0.4422	0.4422	0.1846	
0.6530	70110     	0.4413	0.4413	0.4413	0.4413	0.1850	
0.6540	69908     	0.4403	0.4403	0.4403	0.4403	0.1854	
0.6550	69706     	0.4394	0.4394	0.4394	0.4394	0.1858	
0.6560	69504     	0.4385	0.4385	0.4385	0.4385	0.1862	
0.6570	69302     	0.4376	0.4376	0.4376	0.4376	0.1867	
0.6580	69100     	0.4367	0.4367	0.4367	0.4367	0.1871	
0.6590	68898     	0.4358	0.4358	0.4358	0.4358	0.1875	
0.6600	68696     	0.4348	0.4348	0.4348	0.4348	0.1880	
0.6610	68494     	0.4339	0.4339	0.4339	0.4339	0.1884	
0.6620	68292     	0.4330	0.4330	0.4330	0.4330	0.1888	
0.6630	68090     	0.4320	0.4320	0.4320	0.4320	0.1893	
0.6640	67888     	0.4311	0.4311	0.4311	0.4311	0.1897	
0.6650	67686     	0.4302	0.4302	0.4302	0.4302	0.1901	
0.6660	67484     	0.4292	0.4292	0.4292	0.4292	0.1906	
0.6670	67282     	0.4283	0.4283	0.4283	0.4283	0.1910	
0.6680	67080     	0.4274	0.4274	0.4274	0.4274	0.1915	
0.6690	66878     	0.4264	0.4264	0.4264	0.4264	0.1919	
0.6700	66676     	0.4255	0.4255	0.4255	0.4255	0.1923	
0.6710	66474     	0.4246	0.4246	0.4246	0.4246	0.1928	
0.6720	66272     	0.4236	0.4236	0.4236	0.4236	0.1932	
0.6729	66070     	0.4227	0.4227	0.4227	0.4227	0.1937	
0.6739	65868     	0.4218	0.4218	0.4218	0.4218	0.1941	
0.6749	65666     	0.4208	0.4208	0.4208	0.4208	0.1946	
0.6759	65464     	0.4199	0.4199	0.4199	0.4199	0.1950	
0.6769	65262     	0.4189	0.4189	0.4189	0.4189	0.1955	
0.6779	65060     	0.4180	0.4180	0.4180	0.4180	0.1959	
0.6789	64858     	0.4170	0.4170	0.4170	0.4170	0.1964	
0.6799	64656     	0.4161	0.4161	0.4161	0.4161	0.1969	
0.6809	64454     	0.4151	0.4151	0.4151	0.4151	0.1973	
0.6819	64252     	0.4142	0.4142	0.4142	0.4142	0.1978	
0.6829	64050     	0.4132	0.4132	0.4132	0.4132	0.1982	
0.6839	63848     	0.4123	0.4123	0.4123	0.4123	0.1987	
0.6849	63646     	0.4113	0.4113	0.4113	0.4113	0.1992	
0.6859	63444     	0.4103	0.4103	0.4103	0.4103	0.1996	
0.6869	63242     	0.4094	0.4094	0.4094	0.4094	0.2001	
0.6879	63040     	0.4085	0.4085	0.4085	0.4085	0.2005	
0.6889	62838     	0.4076	0.4076	0.4076	0.4076	0.2010	
0.6899	62636     	0.4066	0.4066	0.4066	0.4066	0.2015	
0.6909	62434     	0.4056	0.4056	0.4056	0.4056	0.2019	
0.6919	62232     	0.4047	0.4047	0.4047	0.4047	0.2024	
0.6929	62030     	0.4037	0.4037	0.4037	0.4037	0.2029	
0.6939	61828     	0.4027	0.4027	0.4027	0.4027	0.2034	
0.6949	61626     	0.4017	0.4017	0.4017	0.4017	0.2039	
0.6959	61424     	0.4007	0.4007	0.4007	0.4007	0.2044	
0.6969	61222     	0.3998	0.3998	0.3998	0.3998	0.2048	
0.6979	61020     	0.3988	0.3988	0.3988	0.3988	0.2053	
0.6989	60818     	0.3978	0.3978	0.3978	0.3978	0.2058	
0.6999	60616     	0.3968	0.3968	0.3968	0.3968	0.2063	
0.7009	60414     	0.3958	0.3958	0.3958	0.3958	0.2068	
0.7019	60212     	0.3949	0.3949	0.3949	0.3949	0.2073	
0.7029	60010     	0.3939	0.3939	0.3939	0.3939	0.2078	
0.7039	59808     	0.3929	0.3929	0.3929	0.3929	0.2083	
0.7049	59606     	0.3919	0.3919	0.3919	0.3919	0.2088	
0.7059	59404     	0.3909	0.3909	0.3909	0.3909	0.2093	
0.7069	59202     	0.3899	0.3899	0.3899	0.3899	0.2098	
0.7079	59000     	0.3889	0.3889	0.3889	0.3889	0.2103	
0.7089	58798     	0.3880	0.3880	0.3880	0.3880	0.2108	
0.7099	58596     	0.3871	0.3871	0.3871	0.3871	0.2112	
0.7109	58394     	0.3861	0.3861	0.3861	0.3861	0.2117	
0.7119	58192     	0.3851	0.3851	0.3851	0.3851	0.2123	
0.7129	57990     	0.3841	0.3841	0.3841	0.3841	0.2128	
0.7139	57788     	0.3830	0.3830	0.3830	0.3830	0.2133	
0.7149	57586     	0.3821	0.3821	0.3821	0.3821	0.2138	
0.7159	57384     	0.3811	0.3811	0.3811	0.3811	0.2143	
0.7169	57182     	0.3802	0.3802	0.3802	0.3802	0.2148	
0.7179	56980     	0.3792	0.3792	0.3792	0.3792	0.2153	
0.7189	56778     	0.3781	0.3781	0.3781	0.3781	0.2158	
0.7199	56576     	0.3771	0.3771	0.3771	0.3771	0.2163	
0.7209	56374     	0.3761	0.3761	0.3761	0.3761	0.2169	
0.7219	56172     	0.3751	0.3751	0.3751	0.3751	0.2174	
0.7229	55970     	0.3741	0.3741	0.3741	0.3741	0.2179	
0.7239	55768     	0.3731	0.3731	0.3731	0.3731	0.2185	
0.7249	55566     	0.3721	0.3721	0.3721	0.3721	0.2190	
0.7259	55364     	0.3711	0.3711	0.3711	0.3711	0.2195	
0.7269	55162     	0.3701	0.3701	0.3701	0.3701	0.2200	
0.7279	54960     	0.3691	0.3691	0.3691	0.3691	0.2206	
0.7289	54758     	0.3680	0.3680	0.3680	0.3680	0.2211	
0.7299	54556     	0.3670	0.3670	0.3670	0.3670	0.2217	
0.7309	54354     	0.3660	0.3660	0.3660	0.3660	0.2222	
0.7319	54152     	0.3650	0.3650	0.3650	0.3650	0.2227	
0.7329	53950     	0.3640	0.3640	0.3640	0.3640	0.2233	
0.7339	53748     	0.3629	0.3629	0.3629	0.3629	0.2238	
0.7349	53546     	0.3619	0.3619	0.3619	0.3619	0.2244	
0.7359	53344     	0.3609	0.3609	0.3609	0.3609	0.2249	
0.7369	53142     	0.3598	0.3598	0.3598	0.3598	0.2255	
0.7379	52940     	0.3588	0.3588	0.3588	0.3588	0.2261	
0.7389	52738     	0.3577	0.3577	0.3577	0.3577	0.2266	
0.7399	52536     	0.3567	0.3567	0.3567	0.3567	0.2272	
0.7409	52334     	0.3557	0.3557	0.3557	0.3557	0.2278	
0.7419	52132     	0.3551	0.3551	0.3551	0.3551	0.2281	
0.7429	51930     	0.3544	0.3544	0.3544	0.3544	0.2284	
0.7439	51728     	0.3536	0.3536	0.3536	0.3536	0.2289	
0.7449	51526     	0.3527	0.3527	0.3527	0.3527	0.2294	
0.7459	51324     	0.3518	0.3518	0.3518	0.3518	0.2298	
0.7469	51122     	0.3509	0.3509	0.3509	0.3509	0.2304	
0.7479	50920     	0.3499	0.3499	0.3499	0.3499	0.2309	
0.7489	50718     	0.3489	0.3489	0.3489	0.3489	0.2315	
0.7499	50516     	0.3478	0.3478	0.3478	0.3478	0.2320	
0.7509	50314     	0.3468	0.3468	0.3468	0.3468	0.2326	
0.7519	50112     	0.3457	0.3457	0.3457	0.3457	0.2332	
0.7529	49910     	0.3446	0.3446	0.3446	0.3446	0.2338	
0.7539	49708     	0.3436	0.3436	0.3436	0.3436	0.2344	
0.7549	49506     	0.3425	0.3425	0.3425	0.3425	0.2350	
0.7559	49304     	0.3415	0.3415	0.3415	0.3415	0.2356	
0.7569	49102     	0.3404	0.3404	0.3404	0.3404	0.2362	
0.7579	48900     	0.3393	0.3393	0.3393	0.3393	0.2368	
0.7589	48698     	0.3383	0.3383	0.3383	0.3383	0.2374	
0.7599	48496     	0.3372	0.3372	0.3372	0.3372	0.2380	
0.7609	48294     	0.3361	0.3361	0.3361	0.3361	0.2386	
0.7619	48092     	0.3350	0.3350	0.3350	0.3350	0.2392	
0.7629	47890     	0.3340	0.3340	0.3340	0.3340	0.2398	
0.7639	47688     	0.3329	0.3329	0.3329	0.3329	0.2404	
0.7649	47486     	0.3318	0.3318	0.3318	0.3318	0.2410	
0.7659	47284     	0.3307	0.3307	0.3307	0.3307	0.2417	
0.7669	47082     	0.3296	0.3296	0.3296	0.3296	0.2423	
0.7679	46880     	0.3285	0.3285	0.3285	0.3285	0.2429	
0.7689	46678     	0.3275	0.3275	0.3275	0.3275	0.2435	
0.7699	46476     	0.3264	0.3264	0.3264	0.3264	0.2441	
0.7709	46274     	0.3253	0.3253	0.3253	0.3253	0.2448	
0.7719	46072     	0.3242	0.3242	0.3242	0.3242	0.2454	
0.7729	45870     	0.3232	0.3232	0.3232	0.3232	0.2460	
0.7739	45668     	0.3221	0.3221	0.3221	0.3221	0.2467	
0.7749	45466     	0.3210	0.3210	0.3210	0.3210	0.2473	
0.7759	45264     	0.3199	0.3199	0.3199	0.3199	0.2480	
0.7769	45062     	0.3188	0.3188	0.3188	0.3188	0.2486	
0.7779	44860     	0.3176	0.3176	0.3176	0.3176	0.2493	
0.7789	44658     	0.3165	0.3165	0.3165	0.3165	0.2499	
0.7799	44456     	0.3154	0.3154	0.3154	0.3154	0.2506	
0.7809	44254     	0.3144	0.3144	0.3144	0.3144	0.2512	
0.7819	44052     	0.3132	0.3132	0.3132	0.3132	0.2519	
0.7829	43850     	0.3122	0.3122	0.3122	0.3122	0.2525	
0.7839	43648     	0.3111	0.3111	0.3111	0.3111	0.2532	
0.7849	43446     	0.3100	0.3100	0.3100	0.3100	0.2538	
0.7859	43244     	0.3088	0.3088	0.3088	0.3088	0.2545	
0.7869	43042     	0.3077	0.3077	0.3077	0.3077	0.2552	
0.7879	42840     	0.3066	0.3066	0.3066	0.3066	0.2559	
0.7889	42638     	0.3055	0.3055	0.3055	0.3055	0.2566	
0.7899	42436     	0.3044	0.3044	0.3044	0.3044	0.2572	
0.7909	42234     	0.3033	0.3033	0.3033	0.3033	0.2579	
0.7919	42032     	0.3021	0.3021	0.3021	0.3021	0.2586	
0.7929	41830     	0.3010	0.3010	0.3010	0.3010	0.2593	
0.7939	41628     	0.2999	0.2999	0.2999	0.2999	0.2600	
0.7949	41426     	0.2987	0.2987	0.2987	0.2987	0.2607	
0.7959	41224     	0.2976	0.2976	0.2976	0.2976	0.2614	
0.7969	41022     	0.2965	0.2965	0.2965	0.2965	0.2621	
0.7979	40820     	0.2953	0.2953	0.2953	0.2953	0.2628	
0.7989	40618     	0.2942	0.2942	0.2942	0.2942	0.2635	
0.7999	40416     	0.2930	0.2930	0.2930	0.2930	0.2642	
0.8009	40214     	0.2919	0.2919	0.2919	0.2919	0.2650	
0.8019	40012     	0.2907	0.2907	0.2907	0.2907	0.2657	
0.8029	39810     	0.2896	0.2896	0.2896	0.2896	0.2664	
0.8039	39608     	0.2884	0.2884	0.2884	0.2884	0.2672	
0.8049	39406     	0.2873	0.2873	0.2873	0.2873	0.2679	
0.8059	39204     	0.2861	0.2861	0.2861	0.2861	0.2686	
0.8069	39002     	0.2850	0.2850	0.2850	0.2850	0.2694	
0.8079	38800     	0.2838	0.2838	0.2838	0.2838	0.2701	
0.8089	38598     	0.2826	0.2826	0.2826	0.2826	0.2709	
0.8099	38396     	0.2814	0.2814	0.2814	0.2814	0.2716	
0.8109	38194     	0.2803	0.2803	0.2803	0.2803	0.2724	
0.8119	37992     	0.2791	0.2791	0.2791	0.2791	0.2732	
0.8129	37790     	0.2779	0.2779	0.2779	0.2779	0.2739	
0.8139	37588     	0.2768	0.2768	0.2768	0.2768	0.2747	
0.8149	37386     	0.2756	0.2756	0.2756	0.2756	0.2755	
0.8159	37184     	0.2744	0.2744	0.2744	0.2744	0.2762	
0.8169	36982     	0.2732	0.2732	0.2732	0.2732	0.2770	
0.8179	36780     	0.2720	0.2720	0.2720	0.2720	0.2778	
0.8189	36578     	0.2709	0.2709	0.2709	0.2709	0.2786	
0.8199	36376     	0.2697	0.2697	0.2697	0.2697	0.2794	
0.8209	36174     	0.2685	0.2685	0.2685	0.2685	0.2802	
0.8219	35972     	0.2673	0.2673	0.2673	0.2673	0.2810	
0.8229	35770     	0.2661	0.2661	0.2661	0.2661	0.2818	
0.8239	35568     	0.2649	0.2649	0.2649	0.2649	0.2826	
0.8249	35366     	0.2637	0.2637	0.2637	0.2637	0.2834	
0.8259	35164     	0.2625	0.2625	0.2625	0.2625	0.2842	
0.8269	34962     	0.2613	0.2613	0.2613	0.2613	0.2851	
0.8279	34760     	0.2600	0.2600	0.2600	0.2600	0.2859	
0.8289	34558     	0.2588	0.2588	0.2588	0.2588	0.2867	
0.8299	34356     	0.2576	0.2576	0.2576	0.2576	0.2876	
0.8309	34154     	0.2565	0.2565	0.2565	0.2565	0.2884	
0.8319	33952     	0.2552	0.2552	0.2552	0.2552	0.2892	
0.8329	33750     	0.2540	0.2540	0.2540	0.2540	0.2901	
0.8339	33548     	0.2528	0.2528	0.2528	0.2528	0.2909	
0.8349	33346     	0.2516	0.2516	0.2516	0.2516	0.2918	
0.8359	33144     	0.2503	0.2503	0.2503	0.2503	0.2927	
0.8369	32942     	0.2491	0.2491	0.2491	0.2491	0.2935	
0.8379	32740     	0.2479	0.2479	0.2479	0.2479	0.2944	
0.8389	32538     	0.2466	0.2466	0.2466	0.2466	0.2953	
0.8399	32336     	0.2454	0.2454	0.2454	0.2454	0.2962	
0.8409	32134     	0.2441	0.2441	0.2441	0.2441	0.2971	
0.8419	31932     	0.2429	0.2429	0.2429	0.2429	0.2980	
0.8429	31730     	0.2417	0.2417	0.2417	0.2417	0.2989	
0.8439	31528     	0.2404	0.2404	0.2404	0.2404	0.2998	
0.8449	31326     	0.2392	0.2392	0.2392	0.2392	0.3007	
0.8459	31124     	0.2379	0.2379	0.2379	0.2379	0.3016	
0.8469	30922     	0.2367	0.2367	0.2367	0.2367	0.3025	
0.8479	30720     	0.2354	0.2354	0.2354	0.2354	0.3035	
0.8489	30518     	0.2341	0.2341	0.2341	0.2341	0.3044	
0.8499	30316     	0.2328	0.2328	0.2328	0.2328	0.3053	
0.8509	30114     	0.2316	0.2316	0.2316	0.2316	0.3063	
0.8519	29912     	0.2303	0.2303	0.2303	0.2303	0.3073	
0.8529	29710     	0.2290	0.2290	0.2290	0.2290	0.3082	
0.8539	29508     	0.2277	0.2277	0.2277	0.2277	0.3092	
0.8549	29306     	0.2264	0.2264	0.2264	0.2264	0.3102	
0.8559	29104     	0.2252	0.2252	0.2252	0.2252	0.3112	
0.8569	28902     	0.2239	0.2239	0.2239	0.2239	0.3121	
0.8579	28700     	0.2226	0.2226	0.2226	0.2226	0.3131	
0.8589	28498     	0.2213	0.2213	0.2213	0.2213	0.3141	
0.8599	28296     	0.2200	0.2200	0.2200	0.2200	0.3151	
0.8609	28094     	0.2187	0.2187	0.2187	0.2187	0.3162	
0.8619	27892     	0.2174	0.2174	0.2174	0.2174	0.3172	
0.8629	27690     	0.2161	0.2161	0.2161	0.2161	0.3182	
0.8639	27488     	0.2148	0.2148	0.2148	0.2148	0.3192	
0.8649	27286     	0.2135	0.2135	0.2135	0.2135	0.3203	
0.8659	27084     	0.2122	0.2122	0.2122	0.2122	0.3213	
0.8669	26882     	0.2109	0.2109	0.2109	0.2109	0.3223	
0.8679	26680     	0.2096	0.2096	0.2096	0.2096	0.3234	
0.8689	26478     	0.2083	0.2083	0.2083	0.2083	0.3245	
0.8699	26276     	0.2069	0.2069	0.2069	0.2069	0.3255	
0.8709	26074     	0.2056	0.2056	0.2056	0.2056	0.3266	
0.8719	25872     	0.2043	0.2043	0.2043	0.2043	0.3277	
0.8729	25670     	0.2030	0.2030	0.2030	0.2030	0.3287	
0.8739	25468     	0.2017	0.2017	0.2017	0.2017	0.3298	
0.8749	25266     	0.2004	0.2004	0.2004	0.2004	0.3309	
0.8759	25064     	0.1990	0.1990	0.1990	0.1990	0.3321	
0.8769	24862     	0.1977	0.1977	0.1977	0.1977	0.3332	
0.8779	24660     	0.1964	0.1964	0.1964	0.1964	0.3343	
0.8789	24458     	0.1950	0.1950	0.1950	0.1950	0.3355	
0.8799	24256     	0.1937	0.1937	0.1937	0.1937	0.3366	
0.8809	24054     	0.1924	0.1924	0.1924	0.1924	0.3377	
0.8819	23852     	0.1910	0.1910	0.1910	0.1910	0.3389	
0.8829	23650     	0.1896	0.1896	0.1896	0.1896	0.3401	
0.8839	23448     	0.1883	0.1883	0.1883	0.1883	0.3413	
0.8849	23246     	0.1869	0.1869	0.1869	0.1869	0.3425	
0.8859	23044     	0.1856	0.1856	0.1856	0.1856	0.3437	
0.8869	22842     	0.1843	0.1843	0.1843	0.1843	0.3448	
0.8879	22640     	0.1829	0.1829	0.1829	0.1829	0.3460	
0.8889	22438     	0.1815	0.1815	0.1815	0.1815	0.3472	
0.8899	22236     	0.1802	0.1802	0.1802	0.1802	0.3485	
0.8909	22034     	0.1788	0.1788	0.1788	0.1788	0.3497	
0.8919	21832     	0.1774	0.1774	0.1774	0.1774	0.3510	
0.8929	21630     	0.1760	0.1760	0.1760	0.1760	0.3523	
0.8939	21428     	0.1747	0.1747	0.1747	0.1747	0.3535	
0.8949	21226     	0.1733	0.1733	0.1733	0.1733	0.3548	
0.8959	21024     	0.1719	0.1719	0.1719	0.1719	0.3561	
0.8969	20822     	0.1705	0.1705	0.1705	0.1705	0.3574	
0.8979	20620     	0.1691	0.1691	0.1691	0.1691	0.3587	
0.8989	20418     	0.1677	0.1677	0.1677	0.1677	0.3600	
0.8999	20216     	0.1663	0.1663	0.1663	0.1663	0.3614	
0.9009	20014     	0.1649	0.1649	0.1649	0.1649	0.3627	
0.9019	19812     	0.1635	0.1635	0.1635	0.1635	0.3641	
0.9029	19610     	0.1621	0.1621	0.1621	0.1621	0.3655	
0.9039	19408     	0.1607	0.1607	0.1607	0.1607	0.3669	
0.9049	19206     	0.1593	0.1593	0.1593	0.1593	0.3683	
0.9059	19004     	0.1578	0.1578	0.1578	0.1578	0.3697	
0.9069	18802     	0.1564	0.1564	0.1564	0.1564	0.3711	
0.9079	18600     	0.1550	0.1550	0.1550	0.1550	0.3726	
0.9089	18398     	0.1535	0.1535	0.1535	0.1535	0.3740	
0.9099	18196     	0.1521	0.1521	0.1521	0.1521	0.3755	
0.9109	17994     	0.1507	0.1507	0.1507	0.1507	0.3770	
0.9119	17792     	0.1492	0.1492	0.1492	0.1492	0.3785	
0.9129	17590     	0.1477	0.1477	0.1477	0.1477	0.3800	
0.9139	17388     	0.1463	0.1463	0.1463	0.1463	0.3815	
0.9149	17186     	0.1448	0.1448	0.1448	0.1448	0.3831	
0.9159	16984     	0.1434	0.1434	0.1434	0.1434	0.3847	
0.9169	16782     	0.1419	0.1419	0.1419	0.1419	0.3862	
0.9179	16580     	0.1404	0.1404	0.1404	0.1404	0.3878	
0.9189	16378     	0.1390	0.1390	0.1390	0.1390	0.3895	
0.9199	16176     	0.1375	0.1375	0.1375	0.1375	0.3911	
0.9209	15974     	0.1360	0.1360	0.1360	0.1360	0.3927	
0.9219	15772     	0.1345	0.1345	0.1345	0.1345	0.3944	
0.9229	15570     	0.1330	0.1330	0.1330	0.1330	0.3961	
0.9239	15368     	0.1316	0.1316	0.1316	0.1316	0.3978	
0.9249	15166     	0.1301	0.1301	0.1301	0.1301	0.3994	
0.9259	14964     	0.1286	0.1286	0.1286	0.1286	0.4012	
0.9269	14762     	0.1271	0.1271	0.1271	0.1271	0.4029	
0.9279	14560     	0.1256	0.1256	0.1256	0.1256	0.4047	
0.9289	14358     	0.1241	0.1241	0.1241	0.1241	0.4065	
0.9299	14156     	0.1226	0.1226	0.1226	0.1226	0.4083	
0.9309	13954     	0.1211	0.1211	0.1211	0.1211	0.4101	
0.9319	13752     	0.1196	0.1196	0.1196	0.1196	0.4120	
0.9329	13550     	0.1180	0.1180	0.1180	0.1180	0.4139	
0.9339	13348     	0.1165	0.1165	0.1165	0.1165	0.4158	
0.9349	13146     	0.1150	0.1150	0.1150	0.1150	0.4177	
0.9359	12944     	0.1134	0.1134	0.1134	0.1134	0.4196	
0.9369	12742     	0.1119	0.1119	0.1119	0.1119	0.4216	
0.9379	12540     	0.1104	0.1104	0.1104	0.1104	0.4236	
0.9389	12338     	0.1089	0.1089	0.1089	0.1089	0.4256	
0.9399	12136     	0.1073	0.1073	0.1073	0.1073	0.4276	
0.9409	11934     	0.1057	0.1057	0.1057	0.1057	0.4297	
0.9419	11732     	0.1042	0.1042	0.1042	0.1042	0.4319	
0.9429	11530     	0.1026	0.1026	0.1026	0.1026	0.4340	
0.9439	11328     	0.1010	0.1010	0.1010	0.1010	0.4362	
0.9449	11126     	0.0995	0.0995	0.0995	0.0995	0.4384	
0.9459	10924     	0.0979	0.0979	0.0979	0.0979	0.4407	
0.9469	10722     	0.0963	0.0963	0.0963	0.0963	0.4429	
0.9479	10520     	0.0947	0.0947	0.0947	0.0947	0.4453	
0.9489	10318     	0.0931	0.0931	0.0931	0.0931	0.4476	
0.9499	10116     	0.0915	0.0915	0.0915	0.0915	0.4500	
0.9509	9914      	0.0899	0.0899	0.0899	0.0899	0.4524	
0.9519	9712      	0.0883	0.0883	0.0883	0.0883	0.4549	
0.9529	9510      	0.0867	0.0867	0.0867	0.0867	0.4574	
0.9539	9308      	0.0851	0.0851	0.0851	0.0851	0.4599	
0.9549	9106      	0.0834	0.0834	0.0834	0.0834	0.4625	
0.9559	8904      	0.0818	0.0818	0.0818	0.0818	0.4652	
0.9569	8702      	0.0802	0.0802	0.0802	0.0802	0.4679	
0.9579	8500      	0.0785	0.0785	0.0785	0.0785	0.4706	
0.9589	8298      	0.0769	0.0769	0.0769	0.0769	0.4735	
0.9599	8096      	0.0752	0.0752	0.0752	0.0752	0.4763	
0.9609	7894      	0.0735	0.0735	0.0735	0.0735	0.4792	
0.9619	7692      	0.0719	0.0719	0.0719	0.0719	0.4822	
0.9629	7490      	0.0702	0.0702	0.0702	0.0702	0.4852	
0.9639	7288      	0.0685	0.0685	0.0685	0.0685	0.4883	
0.9649	7086      	0.0668	0.0668	0.0668	0.0668	0.4915	
0.9659	6884      	0.0652	0.0652	0.0652	0.0652	0.4948	
0.9669	6682      	0.0635	0.0635	0.0635	0.0635	0.4981	
0.9679	6480      	0.0617	0.0617	0.0617	0.0617	0.5015	
0.9689	6278      	0.0600	0.0600	0.0600	0.0600	0.5050	
0.9699	6076      	0.0583	0.0583	0.0583	0.0583	0.5086	
0.9709	5874      	0.0566	0.0566	0.0566	0.0566	0.5123	
0.9719	5672      	0.0548	0.0548	0.0548	0.0548	0.5161	
0.9729	5470      	0.0531	0.0531	0.0531	0.0531	0.5200	
0.9739	5268      	0.0513	0.0513	0.0513	0.0513	0.5240	
0.9749	5066      	0.0496	0.0496	0.0496	0.0496	0.5282	
0.9759	4864      	0.0478	0.0478	0.0478	0.0478	0.5325	
0.9769	4662      	0.0460	0.0460	0.0460	0.0460	0.5369	
0.9779	4460      	0.0442	0.0442	0.0442	0.0442	0.5415	
0.9789	4258      	0.0424	0.0424	0.0424	0.0424	0.5462	
0.9799	4056      	0.0406	0.0406	0.0406	0.0406	0.5512	
0.9809	3854      	0.0388	0.0388	0.0388	0.0388	0.5563	
0.9819	3652      	0.0369	0.0369	0.0369	0.0369	0.5616	
0.9829	3450      	0.0351	0.0351	0.0351	0.0351	0.5672	
0.9839	3248      	0.0332	0.0332	0.0332	0.0332	0.5731	
0.9849	3046      	0.0313	0.0313	0.0313	0.0313	0.5792	
0.9859	2844      	0.0295	0.0295	0.0295	0.0295	0.5857	
0.9869	2642      	0.0276	0.0276	0.0276	0.0276	0.5926	
0.9879	2440      	0.0256	0.0256	0.0256	0.0256	0.5998	
0.9889	2238      	0.0237	0.0237	0.0237	0.0237	0.6076	
0.9899	2036      	0.0217	0.0217	0.0217	0.0217	0.6160	
0.9909	1834      	0.0198	0.0198	0.0198	0.0198	0.6250	
0.9919	1632      	0.0178	0.0178	0.0178	0.0178	0.6349	
0.9929	1430      	0.0157	0.0157	0.0157	0.0157	0.6458	
0.9939	1228      	0.0137	0.0137	0.0137	0.0137	0.6580	
0.9949	1026      	0.0116	0.0116	0.0116	0.0116	0.6719	
0.9959	824       	0.0095	0.0095	0.0095	0.0095	0.6881	
0.9969	622       	0.0073	0.0073	0.0073	0.0073	0.7081	
0.9979	420       	0.0050	0.0050	0.0050	0.0050	0.7339	
0.9989	218       	0.0027	0.0027	0.0027	0.0027	0.7725	
0.9999	16        	0.0002	0.0002	0.0002	0.0002	0.8795	
1.0000	0         	0.0000	0.0000	0.0000	0.0000	1.0000	
