# Prop_landscape_lost  cost_needed_for_top_fraction  min_prop_rem  ave_prop_rem  W_prop_rem  ext-1  ext-2  prop_for_each_biodiversity_feature_(e.g._species)_remaining_at_level_of_removal...
0.00001  2.0202e+005  0.75944 0.75944 0.75944   0.06648 0.06648   0.759 
0.00101  2.0181e+005  0.75944 0.75944 0.75944   0.03324 0.06648   0.759 
0.00201  2.0161e+005  0.75944 0.75944 0.75944   0.02216 0.06648   0.759 
0.00301  2.0141e+005  0.75943 0.75943 0.75943   0.01662 0.06648   0.759 
0.00401  2.0121e+005  0.75942 0.75942 0.75942   0.01330 0.06649   0.759 
0.00501  2.0101e+005  0.75940 0.75940 0.75940   0.01108 0.06649   0.759 
0.00601  2.008e+005  0.75939 0.75939 0.75939   0.00950 0.06650   0.759 
0.00701  2.006e+005  0.75937 0.75937 0.75937   0.00831 0.06650   0.759 
0.00801  2.004e+005  0.75936 0.75936 0.75936   0.00739 0.06651   0.759 
0.00901  2.002e+005  0.75934 0.75934 0.75934   0.00665 0.06651   0.759 
0.01001  2e+005      0.75933 0.75933 0.75933   0.00605 0.06652   0.759 
0.01101  1.9979e+005  0.75931 0.75931 0.75931   0.00554 0.06652   0.759 
0.01201  1.9959e+005  0.75929 0.75929 0.75929   0.00512 0.06653   0.759 
0.01301  1.9939e+005  0.75927 0.75927 0.75927   0.00475 0.06653   0.759 
0.01401  1.9919e+005  0.75925 0.75925 0.75925   0.00444 0.06654   0.759 
0.01501  1.9899e+005  0.75923 0.75923 0.75923   0.00416 0.06655   0.759 
0.01601  1.9878e+005  0.75921 0.75921 0.75921   0.00391 0.06655   0.759 
0.01701  1.9858e+005  0.75919 0.75919 0.75919   0.00370 0.06656   0.759 
0.01801  1.9838e+005  0.75917 0.75917 0.75917   0.00350 0.06656   0.759 
0.01901  1.9818e+005  0.75914 0.75914 0.75914   0.00333 0.06657   0.759 
0.02001  1.9798e+005  0.75911 0.75911 0.75911   0.00317 0.06658   0.759 
0.02101  1.9777e+005  0.75908 0.75908 0.75908   0.00303 0.06659   0.759 
0.02201  1.9757e+005  0.75905 0.75905 0.75905   0.00290 0.06660   0.759 
0.02301  1.9737e+005  0.75903 0.75903 0.75903   0.00278 0.06661   0.759 
0.02401  1.9717e+005  0.75900 0.75900 0.75900   0.00266 0.06662   0.759 
0.02501  1.9697e+005  0.75896 0.75896 0.75896   0.00256 0.06663   0.759 
0.02601  1.9676e+005  0.75893 0.75893 0.75893   0.00247 0.06664   0.759 
0.02701  1.9656e+005  0.75889 0.75889 0.75889   0.00238 0.06665   0.759 
0.02801  1.9636e+005  0.75886 0.75886 0.75886   0.00230 0.06666   0.759 
0.02901  1.9616e+005  0.75882 0.75882 0.75882   0.00222 0.06667   0.759 
0.03001  1.9596e+005  0.75878 0.75878 0.75878   0.00215 0.06668   0.759 
0.03101  1.9575e+005  0.75873 0.75873 0.75873   0.00208 0.06670   0.759 
0.03201  1.9555e+005  0.75869 0.75869 0.75869   0.00202 0.06671   0.759 
0.03301  1.9535e+005  0.75864 0.75864 0.75864   0.00196 0.06673   0.759 
0.03401  1.9515e+005  0.75858 0.75858 0.75858   0.00191 0.06674   0.759 
0.03501  1.9495e+005  0.75853 0.75853 0.75853   0.00185 0.06676   0.759 
0.03601  1.9474e+005  0.75847 0.75847 0.75847   0.00180 0.06678   0.758 
0.03701  1.9454e+005  0.75840 0.75840 0.75840   0.00176 0.06680   0.758 
0.03801  1.9434e+005  0.75833 0.75833 0.75833   0.00171 0.06682   0.758 
0.03901  1.9414e+005  0.75826 0.75826 0.75826   0.00167 0.06684   0.758 
0.04001  1.9394e+005  0.75819 0.75819 0.75819   0.00163 0.06686   0.758 
0.04101  1.9373e+005  0.75811 0.75811 0.75811   0.00159 0.06689   0.758 
0.04201  1.9353e+005  0.75803 0.75803 0.75803   0.00156 0.06691   0.758 
0.04301  1.9333e+005  0.75795 0.75795 0.75795   0.00152 0.06694   0.758 
0.04401  1.9313e+005  0.75786 0.75786 0.75786   0.00149 0.06697   0.758 
0.04501  1.9293e+005  0.75776 0.75776 0.75776   0.00146 0.06700   0.758 
0.04601  1.9272e+005  0.75767 0.75767 0.75767   0.00143 0.06703   0.758 
0.04701  1.9252e+005  0.75756 0.75756 0.75756   0.00140 0.06706   0.758 
0.04801  1.9232e+005  0.75746 0.75746 0.75746   0.00137 0.06709   0.757 
0.04901  1.9212e+005  0.75736 0.75736 0.75736   0.00134 0.06712   0.757 
0.05001  1.9192e+005  0.75724 0.75724 0.75724   0.00132 0.06716   0.757 
0.05101  1.9171e+005  0.75712 0.75712 0.75712   0.00129 0.06719   0.757 
0.05201  1.9151e+005  0.75703 0.75703 0.75703   0.00127 0.06722   0.757 
0.05301  1.9131e+005  0.75690 0.75690 0.75690   0.00125 0.06726   0.757 
0.05401  1.9111e+005  0.75679 0.75679 0.75679   0.00122 0.06730   0.757 
0.05500  1.9091e+005  0.75670 0.75670 0.75670   0.00120 0.06732   0.757 
0.05600  1.907e+005  0.75666 0.75666 0.75666   0.00118 0.06734   0.757 
0.05700  1.905e+005  0.75663 0.75663 0.75663   0.00116 0.06735   0.757 
0.05800  1.903e+005  0.75658 0.75658 0.75658   0.00114 0.06736   0.757 
0.05900  1.901e+005  0.75652 0.75652 0.75652   0.00112 0.06738   0.757 
0.06000  1.899e+005  0.75651 0.75651 0.75651   0.00110 0.06738   0.757 
0.06100  1.8969e+005  0.75648 0.75648 0.75648   0.00109 0.06739   0.756 
0.06200  1.8949e+005  0.75644 0.75644 0.75644   0.00107 0.06740   0.756 
0.06300  1.8929e+005  0.75638 0.75638 0.75638   0.00105 0.06742   0.756 
0.06400  1.8909e+005  0.75632 0.75632 0.75632   0.00104 0.06744   0.756 
0.06500  1.8889e+005  0.75628 0.75628 0.75628   0.00102 0.06745   0.756 
0.06600  1.8868e+005  0.75625 0.75625 0.75625   0.00101 0.06746   0.756 
0.06700  1.8848e+005  0.75617 0.75617 0.75617   0.00099 0.06749   0.756 
0.06800  1.8828e+005  0.75607 0.75607 0.75607   0.00098 0.06752   0.756 
0.06900  1.8808e+005  0.75600 0.75600 0.75600   0.00096 0.06754   0.756 
0.07000  1.8788e+005  0.75591 0.75591 0.75591   0.00095 0.06757   0.756 
0.07100  1.8767e+005  0.75581 0.75581 0.75581   0.00094 0.06760   0.756 
0.07200  1.8747e+005  0.75570 0.75570 0.75570   0.00093 0.06763   0.756 
0.07300  1.8727e+005  0.75558 0.75558 0.75558   0.00091 0.06767   0.756 
0.07400  1.8707e+005  0.75546 0.75546 0.75546   0.00090 0.06771   0.755 
0.07500  1.8687e+005  0.75536 0.75536 0.75536   0.00089 0.06774   0.755 
0.07600  1.8666e+005  0.75524 0.75524 0.75524   0.00088 0.06778   0.755 
0.07700  1.8646e+005  0.75511 0.75511 0.75511   0.00087 0.06782   0.755 
0.07800  1.8626e+005  0.75497 0.75497 0.75497   0.00086 0.06786   0.755 
0.07900  1.8606e+005  0.75485 0.75485 0.75485   0.00085 0.06789   0.755 
0.08000  1.8586e+005  0.75471 0.75471 0.75471   0.00084 0.06794   0.755 
0.08100  1.8565e+005  0.75460 0.75460 0.75460   0.00083 0.06797   0.755 
0.08200  1.8545e+005  0.75446 0.75446 0.75446   0.00082 0.06802   0.754 
0.08300  1.8525e+005  0.75432 0.75432 0.75432   0.00081 0.06806   0.754 
0.08400  1.8505e+005  0.75421 0.75421 0.75421   0.00080 0.06809   0.754 
0.08500  1.8485e+005  0.75406 0.75406 0.75406   0.00079 0.06814   0.754 
0.08600  1.8464e+005  0.75391 0.75391 0.75391   0.00078 0.06819   0.754 
0.08700  1.8444e+005  0.75376 0.75376 0.75376   0.00078 0.06823   0.754 
0.08800  1.8424e+005  0.75361 0.75361 0.75361   0.00077 0.06828   0.754 
0.08900  1.8404e+005  0.75345 0.75345 0.75345   0.00076 0.06833   0.753 
0.09000  1.8384e+005  0.75331 0.75331 0.75331   0.00075 0.06837   0.753 
0.09100  1.8363e+005  0.75318 0.75318 0.75318   0.00074 0.06841   0.753 
0.09200  1.8343e+005  0.75302 0.75302 0.75302   0.00074 0.06846   0.753 
0.09300  1.8323e+005  0.75285 0.75285 0.75285   0.00073 0.06851   0.753 
0.09400  1.8303e+005  0.75270 0.75270 0.75270   0.00072 0.06856   0.753 
0.09500  1.8283e+005  0.75254 0.75254 0.75254   0.00071 0.06861   0.753 
0.09600  1.8262e+005  0.75240 0.75240 0.75240   0.00071 0.06865   0.752 
0.09700  1.8242e+005  0.75223 0.75223 0.75223   0.00070 0.06871   0.752 
0.09800  1.8222e+005  0.75208 0.75208 0.75208   0.00069 0.06875   0.752 
0.09900  1.8202e+005  0.75193 0.75193 0.75193   0.00069 0.06880   0.752 
0.10000  1.8182e+005  0.75176 0.75176 0.75176   0.00068 0.06885   0.752 
0.10100  1.8161e+005  0.75159 0.75159 0.75159   0.00068 0.06890   0.752 
0.10200  1.8141e+005  0.75143 0.75143 0.75143   0.00067 0.06895   0.751 
0.10300  1.8121e+005  0.75126 0.75126 0.75126   0.00066 0.06901   0.751 
0.10400  1.8101e+005  0.75107 0.75107 0.75107   0.00066 0.06906   0.751 
0.10500  1.8081e+005  0.75089 0.75089 0.75089   0.00065 0.06912   0.751 
0.10600  1.806e+005  0.75072 0.75072 0.75072   0.00065 0.06917   0.751 
0.10700  1.804e+005  0.75053 0.75053 0.75053   0.00064 0.06923   0.751 
0.10800  1.802e+005  0.75034 0.75034 0.75034   0.00064 0.06929   0.750 
0.10900  1.8e+005    0.75016 0.75016 0.75016   0.00063 0.06935   0.750 
0.11000  1.798e+005  0.74996 0.74996 0.74996   0.00063 0.06941   0.750 
0.11100  1.7959e+005  0.74978 0.74978 0.74978   0.00062 0.06946   0.750 
0.11200  1.7939e+005  0.74957 0.74957 0.74957   0.00062 0.06953   0.750 
0.11300  1.7919e+005  0.74938 0.74938 0.74938   0.00061 0.06959   0.749 
0.11400  1.7899e+005  0.74918 0.74918 0.74918   0.00061 0.06965   0.749 
0.11500  1.7879e+005  0.74898 0.74898 0.74898   0.00060 0.06971   0.749 
0.11600  1.7858e+005  0.74879 0.74879 0.74879   0.00060 0.06977   0.749 
0.11700  1.7838e+005  0.74859 0.74859 0.74859   0.00059 0.06983   0.749 
0.11800  1.7818e+005  0.74839 0.74839 0.74839   0.00059 0.06990   0.748 
0.11900  1.7798e+005  0.74818 0.74818 0.74818   0.00058 0.06996   0.748 
0.12000  1.7778e+005  0.74796 0.74796 0.74796   0.00058 0.07003   0.748 
0.12100  1.7757e+005  0.74777 0.74777 0.74777   0.00057 0.07009   0.748 
0.12200  1.7737e+005  0.74758 0.74758 0.74758   0.00057 0.07015   0.748 
0.12300  1.7717e+005  0.74737 0.74737 0.74737   0.00057 0.07021   0.747 
0.12400  1.7697e+005  0.74715 0.74715 0.74715   0.00056 0.07028   0.747 
0.12500  1.7677e+005  0.74698 0.74698 0.74698   0.00056 0.07033   0.747 
0.12600  1.7656e+005  0.74678 0.74678 0.74678   0.00055 0.07040   0.747 
0.12700  1.7636e+005  0.74667 0.74667 0.74667   0.00055 0.07043   0.747 
0.12800  1.7616e+005  0.74648 0.74648 0.74648   0.00055 0.07049   0.746 
0.12900  1.7596e+005  0.74625 0.74625 0.74625   0.00054 0.07056   0.746 
0.13000  1.7576e+005  0.74604 0.74604 0.74604   0.00054 0.07063   0.746 
0.13100  1.7555e+005  0.74582 0.74582 0.74582   0.00054 0.07069   0.746 
0.13200  1.7535e+005  0.74563 0.74563 0.74563   0.00053 0.07075   0.746 
0.13300  1.7515e+005  0.74540 0.74540 0.74540   0.00053 0.07082   0.745 
0.13400  1.7495e+005  0.74517 0.74517 0.74517   0.00053 0.07090   0.745 
0.13500  1.7475e+005  0.74498 0.74498 0.74498   0.00052 0.07096   0.745 
0.13600  1.7454e+005  0.74474 0.74474 0.74474   0.00052 0.07103   0.745 
0.13700  1.7434e+005  0.74452 0.74452 0.74452   0.00052 0.07110   0.745 
0.13800  1.7414e+005  0.74428 0.74428 0.74428   0.00051 0.07117   0.744 
0.13900  1.7394e+005  0.74411 0.74411 0.74411   0.00051 0.07123   0.744 
0.14000  1.7374e+005  0.74397 0.74397 0.74397   0.00051 0.07127   0.744 
0.14100  1.7353e+005  0.74373 0.74373 0.74373   0.00050 0.07135   0.744 
0.14200  1.7333e+005  0.74350 0.74350 0.74350   0.00050 0.07142   0.743 
0.14300  1.7313e+005  0.74328 0.74328 0.74328   0.00050 0.07149   0.743 
0.14400  1.7293e+005  0.74303 0.74303 0.74303   0.00049 0.07156   0.743 
0.14500  1.7273e+005  0.74280 0.74280 0.74280   0.00049 0.07164   0.743 
0.14600  1.7252e+005  0.74256 0.74256 0.74256   0.00049 0.07171   0.743 
0.14700  1.7232e+005  0.74234 0.74234 0.74234   0.00049 0.07178   0.742 
0.14800  1.7212e+005  0.74210 0.74210 0.74210   0.00048 0.07186   0.742 
0.14900  1.7192e+005  0.74185 0.74185 0.74185   0.00048 0.07193   0.742 
0.15000  1.7172e+005  0.74159 0.74159 0.74159   0.00048 0.07201   0.742 
0.15100  1.7151e+005  0.74138 0.74138 0.74138   0.00047 0.07208   0.741 
0.15200  1.7131e+005  0.74112 0.74112 0.74112   0.00047 0.07216   0.741 
0.15300  1.7111e+005  0.74090 0.74090 0.74090   0.00047 0.07223   0.741 
0.15400  1.7091e+005  0.74064 0.74064 0.74064   0.00047 0.07231   0.741 
0.15500  1.7071e+005  0.74041 0.74041 0.74041   0.00046 0.07238   0.740 
0.15600  1.705e+005  0.74014 0.74014 0.74014   0.00046 0.07247   0.740 
0.15700  1.703e+005  0.73989 0.73989 0.73989   0.00046 0.07255   0.740 
0.15800  1.701e+005  0.73963 0.73963 0.73963   0.00046 0.07263   0.740 
0.15900  1.699e+005  0.73938 0.73938 0.73938   0.00045 0.07271   0.739 
0.16000  1.697e+005  0.73913 0.73913 0.73913   0.00045 0.07279   0.739 
0.16100  1.6949e+005  0.73890 0.73890 0.73890   0.00045 0.07286   0.739 
0.16200  1.6929e+005  0.73864 0.73864 0.73864   0.00045 0.07294   0.739 
0.16300  1.6909e+005  0.73840 0.73840 0.73840   0.00045 0.07301   0.738 
0.16400  1.6889e+005  0.73815 0.73815 0.73815   0.00044 0.07309   0.738 
0.16500  1.6869e+005  0.73789 0.73789 0.73789   0.00044 0.07318   0.738 
0.16600  1.6848e+005  0.73777 0.73777 0.73777   0.00044 0.07321   0.738 
0.16700  1.6828e+005  0.73751 0.73751 0.73751   0.00044 0.07329   0.738 
0.16799  1.6808e+005  0.73723 0.73723 0.73723   0.00043 0.07338   0.737 
0.16899  1.6788e+005  0.73697 0.73697 0.73697   0.00043 0.07346   0.737 
0.16999  1.6768e+005  0.73668 0.73668 0.73668   0.00043 0.07355   0.737 
0.17099  1.6747e+005  0.73641 0.73641 0.73641   0.00043 0.07364   0.736 
0.17199  1.6727e+005  0.73618 0.73618 0.73618   0.00043 0.07371   0.736 
0.17299  1.6707e+005  0.73590 0.73590 0.73590   0.00042 0.07380   0.736 
0.17399  1.6687e+005  0.73570 0.73570 0.73570   0.00042 0.07386   0.736 
0.17499  1.6667e+005  0.73544 0.73544 0.73544   0.00042 0.07394   0.735 
0.17599  1.6646e+005  0.73516 0.73516 0.73516   0.00042 0.07403   0.735 
0.17699  1.6626e+005  0.73489 0.73489 0.73489   0.00042 0.07412   0.735 
0.17799  1.6606e+005  0.73461 0.73461 0.73461   0.00041 0.07421   0.735 
0.17899  1.6586e+005  0.73433 0.73433 0.73433   0.00041 0.07429   0.734 
0.17999  1.6566e+005  0.73404 0.73404 0.73404   0.00041 0.07439   0.734 
0.18099  1.6545e+005  0.73387 0.73387 0.73387   0.00041 0.07444   0.734 
0.18199  1.6525e+005  0.73362 0.73362 0.73362   0.00041 0.07452   0.734 
0.18299  1.6505e+005  0.73333 0.73333 0.73333   0.00041 0.07461   0.733 
0.18399  1.6485e+005  0.73303 0.73303 0.73303   0.00040 0.07471   0.733 
0.18499  1.6465e+005  0.73278 0.73278 0.73278   0.00040 0.07478   0.733 
0.18599  1.6444e+005  0.73252 0.73252 0.73252   0.00040 0.07487   0.733 
0.18699  1.6424e+005  0.73237 0.73237 0.73237   0.00040 0.07491   0.732 
0.18799  1.6404e+005  0.73224 0.73224 0.73224   0.00040 0.07496   0.732 
0.18899  1.6384e+005  0.73209 0.73209 0.73209   0.00039 0.07500   0.732 
0.18999  1.6364e+005  0.73188 0.73188 0.73188   0.00039 0.07507   0.732 
0.19099  1.6343e+005  0.73163 0.73163 0.73163   0.00039 0.07515   0.732 
0.19199  1.6323e+005  0.73133 0.73133 0.73133   0.00039 0.07524   0.731 
0.19299  1.6303e+005  0.73103 0.73103 0.73103   0.00039 0.07533   0.731 
0.19399  1.6283e+005  0.73073 0.73073 0.73073   0.00039 0.07543   0.731 
0.19499  1.6263e+005  0.73042 0.73042 0.73042   0.00039 0.07553   0.730 
0.19599  1.6242e+005  0.73013 0.73013 0.73013   0.00038 0.07562   0.730 
0.19699  1.6222e+005  0.72984 0.72984 0.72984   0.00038 0.07571   0.730 
0.19799  1.6202e+005  0.72953 0.72953 0.72953   0.00038 0.07581   0.730 
0.19899  1.6182e+005  0.72925 0.72925 0.72925   0.00038 0.07590   0.729 
0.19999  1.6162e+005  0.72898 0.72898 0.72898   0.00038 0.07599   0.729 
0.20099  1.6141e+005  0.72877 0.72877 0.72877   0.00038 0.07605   0.729 
0.20199  1.6121e+005  0.72854 0.72854 0.72854   0.00038 0.07613   0.729 
0.20299  1.6101e+005  0.72834 0.72834 0.72834   0.00037 0.07619   0.728 
0.20399  1.6081e+005  0.72804 0.72804 0.72804   0.00037 0.07628   0.728 
0.20499  1.6061e+005  0.72773 0.72773 0.72773   0.00037 0.07638   0.728 
0.20599  1.604e+005  0.72743 0.72743 0.72743   0.00037 0.07648   0.727 
0.20699  1.602e+005  0.72711 0.72711 0.72711   0.00037 0.07658   0.727 
0.20799  1.6e+005    0.72682 0.72682 0.72682   0.00037 0.07667   0.727 
0.20899  1.598e+005  0.72651 0.72651 0.72651   0.00037 0.07677   0.727 
0.20999  1.596e+005  0.72620 0.72620 0.72620   0.00036 0.07687   0.726 
0.21099  1.5939e+005  0.72590 0.72590 0.72590   0.00036 0.07696   0.726 
0.21199  1.5919e+005  0.72557 0.72557 0.72557   0.00036 0.07707   0.726 
0.21299  1.5899e+005  0.72524 0.72524 0.72524   0.00036 0.07717   0.725 
0.21399  1.5879e+005  0.72494 0.72494 0.72494   0.00036 0.07727   0.725 
0.21499  1.5859e+005  0.72462 0.72462 0.72462   0.00036 0.07737   0.725 
0.21599  1.5838e+005  0.72430 0.72430 0.72430   0.00036 0.07747   0.724 
0.21699  1.5818e+005  0.72399 0.72399 0.72399   0.00036 0.07757   0.724 
0.21799  1.5798e+005  0.72369 0.72369 0.72369   0.00035 0.07766   0.724 
0.21899  1.5778e+005  0.72340 0.72340 0.72340   0.00035 0.07776   0.723 
0.21999  1.5758e+005  0.72313 0.72313 0.72313   0.00035 0.07785   0.723 
0.22099  1.5737e+005  0.72279 0.72279 0.72279   0.00035 0.07795   0.723 
0.22199  1.5717e+005  0.72245 0.72245 0.72245   0.00035 0.07806   0.722 
0.22299  1.5697e+005  0.72211 0.72211 0.72211   0.00035 0.07817   0.722 
0.22399  1.5677e+005  0.72179 0.72179 0.72179   0.00035 0.07827   0.722 
0.22499  1.5657e+005  0.72144 0.72144 0.72144   0.00035 0.07838   0.721 
0.22599  1.5636e+005  0.72110 0.72110 0.72110   0.00035 0.07849   0.721 
0.22699  1.5616e+005  0.72077 0.72077 0.72077   0.00034 0.07860   0.721 
0.22799  1.5596e+005  0.72045 0.72045 0.72045   0.00034 0.07870   0.720 
0.22899  1.5576e+005  0.72011 0.72011 0.72011   0.00034 0.07881   0.720 
0.22999  1.5556e+005  0.71993 0.71993 0.71993   0.00034 0.07886   0.720 
0.23099  1.5535e+005  0.71962 0.71962 0.71962   0.00034 0.07896   0.720 
0.23199  1.5515e+005  0.71930 0.71930 0.71930   0.00034 0.07907   0.719 
0.23299  1.5495e+005  0.71896 0.71896 0.71896   0.00034 0.07918   0.719 
0.23399  1.5475e+005  0.71861 0.71861 0.71861   0.00034 0.07929   0.719 
0.23499  1.5455e+005  0.71834 0.71834 0.71834   0.00034 0.07937   0.718 
0.23599  1.5434e+005  0.71798 0.71798 0.71798   0.00034 0.07949   0.718 
0.23699  1.5414e+005  0.71762 0.71762 0.71762   0.00033 0.07961   0.718 
0.23799  1.5394e+005  0.71727 0.71727 0.71727   0.00033 0.07972   0.717 
0.23899  1.5374e+005  0.71691 0.71691 0.71691   0.00033 0.07984   0.717 
0.23999  1.5354e+005  0.71654 0.71654 0.71654   0.00033 0.07995   0.717 
0.24099  1.5333e+005  0.71627 0.71627 0.71627   0.00033 0.08004   0.716 
0.24199  1.5313e+005  0.71596 0.71596 0.71596   0.00033 0.08014   0.716 
0.24299  1.5293e+005  0.71560 0.71560 0.71560   0.00033 0.08026   0.716 
0.24399  1.5273e+005  0.71536 0.71536 0.71536   0.00033 0.08033   0.715 
0.24499  1.5253e+005  0.71499 0.71499 0.71499   0.00033 0.08045   0.715 
0.24599  1.5232e+005  0.71464 0.71464 0.71464   0.00033 0.08056   0.715 
0.24699  1.5212e+005  0.71429 0.71429 0.71429   0.00033 0.08067   0.714 
0.24799  1.5192e+005  0.71393 0.71393 0.71393   0.00032 0.08079   0.714 
0.24899  1.5172e+005  0.71365 0.71365 0.71365   0.00032 0.08088   0.714 
0.24999  1.5152e+005  0.71328 0.71328 0.71328   0.00032 0.08100   0.713 
0.25099  1.5131e+005  0.71299 0.71299 0.71299   0.00032 0.08110   0.713 
0.25199  1.5111e+005  0.71267 0.71267 0.71267   0.00032 0.08120   0.713 
0.25299  1.5091e+005  0.71231 0.71231 0.71231   0.00032 0.08131   0.712 
0.25399  1.5071e+005  0.71195 0.71195 0.71195   0.00032 0.08143   0.712 
0.25499  1.5051e+005  0.71157 0.71157 0.71157   0.00032 0.08155   0.712 
0.25599  1.503e+005  0.71121 0.71121 0.71121   0.00032 0.08167   0.711 
0.25699  1.501e+005  0.71084 0.71084 0.71084   0.00032 0.08179   0.711 
0.25799  1.499e+005  0.71046 0.71046 0.71046   0.00032 0.08191   0.710 
0.25899  1.497e+005  0.71008 0.71008 0.71008   0.00032 0.08204   0.710 
0.25999  1.495e+005  0.70970 0.70970 0.70970   0.00031 0.08216   0.710 
0.26099  1.4929e+005  0.70933 0.70933 0.70933   0.00031 0.08228   0.709 
0.26199  1.4909e+005  0.70894 0.70894 0.70894   0.00031 0.08240   0.709 
0.26299  1.4889e+005  0.70863 0.70863 0.70863   0.00031 0.08250   0.709 
0.26399  1.4869e+005  0.70825 0.70825 0.70825   0.00031 0.08263   0.708 
0.26499  1.4849e+005  0.70790 0.70790 0.70790   0.00031 0.08274   0.708 
0.26599  1.4828e+005  0.70750 0.70750 0.70750   0.00031 0.08287   0.708 
0.26699  1.4808e+005  0.70709 0.70709 0.70709   0.00031 0.08300   0.707 
0.26799  1.4788e+005  0.70670 0.70670 0.70670   0.00031 0.08313   0.707 
0.26899  1.4768e+005  0.70631 0.70631 0.70631   0.00031 0.08325   0.706 
0.26999  1.4748e+005  0.70594 0.70594 0.70594   0.00031 0.08338   0.706 
0.27099  1.4727e+005  0.70553 0.70553 0.70553   0.00031 0.08351   0.706 
0.27199  1.4707e+005  0.70524 0.70524 0.70524   0.00031 0.08360   0.705 
0.27299  1.4687e+005  0.70483 0.70483 0.70483   0.00031 0.08373   0.705 
0.27399  1.4667e+005  0.70446 0.70446 0.70446   0.00030 0.08385   0.704 
0.27499  1.4647e+005  0.70406 0.70406 0.70406   0.00030 0.08398   0.704 
0.27599  1.4626e+005  0.70366 0.70366 0.70366   0.00030 0.08411   0.704 
0.27699  1.4606e+005  0.70326 0.70326 0.70326   0.00030 0.08425   0.703 
0.27799  1.4586e+005  0.70285 0.70285 0.70285   0.00030 0.08438   0.703 
0.27899  1.4566e+005  0.70244 0.70244 0.70244   0.00030 0.08451   0.702 
0.27998  1.4546e+005  0.70203 0.70203 0.70203   0.00030 0.08465   0.702 
0.28098  1.4525e+005  0.70165 0.70165 0.70165   0.00030 0.08477   0.702 
0.28198  1.4505e+005  0.70133 0.70133 0.70133   0.00030 0.08487   0.701 
0.28298  1.4485e+005  0.70103 0.70103 0.70103   0.00030 0.08497   0.701 
0.28398  1.4465e+005  0.70061 0.70061 0.70061   0.00030 0.08511   0.701 
0.28498  1.4445e+005  0.70019 0.70019 0.70019   0.00030 0.08525   0.700 
0.28598  1.4424e+005  0.69976 0.69976 0.69976   0.00030 0.08539   0.700 
0.28698  1.4404e+005  0.69934 0.69934 0.69934   0.00030 0.08552   0.699 
0.28798  1.4384e+005  0.69893 0.69893 0.69893   0.00030 0.08566   0.699 
0.28898  1.4364e+005  0.69851 0.69851 0.69851   0.00030 0.08580   0.699 
0.28998  1.4344e+005  0.69819 0.69819 0.69819   0.00030 0.08590   0.698 
0.29098  1.4323e+005  0.69804 0.69804 0.69804   0.00029 0.08595   0.698 
0.29198  1.4303e+005  0.69780 0.69780 0.69780   0.00029 0.08603   0.698 
0.29298  1.4283e+005  0.69736 0.69736 0.69736   0.00029 0.08617   0.697 
0.29398  1.4263e+005  0.69693 0.69693 0.69693   0.00029 0.08631   0.697 
0.29498  1.4243e+005  0.69650 0.69650 0.69650   0.00029 0.08645   0.697 
0.29598  1.4222e+005  0.69607 0.69607 0.69607   0.00029 0.08660   0.696 
0.29698  1.4202e+005  0.69565 0.69565 0.69565   0.00029 0.08673   0.696 
0.29798  1.4182e+005  0.69520 0.69520 0.69520   0.00029 0.08688   0.695 
0.29898  1.4162e+005  0.69480 0.69480 0.69480   0.00029 0.08701   0.695 
0.29998  1.4142e+005  0.69435 0.69435 0.69435   0.00029 0.08716   0.694 
0.30098  1.4121e+005  0.69391 0.69391 0.69391   0.00029 0.08731   0.694 
0.30198  1.4101e+005  0.69345 0.69345 0.69345   0.00029 0.08746   0.693 
0.30298  1.4081e+005  0.69304 0.69304 0.69304   0.00029 0.08759   0.693 
0.30398  1.4061e+005  0.69261 0.69261 0.69261   0.00029 0.08773   0.693 
0.30498  1.4041e+005  0.69218 0.69218 0.69218   0.00029 0.08787   0.692 
0.30598  1.402e+005  0.69171 0.69171 0.69171   0.00029 0.08803   0.692 
0.30698  1.4e+005    0.69132 0.69132 0.69132   0.00029 0.08816   0.691 
0.30798  1.398e+005  0.69086 0.69086 0.69086   0.00029 0.08831   0.691 
0.30898  1.396e+005  0.69040 0.69040 0.69040   0.00029 0.08846   0.690 
0.30998  1.394e+005  0.68993 0.68993 0.68993   0.00028 0.08862   0.690 
0.31098  1.3919e+005  0.68964 0.68964 0.68964   0.00028 0.08871   0.690 
0.31198  1.3899e+005  0.68919 0.68919 0.68919   0.00028 0.08886   0.689 
0.31298  1.3879e+005  0.68886 0.68886 0.68886   0.00028 0.08897   0.689 
0.31398  1.3859e+005  0.68849 0.68849 0.68849   0.00028 0.08909   0.688 
0.31498  1.3839e+005  0.68802 0.68802 0.68802   0.00028 0.08925   0.688 
0.31598  1.3818e+005  0.68755 0.68755 0.68755   0.00028 0.08940   0.688 
0.31698  1.3798e+005  0.68706 0.68706 0.68706   0.00028 0.08957   0.687 
0.31798  1.3778e+005  0.68662 0.68662 0.68662   0.00028 0.08971   0.687 
0.31898  1.3758e+005  0.68638 0.68638 0.68638   0.00028 0.08979   0.686 
0.31998  1.3738e+005  0.68593 0.68593 0.68593   0.00028 0.08994   0.686 
0.32098  1.3717e+005  0.68548 0.68548 0.68548   0.00028 0.09009   0.685 
0.32198  1.3697e+005  0.68504 0.68504 0.68504   0.00028 0.09024   0.685 
0.32298  1.3677e+005  0.68457 0.68457 0.68457   0.00028 0.09039   0.685 
0.32398  1.3657e+005  0.68412 0.68412 0.68412   0.00028 0.09054   0.684 
0.32498  1.3637e+005  0.68364 0.68364 0.68364   0.00028 0.09070   0.684 
0.32598  1.3616e+005  0.68316 0.68316 0.68316   0.00028 0.09086   0.683 
0.32698  1.3596e+005  0.68273 0.68273 0.68273   0.00028 0.09100   0.683 
0.32798  1.3576e+005  0.68231 0.68231 0.68231   0.00028 0.09114   0.682 
0.32898  1.3556e+005  0.68184 0.68184 0.68184   0.00028 0.09130   0.682 
0.32998  1.3536e+005  0.68136 0.68136 0.68136   0.00028 0.09146   0.681 
0.33098  1.3515e+005  0.68087 0.68087 0.68087   0.00028 0.09162   0.681 
0.33198  1.3495e+005  0.68047 0.68047 0.68047   0.00028 0.09176   0.680 
0.33298  1.3475e+005  0.67997 0.67997 0.67997   0.00028 0.09193   0.680 
0.33398  1.3455e+005  0.67949 0.67949 0.67949   0.00027 0.09208   0.679 
0.33498  1.3435e+005  0.67900 0.67900 0.67900   0.00027 0.09225   0.679 
0.33598  1.3414e+005  0.67851 0.67851 0.67851   0.00027 0.09241   0.679 
0.33698  1.3394e+005  0.67803 0.67803 0.67803   0.00027 0.09257   0.678 
0.33798  1.3374e+005  0.67757 0.67757 0.67757   0.00027 0.09273   0.678 
0.33898  1.3354e+005  0.67707 0.67707 0.67707   0.00027 0.09289   0.677 
0.33998  1.3334e+005  0.67667 0.67667 0.67667   0.00027 0.09303   0.677 
0.34098  1.3313e+005  0.67624 0.67624 0.67624   0.00027 0.09317   0.676 
0.34198  1.3293e+005  0.67578 0.67578 0.67578   0.00027 0.09333   0.676 
0.34298  1.3273e+005  0.67528 0.67528 0.67528   0.00027 0.09349   0.675 
0.34398  1.3253e+005  0.67486 0.67486 0.67486   0.00027 0.09364   0.675 
0.34498  1.3233e+005  0.67436 0.67436 0.67436   0.00027 0.09380   0.674 
0.34598  1.3212e+005  0.67384 0.67384 0.67384   0.00027 0.09398   0.674 
0.34698  1.3192e+005  0.67333 0.67333 0.67333   0.00027 0.09415   0.673 
0.34798  1.3172e+005  0.67287 0.67287 0.67287   0.00027 0.09430   0.673 
0.34898  1.3152e+005  0.67238 0.67238 0.67238   0.00027 0.09447   0.672 
0.34998  1.3132e+005  0.67189 0.67189 0.67189   0.00027 0.09463   0.672 
0.35098  1.3111e+005  0.67139 0.67139 0.67139   0.00027 0.09480   0.671 
0.35198  1.3091e+005  0.67089 0.67089 0.67089   0.00027 0.09497   0.671 
0.35298  1.3071e+005  0.67040 0.67040 0.67040   0.00027 0.09514   0.670 
0.35398  1.3051e+005  0.66992 0.66992 0.66992   0.00027 0.09530   0.670 
0.35498  1.3031e+005  0.66943 0.66943 0.66943   0.00027 0.09546   0.669 
0.35598  1.301e+005  0.66894 0.66894 0.66894   0.00027 0.09563   0.669 
0.35698  1.299e+005  0.66849 0.66849 0.66849   0.00027 0.09578   0.668 
0.35798  1.297e+005  0.66797 0.66797 0.66797   0.00027 0.09596   0.668 
0.35898  1.295e+005  0.66750 0.66750 0.66750   0.00027 0.09611   0.668 
0.35998  1.293e+005  0.66698 0.66698 0.66698   0.00027 0.09629   0.667 
0.36098  1.2909e+005  0.66644 0.66644 0.66644   0.00027 0.09647   0.666 
0.36198  1.2889e+005  0.66589 0.66589 0.66589   0.00027 0.09666   0.666 
0.36298  1.2869e+005  0.66536 0.66536 0.66536   0.00027 0.09684   0.665 
0.36398  1.2849e+005  0.66484 0.66484 0.66484   0.00027 0.09702   0.665 
0.36498  1.2829e+005  0.66433 0.66433 0.66433   0.00027 0.09719   0.664 
0.36598  1.2808e+005  0.66385 0.66385 0.66385   0.00027 0.09736   0.664 
0.36698  1.2788e+005  0.66338 0.66338 0.66338   0.00026 0.09751   0.663 
0.36798  1.2768e+005  0.66285 0.66285 0.66285   0.00026 0.09770   0.663 
0.36898  1.2748e+005  0.66237 0.66237 0.66237   0.00026 0.09786   0.662 
0.36998  1.2728e+005  0.66184 0.66184 0.66184   0.00026 0.09804   0.662 
0.37098  1.2707e+005  0.66140 0.66140 0.66140   0.00026 0.09819   0.661 
0.37198  1.2687e+005  0.66086 0.66086 0.66086   0.00026 0.09837   0.661 
0.37298  1.2667e+005  0.66032 0.66032 0.66032   0.00026 0.09856   0.660 
0.37398  1.2647e+005  0.65977 0.65977 0.65977   0.00026 0.09875   0.660 
0.37498  1.2627e+005  0.65926 0.65926 0.65926   0.00026 0.09892   0.659 
0.37598  1.2606e+005  0.65872 0.65872 0.65872   0.00026 0.09910   0.659 
0.37698  1.2586e+005  0.65818 0.65818 0.65818   0.00026 0.09929   0.658 
0.37798  1.2566e+005  0.65773 0.65773 0.65773   0.00026 0.09944   0.658 
0.37898  1.2546e+005  0.65717 0.65717 0.65717   0.00026 0.09963   0.657 
0.37998  1.2526e+005  0.65661 0.65661 0.65661   0.00026 0.09983   0.657 
0.38098  1.2505e+005  0.65609 0.65609 0.65609   0.00026 0.10000   0.656 
0.38198  1.2485e+005  0.65555 0.65555 0.65555   0.00026 0.10019   0.656 
0.38298  1.2465e+005  0.65498 0.65498 0.65498   0.00026 0.10038   0.655 
0.38398  1.2445e+005  0.65460 0.65460 0.65460   0.00026 0.10051   0.655 
0.38498  1.2425e+005  0.65408 0.65408 0.65408   0.00026 0.10069   0.654 
0.38598  1.2404e+005  0.65351 0.65351 0.65351   0.00026 0.10089   0.654 
0.38698  1.2384e+005  0.65297 0.65297 0.65297   0.00026 0.10108   0.653 
0.38798  1.2364e+005  0.65260 0.65260 0.65260   0.00026 0.10120   0.653 
0.38898  1.2344e+005  0.65205 0.65205 0.65205   0.00026 0.10139   0.652 
0.38998  1.2324e+005  0.65153 0.65153 0.65153   0.00026 0.10157   0.652 
0.39098  1.2303e+005  0.65104 0.65104 0.65104   0.00026 0.10174   0.651 
0.39197  1.2283e+005  0.65051 0.65051 0.65051   0.00026 0.10192   0.651 
0.39297  1.2263e+005  0.64995 0.64995 0.64995   0.00026 0.10212   0.650 
0.39397  1.2243e+005  0.64941 0.64941 0.64941   0.00026 0.10230   0.649 
0.39497  1.2223e+005  0.64892 0.64892 0.64892   0.00026 0.10247   0.649 
0.39597  1.2202e+005  0.64836 0.64836 0.64836   0.00026 0.10267   0.648 
0.39697  1.2182e+005  0.64782 0.64782 0.64782   0.00026 0.10285   0.648 
0.39797  1.2162e+005  0.64726 0.64726 0.64726   0.00026 0.10305   0.647 
0.39897  1.2142e+005  0.64675 0.64675 0.64675   0.00026 0.10323   0.647 
0.39997  1.2122e+005  0.64623 0.64623 0.64623   0.00026 0.10340   0.646 
0.40097  1.2101e+005  0.64578 0.64578 0.64578   0.00026 0.10356   0.646 
0.40197  1.2081e+005  0.64525 0.64525 0.64525   0.00026 0.10375   0.645 
0.40297  1.2061e+005  0.64471 0.64471 0.64471   0.00026 0.10393   0.645 
0.40397  1.2041e+005  0.64414 0.64414 0.64414   0.00026 0.10413   0.644 
0.40497  1.2021e+005  0.64362 0.64362 0.64362   0.00026 0.10431   0.644 
0.40597  1.2e+005    0.64309 0.64309 0.64309   0.00026 0.10450   0.643 
0.40697  1.198e+005  0.64252 0.64252 0.64252   0.00026 0.10469   0.643 
0.40797  1.196e+005  0.64194 0.64194 0.64194   0.00026 0.10490   0.642 
0.40897  1.194e+005  0.64133 0.64133 0.64133   0.00026 0.10511   0.641 
0.40997  1.192e+005  0.64077 0.64077 0.64077   0.00026 0.10530   0.641 
0.41097  1.1899e+005  0.64017 0.64017 0.64017   0.00026 0.10551   0.640 
0.41197  1.1879e+005  0.63981 0.63981 0.63981   0.00026 0.10564   0.640 
0.41297  1.1859e+005  0.63946 0.63946 0.63946   0.00026 0.10576   0.639 
0.41397  1.1839e+005  0.63888 0.63888 0.63888   0.00026 0.10596   0.639 
0.41497  1.1819e+005  0.63833 0.63833 0.63833   0.00026 0.10616   0.638 
0.41597  1.1798e+005  0.63779 0.63779 0.63779   0.00026 0.10635   0.638 
0.41697  1.1778e+005  0.63722 0.63722 0.63722   0.00025 0.10655   0.637 
0.41797  1.1758e+005  0.63674 0.63674 0.63674   0.00025 0.10671   0.637 
0.41897  1.1738e+005  0.63618 0.63618 0.63618   0.00025 0.10691   0.636 
0.41997  1.1718e+005  0.63563 0.63563 0.63563   0.00025 0.10710   0.636 
0.42097  1.1697e+005  0.63528 0.63528 0.63528   0.00025 0.10723   0.635 
0.42197  1.1677e+005  0.63475 0.63475 0.63475   0.00025 0.10741   0.635 
0.42297  1.1657e+005  0.63414 0.63414 0.63414   0.00025 0.10763   0.634 
0.42397  1.1637e+005  0.63352 0.63352 0.63352   0.00025 0.10785   0.634 
0.42497  1.1617e+005  0.63294 0.63294 0.63294   0.00025 0.10805   0.633 
0.42597  1.1596e+005  0.63232 0.63232 0.63232   0.00025 0.10827   0.632 
0.42697  1.1576e+005  0.63171 0.63171 0.63171   0.00025 0.10848   0.632 
0.42797  1.1556e+005  0.63112 0.63112 0.63112   0.00025 0.10869   0.631 
0.42897  1.1536e+005  0.63054 0.63054 0.63054   0.00025 0.10890   0.631 
0.42997  1.1516e+005  0.63011 0.63011 0.63011   0.00025 0.10905   0.630 
0.43097  1.1495e+005  0.62953 0.62953 0.62953   0.00025 0.10925   0.630 
0.43197  1.1475e+005  0.62899 0.62899 0.62899   0.00025 0.10944   0.629 
0.43297  1.1455e+005  0.62843 0.62843 0.62843   0.00025 0.10964   0.628 
0.43397  1.1435e+005  0.62783 0.62783 0.62783   0.00025 0.10986   0.628 
0.43497  1.1415e+005  0.62723 0.62723 0.62723   0.00025 0.11007   0.627 
0.43597  1.1394e+005  0.62664 0.62664 0.62664   0.00025 0.11028   0.627 
0.43697  1.1374e+005  0.62606 0.62606 0.62606   0.00025 0.11048   0.626 
0.43797  1.1354e+005  0.62542 0.62542 0.62542   0.00025 0.11071   0.625 
0.43897  1.1334e+005  0.62481 0.62481 0.62481   0.00025 0.11093   0.625 
0.43997  1.1314e+005  0.62418 0.62418 0.62418   0.00025 0.11115   0.624 
0.44097  1.1293e+005  0.62354 0.62354 0.62354   0.00025 0.11138   0.624 
0.44197  1.1273e+005  0.62292 0.62292 0.62292   0.00025 0.11160   0.623 
0.44297  1.1253e+005  0.62228 0.62228 0.62228   0.00025 0.11183   0.622 
0.44397  1.1233e+005  0.62166 0.62166 0.62166   0.00025 0.11205   0.622 
0.44497  1.1213e+005  0.62102 0.62102 0.62102   0.00025 0.11228   0.621 
0.44597  1.1192e+005  0.62039 0.62039 0.62039   0.00025 0.11250   0.620 
0.44697  1.1172e+005  0.61981 0.61981 0.61981   0.00025 0.11271   0.620 
0.44797  1.1152e+005  0.61921 0.61921 0.61921   0.00025 0.11293   0.619 
0.44897  1.1132e+005  0.61863 0.61863 0.61863   0.00025 0.11314   0.619 
0.44997  1.1112e+005  0.61801 0.61801 0.61801   0.00025 0.11336   0.618 
0.45097  1.1091e+005  0.61738 0.61738 0.61738   0.00025 0.11358   0.617 
0.45197  1.1071e+005  0.61679 0.61679 0.61679   0.00025 0.11379   0.617 
0.45297  1.1051e+005  0.61627 0.61627 0.61627   0.00025 0.11398   0.616 
0.45397  1.1031e+005  0.61573 0.61573 0.61573   0.00025 0.11417   0.616 
0.45497  1.1011e+005  0.61508 0.61508 0.61508   0.00025 0.11441   0.615 
0.45597  1.099e+005  0.61444 0.61444 0.61444   0.00025 0.11464   0.614 
0.45697  1.097e+005  0.61381 0.61381 0.61381   0.00025 0.11487   0.614 
0.45797  1.095e+005  0.61319 0.61319 0.61319   0.00025 0.11509   0.613 
0.45897  1.093e+005  0.61259 0.61259 0.61259   0.00025 0.11531   0.613 
0.45997  1.091e+005  0.61196 0.61196 0.61196   0.00025 0.11553   0.612 
0.46097  1.0889e+005  0.61129 0.61129 0.61129   0.00025 0.11578   0.611 
0.46197  1.0869e+005  0.61065 0.61065 0.61065   0.00025 0.11601   0.611 
0.46297  1.0849e+005  0.61001 0.61001 0.61001   0.00025 0.11624   0.610 
0.46397  1.0829e+005  0.60944 0.60944 0.60944   0.00025 0.11645   0.609 
0.46497  1.0809e+005  0.60877 0.60877 0.60877   0.00025 0.11669   0.609 
0.46597  1.0788e+005  0.60814 0.60814 0.60814   0.00025 0.11692   0.608 
0.46697  1.0768e+005  0.60753 0.60753 0.60753   0.00025 0.11714   0.608 
0.46797  1.0748e+005  0.60689 0.60689 0.60689   0.00025 0.11737   0.607 
0.46897  1.0728e+005  0.60633 0.60633 0.60633   0.00025 0.11758   0.606 
0.46997  1.0708e+005  0.60571 0.60571 0.60571   0.00025 0.11780   0.606 
0.47097  1.0687e+005  0.60510 0.60510 0.60510   0.00025 0.11802   0.605 
0.47197  1.0667e+005  0.60443 0.60443 0.60443   0.00025 0.11827   0.604 
0.47297  1.0647e+005  0.60388 0.60388 0.60388   0.00025 0.11847   0.604 
0.47397  1.0627e+005  0.60326 0.60326 0.60326   0.00025 0.11870   0.603 
0.47497  1.0607e+005  0.60262 0.60262 0.60262   0.00025 0.11893   0.603 
0.47597  1.0586e+005  0.60196 0.60196 0.60196   0.00025 0.11917   0.602 
0.47697  1.0566e+005  0.60130 0.60130 0.60130   0.00025 0.11941   0.601 
0.47797  1.0546e+005  0.60061 0.60061 0.60061   0.00025 0.11966   0.601 
0.47897  1.0526e+005  0.59991 0.59991 0.59991   0.00025 0.11992   0.600 
0.47997  1.0506e+005  0.59925 0.59925 0.59925   0.00025 0.12016   0.599 
0.48097  1.0485e+005  0.59865 0.59865 0.59865   0.00025 0.12038   0.599 
0.48197  1.0465e+005  0.59812 0.59812 0.59812   0.00025 0.12058   0.598 
0.48297  1.0445e+005  0.59743 0.59743 0.59743   0.00025 0.12083   0.597 
0.48397  1.0425e+005  0.59679 0.59679 0.59679   0.00025 0.12107   0.597 
0.48497  1.0405e+005  0.59615 0.59615 0.59615   0.00025 0.12130   0.596 
0.48597  1.0384e+005  0.59550 0.59550 0.59550   0.00025 0.12154   0.596 
0.48697  1.0364e+005  0.59486 0.59486 0.59486   0.00025 0.12178   0.595 
0.48797  1.0344e+005  0.59415 0.59415 0.59415   0.00025 0.12204   0.594 
0.48897  1.0324e+005  0.59344 0.59344 0.59344   0.00025 0.12230   0.593 
0.48997  1.0304e+005  0.59275 0.59275 0.59275   0.00025 0.12256   0.593 
0.49097  1.0283e+005  0.59210 0.59210 0.59210   0.00025 0.12280   0.592 
0.49197  1.0263e+005  0.59144 0.59144 0.59144   0.00025 0.12304   0.591 
0.49297  1.0243e+005  0.59085 0.59085 0.59085   0.00025 0.12326   0.591 
0.49397  1.0223e+005  0.59018 0.59018 0.59018   0.00025 0.12351   0.590 
0.49497  1.0203e+005  0.58948 0.58948 0.58948   0.00025 0.12377   0.589 
0.49597  1.0182e+005  0.58887 0.58887 0.58887   0.00025 0.12400   0.589 
0.49697  1.0162e+005  0.58819 0.58819 0.58819   0.00025 0.12425   0.588 
0.49797  1.0142e+005  0.58767 0.58767 0.58767   0.00025 0.12445   0.588 
0.49897  1.0122e+005  0.58718 0.58718 0.58718   0.00025 0.12463   0.587 
0.49997  1.0102e+005  0.58656 0.58656 0.58656   0.00025 0.12486   0.587 
0.50097  1.0081e+005  0.58584 0.58584 0.58584   0.00025 0.12513   0.586 
0.50197  1.0061e+005  0.58515 0.58515 0.58515   0.00025 0.12538   0.585 
0.50297  1.0041e+005  0.58447 0.58447 0.58447   0.00025 0.12564   0.584 
0.50397  1.0021e+005  0.58377 0.58377 0.58377   0.00025 0.12590   0.584 
0.50496  1.0001e+005  0.58307 0.58307 0.58307   0.00025 0.12616   0.583 
0.50596  99804       0.58236 0.58236 0.58236   0.00025 0.12643   0.582 
0.50696  99602       0.58169 0.58169 0.58169   0.00025 0.12668   0.582 
0.50796  99400       0.58103 0.58103 0.58103   0.00025 0.12693   0.581 
0.50896  99198       0.58042 0.58042 0.58042   0.00025 0.12716   0.580 
0.50996  98996       0.57971 0.57971 0.57971   0.00025 0.12742   0.580 
0.51096  98794       0.57902 0.57902 0.57902   0.00025 0.12768   0.579 
0.51196  98592       0.57833 0.57833 0.57833   0.00025 0.12794   0.578 
0.51296  98390       0.57765 0.57765 0.57765   0.00025 0.12820   0.578 
0.51396  98188       0.57722 0.57722 0.57722   0.00025 0.12836   0.577 
0.51496  97986       0.57665 0.57665 0.57665   0.00025 0.12858   0.577 
0.51596  97784       0.57596 0.57596 0.57596   0.00025 0.12884   0.576 
0.51696  97582       0.57528 0.57528 0.57528   0.00025 0.12910   0.575 
0.51796  97380       0.57459 0.57459 0.57459   0.00025 0.12936   0.575 
0.51896  97178       0.57388 0.57388 0.57388   0.00025 0.12963   0.574 
0.51996  96976       0.57315 0.57315 0.57315   0.00025 0.12990   0.573 
0.52096  96774       0.57244 0.57244 0.57244   0.00025 0.13018   0.572 
0.52196  96572       0.57174 0.57174 0.57174   0.00025 0.13044   0.572 
0.52296  96370       0.57102 0.57102 0.57102   0.00025 0.13071   0.571 
0.52396  96168       0.57072 0.57072 0.57072   0.00025 0.13083   0.571 
0.52496  95966       0.57027 0.57027 0.57027   0.00025 0.13100   0.570 
0.52596  95764       0.56971 0.56971 0.56971   0.00025 0.13121   0.570 
0.52696  95562       0.56905 0.56905 0.56905   0.00025 0.13147   0.569 
0.52796  95360       0.56843 0.56843 0.56843   0.00025 0.13170   0.568 
0.52896  95158       0.56783 0.56783 0.56783   0.00025 0.13193   0.568 
0.52996  94956       0.56713 0.56713 0.56713   0.00025 0.13220   0.567 
0.53096  94754       0.56644 0.56644 0.56644   0.00025 0.13246   0.566 
0.53196  94552       0.56570 0.56570 0.56570   0.00025 0.13275   0.566 
0.53296  94350       0.56500 0.56500 0.56500   0.00025 0.13301   0.565 
0.53396  94148       0.56430 0.56430 0.56430   0.00025 0.13328   0.564 
0.53496  93946       0.56359 0.56359 0.56359   0.00025 0.13356   0.564 
0.53596  93744       0.56286 0.56286 0.56286   0.00025 0.13384   0.563 
0.53696  93542       0.56224 0.56224 0.56224   0.00025 0.13407   0.562 
0.53796  93340       0.56162 0.56162 0.56162   0.00025 0.13431   0.562 
0.53896  93138       0.56087 0.56087 0.56087   0.00025 0.13460   0.561 
0.53996  92936       0.56024 0.56024 0.56024   0.00025 0.13485   0.560 
0.54096  92734       0.55947 0.55947 0.55947   0.00025 0.13514   0.559 
0.54196  92532       0.55886 0.55886 0.55886   0.00025 0.13538   0.559 
0.54296  92330       0.55814 0.55814 0.55814   0.00025 0.13566   0.558 
0.54396  92128       0.55742 0.55742 0.55742   0.00025 0.13594   0.557 
0.54496  91926       0.55666 0.55666 0.55666   0.00025 0.13623   0.557 
0.54596  91724       0.55608 0.55608 0.55608   0.00025 0.13646   0.556 
0.54696  91522       0.55539 0.55539 0.55539   0.00025 0.13673   0.555 
0.54796  91320       0.55464 0.55464 0.55464   0.00025 0.13702   0.555 
0.54896  91118       0.55386 0.55386 0.55386   0.00025 0.13732   0.554 
0.54996  90916       0.55310 0.55310 0.55310   0.00025 0.13761   0.553 
0.55096  90714       0.55234 0.55234 0.55234   0.00025 0.13791   0.552 
0.55196  90512       0.55162 0.55162 0.55162   0.00025 0.13819   0.552 
0.55296  90310       0.55085 0.55085 0.55085   0.00025 0.13849   0.551 
0.55396  90108       0.55007 0.55007 0.55007   0.00025 0.13880   0.550 
0.55496  89906       0.54930 0.54930 0.54930   0.00025 0.13910   0.549 
0.55596  89704       0.54857 0.54857 0.54857   0.00025 0.13939   0.549 
0.55696  89502       0.54783 0.54783 0.54783   0.00025 0.13968   0.548 
0.55796  89300       0.54706 0.54706 0.54706   0.00025 0.13998   0.547 
0.55896  89098       0.54630 0.54630 0.54630   0.00025 0.14028   0.546 
0.55996  88896       0.54553 0.54553 0.54553   0.00025 0.14058   0.546 
0.56096  88694       0.54481 0.54481 0.54481   0.00025 0.14087   0.545 
0.56196  88492       0.54405 0.54405 0.54405   0.00025 0.14116   0.544 
0.56296  88290       0.54336 0.54336 0.54336   0.00025 0.14144   0.543 
0.56396  88088       0.54261 0.54261 0.54261   0.00025 0.14173   0.543 
0.56496  87886       0.54183 0.54183 0.54183   0.00025 0.14204   0.542 
0.56596  87684       0.54111 0.54111 0.54111   0.00025 0.14233   0.541 
0.56696  87482       0.54042 0.54042 0.54042   0.00025 0.14260   0.540 
0.56796  87280       0.53963 0.53963 0.53963   0.00025 0.14291   0.540 
0.56896  87078       0.53884 0.53884 0.53884   0.00025 0.14323   0.539 
0.56996  86876       0.53811 0.53811 0.53811   0.00025 0.14352   0.538 
0.57096  86674       0.53731 0.53731 0.53731   0.00025 0.14384   0.537 
0.57196  86472       0.53652 0.53652 0.53652   0.00025 0.14415   0.537 
0.57296  86270       0.53572 0.53572 0.53572   0.00025 0.14447   0.536 
0.57396  86068       0.53520 0.53520 0.53520   0.00025 0.14468   0.535 
0.57496  85866       0.53450 0.53450 0.53450   0.00025 0.14496   0.535 
0.57596  85664       0.53369 0.53369 0.53369   0.00025 0.14528   0.534 
0.57696  85462       0.53294 0.53294 0.53294   0.00025 0.14558   0.533 
0.57796  85260       0.53216 0.53216 0.53216   0.00025 0.14590   0.532 
0.57896  85058       0.53136 0.53136 0.53136   0.00025 0.14622   0.531 
0.57996  84856       0.53063 0.53063 0.53063   0.00025 0.14651   0.531 
0.58096  84654       0.52982 0.52982 0.52982   0.00025 0.14684   0.530 
0.58196  84452       0.52903 0.52903 0.52903   0.00025 0.14715   0.529 
0.58296  84250       0.52841 0.52841 0.52841   0.00025 0.14740   0.528 
0.58396  84048       0.52764 0.52764 0.52764   0.00025 0.14772   0.528 
0.58496  83846       0.52681 0.52681 0.52681   0.00025 0.14805   0.527 
0.58596  83644       0.52599 0.52599 0.52599   0.00025 0.14838   0.526 
0.58696  83442       0.52527 0.52527 0.52527   0.00025 0.14867   0.525 
0.58796  83240       0.52460 0.52460 0.52460   0.00025 0.14894   0.525 
0.58896  83038       0.52386 0.52386 0.52386   0.00025 0.14924   0.524 
0.58996  82836       0.52310 0.52310 0.52310   0.00025 0.14955   0.523 
0.59096  82634       0.52235 0.52235 0.52235   0.00025 0.14986   0.522 
0.59196  82432       0.52154 0.52154 0.52154   0.00025 0.15019   0.522 
0.59296  82230       0.52072 0.52072 0.52072   0.00025 0.15052   0.521 
0.59396  82028       0.51993 0.51993 0.51993   0.00025 0.15085   0.520 
0.59496  81826       0.51921 0.51921 0.51921   0.00025 0.15114   0.519 
0.59596  81624       0.51845 0.51845 0.51845   0.00025 0.15145   0.518 
0.59696  81422       0.51765 0.51765 0.51765   0.00025 0.15178   0.518 
0.59796  81220       0.51686 0.51686 0.51686   0.00025 0.15210   0.517 
0.59896  81018       0.51606 0.51606 0.51606   0.00025 0.15243   0.516 
0.59996  80816       0.51530 0.51530 0.51530   0.00025 0.15275   0.515 
0.60096  80614       0.51447 0.51447 0.51447   0.00025 0.15308   0.514 
0.60196  80412       0.51364 0.51364 0.51364   0.00025 0.15342   0.514 
0.60296  80210       0.51283 0.51283 0.51283   0.00025 0.15376   0.513 
0.60396  80008       0.51207 0.51207 0.51207   0.00025 0.15407   0.512 
0.60496  79806       0.51127 0.51127 0.51127   0.00025 0.15441   0.511 
0.60596  79604       0.51041 0.51041 0.51041   0.00025 0.15476   0.510 
0.60696  79402       0.50955 0.50955 0.50955   0.00026 0.15512   0.510 
0.60796  79200       0.50872 0.50872 0.50872   0.00026 0.15546   0.509 
0.60896  78998       0.50788 0.50788 0.50788   0.00026 0.15581   0.508 
0.60996  78796       0.50706 0.50706 0.50706   0.00026 0.15615   0.507 
0.61096  78594       0.50626 0.50626 0.50626   0.00026 0.15648   0.506 
0.61196  78392       0.50544 0.50544 0.50544   0.00026 0.15683   0.505 
0.61296  78190       0.50464 0.50464 0.50464   0.00026 0.15716   0.505 
0.61396  77988       0.50383 0.50383 0.50383   0.00026 0.15750   0.504 
0.61496  77786       0.50304 0.50304 0.50304   0.00026 0.15783   0.503 
0.61595  77584       0.50220 0.50220 0.50220   0.00026 0.15818   0.502 
0.61695  77382       0.50136 0.50136 0.50136   0.00026 0.15853   0.501 
0.61795  77180       0.50058 0.50058 0.50058   0.00026 0.15886   0.501 
0.61895  76978       0.49995 0.49995 0.49995   0.00026 0.15912   0.500 
0.61995  76776       0.49920 0.49920 0.49920   0.00026 0.15944   0.499 
0.62095  76574       0.49836 0.49836 0.49836   0.00026 0.15980   0.498 
0.62195  76372       0.49750 0.49750 0.49750   0.00026 0.16016   0.497 
0.62295  76170       0.49665 0.49665 0.49665   0.00026 0.16052   0.497 
0.62395  75968       0.49588 0.49588 0.49588   0.00026 0.16084   0.496 
0.62495  75766       0.49504 0.49504 0.49504   0.00026 0.16120   0.495 
0.62595  75564       0.49428 0.49428 0.49428   0.00026 0.16152   0.494 
0.62695  75362       0.49343 0.49343 0.49343   0.00026 0.16188   0.493 
0.62795  75160       0.49257 0.49257 0.49257   0.00026 0.16225   0.493 
0.62895  74958       0.49174 0.49174 0.49174   0.00026 0.16260   0.492 
0.62995  74756       0.49087 0.49087 0.49087   0.00026 0.16297   0.491 
0.63095  74554       0.48999 0.48999 0.48999   0.00026 0.16335   0.490 
0.63195  74352       0.48916 0.48916 0.48916   0.00026 0.16370   0.489 
0.63295  74150       0.48829 0.48829 0.48829   0.00026 0.16407   0.488 
0.63395  73948       0.48748 0.48748 0.48748   0.00026 0.16442   0.487 
0.63495  73746       0.48659 0.48659 0.48659   0.00026 0.16480   0.487 
0.63595  73544       0.48571 0.48571 0.48571   0.00026 0.16518   0.486 
0.63695  73342       0.48486 0.48486 0.48486   0.00026 0.16554   0.485 
0.63795  73140       0.48402 0.48402 0.48402   0.00026 0.16590   0.484 
0.63895  72938       0.48319 0.48319 0.48319   0.00026 0.16626   0.483 
0.63995  72736       0.48234 0.48234 0.48234   0.00026 0.16663   0.482 
0.64095  72534       0.48152 0.48152 0.48152   0.00026 0.16698   0.482 
0.64195  72332       0.48063 0.48063 0.48063   0.00026 0.16737   0.481 
0.64295  72130       0.47972 0.47972 0.47972   0.00026 0.16776   0.480 
0.64395  71928       0.47888 0.47888 0.47888   0.00026 0.16813   0.479 
0.64495  71726       0.47818 0.47818 0.47818   0.00026 0.16843   0.478 
0.64595  71524       0.47740 0.47740 0.47740   0.00026 0.16877   0.477 
0.64695  71322       0.47649 0.47649 0.47649   0.00026 0.16917   0.476 
0.64795  71120       0.47560 0.47560 0.47560   0.00026 0.16956   0.476 
0.64895  70918       0.47471 0.47471 0.47471   0.00026 0.16995   0.475 
0.64995  70716       0.47381 0.47381 0.47381   0.00026 0.17034   0.474 
0.65095  70514       0.47291 0.47291 0.47291   0.00026 0.17073   0.473 
0.65195  70312       0.47203 0.47203 0.47203   0.00026 0.17112   0.472 
0.65295  70110       0.47110 0.47110 0.47110   0.00026 0.17153   0.471 
0.65395  69908       0.47024 0.47024 0.47024   0.00026 0.17190   0.470 
0.65495  69706       0.46939 0.46939 0.46939   0.00026 0.17228   0.469 
0.65595  69504       0.46854 0.46854 0.46854   0.00026 0.17266   0.469 
0.65695  69302       0.46766 0.46766 0.46766   0.00026 0.17304   0.468 
0.65795  69100       0.46687 0.46687 0.46687   0.00026 0.17339   0.467 
0.65895  68898       0.46608 0.46608 0.46608   0.00026 0.17374   0.466 
0.65995  68696       0.46519 0.46519 0.46519   0.00026 0.17414   0.465 
0.66095  68494       0.46426 0.46426 0.46426   0.00026 0.17455   0.464 
0.66195  68292       0.46341 0.46341 0.46341   0.00026 0.17493   0.463 
0.66295  68090       0.46248 0.46248 0.46248   0.00026 0.17534   0.462 
0.66395  67888       0.46156 0.46156 0.46156   0.00026 0.17575   0.462 
0.66495  67686       0.46070 0.46070 0.46070   0.00026 0.17614   0.461 
0.66595  67484       0.45977 0.45977 0.45977   0.00026 0.17655   0.460 
0.66695  67282       0.45887 0.45887 0.45887   0.00026 0.17696   0.459 
0.66795  67080       0.45795 0.45795 0.45795   0.00027 0.17737   0.458 
0.66895  66878       0.45702 0.45702 0.45702   0.00027 0.17779   0.457 
0.66995  66676       0.45630 0.45630 0.45630   0.00027 0.17811   0.456 
0.67095  66474       0.45541 0.45541 0.45541   0.00027 0.17851   0.455 
0.67195  66272       0.45463 0.45463 0.45463   0.00027 0.17887   0.455 
0.67295  66070       0.45371 0.45371 0.45371   0.00027 0.17928   0.454 
0.67395  65868       0.45280 0.45280 0.45280   0.00027 0.17969   0.453 
0.67495  65666       0.45185 0.45185 0.45185   0.00027 0.18012   0.452 
0.67595  65464       0.45096 0.45096 0.45096   0.00027 0.18053   0.451 
0.67695  65262       0.45002 0.45002 0.45002   0.00027 0.18096   0.450 
0.67795  65060       0.44907 0.44907 0.44907   0.00027 0.18139   0.449 
0.67895  64858       0.44812 0.44812 0.44812   0.00027 0.18182   0.448 
0.67995  64656       0.44715 0.44715 0.44715   0.00027 0.18226   0.447 
0.68095  64454       0.44639 0.44639 0.44639   0.00027 0.18261   0.446 
0.68195  64252       0.44549 0.44549 0.44549   0.00027 0.18302   0.445 
0.68295  64050       0.44457 0.44457 0.44457   0.00027 0.18344   0.445 
0.68395  63848       0.44367 0.44367 0.44367   0.00027 0.18386   0.444 
0.68495  63646       0.44275 0.44275 0.44275   0.00027 0.18428   0.443 
0.68595  63444       0.44180 0.44180 0.44180   0.00027 0.18472   0.442 
0.68695  63242       0.44087 0.44087 0.44087   0.00027 0.18515   0.441 
0.68795  63040       0.43995 0.43995 0.43995   0.00027 0.18558   0.440 
0.68895  62838       0.43901 0.43901 0.43901   0.00027 0.18601   0.439 
0.68995  62636       0.43809 0.43809 0.43809   0.00027 0.18644   0.438 
0.69095  62434       0.43713 0.43713 0.43713   0.00027 0.18688   0.437 
0.69195  62232       0.43626 0.43626 0.43626   0.00027 0.18729   0.436 
0.69295  62030       0.43531 0.43531 0.43531   0.00027 0.18773   0.435 
0.69395  61828       0.43436 0.43436 0.43436   0.00027 0.18818   0.434 
0.69495  61626       0.43372 0.43372 0.43372   0.00027 0.18847   0.434 
0.69595  61424       0.43282 0.43282 0.43282   0.00027 0.18890   0.433 
0.69695  61222       0.43184 0.43184 0.43184   0.00027 0.18936   0.432 
0.69795  61020       0.43091 0.43091 0.43091   0.00027 0.18979   0.431 
0.69895  60818       0.42996 0.42996 0.42996   0.00027 0.19024   0.430 
0.69995  60616       0.42898 0.42898 0.42898   0.00027 0.19070   0.429 
0.70095  60414       0.42798 0.42798 0.42798   0.00027 0.19117   0.428 
0.70195  60212       0.42701 0.42701 0.42701   0.00027 0.19163   0.427 
0.70295  60010       0.42604 0.42604 0.42604   0.00027 0.19209   0.426 
0.70395  59808       0.42507 0.42507 0.42507   0.00027 0.19255   0.425 
0.70495  59606       0.42412 0.42412 0.42412   0.00027 0.19300   0.424 
0.70595  59404       0.42313 0.42313 0.42313   0.00027 0.19347   0.423 
0.70695  59202       0.42214 0.42214 0.42214   0.00027 0.19394   0.422 
0.70795  59000       0.42118 0.42118 0.42118   0.00027 0.19440   0.421 
0.70895  58798       0.42026 0.42026 0.42026   0.00027 0.19485   0.420 
0.70995  58596       0.41929 0.41929 0.41929   0.00027 0.19531   0.419 
0.71095  58394       0.41832 0.41832 0.41832   0.00027 0.19578   0.418 
0.71195  58192       0.41732 0.41732 0.41732   0.00028 0.19626   0.417 
0.71295  57990       0.41632 0.41632 0.41632   0.00028 0.19674   0.416 
0.71395  57788       0.41537 0.41537 0.41537   0.00028 0.19720   0.415 
0.71495  57586       0.41439 0.41439 0.41439   0.00028 0.19767   0.414 
0.71595  57384       0.41338 0.41338 0.41338   0.00028 0.19816   0.413 
0.71695  57182       0.41238 0.41238 0.41238   0.00028 0.19864   0.412 
0.71795  56980       0.41138 0.41138 0.41138   0.00028 0.19913   0.411 
0.71895  56778       0.41038 0.41038 0.41038   0.00028 0.19962   0.410 
0.71995  56576       0.40935 0.40935 0.40935   0.00028 0.20012   0.409 
0.72095  56374       0.40835 0.40835 0.40835   0.00028 0.20061   0.408 
0.72195  56172       0.40738 0.40738 0.40738   0.00028 0.20109   0.407 
0.72295  55970       0.40636 0.40636 0.40636   0.00028 0.20159   0.406 
0.72395  55768       0.40535 0.40535 0.40535   0.00028 0.20208   0.405 
0.72495  55566       0.40431 0.40431 0.40431   0.00028 0.20259   0.404 
0.72595  55364       0.40326 0.40326 0.40326   0.00028 0.20311   0.403 
0.72695  55162       0.40225 0.40225 0.40225   0.00028 0.20362   0.402 
0.72795  54960       0.40132 0.40132 0.40132   0.00028 0.20408   0.401 
0.72894  54758       0.40027 0.40027 0.40027   0.00028 0.20460   0.400 
0.72994  54556       0.39928 0.39928 0.39928   0.00028 0.20509   0.399 
0.73094  54354       0.39836 0.39836 0.39836   0.00028 0.20555   0.398 
0.73194  54152       0.39732 0.39732 0.39732   0.00028 0.20606   0.397 
0.73294  53950       0.39634 0.39634 0.39634   0.00028 0.20655   0.396 
0.73394  53748       0.39530 0.39530 0.39530   0.00028 0.20708   0.395 
0.73494  53546       0.39427 0.39427 0.39427   0.00028 0.20759   0.394 
0.73594  53344       0.39321 0.39321 0.39321   0.00028 0.20812   0.393 
0.73694  53142       0.39218 0.39218 0.39218   0.00028 0.20865   0.392 
0.73794  52940       0.39111 0.39111 0.39111   0.00028 0.20918   0.391 
0.73894  52738       0.39006 0.39006 0.39006   0.00028 0.20972   0.390 
0.73994  52536       0.38910 0.38910 0.38910   0.00028 0.21021   0.389 
0.74094  52334       0.38806 0.38806 0.38806   0.00028 0.21073   0.388 
0.74194  52132       0.38701 0.38701 0.38701   0.00028 0.21127   0.387 
0.74294  51930       0.38600 0.38600 0.38600   0.00028 0.21178   0.386 
0.74394  51728       0.38491 0.38491 0.38491   0.00029 0.21234   0.385 
0.74494  51526       0.38382 0.38382 0.38382   0.00029 0.21289   0.384 
0.74594  51324       0.38277 0.38277 0.38277   0.00029 0.21343   0.383 
0.74694  51122       0.38174 0.38174 0.38174   0.00029 0.21396   0.382 
0.74794  50920       0.38070 0.38070 0.38070   0.00029 0.21450   0.381 
0.74894  50718       0.37967 0.37967 0.37967   0.00029 0.21503   0.380 
0.74994  50516       0.37865 0.37865 0.37865   0.00029 0.21556   0.379 
0.75094  50314       0.37756 0.37756 0.37756   0.00029 0.21613   0.378 
0.75194  50112       0.37649 0.37649 0.37649   0.00029 0.21668   0.376 
0.75294  49910       0.37541 0.37541 0.37541   0.00029 0.21724   0.375 
0.75394  49708       0.37441 0.37441 0.37441   0.00029 0.21777   0.374 
0.75494  49506       0.37339 0.37339 0.37339   0.00029 0.21830   0.373 
0.75594  49304       0.37232 0.37232 0.37232   0.00029 0.21886   0.372 
0.75694  49102       0.37121 0.37121 0.37121   0.00029 0.21944   0.371 
0.75794  48900       0.37018 0.37018 0.37018   0.00029 0.21998   0.370 
0.75894  48698       0.36911 0.36911 0.36911   0.00029 0.22055   0.369 
0.75994  48496       0.36800 0.36800 0.36800   0.00029 0.22113   0.368 
0.76094  48294       0.36695 0.36695 0.36695   0.00029 0.22169   0.367 
0.76194  48092       0.36584 0.36584 0.36584   0.00029 0.22228   0.366 
0.76294  47890       0.36472 0.36472 0.36472   0.00029 0.22288   0.365 
0.76394  47688       0.36369 0.36369 0.36369   0.00029 0.22342   0.364 
0.76494  47486       0.36262 0.36262 0.36262   0.00029 0.22400   0.363 
0.76594  47284       0.36149 0.36149 0.36149   0.00029 0.22460   0.361 
0.76694  47082       0.36052 0.36052 0.36052   0.00029 0.22512   0.361 
0.76794  46880       0.35939 0.35939 0.35939   0.00029 0.22573   0.359 
0.76894  46678       0.35830 0.35830 0.35830   0.00029 0.22632   0.358 
0.76994  46476       0.35720 0.35720 0.35720   0.00029 0.22691   0.357 
0.77094  46274       0.35618 0.35618 0.35618   0.00029 0.22747   0.356 
0.77194  46072       0.35514 0.35514 0.35514   0.00029 0.22803   0.355 
0.77294  45870       0.35432 0.35432 0.35432   0.00030 0.22848   0.354 
0.77394  45668       0.35345 0.35345 0.35345   0.00030 0.22895   0.353 
0.77494  45466       0.35236 0.35236 0.35236   0.00030 0.22955   0.352 
0.77594  45264       0.35138 0.35138 0.35138   0.00030 0.23008   0.351 
0.77694  45062       0.35038 0.35038 0.35038   0.00030 0.23063   0.350 
0.77794  44860       0.34930 0.34930 0.34930   0.00030 0.23122   0.349 
0.77894  44658       0.34816 0.34816 0.34816   0.00030 0.23185   0.348 
0.77994  44456       0.34704 0.34704 0.34704   0.00030 0.23247   0.347 
0.78094  44254       0.34599 0.34599 0.34599   0.00030 0.23305   0.346 
0.78194  44052       0.34488 0.34488 0.34488   0.00030 0.23367   0.345 
0.78294  43850       0.34379 0.34379 0.34379   0.00030 0.23427   0.344 
0.78394  43648       0.34270 0.34270 0.34270   0.00030 0.23488   0.343 
0.78494  43446       0.34162 0.34162 0.34162   0.00030 0.23549   0.342 
0.78594  43244       0.34066 0.34066 0.34066   0.00030 0.23602   0.341 
0.78694  43042       0.33953 0.33953 0.33953   0.00030 0.23666   0.340 
0.78794  42840       0.33838 0.33838 0.33838   0.00030 0.23730   0.338 
0.78894  42638       0.33727 0.33727 0.33727   0.00030 0.23793   0.337 
0.78994  42436       0.33614 0.33614 0.33614   0.00030 0.23857   0.336 
0.79094  42234       0.33497 0.33497 0.33497   0.00030 0.23924   0.335 
0.79194  42032       0.33384 0.33384 0.33384   0.00030 0.23988   0.334 
0.79294  41830       0.33271 0.33271 0.33271   0.00030 0.24052   0.333 
0.79394  41628       0.33154 0.33154 0.33154   0.00030 0.24119   0.332 
0.79494  41426       0.33037 0.33037 0.33037   0.00030 0.24186   0.330 
0.79594  41224       0.32924 0.32924 0.32924   0.00030 0.24251   0.329 
0.79694  41022       0.32805 0.32805 0.32805   0.00030 0.24319   0.328 
0.79794  40820       0.32691 0.32691 0.32691   0.00031 0.24385   0.327 
0.79894  40618       0.32581 0.32581 0.32581   0.00031 0.24449   0.326 
0.79994  40416       0.32466 0.32466 0.32466   0.00031 0.24516   0.325 
0.80094  40214       0.32349 0.32349 0.32349   0.00031 0.24584   0.323 
0.80194  40012       0.32232 0.32232 0.32232   0.00031 0.24652   0.322 
0.80294  39810       0.32118 0.32118 0.32118   0.00031 0.24718   0.321 
0.80394  39608       0.31998 0.31998 0.31998   0.00031 0.24789   0.320 
0.80494  39406       0.31882 0.31882 0.31882   0.00031 0.24857   0.319 
0.80594  39204       0.31786 0.31786 0.31786   0.00031 0.24914   0.318 
0.80694  39002       0.31678 0.31678 0.31678   0.00031 0.24978   0.317 
0.80794  38800       0.31559 0.31559 0.31559   0.00031 0.25049   0.316 
0.80894  38598       0.31440 0.31440 0.31440   0.00031 0.25119   0.314 
0.80994  38396       0.31320 0.31320 0.31320   0.00031 0.25191   0.313 
0.81094  38194       0.31203 0.31203 0.31203   0.00031 0.25261   0.312 
0.81194  37992       0.31084 0.31084 0.31084   0.00031 0.25332   0.311 
0.81294  37790       0.30961 0.30961 0.30961   0.00031 0.25406   0.310 
0.81394  37588       0.30847 0.30847 0.30847   0.00031 0.25475   0.308 
0.81494  37386       0.30733 0.30733 0.30733   0.00031 0.25544   0.307 
0.81594  37184       0.30624 0.30624 0.30624   0.00031 0.25610   0.306 
0.81694  36982       0.30505 0.30505 0.30505   0.00031 0.25682   0.305 
0.81794  36780       0.30383 0.30383 0.30383   0.00031 0.25757   0.304 
0.81894  36578       0.30262 0.30262 0.30262   0.00032 0.25831   0.303 
0.81994  36376       0.30144 0.30144 0.30144   0.00032 0.25903   0.301 
0.82094  36174       0.30020 0.30020 0.30020   0.00032 0.25979   0.300 
0.82194  35972       0.29898 0.29898 0.29898   0.00032 0.26055   0.299 
0.82294  35770       0.29772 0.29772 0.29772   0.00032 0.26133   0.298 
0.82394  35568       0.29649 0.29649 0.29649   0.00032 0.26209   0.296 
0.82494  35366       0.29545 0.29545 0.29545   0.00032 0.26274   0.295 
0.82594  35164       0.29422 0.29422 0.29422   0.00032 0.26351   0.294 
0.82694  34962       0.29295 0.29295 0.29295   0.00032 0.26431   0.293 
0.82794  34760       0.29178 0.29178 0.29178   0.00032 0.26504   0.292 
0.82894  34558       0.29054 0.29054 0.29054   0.00032 0.26582   0.291 
0.82994  34356       0.28937 0.28937 0.28937   0.00032 0.26656   0.289 
0.83094  34154       0.28810 0.28810 0.28810   0.00032 0.26737   0.288 
0.83194  33952       0.28706 0.28706 0.28706   0.00032 0.26803   0.287 
0.83294  33750       0.28585 0.28585 0.28585   0.00032 0.26880   0.286 
0.83394  33548       0.28465 0.28465 0.28465   0.00032 0.26957   0.285 
0.83494  33346       0.28341 0.28341 0.28341   0.00032 0.27037   0.283 
0.83594  33144       0.28216 0.28216 0.28216   0.00032 0.27117   0.282 
0.83694  32942       0.28090 0.28090 0.28090   0.00032 0.27199   0.281 
0.83794  32740       0.27961 0.27961 0.27961   0.00033 0.27283   0.280 
0.83894  32538       0.27839 0.27839 0.27839   0.00033 0.27362   0.278 
0.83994  32336       0.27709 0.27709 0.27709   0.00033 0.27447   0.277 
0.84093  32134       0.27579 0.27579 0.27579   0.00033 0.27532   0.276 
0.84193  31932       0.27453 0.27453 0.27453   0.00033 0.27615   0.275 
0.84293  31730       0.27324 0.27324 0.27324   0.00033 0.27701   0.273 
0.84393  31528       0.27192 0.27192 0.27192   0.00033 0.27788   0.272 
0.84493  31326       0.27062 0.27062 0.27062   0.00033 0.27874   0.271 
0.84593  31124       0.26933 0.26933 0.26933   0.00033 0.27961   0.269 
0.84693  30922       0.26810 0.26810 0.26810   0.00033 0.28043   0.268 
0.84793  30720       0.26694 0.26694 0.26694   0.00033 0.28121   0.267 
0.84893  30518       0.26565 0.26565 0.26565   0.00033 0.28208   0.266 
0.84993  30316       0.26435 0.26435 0.26435   0.00033 0.28296   0.264 
0.85093  30114       0.26301 0.26301 0.26301   0.00033 0.28387   0.263 
0.85193  29912       0.26168 0.26168 0.26168   0.00033 0.28477   0.262 
0.85293  29710       0.26039 0.26039 0.26039   0.00033 0.28566   0.260 
0.85393  29508       0.25910 0.25910 0.25910   0.00034 0.28655   0.259 
0.85493  29306       0.25777 0.25777 0.25777   0.00034 0.28746   0.258 
0.85593  29104       0.25644 0.25644 0.25644   0.00034 0.28838   0.256 
0.85693  28902       0.25518 0.25518 0.25518   0.00034 0.28926   0.255 
0.85793  28700       0.25382 0.25382 0.25382   0.00034 0.29021   0.254 
0.85893  28498       0.25255 0.25255 0.25255   0.00034 0.29110   0.253 
0.85993  28296       0.25128 0.25128 0.25128   0.00034 0.29199   0.251 
0.86093  28094       0.25001 0.25001 0.25001   0.00034 0.29289   0.250 
0.86193  27892       0.24866 0.24866 0.24866   0.00034 0.29384   0.249 
0.86293  27690       0.24730 0.24730 0.24730   0.00034 0.29481   0.247 
0.86393  27488       0.24593 0.24593 0.24593   0.00034 0.29579   0.246 
0.86493  27286       0.24455 0.24455 0.24455   0.00034 0.29678   0.245 
0.86593  27084       0.24331 0.24331 0.24331   0.00034 0.29768   0.243 
0.86693  26882       0.24195 0.24195 0.24195   0.00034 0.29865   0.242 
0.86793  26680       0.24058 0.24058 0.24058   0.00034 0.29965   0.241 
0.86893  26478       0.23920 0.23920 0.23920   0.00035 0.30066   0.239 
0.86993  26276       0.23791 0.23791 0.23791   0.00035 0.30160   0.238 
0.87093  26074       0.23653 0.23653 0.23653   0.00035 0.30262   0.237 
0.87193  25872       0.23513 0.23513 0.23513   0.00035 0.30365   0.235 
0.87293  25670       0.23386 0.23386 0.23386   0.00035 0.30459   0.234 
0.87393  25468       0.23252 0.23252 0.23252   0.00035 0.30559   0.233 
0.87493  25266       0.23111 0.23111 0.23111   0.00035 0.30665   0.231 
0.87593  25064       0.22983 0.22983 0.22983   0.00035 0.30761   0.230 
0.87693  24862       0.22851 0.22851 0.22851   0.00035 0.30861   0.229 
0.87793  24660       0.22708 0.22708 0.22708   0.00035 0.30969   0.227 
0.87893  24458       0.22567 0.22567 0.22567   0.00035 0.31076   0.226 
0.87993  24256       0.22425 0.22425 0.22425   0.00035 0.31185   0.224 
0.88093  24054       0.22286 0.22286 0.22286   0.00035 0.31292   0.223 
0.88193  23852       0.22154 0.22154 0.22154   0.00036 0.31394   0.222 
0.88293  23650       0.22012 0.22012 0.22012   0.00036 0.31504   0.220 
0.88393  23448       0.21867 0.21867 0.21867   0.00036 0.31617   0.219 
0.88493  23246       0.21726 0.21726 0.21726   0.00036 0.31728   0.217 
0.88593  23044       0.21582 0.21582 0.21582   0.00036 0.31841   0.216 
0.88693  22842       0.21441 0.21441 0.21441   0.00036 0.31953   0.214 
0.88793  22640       0.21300 0.21300 0.21300   0.00036 0.32065   0.213 
0.88893  22438       0.21160 0.21160 0.21160   0.00036 0.32177   0.212 
0.88993  22236       0.21017 0.21017 0.21017   0.00036 0.32292   0.210 
0.89093  22034       0.20869 0.20869 0.20869   0.00036 0.32411   0.209 
0.89193  21832       0.20724 0.20724 0.20724   0.00036 0.32529   0.207 
0.89293  21630       0.20576 0.20576 0.20576   0.00037 0.32650   0.206 
0.89393  21428       0.20428 0.20428 0.20428   0.00037 0.32771   0.204 
0.89493  21226       0.20287 0.20287 0.20287   0.00037 0.32887   0.203 
0.89593  21024       0.20140 0.20140 0.20140   0.00037 0.33010   0.201 
0.89693  20822       0.19990 0.19990 0.19990   0.00037 0.33134   0.200 
0.89793  20620       0.19840 0.19840 0.19840   0.00037 0.33260   0.198 
0.89893  20418       0.19691 0.19691 0.19691   0.00037 0.33386   0.197 
0.89993  20216       0.19545 0.19545 0.19545   0.00037 0.33510   0.195 
0.90093  20014       0.19396 0.19396 0.19396   0.00037 0.33637   0.194 
0.90193  19812       0.19244 0.19244 0.19244   0.00037 0.33767   0.192 
0.90293  19610       0.19090 0.19090 0.19090   0.00037 0.33900   0.191 
0.90393  19408       0.18937 0.18937 0.18937   0.00038 0.34033   0.189 
0.90493  19206       0.18783 0.18783 0.18783   0.00038 0.34168   0.188 
0.90593  19004       0.18630 0.18630 0.18630   0.00038 0.34301   0.186 
0.90693  18802       0.18482 0.18482 0.18482   0.00038 0.34433   0.185 
0.90793  18600       0.18326 0.18326 0.18326   0.00038 0.34572   0.183 
0.90893  18398       0.18170 0.18170 0.18170   0.00038 0.34711   0.182 
0.90993  18196       0.18013 0.18013 0.18013   0.00038 0.34853   0.180 
0.91093  17994       0.17855 0.17855 0.17855   0.00038 0.34996   0.179 
0.91193  17792       0.17697 0.17697 0.17697   0.00038 0.35140   0.177 
0.91293  17590       0.17541 0.17541 0.17541   0.00039 0.35284   0.175 
0.91393  17388       0.17382 0.17382 0.17382   0.00039 0.35431   0.174 
0.91493  17186       0.17223 0.17223 0.17223   0.00039 0.35579   0.172 
0.91593  16984       0.17066 0.17066 0.17066   0.00039 0.35727   0.171 
0.91693  16782       0.16906 0.16906 0.16906   0.00039 0.35878   0.169 
0.91793  16580       0.16745 0.16745 0.16745   0.00039 0.36031   0.167 
0.91893  16378       0.16583 0.16583 0.16583   0.00039 0.36186   0.166 
0.91993  16176       0.16420 0.16420 0.16420   0.00039 0.36343   0.164 
0.92093  15974       0.16264 0.16264 0.16264   0.00040 0.36495   0.163 
0.92193  15772       0.16116 0.16116 0.16116   0.00040 0.36640   0.161 
0.92293  15570       0.15953 0.15953 0.15953   0.00040 0.36801   0.160 
0.92393  15368       0.15790 0.15790 0.15790   0.00040 0.36963   0.158 
0.92493  15166       0.15624 0.15624 0.15624   0.00040 0.37129   0.156 
0.92593  14964       0.15458 0.15458 0.15458   0.00040 0.37297   0.155 
0.92693  14762       0.15291 0.15291 0.15291   0.00040 0.37467   0.153 
0.92793  14560       0.15125 0.15125 0.15125   0.00041 0.37638   0.151 
0.92893  14358       0.14956 0.14956 0.14956   0.00041 0.37813   0.150 
0.92993  14156       0.14790 0.14790 0.14790   0.00041 0.37985   0.148 
0.93093  13954       0.14624 0.14624 0.14624   0.00041 0.38161   0.146 
0.93193  13752       0.14453 0.14453 0.14453   0.00041 0.38342   0.145 
0.93293  13550       0.14283 0.14283 0.14283   0.00041 0.38524   0.143 
0.93393  13348       0.14112 0.14112 0.14112   0.00041 0.38709   0.141 
0.93493  13146       0.13966 0.13966 0.13966   0.00042 0.38868   0.140 
0.93593  12944       0.13793 0.13793 0.13793   0.00042 0.39059   0.138 
0.93693  12742       0.13618 0.13618 0.13618   0.00042 0.39253   0.136 
0.93793  12540       0.13446 0.13446 0.13446   0.00042 0.39445   0.134 
0.93893  12338       0.13271 0.13271 0.13271   0.00042 0.39643   0.133 
0.93993  12136       0.13094 0.13094 0.13094   0.00042 0.39846   0.131 
0.94093  11934       0.12917 0.12917 0.12917   0.00043 0.40049   0.129 
0.94193  11732       0.12740 0.12740 0.12740   0.00043 0.40256   0.127 
0.94293  11530       0.12562 0.12562 0.12562   0.00043 0.40466   0.126 
0.94393  11328       0.12383 0.12383 0.12383   0.00043 0.40679   0.124 
0.94493  11126       0.12202 0.12202 0.12202   0.00043 0.40897   0.122 
0.94593  10924       0.12023 0.12023 0.12023   0.00043 0.41115   0.120 
0.94693  10722       0.11841 0.11841 0.11841   0.00044 0.41339   0.118 
0.94793  10520       0.11657 0.11657 0.11657   0.00044 0.41569   0.117 
0.94893  10318       0.11473 0.11473 0.11473   0.00044 0.41800   0.115 
0.94993  10116       0.11287 0.11287 0.11287   0.00044 0.42038   0.113 
0.95093  9914        0.11103 0.11103 0.11103   0.00044 0.42275   0.111 
0.95193  9712        0.10915 0.10915 0.10915   0.00045 0.42521   0.109 
0.95292  9510        0.10728 0.10728 0.10728   0.00045 0.42769   0.107 
0.95392  9308        0.10538 0.10538 0.10538   0.00045 0.43025   0.105 
0.95492  9106        0.10348 0.10348 0.10348   0.00045 0.43283   0.103 
0.95592  8904        0.10156 0.10156 0.10156   0.00046 0.43548   0.102 
0.95692  8702        0.09963 0.09963 0.09963   0.00046 0.43818   0.100 
0.95792  8500        0.09769 0.09769 0.09769   0.00046 0.44093   0.098 
0.95892  8298        0.09576 0.09576 0.09576   0.00046 0.44372   0.096 
0.95992  8096        0.09379 0.09379 0.09379   0.00046 0.44660   0.094 
0.96092  7894        0.09181 0.09181 0.09181   0.00047 0.44954   0.092 
0.96192  7692        0.08987 0.08987 0.08987   0.00047 0.45248   0.090 
0.96292  7490        0.08786 0.08786 0.08786   0.00047 0.45556   0.088 
0.96392  7288        0.08585 0.08585 0.08585   0.00048 0.45870   0.086 
0.96492  7086        0.08383 0.08383 0.08383   0.00048 0.46192   0.084 
0.96592  6884        0.08184 0.08184 0.08184   0.00048 0.46514   0.082 
0.96692  6682        0.07981 0.07981 0.07981   0.00048 0.46848   0.080 
0.96792  6480        0.07774 0.07774 0.07774   0.00049 0.47197   0.078 
0.96892  6278        0.07570 0.07570 0.07570   0.00049 0.47546   0.076 
0.96992  6076        0.07365 0.07365 0.07365   0.00049 0.47905   0.074 
0.97092  5874        0.07154 0.07154 0.07154   0.00050 0.48282   0.072 
0.97192  5672        0.06951 0.06951 0.06951   0.00050 0.48654   0.070 
0.97292  5470        0.06737 0.06737 0.06737   0.00050 0.49053   0.067 
0.97392  5268        0.06522 0.06522 0.06522   0.00051 0.49465   0.065 
0.97492  5066        0.06305 0.06305 0.06305   0.00051 0.49891   0.063 
0.97592  4864        0.06088 0.06088 0.06088   0.00052 0.50327   0.061 
0.97692  4662        0.05867 0.05867 0.05867   0.00052 0.50785   0.059 
0.97792  4460        0.05643 0.05643 0.05643   0.00052 0.51260   0.056 
0.97892  4258        0.05418 0.05418 0.05418   0.00053 0.51755   0.054 
0.97992  4056        0.05190 0.05190 0.05190   0.00053 0.52270   0.052 
0.98092  3854        0.04964 0.04964 0.04964   0.00054 0.52799   0.050 
0.98192  3652        0.04732 0.04732 0.04732   0.00054 0.53360   0.047 
0.98292  3450        0.04497 0.04497 0.04497   0.00055 0.53949   0.045 
0.98392  3248        0.04262 0.04262 0.04262   0.00055 0.54563   0.043 
0.98492  3046        0.04023 0.04023 0.04023   0.00056 0.55214   0.040 
0.98592  2844        0.03782 0.03782 0.03782   0.00057 0.55901   0.038 
0.98692  2642        0.03537 0.03537 0.03537   0.00057 0.56633   0.035 
0.98792  2440        0.03291 0.03291 0.03291   0.00058 0.57408   0.033 
0.98892  2238        0.03043 0.03043 0.03043   0.00059 0.58235   0.030 
0.98992  2036        0.02788 0.02788 0.02788   0.00060 0.59137   0.028 
0.99092  1834        0.02533 0.02533 0.02533   0.00061 0.60106   0.025 
0.99192  1632        0.02272 0.02272 0.02272   0.00062 0.61175   0.023 
0.99292  1430        0.02010 0.02010 0.02010   0.00063 0.62347   0.020 
0.99392  1228        0.01743 0.01743 0.01743   0.00064 0.63667   0.017 
0.99492  1026        0.01472 0.01472 0.01472   0.00065 0.65169   0.015 
0.99592  824         0.01196 0.01196 0.01196   0.00067 0.66933   0.012 
0.99692  622         0.00915 0.00915 0.00915   0.00069 0.69073   0.009 
0.99792  420         0.00629 0.00629 0.00629   0.00072 0.71841   0.006 
0.99892  218         0.00334 0.00334 0.00334   0.00076 0.75962   0.003 
0.99992  16          0.00025 0.00025 0.00025   0.00087 0.87365   0.000 
1.00000  0           0.00000 0.00000 0.00000   0.00100 0.99989   0.000 
