# Prop_landscape_lost  cost_needed_for_top_fraction  min_prop_rem  ave_prop_rem  W_prop_rem  ext-1  ext-2  prop_for_each_biodiversity_feature_(e.g._species)_remaining_at_level_of_removal...
0.00001  2.033e+005  1.00000 1.00000 1.00000   -0.00000 -0.00000   1.000 1.000 1.000 1.000 1.000 
0.00101  2.031e+005  1.00000 1.00000 1.00000   -0.00000 -0.00000   1.000 0.992 0.991 1.000 1.000 
0.00201  2.0289e+005  0.99930 0.99976 1.00000   0.00002 0.00000   1.000 0.977 0.989 0.999 1.000 
0.00301  2.0269e+005  0.99833 0.99940 0.99994   0.00004 0.00002   1.000 0.961 0.987 0.998 1.000 
0.00400  2.0249e+005  0.99746 0.99903 0.99981   0.00005 0.00005   1.000 0.945 0.986 0.997 1.000 
0.00500  2.0228e+005  0.99673 0.99864 0.99959   0.00006 0.00010   1.000 0.929 0.983 0.997 1.000 
0.00600  2.0208e+005  0.99601 0.99835 0.99951   0.00006 0.00012   1.000 0.913 0.979 0.996 1.000 
0.00700  2.0188e+005  0.99522 0.99796 0.99933   0.00006 0.00017   0.999 0.897 0.975 0.995 0.999 
0.00800  2.0168e+005  0.99439 0.99749 0.99905   0.00007 0.00024   0.999 0.881 0.972 0.994 0.999 
0.00900  2.0147e+005  0.99347 0.99697 0.99872   0.00008 0.00032   0.999 0.865 0.970 0.993 0.999 
0.01000  2.0127e+005  0.99262 0.99646 0.99838   0.00008 0.00040   0.998 0.849 0.967 0.993 0.998 
0.01099  2.0107e+005  0.99182 0.99591 0.99796   0.00009 0.00051   0.998 0.833 0.965 0.992 0.998 
0.01199  2.0086e+005  0.99094 0.99534 0.99754   0.00009 0.00062   0.998 0.817 0.963 0.991 0.998 
0.01299  2.0066e+005  0.99010 0.99487 0.99725   0.00009 0.00069   0.997 0.801 0.960 0.990 0.997 
0.01399  2.0046e+005  0.98921 0.99430 0.99685   0.00010 0.00079   0.997 0.785 0.959 0.989 0.997 
0.01499  2.0025e+005  0.98832 0.99368 0.99636   0.00010 0.00091   0.996 0.769 0.957 0.988 0.996 
0.01599  2.0005e+005  0.98750 0.99305 0.99583   0.00010 0.00104   0.996 0.753 0.955 0.988 0.996 
0.01698  1.9985e+005  0.98659 0.99237 0.99526   0.00011 0.00119   0.995 0.737 0.953 0.987 0.995 
0.01798  1.9964e+005  0.98571 0.99167 0.99465   0.00011 0.00134   0.995 0.721 0.951 0.986 0.995 
0.01898  1.9944e+005  0.98479 0.99093 0.99400   0.00011 0.00150   0.994 0.706 0.949 0.985 0.994 
0.01998  1.9924e+005  0.98388 0.99017 0.99332   0.00012 0.00168   0.993 0.690 0.948 0.984 0.993 
0.02098  1.9904e+005  0.98298 0.98937 0.99256   0.00012 0.00187   0.993 0.674 0.947 0.983 0.993 
0.02198  1.9883e+005  0.98210 0.98848 0.99166   0.00013 0.00209   0.992 0.658 0.946 0.982 0.992 
0.02298  1.9863e+005  0.98123 0.98750 0.99063   0.00013 0.00235   0.991 0.642 0.944 0.981 0.991 
0.02397  1.9843e+005  0.98039 0.98641 0.98942   0.00014 0.00266   0.989 0.626 0.943 0.980 0.989 
0.02497  1.9822e+005  0.97964 0.98504 0.98773   0.00014 0.00308   0.988 0.610 0.941 0.980 0.988 
0.02597  1.9802e+005  0.97873 0.98342 0.98577   0.00015 0.00358   0.986 0.594 0.940 0.979 0.986 
0.02697  1.9782e+005  0.97775 0.98167 0.98363   0.00016 0.00412   0.984 0.578 0.939 0.978 0.984 
0.02797  1.9762e+005  0.97698 0.98028 0.98192   0.00017 0.00455   0.982 0.567 0.933 0.977 0.982 
0.02897  1.9741e+005  0.97687 0.98023 0.98191   0.00017 0.00455   0.982 0.567 0.919 0.977 0.982 
0.02997  1.9721e+005  0.97662 0.98009 0.98182   0.00016 0.00458   0.982 0.565 0.906 0.977 0.982 
0.03096  1.9701e+005  0.97635 0.97990 0.98167   0.00016 0.00462   0.982 0.561 0.894 0.976 0.982 
0.03196  1.968e+005  0.97563 0.97959 0.98157   0.00016 0.00464   0.982 0.546 0.889 0.976 0.982 
0.03296  1.966e+005  0.97533 0.97934 0.98134   0.00015 0.00470   0.981 0.544 0.876 0.975 0.981 
0.03396  1.964e+005  0.97492 0.97892 0.98092   0.00015 0.00480   0.981 0.539 0.866 0.975 0.981 
0.03496  1.9619e+005  0.97470 0.97821 0.97996   0.00015 0.00505   0.980 0.539 0.852 0.975 0.980 
0.03596  1.9599e+005  0.97378 0.97754 0.97942   0.00015 0.00518   0.979 0.539 0.848 0.974 0.979 
0.03696  1.9579e+005  0.97268 0.97717 0.97942   0.00015 0.00519   0.979 0.539 0.847 0.973 0.979 
0.03795  1.9558e+005  0.97159 0.97680 0.97940   0.00015 0.00519   0.979 0.539 0.847 0.972 0.979 
0.03895  1.9538e+005  0.97052 0.97633 0.97924   0.00015 0.00523   0.979 0.535 0.846 0.971 0.979 
0.03995  1.9518e+005  0.96943 0.97595 0.97920   0.00015 0.00524   0.979 0.535 0.845 0.969 0.979 
0.04095  1.9498e+005  0.96867 0.97568 0.97918   0.00015 0.00525   0.979 0.535 0.845 0.969 0.979 
0.04195  1.9477e+005  0.96799 0.97545 0.97918   0.00014 0.00525   0.979 0.535 0.844 0.968 0.979 
0.04295  1.9457e+005  0.96716 0.97517 0.97918   0.00014 0.00525   0.979 0.535 0.843 0.967 0.979 
0.04394  1.9437e+005  0.96622 0.97486 0.97918   0.00014 0.00525   0.979 0.535 0.843 0.966 0.979 
0.04494  1.9416e+005  0.96532 0.97456 0.97917   0.00014 0.00525   0.979 0.535 0.843 0.965 0.979 
0.04594  1.9396e+005  0.96443 0.97425 0.97917   0.00014 0.00525   0.979 0.535 0.842 0.964 0.979 
0.04694  1.9376e+005  0.96352 0.97394 0.97915   0.00014 0.00525   0.979 0.534 0.842 0.964 0.979 
0.04794  1.9356e+005  0.96262 0.97363 0.97914   0.00014 0.00526   0.979 0.534 0.841 0.963 0.979 
0.04894  1.9335e+005  0.96167 0.97330 0.97912   0.00013 0.00526   0.979 0.534 0.840 0.962 0.979 
0.04994  1.9315e+005  0.96075 0.97298 0.97909   0.00013 0.00527   0.979 0.533 0.839 0.961 0.979 
0.05093  1.9295e+005  0.95982 0.97265 0.97906   0.00013 0.00528   0.979 0.533 0.839 0.960 0.979 
0.05193  1.9274e+005  0.95897 0.97234 0.97903   0.00013 0.00528   0.979 0.533 0.838 0.959 0.979 
0.05293  1.9254e+005  0.95808 0.97202 0.97899   0.00013 0.00529   0.979 0.533 0.838 0.958 0.979 
0.05393  1.9234e+005  0.95713 0.97168 0.97895   0.00013 0.00530   0.979 0.533 0.838 0.957 0.979 
0.05493  1.9213e+005  0.95623 0.97135 0.97891   0.00013 0.00532   0.979 0.532 0.837 0.956 0.979 
0.05593  1.9193e+005  0.95532 0.97101 0.97886   0.00013 0.00533   0.979 0.532 0.837 0.955 0.979 
0.05693  1.9173e+005  0.95444 0.97068 0.97880   0.00013 0.00534   0.979 0.532 0.835 0.954 0.979 
0.05792  1.9152e+005  0.95355 0.97034 0.97874   0.00013 0.00536   0.979 0.531 0.834 0.954 0.979 
0.05892  1.9132e+005  0.95256 0.96997 0.97868   0.00013 0.00537   0.979 0.531 0.834 0.953 0.979 
0.05992  1.9112e+005  0.95169 0.96964 0.97861   0.00013 0.00539   0.979 0.531 0.833 0.952 0.979 
0.06092  1.9092e+005  0.95072 0.96927 0.97854   0.00013 0.00541   0.979 0.531 0.833 0.951 0.979 
0.06192  1.9071e+005  0.94981 0.96892 0.97847   0.00013 0.00543   0.978 0.530 0.831 0.950 0.978 
0.06292  1.9051e+005  0.94888 0.96855 0.97839   0.00012 0.00545   0.978 0.530 0.831 0.949 0.978 
0.06392  1.9031e+005  0.94794 0.96819 0.97831   0.00012 0.00547   0.978 0.529 0.830 0.948 0.978 
0.06491  1.901e+005  0.94699 0.96782 0.97823   0.00012 0.00549   0.978 0.529 0.830 0.947 0.978 
0.06591  1.899e+005  0.94603 0.96744 0.97815   0.00012 0.00551   0.978 0.529 0.829 0.946 0.978 
0.06691  1.897e+005  0.94507 0.96706 0.97806   0.00012 0.00553   0.978 0.529 0.829 0.945 0.978 
0.06791  1.895e+005  0.94411 0.96668 0.97797   0.00012 0.00555   0.978 0.529 0.828 0.944 0.978 
0.06891  1.8929e+005  0.94315 0.96630 0.97787   0.00012 0.00558   0.978 0.529 0.827 0.943 0.978 
0.06991  1.8909e+005  0.94219 0.96591 0.97777   0.00012 0.00560   0.978 0.528 0.826 0.942 0.978 
0.07090  1.8889e+005  0.94121 0.96552 0.97767   0.00012 0.00563   0.978 0.528 0.826 0.941 0.978 
0.07190  1.8868e+005  0.94024 0.96513 0.97757   0.00012 0.00565   0.978 0.528 0.825 0.940 0.978 
0.07290  1.8848e+005  0.93926 0.96473 0.97747   0.00012 0.00568   0.977 0.528 0.824 0.939 0.977 
0.07390  1.8828e+005  0.93826 0.96433 0.97736   0.00012 0.00571   0.977 0.526 0.823 0.938 0.977 
0.07490  1.8807e+005  0.93729 0.96393 0.97725   0.00012 0.00574   0.977 0.526 0.822 0.937 0.977 
0.07590  1.8787e+005  0.93634 0.96354 0.97713   0.00012 0.00577   0.977 0.526 0.822 0.936 0.977 
0.07690  1.8767e+005  0.93534 0.96312 0.97702   0.00012 0.00580   0.977 0.526 0.821 0.935 0.977 
0.07789  1.8746e+005  0.93430 0.96270 0.97690   0.00012 0.00583   0.977 0.526 0.821 0.934 0.977 
0.07889  1.8726e+005  0.93326 0.96227 0.97678   0.00012 0.00586   0.977 0.522 0.821 0.933 0.977 
0.07989  1.8706e+005  0.93222 0.96186 0.97667   0.00012 0.00588   0.977 0.514 0.820 0.932 0.977 
0.08089  1.8686e+005  0.93123 0.96144 0.97655   0.00012 0.00592   0.977 0.514 0.820 0.931 0.977 
0.08189  1.8665e+005  0.93030 0.96104 0.97642   0.00012 0.00595   0.976 0.514 0.819 0.930 0.976 
0.08289  1.8645e+005  0.92932 0.96063 0.97628   0.00012 0.00598   0.976 0.514 0.819 0.929 0.976 
0.08389  1.8625e+005  0.92833 0.96020 0.97614   0.00012 0.00602   0.976 0.514 0.819 0.928 0.976 
0.08488  1.8604e+005  0.92745 0.95982 0.97600   0.00012 0.00606   0.976 0.514 0.818 0.927 0.976 
0.08588  1.8584e+005  0.92651 0.95940 0.97585   0.00012 0.00609   0.976 0.513 0.817 0.927 0.976 
0.08688  1.8564e+005  0.92557 0.95899 0.97569   0.00012 0.00613   0.976 0.513 0.816 0.926 0.976 
0.08788  1.8544e+005  0.92467 0.95858 0.97553   0.00012 0.00617   0.976 0.511 0.814 0.925 0.976 
0.08888  1.8523e+005  0.92383 0.95819 0.97537   0.00012 0.00622   0.975 0.511 0.813 0.924 0.975 
0.08988  1.8503e+005  0.92289 0.95776 0.97520   0.00012 0.00626   0.975 0.511 0.813 0.923 0.975 
0.09088  1.8483e+005  0.92205 0.95734 0.97499   0.00012 0.00631   0.975 0.508 0.811 0.922 0.975 
0.09187  1.8462e+005  0.92107 0.95690 0.97482   0.00012 0.00636   0.975 0.508 0.811 0.921 0.975 
0.09287  1.8442e+005  0.92009 0.95646 0.97464   0.00012 0.00640   0.975 0.508 0.810 0.920 0.975 
0.09387  1.8422e+005  0.91919 0.95603 0.97445   0.00012 0.00645   0.974 0.508 0.809 0.919 0.974 
0.09487  1.8401e+005  0.91841 0.95562 0.97423   0.00012 0.00651   0.974 0.507 0.807 0.918 0.974 
0.09587  1.8381e+005  0.91746 0.95517 0.97403   0.00012 0.00656   0.974 0.507 0.806 0.917 0.974 
0.09687  1.8361e+005  0.91656 0.95474 0.97383   0.00012 0.00661   0.974 0.507 0.806 0.917 0.974 
0.09786  1.834e+005  0.91563 0.95430 0.97363   0.00012 0.00666   0.974 0.506 0.805 0.916 0.974 
0.09886  1.832e+005  0.91471 0.95384 0.97340   0.00012 0.00672   0.973 0.505 0.804 0.915 0.973 
0.09986  1.83e+005   0.91375 0.95338 0.97320   0.00012 0.00677   0.973 0.505 0.804 0.914 0.973 
0.10086  1.828e+005  0.91280 0.95292 0.97298   0.00012 0.00682   0.973 0.505 0.803 0.913 0.973 
0.10186  1.8259e+005  0.91193 0.95248 0.97275   0.00012 0.00688   0.973 0.505 0.802 0.912 0.973 
0.10286  1.8239e+005  0.91105 0.95203 0.97252   0.00012 0.00694   0.973 0.505 0.800 0.911 0.973 
0.10386  1.8219e+005  0.91011 0.95156 0.97229   0.00012 0.00700   0.972 0.504 0.799 0.910 0.972 
0.10485  1.8198e+005  0.90912 0.95107 0.97205   0.00012 0.00706   0.972 0.504 0.799 0.909 0.972 
0.10585  1.8178e+005  0.90822 0.95061 0.97181   0.00012 0.00712   0.972 0.504 0.798 0.908 0.972 
0.10685  1.8158e+005  0.90728 0.95014 0.97157   0.00012 0.00719   0.972 0.504 0.797 0.907 0.972 
0.10785  1.8138e+005  0.90635 0.94966 0.97132   0.00012 0.00725   0.971 0.504 0.796 0.906 0.971 
0.10885  1.8117e+005  0.90538 0.94917 0.97106   0.00012 0.00731   0.971 0.504 0.796 0.905 0.971 
0.10985  1.8097e+005  0.90454 0.94870 0.97078   0.00012 0.00739   0.971 0.503 0.793 0.905 0.971 
0.11085  1.8077e+005  0.90370 0.94824 0.97051   0.00012 0.00745   0.971 0.503 0.790 0.904 0.971 
0.11184  1.8056e+005  0.90272 0.94773 0.97024   0.00012 0.00752   0.970 0.503 0.789 0.903 0.970 
0.11284  1.8036e+005  0.90179 0.94725 0.96997   0.00012 0.00759   0.970 0.503 0.789 0.902 0.970 
0.11384  1.8016e+005  0.90080 0.94674 0.96971   0.00012 0.00766   0.970 0.503 0.788 0.901 0.970 
0.11484  1.7995e+005  0.89994 0.94626 0.96942   0.00012 0.00773   0.969 0.503 0.786 0.900 0.969 
0.11584  1.7975e+005  0.89902 0.94577 0.96914   0.00012 0.00780   0.969 0.503 0.785 0.899 0.969 
0.11684  1.7955e+005  0.89808 0.94527 0.96886   0.00012 0.00788   0.969 0.503 0.784 0.898 0.969 
0.11784  1.7934e+005  0.89716 0.94478 0.96860   0.00012 0.00794   0.969 0.503 0.783 0.897 0.969 
0.11883  1.7914e+005  0.89642 0.94433 0.96829   0.00012 0.00802   0.968 0.501 0.779 0.896 0.968 
0.11983  1.7894e+005  0.89554 0.94385 0.96801   0.00012 0.00809   0.968 0.499 0.777 0.896 0.968 
0.12083  1.7874e+005  0.89457 0.94334 0.96772   0.00012 0.00817   0.968 0.499 0.775 0.895 0.968 
0.12183  1.7853e+005  0.89361 0.94282 0.96743   0.00012 0.00824   0.967 0.498 0.775 0.894 0.967 
0.12283  1.7833e+005  0.89262 0.94230 0.96713   0.00012 0.00832   0.967 0.498 0.774 0.893 0.967 
0.12383  1.7813e+005  0.89167 0.94178 0.96683   0.00012 0.00840   0.967 0.498 0.774 0.892 0.967 
0.12482  1.7792e+005  0.89066 0.94124 0.96653   0.00012 0.00847   0.967 0.498 0.774 0.891 0.967 
0.12582  1.7772e+005  0.88976 0.94074 0.96623   0.00012 0.00855   0.966 0.498 0.773 0.890 0.966 
0.12682  1.7752e+005  0.88877 0.94021 0.96592   0.00012 0.00863   0.966 0.498 0.772 0.889 0.966 
0.12782  1.7732e+005  0.88778 0.93967 0.96561   0.00012 0.00871   0.966 0.498 0.771 0.888 0.966 
0.12882  1.7711e+005  0.88675 0.93911 0.96529   0.00012 0.00879   0.965 0.498 0.770 0.887 0.965 
0.12982  1.7691e+005  0.88580 0.93855 0.96493   0.00012 0.00889   0.965 0.491 0.769 0.886 0.965 
0.13082  1.7671e+005  0.88484 0.93802 0.96461   0.00012 0.00897   0.965 0.491 0.768 0.885 0.965 
0.13181  1.765e+005  0.88382 0.93746 0.96428   0.00012 0.00905   0.964 0.491 0.768 0.884 0.964 
0.13281  1.763e+005  0.88292 0.93687 0.96384   0.00012 0.00916   0.964 0.484 0.766 0.883 0.964 
0.13381  1.761e+005  0.88206 0.93631 0.96344   0.00012 0.00927   0.963 0.482 0.764 0.882 0.963 
0.13481  1.7589e+005  0.88110 0.93572 0.96302   0.00012 0.00937   0.963 0.481 0.763 0.881 0.963 
0.13581  1.7569e+005  0.88014 0.93517 0.96269   0.00012 0.00946   0.963 0.480 0.762 0.880 0.963 
0.13681  1.7549e+005  0.87919 0.93464 0.96236   0.00012 0.00955   0.962 0.480 0.761 0.879 0.962 
0.13781  1.7528e+005  0.87822 0.93410 0.96203   0.00012 0.00963   0.962 0.480 0.760 0.878 0.962 
0.13880  1.7508e+005  0.87725 0.93354 0.96169   0.00012 0.00972   0.962 0.480 0.759 0.877 0.962 
0.13980  1.7488e+005  0.87632 0.93294 0.96125   0.00012 0.00983   0.961 0.474 0.758 0.876 0.961 
0.14080  1.7468e+005  0.87547 0.93225 0.96064   0.00012 0.00999   0.961 0.463 0.756 0.875 0.961 
0.14180  1.7447e+005  0.87448 0.93168 0.96028   0.00012 0.01008   0.960 0.463 0.755 0.874 0.960 
0.14280  1.7427e+005  0.87348 0.93112 0.95993   0.00012 0.01017   0.960 0.463 0.755 0.873 0.960 
0.14380  1.7407e+005  0.87250 0.93055 0.95958   0.00012 0.01026   0.960 0.463 0.754 0.873 0.960 
0.14480  1.7386e+005  0.87155 0.92995 0.95914   0.00012 0.01037   0.959 0.459 0.753 0.872 0.959 
0.14579  1.7366e+005  0.87057 0.92938 0.95878   0.00012 0.01047   0.959 0.459 0.752 0.871 0.959 
0.14679  1.7346e+005  0.86960 0.92881 0.95842   0.00012 0.01056   0.958 0.459 0.751 0.870 0.958 
0.14779  1.7326e+005  0.86864 0.92824 0.95804   0.00013 0.01066   0.958 0.459 0.750 0.869 0.958 
0.14879  1.7305e+005  0.86771 0.92768 0.95767   0.00013 0.01076   0.958 0.459 0.750 0.868 0.958 
0.14979  1.7285e+005  0.86676 0.92712 0.95730   0.00013 0.01085   0.957 0.459 0.748 0.867 0.957 
0.15079  1.7265e+005  0.86577 0.92654 0.95692   0.00013 0.01095   0.957 0.459 0.747 0.866 0.957 
0.15178  1.7244e+005  0.86480 0.92579 0.95629   0.00013 0.01111   0.956 0.452 0.746 0.865 0.956 
0.15278  1.7224e+005  0.86382 0.92488 0.95541   0.00013 0.01134   0.955 0.442 0.744 0.864 0.955 
0.15378  1.7204e+005  0.86282 0.92429 0.95502   0.00013 0.01144   0.955 0.442 0.743 0.863 0.955 
0.15478  1.7183e+005  0.86184 0.92370 0.95463   0.00013 0.01154   0.955 0.442 0.743 0.862 0.955 
0.15578  1.7163e+005  0.86085 0.92311 0.95424   0.00013 0.01164   0.954 0.442 0.742 0.861 0.954 
0.15678  1.7143e+005  0.85988 0.92252 0.95385   0.00013 0.01174   0.954 0.442 0.741 0.860 0.954 
0.15778  1.7122e+005  0.85890 0.92193 0.95345   0.00013 0.01185   0.953 0.442 0.740 0.859 0.953 
0.15877  1.7102e+005  0.85795 0.92135 0.95305   0.00013 0.01195   0.953 0.442 0.739 0.858 0.953 
0.15977  1.7082e+005  0.85696 0.92075 0.95265   0.00013 0.01205   0.953 0.442 0.739 0.857 0.953 
0.16077  1.7062e+005  0.85604 0.92018 0.95225   0.00013 0.01216   0.952 0.442 0.738 0.856 0.952 
0.16177  1.7041e+005  0.85511 0.91960 0.95184   0.00013 0.01226   0.952 0.442 0.737 0.855 0.952 
0.16277  1.7021e+005  0.85414 0.91900 0.95143   0.00013 0.01237   0.951 0.442 0.737 0.854 0.951 
0.16377  1.7001e+005  0.85316 0.91840 0.95102   0.00013 0.01248   0.951 0.442 0.736 0.853 0.951 
0.16477  1.698e+005  0.85220 0.91780 0.95060   0.00013 0.01259   0.951 0.441 0.735 0.852 0.951 
0.16576  1.696e+005  0.85126 0.91720 0.95018   0.00013 0.01270   0.950 0.440 0.734 0.851 0.950 
0.16676  1.694e+005  0.85025 0.91664 0.94984   0.00013 0.01278   0.950 0.437 0.734 0.850 0.950 
0.16776  1.692e+005  0.84918 0.91628 0.94983   0.00013 0.01279   0.950 0.421 0.733 0.849 0.950 
0.16876  1.6899e+005  0.84809 0.91590 0.94981   0.00013 0.01279   0.950 0.405 0.733 0.848 0.950 
0.16976  1.6879e+005  0.84703 0.91549 0.94972   0.00013 0.01281   0.950 0.389 0.733 0.847 0.950 
0.17076  1.6859e+005  0.84598 0.91501 0.94952   0.00013 0.01287   0.950 0.376 0.732 0.846 0.950 
0.17176  1.6838e+005  0.84490 0.91463 0.94950   0.00013 0.01287   0.950 0.376 0.732 0.845 0.950 
0.17275  1.6818e+005  0.84383 0.91423 0.94943   0.00013 0.01289   0.949 0.376 0.731 0.844 0.949 
0.17375  1.6798e+005  0.84279 0.91379 0.94929   0.00013 0.01293   0.949 0.376 0.730 0.843 0.949 
0.17475  1.6777e+005  0.84175 0.91327 0.94904   0.00013 0.01299   0.949 0.376 0.729 0.842 0.949 
0.17575  1.6757e+005  0.84080 0.91267 0.94861   0.00013 0.01310   0.949 0.376 0.728 0.841 0.949 
0.17675  1.6737e+005  0.83978 0.91205 0.94819   0.00013 0.01321   0.948 0.376 0.728 0.840 0.948 
0.17775  1.6716e+005  0.83879 0.91144 0.94776   0.00013 0.01332   0.948 0.376 0.728 0.839 0.948 
0.17874  1.6696e+005  0.83779 0.91082 0.94733   0.00013 0.01344   0.947 0.376 0.727 0.838 0.947 
0.17974  1.6676e+005  0.83681 0.91020 0.94689   0.00013 0.01355   0.947 0.376 0.727 0.837 0.947 
0.18074  1.6656e+005  0.83582 0.90957 0.94645   0.00013 0.01366   0.946 0.376 0.726 0.836 0.946 
0.18174  1.6635e+005  0.83483 0.90895 0.94601   0.00013 0.01378   0.946 0.376 0.725 0.835 0.946 
0.18274  1.6615e+005  0.83384 0.90832 0.94557   0.00013 0.01390   0.946 0.376 0.725 0.834 0.946 
0.18374  1.6595e+005  0.83286 0.90770 0.94512   0.00013 0.01401   0.945 0.376 0.724 0.833 0.945 
0.18474  1.6574e+005  0.83193 0.90709 0.94466   0.00013 0.01413   0.945 0.376 0.723 0.832 0.945 
0.18573  1.6554e+005  0.83100 0.90647 0.94420   0.00013 0.01425   0.944 0.375 0.722 0.831 0.944 
0.18673  1.6534e+005  0.83003 0.90584 0.94375   0.00013 0.01437   0.944 0.375 0.721 0.830 0.944 
0.18773  1.6514e+005  0.82900 0.90520 0.94329   0.00013 0.01449   0.943 0.375 0.721 0.829 0.943 
0.18873  1.6493e+005  0.82801 0.90456 0.94283   0.00013 0.01461   0.943 0.375 0.720 0.828 0.943 
0.18973  1.6473e+005  0.82702 0.90392 0.94237   0.00013 0.01473   0.942 0.375 0.720 0.827 0.942 
0.19073  1.6453e+005  0.82604 0.90328 0.94190   0.00013 0.01485   0.942 0.375 0.719 0.826 0.942 
0.19173  1.6432e+005  0.82509 0.90265 0.94143   0.00013 0.01498   0.941 0.375 0.718 0.825 0.941 
0.19272  1.6412e+005  0.82435 0.90209 0.94095   0.00013 0.01510   0.941 0.375 0.713 0.824 0.941 
0.19372  1.6392e+005  0.82339 0.90153 0.94060   0.00013 0.01519   0.941 0.375 0.712 0.823 0.941 
0.19472  1.6371e+005  0.82236 0.90087 0.94012   0.00013 0.01532   0.940 0.375 0.711 0.822 0.940 
0.19572  1.6351e+005  0.82145 0.90021 0.93958   0.00013 0.01546   0.940 0.368 0.710 0.821 0.940 
0.19672  1.6331e+005  0.82053 0.89958 0.93910   0.00013 0.01559   0.939 0.368 0.708 0.821 0.939 
0.19772  1.631e+005  0.81957 0.89893 0.93861   0.00013 0.01571   0.939 0.368 0.707 0.820 0.939 
0.19872  1.629e+005  0.81855 0.89827 0.93813   0.00013 0.01584   0.938 0.367 0.706 0.819 0.938 
0.19971  1.627e+005  0.81759 0.89762 0.93763   0.00013 0.01597   0.938 0.367 0.706 0.818 0.938 
0.20071  1.625e+005  0.81655 0.89695 0.93714   0.00013 0.01610   0.937 0.367 0.705 0.817 0.937 
0.20171  1.6229e+005  0.81559 0.89630 0.93665   0.00013 0.01623   0.937 0.367 0.705 0.816 0.937 
0.20271  1.6209e+005  0.81456 0.89562 0.93615   0.00014 0.01636   0.936 0.367 0.704 0.815 0.936 
0.20371  1.6189e+005  0.81354 0.89495 0.93565   0.00014 0.01649   0.936 0.367 0.704 0.814 0.936 
0.20471  1.6168e+005  0.81253 0.89428 0.93515   0.00014 0.01662   0.935 0.367 0.703 0.813 0.935 
0.20570  1.6148e+005  0.81171 0.89348 0.93436   0.00014 0.01683   0.934 0.358 0.702 0.812 0.934 
0.20670  1.6128e+005  0.81084 0.89245 0.93326   0.00014 0.01712   0.933 0.349 0.700 0.811 0.933 
0.20770  1.6108e+005  0.80987 0.89179 0.93275   0.00014 0.01726   0.933 0.349 0.699 0.810 0.933 
0.20870  1.6087e+005  0.80889 0.89110 0.93221   0.00014 0.01740   0.932 0.348 0.698 0.809 0.932 
0.20970  1.6067e+005  0.80789 0.89043 0.93169   0.00014 0.01753   0.932 0.347 0.698 0.808 0.932 
0.21070  1.6047e+005  0.80694 0.88978 0.93120   0.00014 0.01766   0.931 0.347 0.697 0.807 0.931 
0.21170  1.6026e+005  0.80602 0.88912 0.93067   0.00014 0.01780   0.931 0.347 0.696 0.806 0.931 
0.21269  1.6006e+005  0.80503 0.88846 0.93017   0.00014 0.01793   0.930 0.347 0.695 0.805 0.930 
0.21369  1.5986e+005  0.80401 0.88777 0.92965   0.00014 0.01807   0.930 0.346 0.694 0.804 0.930 
0.21469  1.5965e+005  0.80302 0.88709 0.92912   0.00014 0.01821   0.929 0.346 0.693 0.803 0.929 
0.21569  1.5945e+005  0.80198 0.88639 0.92859   0.00014 0.01835   0.929 0.346 0.693 0.802 0.929 
0.21669  1.5925e+005  0.80105 0.88562 0.92791   0.00014 0.01853   0.928 0.341 0.692 0.801 0.928 
0.21769  1.5904e+005  0.80010 0.88494 0.92736   0.00014 0.01868   0.927 0.340 0.690 0.800 0.927 
0.21869  1.5884e+005  0.79916 0.88426 0.92681   0.00014 0.01882   0.927 0.340 0.689 0.799 0.927 
0.21968  1.5864e+005  0.79822 0.88357 0.92624   0.00014 0.01897   0.926 0.337 0.687 0.798 0.926 
0.22068  1.5844e+005  0.79726 0.88289 0.92570   0.00014 0.01912   0.926 0.337 0.686 0.797 0.926 
0.22168  1.5823e+005  0.79627 0.88219 0.92515   0.00014 0.01926   0.925 0.337 0.686 0.796 0.925 
0.22268  1.5803e+005  0.79529 0.88149 0.92459   0.00014 0.01941   0.925 0.337 0.685 0.795 0.925 
0.22368  1.5783e+005  0.79431 0.88079 0.92403   0.00014 0.01956   0.924 0.337 0.684 0.794 0.924 
0.22468  1.5762e+005  0.79328 0.88008 0.92348   0.00014 0.01971   0.923 0.337 0.684 0.793 0.923 
0.22568  1.5742e+005  0.79229 0.87938 0.92292   0.00014 0.01985   0.923 0.337 0.683 0.792 0.923 
0.22667  1.5722e+005  0.79137 0.87869 0.92235   0.00014 0.02000   0.922 0.337 0.682 0.791 0.922 
0.22767  1.5702e+005  0.79032 0.87796 0.92178   0.00014 0.02016   0.922 0.337 0.682 0.790 0.922 
0.22867  1.5681e+005  0.78928 0.87724 0.92121   0.00014 0.02031   0.921 0.337 0.682 0.789 0.921 
0.22967  1.5661e+005  0.78824 0.87651 0.92065   0.00014 0.02046   0.921 0.337 0.681 0.788 0.921 
0.23067  1.5641e+005  0.78728 0.87581 0.92007   0.00014 0.02061   0.920 0.337 0.680 0.787 0.920 
0.23167  1.562e+005  0.78631 0.87510 0.91950   0.00014 0.02076   0.919 0.337 0.679 0.786 0.919 
0.23266  1.56e+005   0.78528 0.87437 0.91891   0.00014 0.02092   0.919 0.337 0.678 0.785 0.919 
0.23366  1.558e+005  0.78426 0.87364 0.91833   0.00014 0.02107   0.918 0.337 0.678 0.784 0.918 
0.23466  1.5559e+005  0.78336 0.87294 0.91773   0.00014 0.02123   0.918 0.337 0.677 0.783 0.918 
0.23566  1.5539e+005  0.78232 0.87220 0.91714   0.00014 0.02139   0.917 0.336 0.676 0.782 0.917 
0.23666  1.5519e+005  0.78132 0.87147 0.91654   0.00014 0.02155   0.917 0.336 0.675 0.781 0.917 
0.23766  1.5498e+005  0.78032 0.87073 0.91593   0.00014 0.02171   0.916 0.336 0.675 0.780 0.916 
0.23866  1.5478e+005  0.77932 0.86999 0.91533   0.00014 0.02187   0.915 0.336 0.674 0.779 0.915 
0.23965  1.5458e+005  0.77831 0.86926 0.91473   0.00014 0.02204   0.915 0.336 0.674 0.778 0.915 
0.24065  1.5438e+005  0.77735 0.86853 0.91412   0.00015 0.02220   0.914 0.336 0.673 0.777 0.914 
0.24165  1.5417e+005  0.77636 0.86779 0.91351   0.00015 0.02236   0.914 0.336 0.673 0.776 0.914 
0.24265  1.5397e+005  0.77540 0.86706 0.91289   0.00015 0.02253   0.913 0.336 0.672 0.775 0.913 
0.24365  1.5377e+005  0.77440 0.86631 0.91227   0.00015 0.02269   0.912 0.335 0.672 0.774 0.912 
0.24465  1.5356e+005  0.77341 0.86557 0.91165   0.00015 0.02286   0.912 0.335 0.671 0.773 0.912 
0.24565  1.5336e+005  0.77241 0.86482 0.91102   0.00015 0.02303   0.911 0.335 0.669 0.772 0.911 
0.24664  1.5316e+005  0.77149 0.86409 0.91039   0.00015 0.02320   0.910 0.335 0.669 0.771 0.910 
0.24764  1.5296e+005  0.77052 0.86334 0.90975   0.00015 0.02337   0.910 0.335 0.668 0.771 0.910 
0.24864  1.5275e+005  0.76950 0.86259 0.90913   0.00015 0.02353   0.909 0.335 0.667 0.770 0.909 
0.24964  1.5255e+005  0.76850 0.86183 0.90850   0.00015 0.02370   0.909 0.335 0.666 0.769 0.909 
0.25064  1.5235e+005  0.76752 0.86108 0.90785   0.00015 0.02388   0.908 0.335 0.665 0.768 0.908 
0.25164  1.5214e+005  0.76652 0.86032 0.90722   0.00015 0.02405   0.907 0.335 0.665 0.767 0.907 
0.25264  1.5194e+005  0.76552 0.85955 0.90657   0.00015 0.02422   0.907 0.335 0.664 0.766 0.907 
0.25363  1.5174e+005  0.76452 0.85878 0.90591   0.00015 0.02440   0.906 0.335 0.664 0.765 0.906 
0.25463  1.5153e+005  0.76349 0.85800 0.90526   0.00015 0.02458   0.905 0.335 0.663 0.763 0.905 
0.25563  1.5133e+005  0.76250 0.85723 0.90460   0.00015 0.02475   0.905 0.334 0.663 0.763 0.905 
0.25663  1.5113e+005  0.76151 0.85646 0.90394   0.00015 0.02493   0.904 0.334 0.662 0.762 0.904 
0.25763  1.5092e+005  0.76057 0.85570 0.90327   0.00015 0.02511   0.903 0.334 0.661 0.761 0.903 
0.25863  1.5072e+005  0.75956 0.85492 0.90260   0.00015 0.02529   0.903 0.334 0.660 0.760 0.903 
0.25962  1.5052e+005  0.75856 0.85414 0.90193   0.00015 0.02547   0.902 0.334 0.660 0.759 0.902 
0.26062  1.5032e+005  0.75754 0.85335 0.90125   0.00015 0.02566   0.901 0.334 0.659 0.758 0.901 
0.26162  1.5011e+005  0.75656 0.85257 0.90057   0.00015 0.02584   0.901 0.331 0.658 0.757 0.901 
0.26262  1.4991e+005  0.75558 0.85179 0.89990   0.00015 0.02602   0.900 0.331 0.657 0.756 0.900 
0.26362  1.4971e+005  0.75460 0.85101 0.89922   0.00015 0.02621   0.899 0.331 0.656 0.755 0.899 
0.26462  1.495e+005  0.75357 0.85023 0.89856   0.00015 0.02639   0.899 0.331 0.656 0.754 0.899 
0.26562  1.493e+005  0.75260 0.84944 0.89786   0.00015 0.02658   0.898 0.331 0.655 0.753 0.898 
0.26661  1.491e+005  0.75157 0.84863 0.89717   0.00015 0.02676   0.897 0.331 0.655 0.752 0.897 
0.26761  1.489e+005  0.75062 0.84785 0.89647   0.00015 0.02695   0.896 0.331 0.653 0.751 0.896 
0.26861  1.4869e+005  0.74963 0.84705 0.89576   0.00015 0.02715   0.896 0.331 0.652 0.750 0.896 
0.26961  1.4849e+005  0.74863 0.84625 0.89506   0.00015 0.02734   0.895 0.331 0.652 0.749 0.895 
0.27061  1.4829e+005  0.74764 0.84545 0.89435   0.00015 0.02753   0.894 0.331 0.651 0.748 0.894 
0.27161  1.4808e+005  0.74664 0.84464 0.89364   0.00015 0.02772   0.894 0.331 0.650 0.747 0.894 
0.27261  1.4788e+005  0.74567 0.84384 0.89292   0.00015 0.02792   0.893 0.331 0.649 0.746 0.893 
0.27360  1.4768e+005  0.74471 0.84304 0.89220   0.00015 0.02811   0.892 0.331 0.648 0.745 0.892 
0.27460  1.4747e+005  0.74380 0.84227 0.89150   0.00015 0.02830   0.891 0.331 0.646 0.744 0.891 
0.27560  1.4727e+005  0.74279 0.84144 0.89077   0.00015 0.02850   0.891 0.331 0.646 0.743 0.891 
0.27660  1.4707e+005  0.74178 0.84062 0.89004   0.00016 0.02870   0.890 0.331 0.645 0.742 0.890 
0.27760  1.4686e+005  0.74083 0.83980 0.88928   0.00016 0.02891   0.889 0.329 0.644 0.741 0.889 
0.27860  1.4666e+005  0.73983 0.83897 0.88855   0.00016 0.02911   0.889 0.329 0.643 0.740 0.889 
0.27960  1.4646e+005  0.73884 0.83815 0.88781   0.00016 0.02931   0.888 0.329 0.642 0.739 0.888 
0.28059  1.4626e+005  0.73785 0.83732 0.88706   0.00016 0.02952   0.887 0.329 0.641 0.738 0.887 
0.28159  1.4605e+005  0.73688 0.83650 0.88631   0.00016 0.02972   0.886 0.329 0.640 0.737 0.886 
0.28259  1.4585e+005  0.73584 0.83566 0.88556   0.00016 0.02993   0.886 0.328 0.639 0.736 0.886 
0.28359  1.4565e+005  0.73483 0.83482 0.88481   0.00016 0.03013   0.885 0.328 0.638 0.735 0.885 
0.28459  1.4544e+005  0.73381 0.83397 0.88405   0.00016 0.03034   0.884 0.328 0.637 0.734 0.884 
0.28559  1.4524e+005  0.73279 0.83312 0.88328   0.00016 0.03055   0.883 0.327 0.637 0.733 0.883 
0.28658  1.4504e+005  0.73179 0.83226 0.88250   0.00016 0.03077   0.882 0.327 0.635 0.732 0.882 
0.28758  1.4484e+005  0.73083 0.83143 0.88173   0.00016 0.03098   0.882 0.326 0.634 0.731 0.882 
0.28858  1.4463e+005  0.72981 0.83058 0.88096   0.00016 0.03119   0.881 0.326 0.633 0.730 0.881 
0.28958  1.4443e+005  0.72881 0.82973 0.88019   0.00016 0.03140   0.880 0.326 0.632 0.729 0.880 
0.29058  1.4423e+005  0.72778 0.82866 0.87910   0.00016 0.03170   0.879 0.312 0.631 0.728 0.879 
0.29158  1.4402e+005  0.72673 0.82762 0.87806   0.00016 0.03199   0.878 0.306 0.630 0.727 0.878 
0.29258  1.4382e+005  0.72576 0.82677 0.87727   0.00016 0.03220   0.877 0.304 0.629 0.726 0.877 
0.29357  1.4362e+005  0.72477 0.82592 0.87649   0.00016 0.03242   0.876 0.304 0.628 0.725 0.876 
0.29457  1.4341e+005  0.72378 0.82506 0.87570   0.00016 0.03264   0.876 0.304 0.627 0.724 0.876 
0.29557  1.4321e+005  0.72301 0.82423 0.87484   0.00016 0.03288   0.875 0.303 0.623 0.723 0.875 
0.29657  1.4301e+005  0.72201 0.82335 0.87402   0.00016 0.03310   0.874 0.299 0.622 0.722 0.874 
0.29757  1.428e+005  0.72106 0.82251 0.87324   0.00016 0.03332   0.873 0.299 0.621 0.721 0.873 
0.29857  1.426e+005  0.72004 0.82164 0.87244   0.00016 0.03354   0.872 0.299 0.620 0.720 0.872 
0.29957  1.424e+005  0.71901 0.82076 0.87164   0.00016 0.03376   0.872 0.298 0.620 0.719 0.872 
0.30056  1.422e+005  0.71799 0.81989 0.87084   0.00016 0.03398   0.871 0.298 0.619 0.718 0.871 
0.30156  1.4199e+005  0.71697 0.81901 0.87004   0.00016 0.03421   0.870 0.298 0.618 0.717 0.870 
0.30256  1.4179e+005  0.71596 0.81814 0.86923   0.00016 0.03443   0.869 0.297 0.618 0.716 0.869 
0.30356  1.4159e+005  0.71496 0.81727 0.86842   0.00016 0.03465   0.868 0.297 0.617 0.715 0.868 
0.30456  1.4138e+005  0.71399 0.81640 0.86760   0.00016 0.03488   0.868 0.297 0.616 0.714 0.868 
0.30556  1.4118e+005  0.71293 0.81550 0.86679   0.00016 0.03511   0.867 0.297 0.615 0.713 0.867 
0.30656  1.4098e+005  0.71184 0.81465 0.86605   0.00016 0.03531   0.866 0.297 0.615 0.712 0.866 
0.30755  1.4078e+005  0.71079 0.81375 0.86523   0.00016 0.03554   0.865 0.297 0.614 0.711 0.865 
0.30855  1.4057e+005  0.70978 0.81289 0.86444   0.00017 0.03576   0.864 0.297 0.614 0.710 0.864 
0.30955  1.4037e+005  0.70882 0.81201 0.86361   0.00017 0.03600   0.864 0.297 0.613 0.709 0.864 
0.31055  1.4017e+005  0.70778 0.81111 0.86278   0.00017 0.03623   0.863 0.297 0.612 0.708 0.863 
0.31155  1.3996e+005  0.70672 0.81020 0.86194   0.00017 0.03646   0.862 0.297 0.612 0.707 0.862 
0.31255  1.3976e+005  0.70569 0.80933 0.86114   0.00017 0.03668   0.861 0.297 0.611 0.706 0.861 
0.31354  1.3956e+005  0.70469 0.80844 0.86032   0.00017 0.03692   0.860 0.297 0.611 0.705 0.860 
0.31454  1.3935e+005  0.70368 0.80755 0.85949   0.00017 0.03715   0.859 0.297 0.610 0.704 0.859 
0.31554  1.3915e+005  0.70266 0.80665 0.85864   0.00017 0.03738   0.859 0.297 0.610 0.703 0.859 
0.31654  1.3895e+005  0.70164 0.80574 0.85779   0.00017 0.03762   0.858 0.297 0.609 0.702 0.858 
0.31754  1.3874e+005  0.70061 0.80483 0.85694   0.00017 0.03786   0.857 0.297 0.609 0.701 0.857 
0.31854  1.3854e+005  0.69966 0.80394 0.85609   0.00017 0.03810   0.856 0.297 0.608 0.700 0.856 
0.31954  1.3834e+005  0.69864 0.80303 0.85522   0.00017 0.03834   0.855 0.297 0.608 0.699 0.855 
0.32053  1.3814e+005  0.69769 0.80213 0.85435   0.00017 0.03859   0.854 0.297 0.607 0.698 0.854 
0.32153  1.3793e+005  0.69666 0.80121 0.85349   0.00017 0.03883   0.853 0.297 0.606 0.697 0.853 
0.32253  1.3773e+005  0.69569 0.80031 0.85262   0.00017 0.03908   0.853 0.297 0.605 0.696 0.853 
0.32353  1.3753e+005  0.69469 0.79942 0.85178   0.00017 0.03931   0.852 0.297 0.604 0.695 0.852 
0.32453  1.3732e+005  0.69366 0.79854 0.85098   0.00017 0.03954   0.851 0.297 0.604 0.694 0.851 
0.32553  1.3712e+005  0.69265 0.79765 0.85015   0.00017 0.03977   0.850 0.297 0.602 0.693 0.850 
0.32653  1.3692e+005  0.69164 0.79673 0.84927   0.00017 0.04002   0.849 0.296 0.602 0.692 0.849 
0.32752  1.3672e+005  0.69062 0.79580 0.84839   0.00017 0.04027   0.848 0.296 0.601 0.691 0.848 
0.32852  1.3651e+005  0.68960 0.79487 0.84750   0.00017 0.04052   0.847 0.296 0.600 0.690 0.847 
0.32952  1.3631e+005  0.68854 0.79405 0.84680   0.00017 0.04072   0.847 0.296 0.600 0.689 0.847 
0.33052  1.3611e+005  0.68756 0.79316 0.84597   0.00017 0.04096   0.846 0.296 0.599 0.688 0.846 
0.33152  1.359e+005  0.68650 0.79221 0.84507   0.00017 0.04121   0.845 0.295 0.599 0.687 0.845 
0.33252  1.357e+005  0.68551 0.79128 0.84417   0.00017 0.04147   0.844 0.294 0.598 0.686 0.844 
0.33352  1.355e+005  0.68452 0.79036 0.84328   0.00017 0.04172   0.843 0.294 0.597 0.685 0.843 
0.33451  1.3529e+005  0.68354 0.78943 0.84237   0.00017 0.04198   0.842 0.293 0.596 0.684 0.842 
0.33551  1.3509e+005  0.68250 0.78848 0.84147   0.00017 0.04223   0.841 0.293 0.595 0.683 0.841 
0.33651  1.3489e+005  0.68147 0.78752 0.84054   0.00017 0.04250   0.841 0.292 0.595 0.681 0.841 
0.33751  1.3468e+005  0.68048 0.78658 0.83964   0.00017 0.04276   0.840 0.292 0.594 0.680 0.840 
0.33851  1.3448e+005  0.67947 0.78563 0.83871   0.00017 0.04302   0.839 0.292 0.593 0.679 0.839 
0.33951  1.3428e+005  0.67841 0.78467 0.83781   0.00017 0.04328   0.838 0.292 0.592 0.678 0.838 
0.34050  1.3408e+005  0.67739 0.78372 0.83688   0.00018 0.04354   0.837 0.292 0.591 0.677 0.837 
0.34150  1.3387e+005  0.67637 0.78276 0.83595   0.00018 0.04381   0.836 0.292 0.591 0.676 0.836 
0.34250  1.3367e+005  0.67534 0.78179 0.83502   0.00018 0.04407   0.835 0.291 0.590 0.675 0.835 
0.34350  1.3347e+005  0.67437 0.78087 0.83411   0.00018 0.04433   0.834 0.291 0.589 0.674 0.834 
0.34450  1.3326e+005  0.67335 0.77991 0.83318   0.00018 0.04460   0.833 0.290 0.589 0.673 0.833 
0.34550  1.3306e+005  0.67233 0.77894 0.83224   0.00018 0.04487   0.832 0.290 0.588 0.672 0.832 
0.34650  1.3286e+005  0.67133 0.77797 0.83130   0.00018 0.04514   0.831 0.290 0.587 0.671 0.831 
0.34749  1.3266e+005  0.67034 0.77702 0.83036   0.00018 0.04541   0.830 0.290 0.587 0.670 0.830 
0.34849  1.3245e+005  0.66931 0.77606 0.82943   0.00018 0.04568   0.829 0.290 0.586 0.669 0.829 
0.34949  1.3225e+005  0.66827 0.77508 0.82849   0.00018 0.04595   0.828 0.290 0.586 0.668 0.828 
0.35049  1.3205e+005  0.66724 0.77411 0.82755   0.00018 0.04622   0.828 0.290 0.585 0.667 0.828 
0.35149  1.3184e+005  0.66620 0.77312 0.82659   0.00018 0.04650   0.827 0.290 0.585 0.666 0.827 
0.35249  1.3164e+005  0.66514 0.77213 0.82563   0.00018 0.04677   0.826 0.290 0.585 0.665 0.826 
0.35349  1.3144e+005  0.66412 0.77115 0.82466   0.00018 0.04705   0.825 0.290 0.584 0.664 0.825 
0.35448  1.3123e+005  0.66308 0.77016 0.82369   0.00018 0.04733   0.824 0.290 0.584 0.663 0.824 
0.35548  1.3103e+005  0.66210 0.76918 0.82271   0.00018 0.04762   0.823 0.290 0.583 0.662 0.823 
0.35648  1.3083e+005  0.66107 0.76817 0.82173   0.00018 0.04790   0.822 0.289 0.582 0.661 0.822 
0.35748  1.3062e+005  0.66002 0.76714 0.82069   0.00018 0.04820   0.821 0.285 0.582 0.660 0.821 
0.35848  1.3042e+005  0.65901 0.76614 0.81971   0.00018 0.04849   0.820 0.285 0.581 0.659 0.820 
0.35948  1.3022e+005  0.65794 0.76513 0.81872   0.00018 0.04877   0.819 0.285 0.581 0.658 0.819 
0.36048  1.3002e+005  0.65690 0.76413 0.81774   0.00018 0.04906   0.818 0.284 0.581 0.657 0.818 
0.36147  1.2981e+005  0.65588 0.76313 0.81676   0.00018 0.04934   0.817 0.284 0.580 0.656 0.817 
0.36247  1.2961e+005  0.65485 0.76213 0.81577   0.00018 0.04963   0.816 0.284 0.580 0.655 0.816 
0.36347  1.2941e+005  0.65381 0.76111 0.81476   0.00018 0.04993   0.815 0.284 0.579 0.654 0.815 
0.36447  1.292e+005  0.65279 0.76010 0.81375   0.00018 0.05022   0.814 0.284 0.578 0.653 0.814 
0.36547  1.29e+005   0.65181 0.75911 0.81276   0.00018 0.05051   0.813 0.284 0.578 0.652 0.813 
0.36647  1.288e+005  0.65077 0.75810 0.81176   0.00018 0.05080   0.812 0.284 0.577 0.651 0.812 
0.36746  1.286e+005  0.64974 0.75707 0.81073   0.00018 0.05110   0.811 0.283 0.577 0.650 0.811 
0.36846  1.2839e+005  0.64869 0.75604 0.80971   0.00019 0.05140   0.810 0.283 0.576 0.649 0.810 
0.36946  1.2819e+005  0.64761 0.75500 0.80869   0.00019 0.05170   0.809 0.283 0.576 0.648 0.809 
0.37046  1.2799e+005  0.64661 0.75398 0.80766   0.00019 0.05200   0.808 0.283 0.576 0.647 0.808 
0.37146  1.2778e+005  0.64561 0.75301 0.80670   0.00019 0.05228   0.807 0.283 0.574 0.646 0.807 
0.37246  1.2758e+005  0.64457 0.75197 0.80567   0.00019 0.05259   0.806 0.283 0.574 0.645 0.806 
0.37346  1.2738e+005  0.64354 0.75089 0.80457   0.00019 0.05291   0.805 0.278 0.573 0.644 0.805 
0.37445  1.2717e+005  0.64247 0.74985 0.80354   0.00019 0.05321   0.804 0.278 0.573 0.642 0.804 
0.37545  1.2697e+005  0.64143 0.74880 0.80249   0.00019 0.05352   0.802 0.276 0.572 0.641 0.802 
0.37645  1.2677e+005  0.64048 0.74777 0.80142   0.00019 0.05384   0.801 0.276 0.570 0.640 0.801 
0.37745  1.2656e+005  0.63941 0.74672 0.80037   0.00019 0.05415   0.800 0.276 0.570 0.639 0.800 
0.37845  1.2636e+005  0.63837 0.74577 0.79947   0.00019 0.05441   0.799 0.276 0.569 0.638 0.799 
0.37945  1.2616e+005  0.63730 0.74490 0.79869   0.00019 0.05464   0.799 0.276 0.569 0.637 0.799 
0.38045  1.2596e+005  0.63626 0.74392 0.79775   0.00019 0.05492   0.798 0.276 0.568 0.636 0.798 
0.38144  1.2575e+005  0.63524 0.74292 0.79676   0.00019 0.05522   0.797 0.276 0.567 0.635 0.797 
0.38244  1.2555e+005  0.63424 0.74189 0.79572   0.00019 0.05552   0.796 0.276 0.566 0.634 0.796 
0.38344  1.2535e+005  0.63320 0.74084 0.79466   0.00019 0.05584   0.795 0.276 0.565 0.633 0.795 
0.38444  1.2514e+005  0.63220 0.73979 0.79359   0.00019 0.05616   0.794 0.276 0.564 0.632 0.794 
0.38544  1.2494e+005  0.63118 0.73885 0.79269   0.00019 0.05643   0.793 0.271 0.563 0.631 0.793 
0.38644  1.2474e+005  0.63011 0.73784 0.79171   0.00019 0.05672   0.792 0.270 0.563 0.630 0.792 
0.38744  1.2454e+005  0.62905 0.73678 0.79065   0.00019 0.05703   0.791 0.270 0.562 0.629 0.791 
0.38843  1.2433e+005  0.62805 0.73573 0.78957   0.00019 0.05736   0.790 0.270 0.561 0.628 0.790 
0.38943  1.2413e+005  0.62702 0.73467 0.78850   0.00019 0.05768   0.788 0.270 0.560 0.627 0.788 
0.39043  1.2393e+005  0.62600 0.73368 0.78753   0.00019 0.05797   0.788 0.270 0.559 0.626 0.788 
0.39143  1.2372e+005  0.62499 0.73264 0.78646   0.00019 0.05829   0.786 0.270 0.559 0.625 0.786 
0.39243  1.2352e+005  0.62395 0.73157 0.78538   0.00019 0.05861   0.785 0.270 0.558 0.624 0.785 
0.39343  1.2332e+005  0.62298 0.73054 0.78433   0.00019 0.05892   0.784 0.270 0.557 0.623 0.784 
0.39443  1.2311e+005  0.62191 0.72946 0.78324   0.00019 0.05925   0.783 0.270 0.556 0.622 0.783 
0.39542  1.2291e+005  0.62086 0.72839 0.78215   0.00019 0.05958   0.782 0.270 0.556 0.621 0.782 
0.39642  1.2271e+005  0.61978 0.72730 0.78106   0.00019 0.05991   0.781 0.270 0.555 0.620 0.781 
0.39742  1.225e+005  0.61875 0.72622 0.77995   0.00020 0.06024   0.780 0.270 0.555 0.619 0.780 
0.39842  1.223e+005  0.61771 0.72514 0.77885   0.00020 0.06057   0.779 0.270 0.555 0.618 0.779 
0.39942  1.221e+005  0.61666 0.72405 0.77774   0.00020 0.06091   0.778 0.270 0.554 0.617 0.778 
0.40042  1.219e+005  0.61568 0.72297 0.77662   0.00020 0.06124   0.777 0.270 0.553 0.616 0.777 
0.40141  1.2169e+005  0.61466 0.72190 0.77552   0.00020 0.06158   0.776 0.270 0.552 0.615 0.776 
0.40241  1.2149e+005  0.61362 0.72081 0.77441   0.00020 0.06191   0.774 0.270 0.552 0.614 0.774 
0.40341  1.2129e+005  0.61257 0.71973 0.77330   0.00020 0.06225   0.773 0.270 0.551 0.613 0.773 
0.40441  1.2108e+005  0.61156 0.71867 0.77223   0.00020 0.06257   0.772 0.270 0.550 0.612 0.772 
0.40541  1.2088e+005  0.61054 0.71759 0.77111   0.00020 0.06291   0.771 0.270 0.550 0.611 0.771 
0.40641  1.2068e+005  0.60949 0.71648 0.76998   0.00020 0.06326   0.770 0.270 0.549 0.609 0.770 
0.40741  1.2048e+005  0.60849 0.71540 0.76885   0.00020 0.06360   0.769 0.270 0.548 0.608 0.769 
0.40840  1.2027e+005  0.60743 0.71428 0.76771   0.00020 0.06395   0.768 0.270 0.548 0.607 0.768 
0.40940  1.2007e+005  0.60643 0.71319 0.76657   0.00020 0.06430   0.767 0.270 0.547 0.606 0.767 
0.41040  1.1987e+005  0.60541 0.71210 0.76544   0.00020 0.06464   0.765 0.270 0.546 0.605 0.765 
0.41140  1.1966e+005  0.60439 0.71099 0.76428   0.00020 0.06500   0.764 0.268 0.545 0.604 0.764 
0.41240  1.1946e+005  0.60333 0.70987 0.76313   0.00020 0.06535   0.763 0.268 0.545 0.603 0.763 
0.41340  1.1926e+005  0.60227 0.70875 0.76198   0.00020 0.06570   0.762 0.268 0.545 0.602 0.762 
0.41440  1.1905e+005  0.60124 0.70763 0.76083   0.00020 0.06605   0.761 0.268 0.544 0.601 0.761 
0.41539  1.1885e+005  0.60025 0.70649 0.75961   0.00020 0.06643   0.760 0.260 0.543 0.600 0.760 
0.41639  1.1865e+005  0.59938 0.70530 0.75826   0.00020 0.06684   0.758 0.252 0.541 0.599 0.758 
0.41739  1.1844e+005  0.59835 0.70418 0.75710   0.00020 0.06720   0.757 0.252 0.540 0.598 0.757 
0.41839  1.1824e+005  0.59731 0.70305 0.75593   0.00020 0.06756   0.756 0.252 0.539 0.597 0.756 
0.41939  1.1804e+005  0.59633 0.70195 0.75476   0.00020 0.06792   0.755 0.252 0.538 0.596 0.755 
0.42039  1.1784e+005  0.59532 0.70083 0.75358   0.00020 0.06829   0.754 0.252 0.538 0.595 0.754 
0.42139  1.1763e+005  0.59427 0.69969 0.75240   0.00020 0.06865   0.752 0.252 0.538 0.594 0.752 
0.42238  1.1743e+005  0.59326 0.69856 0.75121   0.00020 0.06902   0.751 0.252 0.536 0.593 0.751 
0.42338  1.1723e+005  0.59224 0.69743 0.75002   0.00021 0.06939   0.750 0.252 0.536 0.592 0.750 
0.42438  1.1702e+005  0.59125 0.69630 0.74883   0.00021 0.06976   0.749 0.252 0.535 0.591 0.749 
0.42538  1.1682e+005  0.59019 0.69515 0.74763   0.00021 0.07013   0.748 0.252 0.535 0.590 0.748 
0.42638  1.1662e+005  0.58913 0.69399 0.74642   0.00021 0.07051   0.746 0.252 0.534 0.589 0.746 
0.42738  1.1642e+005  0.58813 0.69286 0.74522   0.00021 0.07088   0.745 0.252 0.534 0.588 0.745 
0.42837  1.1621e+005  0.58707 0.69169 0.74401   0.00021 0.07126   0.744 0.252 0.533 0.587 0.744 
0.42937  1.1601e+005  0.58604 0.69055 0.74280   0.00021 0.07164   0.743 0.252 0.532 0.586 0.743 
0.43037  1.1581e+005  0.58504 0.68940 0.74158   0.00021 0.07202   0.742 0.252 0.532 0.585 0.742 
0.43137  1.156e+005  0.58399 0.68823 0.74035   0.00021 0.07240   0.740 0.252 0.531 0.584 0.740 
0.43237  1.154e+005  0.58296 0.68707 0.73913   0.00021 0.07279   0.739 0.252 0.531 0.583 0.739 
0.43337  1.152e+005  0.58190 0.68589 0.73789   0.00021 0.07317   0.738 0.252 0.531 0.582 0.738 
0.43437  1.1499e+005  0.58090 0.68475 0.73668   0.00021 0.07355   0.737 0.252 0.530 0.581 0.737 
0.43536  1.1479e+005  0.57987 0.68361 0.73548   0.00021 0.07393   0.735 0.252 0.529 0.580 0.735 
0.43636  1.1459e+005  0.57884 0.68244 0.73424   0.00021 0.07432   0.734 0.252 0.528 0.579 0.734 
0.43736  1.1438e+005  0.57781 0.68126 0.73299   0.00021 0.07472   0.733 0.251 0.528 0.578 0.733 
0.43836  1.1418e+005  0.57679 0.68009 0.73174   0.00021 0.07511   0.732 0.248 0.527 0.577 0.732 
0.43936  1.1398e+005  0.57581 0.67892 0.73048   0.00021 0.07551   0.730 0.248 0.526 0.576 0.730 
0.44036  1.1378e+005  0.57476 0.67774 0.72922   0.00021 0.07591   0.729 0.248 0.526 0.575 0.729 
0.44136  1.1357e+005  0.57372 0.67654 0.72796   0.00021 0.07631   0.728 0.248 0.525 0.574 0.728 
0.44235  1.1337e+005  0.57267 0.67536 0.72670   0.00021 0.07671   0.727 0.248 0.525 0.573 0.727 
0.44335  1.1317e+005  0.57165 0.67416 0.72542   0.00021 0.07712   0.725 0.248 0.524 0.572 0.725 
0.44435  1.1296e+005  0.57063 0.67297 0.72414   0.00021 0.07752   0.724 0.248 0.523 0.571 0.724 
0.44535  1.1276e+005  0.56957 0.67177 0.72286   0.00021 0.07793   0.723 0.248 0.523 0.570 0.723 
0.44635  1.1256e+005  0.56849 0.67055 0.72157   0.00021 0.07834   0.722 0.248 0.523 0.568 0.722 
0.44735  1.1236e+005  0.56739 0.66932 0.72028   0.00022 0.07875   0.720 0.248 0.522 0.567 0.720 
0.44835  1.1215e+005  0.56637 0.66811 0.71898   0.00022 0.07917   0.719 0.248 0.521 0.566 0.719 
0.44934  1.1195e+005  0.56537 0.66691 0.71768   0.00022 0.07959   0.718 0.248 0.520 0.565 0.718 
0.45034  1.1175e+005  0.56432 0.66568 0.71636   0.00022 0.08001   0.716 0.248 0.520 0.564 0.716 
0.45134  1.1154e+005  0.56329 0.66446 0.71505   0.00022 0.08043   0.715 0.248 0.519 0.563 0.715 
0.45234  1.1134e+005  0.56223 0.66324 0.71374   0.00022 0.08085   0.714 0.248 0.519 0.562 0.714 
0.45334  1.1114e+005  0.56116 0.66200 0.71242   0.00022 0.08128   0.712 0.248 0.519 0.561 0.712 
0.45434  1.1093e+005  0.56011 0.66107 0.71155   0.00022 0.08156   0.712 0.248 0.518 0.560 0.712 
0.45533  1.1073e+005  0.55906 0.65990 0.71032   0.00022 0.08196   0.710 0.244 0.517 0.559 0.710 
0.45633  1.1053e+005  0.55801 0.65876 0.70913   0.00022 0.08234   0.709 0.243 0.517 0.558 0.709 
0.45733  1.1032e+005  0.55692 0.65756 0.70788   0.00022 0.08274   0.708 0.243 0.516 0.557 0.708 
0.45833  1.1012e+005  0.55587 0.65633 0.70656   0.00022 0.08317   0.707 0.243 0.516 0.556 0.707 
0.45933  1.0992e+005  0.55484 0.65510 0.70523   0.00022 0.08361   0.705 0.243 0.516 0.555 0.705 
0.46033  1.0972e+005  0.55387 0.65370 0.70361   0.00022 0.08413   0.704 0.233 0.515 0.554 0.704 
0.46133  1.0951e+005  0.55287 0.65238 0.70214   0.00022 0.08461   0.702 0.230 0.514 0.553 0.702 
0.46232  1.0931e+005  0.55190 0.65117 0.70080   0.00022 0.08505   0.701 0.230 0.513 0.552 0.701 
0.46332  1.0911e+005  0.55084 0.64991 0.69945   0.00022 0.08549   0.699 0.230 0.512 0.551 0.699 
0.46432  1.089e+005  0.54982 0.64867 0.69809   0.00022 0.08593   0.698 0.230 0.511 0.550 0.698 
0.46532  1.087e+005  0.54880 0.64744 0.69676   0.00022 0.08637   0.697 0.230 0.510 0.549 0.697 
0.46632  1.085e+005  0.54775 0.64621 0.69544   0.00022 0.08680   0.695 0.230 0.510 0.548 0.695 
0.46732  1.083e+005  0.54669 0.64495 0.69408   0.00022 0.08725   0.694 0.230 0.509 0.547 0.694 
0.46832  1.0809e+005  0.54569 0.64378 0.69282   0.00022 0.08766   0.693 0.229 0.508 0.546 0.693 
0.46931  1.0789e+005  0.54475 0.64263 0.69157   0.00022 0.08808   0.692 0.229 0.507 0.545 0.692 
0.47031  1.0769e+005  0.54375 0.64139 0.69021   0.00022 0.08852   0.690 0.229 0.507 0.544 0.690 
0.47131  1.0748e+005  0.54278 0.64015 0.68883   0.00023 0.08898   0.689 0.229 0.506 0.543 0.689 
0.47231  1.0728e+005  0.54171 0.63889 0.68748   0.00023 0.08943   0.687 0.229 0.505 0.542 0.687 
0.47331  1.0708e+005  0.54070 0.63763 0.68609   0.00023 0.08989   0.686 0.229 0.504 0.541 0.686 
0.47431  1.0687e+005  0.53967 0.63636 0.68471   0.00023 0.09035   0.685 0.227 0.503 0.540 0.685 
0.47531  1.0667e+005  0.53863 0.63510 0.68333   0.00023 0.09080   0.683 0.225 0.503 0.539 0.683 
0.47630  1.0647e+005  0.53763 0.63384 0.68194   0.00023 0.09127   0.682 0.225 0.502 0.538 0.682 
0.47730  1.0626e+005  0.53667 0.63259 0.68055   0.00023 0.09173   0.681 0.225 0.501 0.537 0.681 
0.47830  1.0606e+005  0.53560 0.63130 0.67915   0.00023 0.09220   0.679 0.225 0.501 0.536 0.679 
0.47930  1.0586e+005  0.53458 0.63002 0.67774   0.00023 0.09267   0.678 0.225 0.500 0.535 0.678 
0.48030  1.0566e+005  0.53353 0.62874 0.67634   0.00023 0.09314   0.676 0.225 0.500 0.534 0.676 
0.48130  1.0545e+005  0.53252 0.62746 0.67492   0.00023 0.09361   0.675 0.225 0.498 0.533 0.675 
0.48229  1.0525e+005  0.53147 0.62616 0.67351   0.00023 0.09409   0.674 0.225 0.498 0.531 0.674 
0.48329  1.0505e+005  0.53045 0.62489 0.67211   0.00023 0.09456   0.672 0.225 0.498 0.530 0.672 
0.48429  1.0484e+005  0.52941 0.62359 0.67068   0.00023 0.09504   0.671 0.225 0.497 0.529 0.671 
0.48529  1.0464e+005  0.52837 0.62229 0.66925   0.00023 0.09552   0.669 0.225 0.497 0.528 0.669 
0.48629  1.0444e+005  0.52740 0.62100 0.66779   0.00023 0.09602   0.668 0.225 0.495 0.527 0.668 
0.48729  1.0424e+005  0.52641 0.61974 0.66640   0.00023 0.09649   0.666 0.225 0.495 0.526 0.666 
0.48829  1.0403e+005  0.52539 0.61844 0.66496   0.00023 0.09698   0.665 0.225 0.494 0.525 0.665 
0.48928  1.0383e+005  0.52440 0.61715 0.66352   0.00023 0.09746   0.664 0.225 0.494 0.524 0.664 
0.49028  1.0363e+005  0.52344 0.61591 0.66215   0.00023 0.09793   0.662 0.225 0.493 0.523 0.662 
0.49128  1.0342e+005  0.52241 0.61462 0.66073   0.00023 0.09842   0.661 0.224 0.493 0.522 0.661 
0.49228  1.0322e+005  0.52136 0.61336 0.65936   0.00023 0.09888   0.659 0.224 0.492 0.521 0.659 
0.49328  1.0302e+005  0.52033 0.61204 0.65789   0.00024 0.09939   0.658 0.224 0.492 0.520 0.658 
0.49428  1.0281e+005  0.51933 0.61073 0.65643   0.00024 0.09989   0.656 0.224 0.492 0.519 0.656 
0.49528  1.0261e+005  0.51830 0.60939 0.65494   0.00024 0.10040   0.655 0.223 0.491 0.518 0.655 
0.49627  1.0241e+005  0.51731 0.60809 0.65347   0.00024 0.10090   0.653 0.223 0.490 0.517 0.653 
0.49727  1.022e+005  0.51624 0.60676 0.65202   0.00024 0.10140   0.652 0.223 0.490 0.516 0.652 
0.49827  1.02e+005   0.51516 0.60542 0.65055   0.00024 0.10191   0.651 0.223 0.489 0.515 0.651 
0.49927  1.018e+005  0.51414 0.60408 0.64906   0.00024 0.10243   0.649 0.223 0.489 0.514 0.649 
0.50027  1.016e+005  0.51310 0.60274 0.64755   0.00024 0.10295   0.648 0.223 0.488 0.513 0.648 
0.50127  1.0139e+005  0.51211 0.60141 0.64606   0.00024 0.10346   0.646 0.223 0.488 0.512 0.646 
0.50227  1.0119e+005  0.51106 0.60005 0.64455   0.00024 0.10399   0.645 0.223 0.487 0.511 0.645 
0.50326  1.0099e+005  0.51001 0.59870 0.64304   0.00024 0.10451   0.643 0.222 0.486 0.510 0.643 
0.50426  1.0078e+005  0.50897 0.59743 0.64166   0.00024 0.10499   0.642 0.222 0.486 0.509 0.642 
0.50526  1.0058e+005  0.50789 0.59613 0.64025   0.00024 0.10549   0.640 0.222 0.486 0.508 0.640 
0.50626  1.0038e+005  0.50689 0.59478 0.63872   0.00024 0.10602   0.639 0.222 0.485 0.507 0.639 
0.50726  1.0018e+005  0.50587 0.59341 0.63718   0.00024 0.10656   0.637 0.221 0.485 0.506 0.637 
0.50826  99972       0.50485 0.59204 0.63564   0.00024 0.10710   0.636 0.221 0.484 0.505 0.636 
0.50925  99769       0.50383 0.59067 0.63409   0.00024 0.10764   0.634 0.221 0.483 0.504 0.634 
0.51025  99566       0.50280 0.58930 0.63255   0.00024 0.10819   0.633 0.221 0.483 0.503 0.633 
0.51125  99363       0.50180 0.58793 0.63100   0.00024 0.10874   0.631 0.221 0.482 0.502 0.631 
0.51225  99160       0.50079 0.58655 0.62943   0.00024 0.10929   0.629 0.221 0.481 0.501 0.629 
0.51325  98957       0.49974 0.58517 0.62789   0.00025 0.10983   0.628 0.221 0.481 0.500 0.628 
0.51425  98754       0.49869 0.58378 0.62632   0.00025 0.11039   0.626 0.221 0.480 0.499 0.626 
0.51525  98551       0.49770 0.58239 0.62474   0.00025 0.11095   0.625 0.220 0.480 0.498 0.625 
0.51624  98348       0.49666 0.58099 0.62316   0.00025 0.11151   0.623 0.220 0.479 0.497 0.623 
0.51724  98145       0.49559 0.57958 0.62157   0.00025 0.11208   0.622 0.220 0.479 0.496 0.622 
0.51824  97942       0.49464 0.57819 0.61997   0.00025 0.11265   0.620 0.219 0.477 0.495 0.620 
0.51924  97739       0.49368 0.57686 0.61845   0.00025 0.11320   0.618 0.219 0.476 0.494 0.618 
0.52024  97536       0.49263 0.57544 0.61685   0.00025 0.11377   0.617 0.219 0.476 0.493 0.617 
0.52124  97333       0.49167 0.57404 0.61523   0.00025 0.11436   0.615 0.215 0.475 0.492 0.615 
0.52224  97130       0.49071 0.57264 0.61360   0.00025 0.11494   0.614 0.215 0.473 0.491 0.614 
0.52323  96927       0.48964 0.57120 0.61199   0.00025 0.11553   0.612 0.215 0.473 0.490 0.612 
0.52423  96724       0.48861 0.56984 0.61045   0.00025 0.11608   0.610 0.215 0.472 0.489 0.610 
0.52523  96521       0.48754 0.56840 0.60882   0.00025 0.11667   0.609 0.215 0.472 0.488 0.609 
0.52623  96318       0.48652 0.56696 0.60718   0.00025 0.11727   0.607 0.215 0.471 0.487 0.607 
0.52723  96115       0.48550 0.56554 0.60556   0.00025 0.11786   0.606 0.215 0.470 0.485 0.606 
0.52823  95912       0.48443 0.56408 0.60391   0.00025 0.11846   0.604 0.215 0.469 0.484 0.604 
0.52923  95709       0.48340 0.56263 0.60225   0.00025 0.11906   0.602 0.214 0.468 0.483 0.602 
0.53022  95506       0.48242 0.56123 0.60064   0.00025 0.11965   0.601 0.213 0.467 0.482 0.601 
0.53122  95303       0.48143 0.55981 0.59900   0.00025 0.12026   0.599 0.213 0.466 0.481 0.599 
0.53222  95100       0.48039 0.55836 0.59735   0.00026 0.12086   0.597 0.213 0.466 0.480 0.597 
0.53322  94897       0.47937 0.55690 0.59567   0.00026 0.12148   0.596 0.213 0.465 0.479 0.596 
0.53422  94694       0.47833 0.55544 0.59399   0.00026 0.12210   0.594 0.213 0.464 0.478 0.594 
0.53522  94491       0.47730 0.55402 0.59238   0.00026 0.12270   0.592 0.213 0.464 0.477 0.592 
0.53621  94288       0.47630 0.55256 0.59070   0.00026 0.12332   0.591 0.213 0.463 0.476 0.591 
0.53721  94085       0.47525 0.55109 0.58901   0.00026 0.12395   0.589 0.213 0.462 0.475 0.589 
0.53821  93882       0.47422 0.54961 0.58730   0.00026 0.12458   0.587 0.213 0.461 0.474 0.587 
0.53921  93679       0.47322 0.54814 0.58560   0.00026 0.12522   0.586 0.213 0.461 0.473 0.586 
0.54021  93476       0.47218 0.54666 0.58390   0.00026 0.12585   0.584 0.213 0.460 0.472 0.584 
0.54121  93273       0.47114 0.54516 0.58217   0.00026 0.12650   0.582 0.213 0.460 0.471 0.582 
0.54221  93070       0.47011 0.54368 0.58046   0.00026 0.12714   0.580 0.213 0.459 0.470 0.580 
0.54320  92867       0.46908 0.54218 0.57873   0.00026 0.12779   0.579 0.213 0.458 0.469 0.579 
0.54420  92664       0.46808 0.54068 0.57699   0.00026 0.12845   0.577 0.212 0.458 0.468 0.577 
0.54520  92461       0.46704 0.53908 0.57510   0.00026 0.12917   0.575 0.207 0.457 0.467 0.575 
0.54620  92258       0.46604 0.53758 0.57335   0.00026 0.12983   0.573 0.205 0.456 0.466 0.573 
0.54720  92055       0.46503 0.53608 0.57161   0.00026 0.13049   0.572 0.205 0.455 0.465 0.572 
0.54820  91852       0.46403 0.53457 0.56983   0.00026 0.13117   0.570 0.205 0.454 0.464 0.570 
0.54920  91649       0.46301 0.53310 0.56815   0.00027 0.13181   0.568 0.205 0.453 0.463 0.568 
0.55019  91446       0.46195 0.53160 0.56643   0.00027 0.13247   0.566 0.205 0.453 0.462 0.566 
0.55119  91243       0.46109 0.53020 0.56475   0.00027 0.13311   0.565 0.205 0.451 0.461 0.565 
0.55219  91040       0.46003 0.52864 0.56294   0.00027 0.13381   0.563 0.203 0.450 0.460 0.563 
0.55319  90837       0.45900 0.52705 0.56108   0.00027 0.13452   0.561 0.201 0.450 0.459 0.561 
0.55419  90634       0.45798 0.52546 0.55920   0.00027 0.13525   0.559 0.198 0.449 0.458 0.559 
0.55519  90431       0.45700 0.52395 0.55742   0.00027 0.13594   0.557 0.198 0.447 0.457 0.557 
0.55619  90228       0.45600 0.52246 0.55569   0.00027 0.13661   0.556 0.198 0.447 0.456 0.556 
0.55718  90025       0.45502 0.52094 0.55391   0.00027 0.13730   0.554 0.198 0.446 0.455 0.554 
0.55818  89822       0.45396 0.51939 0.55211   0.00027 0.13800   0.552 0.198 0.446 0.454 0.552 
0.55918  89619       0.45293 0.51784 0.55030   0.00027 0.13871   0.550 0.198 0.445 0.453 0.550 
0.56018  89416       0.45190 0.51627 0.54846   0.00027 0.13943   0.548 0.195 0.445 0.452 0.548 
0.56118  89213       0.45092 0.51475 0.54667   0.00027 0.14013   0.547 0.195 0.444 0.451 0.547 
0.56218  89010       0.44995 0.51321 0.54484   0.00027 0.14085   0.545 0.195 0.443 0.450 0.545 
0.56317  88807       0.44892 0.51175 0.54316   0.00027 0.14152   0.543 0.195 0.442 0.449 0.543 
0.56417  88604       0.44786 0.51018 0.54134   0.00027 0.14224   0.541 0.195 0.441 0.448 0.541 
0.56517  88401       0.44685 0.50861 0.53949   0.00028 0.14297   0.539 0.195 0.441 0.447 0.539 
0.56617  88198       0.44581 0.50703 0.53764   0.00028 0.14371   0.538 0.195 0.440 0.446 0.538 
0.56717  87995       0.44480 0.50545 0.53578   0.00028 0.14445   0.536 0.195 0.439 0.445 0.536 
0.56817  87792       0.44378 0.50386 0.53390   0.00028 0.14520   0.534 0.195 0.438 0.444 0.534 
0.56917  87589       0.44277 0.50244 0.53228   0.00028 0.14585   0.532 0.181 0.437 0.443 0.532 
0.57016  87386       0.44173 0.50088 0.53046   0.00028 0.14658   0.530 0.172 0.437 0.442 0.530 
0.57116  87183       0.44067 0.49929 0.52860   0.00028 0.14733   0.529 0.172 0.436 0.441 0.529 
0.57216  86980       0.43964 0.49768 0.52671   0.00028 0.14809   0.527 0.172 0.435 0.440 0.527 
0.57316  86777       0.43863 0.49610 0.52483   0.00028 0.14885   0.525 0.172 0.435 0.439 0.525 
0.57416  86574       0.43763 0.49451 0.52295   0.00028 0.14962   0.523 0.172 0.434 0.438 0.523 
0.57516  86371       0.43661 0.49291 0.52105   0.00028 0.15039   0.521 0.172 0.433 0.437 0.521 
0.57616  86168       0.43562 0.49130 0.51914   0.00028 0.15117   0.519 0.172 0.433 0.436 0.519 
0.57715  85965       0.43458 0.48970 0.51726   0.00028 0.15194   0.517 0.172 0.432 0.435 0.517 
0.57815  85762       0.43355 0.48808 0.51535   0.00028 0.15272   0.515 0.172 0.432 0.434 0.515 
0.57915  85559       0.43252 0.48648 0.51346   0.00028 0.15350   0.513 0.171 0.431 0.433 0.513 
0.58015  85356       0.43152 0.48498 0.51171   0.00029 0.15422   0.512 0.171 0.430 0.432 0.512 
0.58115  85153       0.43047 0.48339 0.50984   0.00029 0.15500   0.510 0.171 0.429 0.430 0.510 
0.58215  84950       0.42939 0.48183 0.50805   0.00029 0.15574   0.508 0.171 0.428 0.429 0.508 
0.58315  84747       0.42833 0.48022 0.50617   0.00029 0.15652   0.506 0.171 0.428 0.428 0.506 
0.58414  84544       0.42732 0.47855 0.50416   0.00029 0.15736   0.504 0.170 0.427 0.427 0.504 
0.58514  84341       0.42628 0.47690 0.50221   0.00029 0.15817   0.502 0.170 0.427 0.426 0.502 
0.58614  84138       0.42526 0.47525 0.50025   0.00029 0.15900   0.500 0.170 0.426 0.425 0.500 
0.58714  83935       0.42423 0.47359 0.49827   0.00029 0.15983   0.498 0.170 0.426 0.424 0.498 
0.58814  83732       0.42321 0.47194 0.49631   0.00029 0.16066   0.496 0.170 0.425 0.423 0.496 
0.58914  83529       0.42219 0.47028 0.49432   0.00029 0.16150   0.494 0.170 0.424 0.422 0.494 
0.59013  83326       0.42123 0.46864 0.49234   0.00029 0.16234   0.492 0.169 0.423 0.421 0.492 
0.59113  83123       0.42017 0.46697 0.49037   0.00029 0.16318   0.490 0.169 0.423 0.420 0.490 
0.59213  82920       0.41913 0.46531 0.48840   0.00029 0.16402   0.488 0.169 0.422 0.419 0.488 
0.59313  82717       0.41816 0.46365 0.48640   0.00029 0.16488   0.486 0.169 0.420 0.418 0.486 
0.59413  82514       0.41706 0.46195 0.48439   0.00030 0.16575   0.484 0.168 0.420 0.417 0.484 
0.59513  82311       0.41604 0.46026 0.48237   0.00030 0.16662   0.482 0.168 0.420 0.416 0.482 
0.59613  82108       0.41500 0.45856 0.48034   0.00030 0.16750   0.480 0.168 0.419 0.415 0.480 
0.59712  81905       0.41395 0.45683 0.47828   0.00030 0.16839   0.478 0.168 0.419 0.414 0.478 
0.59812  81702       0.41295 0.45514 0.47624   0.00030 0.16928   0.476 0.168 0.418 0.413 0.476 
0.59912  81499       0.41197 0.45345 0.47419   0.00030 0.17017   0.474 0.167 0.417 0.412 0.474 
0.60012  81296       0.41096 0.45174 0.47213   0.00030 0.17107   0.472 0.167 0.416 0.411 0.472 
0.60112  81093       0.40994 0.45000 0.47004   0.00030 0.17200   0.470 0.167 0.415 0.410 0.470 
0.60212  80890       0.40890 0.44827 0.46796   0.00030 0.17291   0.468 0.167 0.415 0.409 0.468 
0.60312  80687       0.40797 0.44657 0.46587   0.00030 0.17384   0.466 0.166 0.413 0.408 0.466 
0.60411  80484       0.40698 0.44485 0.46379   0.00030 0.17476   0.464 0.166 0.412 0.407 0.464 
0.60511  80281       0.40595 0.44310 0.46167   0.00030 0.17571   0.462 0.166 0.412 0.406 0.462 
0.60611  80078       0.40491 0.44133 0.45954   0.00030 0.17666   0.460 0.166 0.411 0.405 0.460 
0.60711  79875       0.40388 0.43957 0.45741   0.00031 0.17761   0.457 0.166 0.410 0.404 0.457 
0.60811  79672       0.40285 0.43781 0.45529   0.00031 0.17857   0.455 0.166 0.410 0.403 0.455 
0.60911  79469       0.40182 0.43605 0.45316   0.00031 0.17953   0.453 0.166 0.409 0.402 0.453 
0.61011  79266       0.40084 0.43428 0.45100   0.00031 0.18051   0.451 0.165 0.408 0.401 0.451 
0.61110  79063       0.39982 0.43250 0.44884   0.00031 0.18149   0.449 0.165 0.407 0.400 0.449 
0.61210  78860       0.39880 0.43070 0.44666   0.00031 0.18249   0.447 0.165 0.407 0.399 0.447 
0.61310  78657       0.39776 0.42889 0.44445   0.00031 0.18350   0.444 0.164 0.407 0.398 0.444 
0.61410  78454       0.39669 0.42795 0.44358   0.00031 0.18390   0.444 0.164 0.406 0.397 0.444 
0.61510  78251       0.39562 0.42727 0.44310   0.00031 0.18412   0.443 0.164 0.406 0.396 0.443 
0.61610  78048       0.39455 0.42656 0.44257   0.00031 0.18437   0.443 0.164 0.406 0.395 0.443 
0.61709  77845       0.39346 0.42587 0.44207   0.00031 0.18460   0.442 0.164 0.406 0.393 0.442 
0.61809  77642       0.39240 0.42518 0.44157   0.00031 0.18483   0.442 0.164 0.406 0.392 0.442 
0.61909  77439       0.39133 0.42440 0.44094   0.00031 0.18512   0.441 0.164 0.406 0.391 0.441 
0.62009  77236       0.39026 0.42366 0.44036   0.00031 0.18539   0.440 0.164 0.405 0.390 0.440 
0.62109  77033       0.38918 0.42293 0.43981   0.00031 0.18564   0.440 0.164 0.405 0.389 0.440 
0.62209  76830       0.38808 0.42218 0.43923   0.00031 0.18591   0.439 0.164 0.405 0.388 0.439 
0.62309  76627       0.38701 0.42142 0.43863   0.00031 0.18619   0.439 0.164 0.405 0.387 0.439 
0.62408  76424       0.38592 0.42065 0.43802   0.00031 0.18647   0.438 0.164 0.404 0.386 0.438 
0.62508  76221       0.38485 0.41989 0.43740   0.00031 0.18676   0.437 0.164 0.404 0.385 0.437 
0.62608  76018       0.38376 0.41918 0.43688   0.00031 0.18700   0.437 0.164 0.404 0.384 0.437 
0.62708  75815       0.38268 0.41841 0.43627   0.00031 0.18728   0.436 0.164 0.404 0.383 0.436 
0.62808  75612       0.38156 0.41767 0.43573   0.00031 0.18754   0.436 0.163 0.404 0.382 0.436 
0.62908  75409       0.38045 0.41698 0.43524   0.00031 0.18776   0.435 0.163 0.404 0.380 0.435 
0.63008  75206       0.37939 0.41607 0.43442   0.00031 0.18815   0.434 0.163 0.403 0.379 0.434 
0.63107  75003       0.37836 0.41526 0.43371   0.00031 0.18848   0.434 0.163 0.402 0.378 0.434 
0.63207  74800       0.37730 0.41428 0.43278   0.00031 0.18892   0.433 0.162 0.402 0.377 0.433 
0.63307  74597       0.37621 0.41285 0.43117   0.00031 0.18967   0.431 0.162 0.402 0.376 0.431 
0.63407  74394       0.37512 0.41244 0.43109   0.00031 0.18971   0.431 0.162 0.402 0.375 0.431 
0.63507  74191       0.37402 0.41164 0.43045   0.00031 0.19001   0.430 0.162 0.401 0.374 0.430 
0.63607  73988       0.37294 0.41085 0.42980   0.00031 0.19031   0.430 0.162 0.401 0.373 0.430 
0.63707  73785       0.37186 0.41006 0.42917   0.00031 0.19061   0.429 0.162 0.401 0.372 0.429 
0.63806  73582       0.37075 0.40923 0.42847   0.00031 0.19094   0.428 0.162 0.401 0.371 0.428 
0.63906  73379       0.36967 0.40845 0.42783   0.00031 0.19124   0.428 0.162 0.401 0.370 0.428 
0.64006  73176       0.36861 0.40764 0.42716   0.00031 0.19156   0.427 0.162 0.401 0.369 0.427 
0.64106  72973       0.36753 0.40689 0.42658   0.00031 0.19184   0.427 0.161 0.401 0.368 0.427 
0.64206  72770       0.36647 0.40611 0.42593   0.00031 0.19214   0.426 0.161 0.400 0.366 0.426 
0.64306  72567       0.36540 0.40535 0.42533   0.00031 0.19243   0.425 0.161 0.400 0.365 0.425 
0.64405  72364       0.36434 0.40453 0.42463   0.00031 0.19276   0.425 0.161 0.400 0.364 0.425 
0.64505  72161       0.36325 0.40376 0.42401   0.00031 0.19306   0.424 0.161 0.400 0.363 0.424 
0.64605  71958       0.36220 0.40285 0.42318   0.00031 0.19345   0.423 0.161 0.400 0.362 0.423 
0.64705  71755       0.36111 0.40208 0.42257   0.00031 0.19374   0.423 0.161 0.400 0.361 0.423 
0.64805  71552       0.36002 0.40128 0.42191   0.00031 0.19406   0.422 0.161 0.400 0.360 0.422 
0.64905  71349       0.35893 0.40047 0.42125   0.00031 0.19437   0.421 0.161 0.400 0.359 0.421 
0.65005  71146       0.35785 0.39972 0.42066   0.00031 0.19466   0.421 0.161 0.400 0.358 0.421 
0.65104  70943       0.35675 0.39889 0.41996   0.00032 0.19499   0.420 0.161 0.399 0.357 0.420 
0.65204  70740       0.35565 0.39805 0.41925   0.00032 0.19533   0.419 0.161 0.399 0.356 0.419 
0.65304  70537       0.35458 0.39720 0.41851   0.00032 0.19569   0.419 0.161 0.399 0.355 0.419 
0.65404  70334       0.35361 0.39643 0.41783   0.00032 0.19601   0.418 0.161 0.398 0.354 0.418 
0.65504  70131       0.35253 0.39560 0.41713   0.00032 0.19635   0.417 0.161 0.398 0.353 0.417 
0.65604  69928       0.35149 0.39480 0.41645   0.00032 0.19667   0.416 0.161 0.398 0.351 0.416 
0.65704  69725       0.35040 0.39393 0.41569   0.00032 0.19704   0.416 0.161 0.398 0.350 0.416 
0.65803  69522       0.34940 0.39284 0.41457   0.00032 0.19759   0.415 0.161 0.397 0.349 0.415 
0.65903  69319       0.34834 0.39207 0.41393   0.00032 0.19789   0.414 0.161 0.396 0.348 0.414 
0.66003  69116       0.34724 0.39107 0.41298   0.00032 0.19835   0.413 0.161 0.396 0.347 0.413 
0.66103  68913       0.34619 0.39019 0.41219   0.00032 0.19874   0.412 0.160 0.396 0.346 0.412 
0.66203  68710       0.34508 0.38928 0.41138   0.00032 0.19913   0.411 0.160 0.396 0.345 0.411 
0.66303  68507       0.34402 0.38835 0.41052   0.00032 0.19955   0.411 0.160 0.395 0.344 0.411 
0.66403  68304       0.34295 0.38745 0.40970   0.00032 0.19995   0.410 0.160 0.395 0.343 0.410 
0.66502  68101       0.34185 0.38654 0.40889   0.00032 0.20035   0.409 0.160 0.395 0.342 0.409 
0.66602  67898       0.34077 0.38569 0.40814   0.00032 0.20071   0.408 0.160 0.395 0.341 0.408 
0.66702  67695       0.33970 0.38480 0.40735   0.00032 0.20110   0.407 0.160 0.394 0.340 0.407 
0.66802  67492       0.33860 0.38391 0.40656   0.00032 0.20149   0.407 0.160 0.394 0.339 0.407 
0.66902  67289       0.33752 0.38314 0.40594   0.00032 0.20179   0.406 0.160 0.394 0.338 0.406 
0.67002  67086       0.33647 0.38237 0.40532   0.00032 0.20210   0.405 0.159 0.394 0.336 0.405 
0.67101  66883       0.33541 0.38145 0.40447   0.00032 0.20251   0.404 0.159 0.393 0.335 0.404 
0.67201  66680       0.33434 0.38060 0.40372   0.00032 0.20289   0.404 0.159 0.393 0.334 0.404 
0.67301  66477       0.33328 0.37968 0.40288   0.00032 0.20330   0.403 0.159 0.393 0.333 0.403 
0.67401  66274       0.33219 0.37877 0.40206   0.00032 0.20371   0.402 0.159 0.393 0.332 0.402 
0.67501  66071       0.33106 0.37815 0.40170   0.00032 0.20389   0.402 0.159 0.393 0.331 0.402 
0.67601  65868       0.33004 0.37718 0.40074   0.00032 0.20436   0.401 0.159 0.392 0.330 0.401 
0.67701  65665       0.32896 0.37623 0.39987   0.00032 0.20479   0.400 0.159 0.392 0.329 0.400 
0.67800  65462       0.32787 0.37531 0.39903   0.00032 0.20521   0.399 0.159 0.391 0.328 0.399 
0.67900  65259       0.32677 0.37441 0.39823   0.00032 0.20561   0.398 0.159 0.391 0.327 0.398 
0.68000  65056       0.32571 0.37351 0.39741   0.00032 0.20602   0.397 0.159 0.391 0.326 0.397 
0.68100  64853       0.32465 0.37264 0.39664   0.00032 0.20640   0.397 0.159 0.391 0.325 0.397 
0.68200  64650       0.32358 0.37176 0.39584   0.00032 0.20680   0.396 0.159 0.390 0.324 0.396 
0.68300  64447       0.32249 0.37086 0.39505   0.00032 0.20720   0.395 0.159 0.390 0.322 0.395 
0.68400  64244       0.32147 0.36992 0.39414   0.00032 0.20766   0.394 0.159 0.390 0.321 0.394 
0.68499  64041       0.32039 0.36830 0.39225   0.00032 0.20861   0.392 0.154 0.389 0.320 0.392 
0.68599  63838       0.31931 0.36761 0.39176   0.00032 0.20885   0.392 0.154 0.389 0.319 0.392 
0.68699  63635       0.31829 0.36667 0.39086   0.00032 0.20931   0.391 0.154 0.388 0.318 0.391 
0.68799  63432       0.31722 0.36569 0.38993   0.00032 0.20978   0.390 0.154 0.388 0.317 0.390 
0.68899  63229       0.31615 0.36475 0.38906   0.00032 0.21023   0.389 0.154 0.388 0.316 0.389 
0.68999  63026       0.31506 0.36383 0.38822   0.00032 0.21065   0.388 0.154 0.388 0.315 0.388 
0.69099  62823       0.31399 0.36286 0.38730   0.00032 0.21112   0.387 0.154 0.388 0.314 0.387 
0.69198  62620       0.31287 0.36189 0.38640   0.00032 0.21157   0.386 0.154 0.388 0.313 0.386 
0.69298  62417       0.31179 0.36093 0.38551   0.00032 0.21203   0.386 0.154 0.388 0.312 0.386 
0.69398  62214       0.31074 0.36000 0.38464   0.00032 0.21248   0.385 0.154 0.387 0.311 0.385 
0.69498  62011       0.30970 0.35903 0.38370   0.00033 0.21296   0.384 0.154 0.387 0.310 0.384 
0.69598  61808       0.30858 0.35848 0.38343   0.00033 0.21310   0.383 0.154 0.387 0.309 0.383 
0.69698  61605       0.30755 0.35740 0.38232   0.00033 0.21367   0.382 0.154 0.387 0.308 0.382 
0.69797  61402       0.30648 0.35644 0.38143   0.00033 0.21413   0.381 0.153 0.386 0.306 0.381 
0.69897  61199       0.30542 0.35556 0.38063   0.00033 0.21453   0.381 0.153 0.386 0.305 0.381 
0.69997  60996       0.30436 0.35461 0.37974   0.00033 0.21500   0.380 0.153 0.386 0.304 0.380 
0.70097  60793       0.30329 0.35362 0.37878   0.00033 0.21549   0.379 0.152 0.386 0.303 0.379 
0.70197  60590       0.30221 0.35271 0.37797   0.00033 0.21592   0.378 0.152 0.386 0.302 0.378 
0.70297  60387       0.30116 0.35181 0.37714   0.00033 0.21635   0.377 0.152 0.385 0.301 0.377 
0.70397  60184       0.30009 0.35092 0.37633   0.00033 0.21676   0.376 0.149 0.385 0.300 0.376 
0.70496  59981       0.29902 0.35001 0.37550   0.00033 0.21719   0.376 0.149 0.385 0.299 0.376 
0.70596  59778       0.29798 0.34909 0.37465   0.00033 0.21764   0.375 0.149 0.385 0.298 0.375 
0.70696  59575       0.29688 0.34806 0.37365   0.00033 0.21816   0.374 0.149 0.385 0.297 0.374 
0.70796  59372       0.29585 0.34711 0.37274   0.00033 0.21864   0.373 0.149 0.384 0.296 0.373 
0.70896  59169       0.29476 0.34620 0.37191   0.00033 0.21907   0.372 0.149 0.384 0.295 0.372 
0.70996  58966       0.29366 0.34527 0.37107   0.00033 0.21952   0.371 0.148 0.384 0.294 0.371 
0.71096  58763       0.29258 0.34440 0.37031   0.00033 0.21991   0.370 0.148 0.384 0.293 0.370 
0.71195  58560       0.29150 0.34343 0.36939   0.00033 0.22040   0.369 0.148 0.384 0.291 0.369 
0.71295  58357       0.29040 0.34249 0.36854   0.00033 0.22085   0.369 0.148 0.384 0.290 0.369 
0.71395  58154       0.28930 0.34151 0.36762   0.00033 0.22134   0.368 0.148 0.384 0.289 0.368 
0.71495  57951       0.28830 0.34060 0.36676   0.00033 0.22179   0.367 0.148 0.383 0.288 0.367 
0.71595  57748       0.28728 0.33963 0.36581   0.00033 0.22230   0.366 0.148 0.383 0.287 0.366 
0.71695  57545       0.28618 0.33864 0.36488   0.00033 0.22279   0.365 0.148 0.383 0.286 0.365 
0.71795  57342       0.28509 0.33764 0.36391   0.00033 0.22331   0.364 0.148 0.383 0.285 0.364 
0.71894  57139       0.28401 0.33664 0.36296   0.00033 0.22382   0.363 0.148 0.382 0.284 0.363 
0.71994  56936       0.28295 0.33565 0.36200   0.00033 0.22433   0.362 0.148 0.382 0.283 0.362 
0.72094  56733       0.28188 0.33469 0.36110   0.00033 0.22481   0.361 0.148 0.382 0.282 0.361 
0.72194  56530       0.28078 0.33356 0.35995   0.00033 0.22543   0.360 0.148 0.382 0.281 0.360 
0.72294  56327       0.27972 0.33260 0.35904   0.00033 0.22592   0.359 0.148 0.382 0.280 0.359 
0.72394  56124       0.27867 0.33164 0.35813   0.00033 0.22641   0.358 0.148 0.381 0.279 0.358 
0.72493  55921       0.27757 0.33065 0.35719   0.00033 0.22692   0.357 0.148 0.381 0.278 0.357 
0.72593  55718       0.27648 0.32965 0.35623   0.00033 0.22744   0.356 0.148 0.381 0.276 0.356 
0.72693  55515       0.27541 0.32865 0.35527   0.00033 0.22796   0.355 0.148 0.381 0.275 0.355 
0.72793  55312       0.27439 0.32764 0.35427   0.00033 0.22851   0.354 0.148 0.380 0.274 0.354 
0.72893  55109       0.27330 0.32662 0.35328   0.00034 0.22904   0.353 0.148 0.380 0.273 0.353 
0.72993  54906       0.27222 0.32562 0.35231   0.00034 0.22957   0.352 0.148 0.380 0.272 0.352 
0.73093  54703       0.27113 0.32464 0.35139   0.00034 0.23008   0.351 0.147 0.380 0.271 0.351 
0.73192  54500       0.27003 0.32364 0.35045   0.00034 0.23059   0.350 0.147 0.380 0.270 0.350 
0.73292  54297       0.26895 0.32267 0.34953   0.00034 0.23110   0.350 0.147 0.380 0.269 0.350 
0.73392  54094       0.26789 0.32169 0.34859   0.00034 0.23162   0.349 0.147 0.379 0.268 0.349 
0.73492  53891       0.26682 0.32069 0.34763   0.00034 0.23215   0.348 0.147 0.379 0.267 0.348 
0.73592  53688       0.26575 0.31971 0.34669   0.00034 0.23267   0.347 0.147 0.379 0.266 0.347 
0.73692  53485       0.26466 0.31872 0.34575   0.00034 0.23318   0.346 0.147 0.379 0.265 0.346 
0.73792  53282       0.26359 0.31755 0.34453   0.00034 0.23386   0.345 0.147 0.378 0.264 0.345 
0.73891  53079       0.26250 0.31649 0.34349   0.00034 0.23444   0.343 0.147 0.378 0.263 0.343 
0.73991  52876       0.26143 0.31547 0.34248   0.00034 0.23500   0.342 0.147 0.378 0.261 0.342 
0.74091  52673       0.26035 0.31437 0.34138   0.00034 0.23562   0.341 0.147 0.378 0.260 0.341 
0.74191  52470       0.25927 0.31342 0.34049   0.00034 0.23612   0.340 0.147 0.378 0.259 0.340 
0.74291  52267       0.25818 0.31242 0.33954   0.00034 0.23665   0.340 0.147 0.378 0.258 0.340 
0.74391  52064       0.25707 0.31137 0.33851   0.00034 0.23723   0.339 0.147 0.378 0.257 0.339 
0.74491  51861       0.25597 0.31029 0.33744   0.00034 0.23783   0.337 0.147 0.378 0.256 0.337 
0.74590  51658       0.25494 0.30939 0.33662   0.00034 0.23830   0.337 0.145 0.377 0.255 0.337 
0.74690  51455       0.25388 0.30845 0.33573   0.00034 0.23880   0.336 0.145 0.377 0.254 0.336 
0.74790  51252       0.25286 0.30743 0.33472   0.00034 0.23937   0.335 0.145 0.377 0.253 0.335 
0.74890  51049       0.25176 0.30643 0.33376   0.00034 0.23992   0.334 0.145 0.377 0.252 0.334 
0.74990  50846       0.25068 0.30536 0.33270   0.00034 0.24052   0.333 0.145 0.377 0.251 0.333 
0.75090  50643       0.24959 0.30434 0.33171   0.00034 0.24109   0.332 0.145 0.377 0.250 0.332 
0.75189  50440       0.24853 0.30330 0.33069   0.00034 0.24167   0.331 0.145 0.377 0.249 0.331 
0.75289  50237       0.24749 0.30243 0.32990   0.00034 0.24213   0.330 0.145 0.377 0.247 0.330 
0.75389  50034       0.24643 0.30154 0.32910   0.00034 0.24259   0.329 0.144 0.377 0.246 0.329 
0.75489  49831       0.24536 0.30057 0.32818   0.00034 0.24312   0.328 0.144 0.377 0.245 0.328 
0.75589  49628       0.24426 0.29958 0.32724   0.00034 0.24366   0.327 0.144 0.377 0.244 0.327 
0.75689  49425       0.24316 0.29861 0.32634   0.00035 0.24418   0.326 0.144 0.377 0.243 0.326 
0.75789  49222       0.24210 0.29770 0.32551   0.00035 0.24466   0.326 0.144 0.376 0.242 0.326 
0.75888  49019       0.24099 0.29672 0.32458   0.00035 0.24520   0.325 0.144 0.376 0.241 0.325 
0.75988  48816       0.23992 0.29576 0.32368   0.00035 0.24572   0.324 0.144 0.376 0.240 0.324 
0.76088  48613       0.23885 0.29476 0.32272   0.00035 0.24628   0.323 0.144 0.376 0.239 0.323 
0.76188  48410       0.23777 0.29379 0.32180   0.00035 0.24682   0.322 0.144 0.376 0.238 0.322 
0.76288  48207       0.23671 0.29285 0.32092   0.00035 0.24734   0.321 0.144 0.376 0.237 0.321 
0.76388  48004       0.23560 0.29188 0.32003   0.00035 0.24786   0.320 0.143 0.376 0.236 0.320 
0.76488  47801       0.23448 0.29090 0.31910   0.00035 0.24841   0.319 0.143 0.376 0.234 0.319 
0.76587  47598       0.23337 0.28993 0.31821   0.00035 0.24893   0.318 0.143 0.376 0.233 0.318 
0.76687  47395       0.23230 0.28894 0.31725   0.00035 0.24950   0.317 0.143 0.376 0.232 0.317 
0.76787  47192       0.23119 0.28795 0.31633   0.00035 0.25004   0.316 0.143 0.376 0.231 0.316 
0.76887  46989       0.23010 0.28699 0.31543   0.00035 0.25058   0.315 0.143 0.376 0.230 0.315 
0.76987  46786       0.22900 0.28603 0.31454   0.00035 0.25111   0.315 0.143 0.376 0.229 0.315 
0.77087  46583       0.22807 0.28511 0.31363   0.00035 0.25165   0.314 0.137 0.374 0.228 0.314 
0.77187  46380       0.22725 0.28430 0.31282   0.00035 0.25213   0.313 0.127 0.370 0.227 0.313 
0.77286  46177       0.22614 0.28335 0.31195   0.00035 0.25265   0.312 0.126 0.370 0.226 0.312 
0.77386  45974       0.22508 0.28238 0.31103   0.00035 0.25321   0.311 0.126 0.370 0.225 0.311 
0.77486  45771       0.22405 0.28142 0.31011   0.00035 0.25376   0.310 0.126 0.369 0.224 0.310 
0.77586  45568       0.22313 0.28056 0.30928   0.00035 0.25426   0.309 0.126 0.367 0.223 0.309 
0.77686  45365       0.22207 0.27954 0.30827   0.00035 0.25487   0.308 0.125 0.367 0.222 0.308 
0.77786  45162       0.22101 0.27860 0.30739   0.00035 0.25540   0.307 0.125 0.367 0.221 0.307 
0.77886  44959       0.21992 0.27759 0.30643   0.00035 0.25598   0.306 0.125 0.367 0.220 0.306 
0.77985  44756       0.21897 0.27675 0.30564   0.00035 0.25646   0.306 0.117 0.366 0.219 0.306 
0.78085  44553       0.21789 0.27582 0.30479   0.00035 0.25698   0.305 0.117 0.366 0.218 0.305 
0.78185  44350       0.21679 0.27484 0.30387   0.00035 0.25754   0.304 0.117 0.366 0.217 0.304 
0.78285  44147       0.21568 0.27384 0.30292   0.00035 0.25812   0.303 0.116 0.366 0.216 0.303 
0.78385  43944       0.21458 0.27286 0.30199   0.00035 0.25869   0.302 0.116 0.366 0.215 0.302 
0.78485  43741       0.21349 0.27190 0.30110   0.00036 0.25924   0.301 0.115 0.366 0.213 0.301 
0.78584  43538       0.21243 0.27092 0.30016   0.00036 0.25982   0.300 0.115 0.365 0.212 0.300 
0.78684  43335       0.21134 0.26991 0.29920   0.00036 0.26041   0.299 0.115 0.365 0.211 0.299 
0.78784  43132       0.21029 0.26896 0.29830   0.00036 0.26097   0.298 0.115 0.365 0.210 0.298 
0.78884  42929       0.20922 0.26816 0.29763   0.00036 0.26138   0.298 0.115 0.365 0.209 0.298 
0.78984  42726       0.20813 0.26713 0.29663   0.00036 0.26200   0.297 0.115 0.365 0.208 0.297 
0.79084  42523       0.20702 0.26614 0.29570   0.00036 0.26259   0.296 0.115 0.365 0.207 0.296 
0.79184  42320       0.20593 0.26516 0.29477   0.00036 0.26316   0.295 0.115 0.365 0.206 0.295 
0.79283  42117       0.20485 0.26415 0.29380   0.00036 0.26377   0.294 0.115 0.365 0.205 0.294 
0.79383  41914       0.20386 0.26277 0.29223   0.00036 0.26476   0.292 0.100 0.364 0.204 0.292 
0.79483  41711       0.20290 0.26169 0.29108   0.00036 0.26548   0.291 0.096 0.364 0.203 0.291 
0.79583  41508       0.20177 0.26074 0.29022   0.00036 0.26602   0.290 0.096 0.364 0.202 0.290 
0.79683  41305       0.20065 0.25974 0.28928   0.00036 0.26662   0.289 0.096 0.364 0.201 0.289 
0.79783  41102       0.19956 0.25870 0.28827   0.00036 0.26726   0.288 0.096 0.364 0.200 0.288 
0.79883  40899       0.19851 0.25770 0.28729   0.00036 0.26788   0.287 0.096 0.363 0.199 0.287 
0.79982  40696       0.19742 0.25670 0.28634   0.00036 0.26849   0.286 0.096 0.363 0.197 0.286 
0.80082  40493       0.19631 0.25570 0.28540   0.00036 0.26909   0.285 0.096 0.363 0.196 0.285 
0.80182  40290       0.19522 0.25470 0.28444   0.00036 0.26971   0.284 0.096 0.363 0.195 0.284 
0.80282  40087       0.19413 0.25366 0.28342   0.00036 0.27036   0.283 0.096 0.363 0.194 0.283 
0.80382  39884       0.19303 0.25265 0.28246   0.00036 0.27098   0.282 0.096 0.363 0.193 0.282 
0.80482  39681       0.19192 0.25164 0.28150   0.00036 0.27160   0.282 0.096 0.363 0.192 0.282 
0.80582  39478       0.19082 0.25065 0.28057   0.00036 0.27220   0.281 0.096 0.363 0.191 0.281 
0.80681  39275       0.18971 0.24962 0.27958   0.00036 0.27285   0.280 0.096 0.363 0.190 0.280 
0.80781  39072       0.18862 0.24863 0.27863   0.00037 0.27346   0.279 0.096 0.363 0.189 0.279 
0.80881  38869       0.18750 0.24759 0.27764   0.00037 0.27411   0.278 0.096 0.363 0.187 0.278 
0.80981  38666       0.18641 0.24659 0.27668   0.00037 0.27474   0.277 0.096 0.363 0.186 0.277 
0.81081  38463       0.18529 0.24554 0.27566   0.00037 0.27541   0.276 0.096 0.363 0.185 0.276 
0.81181  38260       0.18418 0.24458 0.27477   0.00037 0.27599   0.275 0.096 0.363 0.184 0.275 
0.81280  38057       0.18310 0.24362 0.27388   0.00037 0.27658   0.274 0.096 0.363 0.183 0.274 
0.81380  37854       0.18202 0.24259 0.27287   0.00037 0.27725   0.273 0.096 0.363 0.182 0.273 
0.81480  37651       0.18098 0.24155 0.27184   0.00037 0.27793   0.272 0.095 0.363 0.181 0.272 
0.81580  37448       0.17987 0.24050 0.27082   0.00037 0.27861   0.271 0.095 0.363 0.180 0.271 
0.81680  37245       0.17877 0.23956 0.26995   0.00037 0.27919   0.270 0.095 0.363 0.179 0.270 
0.81780  37042       0.17768 0.23865 0.26914   0.00037 0.27973   0.269 0.094 0.363 0.178 0.269 
0.81880  36839       0.17660 0.23761 0.26812   0.00037 0.28042   0.268 0.094 0.363 0.177 0.268 
0.81979  36636       0.17552 0.23659 0.26712   0.00037 0.28109   0.267 0.094 0.363 0.176 0.267 
0.82079  36433       0.17442 0.23553 0.26608   0.00037 0.28178   0.266 0.094 0.363 0.174 0.266 
0.82179  36230       0.17333 0.23447 0.26504   0.00037 0.28249   0.265 0.094 0.363 0.173 0.265 
0.82279  36027       0.17224 0.23338 0.26395   0.00037 0.28323   0.264 0.094 0.362 0.172 0.264 
0.82379  35824       0.17115 0.23231 0.26289   0.00037 0.28395   0.263 0.094 0.362 0.171 0.263 
0.82479  35621       0.17008 0.23128 0.26188   0.00037 0.28464   0.262 0.094 0.362 0.170 0.262 
0.82579  35418       0.16899 0.23023 0.26085   0.00037 0.28534   0.261 0.094 0.362 0.169 0.261 
0.82678  35215       0.16787 0.22917 0.25982   0.00037 0.28605   0.260 0.094 0.362 0.168 0.260 
0.82778  35012       0.16677 0.22811 0.25878   0.00038 0.28677   0.259 0.094 0.362 0.167 0.259 
0.82878  34809       0.16566 0.22706 0.25776   0.00038 0.28747   0.258 0.094 0.362 0.166 0.258 
0.82978  34606       0.16457 0.22602 0.25675   0.00038 0.28817   0.257 0.094 0.362 0.165 0.257 
0.83078  34403       0.16344 0.22497 0.25573   0.00038 0.28887   0.256 0.094 0.362 0.163 0.256 
0.83178  34200       0.16233 0.22395 0.25475   0.00038 0.28956   0.255 0.094 0.362 0.162 0.255 
0.83278  33997       0.16122 0.22289 0.25372   0.00038 0.29028   0.254 0.093 0.362 0.161 0.254 
0.83377  33794       0.16010 0.22183 0.25269   0.00038 0.29100   0.253 0.093 0.362 0.160 0.253 
0.83477  33591       0.15900 0.22076 0.25165   0.00038 0.29173   0.252 0.093 0.362 0.159 0.252 
0.83577  33388       0.15791 0.21970 0.25059   0.00038 0.29248   0.251 0.093 0.362 0.158 0.251 
0.83677  33185       0.15687 0.21862 0.24950   0.00038 0.29325   0.250 0.093 0.362 0.157 0.250 
0.83777  32982       0.15575 0.21755 0.24845   0.00038 0.29400   0.248 0.093 0.362 0.156 0.248 
0.83877  32779       0.15469 0.21648 0.24738   0.00038 0.29475   0.247 0.092 0.362 0.155 0.247 
0.83976  32576       0.15365 0.21541 0.24630   0.00038 0.29553   0.246 0.092 0.362 0.154 0.246 
0.84076  32373       0.15256 0.21433 0.24522   0.00038 0.29630   0.245 0.092 0.362 0.153 0.245 
0.84176  32170       0.15145 0.21324 0.24414   0.00038 0.29708   0.244 0.092 0.362 0.151 0.244 
0.84276  31967       0.15034 0.21215 0.24305   0.00038 0.29786   0.243 0.092 0.362 0.150 0.243 
0.84376  31764       0.14924 0.21106 0.24196   0.00038 0.29864   0.242 0.092 0.362 0.149 0.242 
0.84476  31561       0.14813 0.20995 0.24086   0.00039 0.29944   0.241 0.091 0.362 0.148 0.241 
0.84576  31358       0.14705 0.20885 0.23975   0.00039 0.30026   0.240 0.090 0.362 0.147 0.240 
0.84675  31155       0.14594 0.20774 0.23864   0.00039 0.30107   0.239 0.090 0.362 0.146 0.239 
0.84775  30952       0.14484 0.20662 0.23752   0.00039 0.30189   0.238 0.090 0.362 0.145 0.238 
0.84875  30749       0.14372 0.20551 0.23640   0.00039 0.30271   0.236 0.090 0.362 0.144 0.236 
0.84975  30546       0.14263 0.20439 0.23527   0.00039 0.30355   0.235 0.090 0.362 0.143 0.235 
0.85075  30343       0.14154 0.20326 0.23412   0.00039 0.30440   0.234 0.090 0.362 0.142 0.234 
0.85175  30140       0.14049 0.20221 0.23307   0.00039 0.30518   0.233 0.090 0.362 0.140 0.233 
0.85275  29937       0.13940 0.20109 0.23193   0.00039 0.30603   0.232 0.090 0.362 0.139 0.232 
0.85374  29734       0.13832 0.19996 0.23078   0.00039 0.30690   0.231 0.090 0.362 0.138 0.231 
0.85474  29531       0.13722 0.19882 0.22962   0.00039 0.30776   0.230 0.090 0.362 0.137 0.230 
0.85574  29328       0.13611 0.19768 0.22846   0.00039 0.30864   0.228 0.090 0.362 0.136 0.228 
0.85674  29125       0.13500 0.19653 0.22729   0.00039 0.30953   0.227 0.090 0.362 0.135 0.227 
0.85774  28922       0.13389 0.19538 0.22612   0.00039 0.31042   0.226 0.090 0.362 0.134 0.226 
0.85874  28719       0.13286 0.19424 0.22492   0.00039 0.31133   0.225 0.090 0.362 0.133 0.225 
0.85974  28516       0.13178 0.19308 0.22373   0.00040 0.31225   0.224 0.090 0.362 0.132 0.224 
0.86073  28313       0.13071 0.19193 0.22254   0.00040 0.31317   0.223 0.090 0.362 0.131 0.223 
0.86173  28110       0.12961 0.19076 0.22133   0.00040 0.31410   0.221 0.090 0.362 0.130 0.221 
0.86273  27907       0.12854 0.18960 0.22014   0.00040 0.31503   0.220 0.090 0.362 0.129 0.220 
0.86373  27704       0.12747 0.18844 0.21892   0.00040 0.31598   0.219 0.089 0.361 0.127 0.219 
0.86473  27501       0.12640 0.18726 0.21769   0.00040 0.31694   0.218 0.089 0.361 0.126 0.218 
0.86573  27298       0.12531 0.18608 0.21647   0.00040 0.31790   0.216 0.089 0.361 0.125 0.216 
0.86672  27095       0.12428 0.18484 0.21512   0.00040 0.31897   0.215 0.089 0.361 0.124 0.215 
0.86772  26892       0.12321 0.18365 0.21387   0.00040 0.31996   0.214 0.088 0.361 0.123 0.214 
0.86872  26689       0.12209 0.18245 0.21263   0.00040 0.32094   0.213 0.088 0.361 0.122 0.213 
0.86972  26486       0.12100 0.18125 0.21138   0.00040 0.32194   0.211 0.088 0.361 0.121 0.211 
0.87072  26283       0.11992 0.18007 0.21014   0.00040 0.32294   0.210 0.088 0.360 0.120 0.210 
0.87172  26080       0.11883 0.17886 0.20888   0.00040 0.32396   0.209 0.088 0.360 0.119 0.209 
0.87272  25877       0.11775 0.17766 0.20762   0.00041 0.32498   0.208 0.088 0.360 0.118 0.208 
0.87371  25674       0.11664 0.17644 0.20634   0.00041 0.32602   0.206 0.088 0.360 0.117 0.206 
0.87471  25471       0.11553 0.17522 0.20506   0.00041 0.32707   0.205 0.088 0.360 0.116 0.205 
0.87571  25268       0.11447 0.17400 0.20376   0.00041 0.32813   0.204 0.088 0.360 0.114 0.204 
0.87671  25065       0.11337 0.17277 0.20247   0.00041 0.32921   0.202 0.088 0.360 0.113 0.202 
0.87771  24862       0.11226 0.17153 0.20117   0.00041 0.33029   0.201 0.088 0.360 0.112 0.201 
0.87871  24659       0.11114 0.17029 0.19986   0.00041 0.33138   0.200 0.088 0.360 0.111 0.200 
0.87971  24456       0.11007 0.16900 0.19847   0.00041 0.33254   0.198 0.088 0.360 0.110 0.198 
0.88070  24253       0.10897 0.16775 0.19715   0.00041 0.33366   0.197 0.088 0.360 0.109 0.197 
0.88170  24050       0.10788 0.16650 0.19581   0.00041 0.33479   0.196 0.088 0.360 0.108 0.196 
0.88270  23847       0.10677 0.16524 0.19448   0.00041 0.33592   0.194 0.088 0.360 0.107 0.194 
0.88370  23644       0.10568 0.16398 0.19313   0.00042 0.33708   0.193 0.087 0.360 0.106 0.193 
0.88470  23441       0.10459 0.16270 0.19176   0.00042 0.33826   0.192 0.087 0.360 0.105 0.192 
0.88570  23238       0.10350 0.16143 0.19039   0.00042 0.33944   0.190 0.087 0.360 0.104 0.190 
0.88670  23035       0.10241 0.16014 0.18901   0.00042 0.34064   0.189 0.087 0.360 0.102 0.189 
0.88769  22832       0.10133 0.15886 0.18763   0.00042 0.34185   0.188 0.087 0.360 0.101 0.188 
0.88869  22629       0.10023 0.15757 0.18624   0.00042 0.34307   0.186 0.087 0.360 0.100 0.186 
0.88969  22426       0.09913 0.15627 0.18484   0.00042 0.34431   0.185 0.087 0.360 0.099 0.185 
0.89069  22223       0.09802 0.15496 0.18344   0.00042 0.34556   0.183 0.087 0.360 0.098 0.183 
0.89169  22020       0.09691 0.15365 0.18202   0.00042 0.34682   0.182 0.087 0.360 0.097 0.182 
0.89269  21817       0.09581 0.15233 0.18059   0.00042 0.34811   0.181 0.087 0.360 0.096 0.181 
0.89368  21614       0.09472 0.15100 0.17915   0.00043 0.34942   0.179 0.087 0.360 0.095 0.179 
0.89468  21411       0.09361 0.14967 0.17770   0.00043 0.35073   0.178 0.087 0.360 0.094 0.178 
0.89568  21208       0.09252 0.14833 0.17624   0.00043 0.35207   0.176 0.087 0.360 0.093 0.176 
0.89668  21005       0.09144 0.14699 0.17477   0.00043 0.35343   0.175 0.087 0.360 0.091 0.175 
0.89768  20802       0.09036 0.14564 0.17329   0.00043 0.35481   0.173 0.087 0.360 0.090 0.173 
0.89868  20599       0.08927 0.14429 0.17180   0.00043 0.35619   0.172 0.087 0.360 0.089 0.172 
0.89968  20396       0.08821 0.14292 0.17028   0.00043 0.35762   0.170 0.085 0.359 0.088 0.170 
0.90067  20193       0.08711 0.14155 0.16877   0.00043 0.35905   0.169 0.085 0.359 0.087 0.169 
0.90167  19990       0.08603 0.14017 0.16725   0.00043 0.36050   0.167 0.085 0.359 0.086 0.167 
0.90267  19787       0.08492 0.13879 0.16572   0.00044 0.36196   0.166 0.085 0.359 0.085 0.166 
0.90367  19584       0.08379 0.13739 0.16419   0.00044 0.36344   0.164 0.085 0.359 0.084 0.164 
0.90467  19381       0.08271 0.13600 0.16264   0.00044 0.36495   0.163 0.085 0.359 0.083 0.163 
0.90567  19178       0.08164 0.13459 0.16107   0.00044 0.36649   0.161 0.085 0.359 0.082 0.161 
0.90667  18975       0.08053 0.13318 0.15950   0.00044 0.36804   0.160 0.085 0.359 0.081 0.160 
0.90766  18772       0.07943 0.13176 0.15792   0.00044 0.36961   0.158 0.085 0.359 0.079 0.158 
0.90866  18569       0.07835 0.13032 0.15630   0.00044 0.37123   0.156 0.085 0.359 0.078 0.156 
0.90966  18366       0.07727 0.12888 0.15469   0.00045 0.37286   0.155 0.084 0.359 0.077 0.155 
0.91066  18163       0.07625 0.12741 0.15299   0.00045 0.37459   0.153 0.084 0.359 0.076 0.153 
0.91166  17960       0.07514 0.12596 0.15137   0.00045 0.37625   0.151 0.084 0.359 0.075 0.151 
0.91266  17757       0.07408 0.12452 0.14974   0.00045 0.37793   0.150 0.084 0.359 0.074 0.150 
0.91366  17554       0.07298 0.12306 0.14810   0.00045 0.37964   0.148 0.084 0.359 0.073 0.148 
0.91465  17351       0.07189 0.12160 0.14645   0.00045 0.38138   0.146 0.084 0.358 0.072 0.146 
0.91565  17148       0.07076 0.12012 0.14480   0.00045 0.38314   0.145 0.084 0.358 0.071 0.145 
0.91665  16945       0.06966 0.11864 0.14313   0.00046 0.38492   0.143 0.084 0.358 0.070 0.143 
0.91765  16742       0.06856 0.11714 0.14143   0.00046 0.38675   0.141 0.083 0.358 0.069 0.141 
0.91865  16539       0.06745 0.11565 0.13974   0.00046 0.38859   0.140 0.083 0.358 0.067 0.140 
0.91965  16336       0.06634 0.11414 0.13804   0.00046 0.39046   0.138 0.083 0.358 0.066 0.138 
0.92064  16133       0.06525 0.11264 0.13633   0.00046 0.39236   0.136 0.081 0.358 0.065 0.136 
0.92164  15930       0.06417 0.11109 0.13455   0.00046 0.39435   0.135 0.081 0.358 0.064 0.135 
0.92264  15727       0.06315 0.10971 0.13298   0.00047 0.39612   0.133 0.081 0.357 0.063 0.133 
0.92364  15524       0.06235 0.10862 0.13176   0.00047 0.39752   0.132 0.081 0.353 0.062 0.132 
0.92464  15321       0.06149 0.10751 0.13052   0.00047 0.39894   0.131 0.081 0.349 0.061 0.131 
0.92564  15118       0.06059 0.10639 0.12929   0.00047 0.40036   0.129 0.081 0.345 0.061 0.129 
0.92664  14915       0.05974 0.10524 0.12799   0.00047 0.40187   0.128 0.081 0.341 0.060 0.128 
0.92763  14712       0.05889 0.10409 0.12670   0.00047 0.40339   0.127 0.081 0.337 0.059 0.127 
0.92863  14509       0.05802 0.10294 0.12541   0.00047 0.40491   0.125 0.081 0.333 0.058 0.125 
0.92963  14306       0.05713 0.10177 0.12409   0.00047 0.40648   0.124 0.081 0.329 0.057 0.124 
0.93063  14103       0.05624 0.10059 0.12276   0.00047 0.40808   0.123 0.081 0.325 0.056 0.123 
0.93163  13900       0.05537 0.09939 0.12140   0.00048 0.40973   0.121 0.081 0.321 0.055 0.121 
0.93263  13697       0.05450 0.09820 0.12004   0.00048 0.41138   0.120 0.081 0.317 0.055 0.120 
0.93363  13494       0.05362 0.09700 0.11869   0.00048 0.41305   0.119 0.081 0.313 0.054 0.119 
0.93462  13291       0.05275 0.09581 0.11735   0.00048 0.41471   0.117 0.081 0.309 0.053 0.117 
0.93562  13088       0.05191 0.09460 0.11595   0.00048 0.41647   0.116 0.081 0.305 0.052 0.116 
0.93662  12885       0.05104 0.09338 0.11455   0.00048 0.41824   0.115 0.081 0.302 0.051 0.115 
0.93762  12682       0.05017 0.09214 0.11312   0.00048 0.42005   0.113 0.081 0.298 0.050 0.113 
0.93862  12479       0.04933 0.09090 0.11169   0.00049 0.42190   0.112 0.081 0.294 0.049 0.112 
0.93962  12276       0.04850 0.08966 0.11024   0.00049 0.42379   0.110 0.081 0.290 0.048 0.110 
0.94062  12073       0.04764 0.08839 0.10877   0.00049 0.42572   0.109 0.081 0.287 0.048 0.109 
0.94161  11870       0.04678 0.08714 0.10732   0.00049 0.42764   0.107 0.081 0.283 0.047 0.107 
0.94261  11667       0.04592 0.08587 0.10585   0.00049 0.42961   0.106 0.081 0.279 0.046 0.106 
0.94361  11464       0.04506 0.08460 0.10437   0.00049 0.43162   0.104 0.081 0.275 0.045 0.104 
0.94461  11261       0.04421 0.08331 0.10286   0.00050 0.43368   0.103 0.081 0.271 0.044 0.103 
0.94561  11058       0.04337 0.08200 0.10132   0.00050 0.43581   0.101 0.081 0.268 0.043 0.101 
0.94661  10855       0.04252 0.08072 0.09982   0.00050 0.43792   0.100 0.081 0.264 0.043 0.100 
0.94760  10652       0.04166 0.07941 0.09828   0.00050 0.44009   0.098 0.081 0.260 0.042 0.098 
0.94860  10449       0.04085 0.07810 0.09673   0.00050 0.44232   0.097 0.081 0.256 0.041 0.097 
0.94960  10246       0.03996 0.07675 0.09515   0.00050 0.44461   0.095 0.081 0.252 0.040 0.095 
0.95060  10043       0.03908 0.07540 0.09355   0.00051 0.44695   0.094 0.080 0.248 0.039 0.094 
0.95160  9840        0.03823 0.07407 0.09199   0.00051 0.44927   0.092 0.080 0.243 0.038 0.092 
0.95260  9637        0.03740 0.07273 0.09039   0.00051 0.45168   0.090 0.080 0.239 0.037 0.090 
0.95360  9434        0.03657 0.07139 0.08879   0.00051 0.45412   0.089 0.080 0.235 0.037 0.089 
0.95459  9231        0.03575 0.07004 0.08719   0.00051 0.45660   0.087 0.080 0.230 0.036 0.087 
0.95559  9028        0.03495 0.06870 0.08558   0.00052 0.45913   0.086 0.080 0.226 0.035 0.086 
0.95659  8825        0.03417 0.06736 0.08396   0.00052 0.46171   0.084 0.080 0.221 0.034 0.084 
0.95759  8622        0.03338 0.06603 0.08235   0.00052 0.46431   0.082 0.080 0.216 0.033 0.082 
0.95859  8419        0.03257 0.06467 0.08072   0.00052 0.46698   0.081 0.080 0.211 0.033 0.081 
0.95959  8216        0.03177 0.06332 0.07910   0.00053 0.46968   0.079 0.080 0.206 0.032 0.079 
0.96059  8013        0.03095 0.06194 0.07743   0.00053 0.47250   0.077 0.080 0.201 0.031 0.077 
0.96158  7810        0.03016 0.06057 0.07577   0.00053 0.47534   0.076 0.080 0.196 0.030 0.076 
0.96258  7607        0.02936 0.05918 0.07409   0.00053 0.47828   0.074 0.080 0.191 0.029 0.074 
0.96358  7404        0.02858 0.05780 0.07240   0.00054 0.48127   0.072 0.080 0.186 0.029 0.072 
0.96458  7201        0.02782 0.05639 0.07068   0.00054 0.48439   0.071 0.080 0.181 0.028 0.071 
0.96558  6998        0.02708 0.05498 0.06893   0.00054 0.48761   0.069 0.080 0.176 0.027 0.069 
0.96658  6795        0.02632 0.05356 0.06717   0.00054 0.49091   0.067 0.080 0.171 0.026 0.067 
0.96758  6592        0.02554 0.05213 0.06542   0.00055 0.49426   0.065 0.079 0.166 0.026 0.065 
0.96857  6389        0.02476 0.05068 0.06365   0.00055 0.49772   0.064 0.079 0.161 0.025 0.064 
0.96957  6186        0.02398 0.04923 0.06186   0.00055 0.50128   0.062 0.079 0.156 0.024 0.062 
0.97057  5983        0.02319 0.04774 0.06001   0.00055 0.50505   0.060 0.079 0.151 0.023 0.060 
0.97157  5780        0.02240 0.04625 0.05818   0.00056 0.50888   0.058 0.079 0.146 0.022 0.058 
0.97257  5577        0.02161 0.04475 0.05631   0.00056 0.51286   0.056 0.079 0.141 0.022 0.056 
0.97357  5374        0.02082 0.04322 0.05441   0.00056 0.51702   0.054 0.079 0.136 0.021 0.054 
0.97456  5171        0.02003 0.04166 0.05248   0.00057 0.52137   0.052 0.079 0.131 0.020 0.052 
0.97556  4968        0.01926 0.04012 0.05056   0.00057 0.52582   0.051 0.079 0.126 0.019 0.051 
0.97656  4765        0.01843 0.03852 0.04857   0.00058 0.53056   0.049 0.078 0.121 0.018 0.049 
0.97756  4562        0.01761 0.03693 0.04658   0.00058 0.53542   0.047 0.078 0.116 0.018 0.047 
0.97856  4359        0.01681 0.03532 0.04457   0.00058 0.54052   0.045 0.078 0.111 0.017 0.045 
0.97956  4156        0.01599 0.03370 0.04256   0.00059 0.54580   0.043 0.078 0.106 0.016 0.043 
0.98056  3953        0.01520 0.03208 0.04052   0.00059 0.55135   0.041 0.078 0.101 0.015 0.041 
0.98155  3750        0.01442 0.03043 0.03843   0.00060 0.55723   0.038 0.078 0.095 0.014 0.038 
0.98255  3547        0.01363 0.02875 0.03630   0.00060 0.56350   0.036 0.078 0.090 0.014 0.036 
0.98355  3344        0.01287 0.02718 0.03434   0.00061 0.56953   0.034 0.077 0.085 0.013 0.034 
0.98455  3141        0.01209 0.02581 0.03266   0.00061 0.57488   0.033 0.073 0.081 0.012 0.033 
0.98555  2938        0.01130 0.02436 0.03089   0.00062 0.58076   0.031 0.070 0.076 0.011 0.031 
0.98655  2735        0.01046 0.02291 0.02913   0.00062 0.58686   0.029 0.066 0.071 0.010 0.029 
0.98755  2532        0.00966 0.02146 0.02736   0.00063 0.59330   0.027 0.062 0.066 0.010 0.027 
0.98854  2329        0.00888 0.01998 0.02553   0.00064 0.60026   0.026 0.058 0.061 0.009 0.026 
0.98954  2126        0.00809 0.01850 0.02370   0.00064 0.60762   0.024 0.053 0.056 0.008 0.024 
0.99054  1923        0.00728 0.01693 0.02176   0.00065 0.61593   0.022 0.049 0.051 0.007 0.022 
0.99154  1720        0.00651 0.01543 0.01990   0.00066 0.62443   0.020 0.044 0.045 0.007 0.020 
0.99254  1517        0.00575 0.01386 0.01792   0.00067 0.63411   0.018 0.040 0.040 0.006 0.018 
0.99354  1314        0.00494 0.01223 0.01588   0.00068 0.64500   0.016 0.035 0.035 0.005 0.016 
0.99454  1111        0.00418 0.01054 0.01372   0.00069 0.65774   0.014 0.030 0.030 0.004 0.014 
0.99553  908         0.00342 0.00878 0.01146   0.00070 0.67278   0.011 0.026 0.024 0.003 0.011 
0.99653  705         0.00267 0.00699 0.00916   0.00072 0.69065   0.009 0.020 0.019 0.003 0.009 
0.99753  502         0.00190 0.00514 0.00676   0.00074 0.71324   0.007 0.015 0.014 0.002 0.007 
0.99853  299         0.00115 0.00318 0.00419   0.00077 0.74560   0.004 0.010 0.009 0.001 0.004 
0.99953  96          0.00037 0.00107 0.00141   0.00082 0.80605   0.001 0.003 0.003 0.000 0.001 
1.00000  0           0.00000 0.00000 0.00000   0.00100 1.00000   0.000 0.000 0.000 0.000 0.000 
