F-lost	   TF_cost	min-1	mean-1	max-1	w-mean-1	ext2-1	min-2	mean-2	max-2	w-mean-2	ext2-2	
0.0000	2.033e+005	1.0000	1.0000	1.0000	0.0000	0.0000	1.0000	1.0000	1.0000	0.0000	0.0000	
0.0010	2.031e+005	0.9915	0.9959	1.0000	0.0000	0.0000	1.0000	1.0000	1.0000	0.0000	0.0000	
0.0020	2.0289e+005	0.9765	0.9911	1.0000	0.0000	0.0000	1.0000	1.0000	1.0000	0.0000	0.0000	
0.0030	2.0269e+005	0.9606	0.9865	0.9999	0.0000	0.0000	0.9999	0.9999	0.9999	0.0000	0.0000	
0.0040	2.0249e+005	0.9446	0.9819	0.9998	0.0000	0.0000	0.9998	0.9998	0.9998	0.0000	0.0000	
0.0050	2.0228e+005	0.9287	0.9771	0.9996	0.0000	0.0000	0.9996	0.9996	0.9996	0.0000	0.0000	
0.0060	2.0208e+005	0.9128	0.9718	0.9995	0.0000	0.0000	0.9995	0.9995	0.9995	0.0000	0.0000	
0.0070	2.0188e+005	0.8968	0.9665	0.9993	0.0000	0.0000	0.9993	0.9993	0.9993	0.0000	0.0000	
0.0080	2.0168e+005	0.8809	0.9615	0.9990	0.0000	0.0000	0.9990	0.9990	0.9990	0.0000	0.0000	
0.0090	2.0147e+005	0.8649	0.9568	0.9987	0.0000	0.0000	0.9987	0.9987	0.9987	0.0000	0.0000	
0.0100	2.0127e+005	0.8490	0.9518	0.9984	0.0000	0.0000	0.9984	0.9984	0.9984	0.0000	0.0000	
0.0110	2.0107e+005	0.8331	0.9468	0.9980	0.0000	0.0000	0.9980	0.9980	0.9980	0.0000	0.0000	
0.0120	2.0086e+005	0.8171	0.9421	0.9975	0.0000	0.0000	0.9975	0.9975	0.9975	0.0000	0.0000	
0.0130	2.0066e+005	0.8012	0.9372	0.9973	0.0000	0.0000	0.9973	0.9973	0.9973	0.0000	0.0000	
0.0140	2.0046e+005	0.7853	0.9325	0.9969	0.0000	0.0000	0.9969	0.9969	0.9969	0.0000	0.0000	
0.0150	2.0025e+005	0.7693	0.9277	0.9964	0.0000	0.0000	0.9964	0.9964	0.9964	0.0000	0.0000	
0.0160	2.0005e+005	0.7534	0.9229	0.9958	0.0000	0.0000	0.9958	0.9958	0.9958	0.0000	0.0000	
0.0170	1.9985e+005	0.7374	0.9181	0.9953	0.0000	0.0000	0.9953	0.9953	0.9953	0.0000	0.0000	
0.0180	1.9964e+005	0.7215	0.9132	0.9946	0.0000	0.0000	0.9946	0.9946	0.9946	0.0000	0.0000	
0.0190	1.9944e+005	0.7056	0.9084	0.9940	0.0000	0.0000	0.9940	0.9940	0.9940	0.0000	0.0000	
0.0200	1.9924e+005	0.6896	0.9037	0.9933	0.0000	0.0000	0.9933	0.9933	0.9933	0.0000	0.0000	
0.0210	1.9904e+005	0.6737	0.8990	0.9926	0.0000	0.0000	0.9926	0.9926	0.9926	0.0000	0.0000	
0.0220	1.9883e+005	0.6577	0.8943	0.9917	0.0000	0.0000	0.9917	0.9917	0.9917	0.0000	0.0000	
0.0230	1.9863e+005	0.6418	0.8895	0.9906	0.0000	0.0000	0.9906	0.9906	0.9906	0.0000	0.0000	
0.0240	1.9843e+005	0.6259	0.8847	0.9894	0.0000	0.0000	0.9894	0.9894	0.9894	0.0000	0.0000	
0.0250	1.9822e+005	0.6099	0.8797	0.9877	0.0000	0.0000	0.9877	0.9877	0.9877	0.0000	0.0000	
0.0260	1.9802e+005	0.5940	0.8745	0.9858	0.0000	0.0000	0.9858	0.9858	0.9858	0.0000	0.0000	
0.0270	1.9782e+005	0.5780	0.8695	0.9836	0.0000	0.0000	0.9836	0.9836	0.9836	0.0000	0.0000	
0.0280	1.9762e+005	0.5671	0.8649	0.9819	0.0000	0.0000	0.9819	0.9819	0.9819	0.0000	0.0000	
0.0290	1.9741e+005	0.5670	0.8612	0.9819	0.0000	0.0000	0.9819	0.9819	0.9819	0.0000	0.0000	
0.0300	1.9721e+005	0.5652	0.8575	0.9818	0.0000	0.0000	0.9818	0.9818	0.9818	0.0000	0.0000	
0.0310	1.9701e+005	0.5615	0.8533	0.9817	0.0000	0.0000	0.9817	0.9817	0.9817	0.0000	0.0000	
0.0320	1.968e+005	0.5464	0.8482	0.9816	0.0000	0.0000	0.9816	0.9816	0.9816	0.0000	0.0000	
0.0330	1.966e+005	0.5438	0.8442	0.9813	0.0000	0.0000	0.9813	0.9813	0.9813	0.0000	0.0000	
0.0340	1.964e+005	0.5393	0.8403	0.9809	0.0000	0.0000	0.9809	0.9809	0.9809	0.0000	0.0000	
0.0350	1.9619e+005	0.5393	0.8364	0.9800	0.0000	0.0000	0.9800	0.9800	0.9800	0.0000	0.0000	
0.0360	1.9599e+005	0.5393	0.8351	0.9794	0.0000	0.0000	0.9794	0.9794	0.9794	0.0000	0.0000	
0.0370	1.9579e+005	0.5393	0.8347	0.9794	0.0000	0.0000	0.9794	0.9794	0.9794	0.0000	0.0000	
0.0380	1.9558e+005	0.5390	0.8342	0.9794	0.0000	0.0000	0.9794	0.9794	0.9794	0.0000	0.0000	
0.0390	1.9538e+005	0.5349	0.8327	0.9792	0.0000	0.0000	0.9792	0.9792	0.9792	0.0000	0.0000	
0.0400	1.9518e+005	0.5348	0.8322	0.9792	0.0000	0.0000	0.9792	0.9792	0.9792	0.0000	0.0000	
0.0409	1.9498e+005	0.5348	0.8318	0.9792	0.0000	0.0000	0.9792	0.9792	0.9792	0.0000	0.0000	
0.0419	1.9477e+005	0.5348	0.8314	0.9792	0.0000	0.0000	0.9792	0.9792	0.9792	0.0000	0.0000	
0.0429	1.9457e+005	0.5348	0.8311	0.9792	0.0000	0.0000	0.9792	0.9792	0.9792	0.0000	0.0000	
0.0439	1.9437e+005	0.5348	0.8308	0.9792	0.0000	0.0000	0.9792	0.9792	0.9792	0.0000	0.0000	
0.0449	1.9416e+005	0.5347	0.8305	0.9792	0.0000	0.0000	0.9792	0.9792	0.9792	0.0000	0.0000	
0.0459	1.9396e+005	0.5347	0.8301	0.9792	0.0000	0.0000	0.9792	0.9792	0.9792	0.0000	0.0000	
0.0469	1.9376e+005	0.5342	0.8296	0.9792	0.0000	0.0000	0.9792	0.9792	0.9792	0.0000	0.0000	
0.0479	1.9356e+005	0.5342	0.8292	0.9791	0.0000	0.0000	0.9791	0.9791	0.9791	0.0000	0.0000	
0.0489	1.9335e+005	0.5341	0.8288	0.9791	0.0000	0.0000	0.9791	0.9791	0.9791	0.0000	0.0000	
0.0499	1.9315e+005	0.5328	0.8280	0.9791	0.0000	0.0000	0.9791	0.9791	0.9791	0.0000	0.0000	
0.0509	1.9295e+005	0.5326	0.8276	0.9791	0.0000	0.0000	0.9791	0.9791	0.9791	0.0000	0.0000	
0.0519	1.9274e+005	0.5326	0.8273	0.9790	0.0000	0.0000	0.9790	0.9790	0.9790	0.0000	0.0000	
0.0529	1.9254e+005	0.5325	0.8269	0.9790	0.0000	0.0000	0.9790	0.9790	0.9790	0.0000	0.0000	
0.0539	1.9234e+005	0.5325	0.8266	0.9790	0.0000	0.0000	0.9790	0.9790	0.9790	0.0000	0.0000	
0.0549	1.9213e+005	0.5322	0.8262	0.9789	0.0000	0.0000	0.9789	0.9789	0.9789	0.0000	0.0000	
0.0559	1.9193e+005	0.5322	0.8258	0.9789	0.0000	0.0000	0.9789	0.9789	0.9789	0.0000	0.0000	
0.0569	1.9173e+005	0.5322	0.8252	0.9788	0.0000	0.0000	0.9788	0.9788	0.9788	0.0000	0.0000	
0.0579	1.9152e+005	0.5309	0.8244	0.9787	0.0000	0.0000	0.9787	0.9787	0.9787	0.0000	0.0000	
0.0589	1.9132e+005	0.5309	0.8240	0.9787	0.0000	0.0000	0.9787	0.9787	0.9787	0.0000	0.0000	
0.0599	1.9112e+005	0.5307	0.8235	0.9786	0.0000	0.0000	0.9786	0.9786	0.9786	0.0000	0.0000	
0.0609	1.9092e+005	0.5307	0.8231	0.9785	0.0000	0.0000	0.9785	0.9785	0.9785	0.0000	0.0000	
0.0619	1.9071e+005	0.5298	0.8224	0.9785	0.0000	0.0000	0.9785	0.9785	0.9785	0.0000	0.0000	
0.0629	1.9051e+005	0.5297	0.8220	0.9784	0.0000	0.0000	0.9784	0.9784	0.9784	0.0000	0.0000	
0.0639	1.9031e+005	0.5294	0.8215	0.9783	0.0000	0.0000	0.9783	0.9783	0.9783	0.0000	0.0000	
0.0649	1.901e+005	0.5292	0.8211	0.9782	0.0000	0.0000	0.9782	0.9782	0.9782	0.0000	0.0000	
0.0659	1.899e+005	0.5290	0.8206	0.9781	0.0000	0.0000	0.9781	0.9781	0.9781	0.0000	0.0000	
0.0669	1.897e+005	0.5290	0.8202	0.9781	0.0000	0.0000	0.9781	0.9781	0.9781	0.0000	0.0000	
0.0679	1.895e+005	0.5290	0.8198	0.9780	0.0000	0.0000	0.9780	0.9780	0.9780	0.0000	0.0000	
0.0689	1.8929e+005	0.5285	0.8191	0.9779	0.0000	0.0000	0.9779	0.9779	0.9779	0.0000	0.0000	
0.0699	1.8909e+005	0.5283	0.8185	0.9778	0.0000	0.0000	0.9778	0.9778	0.9778	0.0000	0.0000	
0.0709	1.8889e+005	0.5279	0.8181	0.9777	0.0000	0.0000	0.9777	0.9777	0.9777	0.0000	0.0000	
0.0719	1.8868e+005	0.5279	0.8177	0.9776	0.0000	0.0000	0.9776	0.9776	0.9776	0.0000	0.0000	
0.0729	1.8848e+005	0.5278	0.8171	0.9775	0.0000	0.0000	0.9775	0.9775	0.9775	0.0000	0.0000	
0.0739	1.8828e+005	0.5264	0.8162	0.9774	0.0000	0.0000	0.9774	0.9774	0.9774	0.0000	0.0000	
0.0749	1.8807e+005	0.5262	0.8157	0.9772	0.0000	0.0000	0.9772	0.9772	0.9772	0.0000	0.0000	
0.0759	1.8787e+005	0.5261	0.8153	0.9771	0.0000	0.0000	0.9771	0.9771	0.9771	0.0000	0.0000	
0.0769	1.8767e+005	0.5261	0.8149	0.9770	0.0000	0.0000	0.9770	0.9770	0.9770	0.0000	0.0000	
0.0779	1.8746e+005	0.5261	0.8146	0.9769	0.0000	0.0000	0.9769	0.9769	0.9769	0.0000	0.0000	
0.0789	1.8726e+005	0.5222	0.8133	0.9768	0.0000	0.0000	0.9768	0.9768	0.9768	0.0000	0.0000	
0.0799	1.8706e+005	0.5136	0.8107	0.9767	0.0000	0.0000	0.9767	0.9767	0.9767	0.0000	0.0000	
0.0809	1.8686e+005	0.5136	0.8103	0.9765	0.0000	0.0000	0.9765	0.9765	0.9765	0.0000	0.0000	
0.0819	1.8665e+005	0.5136	0.8099	0.9764	0.0000	0.0000	0.9764	0.9764	0.9764	0.0000	0.0000	
0.0829	1.8645e+005	0.5136	0.8095	0.9763	0.0000	0.0000	0.9763	0.9763	0.9763	0.0000	0.0000	
0.0839	1.8625e+005	0.5136	0.8092	0.9761	0.0000	0.0000	0.9761	0.9761	0.9761	0.0000	0.0000	
0.0849	1.8604e+005	0.5136	0.8087	0.9760	0.0000	0.0000	0.9760	0.9760	0.9760	0.0000	0.0000	
0.0859	1.8584e+005	0.5132	0.8082	0.9758	0.0000	0.0000	0.9758	0.9758	0.9758	0.0000	0.0000	
0.0869	1.8564e+005	0.5132	0.8077	0.9757	0.0000	0.0000	0.9757	0.9757	0.9757	0.0000	0.0000	
0.0879	1.8544e+005	0.5105	0.8063	0.9755	0.0000	0.0000	0.9755	0.9755	0.9755	0.0000	0.0000	
0.0889	1.8523e+005	0.5105	0.8057	0.9754	0.0000	0.0000	0.9754	0.9754	0.9754	0.0000	0.0000	
0.0899	1.8503e+005	0.5105	0.8053	0.9752	0.0000	0.0000	0.9752	0.9752	0.9752	0.0000	0.0000	
0.0909	1.8483e+005	0.5080	0.8041	0.9750	0.0000	0.0000	0.9750	0.9750	0.9750	0.0000	0.0000	
0.0919	1.8462e+005	0.5080	0.8037	0.9748	0.0000	0.0000	0.9748	0.9748	0.9748	0.0000	0.0000	
0.0929	1.8442e+005	0.5080	0.8032	0.9746	0.0000	0.0000	0.9746	0.9746	0.9746	0.0000	0.0000	
0.0939	1.8422e+005	0.5079	0.8027	0.9745	0.0000	0.0000	0.9745	0.9745	0.9745	0.0000	0.0000	
0.0949	1.8401e+005	0.5065	0.8015	0.9742	0.0000	0.0000	0.9742	0.9742	0.9742	0.0000	0.0000	
0.0959	1.8381e+005	0.5065	0.8011	0.9740	0.0000	0.0000	0.9740	0.9740	0.9740	0.0000	0.0000	
0.0969	1.8361e+005	0.5065	0.8007	0.9738	0.0000	0.0000	0.9738	0.9738	0.9738	0.0000	0.0000	
0.0979	1.834e+005	0.5063	0.8001	0.9736	0.0000	0.0000	0.9736	0.9736	0.9736	0.0000	0.0000	
0.0989	1.832e+005	0.5049	0.7993	0.9734	0.0000	0.0000	0.9734	0.9734	0.9734	0.0000	0.0000	
0.0999	1.83e+005 	0.5049	0.7989	0.9732	0.0000	0.0000	0.9732	0.9732	0.9732	0.0000	0.0000	
0.1009	1.828e+005	0.5049	0.7984	0.9730	0.0000	0.0000	0.9730	0.9730	0.9730	0.0000	0.0000	
0.1019	1.8259e+005	0.5049	0.7979	0.9728	0.0000	0.0000	0.9728	0.9728	0.9728	0.0000	0.0000	
0.1029	1.8239e+005	0.5049	0.7972	0.9725	0.0000	0.0000	0.9725	0.9725	0.9725	0.0000	0.0000	
0.1039	1.8219e+005	0.5044	0.7965	0.9723	0.0000	0.0000	0.9723	0.9723	0.9723	0.0000	0.0000	
0.1049	1.8198e+005	0.5044	0.7961	0.9721	0.0000	0.0000	0.9721	0.9721	0.9721	0.0000	0.0000	
0.1059	1.8178e+005	0.5044	0.7956	0.9718	0.0000	0.0000	0.9718	0.9718	0.9718	0.0000	0.0000	
0.1069	1.8158e+005	0.5044	0.7951	0.9716	0.0000	0.0000	0.9716	0.9716	0.9716	0.0000	0.0000	
0.1078	1.8138e+005	0.5044	0.7946	0.9713	0.0000	0.0000	0.9713	0.9713	0.9713	0.0000	0.0000	
0.1088	1.8117e+005	0.5040	0.7940	0.9711	0.0000	0.0000	0.9711	0.9711	0.9711	0.0000	0.0000	
0.1098	1.8097e+005	0.5033	0.7930	0.9708	0.0000	0.0000	0.9708	0.9708	0.9708	0.0000	0.0000	
0.1108	1.8077e+005	0.5033	0.7920	0.9705	0.0000	0.0000	0.9705	0.9705	0.9705	0.0000	0.0000	
0.1118	1.8056e+005	0.5031	0.7914	0.9702	0.0000	0.0000	0.9702	0.9702	0.9702	0.0000	0.0000	
0.1128	1.8036e+005	0.5031	0.7908	0.9700	0.0000	0.0000	0.9700	0.9700	0.9700	0.0000	0.0000	
0.1138	1.8016e+005	0.5031	0.7905	0.9697	0.0000	0.0000	0.9697	0.9697	0.9697	0.0000	0.0000	
0.1148	1.7995e+005	0.5027	0.7894	0.9694	0.0000	0.0000	0.9694	0.9694	0.9694	0.0000	0.0000	
0.1158	1.7975e+005	0.5027	0.7890	0.9691	0.0000	0.0000	0.9691	0.9691	0.9691	0.0000	0.0000	
0.1168	1.7955e+005	0.5027	0.7885	0.9689	0.0000	0.0000	0.9689	0.9689	0.9689	0.0000	0.0000	
0.1178	1.7934e+005	0.5027	0.7879	0.9686	0.0000	0.0000	0.9686	0.9686	0.9686	0.0000	0.0000	
0.1188	1.7914e+005	0.5012	0.7862	0.9683	0.0000	0.0000	0.9683	0.9683	0.9683	0.0000	0.0000	
0.1198	1.7894e+005	0.4988	0.7848	0.9680	0.0000	0.0000	0.9680	0.9680	0.9680	0.0000	0.0000	
0.1208	1.7874e+005	0.4988	0.7841	0.9677	0.0000	0.0000	0.9677	0.9677	0.9677	0.0000	0.0000	
0.1218	1.7853e+005	0.4984	0.7836	0.9674	0.0000	0.0000	0.9674	0.9674	0.9674	0.0000	0.0000	
0.1228	1.7833e+005	0.4984	0.7831	0.9671	0.0000	0.0000	0.9671	0.9671	0.9671	0.0000	0.0000	
0.1238	1.7813e+005	0.4984	0.7828	0.9668	0.0000	0.0000	0.9668	0.9668	0.9668	0.0000	0.0000	
0.1248	1.7792e+005	0.4984	0.7824	0.9665	0.0000	0.0000	0.9665	0.9665	0.9665	0.0000	0.0000	
0.1258	1.7772e+005	0.4984	0.7818	0.9662	0.0000	0.0000	0.9662	0.9662	0.9662	0.0000	0.0000	
0.1268	1.7752e+005	0.4984	0.7812	0.9659	0.0000	0.0000	0.9659	0.9659	0.9659	0.0000	0.0000	
0.1278	1.7732e+005	0.4982	0.7807	0.9656	0.0000	0.0000	0.9656	0.9656	0.9656	0.0000	0.0000	
0.1288	1.7711e+005	0.4982	0.7801	0.9653	0.0000	0.0000	0.9653	0.9653	0.9653	0.0000	0.0000	
0.1298	1.7691e+005	0.4909	0.7776	0.9649	0.0000	0.0000	0.9649	0.9649	0.9649	0.0000	0.0000	
0.1308	1.7671e+005	0.4908	0.7771	0.9646	0.0000	0.0000	0.9646	0.9646	0.9646	0.0000	0.0000	
0.1318	1.765e+005	0.4908	0.7766	0.9643	0.0000	0.0000	0.9643	0.9643	0.9643	0.0000	0.0000	
0.1328	1.763e+005	0.4837	0.7742	0.9638	0.0000	0.0000	0.9638	0.9638	0.9638	0.0000	0.0000	
0.1338	1.761e+005	0.4816	0.7727	0.9634	0.0000	0.0000	0.9634	0.9634	0.9634	0.0000	0.0000	
0.1348	1.7589e+005	0.4806	0.7718	0.9630	0.0000	0.0000	0.9630	0.9630	0.9630	0.0000	0.0000	
0.1358	1.7569e+005	0.4803	0.7712	0.9627	0.0000	0.0000	0.9627	0.9627	0.9627	0.0000	0.0000	
0.1368	1.7549e+005	0.4803	0.7706	0.9624	0.0000	0.0000	0.9624	0.9624	0.9624	0.0000	0.0000	
0.1378	1.7528e+005	0.4803	0.7701	0.9620	0.0000	0.0000	0.9620	0.9620	0.9620	0.0000	0.0000	
0.1388	1.7508e+005	0.4803	0.7696	0.9617	0.0000	0.0000	0.9617	0.9617	0.9617	0.0000	0.0000	
0.1398	1.7488e+005	0.4736	0.7673	0.9613	0.0000	0.0000	0.9613	0.9613	0.9613	0.0000	0.0000	
0.1408	1.7468e+005	0.4633	0.7638	0.9606	0.0000	0.0000	0.9606	0.9606	0.9606	0.0000	0.0000	
0.1418	1.7447e+005	0.4633	0.7634	0.9603	0.0000	0.0000	0.9603	0.9603	0.9603	0.0000	0.0000	
0.1428	1.7427e+005	0.4633	0.7628	0.9599	0.0000	0.0000	0.9599	0.9599	0.9599	0.0000	0.0000	
0.1438	1.7407e+005	0.4633	0.7623	0.9596	0.0000	0.0000	0.9596	0.9596	0.9596	0.0000	0.0000	
0.1448	1.7386e+005	0.4591	0.7607	0.9591	0.0000	0.0000	0.9591	0.9591	0.9591	0.0000	0.0000	
0.1458	1.7366e+005	0.4591	0.7602	0.9588	0.0000	0.0000	0.9588	0.9588	0.9588	0.0000	0.0000	
0.1468	1.7346e+005	0.4591	0.7597	0.9584	0.0000	0.0000	0.9584	0.9584	0.9584	0.0000	0.0000	
0.1478	1.7326e+005	0.4591	0.7591	0.9580	0.0000	0.0000	0.9580	0.9580	0.9580	0.0000	0.0000	
0.1488	1.7305e+005	0.4591	0.7585	0.9577	0.0000	0.0000	0.9577	0.9577	0.9577	0.0000	0.0000	
0.1498	1.7285e+005	0.4591	0.7579	0.9573	0.0000	0.0000	0.9573	0.9573	0.9573	0.0000	0.0000	
0.1508	1.7265e+005	0.4591	0.7573	0.9569	0.0000	0.0000	0.9569	0.9569	0.9569	0.0000	0.0000	
0.1518	1.7244e+005	0.4516	0.7546	0.9563	0.0000	0.0000	0.9563	0.9563	0.9563	0.0000	0.0000	
0.1528	1.7224e+005	0.4421	0.7514	0.9554	0.0000	0.0000	0.9554	0.9554	0.9554	0.0000	0.0000	
0.1538	1.7204e+005	0.4419	0.7508	0.9550	0.0000	0.0000	0.9550	0.9550	0.9550	0.0000	0.0000	
0.1548	1.7183e+005	0.4416	0.7502	0.9546	0.0000	0.0000	0.9546	0.9546	0.9546	0.0000	0.0000	
0.1558	1.7163e+005	0.4416	0.7497	0.9542	0.0000	0.0000	0.9542	0.9542	0.9542	0.0000	0.0000	
0.1568	1.7143e+005	0.4416	0.7491	0.9538	0.0000	0.0000	0.9538	0.9538	0.9538	0.0000	0.0000	
0.1578	1.7122e+005	0.4416	0.7486	0.9534	0.0000	0.0000	0.9534	0.9534	0.9534	0.0000	0.0000	
0.1588	1.7102e+005	0.4416	0.7479	0.9530	0.0000	0.0000	0.9530	0.9530	0.9530	0.0000	0.0000	
0.1598	1.7082e+005	0.4416	0.7475	0.9527	0.0000	0.0000	0.9527	0.9527	0.9527	0.0000	0.0000	
0.1608	1.7062e+005	0.4416	0.7470	0.9522	0.0000	0.0000	0.9522	0.9522	0.9522	0.0000	0.0000	
0.1618	1.7041e+005	0.4416	0.7465	0.9518	0.0000	0.0000	0.9518	0.9518	0.9518	0.0000	0.0000	
0.1628	1.7021e+005	0.4416	0.7460	0.9514	0.0000	0.0000	0.9514	0.9514	0.9514	0.0000	0.0000	
0.1638	1.7001e+005	0.4415	0.7455	0.9510	0.0000	0.0000	0.9510	0.9510	0.9510	0.0000	0.0000	
0.1648	1.698e+005	0.4413	0.7449	0.9506	0.0000	0.0000	0.9506	0.9506	0.9506	0.0000	0.0000	
0.1658	1.696e+005	0.4399	0.7439	0.9502	0.0000	0.0000	0.9502	0.9502	0.9502	0.0000	0.0000	
0.1668	1.694e+005	0.4372	0.7427	0.9498	0.0000	0.0000	0.9498	0.9498	0.9498	0.0000	0.0000	
0.1678	1.692e+005	0.4212	0.7384	0.9498	0.0000	0.0000	0.9498	0.9498	0.9498	0.0000	0.0000	
0.1688	1.6899e+005	0.4053	0.7341	0.9498	0.0000	0.0000	0.9498	0.9498	0.9498	0.0000	0.0000	
0.1698	1.6879e+005	0.3894	0.7297	0.9497	0.0000	0.0000	0.9497	0.9497	0.9497	0.0000	0.0000	
0.1708	1.6859e+005	0.3764	0.7260	0.9495	0.0000	0.0000	0.9495	0.9495	0.9495	0.0000	0.0000	
0.1718	1.6838e+005	0.3764	0.7256	0.9495	0.0000	0.0000	0.9495	0.9495	0.9495	0.0000	0.0000	
0.1728	1.6818e+005	0.3764	0.7251	0.9494	0.0000	0.0000	0.9494	0.9494	0.9494	0.0000	0.0000	
0.1738	1.6798e+005	0.3764	0.7246	0.9493	0.0000	0.0000	0.9493	0.9493	0.9493	0.0000	0.0000	
0.1748	1.6777e+005	0.3764	0.7241	0.9490	0.0000	0.0000	0.9490	0.9490	0.9490	0.0000	0.0000	
0.1757	1.6757e+005	0.3764	0.7235	0.9486	0.0000	0.0000	0.9486	0.9486	0.9486	0.0000	0.0000	
0.1767	1.6737e+005	0.3764	0.7231	0.9482	0.0000	0.0000	0.9482	0.9482	0.9482	0.0000	0.0000	
0.1777	1.6716e+005	0.3764	0.7226	0.9478	0.0000	0.0000	0.9478	0.9478	0.9478	0.0000	0.0000	
0.1787	1.6696e+005	0.3764	0.7222	0.9473	0.0000	0.0000	0.9473	0.9473	0.9473	0.0000	0.0000	
0.1797	1.6676e+005	0.3764	0.7217	0.9469	0.0000	0.0000	0.9469	0.9469	0.9469	0.0000	0.0000	
0.1807	1.6656e+005	0.3763	0.7211	0.9465	0.0000	0.0000	0.9465	0.9465	0.9465	0.0000	0.0000	
0.1817	1.6635e+005	0.3763	0.7206	0.9460	0.0000	0.0000	0.9460	0.9460	0.9460	0.0000	0.0000	
0.1827	1.6615e+005	0.3763	0.7201	0.9456	0.0000	0.0000	0.9456	0.9456	0.9456	0.0000	0.0000	
0.1837	1.6595e+005	0.3761	0.7195	0.9451	0.0000	0.0000	0.9451	0.9451	0.9451	0.0000	0.0000	
0.1847	1.6574e+005	0.3757	0.7188	0.9447	0.0000	0.0000	0.9447	0.9447	0.9447	0.0000	0.0000	
0.1857	1.6554e+005	0.3755	0.7181	0.9442	0.0000	0.0000	0.9442	0.9442	0.9442	0.0000	0.0000	
0.1867	1.6534e+005	0.3755	0.7176	0.9437	0.0000	0.0000	0.9437	0.9437	0.9437	0.0000	0.0000	
0.1877	1.6514e+005	0.3755	0.7171	0.9433	0.0000	0.0000	0.9433	0.9433	0.9433	0.0000	0.0000	
0.1887	1.6493e+005	0.3755	0.7166	0.9428	0.0000	0.0000	0.9428	0.9428	0.9428	0.0000	0.0000	
0.1897	1.6473e+005	0.3755	0.7161	0.9424	0.0000	0.0000	0.9424	0.9424	0.9424	0.0000	0.0000	
0.1907	1.6453e+005	0.3755	0.7156	0.9419	0.0000	0.0000	0.9419	0.9419	0.9419	0.0000	0.0000	
0.1917	1.6432e+005	0.3755	0.7150	0.9414	0.0000	0.0000	0.9414	0.9414	0.9414	0.0000	0.0000	
0.1927	1.6412e+005	0.3750	0.7133	0.9410	0.0000	0.0000	0.9410	0.9410	0.9410	0.0000	0.0000	
0.1937	1.6392e+005	0.3750	0.7127	0.9406	0.0000	0.0000	0.9406	0.9406	0.9406	0.0000	0.0000	
0.1947	1.6371e+005	0.3749	0.7122	0.9401	0.0000	0.0000	0.9401	0.9401	0.9401	0.0000	0.0000	
0.1957	1.6351e+005	0.3682	0.7098	0.9396	0.0000	0.0000	0.9396	0.9396	0.9396	0.0000	0.0000	
0.1967	1.6331e+005	0.3682	0.7090	0.9391	0.0000	0.0000	0.9391	0.9391	0.9391	0.0000	0.0000	
0.1977	1.631e+005	0.3677	0.7082	0.9386	0.0000	0.0000	0.9386	0.9386	0.9386	0.0000	0.0000	
0.1987	1.629e+005	0.3672	0.7076	0.9381	0.0000	0.0000	0.9381	0.9381	0.9381	0.0000	0.0000	
0.1997	1.627e+005	0.3668	0.7069	0.9376	0.0000	0.0000	0.9376	0.9376	0.9376	0.0000	0.0000	
0.2007	1.625e+005	0.3668	0.7064	0.9371	0.0000	0.0000	0.9371	0.9371	0.9371	0.0000	0.0000	
0.2017	1.6229e+005	0.3668	0.7059	0.9366	0.0000	0.0000	0.9366	0.9366	0.9366	0.0000	0.0000	
0.2027	1.6209e+005	0.3668	0.7054	0.9362	0.0000	0.0000	0.9362	0.9362	0.9362	0.0000	0.0000	
0.2037	1.6189e+005	0.3668	0.7049	0.9357	0.0000	0.0000	0.9357	0.9357	0.9357	0.0000	0.0000	
0.2047	1.6168e+005	0.3668	0.7044	0.9352	0.0000	0.0000	0.9352	0.9352	0.9352	0.0000	0.0000	
0.2057	1.6148e+005	0.3577	0.7014	0.9344	0.0000	0.0000	0.9344	0.9344	0.9344	0.0000	0.0000	
0.2067	1.6128e+005	0.3492	0.6983	0.9333	0.0000	0.0000	0.9333	0.9333	0.9333	0.0000	0.0000	
0.2077	1.6108e+005	0.3492	0.6977	0.9327	0.0000	0.0000	0.9327	0.9327	0.9327	0.0000	0.0000	
0.2087	1.6087e+005	0.3483	0.6969	0.9322	0.0000	0.0000	0.9322	0.9322	0.9322	0.0000	0.0000	
0.2097	1.6067e+005	0.3473	0.6961	0.9317	0.0000	0.0000	0.9317	0.9317	0.9317	0.0000	0.0000	
0.2107	1.6047e+005	0.3473	0.6955	0.9312	0.0000	0.0000	0.9312	0.9312	0.9312	0.0000	0.0000	
0.2117	1.6026e+005	0.3466	0.6947	0.9307	0.0000	0.0000	0.9307	0.9307	0.9307	0.0000	0.0000	
0.2127	1.6006e+005	0.3466	0.6942	0.9302	0.0000	0.0000	0.9302	0.9302	0.9302	0.0000	0.0000	
0.2137	1.5986e+005	0.3465	0.6936	0.9297	0.0000	0.0000	0.9297	0.9297	0.9297	0.0000	0.0000	
0.2147	1.5965e+005	0.3465	0.6930	0.9291	0.0000	0.0000	0.9291	0.9291	0.9291	0.0000	0.0000	
0.2157	1.5945e+005	0.3465	0.6925	0.9286	0.0000	0.0000	0.9286	0.9286	0.9286	0.0000	0.0000	
0.2167	1.5925e+005	0.3408	0.6905	0.9279	0.0000	0.0000	0.9279	0.9279	0.9279	0.0000	0.0000	
0.2177	1.5904e+005	0.3402	0.6895	0.9274	0.0000	0.0000	0.9274	0.9274	0.9274	0.0000	0.0000	
0.2187	1.5884e+005	0.3402	0.6888	0.9268	0.0000	0.0000	0.9268	0.9268	0.9268	0.0000	0.0000	
0.2197	1.5864e+005	0.3372	0.6872	0.9262	0.0000	0.0000	0.9262	0.9262	0.9262	0.0000	0.0000	
0.2207	1.5844e+005	0.3372	0.6866	0.9257	0.0000	0.0000	0.9257	0.9257	0.9257	0.0000	0.0000	
0.2217	1.5823e+005	0.3372	0.6861	0.9252	0.0000	0.0000	0.9252	0.9252	0.9252	0.0000	0.0000	
0.2227	1.5803e+005	0.3372	0.6855	0.9246	0.0000	0.0000	0.9246	0.9246	0.9246	0.0000	0.0000	
0.2237	1.5783e+005	0.3372	0.6849	0.9240	0.0000	0.0000	0.9240	0.9240	0.9240	0.0000	0.0000	
0.2247	1.5762e+005	0.3372	0.6844	0.9235	0.0000	0.0000	0.9235	0.9235	0.9235	0.0000	0.0000	
0.2257	1.5742e+005	0.3372	0.6839	0.9229	0.0000	0.0000	0.9229	0.9229	0.9229	0.0000	0.0000	
0.2267	1.5722e+005	0.3368	0.6832	0.9224	0.0000	0.0000	0.9224	0.9224	0.9224	0.0000	0.0000	
0.2277	1.5702e+005	0.3368	0.6827	0.9218	0.0000	0.0000	0.9218	0.9218	0.9218	0.0000	0.0000	
0.2287	1.5681e+005	0.3368	0.6822	0.9212	0.0000	0.0000	0.9212	0.9212	0.9212	0.0000	0.0000	
0.2297	1.5661e+005	0.3368	0.6818	0.9206	0.0000	0.0000	0.9206	0.9206	0.9206	0.0000	0.0000	
0.2307	1.5641e+005	0.3368	0.6810	0.9201	0.0000	0.0000	0.9201	0.9201	0.9201	0.0000	0.0000	
0.2317	1.562e+005	0.3368	0.6804	0.9195	0.0000	0.0000	0.9195	0.9195	0.9195	0.0000	0.0000	
0.2327	1.56e+005 	0.3368	0.6799	0.9189	0.0000	0.0000	0.9189	0.9189	0.9189	0.0000	0.0000	
0.2337	1.558e+005	0.3368	0.6794	0.9183	0.0000	0.0000	0.9183	0.9183	0.9183	0.0000	0.0000	
0.2347	1.5559e+005	0.3365	0.6786	0.9177	0.0000	0.0000	0.9177	0.9177	0.9177	0.0000	0.0000	
0.2357	1.5539e+005	0.3361	0.6780	0.9171	0.0000	0.0000	0.9171	0.9171	0.9171	0.0000	0.0000	
0.2367	1.5519e+005	0.3361	0.6774	0.9165	0.0000	0.0000	0.9165	0.9165	0.9165	0.0000	0.0000	
0.2377	1.5498e+005	0.3361	0.6768	0.9159	0.0000	0.0000	0.9159	0.9159	0.9159	0.0000	0.0000	
0.2387	1.5478e+005	0.3361	0.6763	0.9153	0.0000	0.0000	0.9153	0.9153	0.9153	0.0000	0.0000	
0.2397	1.5458e+005	0.3361	0.6757	0.9147	0.0000	0.0000	0.9147	0.9147	0.9147	0.0000	0.0000	
0.2407	1.5438e+005	0.3361	0.6752	0.9141	0.0000	0.0000	0.9141	0.9141	0.9141	0.0000	0.0000	
0.2417	1.5417e+005	0.3360	0.6747	0.9135	0.0000	0.0000	0.9135	0.9135	0.9135	0.0000	0.0000	
0.2427	1.5397e+005	0.3356	0.6739	0.9129	0.0000	0.0000	0.9129	0.9129	0.9129	0.0000	0.0000	
0.2436	1.5377e+005	0.3353	0.6734	0.9123	0.0000	0.0000	0.9123	0.9123	0.9123	0.0000	0.0000	
0.2446	1.5356e+005	0.3353	0.6728	0.9116	0.0000	0.0000	0.9116	0.9116	0.9116	0.0000	0.0000	
0.2456	1.5336e+005	0.3353	0.6720	0.9110	0.0000	0.0000	0.9110	0.9110	0.9110	0.0000	0.0000	
0.2466	1.5316e+005	0.3352	0.6714	0.9104	0.0000	0.0000	0.9104	0.9104	0.9104	0.0000	0.0000	
0.2476	1.5296e+005	0.3351	0.6708	0.9098	0.0000	0.0000	0.9098	0.9098	0.9098	0.0000	0.0000	
0.2486	1.5275e+005	0.3351	0.6703	0.9091	0.0000	0.0000	0.9091	0.9091	0.9091	0.0000	0.0000	
0.2496	1.5255e+005	0.3351	0.6696	0.9085	0.0000	0.0000	0.9085	0.9085	0.9085	0.0000	0.0000	
0.2506	1.5235e+005	0.3349	0.6689	0.9079	0.0000	0.0000	0.9079	0.9079	0.9079	0.0000	0.0000	
0.2516	1.5214e+005	0.3346	0.6684	0.9072	0.0000	0.0000	0.9072	0.9072	0.9072	0.0000	0.0000	
0.2526	1.5194e+005	0.3346	0.6677	0.9066	0.0000	0.0000	0.9066	0.9066	0.9066	0.0000	0.0000	
0.2536	1.5174e+005	0.3346	0.6671	0.9059	0.0000	0.0000	0.9059	0.9059	0.9059	0.0000	0.0000	
0.2546	1.5153e+005	0.3346	0.6666	0.9053	0.0000	0.0000	0.9053	0.9053	0.9053	0.0000	0.0000	
0.2556	1.5133e+005	0.3345	0.6661	0.9046	0.0000	0.0000	0.9046	0.9046	0.9046	0.0000	0.0000	
0.2566	1.5113e+005	0.3345	0.6655	0.9039	0.0000	0.0000	0.9039	0.9039	0.9039	0.0000	0.0000	
0.2576	1.5092e+005	0.3345	0.6649	0.9033	0.0000	0.0000	0.9033	0.9033	0.9033	0.0000	0.0000	
0.2586	1.5072e+005	0.3345	0.6642	0.9026	0.0000	0.0000	0.9026	0.9026	0.9026	0.0000	0.0000	
0.2596	1.5052e+005	0.3345	0.6637	0.9019	0.0000	0.0000	0.9019	0.9019	0.9019	0.0000	0.0000	
0.2606	1.5032e+005	0.3344	0.6631	0.9013	0.0000	0.0000	0.9013	0.9013	0.9013	0.0000	0.0000	
0.2616	1.5011e+005	0.3313	0.6617	0.9006	0.0000	0.0000	0.9006	0.9006	0.9006	0.0000	0.0000	
0.2626	1.4991e+005	0.3307	0.6608	0.8999	0.0000	0.0000	0.8999	0.8999	0.8999	0.0000	0.0000	
0.2636	1.4971e+005	0.3307	0.6602	0.8992	0.0000	0.0000	0.8992	0.8992	0.8992	0.0000	0.0000	
0.2646	1.495e+005	0.3307	0.6596	0.8986	0.0000	0.0000	0.8986	0.8986	0.8986	0.0000	0.0000	
0.2656	1.493e+005	0.3307	0.6590	0.8979	0.0000	0.0000	0.8979	0.8979	0.8979	0.0000	0.0000	
0.2666	1.491e+005	0.3306	0.6585	0.8972	0.0000	0.0000	0.8972	0.8972	0.8972	0.0000	0.0000	
0.2676	1.489e+005	0.3306	0.6578	0.8965	0.0000	0.0000	0.8965	0.8965	0.8965	0.0000	0.0000	
0.2686	1.4869e+005	0.3306	0.6571	0.8958	0.0000	0.0000	0.8958	0.8958	0.8958	0.0000	0.0000	
0.2696	1.4849e+005	0.3306	0.6565	0.8951	0.0000	0.0000	0.8951	0.8951	0.8951	0.0000	0.0000	
0.2706	1.4829e+005	0.3306	0.6559	0.8943	0.0000	0.0000	0.8943	0.8943	0.8943	0.0000	0.0000	
0.2716	1.4808e+005	0.3306	0.6553	0.8936	0.0000	0.0000	0.8936	0.8936	0.8936	0.0000	0.0000	
0.2726	1.4788e+005	0.3306	0.6546	0.8929	0.0000	0.0000	0.8929	0.8929	0.8929	0.0000	0.0000	
0.2736	1.4768e+005	0.3306	0.6538	0.8922	0.0000	0.0000	0.8922	0.8922	0.8922	0.0000	0.0000	
0.2746	1.4747e+005	0.3306	0.6530	0.8915	0.0000	0.0000	0.8915	0.8915	0.8915	0.0000	0.0000	
0.2756	1.4727e+005	0.3306	0.6525	0.8908	0.0000	0.0000	0.8908	0.8908	0.8908	0.0000	0.0000	
0.2766	1.4707e+005	0.3306	0.6519	0.8900	0.0000	0.0000	0.8900	0.8900	0.8900	0.0000	0.0000	
0.2776	1.4686e+005	0.3293	0.6507	0.8893	0.0000	0.0000	0.8893	0.8893	0.8893	0.0000	0.0000	
0.2786	1.4666e+005	0.3293	0.6501	0.8885	0.0000	0.0000	0.8885	0.8885	0.8885	0.0000	0.0000	
0.2796	1.4646e+005	0.3293	0.6494	0.8878	0.0000	0.0000	0.8878	0.8878	0.8878	0.0000	0.0000	
0.2806	1.4626e+005	0.3285	0.6486	0.8871	0.0000	0.0000	0.8871	0.8871	0.8871	0.0000	0.0000	
0.2816	1.4605e+005	0.3285	0.6480	0.8863	0.0000	0.0000	0.8863	0.8863	0.8863	0.0000	0.0000	
0.2826	1.4585e+005	0.3283	0.6473	0.8856	0.0000	0.0000	0.8856	0.8856	0.8856	0.0000	0.0000	
0.2836	1.4565e+005	0.3283	0.6466	0.8848	0.0000	0.0000	0.8848	0.8848	0.8848	0.0000	0.0000	
0.2846	1.4544e+005	0.3276	0.6457	0.8840	0.0000	0.0000	0.8840	0.8840	0.8840	0.0000	0.0000	
0.2856	1.4524e+005	0.3272	0.6449	0.8833	0.0000	0.0000	0.8833	0.8833	0.8833	0.0000	0.0000	
0.2866	1.4504e+005	0.3272	0.6442	0.8825	0.0000	0.0000	0.8825	0.8825	0.8825	0.0000	0.0000	
0.2876	1.4484e+005	0.3262	0.6432	0.8817	0.0000	0.0000	0.8817	0.8817	0.8817	0.0000	0.0000	
0.2886	1.4463e+005	0.3262	0.6424	0.8810	0.0000	0.0000	0.8810	0.8810	0.8810	0.0000	0.0000	
0.2896	1.4443e+005	0.3261	0.6417	0.8802	0.0000	0.0000	0.8802	0.8802	0.8802	0.0000	0.0000	
0.2906	1.4423e+005	0.3122	0.6374	0.8791	0.0000	0.0000	0.8791	0.8791	0.8791	0.0000	0.0000	
0.2916	1.4402e+005	0.3056	0.6351	0.8781	0.0000	0.0000	0.8781	0.8781	0.8781	0.0000	0.0000	
0.2926	1.4382e+005	0.3039	0.6340	0.8773	0.0000	0.0000	0.8773	0.8773	0.8773	0.0000	0.0000	
0.2936	1.4362e+005	0.3039	0.6334	0.8765	0.0000	0.0000	0.8765	0.8765	0.8765	0.0000	0.0000	
0.2946	1.4341e+005	0.3039	0.6326	0.8757	0.0000	0.0000	0.8757	0.8757	0.8757	0.0000	0.0000	
0.2956	1.4321e+005	0.3029	0.6309	0.8748	0.0000	0.0000	0.8748	0.8748	0.8748	0.0000	0.0000	
0.2966	1.4301e+005	0.2992	0.6293	0.8740	0.0000	0.0000	0.8740	0.8740	0.8740	0.0000	0.0000	
0.2976	1.428e+005	0.2987	0.6285	0.8732	0.0000	0.0000	0.8732	0.8732	0.8732	0.0000	0.0000	
0.2986	1.426e+005	0.2987	0.6278	0.8724	0.0000	0.0000	0.8724	0.8724	0.8724	0.0000	0.0000	
0.2996	1.424e+005	0.2982	0.6272	0.8716	0.0000	0.0000	0.8716	0.8716	0.8716	0.0000	0.0000	
0.3006	1.422e+005	0.2982	0.6266	0.8708	0.0000	0.0000	0.8708	0.8708	0.8708	0.0000	0.0000	
0.3016	1.4199e+005	0.2981	0.6259	0.8700	0.0000	0.0000	0.8700	0.8700	0.8700	0.0000	0.0000	
0.3026	1.4179e+005	0.2974	0.6250	0.8692	0.0000	0.0000	0.8692	0.8692	0.8692	0.0000	0.0000	
0.3036	1.4159e+005	0.2974	0.6244	0.8684	0.0000	0.0000	0.8684	0.8684	0.8684	0.0000	0.0000	
0.3046	1.4138e+005	0.2974	0.6237	0.8676	0.0000	0.0000	0.8676	0.8676	0.8676	0.0000	0.0000	
0.3056	1.4118e+005	0.2974	0.6231	0.8668	0.0000	0.0000	0.8668	0.8668	0.8668	0.0000	0.0000	
0.3066	1.4098e+005	0.2974	0.6226	0.8660	0.0000	0.0000	0.8660	0.8660	0.8660	0.0000	0.0000	
0.3076	1.4078e+005	0.2974	0.6220	0.8652	0.0000	0.0000	0.8652	0.8652	0.8652	0.0000	0.0000	
0.3086	1.4057e+005	0.2974	0.6214	0.8644	0.0000	0.0000	0.8644	0.8644	0.8644	0.0000	0.0000	
0.3096	1.4037e+005	0.2974	0.6207	0.8636	0.0000	0.0000	0.8636	0.8636	0.8636	0.0000	0.0000	
0.3105	1.4017e+005	0.2974	0.6201	0.8628	0.0000	0.0000	0.8628	0.8628	0.8628	0.0000	0.0000	
0.3115	1.3996e+005	0.2974	0.6195	0.8619	0.0000	0.0000	0.8619	0.8619	0.8619	0.0000	0.0000	
0.3125	1.3976e+005	0.2974	0.6189	0.8611	0.0000	0.0000	0.8611	0.8611	0.8611	0.0000	0.0000	
0.3135	1.3956e+005	0.2974	0.6184	0.8603	0.0000	0.0000	0.8603	0.8603	0.8603	0.0000	0.0000	
0.3145	1.3935e+005	0.2974	0.6177	0.8595	0.0000	0.0000	0.8595	0.8595	0.8595	0.0000	0.0000	
0.3155	1.3915e+005	0.2974	0.6171	0.8586	0.0000	0.0000	0.8586	0.8586	0.8586	0.0000	0.0000	
0.3165	1.3895e+005	0.2970	0.6165	0.8578	0.0000	0.0000	0.8578	0.8578	0.8578	0.0000	0.0000	
0.3175	1.3874e+005	0.2970	0.6158	0.8569	0.0000	0.0000	0.8569	0.8569	0.8569	0.0000	0.0000	
0.3185	1.3854e+005	0.2969	0.6152	0.8561	0.0000	0.0000	0.8561	0.8561	0.8561	0.0000	0.0000	
0.3195	1.3834e+005	0.2967	0.6146	0.8552	0.0000	0.0000	0.8552	0.8552	0.8552	0.0000	0.0000	
0.3205	1.3814e+005	0.2967	0.6138	0.8544	0.0000	0.0000	0.8544	0.8544	0.8544	0.0000	0.0000	
0.3215	1.3793e+005	0.2967	0.6133	0.8535	0.0000	0.0000	0.8535	0.8535	0.8535	0.0000	0.0000	
0.3225	1.3773e+005	0.2966	0.6125	0.8526	0.0000	0.0000	0.8526	0.8526	0.8526	0.0000	0.0000	
0.3235	1.3753e+005	0.2966	0.6119	0.8518	0.0000	0.0000	0.8518	0.8518	0.8518	0.0000	0.0000	
0.3245	1.3732e+005	0.2966	0.6112	0.8510	0.0000	0.0000	0.8510	0.8510	0.8510	0.0000	0.0000	
0.3255	1.3712e+005	0.2966	0.6105	0.8501	0.0000	0.0000	0.8501	0.8501	0.8501	0.0000	0.0000	
0.3265	1.3692e+005	0.2960	0.6097	0.8493	0.0000	0.0000	0.8493	0.8493	0.8493	0.0000	0.0000	
0.3275	1.3672e+005	0.2960	0.6091	0.8484	0.0000	0.0000	0.8484	0.8484	0.8484	0.0000	0.0000	
0.3285	1.3651e+005	0.2960	0.6084	0.8475	0.0000	0.0000	0.8475	0.8475	0.8475	0.0000	0.0000	
0.3295	1.3631e+005	0.2959	0.6078	0.8468	0.0000	0.0000	0.8468	0.8468	0.8468	0.0000	0.0000	
0.3305	1.3611e+005	0.2957	0.6071	0.8460	0.0000	0.0000	0.8460	0.8460	0.8460	0.0000	0.0000	
0.3315	1.359e+005	0.2950	0.6063	0.8451	0.0000	0.0000	0.8451	0.8451	0.8451	0.0000	0.0000	
0.3325	1.357e+005	0.2944	0.6054	0.8442	0.0000	0.0000	0.8442	0.8442	0.8442	0.0000	0.0000	
0.3335	1.355e+005	0.2941	0.6046	0.8433	0.0000	0.0000	0.8433	0.8433	0.8433	0.0000	0.0000	
0.3345	1.3529e+005	0.2931	0.6036	0.8424	0.0000	0.0000	0.8424	0.8424	0.8424	0.0000	0.0000	
0.3355	1.3509e+005	0.2930	0.6030	0.8415	0.0000	0.0000	0.8415	0.8415	0.8415	0.0000	0.0000	
0.3365	1.3489e+005	0.2925	0.6023	0.8405	0.0000	0.0000	0.8405	0.8405	0.8405	0.0000	0.0000	
0.3375	1.3468e+005	0.2922	0.6015	0.8396	0.0000	0.0000	0.8396	0.8396	0.8396	0.0000	0.0000	
0.3385	1.3448e+005	0.2917	0.6006	0.8387	0.0000	0.0000	0.8387	0.8387	0.8387	0.0000	0.0000	
0.3395	1.3428e+005	0.2917	0.6001	0.8378	0.0000	0.0000	0.8378	0.8378	0.8378	0.0000	0.0000	
0.3405	1.3408e+005	0.2917	0.5994	0.8369	0.0000	0.0000	0.8369	0.8369	0.8369	0.0000	0.0000	
0.3415	1.3387e+005	0.2917	0.5987	0.8360	0.0000	0.0000	0.8360	0.8360	0.8360	0.0000	0.0000	
0.3425	1.3367e+005	0.2911	0.5980	0.8350	0.0000	0.0000	0.8350	0.8350	0.8350	0.0000	0.0000	
0.3435	1.3347e+005	0.2906	0.5971	0.8341	0.0000	0.0000	0.8341	0.8341	0.8341	0.0000	0.0000	
0.3445	1.3326e+005	0.2904	0.5964	0.8332	0.0000	0.0000	0.8332	0.8332	0.8332	0.0000	0.0000	
0.3455	1.3306e+005	0.2904	0.5958	0.8322	0.0000	0.0000	0.8322	0.8322	0.8322	0.0000	0.0000	
0.3465	1.3286e+005	0.2904	0.5951	0.8313	0.0000	0.0000	0.8313	0.8313	0.8313	0.0000	0.0000	
0.3475	1.3266e+005	0.2904	0.5945	0.8304	0.0000	0.0000	0.8304	0.8304	0.8304	0.0000	0.0000	
0.3485	1.3245e+005	0.2902	0.5938	0.8294	0.0000	0.0000	0.8294	0.8294	0.8294	0.0000	0.0000	
0.3495	1.3225e+005	0.2902	0.5933	0.8285	0.0000	0.0000	0.8285	0.8285	0.8285	0.0000	0.0000	
0.3505	1.3205e+005	0.2902	0.5926	0.8275	0.0000	0.0000	0.8275	0.8275	0.8275	0.0000	0.0000	
0.3515	1.3184e+005	0.2902	0.5920	0.8266	0.0000	0.0000	0.8266	0.8266	0.8266	0.0000	0.0000	
0.3525	1.3164e+005	0.2902	0.5914	0.8256	0.0000	0.0000	0.8256	0.8256	0.8256	0.0000	0.0000	
0.3535	1.3144e+005	0.2902	0.5909	0.8247	0.0000	0.0000	0.8247	0.8247	0.8247	0.0000	0.0000	
0.3545	1.3123e+005	0.2902	0.5903	0.8237	0.0000	0.0000	0.8237	0.8237	0.8237	0.0000	0.0000	
0.3555	1.3103e+005	0.2902	0.5895	0.8227	0.0000	0.0000	0.8227	0.8227	0.8227	0.0000	0.0000	
0.3565	1.3083e+005	0.2887	0.5885	0.8217	0.0000	0.0000	0.8217	0.8217	0.8217	0.0000	0.0000	
0.3575	1.3062e+005	0.2855	0.5871	0.8207	0.0000	0.0000	0.8207	0.8207	0.8207	0.0000	0.0000	
0.3585	1.3042e+005	0.2855	0.5864	0.8197	0.0000	0.0000	0.8197	0.8197	0.8197	0.0000	0.0000	
0.3595	1.3022e+005	0.2855	0.5858	0.8187	0.0000	0.0000	0.8187	0.8187	0.8187	0.0000	0.0000	
0.3605	1.3002e+005	0.2838	0.5847	0.8177	0.0000	0.0000	0.8177	0.8177	0.8177	0.0000	0.0000	
0.3615	1.2981e+005	0.2838	0.5841	0.8168	0.0000	0.0000	0.8168	0.8168	0.8168	0.0000	0.0000	
0.3625	1.2961e+005	0.2838	0.5835	0.8158	0.0000	0.0000	0.8158	0.8158	0.8158	0.0000	0.0000	
0.3635	1.2941e+005	0.2838	0.5828	0.8148	0.0000	0.0000	0.8148	0.8148	0.8148	0.0000	0.0000	
0.3645	1.292e+005	0.2838	0.5821	0.8138	0.0000	0.0000	0.8138	0.8138	0.8138	0.0000	0.0000	
0.3655	1.29e+005 	0.2838	0.5815	0.8128	0.0000	0.0000	0.8128	0.8128	0.8128	0.0000	0.0000	
0.3665	1.288e+005	0.2838	0.5809	0.8118	0.0000	0.0000	0.8118	0.8118	0.8118	0.0000	0.0000	
0.3675	1.286e+005	0.2828	0.5800	0.8107	0.0000	0.0000	0.8107	0.8107	0.8107	0.0000	0.0000	
0.3685	1.2839e+005	0.2827	0.5793	0.8097	0.0000	0.0000	0.8097	0.8097	0.8097	0.0000	0.0000	
0.3695	1.2819e+005	0.2827	0.5788	0.8087	0.0000	0.0000	0.8087	0.8087	0.8087	0.0000	0.0000	
0.3705	1.2799e+005	0.2827	0.5781	0.8077	0.0000	0.0000	0.8077	0.8077	0.8077	0.0000	0.0000	
0.3715	1.2778e+005	0.2827	0.5773	0.8067	0.0000	0.0000	0.8067	0.8067	0.8067	0.0000	0.0000	
0.3725	1.2758e+005	0.2827	0.5767	0.8057	0.0000	0.0000	0.8057	0.8057	0.8057	0.0000	0.0000	
0.3735	1.2738e+005	0.2780	0.5748	0.8046	0.0000	0.0000	0.8046	0.8046	0.8046	0.0000	0.0000	
0.3745	1.2717e+005	0.2780	0.5741	0.8035	0.0000	0.0000	0.8035	0.8035	0.8035	0.0000	0.0000	
0.3755	1.2697e+005	0.2763	0.5731	0.8025	0.0000	0.0000	0.8025	0.8025	0.8025	0.0000	0.0000	
0.3765	1.2677e+005	0.2763	0.5721	0.8014	0.0000	0.0000	0.8014	0.8014	0.8014	0.0000	0.0000	
0.3775	1.2656e+005	0.2763	0.5715	0.8004	0.0000	0.0000	0.8004	0.8004	0.8004	0.0000	0.0000	
0.3784	1.2636e+005	0.2763	0.5708	0.7995	0.0000	0.0000	0.7995	0.7995	0.7995	0.0000	0.0000	
0.3794	1.2616e+005	0.2763	0.5702	0.7987	0.0000	0.0000	0.7987	0.7987	0.7987	0.0000	0.0000	
0.3804	1.2596e+005	0.2763	0.5695	0.7978	0.0000	0.0000	0.7978	0.7978	0.7978	0.0000	0.0000	
0.3814	1.2575e+005	0.2763	0.5687	0.7968	0.0000	0.0000	0.7968	0.7968	0.7968	0.0000	0.0000	
0.3824	1.2555e+005	0.2763	0.5680	0.7957	0.0000	0.0000	0.7957	0.7957	0.7957	0.0000	0.0000	
0.3834	1.2535e+005	0.2763	0.5673	0.7947	0.0000	0.0000	0.7947	0.7947	0.7947	0.0000	0.0000	
0.3844	1.2514e+005	0.2763	0.5664	0.7936	0.0000	0.0000	0.7936	0.7936	0.7936	0.0000	0.0000	
0.3854	1.2494e+005	0.2707	0.5643	0.7927	0.0000	0.0000	0.7927	0.7927	0.7927	0.0000	0.0000	
0.3864	1.2474e+005	0.2705	0.5637	0.7917	0.0000	0.0000	0.7917	0.7917	0.7917	0.0000	0.0000	
0.3874	1.2454e+005	0.2705	0.5630	0.7906	0.0000	0.0000	0.7906	0.7906	0.7906	0.0000	0.0000	
0.3884	1.2433e+005	0.2705	0.5622	0.7896	0.0000	0.0000	0.7896	0.7896	0.7896	0.0000	0.0000	
0.3894	1.2413e+005	0.2705	0.5615	0.7885	0.0000	0.0000	0.7885	0.7885	0.7885	0.0000	0.0000	
0.3904	1.2393e+005	0.2701	0.5607	0.7875	0.0000	0.0000	0.7875	0.7875	0.7875	0.0000	0.0000	
0.3914	1.2372e+005	0.2701	0.5600	0.7865	0.0000	0.0000	0.7865	0.7865	0.7865	0.0000	0.0000	
0.3924	1.2352e+005	0.2701	0.5594	0.7854	0.0000	0.0000	0.7854	0.7854	0.7854	0.0000	0.0000	
0.3934	1.2332e+005	0.2701	0.5585	0.7843	0.0000	0.0000	0.7843	0.7843	0.7843	0.0000	0.0000	
0.3944	1.2311e+005	0.2701	0.5579	0.7832	0.0000	0.0000	0.7832	0.7832	0.7832	0.0000	0.0000	
0.3954	1.2291e+005	0.2700	0.5572	0.7822	0.0000	0.0000	0.7822	0.7822	0.7822	0.0000	0.0000	
0.3964	1.2271e+005	0.2700	0.5566	0.7811	0.0000	0.0000	0.7811	0.7811	0.7811	0.0000	0.0000	
0.3974	1.225e+005	0.2700	0.5559	0.7800	0.0000	0.0000	0.7800	0.7800	0.7800	0.0000	0.0000	
0.3984	1.223e+005	0.2700	0.5553	0.7789	0.0000	0.0000	0.7789	0.7789	0.7789	0.0000	0.0000	
0.3994	1.221e+005	0.2699	0.5547	0.7777	0.0000	0.0000	0.7777	0.7777	0.7777	0.0000	0.0000	
0.4004	1.219e+005	0.2699	0.5538	0.7766	0.0000	0.0000	0.7766	0.7766	0.7766	0.0000	0.0000	
0.4014	1.2169e+005	0.2699	0.5531	0.7755	0.0000	0.0000	0.7755	0.7755	0.7755	0.0000	0.0000	
0.4024	1.2149e+005	0.2698	0.5524	0.7744	0.0000	0.0000	0.7744	0.7744	0.7744	0.0000	0.0000	
0.4034	1.2129e+005	0.2698	0.5517	0.7733	0.0000	0.0000	0.7733	0.7733	0.7733	0.0000	0.0000	
0.4044	1.2108e+005	0.2697	0.5509	0.7722	0.0000	0.0000	0.7722	0.7722	0.7722	0.0000	0.0000	
0.4054	1.2088e+005	0.2697	0.5502	0.7711	0.0000	0.0000	0.7711	0.7711	0.7711	0.0000	0.0000	
0.4064	1.2068e+005	0.2696	0.5495	0.7700	0.0000	0.0000	0.7700	0.7700	0.7700	0.0000	0.0000	
0.4074	1.2048e+005	0.2696	0.5488	0.7689	0.0000	0.0000	0.7689	0.7689	0.7689	0.0000	0.0000	
0.4084	1.2027e+005	0.2696	0.5482	0.7677	0.0000	0.0000	0.7677	0.7677	0.7677	0.0000	0.0000	
0.4094	1.2007e+005	0.2696	0.5473	0.7666	0.0000	0.0000	0.7666	0.7666	0.7666	0.0000	0.0000	
0.4104	1.1987e+005	0.2696	0.5467	0.7654	0.0000	0.0000	0.7654	0.7654	0.7654	0.0000	0.0000	
0.4114	1.1966e+005	0.2682	0.5456	0.7643	0.0000	0.0000	0.7643	0.7643	0.7643	0.0000	0.0000	
0.4124	1.1946e+005	0.2682	0.5449	0.7631	0.0000	0.0000	0.7631	0.7631	0.7631	0.0000	0.0000	
0.4134	1.1926e+005	0.2682	0.5443	0.7620	0.0000	0.0000	0.7620	0.7620	0.7620	0.0000	0.0000	
0.4144	1.1905e+005	0.2681	0.5436	0.7608	0.0000	0.0000	0.7608	0.7608	0.7608	0.0000	0.0000	
0.4154	1.1885e+005	0.2604	0.5409	0.7596	0.0000	0.0000	0.7596	0.7596	0.7596	0.0000	0.0000	
0.4164	1.1865e+005	0.2523	0.5377	0.7583	0.0000	0.0000	0.7583	0.7583	0.7583	0.0000	0.0000	
0.4174	1.1844e+005	0.2523	0.5370	0.7571	0.0000	0.0000	0.7571	0.7571	0.7571	0.0000	0.0000	
0.4184	1.1824e+005	0.2523	0.5362	0.7559	0.0000	0.0000	0.7559	0.7559	0.7559	0.0000	0.0000	
0.4194	1.1804e+005	0.2517	0.5353	0.7548	0.0000	0.0000	0.7548	0.7548	0.7548	0.0000	0.0000	
0.4204	1.1784e+005	0.2517	0.5347	0.7536	0.0000	0.0000	0.7536	0.7536	0.7536	0.0000	0.0000	
0.4214	1.1763e+005	0.2517	0.5340	0.7524	0.0000	0.0000	0.7524	0.7524	0.7524	0.0000	0.0000	
0.4224	1.1743e+005	0.2517	0.5332	0.7512	0.0000	0.0000	0.7512	0.7512	0.7512	0.0000	0.0000	
0.4234	1.1723e+005	0.2517	0.5324	0.7500	0.0000	0.0000	0.7500	0.7500	0.7500	0.0000	0.0000	
0.4244	1.1702e+005	0.2517	0.5317	0.7488	0.0000	0.0000	0.7488	0.7488	0.7488	0.0000	0.0000	
0.4254	1.1682e+005	0.2517	0.5311	0.7476	0.0000	0.0000	0.7476	0.7476	0.7476	0.0000	0.0000	
0.4264	1.1662e+005	0.2517	0.5304	0.7464	0.0000	0.0000	0.7464	0.7464	0.7464	0.0000	0.0000	
0.4274	1.1642e+005	0.2517	0.5297	0.7452	0.0000	0.0000	0.7452	0.7452	0.7452	0.0000	0.0000	
0.4284	1.1621e+005	0.2517	0.5289	0.7440	0.0000	0.0000	0.7440	0.7440	0.7440	0.0000	0.0000	
0.4294	1.1601e+005	0.2516	0.5282	0.7428	0.0000	0.0000	0.7428	0.7428	0.7428	0.0000	0.0000	
0.4304	1.1581e+005	0.2516	0.5275	0.7416	0.0000	0.0000	0.7416	0.7416	0.7416	0.0000	0.0000	
0.4314	1.156e+005	0.2516	0.5268	0.7404	0.0000	0.0000	0.7404	0.7404	0.7404	0.0000	0.0000	
0.4324	1.154e+005	0.2516	0.5261	0.7391	0.0000	0.0000	0.7391	0.7391	0.7391	0.0000	0.0000	
0.4334	1.152e+005	0.2516	0.5255	0.7379	0.0000	0.0000	0.7379	0.7379	0.7379	0.0000	0.0000	
0.4344	1.1499e+005	0.2516	0.5248	0.7367	0.0000	0.0000	0.7367	0.7367	0.7367	0.0000	0.0000	
0.4354	1.1479e+005	0.2516	0.5240	0.7355	0.0000	0.0000	0.7355	0.7355	0.7355	0.0000	0.0000	
0.4364	1.1459e+005	0.2516	0.5233	0.7342	0.0000	0.0000	0.7342	0.7342	0.7342	0.0000	0.0000	
0.4374	1.1438e+005	0.2513	0.5224	0.7330	0.0000	0.0000	0.7330	0.7330	0.7330	0.0000	0.0000	
0.4384	1.1418e+005	0.2484	0.5209	0.7317	0.0000	0.0000	0.7317	0.7317	0.7317	0.0000	0.0000	
0.4394	1.1398e+005	0.2484	0.5202	0.7305	0.0000	0.0000	0.7305	0.7305	0.7305	0.0000	0.0000	
0.4404	1.1378e+005	0.2484	0.5195	0.7292	0.0000	0.0000	0.7292	0.7292	0.7292	0.0000	0.0000	
0.4414	1.1357e+005	0.2483	0.5188	0.7280	0.0000	0.0000	0.7280	0.7280	0.7280	0.0000	0.0000	
0.4424	1.1337e+005	0.2483	0.5181	0.7267	0.0000	0.0000	0.7267	0.7267	0.7267	0.0000	0.0000	
0.4434	1.1317e+005	0.2483	0.5173	0.7254	0.0000	0.0000	0.7254	0.7254	0.7254	0.0000	0.0000	
0.4444	1.1296e+005	0.2483	0.5166	0.7241	0.0000	0.0000	0.7241	0.7241	0.7241	0.0000	0.0000	
0.4453	1.1276e+005	0.2483	0.5159	0.7229	0.0000	0.0000	0.7229	0.7229	0.7229	0.0000	0.0000	
0.4463	1.1256e+005	0.2483	0.5152	0.7216	0.0000	0.0000	0.7216	0.7216	0.7216	0.0000	0.0000	
0.4473	1.1236e+005	0.2483	0.5146	0.7203	0.0000	0.0000	0.7203	0.7203	0.7203	0.0000	0.0000	
0.4483	1.1215e+005	0.2483	0.5137	0.7190	0.0000	0.0000	0.7190	0.7190	0.7190	0.0000	0.0000	
0.4493	1.1195e+005	0.2483	0.5130	0.7177	0.0000	0.0000	0.7177	0.7177	0.7177	0.0000	0.0000	
0.4503	1.1175e+005	0.2483	0.5122	0.7164	0.0000	0.0000	0.7164	0.7164	0.7164	0.0000	0.0000	
0.4513	1.1154e+005	0.2483	0.5114	0.7151	0.0000	0.0000	0.7151	0.7151	0.7151	0.0000	0.0000	
0.4523	1.1134e+005	0.2483	0.5107	0.7137	0.0000	0.0000	0.7137	0.7137	0.7137	0.0000	0.0000	
0.4533	1.1114e+005	0.2483	0.5101	0.7124	0.0000	0.0000	0.7124	0.7124	0.7124	0.0000	0.0000	
0.4543	1.1093e+005	0.2483	0.5095	0.7116	0.0000	0.0000	0.7116	0.7116	0.7116	0.0000	0.0000	
0.4553	1.1073e+005	0.2439	0.5077	0.7103	0.0000	0.0000	0.7103	0.7103	0.7103	0.0000	0.0000	
0.4563	1.1053e+005	0.2429	0.5067	0.7091	0.0000	0.0000	0.7091	0.7091	0.7091	0.0000	0.0000	
0.4573	1.1032e+005	0.2429	0.5060	0.7079	0.0000	0.0000	0.7079	0.7079	0.7079	0.0000	0.0000	
0.4583	1.1012e+005	0.2429	0.5054	0.7066	0.0000	0.0000	0.7066	0.7066	0.7066	0.0000	0.0000	
0.4593	1.0992e+005	0.2429	0.5047	0.7052	0.0000	0.0000	0.7052	0.7052	0.7052	0.0000	0.0000	
0.4603	1.0972e+005	0.2330	0.5013	0.7036	0.0000	0.0000	0.7036	0.7036	0.7036	0.0000	0.0000	
0.4613	1.0951e+005	0.2297	0.4996	0.7021	0.0000	0.0000	0.7021	0.7021	0.7021	0.0000	0.0000	
0.4623	1.0931e+005	0.2297	0.4987	0.7008	0.0000	0.0000	0.7008	0.7008	0.7008	0.0000	0.0000	
0.4633	1.0911e+005	0.2297	0.4979	0.6994	0.0000	0.0000	0.6994	0.6994	0.6994	0.0000	0.0000	
0.4643	1.089e+005	0.2297	0.4971	0.6981	0.0000	0.0000	0.6981	0.6981	0.6981	0.0000	0.0000	
0.4653	1.087e+005	0.2297	0.4963	0.6968	0.0000	0.0000	0.6968	0.6968	0.6968	0.0000	0.0000	
0.4663	1.085e+005	0.2297	0.4956	0.6954	0.0000	0.0000	0.6954	0.6954	0.6954	0.0000	0.0000	
0.4673	1.083e+005	0.2297	0.4948	0.6941	0.0000	0.0000	0.6941	0.6941	0.6941	0.0000	0.0000	
0.4683	1.0809e+005	0.2294	0.4940	0.6928	0.0000	0.0000	0.6928	0.6928	0.6928	0.0000	0.0000	
0.4693	1.0789e+005	0.2291	0.4932	0.6916	0.0000	0.0000	0.6916	0.6916	0.6916	0.0000	0.0000	
0.4703	1.0769e+005	0.2286	0.4923	0.6902	0.0000	0.0000	0.6902	0.6902	0.6902	0.0000	0.0000	
0.4713	1.0748e+005	0.2286	0.4914	0.6888	0.0000	0.0000	0.6888	0.6888	0.6888	0.0000	0.0000	
0.4723	1.0728e+005	0.2286	0.4908	0.6875	0.0000	0.0000	0.6875	0.6875	0.6875	0.0000	0.0000	
0.4733	1.0708e+005	0.2286	0.4899	0.6861	0.0000	0.0000	0.6861	0.6861	0.6861	0.0000	0.0000	
0.4743	1.0687e+005	0.2275	0.4888	0.6847	0.0000	0.0000	0.6847	0.6847	0.6847	0.0000	0.0000	
0.4753	1.0667e+005	0.2251	0.4874	0.6833	0.0000	0.0000	0.6833	0.6833	0.6833	0.0000	0.0000	
0.4763	1.0647e+005	0.2251	0.4867	0.6819	0.0000	0.0000	0.6819	0.6819	0.6819	0.0000	0.0000	
0.4773	1.0626e+005	0.2251	0.4859	0.6805	0.0000	0.0000	0.6805	0.6805	0.6805	0.0000	0.0000	
0.4783	1.0606e+005	0.2251	0.4851	0.6792	0.0000	0.0000	0.6792	0.6792	0.6792	0.0000	0.0000	
0.4793	1.0586e+005	0.2251	0.4843	0.6777	0.0000	0.0000	0.6777	0.6777	0.6777	0.0000	0.0000	
0.4803	1.0566e+005	0.2251	0.4837	0.6763	0.0000	0.0000	0.6763	0.6763	0.6763	0.0000	0.0000	
0.4813	1.0545e+005	0.2251	0.4828	0.6749	0.0000	0.0000	0.6749	0.6749	0.6749	0.0000	0.0000	
0.4823	1.0525e+005	0.2251	0.4821	0.6735	0.0000	0.0000	0.6735	0.6735	0.6735	0.0000	0.0000	
0.4833	1.0505e+005	0.2251	0.4814	0.6721	0.0000	0.0000	0.6721	0.6721	0.6721	0.0000	0.0000	
0.4843	1.0484e+005	0.2251	0.4806	0.6707	0.0000	0.0000	0.6707	0.6707	0.6707	0.0000	0.0000	
0.4853	1.0464e+005	0.2251	0.4800	0.6692	0.0000	0.0000	0.6692	0.6692	0.6692	0.0000	0.0000	
0.4863	1.0444e+005	0.2251	0.4789	0.6678	0.0000	0.0000	0.6678	0.6678	0.6678	0.0000	0.0000	
0.4873	1.0424e+005	0.2249	0.4782	0.6664	0.0000	0.0000	0.6664	0.6664	0.6664	0.0000	0.0000	
0.4883	1.0403e+005	0.2249	0.4774	0.6650	0.0000	0.0000	0.6650	0.6650	0.6650	0.0000	0.0000	
0.4893	1.0383e+005	0.2249	0.4767	0.6635	0.0000	0.0000	0.6635	0.6635	0.6635	0.0000	0.0000	
0.4903	1.0363e+005	0.2249	0.4760	0.6622	0.0000	0.0000	0.6622	0.6622	0.6622	0.0000	0.0000	
0.4913	1.0342e+005	0.2241	0.4750	0.6607	0.0000	0.0000	0.6607	0.6607	0.6607	0.0000	0.0000	
0.4923	1.0322e+005	0.2241	0.4743	0.6594	0.0000	0.0000	0.6594	0.6594	0.6594	0.0000	0.0000	
0.4933	1.0302e+005	0.2241	0.4736	0.6579	0.0000	0.0000	0.6579	0.6579	0.6579	0.0000	0.0000	
0.4943	1.0281e+005	0.2241	0.4729	0.6564	0.0000	0.0000	0.6564	0.6564	0.6564	0.0000	0.0000	
0.4953	1.0261e+005	0.2235	0.4719	0.6549	0.0000	0.0000	0.6549	0.6549	0.6549	0.0000	0.0000	
0.4963	1.0241e+005	0.2234	0.4710	0.6535	0.0000	0.0000	0.6535	0.6535	0.6535	0.0000	0.0000	
0.4973	1.022e+005	0.2234	0.4703	0.6520	0.0000	0.0000	0.6520	0.6520	0.6520	0.0000	0.0000	
0.4983	1.02e+005 	0.2231	0.4696	0.6505	0.0000	0.0000	0.6505	0.6505	0.6505	0.0000	0.0000	
0.4993	1.018e+005	0.2231	0.4688	0.6491	0.0000	0.0000	0.6491	0.6491	0.6491	0.0000	0.0000	
0.5003	1.016e+005	0.2231	0.4681	0.6476	0.0000	0.0000	0.6476	0.6476	0.6476	0.0000	0.0000	
0.5013	1.0139e+005	0.2228	0.4672	0.6461	0.0000	0.0000	0.6461	0.6461	0.6461	0.0000	0.0000	
0.5023	1.0119e+005	0.2228	0.4664	0.6446	0.0000	0.0000	0.6446	0.6446	0.6446	0.0000	0.0000	
0.5033	1.0099e+005	0.2220	0.4654	0.6430	0.0000	0.0000	0.6430	0.6430	0.6430	0.0000	0.0000	
0.5043	1.0078e+005	0.2220	0.4647	0.6417	0.0000	0.0000	0.6417	0.6417	0.6417	0.0000	0.0000	
0.5053	1.0058e+005	0.2220	0.4640	0.6402	0.0000	0.0000	0.6402	0.6402	0.6402	0.0000	0.0000	
0.5063	1.0038e+005	0.2220	0.4632	0.6387	0.0000	0.0000	0.6387	0.6387	0.6387	0.0000	0.0000	
0.5073	1.0018e+005	0.2215	0.4623	0.6372	0.0000	0.0000	0.6372	0.6372	0.6372	0.0000	0.0000	
0.5083	99972     	0.2215	0.4614	0.6356	0.0000	0.0000	0.6356	0.6356	0.6356	0.0000	0.0000	
0.5093	99769     	0.2208	0.4604	0.6341	0.0000	0.0000	0.6341	0.6341	0.6341	0.0000	0.0000	
0.5103	99566     	0.2208	0.4597	0.6325	0.0000	0.0000	0.6325	0.6325	0.6325	0.0000	0.0000	
0.5113	99363     	0.2207	0.4588	0.6310	0.0000	0.0000	0.6310	0.6310	0.6310	0.0000	0.0000	
0.5123	99160     	0.2206	0.4580	0.6294	0.0000	0.0000	0.6294	0.6294	0.6294	0.0000	0.0000	
0.5132	98957     	0.2206	0.4572	0.6279	0.0000	0.0000	0.6279	0.6279	0.6279	0.0000	0.0000	
0.5142	98754     	0.2206	0.4565	0.6263	0.0000	0.0000	0.6263	0.6263	0.6263	0.0000	0.0000	
0.5152	98551     	0.2201	0.4555	0.6247	0.0000	0.0000	0.6247	0.6247	0.6247	0.0000	0.0000	
0.5162	98348     	0.2201	0.4547	0.6232	0.0000	0.0000	0.6232	0.6232	0.6232	0.0000	0.0000	
0.5172	98145     	0.2201	0.4540	0.6216	0.0000	0.0000	0.6216	0.6216	0.6216	0.0000	0.0000	
0.5182	97942     	0.2187	0.4526	0.6200	0.0000	0.0000	0.6200	0.6200	0.6200	0.0000	0.0000	
0.5192	97739     	0.2187	0.4517	0.6184	0.0000	0.0000	0.6184	0.6184	0.6184	0.0000	0.0000	
0.5202	97536     	0.2187	0.4510	0.6168	0.0000	0.0000	0.6168	0.6168	0.6168	0.0000	0.0000	
0.5212	97333     	0.2152	0.4492	0.6152	0.0000	0.0000	0.6152	0.6152	0.6152	0.0000	0.0000	
0.5222	97130     	0.2145	0.4480	0.6136	0.0000	0.0000	0.6136	0.6136	0.6136	0.0000	0.0000	
0.5232	96927     	0.2145	0.4473	0.6120	0.0000	0.0000	0.6120	0.6120	0.6120	0.0000	0.0000	
0.5242	96724     	0.2145	0.4465	0.6104	0.0000	0.0000	0.6104	0.6104	0.6104	0.0000	0.0000	
0.5252	96521     	0.2145	0.4456	0.6088	0.0000	0.0000	0.6088	0.6088	0.6088	0.0000	0.0000	
0.5262	96318     	0.2145	0.4448	0.6072	0.0000	0.0000	0.6072	0.6072	0.6072	0.0000	0.0000	
0.5272	96115     	0.2145	0.4439	0.6056	0.0000	0.0000	0.6056	0.6056	0.6056	0.0000	0.0000	
0.5282	95912     	0.2145	0.4430	0.6039	0.0000	0.0000	0.6039	0.6039	0.6039	0.0000	0.0000	
0.5292	95709     	0.2143	0.4421	0.6023	0.0000	0.0000	0.6023	0.6023	0.6023	0.0000	0.0000	
0.5302	95506     	0.2135	0.4410	0.6006	0.0000	0.0000	0.6006	0.6006	0.6006	0.0000	0.0000	
0.5312	95303     	0.2134	0.4400	0.5990	0.0000	0.0000	0.5990	0.5990	0.5990	0.0000	0.0000	
0.5322	95100     	0.2133	0.4392	0.5973	0.0000	0.0000	0.5973	0.5973	0.5973	0.0000	0.0000	
0.5332	94897     	0.2133	0.4383	0.5957	0.0000	0.0000	0.5957	0.5957	0.5957	0.0000	0.0000	
0.5342	94694     	0.2133	0.4375	0.5940	0.0000	0.0000	0.5940	0.5940	0.5940	0.0000	0.0000	
0.5352	94491     	0.2133	0.4366	0.5924	0.0000	0.0000	0.5924	0.5924	0.5924	0.0000	0.0000	
0.5362	94288     	0.2133	0.4357	0.5907	0.0000	0.0000	0.5907	0.5907	0.5907	0.0000	0.0000	
0.5372	94085     	0.2132	0.4349	0.5890	0.0000	0.0000	0.5890	0.5890	0.5890	0.0000	0.0000	
0.5382	93882     	0.2129	0.4340	0.5873	0.0000	0.0000	0.5873	0.5873	0.5873	0.0000	0.0000	
0.5392	93679     	0.2129	0.4332	0.5856	0.0000	0.0000	0.5856	0.5856	0.5856	0.0000	0.0000	
0.5402	93476     	0.2129	0.4323	0.5839	0.0000	0.0000	0.5839	0.5839	0.5839	0.0000	0.0000	
0.5412	93273     	0.2127	0.4314	0.5822	0.0000	0.0000	0.5822	0.5822	0.5822	0.0000	0.0000	
0.5422	93070     	0.2127	0.4307	0.5805	0.0000	0.0000	0.5805	0.5805	0.5805	0.0000	0.0000	
0.5432	92867     	0.2126	0.4297	0.5787	0.0000	0.0000	0.5787	0.5787	0.5787	0.0000	0.0000	
0.5442	92664     	0.2121	0.4287	0.5770	0.0000	0.0000	0.5770	0.5770	0.5770	0.0000	0.0000	
0.5452	92461     	0.2066	0.4264	0.5751	0.0000	0.0000	0.5751	0.5751	0.5751	0.0000	0.0000	
0.5462	92258     	0.2051	0.4251	0.5733	0.0000	0.0000	0.5733	0.5733	0.5733	0.0000	0.0000	
0.5472	92055     	0.2050	0.4243	0.5716	0.0000	0.0000	0.5716	0.5716	0.5716	0.0000	0.0000	
0.5482	91852     	0.2050	0.4233	0.5698	0.0000	0.0000	0.5698	0.5698	0.5698	0.0000	0.0000	
0.5492	91649     	0.2050	0.4224	0.5682	0.0000	0.0000	0.5682	0.5682	0.5682	0.0000	0.0000	
0.5502	91446     	0.2050	0.4216	0.5664	0.0000	0.0000	0.5664	0.5664	0.5664	0.0000	0.0000	
0.5512	91243     	0.2050	0.4205	0.5648	0.0000	0.0000	0.5648	0.5648	0.5648	0.0000	0.0000	
0.5522	91040     	0.2032	0.4191	0.5629	0.0000	0.0000	0.5629	0.5629	0.5629	0.0000	0.0000	
0.5532	90837     	0.2008	0.4176	0.5611	0.0000	0.0000	0.5611	0.5611	0.5611	0.0000	0.0000	
0.5542	90634     	0.1981	0.4161	0.5592	0.0000	0.0000	0.5592	0.5592	0.5592	0.0000	0.0000	
0.5552	90431     	0.1981	0.4149	0.5574	0.0000	0.0000	0.5574	0.5574	0.5574	0.0000	0.0000	
0.5562	90228     	0.1981	0.4142	0.5557	0.0000	0.0000	0.5557	0.5557	0.5557	0.0000	0.0000	
0.5572	90025     	0.1981	0.4133	0.5539	0.0000	0.0000	0.5539	0.5539	0.5539	0.0000	0.0000	
0.5582	89822     	0.1981	0.4125	0.5521	0.0000	0.0000	0.5521	0.5521	0.5521	0.0000	0.0000	
0.5592	89619     	0.1980	0.4116	0.5503	0.0000	0.0000	0.5503	0.5503	0.5503	0.0000	0.0000	
0.5602	89416     	0.1954	0.4101	0.5485	0.0000	0.0000	0.5485	0.5485	0.5485	0.0000	0.0000	
0.5612	89213     	0.1954	0.4092	0.5467	0.0000	0.0000	0.5467	0.5467	0.5467	0.0000	0.0000	
0.5622	89010     	0.1954	0.4083	0.5448	0.0000	0.0000	0.5448	0.5448	0.5448	0.0000	0.0000	
0.5632	88807     	0.1954	0.4074	0.5432	0.0000	0.0000	0.5432	0.5432	0.5432	0.0000	0.0000	
0.5642	88604     	0.1954	0.4065	0.5413	0.0000	0.0000	0.5413	0.5413	0.5413	0.0000	0.0000	
0.5652	88401     	0.1954	0.4056	0.5395	0.0000	0.0000	0.5395	0.5395	0.5395	0.0000	0.0000	
0.5662	88198     	0.1954	0.4047	0.5376	0.0000	0.0000	0.5376	0.5376	0.5376	0.0000	0.0000	
0.5672	87995     	0.1954	0.4037	0.5358	0.0000	0.0000	0.5358	0.5358	0.5358	0.0000	0.0000	
0.5682	87792     	0.1948	0.4026	0.5339	0.0000	0.0000	0.5339	0.5339	0.5339	0.0000	0.0000	
0.5692	87589     	0.1807	0.3982	0.5323	0.0000	0.0000	0.5323	0.5323	0.5323	0.0000	0.0000	
0.5702	87386     	0.1724	0.3953	0.5305	0.0000	0.0000	0.5305	0.5305	0.5305	0.0000	0.0000	
0.5712	87183     	0.1724	0.3945	0.5286	0.0000	0.0000	0.5286	0.5286	0.5286	0.0000	0.0000	
0.5722	86980     	0.1723	0.3935	0.5267	0.0000	0.0000	0.5267	0.5267	0.5267	0.0000	0.0000	
0.5732	86777     	0.1723	0.3926	0.5248	0.0000	0.0000	0.5248	0.5248	0.5248	0.0000	0.0000	
0.5742	86574     	0.1720	0.3916	0.5230	0.0000	0.0000	0.5230	0.5230	0.5230	0.0000	0.0000	
0.5752	86371     	0.1720	0.3908	0.5211	0.0000	0.0000	0.5211	0.5211	0.5211	0.0000	0.0000	
0.5762	86168     	0.1716	0.3897	0.5191	0.0000	0.0000	0.5191	0.5191	0.5191	0.0000	0.0000	
0.5772	85965     	0.1716	0.3889	0.5173	0.0000	0.0000	0.5173	0.5173	0.5173	0.0000	0.0000	
0.5782	85762     	0.1716	0.3882	0.5153	0.0000	0.0000	0.5153	0.5153	0.5153	0.0000	0.0000	
0.5792	85559     	0.1715	0.3871	0.5135	0.0000	0.0000	0.5135	0.5135	0.5135	0.0000	0.0000	
0.5801	85356     	0.1715	0.3862	0.5117	0.0000	0.0000	0.5117	0.5117	0.5117	0.0000	0.0000	
0.5811	85153     	0.1715	0.3853	0.5098	0.0000	0.0000	0.5098	0.5098	0.5098	0.0000	0.0000	
0.5821	84950     	0.1715	0.3843	0.5081	0.0000	0.0000	0.5081	0.5081	0.5081	0.0000	0.0000	
0.5831	84747     	0.1715	0.3834	0.5062	0.0000	0.0000	0.5062	0.5062	0.5062	0.0000	0.0000	
0.5841	84544     	0.1704	0.3822	0.5042	0.0000	0.0000	0.5042	0.5042	0.5042	0.0000	0.0000	
0.5851	84341     	0.1704	0.3814	0.5022	0.0000	0.0000	0.5022	0.5022	0.5022	0.0000	0.0000	
0.5861	84138     	0.1703	0.3804	0.5002	0.0000	0.0000	0.5002	0.5002	0.5002	0.0000	0.0000	
0.5871	83935     	0.1696	0.3794	0.4983	0.0000	0.0000	0.4983	0.4983	0.4983	0.0000	0.0000	
0.5881	83732     	0.1695	0.3785	0.4963	0.0000	0.0000	0.4963	0.4963	0.4963	0.0000	0.0000	
0.5891	83529     	0.1695	0.3775	0.4943	0.0000	0.0000	0.4943	0.4943	0.4943	0.0000	0.0000	
0.5901	83326     	0.1694	0.3765	0.4923	0.0000	0.0000	0.4923	0.4923	0.4923	0.0000	0.0000	
0.5911	83123     	0.1694	0.3756	0.4904	0.0000	0.0000	0.4904	0.4904	0.4904	0.0000	0.0000	
0.5921	82920     	0.1686	0.3744	0.4884	0.0000	0.0000	0.4884	0.4884	0.4884	0.0000	0.0000	
0.5931	82717     	0.1686	0.3734	0.4864	0.0000	0.0000	0.4864	0.4864	0.4864	0.0000	0.0000	
0.5941	82514     	0.1685	0.3725	0.4844	0.0000	0.0000	0.4844	0.4844	0.4844	0.0000	0.0000	
0.5951	82311     	0.1685	0.3716	0.4824	0.0000	0.0000	0.4824	0.4824	0.4824	0.0000	0.0000	
0.5961	82108     	0.1685	0.3708	0.4803	0.0000	0.0000	0.4803	0.4803	0.4803	0.0000	0.0000	
0.5971	81905     	0.1685	0.3699	0.4783	0.0000	0.0000	0.4783	0.4783	0.4783	0.0000	0.0000	
0.5981	81702     	0.1684	0.3690	0.4762	0.0000	0.0000	0.4762	0.4762	0.4762	0.0000	0.0000	
0.5991	81499     	0.1668	0.3675	0.4742	0.0000	0.0000	0.4742	0.4742	0.4742	0.0000	0.0000	
0.6001	81296     	0.1668	0.3665	0.4721	0.0000	0.0000	0.4721	0.4721	0.4721	0.0000	0.0000	
0.6011	81093     	0.1667	0.3655	0.4700	0.0000	0.0000	0.4700	0.4700	0.4700	0.0000	0.0000	
0.6021	80890     	0.1667	0.3646	0.4680	0.0000	0.0000	0.4680	0.4680	0.4680	0.0000	0.0000	
0.6031	80687     	0.1663	0.3632	0.4659	0.0000	0.0000	0.4659	0.4659	0.4659	0.0000	0.0000	
0.6041	80484     	0.1661	0.3622	0.4638	0.0000	0.0000	0.4638	0.4638	0.4638	0.0000	0.0000	
0.6051	80281     	0.1661	0.3613	0.4617	0.0000	0.0000	0.4617	0.4617	0.4617	0.0000	0.0000	
0.6061	80078     	0.1661	0.3603	0.4595	0.0000	0.0000	0.4595	0.4595	0.4595	0.0000	0.0000	
0.6071	79875     	0.1661	0.3594	0.4574	0.0000	0.0000	0.4574	0.4574	0.4574	0.0000	0.0000	
0.6081	79672     	0.1661	0.3585	0.4553	0.0000	0.0000	0.4553	0.4553	0.4553	0.0000	0.0000	
0.6091	79469     	0.1655	0.3574	0.4532	0.0000	0.0000	0.4532	0.4532	0.4532	0.0000	0.0000	
0.6101	79266     	0.1653	0.3564	0.4510	0.0000	0.0000	0.4510	0.4510	0.4510	0.0000	0.0000	
0.6111	79063     	0.1653	0.3554	0.4488	0.0000	0.0000	0.4488	0.4488	0.4488	0.0000	0.0000	
0.6121	78860     	0.1653	0.3545	0.4467	0.0000	0.0000	0.4467	0.4467	0.4467	0.0000	0.0000	
0.6131	78657     	0.1639	0.3532	0.4444	0.0000	0.0000	0.4444	0.4444	0.4444	0.0000	0.0000	
0.6141	78454     	0.1639	0.3526	0.4436	0.0000	0.0000	0.4436	0.4436	0.4436	0.0000	0.0000	
0.6151	78251     	0.1638	0.3522	0.4431	0.0000	0.0000	0.4431	0.4431	0.4431	0.0000	0.0000	
0.6161	78048     	0.1638	0.3517	0.4426	0.0000	0.0000	0.4426	0.4426	0.4426	0.0000	0.0000	
0.6171	77845     	0.1638	0.3513	0.4421	0.0000	0.0000	0.4421	0.4421	0.4421	0.0000	0.0000	
0.6181	77642     	0.1638	0.3509	0.4416	0.0000	0.0000	0.4416	0.4416	0.4416	0.0000	0.0000	
0.6191	77439     	0.1638	0.3504	0.4409	0.0000	0.0000	0.4409	0.4409	0.4409	0.0000	0.0000	
0.6201	77236     	0.1638	0.3499	0.4404	0.0000	0.0000	0.4404	0.4404	0.4404	0.0000	0.0000	
0.6211	77033     	0.1638	0.3494	0.4398	0.0000	0.0000	0.4398	0.4398	0.4398	0.0000	0.0000	
0.6221	76830     	0.1638	0.3490	0.4392	0.0000	0.0000	0.4392	0.4392	0.4392	0.0000	0.0000	
0.6231	76627     	0.1636	0.3485	0.4386	0.0000	0.0000	0.4386	0.4386	0.4386	0.0000	0.0000	
0.6241	76424     	0.1636	0.3480	0.4380	0.0000	0.0000	0.4380	0.4380	0.4380	0.0000	0.0000	
0.6251	76221     	0.1636	0.3475	0.4374	0.0000	0.0000	0.4374	0.4374	0.4374	0.0000	0.0000	
0.6261	76018     	0.1636	0.3470	0.4369	0.0000	0.0000	0.4369	0.4369	0.4369	0.0000	0.0000	
0.6271	75815     	0.1636	0.3466	0.4363	0.0000	0.0000	0.4363	0.4363	0.4363	0.0000	0.0000	
0.6281	75612     	0.1632	0.3460	0.4357	0.0000	0.0000	0.4357	0.4357	0.4357	0.0000	0.0000	
0.6291	75409     	0.1632	0.3456	0.4352	0.0000	0.0000	0.4352	0.4352	0.4352	0.0000	0.0000	
0.6301	75206     	0.1632	0.3451	0.4344	0.0000	0.0000	0.4344	0.4344	0.4344	0.0000	0.0000	
0.6311	75003     	0.1632	0.3444	0.4337	0.0000	0.0000	0.4337	0.4337	0.4337	0.0000	0.0000	
0.6321	74800     	0.1618	0.3434	0.4328	0.0000	0.0000	0.4328	0.4328	0.4328	0.0000	0.0000	
0.6331	74597     	0.1618	0.3427	0.4312	0.0000	0.0000	0.4312	0.4312	0.4312	0.0000	0.0000	
0.6341	74394     	0.1618	0.3424	0.4311	0.0000	0.0000	0.4311	0.4311	0.4311	0.0000	0.0000	
0.6351	74191     	0.1618	0.3419	0.4304	0.0000	0.0000	0.4304	0.4304	0.4304	0.0000	0.0000	
0.6361	73988     	0.1618	0.3415	0.4298	0.0000	0.0000	0.4298	0.4298	0.4298	0.0000	0.0000	
0.6371	73785     	0.1618	0.3410	0.4292	0.0000	0.0000	0.4292	0.4292	0.4292	0.0000	0.0000	
0.6381	73582     	0.1618	0.3406	0.4285	0.0000	0.0000	0.4285	0.4285	0.4285	0.0000	0.0000	
0.6391	73379     	0.1618	0.3401	0.4278	0.0000	0.0000	0.4278	0.4278	0.4278	0.0000	0.0000	
0.6401	73176     	0.1618	0.3396	0.4272	0.0000	0.0000	0.4272	0.4272	0.4272	0.0000	0.0000	
0.6411	72973     	0.1614	0.3390	0.4266	0.0000	0.0000	0.4266	0.4266	0.4266	0.0000	0.0000	
0.6421	72770     	0.1614	0.3385	0.4259	0.0000	0.0000	0.4259	0.4259	0.4259	0.0000	0.0000	
0.6431	72567     	0.1614	0.3381	0.4253	0.0000	0.0000	0.4253	0.4253	0.4253	0.0000	0.0000	
0.6441	72364     	0.1610	0.3375	0.4246	0.0000	0.0000	0.4246	0.4246	0.4246	0.0000	0.0000	
0.6451	72161     	0.1610	0.3371	0.4240	0.0000	0.0000	0.4240	0.4240	0.4240	0.0000	0.0000	
0.6461	71958     	0.1610	0.3365	0.4232	0.0000	0.0000	0.4232	0.4232	0.4232	0.0000	0.0000	
0.6471	71755     	0.1610	0.3361	0.4226	0.0000	0.0000	0.4226	0.4226	0.4226	0.0000	0.0000	
0.6480	71552     	0.1610	0.3357	0.4219	0.0000	0.0000	0.4219	0.4219	0.4219	0.0000	0.0000	
0.6490	71349     	0.1610	0.3352	0.4212	0.0000	0.0000	0.4212	0.4212	0.4212	0.0000	0.0000	
0.6500	71146     	0.1610	0.3347	0.4207	0.0000	0.0000	0.4207	0.4207	0.4207	0.0000	0.0000	
0.6510	70943     	0.1610	0.3342	0.4200	0.0000	0.0000	0.4200	0.4200	0.4200	0.0000	0.0000	
0.6520	70740     	0.1610	0.3338	0.4193	0.0000	0.0000	0.4193	0.4193	0.4193	0.0000	0.0000	
0.6530	70537     	0.1609	0.3332	0.4185	0.0000	0.0000	0.4185	0.4185	0.4185	0.0000	0.0000	
0.6540	70334     	0.1607	0.3326	0.4178	0.0000	0.0000	0.4178	0.4178	0.4178	0.0000	0.0000	
0.6550	70131     	0.1607	0.3321	0.4171	0.0000	0.0000	0.4171	0.4171	0.4171	0.0000	0.0000	
0.6560	69928     	0.1606	0.3317	0.4165	0.0000	0.0000	0.4165	0.4165	0.4165	0.0000	0.0000	
0.6570	69725     	0.1606	0.3312	0.4157	0.0000	0.0000	0.4157	0.4157	0.4157	0.0000	0.0000	
0.6580	69522     	0.1606	0.3303	0.4146	0.0000	0.0000	0.4146	0.4146	0.4146	0.0000	0.0000	
0.6590	69319     	0.1606	0.3298	0.4139	0.0000	0.0000	0.4139	0.4139	0.4139	0.0000	0.0000	
0.6600	69116     	0.1606	0.3292	0.4130	0.0000	0.0000	0.4130	0.4130	0.4130	0.0000	0.0000	
0.6610	68913     	0.1603	0.3286	0.4122	0.0000	0.0000	0.4122	0.4122	0.4122	0.0000	0.0000	
0.6620	68710     	0.1603	0.3281	0.4114	0.0000	0.0000	0.4114	0.4114	0.4114	0.0000	0.0000	
0.6630	68507     	0.1603	0.3275	0.4105	0.0000	0.0000	0.4105	0.4105	0.4105	0.0000	0.0000	
0.6640	68304     	0.1603	0.3269	0.4097	0.0000	0.0000	0.4097	0.4097	0.4097	0.0000	0.0000	
0.6650	68101     	0.1602	0.3264	0.4089	0.0000	0.0000	0.4089	0.4089	0.4089	0.0000	0.0000	
0.6660	67898     	0.1602	0.3259	0.4081	0.0000	0.0000	0.4081	0.4081	0.4081	0.0000	0.0000	
0.6670	67695     	0.1601	0.3253	0.4073	0.0000	0.0000	0.4073	0.4073	0.4073	0.0000	0.0000	
0.6680	67492     	0.1600	0.3248	0.4066	0.0000	0.0000	0.4066	0.4066	0.4066	0.0000	0.0000	
0.6690	67289     	0.1598	0.3242	0.4059	0.0000	0.0000	0.4059	0.4059	0.4059	0.0000	0.0000	
0.6700	67086     	0.1594	0.3237	0.4053	0.0000	0.0000	0.4053	0.4053	0.4053	0.0000	0.0000	
0.6710	66883     	0.1594	0.3231	0.4045	0.0000	0.0000	0.4045	0.4045	0.4045	0.0000	0.0000	
0.6720	66680     	0.1593	0.3227	0.4037	0.0000	0.0000	0.4037	0.4037	0.4037	0.0000	0.0000	
0.6730	66477     	0.1593	0.3221	0.4029	0.0000	0.0000	0.4029	0.4029	0.4029	0.0000	0.0000	
0.6740	66274     	0.1593	0.3216	0.4021	0.0000	0.0000	0.4021	0.4021	0.4021	0.0000	0.0000	
0.6750	66071     	0.1593	0.3212	0.4017	0.0000	0.0000	0.4017	0.4017	0.4017	0.0000	0.0000	
0.6760	65868     	0.1593	0.3205	0.4007	0.0000	0.0000	0.4007	0.4007	0.4007	0.0000	0.0000	
0.6770	65665     	0.1592	0.3199	0.3999	0.0000	0.0000	0.3999	0.3999	0.3999	0.0000	0.0000	
0.6780	65462     	0.1592	0.3194	0.3990	0.0000	0.0000	0.3990	0.3990	0.3990	0.0000	0.0000	
0.6790	65259     	0.1592	0.3189	0.3982	0.0000	0.0000	0.3982	0.3982	0.3982	0.0000	0.0000	
0.6800	65056     	0.1592	0.3183	0.3974	0.0000	0.0000	0.3974	0.3974	0.3974	0.0000	0.0000	
0.6810	64853     	0.1591	0.3178	0.3966	0.0000	0.0000	0.3966	0.3966	0.3966	0.0000	0.0000	
0.6820	64650     	0.1591	0.3172	0.3958	0.0000	0.0000	0.3958	0.3958	0.3958	0.0000	0.0000	
0.6830	64447     	0.1591	0.3167	0.3950	0.0000	0.0000	0.3950	0.3950	0.3950	0.0000	0.0000	
0.6840	64244     	0.1591	0.3161	0.3941	0.0000	0.0000	0.3941	0.3941	0.3941	0.0000	0.0000	
0.6850	64041     	0.1539	0.3139	0.3923	0.0000	0.0000	0.3923	0.3923	0.3923	0.0000	0.0000	
0.6860	63838     	0.1538	0.3135	0.3918	0.0000	0.0000	0.3918	0.3918	0.3918	0.0000	0.0000	
0.6870	63635     	0.1538	0.3129	0.3909	0.0000	0.0000	0.3909	0.3909	0.3909	0.0000	0.0000	
0.6880	63432     	0.1538	0.3122	0.3899	0.0000	0.0000	0.3899	0.3899	0.3899	0.0000	0.0000	
0.6890	63229     	0.1538	0.3117	0.3891	0.0000	0.0000	0.3891	0.3891	0.3891	0.0000	0.0000	
0.6900	63026     	0.1538	0.3112	0.3882	0.0000	0.0000	0.3882	0.3882	0.3882	0.0000	0.0000	
0.6910	62823     	0.1538	0.3107	0.3877	0.0000	0.0000	0.3873	0.3873	0.3873	0.0000	0.0000	
0.6920	62620     	0.1538	0.3102	0.3876	0.0000	0.0000	0.3864	0.3864	0.3864	0.0000	0.0000	
0.6930	62417     	0.1538	0.3097	0.3875	0.0000	0.0000	0.3855	0.3855	0.3855	0.0000	0.0000	
0.6940	62214     	0.1537	0.3091	0.3875	0.0000	0.0000	0.3846	0.3846	0.3846	0.0000	0.0000	
0.6950	62011     	0.1537	0.3086	0.3874	0.0000	0.0000	0.3837	0.3837	0.3837	0.0000	0.0000	
0.6960	61808     	0.1537	0.3083	0.3874	0.0000	0.0000	0.3834	0.3834	0.3834	0.0000	0.0000	
0.6970	61605     	0.1537	0.3077	0.3870	0.0000	0.0000	0.3823	0.3823	0.3823	0.0000	0.0000	
0.6980	61402     	0.1534	0.3069	0.3865	0.0000	0.0000	0.3814	0.3814	0.3814	0.0000	0.0000	
0.6990	61199     	0.1534	0.3065	0.3865	0.0000	0.0000	0.3806	0.3806	0.3806	0.0000	0.0000	
0.7000	60996     	0.1534	0.3059	0.3860	0.0000	0.0000	0.3797	0.3797	0.3797	0.0000	0.0000	
0.7010	60793     	0.1524	0.3051	0.3859	0.0000	0.0000	0.3788	0.3788	0.3788	0.0000	0.0000	
0.7020	60590     	0.1520	0.3045	0.3858	0.0000	0.0000	0.3780	0.3780	0.3780	0.0000	0.0000	
0.7030	60387     	0.1520	0.3039	0.3854	0.0000	0.0000	0.3771	0.3771	0.3771	0.0000	0.0000	
0.7040	60184     	0.1486	0.3026	0.3854	0.0000	0.0000	0.3763	0.3763	0.3763	0.0000	0.0000	
0.7050	59981     	0.1486	0.3021	0.3854	0.0000	0.0000	0.3755	0.3755	0.3755	0.0000	0.0000	
0.7060	59778     	0.1486	0.3016	0.3851	0.0000	0.0000	0.3746	0.3746	0.3746	0.0000	0.0000	
0.7070	59575     	0.1486	0.3010	0.3851	0.0000	0.0000	0.3737	0.3737	0.3737	0.0000	0.0000	
0.7080	59372     	0.1486	0.3004	0.3845	0.0000	0.0000	0.3727	0.3727	0.3727	0.0000	0.0000	
0.7090	59169     	0.1486	0.2999	0.3845	0.0000	0.0000	0.3719	0.3719	0.3719	0.0000	0.0000	
0.7100	58966     	0.1485	0.2994	0.3845	0.0000	0.0000	0.3711	0.3711	0.3711	0.0000	0.0000	
0.7110	58763     	0.1485	0.2990	0.3845	0.0000	0.0000	0.3703	0.3703	0.3703	0.0000	0.0000	
0.7120	58560     	0.1485	0.2984	0.3842	0.0000	0.0000	0.3694	0.3694	0.3694	0.0000	0.0000	
0.7130	58357     	0.1481	0.2978	0.3841	0.0000	0.0000	0.3685	0.3685	0.3685	0.0000	0.0000	
0.7140	58154     	0.1481	0.2973	0.3841	0.0000	0.0000	0.3676	0.3676	0.3676	0.0000	0.0000	
0.7149	57951     	0.1481	0.2966	0.3834	0.0000	0.0000	0.3668	0.3668	0.3668	0.0000	0.0000	
0.7159	57748     	0.1481	0.2960	0.3829	0.0000	0.0000	0.3658	0.3658	0.3658	0.0000	0.0000	
0.7169	57545     	0.1481	0.2955	0.3829	0.0000	0.0000	0.3649	0.3649	0.3649	0.0000	0.0000	
0.7179	57342     	0.1481	0.2949	0.3825	0.0000	0.0000	0.3639	0.3639	0.3639	0.0000	0.0000	
0.7189	57139     	0.1481	0.2943	0.3822	0.0000	0.0000	0.3630	0.3630	0.3630	0.0000	0.0000	
0.7199	56936     	0.1480	0.2937	0.3819	0.0000	0.0000	0.3620	0.3620	0.3620	0.0000	0.0000	
0.7209	56733     	0.1480	0.2932	0.3817	0.0000	0.0000	0.3611	0.3611	0.3611	0.0000	0.0000	
0.7219	56530     	0.1480	0.2926	0.3816	0.0000	0.0000	0.3600	0.3600	0.3600	0.0000	0.0000	
0.7229	56327     	0.1478	0.2921	0.3816	0.0000	0.0000	0.3590	0.3590	0.3590	0.0000	0.0000	
0.7239	56124     	0.1478	0.2915	0.3815	0.0000	0.0000	0.3581	0.3581	0.3581	0.0000	0.0000	
0.7249	55921     	0.1478	0.2910	0.3815	0.0000	0.0000	0.3572	0.3572	0.3572	0.0000	0.0000	
0.7259	55718     	0.1478	0.2905	0.3813	0.0000	0.0000	0.3562	0.3562	0.3562	0.0000	0.0000	
0.7269	55515     	0.1478	0.2899	0.3809	0.0000	0.0000	0.3553	0.3553	0.3553	0.0000	0.0000	
0.7279	55312     	0.1478	0.2892	0.3802	0.0000	0.0000	0.3543	0.3543	0.3543	0.0000	0.0000	
0.7289	55109     	0.1478	0.2886	0.3801	0.0000	0.0000	0.3533	0.3533	0.3533	0.0000	0.0000	
0.7299	54906     	0.1475	0.2880	0.3799	0.0000	0.0000	0.3523	0.3523	0.3523	0.0000	0.0000	
0.7309	54703     	0.1474	0.2875	0.3799	0.0000	0.0000	0.3514	0.3514	0.3514	0.0000	0.0000	
0.7319	54500     	0.1474	0.2869	0.3798	0.0000	0.0000	0.3504	0.3504	0.3504	0.0000	0.0000	
0.7329	54297     	0.1474	0.2864	0.3798	0.0000	0.0000	0.3495	0.3495	0.3495	0.0000	0.0000	
0.7339	54094     	0.1474	0.2858	0.3794	0.0000	0.0000	0.3486	0.3486	0.3486	0.0000	0.0000	
0.7349	53891     	0.1474	0.2852	0.3791	0.0000	0.0000	0.3476	0.3476	0.3476	0.0000	0.0000	
0.7359	53688     	0.1474	0.2847	0.3790	0.0000	0.0000	0.3467	0.3467	0.3467	0.0000	0.0000	
0.7369	53485     	0.1470	0.2841	0.3789	0.0000	0.0000	0.3458	0.3458	0.3458	0.0000	0.0000	
0.7379	53282     	0.1470	0.2834	0.3784	0.0000	0.0000	0.3445	0.3445	0.3445	0.0000	0.0000	
0.7389	53079     	0.1470	0.2828	0.3784	0.0000	0.0000	0.3435	0.3435	0.3435	0.0000	0.0000	
0.7399	52876     	0.1470	0.2823	0.3782	0.0000	0.0000	0.3425	0.3425	0.3425	0.0000	0.0000	
0.7409	52673     	0.1470	0.2816	0.3778	0.0000	0.0000	0.3414	0.3414	0.3414	0.0000	0.0000	
0.7419	52470     	0.1466	0.2810	0.3777	0.0000	0.0000	0.3405	0.3405	0.3405	0.0000	0.0000	
0.7429	52267     	0.1466	0.2805	0.3777	0.0000	0.0000	0.3395	0.3395	0.3395	0.0000	0.0000	
0.7439	52064     	0.1466	0.2799	0.3776	0.0000	0.0000	0.3385	0.3385	0.3385	0.0000	0.0000	
0.7449	51861     	0.1466	0.2794	0.3775	0.0000	0.0000	0.3374	0.3374	0.3374	0.0000	0.0000	
0.7459	51658     	0.1450	0.2784	0.3772	0.0000	0.0000	0.3366	0.3366	0.3366	0.0000	0.0000	
0.7469	51455     	0.1450	0.2779	0.3772	0.0000	0.0000	0.3357	0.3357	0.3357	0.0000	0.0000	
0.7479	51252     	0.1448	0.2773	0.3769	0.0000	0.0000	0.3347	0.3347	0.3347	0.0000	0.0000	
0.7489	51049     	0.1448	0.2768	0.3769	0.0000	0.0000	0.3338	0.3338	0.3338	0.0000	0.0000	
0.7499	50846     	0.1448	0.2763	0.3769	0.0000	0.0000	0.3327	0.3327	0.3327	0.0000	0.0000	
0.7509	50643     	0.1448	0.2757	0.3767	0.0000	0.0000	0.3317	0.3317	0.3317	0.0000	0.0000	
0.7519	50440     	0.1448	0.2752	0.3767	0.0000	0.0000	0.3307	0.3307	0.3307	0.0000	0.0000	
0.7529	50237     	0.1448	0.2747	0.3767	0.0000	0.0000	0.3299	0.3299	0.3299	0.0000	0.0000	
0.7539	50034     	0.1442	0.2741	0.3767	0.0000	0.0000	0.3291	0.3291	0.3291	0.0000	0.0000	
0.7549	49831     	0.1442	0.2736	0.3767	0.0000	0.0000	0.3282	0.3282	0.3282	0.0000	0.0000	
0.7559	49628     	0.1442	0.2731	0.3766	0.0000	0.0000	0.3272	0.3272	0.3272	0.0000	0.0000	
0.7569	49425     	0.1442	0.2726	0.3766	0.0000	0.0000	0.3263	0.3263	0.3263	0.0000	0.0000	
0.7579	49222     	0.1441	0.2720	0.3763	0.0000	0.0000	0.3255	0.3255	0.3255	0.0000	0.0000	
0.7589	49019     	0.1441	0.2715	0.3762	0.0000	0.0000	0.3246	0.3246	0.3246	0.0000	0.0000	
0.7599	48816     	0.1441	0.2710	0.3762	0.0000	0.0000	0.3237	0.3237	0.3237	0.0000	0.0000	
0.7609	48613     	0.1441	0.2705	0.3762	0.0000	0.0000	0.3227	0.3227	0.3227	0.0000	0.0000	
0.7619	48410     	0.1441	0.2700	0.3762	0.0000	0.0000	0.3218	0.3218	0.3218	0.0000	0.0000	
0.7629	48207     	0.1435	0.2693	0.3760	0.0000	0.0000	0.3209	0.3209	0.3209	0.0000	0.0000	
0.7639	48004     	0.1433	0.2687	0.3760	0.0000	0.0000	0.3200	0.3200	0.3200	0.0000	0.0000	
0.7649	47801     	0.1433	0.2682	0.3760	0.0000	0.0000	0.3191	0.3191	0.3191	0.0000	0.0000	
0.7659	47598     	0.1433	0.2677	0.3760	0.0000	0.0000	0.3182	0.3182	0.3182	0.0000	0.0000	
0.7669	47395     	0.1433	0.2672	0.3760	0.0000	0.0000	0.3173	0.3173	0.3173	0.0000	0.0000	
0.7679	47192     	0.1433	0.2667	0.3760	0.0000	0.0000	0.3163	0.3163	0.3163	0.0000	0.0000	
0.7689	46989     	0.1433	0.2662	0.3759	0.0000	0.0000	0.3154	0.3154	0.3154	0.0000	0.0000	
0.7699	46786     	0.1429	0.2656	0.3758	0.0000	0.0000	0.3145	0.3145	0.3145	0.0000	0.0000	
0.7709	46583     	0.1370	0.2631	0.3736	0.0000	0.0000	0.3136	0.3136	0.3136	0.0000	0.0000	
0.7719	46380     	0.1268	0.2593	0.3702	0.0000	0.0000	0.3128	0.3128	0.3128	0.0000	0.0000	
0.7729	46177     	0.1264	0.2587	0.3702	0.0000	0.0000	0.3119	0.3119	0.3119	0.0000	0.0000	
0.7739	45974     	0.1264	0.2580	0.3695	0.0000	0.0000	0.3110	0.3110	0.3110	0.0000	0.0000	
0.7749	45771     	0.1264	0.2573	0.3686	0.0000	0.0000	0.3101	0.3101	0.3101	0.0000	0.0000	
0.7759	45568     	0.1258	0.2564	0.3674	0.0000	0.0000	0.3093	0.3093	0.3093	0.0000	0.0000	
0.7769	45365     	0.1255	0.2558	0.3672	0.0000	0.0000	0.3083	0.3083	0.3083	0.0000	0.0000	
0.7779	45162     	0.1255	0.2553	0.3672	0.0000	0.0000	0.3074	0.3074	0.3074	0.0000	0.0000	
0.7789	44959     	0.1250	0.2546	0.3671	0.0000	0.0000	0.3064	0.3064	0.3064	0.0000	0.0000	
0.7799	44756     	0.1166	0.2517	0.3657	0.0000	0.0000	0.3056	0.3056	0.3056	0.0000	0.0000	
0.7809	44553     	0.1165	0.2512	0.3657	0.0000	0.0000	0.3048	0.3048	0.3048	0.0000	0.0000	
0.7819	44350     	0.1165	0.2507	0.3657	0.0000	0.0000	0.3039	0.3039	0.3039	0.0000	0.0000	
0.7828	44147     	0.1164	0.2502	0.3657	0.0000	0.0000	0.3029	0.3029	0.3029	0.0000	0.0000	
0.7838	43944     	0.1164	0.2496	0.3656	0.0000	0.0000	0.3020	0.3020	0.3020	0.0000	0.0000	
0.7848	43741     	0.1150	0.2488	0.3655	0.0000	0.0000	0.3011	0.3011	0.3011	0.0000	0.0000	
0.7858	43538     	0.1150	0.2483	0.3654	0.0000	0.0000	0.3002	0.3002	0.3002	0.0000	0.0000	
0.7868	43335     	0.1150	0.2477	0.3654	0.0000	0.0000	0.2992	0.2992	0.2992	0.0000	0.0000	
0.7878	43132     	0.1149	0.2472	0.3652	0.0000	0.0000	0.2983	0.2983	0.2983	0.0000	0.0000	
0.7888	42929     	0.1149	0.2467	0.3652	0.0000	0.0000	0.2976	0.2976	0.2976	0.0000	0.0000	
0.7898	42726     	0.1149	0.2462	0.3650	0.0000	0.0000	0.2966	0.2966	0.2966	0.0000	0.0000	
0.7908	42523     	0.1148	0.2456	0.3650	0.0000	0.0000	0.2957	0.2957	0.2957	0.0000	0.0000	
0.7918	42320     	0.1148	0.2451	0.3650	0.0000	0.0000	0.2948	0.2948	0.2948	0.0000	0.0000	
0.7928	42117     	0.1148	0.2446	0.3650	0.0000	0.0000	0.2938	0.2938	0.2938	0.0000	0.0000	
0.7938	41914     	0.0998	0.2400	0.3643	0.0000	0.0000	0.2922	0.2922	0.2922	0.0000	0.0000	
0.7948	41711     	0.0962	0.2386	0.3640	0.0000	0.0000	0.2911	0.2911	0.2911	0.0000	0.0000	
0.7958	41508     	0.0959	0.2380	0.3640	0.0000	0.0000	0.2902	0.2902	0.2902	0.0000	0.0000	
0.7968	41305     	0.0959	0.2375	0.3640	0.0000	0.0000	0.2893	0.2893	0.2893	0.0000	0.0000	
0.7978	41102     	0.0959	0.2369	0.3639	0.0000	0.0000	0.2883	0.2883	0.2883	0.0000	0.0000	
0.7988	40899     	0.0959	0.2363	0.3634	0.0000	0.0000	0.2873	0.2873	0.2873	0.0000	0.0000	
0.7998	40696     	0.0959	0.2358	0.3634	0.0000	0.0000	0.2863	0.2863	0.2863	0.0000	0.0000	
0.8008	40493     	0.0959	0.2352	0.3633	0.0000	0.0000	0.2854	0.2854	0.2854	0.0000	0.0000	
0.8018	40290     	0.0959	0.2347	0.3633	0.0000	0.0000	0.2844	0.2844	0.2844	0.0000	0.0000	
0.8028	40087     	0.0959	0.2342	0.3631	0.0000	0.0000	0.2834	0.2834	0.2834	0.0000	0.0000	
0.8038	39884     	0.0959	0.2336	0.3631	0.0000	0.0000	0.2825	0.2825	0.2825	0.0000	0.0000	
0.8048	39681     	0.0959	0.2331	0.3631	0.0000	0.0000	0.2815	0.2815	0.2815	0.0000	0.0000	
0.8058	39478     	0.0959	0.2326	0.3631	0.0000	0.0000	0.2806	0.2806	0.2806	0.0000	0.0000	
0.8068	39275     	0.0959	0.2321	0.3631	0.0000	0.0000	0.2796	0.2796	0.2796	0.0000	0.0000	
0.8078	39072     	0.0959	0.2316	0.3631	0.0000	0.0000	0.2786	0.2786	0.2786	0.0000	0.0000	
0.8088	38869     	0.0959	0.2310	0.3631	0.0000	0.0000	0.2776	0.2776	0.2776	0.0000	0.0000	
0.8098	38666     	0.0959	0.2305	0.3631	0.0000	0.0000	0.2767	0.2767	0.2767	0.0000	0.0000	
0.8108	38463     	0.0957	0.2299	0.3631	0.0000	0.0000	0.2757	0.2757	0.2757	0.0000	0.0000	
0.8118	38260     	0.0957	0.2294	0.3631	0.0000	0.0000	0.2748	0.2748	0.2748	0.0000	0.0000	
0.8128	38057     	0.0957	0.2289	0.3630	0.0000	0.0000	0.2739	0.2739	0.2739	0.0000	0.0000	
0.8138	37854     	0.0956	0.2284	0.3630	0.0000	0.0000	0.2729	0.2729	0.2729	0.0000	0.0000	
0.8148	37651     	0.0952	0.2277	0.3627	0.0000	0.0000	0.2718	0.2718	0.2718	0.0000	0.0000	
0.8158	37448     	0.0952	0.2271	0.3626	0.0000	0.0000	0.2708	0.2708	0.2708	0.0000	0.0000	
0.8168	37245     	0.0952	0.2266	0.3626	0.0000	0.0000	0.2700	0.2700	0.2700	0.0000	0.0000	
0.8178	37042     	0.0942	0.2259	0.3626	0.0000	0.0000	0.2691	0.2691	0.2691	0.0000	0.0000	
0.8188	36839     	0.0942	0.2254	0.3626	0.0000	0.0000	0.2681	0.2681	0.2681	0.0000	0.0000	
0.8198	36636     	0.0942	0.2249	0.3626	0.0000	0.0000	0.2671	0.2671	0.2671	0.0000	0.0000	
0.8208	36433     	0.0942	0.2243	0.3626	0.0000	0.0000	0.2661	0.2661	0.2661	0.0000	0.0000	
0.8218	36230     	0.0942	0.2238	0.3626	0.0000	0.0000	0.2650	0.2650	0.2650	0.0000	0.0000	
0.8228	36027     	0.0942	0.2232	0.3625	0.0000	0.0000	0.2640	0.2640	0.2640	0.0000	0.0000	
0.8238	35824     	0.0942	0.2227	0.3625	0.0000	0.0000	0.2629	0.2629	0.2629	0.0000	0.0000	
0.8248	35621     	0.0942	0.2222	0.3625	0.0000	0.0000	0.2619	0.2619	0.2619	0.0000	0.0000	
0.8258	35418     	0.0942	0.2216	0.3624	0.0000	0.0000	0.2609	0.2609	0.2609	0.0000	0.0000	
0.8268	35215     	0.0942	0.2211	0.3624	0.0000	0.0000	0.2598	0.2598	0.2598	0.0000	0.0000	
0.8278	35012     	0.0942	0.2205	0.3624	0.0000	0.0000	0.2588	0.2588	0.2588	0.0000	0.0000	
0.8288	34809     	0.0941	0.2200	0.3624	0.0000	0.0000	0.2578	0.2578	0.2578	0.0000	0.0000	
0.8298	34606     	0.0941	0.2194	0.3624	0.0000	0.0000	0.2567	0.2567	0.2567	0.0000	0.0000	
0.8308	34403     	0.0941	0.2189	0.3624	0.0000	0.0000	0.2557	0.2557	0.2557	0.0000	0.0000	
0.8318	34200     	0.0941	0.2184	0.3624	0.0000	0.0000	0.2548	0.2548	0.2548	0.0000	0.0000	
0.8328	33997     	0.0930	0.2176	0.3624	0.0000	0.0000	0.2537	0.2537	0.2537	0.0000	0.0000	
0.8338	33794     	0.0930	0.2171	0.3624	0.0000	0.0000	0.2527	0.2527	0.2527	0.0000	0.0000	
0.8348	33591     	0.0930	0.2165	0.3624	0.0000	0.0000	0.2516	0.2516	0.2516	0.0000	0.0000	
0.8358	33388     	0.0930	0.2160	0.3623	0.0000	0.0000	0.2506	0.2506	0.2506	0.0000	0.0000	
0.8368	33185     	0.0930	0.2154	0.3623	0.0000	0.0000	0.2495	0.2495	0.2495	0.0000	0.0000	
0.8378	32982     	0.0927	0.2148	0.3623	0.0000	0.0000	0.2484	0.2484	0.2484	0.0000	0.0000	
0.8388	32779     	0.0924	0.2141	0.3621	0.0000	0.0000	0.2474	0.2474	0.2474	0.0000	0.0000	
0.8398	32576     	0.0919	0.2135	0.3619	0.0000	0.0000	0.2463	0.2463	0.2463	0.0000	0.0000	
0.8408	32373     	0.0919	0.2129	0.3619	0.0000	0.0000	0.2452	0.2452	0.2452	0.0000	0.0000	
0.8418	32170     	0.0919	0.2124	0.3619	0.0000	0.0000	0.2441	0.2441	0.2441	0.0000	0.0000	
0.8428	31967     	0.0918	0.2118	0.3619	0.0000	0.0000	0.2431	0.2431	0.2431	0.0000	0.0000	
0.8438	31764     	0.0918	0.2112	0.3619	0.0000	0.0000	0.2420	0.2420	0.2420	0.0000	0.0000	
0.8448	31561     	0.0912	0.2105	0.3619	0.0000	0.0000	0.2409	0.2409	0.2409	0.0000	0.0000	
0.8458	31358     	0.0900	0.2097	0.3619	0.0000	0.0000	0.2397	0.2397	0.2397	0.0000	0.0000	
0.8468	31155     	0.0900	0.2091	0.3619	0.0000	0.0000	0.2386	0.2386	0.2386	0.0000	0.0000	
0.8478	30952     	0.0900	0.2085	0.3619	0.0000	0.0000	0.2375	0.2375	0.2375	0.0000	0.0000	
0.8488	30749     	0.0900	0.2080	0.3619	0.0000	0.0000	0.2364	0.2364	0.2364	0.0000	0.0000	
0.8497	30546     	0.0900	0.2074	0.3619	0.0000	0.0000	0.2353	0.2353	0.2353	0.0000	0.0000	
0.8507	30343     	0.0900	0.2069	0.3619	0.0000	0.0000	0.2341	0.2341	0.2341	0.0000	0.0000	
0.8517	30140     	0.0900	0.2064	0.3619	0.0000	0.0000	0.2331	0.2331	0.2331	0.0000	0.0000	
0.8527	29937     	0.0900	0.2058	0.3619	0.0000	0.0000	0.2319	0.2319	0.2319	0.0000	0.0000	
0.8537	29734     	0.0900	0.2052	0.3619	0.0000	0.0000	0.2308	0.2308	0.2308	0.0000	0.0000	
0.8547	29531     	0.0900	0.2047	0.3619	0.0000	0.0000	0.2296	0.2296	0.2296	0.0000	0.0000	
0.8557	29328     	0.0899	0.2041	0.3618	0.0000	0.0000	0.2285	0.2285	0.2285	0.0000	0.0000	
0.8567	29125     	0.0897	0.2035	0.3618	0.0000	0.0000	0.2273	0.2273	0.2273	0.0000	0.0000	
0.8577	28922     	0.0897	0.2029	0.3618	0.0000	0.0000	0.2261	0.2261	0.2261	0.0000	0.0000	
0.8587	28719     	0.0897	0.2023	0.3618	0.0000	0.0000	0.2249	0.2249	0.2249	0.0000	0.0000	
0.8597	28516     	0.0897	0.2018	0.3618	0.0000	0.0000	0.2237	0.2237	0.2237	0.0000	0.0000	
0.8607	28313     	0.0897	0.2012	0.3616	0.0000	0.0000	0.2225	0.2225	0.2225	0.0000	0.0000	
0.8617	28110     	0.0897	0.2006	0.3616	0.0000	0.0000	0.2213	0.2213	0.2213	0.0000	0.0000	
0.8627	27907     	0.0897	0.2000	0.3616	0.0000	0.0000	0.2201	0.2201	0.2201	0.0000	0.0000	
0.8637	27704     	0.0893	0.1992	0.3612	0.0000	0.0000	0.2189	0.2189	0.2189	0.0000	0.0000	
0.8647	27501     	0.0891	0.1986	0.3611	0.0000	0.0000	0.2177	0.2177	0.2177	0.0000	0.0000	
0.8657	27298     	0.0891	0.1980	0.3611	0.0000	0.0000	0.2165	0.2165	0.2165	0.0000	0.0000	
0.8667	27095     	0.0891	0.1973	0.3609	0.0000	0.0000	0.2151	0.2151	0.2151	0.0000	0.0000	
0.8677	26892     	0.0879	0.1964	0.3607	0.0000	0.0000	0.2139	0.2139	0.2139	0.0000	0.0000	
0.8687	26689     	0.0879	0.1958	0.3607	0.0000	0.0000	0.2126	0.2126	0.2126	0.0000	0.0000	
0.8697	26486     	0.0879	0.1952	0.3607	0.0000	0.0000	0.2114	0.2114	0.2114	0.0000	0.0000	
0.8707	26283     	0.0876	0.1945	0.3604	0.0000	0.0000	0.2101	0.2101	0.2101	0.0000	0.0000	
0.8717	26080     	0.0876	0.1939	0.3604	0.0000	0.0000	0.2089	0.2089	0.2089	0.0000	0.0000	
0.8727	25877     	0.0876	0.1934	0.3604	0.0000	0.0000	0.2076	0.2076	0.2076	0.0000	0.0000	
0.8737	25674     	0.0876	0.1928	0.3604	0.0000	0.0000	0.2063	0.2063	0.2063	0.0000	0.0000	
0.8747	25471     	0.0875	0.1921	0.3604	0.0000	0.0000	0.2051	0.2051	0.2051	0.0000	0.0000	
0.8757	25268     	0.0875	0.1915	0.3604	0.0000	0.0000	0.2038	0.2038	0.2038	0.0000	0.0000	
0.8767	25065     	0.0875	0.1909	0.3604	0.0000	0.0000	0.2025	0.2025	0.2025	0.0000	0.0000	
0.8777	24862     	0.0875	0.1903	0.3604	0.0000	0.0000	0.2012	0.2012	0.2012	0.0000	0.0000	
0.8787	24659     	0.0875	0.1897	0.3604	0.0000	0.0000	0.1999	0.1999	0.1999	0.0000	0.0000	
0.8797	24456     	0.0875	0.1890	0.3600	0.0000	0.0000	0.1985	0.1985	0.1985	0.0000	0.0000	
0.8807	24253     	0.0875	0.1884	0.3599	0.0000	0.0000	0.1971	0.1971	0.1971	0.0000	0.0000	
0.8817	24050     	0.0875	0.1878	0.3599	0.0000	0.0000	0.1958	0.1958	0.1958	0.0000	0.0000	
0.8827	23847     	0.0875	0.1872	0.3599	0.0000	0.0000	0.1945	0.1945	0.1945	0.0000	0.0000	
0.8837	23644     	0.0875	0.1866	0.3599	0.0000	0.0000	0.1931	0.1931	0.1931	0.0000	0.0000	
0.8847	23441     	0.0873	0.1859	0.3599	0.0000	0.0000	0.1918	0.1918	0.1918	0.0000	0.0000	
0.8857	23238     	0.0873	0.1853	0.3599	0.0000	0.0000	0.1904	0.1904	0.1904	0.0000	0.0000	
0.8867	23035     	0.0873	0.1847	0.3599	0.0000	0.0000	0.1890	0.1890	0.1890	0.0000	0.0000	
0.8877	22832     	0.0873	0.1840	0.3598	0.0000	0.0000	0.1876	0.1876	0.1876	0.0000	0.0000	
0.8887	22629     	0.0873	0.1834	0.3598	0.0000	0.0000	0.1862	0.1862	0.1862	0.0000	0.0000	
0.8897	22426     	0.0872	0.1828	0.3598	0.0000	0.0000	0.1848	0.1848	0.1848	0.0000	0.0000	
0.8907	22223     	0.0872	0.1821	0.3598	0.0000	0.0000	0.1834	0.1834	0.1834	0.0000	0.0000	
0.8917	22020     	0.0872	0.1815	0.3598	0.0000	0.0000	0.1820	0.1820	0.1820	0.0000	0.0000	
0.8927	21817     	0.0872	0.1809	0.3598	0.0000	0.0000	0.1806	0.1806	0.1806	0.0000	0.0000	
0.8937	21614     	0.0866	0.1801	0.3598	0.0000	0.0000	0.1791	0.1791	0.1791	0.0000	0.0000	
0.8947	21411     	0.0866	0.1794	0.3598	0.0000	0.0000	0.1777	0.1777	0.1777	0.0000	0.0000	
0.8957	21208     	0.0866	0.1787	0.3596	0.0000	0.0000	0.1762	0.1762	0.1762	0.0000	0.0000	
0.8967	21005     	0.0866	0.1781	0.3596	0.0000	0.0000	0.1748	0.1748	0.1748	0.0000	0.0000	
0.8977	20802     	0.0865	0.1774	0.3596	0.0000	0.0000	0.1733	0.1733	0.1733	0.0000	0.0000	
0.8987	20599     	0.0865	0.1768	0.3595	0.0000	0.0000	0.1718	0.1718	0.1718	0.0000	0.0000	
0.8997	20396     	0.0853	0.1758	0.3594	0.0000	0.0000	0.1703	0.1703	0.1703	0.0000	0.0000	
0.9007	20193     	0.0853	0.1751	0.3594	0.0000	0.0000	0.1688	0.1688	0.1688	0.0000	0.0000	
0.9017	19990     	0.0853	0.1745	0.3593	0.0000	0.0000	0.1672	0.1672	0.1672	0.0000	0.0000	
0.9027	19787     	0.0849	0.1738	0.3593	0.0000	0.0000	0.1657	0.1657	0.1657	0.0000	0.0000	
0.9037	19584     	0.0838	0.1731	0.3593	0.0000	0.0000	0.1642	0.1642	0.1642	0.0000	0.0000	
0.9047	19381     	0.0827	0.1725	0.3593	0.0000	0.0000	0.1626	0.1626	0.1626	0.0000	0.0000	
0.9057	19178     	0.0816	0.1717	0.3593	0.0000	0.0000	0.1611	0.1611	0.1611	0.0000	0.0000	
0.9067	18975     	0.0805	0.1711	0.3593	0.0000	0.0000	0.1595	0.1595	0.1595	0.0000	0.0000	
0.9077	18772     	0.0794	0.1704	0.3593	0.0000	0.0000	0.1579	0.1579	0.1579	0.0000	0.0000	
0.9087	18569     	0.0783	0.1697	0.3590	0.0000	0.0000	0.1563	0.1563	0.1563	0.0000	0.0000	
0.9097	18366     	0.0773	0.1688	0.3590	0.0000	0.0000	0.1547	0.1547	0.1547	0.0000	0.0000	
0.9107	18163     	0.0762	0.1681	0.3586	0.0000	0.0000	0.1530	0.1530	0.1530	0.0000	0.0000	
0.9117	17960     	0.0751	0.1674	0.3586	0.0000	0.0000	0.1514	0.1514	0.1514	0.0000	0.0000	
0.9127	17757     	0.0741	0.1667	0.3586	0.0000	0.0000	0.1497	0.1497	0.1497	0.0000	0.0000	
0.9137	17554     	0.0730	0.1660	0.3585	0.0000	0.0000	0.1481	0.1481	0.1481	0.0000	0.0000	
0.9147	17351     	0.0719	0.1652	0.3585	0.0000	0.0000	0.1465	0.1465	0.1465	0.0000	0.0000	
0.9157	17148     	0.0708	0.1645	0.3585	0.0000	0.0000	0.1448	0.1448	0.1448	0.0000	0.0000	
0.9167	16945     	0.0697	0.1638	0.3585	0.0000	0.0000	0.1431	0.1431	0.1431	0.0000	0.0000	
0.9176	16742     	0.0686	0.1628	0.3585	0.0000	0.0000	0.1414	0.1414	0.1414	0.0000	0.0000	
0.9186	16539     	0.0675	0.1621	0.3585	0.0000	0.0000	0.1397	0.1397	0.1397	0.0000	0.0000	
0.9196	16336     	0.0663	0.1614	0.3585	0.0000	0.0000	0.1380	0.1380	0.1380	0.0000	0.0000	
0.9206	16133     	0.0653	0.1603	0.3585	0.0000	0.0000	0.1363	0.1363	0.1363	0.0000	0.0000	
0.9216	15930     	0.0642	0.1596	0.3585	0.0000	0.0000	0.1346	0.1346	0.1346	0.0000	0.0000	
0.9226	15727     	0.0632	0.1586	0.3572	0.0000	0.0000	0.1330	0.1330	0.1330	0.0000	0.0000	
0.9236	15524     	0.0624	0.1570	0.3529	0.0000	0.0000	0.1318	0.1318	0.1318	0.0000	0.0000	
0.9246	15321     	0.0615	0.1555	0.3487	0.0000	0.0000	0.1305	0.1305	0.1305	0.0000	0.0000	
0.9256	15118     	0.0606	0.1539	0.3445	0.0000	0.0000	0.1293	0.1293	0.1293	0.0000	0.0000	
0.9266	14915     	0.0597	0.1524	0.3406	0.0000	0.0000	0.1280	0.1280	0.1280	0.0000	0.0000	
0.9276	14712     	0.0589	0.1509	0.3367	0.0000	0.0000	0.1267	0.1267	0.1267	0.0000	0.0000	
0.9286	14509     	0.0580	0.1493	0.3327	0.0000	0.0000	0.1254	0.1254	0.1254	0.0000	0.0000	
0.9296	14306     	0.0571	0.1478	0.3288	0.0000	0.0000	0.1241	0.1241	0.1241	0.0000	0.0000	
0.9306	14103     	0.0562	0.1462	0.3250	0.0000	0.0000	0.1228	0.1228	0.1228	0.0000	0.0000	
0.9316	13900     	0.0554	0.1447	0.3212	0.0000	0.0000	0.1214	0.1214	0.1214	0.0000	0.0000	
0.9326	13697     	0.0545	0.1432	0.3173	0.0000	0.0000	0.1200	0.1200	0.1200	0.0000	0.0000	
0.9336	13494     	0.0536	0.1416	0.3133	0.0000	0.0000	0.1187	0.1187	0.1187	0.0000	0.0000	
0.9346	13291     	0.0527	0.1401	0.3092	0.0000	0.0000	0.1173	0.1173	0.1173	0.0000	0.0000	
0.9356	13088     	0.0519	0.1386	0.3055	0.0000	0.0000	0.1159	0.1159	0.1159	0.0000	0.0000	
0.9366	12885     	0.0510	0.1370	0.3016	0.0000	0.0000	0.1145	0.1145	0.1145	0.0000	0.0000	
0.9376	12682     	0.0502	0.1355	0.2979	0.0000	0.0000	0.1131	0.1131	0.1131	0.0000	0.0000	
0.9386	12479     	0.0493	0.1340	0.2941	0.0000	0.0000	0.1117	0.1117	0.1117	0.0000	0.0000	
0.9396	12276     	0.0485	0.1325	0.2905	0.0000	0.0000	0.1102	0.1102	0.1102	0.0000	0.0000	
0.9406	12073     	0.0476	0.1310	0.2868	0.0000	0.0000	0.1088	0.1088	0.1088	0.0000	0.0000	
0.9416	11870     	0.0468	0.1295	0.2829	0.0000	0.0000	0.1073	0.1073	0.1073	0.0000	0.0000	
0.9426	11667     	0.0459	0.1279	0.2790	0.0000	0.0000	0.1059	0.1059	0.1059	0.0000	0.0000	
0.9436	11464     	0.0451	0.1263	0.2752	0.0000	0.0000	0.1044	0.1044	0.1044	0.0000	0.0000	
0.9446	11261     	0.0442	0.1248	0.2714	0.0000	0.0000	0.1029	0.1029	0.1029	0.0000	0.0000	
0.9456	11058     	0.0434	0.1233	0.2678	0.0000	0.0000	0.1013	0.1013	0.1013	0.0000	0.0000	
0.9466	10855     	0.0425	0.1217	0.2637	0.0000	0.0000	0.0998	0.0998	0.0998	0.0000	0.0000	
0.9476	10652     	0.0417	0.1201	0.2596	0.0000	0.0000	0.0983	0.0983	0.0983	0.0000	0.0000	
0.9486	10449     	0.0408	0.1185	0.2556	0.0000	0.0000	0.0967	0.0967	0.0967	0.0000	0.0000	
0.9496	10246     	0.0400	0.1168	0.2515	0.0000	0.0000	0.0951	0.0951	0.0951	0.0000	0.0000	
0.9506	10043     	0.0391	0.1151	0.2477	0.0000	0.0000	0.0936	0.0936	0.0936	0.0000	0.0000	
0.9516	9840      	0.0382	0.1134	0.2433	0.0000	0.0000	0.0920	0.0920	0.0920	0.0000	0.0000	
0.9526	9637      	0.0374	0.1118	0.2391	0.0000	0.0000	0.0904	0.0904	0.0904	0.0000	0.0000	
0.9536	9434      	0.0366	0.1101	0.2347	0.0000	0.0000	0.0888	0.0888	0.0888	0.0000	0.0000	
0.9546	9231      	0.0358	0.1084	0.2303	0.0000	0.0000	0.0872	0.0872	0.0872	0.0000	0.0000	
0.9556	9028      	0.0350	0.1066	0.2257	0.0000	0.0000	0.0856	0.0856	0.0856	0.0000	0.0000	
0.9566	8825      	0.0342	0.1049	0.2211	0.0000	0.0000	0.0840	0.0840	0.0840	0.0000	0.0000	
0.9576	8622      	0.0334	0.1030	0.2161	0.0000	0.0000	0.0823	0.0823	0.0823	0.0000	0.0000	
0.9586	8419      	0.0326	0.1012	0.2113	0.0000	0.0000	0.0807	0.0807	0.0807	0.0000	0.0000	
0.9596	8216      	0.0318	0.0993	0.2062	0.0000	0.0000	0.0791	0.0791	0.0791	0.0000	0.0000	
0.9606	8013      	0.0310	0.0974	0.2012	0.0000	0.0000	0.0774	0.0774	0.0774	0.0000	0.0000	
0.9616	7810      	0.0302	0.0955	0.1961	0.0000	0.0000	0.0758	0.0758	0.0758	0.0000	0.0000	
0.9626	7607      	0.0294	0.0936	0.1911	0.0000	0.0000	0.0741	0.0741	0.0741	0.0000	0.0000	
0.9636	7404      	0.0286	0.0917	0.1859	0.0000	0.0000	0.0724	0.0724	0.0724	0.0000	0.0000	
0.9646	7201      	0.0278	0.0899	0.1810	0.0000	0.0000	0.0707	0.0707	0.0707	0.0000	0.0000	
0.9656	6998      	0.0271	0.0880	0.1761	0.0000	0.0000	0.0689	0.0689	0.0689	0.0000	0.0000	
0.9666	6795      	0.0263	0.0860	0.1711	0.0000	0.0000	0.0672	0.0672	0.0672	0.0000	0.0000	
0.9676	6592      	0.0255	0.0840	0.1659	0.0000	0.0000	0.0654	0.0654	0.0654	0.0000	0.0000	
0.9686	6389      	0.0248	0.0821	0.1607	0.0000	0.0000	0.0636	0.0636	0.0636	0.0000	0.0000	
0.9696	6186      	0.0240	0.0801	0.1555	0.0000	0.0000	0.0619	0.0619	0.0619	0.0000	0.0000	
0.9706	5983      	0.0232	0.0783	0.1507	0.0000	0.0000	0.0600	0.0600	0.0600	0.0000	0.0000	
0.9716	5780      	0.0224	0.0763	0.1456	0.0000	0.0000	0.0582	0.0582	0.0582	0.0000	0.0000	
0.9726	5577      	0.0216	0.0744	0.1406	0.0000	0.0000	0.0563	0.0563	0.0563	0.0000	0.0000	
0.9736	5374      	0.0208	0.0725	0.1357	0.0000	0.0000	0.0544	0.0544	0.0544	0.0000	0.0000	
0.9746	5171      	0.0200	0.0706	0.1309	0.0000	0.0000	0.0525	0.0525	0.0525	0.0000	0.0000	
0.9756	4968      	0.0193	0.0687	0.1258	0.0000	0.0000	0.0506	0.0506	0.0506	0.0000	0.0000	
0.9766	4765      	0.0184	0.0667	0.1212	0.0000	0.0000	0.0486	0.0486	0.0486	0.0000	0.0000	
0.9776	4562      	0.0176	0.0647	0.1162	0.0000	0.0000	0.0466	0.0466	0.0466	0.0000	0.0000	
0.9786	4359      	0.0168	0.0627	0.1111	0.0000	0.0000	0.0446	0.0446	0.0446	0.0000	0.0000	
0.9796	4156      	0.0160	0.0607	0.1058	0.0000	0.0000	0.0426	0.0426	0.0426	0.0000	0.0000	
0.9806	3953      	0.0152	0.0587	0.1005	0.0000	0.0000	0.0405	0.0405	0.0405	0.0000	0.0000	
0.9816	3750      	0.0144	0.0566	0.0953	0.0000	0.0000	0.0384	0.0384	0.0384	0.0000	0.0000	
0.9826	3547      	0.0136	0.0546	0.0902	0.0000	0.0000	0.0363	0.0363	0.0363	0.0000	0.0000	
0.9836	3344      	0.0129	0.0524	0.0854	0.0000	0.0000	0.0343	0.0343	0.0343	0.0000	0.0000	
0.9845	3141      	0.0121	0.0496	0.0806	0.0000	0.0000	0.0327	0.0327	0.0327	0.0000	0.0000	
0.9855	2938      	0.0113	0.0469	0.0757	0.0000	0.0000	0.0309	0.0309	0.0309	0.0000	0.0000	
0.9865	2735      	0.0105	0.0440	0.0707	0.0000	0.0000	0.0291	0.0291	0.0291	0.0000	0.0000	
0.9875	2532      	0.0097	0.0411	0.0656	0.0000	0.0000	0.0274	0.0274	0.0274	0.0000	0.0000	
0.9885	2329      	0.0089	0.0382	0.0607	0.0000	0.0000	0.0255	0.0255	0.0255	0.0000	0.0000	
0.9895	2126      	0.0081	0.0352	0.0556	0.0000	0.0000	0.0237	0.0237	0.0237	0.0000	0.0000	
0.9905	1923      	0.0073	0.0322	0.0508	0.0000	0.0000	0.0218	0.0218	0.0218	0.0000	0.0000	
0.9915	1720      	0.0065	0.0290	0.0454	0.0000	0.0000	0.0199	0.0199	0.0199	0.0000	0.0000	
0.9925	1517      	0.0057	0.0259	0.0403	0.0000	0.0000	0.0179	0.0179	0.0179	0.0000	0.0000	
0.9935	1314      	0.0049	0.0227	0.0349	0.0000	0.0000	0.0159	0.0159	0.0159	0.0000	0.0000	
0.9945	1111      	0.0042	0.0195	0.0305	0.0000	0.0000	0.0137	0.0137	0.0137	0.0000	0.0000	
0.9955	908       	0.0034	0.0163	0.0257	0.0000	0.0000	0.0115	0.0115	0.0115	0.0000	0.0000	
0.9965	705       	0.0027	0.0129	0.0204	0.0000	0.0000	0.0092	0.0092	0.0092	0.0000	0.0000	
0.9975	502       	0.0019	0.0094	0.0149	0.0000	0.0000	0.0068	0.0068	0.0068	0.0000	0.0000	
0.9985	299       	0.0012	0.0059	0.0095	0.0000	0.0000	0.0042	0.0042	0.0042	0.0000	0.0000	
0.9995	96        	0.0004	0.0020	0.0033	0.0000	0.0000	0.0014	0.0014	0.0014	0.0000	0.0000	
1.0000	0         	0.0000	0.0000	0.0000	0.0000	0.0000	0.0000	0.0000	0.0000	0.0000	0.0000	
