ADMU id: 0: F-lost, TF-cost	min-1 mean-1 wmean-1 max-1	min-2 mean-2 wmean-2 max-2	
0.00001	0         	0.64243 	0.74767 	0.67890 	0.92168 	0.67602 	0.67602 	0.00000 	0.67602 	
0.00101	0         	0.63544 	0.74241 	0.67890 	0.91289 	0.67602 	0.67602 	0.00000 	0.67602 	
0.00201	0         	0.63121 	0.73933 	0.67890 	0.90787 	0.67602 	0.67602 	0.00000 	0.67602 	
0.00300	0         	0.62831 	0.73823 	0.67890 	0.90748 	0.67602 	0.67602 	0.00000 	0.67602 	
0.00400	0         	0.62620 	0.73745 	0.67890 	0.90724 	0.67602 	0.67602 	0.00000 	0.67602 	
0.00500	0         	0.62337 	0.73648 	0.67890 	0.90716 	0.67602 	0.67602 	0.00000 	0.67602 	
0.00600	0         	0.62203 	0.73593 	0.67890 	0.90685 	0.67602 	0.67602 	0.00000 	0.67602 	
0.00700	0         	0.62041 	0.73518 	0.67890 	0.90622 	0.67602 	0.67602 	0.00000 	0.67602 	
0.00800	0         	0.61907 	0.73442 	0.67890 	0.90528 	0.67602 	0.67602 	0.00000 	0.67602 	
0.00899	0         	0.61787 	0.73352 	0.67890 	0.90379 	0.67601 	0.67601 	0.00000 	0.67601 	
0.00999	0         	0.61653 	0.73276 	0.67890 	0.90284 	0.67599 	0.67599 	0.00000 	0.67599 	
0.01099	0         	0.61476 	0.73199 	0.67890 	0.90229 	0.67598 	0.67598 	0.00000 	0.67598 	
0.01199	0         	0.61385 	0.73160 	0.67890 	0.90206 	0.67596 	0.67596 	0.00000 	0.67596 	
0.01299	0         	0.61138 	0.73073 	0.67890 	0.90190 	0.67594 	0.67594 	0.00000 	0.67594 	
0.01399	0         	0.61039 	0.73037 	0.67890 	0.90182 	0.67591 	0.67591 	0.00000 	0.67591 	
0.01498	0         	0.60940 	0.73004 	0.67890 	0.90182 	0.67587 	0.67587 	0.00000 	0.67587 	
0.01598	0         	0.60813 	0.72954 	0.67890 	0.90159 	0.67583 	0.67583 	0.00000 	0.67583 	
0.01698	0         	0.60735 	0.72923 	0.67890 	0.90143 	0.67579 	0.67579 	0.00000 	0.67579 	
0.01798	0         	0.60629 	0.72872 	0.67890 	0.90096 	0.67574 	0.67574 	0.00000 	0.67574 	
0.01898	0         	0.60509 	0.72821 	0.67890 	0.90065 	0.67569 	0.67569 	0.00000 	0.67569 	
0.01998	0         	0.60397 	0.72776 	0.67890 	0.90041 	0.67563 	0.67563 	0.00000 	0.67563 	
0.02097	0         	0.60298 	0.72722 	0.67890 	0.89978 	0.67557 	0.67557 	0.00000 	0.67557 	
0.02197	0         	0.60241 	0.72690 	0.67890 	0.89939 	0.67551 	0.67551 	0.00000 	0.67551 	
0.02297	0         	0.60135 	0.72639 	0.67890 	0.89892 	0.67544 	0.67544 	0.00000 	0.67544 	
0.02397	0         	0.60058 	0.72603 	0.67890 	0.89860 	0.67537 	0.67537 	0.00000 	0.67537 	
0.02497	0         	0.59945 	0.72550 	0.67890 	0.89813 	0.67530 	0.67530 	0.00000 	0.67530 	
0.02597	0         	0.59818 	0.72494 	0.67890 	0.89774 	0.67523 	0.67523 	0.00000 	0.67523 	
0.02696	0         	0.59740 	0.72455 	0.67890 	0.89735 	0.67515 	0.67515 	0.00000 	0.67515 	
0.02796	0         	0.59684 	0.72426 	0.67890 	0.89704 	0.67507 	0.67507 	0.00000 	0.67507 	
0.02896	0         	0.59599 	0.72398 	0.67890 	0.89704 	0.67498 	0.67498 	0.00000 	0.67498 	
0.02996	0         	0.59458 	0.72345 	0.67890 	0.89688 	0.67489 	0.67489 	0.00000 	0.67489 	
0.03096	0         	0.59303 	0.72280 	0.67889 	0.89649 	0.67480 	0.67480 	0.00000 	0.67480 	
0.03196	0         	0.59154 	0.72222 	0.67888 	0.89625 	0.67470 	0.67470 	0.00000 	0.67470 	
0.03295	0         	0.59049 	0.72184 	0.67887 	0.89617 	0.67460 	0.67460 	0.00000 	0.67460 	
0.03395	0         	0.58907 	0.72129 	0.67885 	0.89594 	0.67450 	0.67450 	0.00000 	0.67450 	
0.03495	0         	0.58823 	0.72095 	0.67884 	0.89578 	0.67440 	0.67440 	0.00000 	0.67440 	
0.03595	0         	0.58703 	0.72042 	0.67883 	0.89539 	0.67429 	0.67429 	0.00000 	0.67429 	
0.03695	0         	0.58611 	0.71997 	0.67882 	0.89499 	0.67418 	0.67418 	0.00000 	0.67418 	
0.03795	0         	0.58456 	0.71935 	0.67881 	0.89468 	0.67407 	0.67407 	0.00000 	0.67407 	
0.03894	0         	0.58399 	0.71897 	0.67879 	0.89413 	0.67396 	0.67396 	0.00000 	0.67396 	
0.03994	0         	0.58258 	0.71839 	0.67878 	0.89382 	0.67385 	0.67385 	0.00000 	0.67385 	
0.04094	0         	0.58131 	0.71784 	0.67877 	0.89342 	0.67373 	0.67373 	0.00000 	0.67373 	
0.04194	0         	0.58039 	0.71742 	0.67876 	0.89311 	0.67361 	0.67361 	0.00000 	0.67361 	
0.04294	0         	0.57898 	0.71674 	0.67875 	0.89248 	0.67349 	0.67349 	0.00000 	0.67349 	
0.04394	0         	0.57778 	0.71607 	0.67873 	0.89170 	0.67337 	0.67337 	0.00000 	0.67337 	
0.04493	0         	0.57630 	0.71542 	0.67872 	0.89123 	0.67324 	0.67324 	0.00000 	0.67324 	
0.04593	0         	0.57510 	0.71486 	0.67871 	0.89076 	0.67310 	0.67310 	0.00000 	0.67310 	
0.04693	0         	0.57369 	0.71415 	0.67870 	0.89005 	0.67297 	0.67297 	0.00000 	0.67297 	
0.04793	0         	0.57249 	0.71340 	0.67869 	0.88903 	0.67283 	0.67283 	0.00000 	0.67283 	
0.04893	0         	0.57122 	0.71274 	0.67867 	0.88832 	0.67269 	0.67269 	0.00000 	0.67269 	
0.04993	0         	0.56988 	0.71195 	0.67866 	0.88730 	0.67254 	0.67254 	0.00000 	0.67254 	
0.05092	0         	0.56868 	0.71123 	0.67865 	0.88636 	0.67239 	0.67239 	0.00000 	0.67239 	
0.05192	0         	0.56755 	0.71059 	0.67863 	0.88557 	0.67223 	0.67223 	0.00000 	0.67223 	
0.05292	0         	0.56642 	0.70976 	0.67861 	0.88424 	0.67208 	0.67208 	0.00000 	0.67208 	
0.05392	0         	0.56550 	0.70902 	0.67858 	0.88298 	0.67192 	0.67192 	0.00000 	0.67192 	
0.05492	0         	0.56466 	0.70847 	0.67856 	0.88220 	0.67175 	0.67175 	0.00000 	0.67175 	
0.05592	0         	0.56339 	0.70767 	0.67854 	0.88110 	0.67158 	0.67158 	0.00000 	0.67158 	
0.05691	0         	0.56254 	0.70702 	0.67851 	0.88000 	0.67141 	0.67141 	0.00000 	0.67141 	
0.05791	0         	0.56141 	0.70632 	0.67849 	0.87906 	0.67123 	0.67123 	0.00000 	0.67123 	
0.05891	0         	0.55979 	0.70533 	0.67846 	0.87772 	0.67105 	0.67105 	0.00000 	0.67105 	
0.05991	0         	0.55802 	0.70442 	0.67844 	0.87678 	0.67086 	0.67086 	0.00000 	0.67086 	
0.06091	0         	0.55689 	0.70374 	0.67842 	0.87592 	0.67066 	0.67066 	0.00000 	0.67066 	
0.06191	0         	0.55605 	0.70316 	0.67839 	0.87506 	0.67047 	0.67047 	0.00000 	0.67047 	
0.06290	0         	0.55428 	0.70207 	0.67837 	0.87356 	0.67027 	0.67027 	0.00000 	0.67027 	
0.06390	0         	0.55308 	0.70134 	0.67833 	0.87262 	0.67006 	0.67006 	0.00000 	0.67006 	
0.06490	0         	0.55195 	0.70075 	0.67829 	0.87199 	0.66985 	0.66985 	0.00000 	0.66985 	
0.06590	0         	0.55054 	0.69990 	0.67826 	0.87089 	0.66964 	0.66964 	0.00000 	0.66964 	
0.06690	0         	0.54977 	0.69934 	0.67822 	0.87003 	0.66942 	0.66942 	0.00000 	0.66942 	
0.06790	0         	0.54871 	0.69877 	0.67819 	0.86940 	0.66919 	0.66919 	0.00000 	0.66919 	
0.06889	0         	0.54835 	0.69854 	0.67816 	0.86909 	0.66905 	0.66905 	0.00000 	0.66905 	
0.06989	0         	0.54751 	0.69785 	0.67813 	0.86791 	0.66882 	0.66882 	0.00000 	0.66882 	
0.07089	0         	0.54687 	0.69734 	0.67809 	0.86705 	0.66859 	0.66859 	0.00000 	0.66859 	
0.07189	0         	0.54532 	0.69647 	0.67805 	0.86603 	0.66835 	0.66835 	0.00000 	0.66835 	
0.07289	0         	0.54433 	0.69576 	0.67802 	0.86493 	0.66812 	0.66812 	0.00000 	0.66812 	
0.07389	0         	0.54320 	0.69526 	0.67798 	0.86461 	0.66786 	0.66786 	0.00000 	0.66786 	
0.07488	0         	0.54207 	0.69461 	0.67793 	0.86383 	0.66761 	0.66761 	0.00000 	0.66761 	
0.07588	0         	0.54102 	0.69377 	0.67788 	0.86242 	0.66737 	0.66737 	0.00000 	0.66737 	
0.07688	0         	0.54010 	0.69303 	0.67783 	0.86116 	0.66712 	0.66712 	0.00000 	0.66712 	
0.07788	0         	0.53904 	0.69224 	0.67778 	0.85990 	0.66686 	0.66686 	0.00000 	0.66686 	
0.07888	0         	0.53812 	0.69166 	0.67774 	0.85912 	0.66660 	0.66660 	0.00000 	0.66660 	
0.07988	0         	0.53699 	0.69103 	0.67769 	0.85841 	0.66634 	0.66634 	0.00000 	0.66634 	
0.08087	0         	0.53586 	0.69040 	0.67764 	0.85771 	0.66606 	0.66606 	0.00000 	0.66606 	
0.08187	0         	0.53488 	0.68974 	0.67759 	0.85676 	0.66579 	0.66579 	0.00000 	0.66579 	
0.08287	0         	0.53431 	0.68930 	0.67754 	0.85606 	0.66551 	0.66551 	0.00000 	0.66551 	
0.08387	0         	0.53339 	0.68851 	0.67748 	0.85465 	0.66525 	0.66525 	0.00000 	0.66525 	
0.08487	0         	0.53170 	0.68769 	0.67743 	0.85394 	0.66499 	0.66499 	0.00000 	0.66499 	
0.08587	0         	0.53085 	0.68710 	0.67737 	0.85308 	0.66470 	0.66470 	0.00000 	0.66470 	
0.08686	0         	0.52972 	0.68649 	0.67731 	0.85245 	0.66441 	0.66441 	0.00000 	0.66441 	
0.08786	0         	0.52859 	0.68581 	0.67725 	0.85158 	0.66412 	0.66412 	0.00000 	0.66412 	
0.08886	0         	0.52761 	0.68491 	0.67719 	0.84994 	0.66384 	0.66384 	0.00000 	0.66384 	
0.08986	0         	0.52627 	0.68421 	0.67714 	0.84923 	0.66355 	0.66355 	0.00000 	0.66355 	
0.09086	0         	0.52514 	0.68363 	0.67708 	0.84868 	0.66326 	0.66326 	0.00000 	0.66326 	
0.09186	0         	0.52394 	0.68282 	0.67702 	0.84750 	0.66297 	0.66297 	0.00000 	0.66297 	
0.09285	0         	0.52302 	0.68228 	0.67696 	0.84687 	0.66266 	0.66266 	0.00000 	0.66266 	
0.09385	0         	0.52161 	0.68145 	0.67689 	0.84585 	0.66235 	0.66235 	0.00000 	0.66235 	
0.09485	0         	0.52048 	0.68068 	0.67682 	0.84475 	0.66204 	0.66204 	0.00000 	0.66204 	
0.09585	0         	0.51935 	0.68005 	0.67674 	0.84405 	0.66173 	0.66173 	0.00000 	0.66173 	
0.09685	0         	0.51843 	0.67943 	0.67667 	0.84318 	0.66142 	0.66142 	0.00000 	0.66142 	
0.09785	0         	0.51681 	0.67860 	0.67660 	0.84240 	0.66110 	0.66110 	0.00000 	0.66110 	
0.09884	0         	0.51646 	0.67753 	0.67655 	0.83957 	0.66088 	0.66088 	0.00000 	0.66088 	
0.09984	0         	0.51420 	0.67518 	0.67649 	0.83486 	0.66066 	0.66066 	0.00000 	0.66066 	
0.10084	0         	0.51328 	0.67459 	0.67642 	0.83408 	0.66034 	0.66034 	0.00000 	0.66034 	
0.10184	0         	0.51215 	0.67396 	0.67635 	0.83337 	0.66001 	0.66001 	0.00000 	0.66001 	
0.10284	0         	0.51152 	0.67273 	0.67628 	0.83039 	0.65972 	0.65972 	0.00000 	0.65972 	
0.10384	0         	0.51067 	0.67198 	0.67621 	0.82905 	0.65939 	0.65939 	0.00000 	0.65939 	
0.10483	0         	0.50933 	0.67137 	0.67613 	0.82866 	0.65905 	0.65905 	0.00000 	0.65905 	
0.10583	0         	0.50778 	0.67041 	0.67605 	0.82741 	0.65874 	0.65874 	0.00000 	0.65874 	
0.10683	0         	0.50615 	0.66953 	0.67596 	0.82646 	0.65841 	0.65841 	0.00000 	0.65841 	
0.10783	0         	0.50474 	0.66872 	0.67588 	0.82552 	0.65807 	0.65807 	0.00000 	0.65807 	
0.10883	0         	0.50411 	0.66822 	0.67581 	0.82474 	0.65776 	0.65776 	0.00000 	0.65776 	
0.10983	0         	0.50255 	0.66733 	0.67572 	0.82372 	0.65742 	0.65742 	0.00000 	0.65742 	
0.11082	0         	0.50093 	0.66658 	0.67564 	0.82317 	0.65706 	0.65706 	0.00000 	0.65706 	
0.11182	0         	0.50001 	0.66580 	0.67555 	0.82183 	0.65671 	0.65671 	0.00000 	0.65671 	
0.11282	0         	0.49839 	0.66486 	0.67547 	0.82073 	0.65638 	0.65638 	0.00000 	0.65638 	
0.11382	0         	0.49712 	0.66399 	0.67538 	0.81948 	0.65603 	0.65603 	0.00000 	0.65603 	
0.11482	0         	0.49557 	0.66316 	0.67531 	0.81861 	0.65572 	0.65572 	0.00000 	0.65572 	
0.11582	0         	0.49423 	0.66243 	0.67522 	0.81783 	0.65539 	0.65539 	0.00000 	0.65539 	
0.11681	0         	0.49381 	0.66207 	0.67513 	0.81728 	0.65503 	0.65503 	0.00000 	0.65503 	
0.11781	0         	0.49239 	0.66120 	0.67503 	0.81618 	0.65467 	0.65467 	0.00000 	0.65467 	
0.11881	0         	0.49112 	0.66038 	0.67494 	0.81508 	0.65431 	0.65431 	0.00000 	0.65431 	
0.11981	0         	0.48993 	0.65971 	0.67484 	0.81438 	0.65394 	0.65394 	0.00000 	0.65394 	
0.12081	0         	0.48859 	0.65876 	0.67475 	0.81296 	0.65357 	0.65357 	0.00000 	0.65357 	
0.12181	0         	0.48732 	0.65789 	0.67465 	0.81171 	0.65320 	0.65320 	0.00000 	0.65320 	
0.12280	0         	0.48619 	0.65719 	0.67455 	0.81084 	0.65282 	0.65282 	0.00000 	0.65282 	
0.12380	0         	0.48485 	0.65645 	0.67446 	0.81006 	0.65244 	0.65244 	0.00000 	0.65244 	
0.12480	0         	0.48400 	0.65585 	0.67435 	0.80919 	0.65206 	0.65206 	0.00000 	0.65206 	
0.12580	0         	0.48308 	0.65532 	0.67424 	0.80864 	0.65167 	0.65167 	0.00000 	0.65167 	
0.12680	0         	0.48202 	0.65462 	0.67413 	0.80770 	0.65127 	0.65127 	0.00000 	0.65127 	
0.12780	0         	0.48054 	0.65388 	0.67403 	0.80707 	0.65088 	0.65088 	0.00000 	0.65088 	
0.12879	0         	0.47941 	0.65326 	0.67392 	0.80645 	0.65048 	0.65048 	0.00000 	0.65048 	
0.12979	0         	0.47793 	0.65255 	0.67381 	0.80590 	0.65007 	0.65007 	0.00000 	0.65007 	
0.13079	0         	0.47702 	0.65205 	0.67370 	0.80543 	0.64967 	0.64967 	0.00000 	0.64967 	
0.13179	0         	0.47603 	0.65147 	0.67359 	0.80480 	0.64925 	0.64925 	0.00000 	0.64925 	
0.13279	0         	0.47525 	0.65110 	0.67347 	0.80456 	0.64883 	0.64883 	0.00000 	0.64883 	
0.13379	0         	0.47434 	0.65046 	0.67335 	0.80370 	0.64842 	0.64842 	0.00000 	0.64842 	
0.13478	0         	0.47278 	0.64967 	0.67323 	0.80299 	0.64800 	0.64800 	0.00000 	0.64800 	
0.13578	0         	0.47250 	0.64951 	0.67311 	0.80291 	0.64757 	0.64757 	0.00000 	0.64757 	
0.13678	0         	0.47158 	0.64909 	0.67299 	0.80268 	0.64714 	0.64714 	0.00000 	0.64714 	
0.13778	0         	0.47053 	0.64859 	0.67287 	0.80236 	0.64670 	0.64670 	0.00000 	0.64670 	
0.13878	0         	0.47010 	0.64822 	0.67275 	0.80182 	0.64627 	0.64627 	0.00000 	0.64627 	
0.13978	0         	0.46926 	0.64780 	0.67264 	0.80150 	0.64590 	0.64590 	0.00000 	0.64590 	
0.14077	0         	0.46806 	0.64712 	0.67252 	0.80079 	0.64550 	0.64550 	0.00000 	0.64550 	
0.14177	0         	0.46693 	0.64649 	0.67239 	0.80017 	0.64505 	0.64505 	0.00000 	0.64505 	
0.14277	0         	0.46608 	0.64604 	0.67225 	0.79977 	0.64461 	0.64461 	0.00000 	0.64461 	
0.14377	0         	0.46538 	0.64557 	0.67212 	0.79922 	0.64416 	0.64416 	0.00000 	0.64416 	
0.14477	0         	0.46411 	0.64487 	0.67199 	0.79852 	0.64371 	0.64371 	0.00000 	0.64371 	
0.14577	0         	0.46305 	0.64442 	0.67186 	0.79836 	0.64325 	0.64325 	0.00000 	0.64325 	
0.14676	0         	0.46199 	0.64387 	0.67171 	0.79789 	0.64280 	0.64280 	0.00000 	0.64280 	
0.14776	0         	0.46143 	0.64358 	0.67157 	0.79773 	0.64234 	0.64234 	0.00000 	0.64234 	
0.14876	0         	0.46030 	0.64294 	0.67143 	0.79711 	0.64188 	0.64188 	0.00000 	0.64188 	
0.14976	0         	0.45924 	0.64239 	0.67131 	0.79663 	0.64151 	0.64151 	0.00000 	0.64151 	
0.15076	0         	0.45868 	0.64208 	0.67118 	0.79640 	0.64108 	0.64108 	0.00000 	0.64108 	
0.15176	0         	0.45853 	0.64201 	0.67117 	0.79632 	0.64105 	0.64105 	0.00000 	0.64105 	
0.15275	0         	0.45846 	0.64198 	0.67117 	0.79632 	0.64105 	0.64105 	0.00000 	0.64105 	
0.15375	0         	0.45839 	0.64196 	0.67117 	0.79632 	0.64105 	0.64105 	0.00000 	0.64105 	
0.15475	0         	0.45818 	0.64163 	0.67117 	0.79554 	0.64105 	0.64105 	0.00000 	0.64105 	
0.15575	0         	0.45797 	0.63889 	0.67117 	0.78753 	0.64104 	0.64104 	0.00000 	0.64104 	
0.15675	0         	0.45769 	0.63489 	0.67116 	0.77583 	0.64103 	0.64103 	0.00000 	0.64103 	
0.15775	0         	0.45719 	0.63166 	0.67115 	0.76665 	0.64101 	0.64101 	0.00000 	0.64101 	
0.15874	0         	0.45719 	0.63088 	0.67114 	0.76429 	0.64100 	0.64100 	0.00000 	0.64100 	
0.15974	0         	0.45712 	0.63085 	0.67114 	0.76429 	0.64100 	0.64100 	0.00000 	0.64100 	
0.16074	0         	0.45712 	0.63083 	0.67114 	0.76421 	0.64100 	0.64100 	0.00000 	0.64100 	
0.16174	0         	0.45712 	0.62915 	0.67113 	0.75919 	0.64098 	0.64098 	0.00000 	0.64098 	
0.16274	0         	0.45684 	0.62790 	0.67111 	0.75574 	0.64097 	0.64097 	0.00000 	0.64097 	
0.16374	0         	0.45684 	0.62790 	0.67111 	0.75574 	0.64097 	0.64097 	0.00000 	0.64097 	
0.16473	0         	0.45684 	0.62787 	0.67111 	0.75566 	0.64097 	0.64097 	0.00000 	0.64097 	
0.16573	0         	0.45663 	0.62780 	0.67111 	0.75566 	0.64095 	0.64095 	0.00000 	0.64095 	
0.16673	0         	0.45564 	0.62747 	0.67111 	0.75566 	0.64085 	0.64085 	0.00000 	0.64085 	
0.16773	0         	0.45501 	0.62725 	0.67109 	0.75566 	0.64068 	0.64068 	0.00000 	0.64068 	
0.16873	0         	0.45451 	0.62697 	0.67107 	0.75534 	0.64056 	0.64056 	0.00000 	0.64056 	
0.16973	0         	0.45444 	0.62614 	0.67105 	0.75291 	0.64054 	0.64054 	0.00000 	0.64054 	
0.17072	0         	0.45444 	0.62614 	0.67105 	0.75291 	0.64054 	0.64054 	0.00000 	0.64054 	
0.17172	0         	0.45444 	0.62585 	0.67105 	0.75205 	0.64053 	0.64053 	0.00000 	0.64053 	
0.17272	0         	0.45430 	0.62398 	0.67101 	0.74663 	0.64049 	0.64049 	0.00000 	0.64049 	
0.17372	0         	0.45430 	0.62398 	0.67101 	0.74663 	0.64048 	0.64048 	0.00000 	0.64048 	
0.17472	0         	0.45423 	0.62335 	0.67099 	0.74482 	0.64046 	0.64046 	0.00000 	0.64046 	
0.17572	0         	0.45423 	0.62335 	0.67099 	0.74482 	0.64046 	0.64046 	0.00000 	0.64046 	
0.17671	0         	0.45233 	0.62256 	0.67092 	0.74443 	0.64025 	0.64025 	0.00000 	0.64025 	
0.17771	0         	0.45155 	0.62197 	0.67079 	0.74357 	0.63983 	0.63983 	0.00000 	0.63983 	
0.17871	0         	0.45085 	0.62119 	0.67066 	0.74208 	0.63939 	0.63939 	0.00000 	0.63939 	
0.17971	0         	0.45021 	0.62089 	0.67055 	0.74192 	0.63903 	0.63903 	0.00000 	0.63903 	
0.18071	0         	0.44958 	0.62050 	0.67041 	0.74153 	0.63859 	0.63859 	0.00000 	0.63859 	
0.18171	0         	0.44838 	0.61979 	0.67026 	0.74074 	0.63813 	0.63813 	0.00000 	0.63813 	
0.18270	0         	0.44697 	0.61903 	0.67010 	0.74004 	0.63765 	0.63765 	0.00000 	0.63765 	
0.18370	0         	0.44605 	0.61857 	0.66995 	0.73972 	0.63718 	0.63718 	0.00000 	0.63718 	
0.18470	0         	0.44541 	0.61813 	0.66979 	0.73917 	0.63670 	0.63670 	0.00000 	0.63670 	
0.18570	0         	0.44450 	0.61753 	0.66963 	0.73847 	0.63622 	0.63622 	0.00000 	0.63622 	
0.18670	0         	0.43991 	0.61224 	0.66958 	0.72724 	0.63612 	0.63612 	0.00000 	0.63612 	
0.18770	0         	0.43653 	0.60801 	0.66945 	0.71806 	0.63588 	0.63588 	0.00000 	0.63588 	
0.18869	0         	0.43568 	0.60744 	0.66929 	0.71735 	0.63540 	0.63540 	0.00000 	0.63540 	
0.18969	0         	0.43476 	0.60679 	0.66912 	0.71649 	0.63492 	0.63492 	0.00000 	0.63492 	
0.19069	0         	0.43370 	0.60607 	0.66896 	0.71554 	0.63445 	0.63445 	0.00000 	0.63445 	
0.19169	0         	0.43300 	0.60541 	0.66879 	0.71445 	0.63396 	0.63396 	0.00000 	0.63396 	
0.19269	0         	0.43166 	0.60465 	0.66862 	0.71366 	0.63347 	0.63347 	0.00000 	0.63347 	
0.19369	0         	0.43067 	0.60405 	0.66845 	0.71303 	0.63297 	0.63297 	0.00000 	0.63297 	
0.19468	0         	0.42975 	0.60327 	0.66829 	0.71178 	0.63247 	0.63247 	0.00000 	0.63247 	
0.19568	0         	0.42898 	0.60282 	0.66811 	0.71138 	0.63197 	0.63197 	0.00000 	0.63197 	
0.19668	0         	0.42792 	0.60204 	0.66793 	0.71029 	0.63146 	0.63146 	0.00000 	0.63146 	
0.19768	0         	0.42721 	0.60149 	0.66775 	0.70950 	0.63096 	0.63096 	0.00000 	0.63096 	
0.19868	0         	0.42686 	0.60119 	0.66767 	0.70903 	0.63073 	0.63073 	0.00000 	0.63073 	
0.19968	0         	0.42665 	0.60107 	0.66762 	0.70895 	0.63060 	0.63060 	0.00000 	0.63060 	
0.20067	0         	0.42630 	0.60079 	0.66752 	0.70856 	0.63032 	0.63032 	0.00000 	0.63032 	
0.20167	0         	0.42482 	0.59986 	0.66738 	0.70738 	0.62991 	0.62991 	0.00000 	0.62991 	
0.20267	0         	0.42383 	0.59908 	0.66722 	0.70620 	0.62946 	0.62946 	0.00000 	0.62946 	
0.20367	0         	0.42284 	0.59844 	0.66705 	0.70542 	0.62900 	0.62900 	0.00000 	0.62900 	
0.20467	0         	0.42178 	0.59782 	0.66689 	0.70479 	0.62855 	0.62855 	0.00000 	0.62855 	
0.20567	0         	0.42108 	0.59703 	0.66671 	0.70330 	0.62809 	0.62809 	0.00000 	0.62809 	
0.20666	0         	0.41995 	0.59610 	0.66654 	0.70181 	0.62763 	0.62763 	0.00000 	0.62763 	
0.20766	0         	0.41938 	0.59561 	0.66635 	0.70110 	0.62713 	0.62713 	0.00000 	0.62713 	
0.20866	0         	0.41875 	0.59521 	0.66617 	0.70071 	0.62662 	0.62662 	0.00000 	0.62662 	
0.20966	0         	0.41783 	0.59447 	0.66598 	0.69961 	0.62610 	0.62610 	0.00000 	0.62610 	
0.21066	0         	0.41748 	0.59396 	0.66590 	0.69851 	0.62589 	0.62589 	0.00000 	0.62589 	
0.21166	0         	0.41691 	0.59362 	0.66583 	0.69812 	0.62570 	0.62570 	0.00000 	0.62570 	
0.21265	0         	0.41663 	0.59328 	0.66571 	0.69749 	0.62538 	0.62538 	0.00000 	0.62538 	
0.21365	0         	0.41572 	0.59252 	0.66552 	0.69631 	0.62491 	0.62491 	0.00000 	0.62491 	
0.21465	0         	0.41473 	0.59142 	0.66534 	0.69419 	0.62445 	0.62445 	0.00000 	0.62445 	
0.21565	0         	0.41353 	0.59059 	0.66515 	0.69309 	0.62396 	0.62396 	0.00000 	0.62396 	
0.21665	0         	0.41247 	0.58989 	0.66496 	0.69223 	0.62345 	0.62345 	0.00000 	0.62345 	
0.21765	0         	0.41155 	0.58899 	0.66477 	0.69066 	0.62295 	0.62295 	0.00000 	0.62295 	
0.21864	0         	0.41064 	0.58789 	0.66457 	0.68846 	0.62245 	0.62245 	0.00000 	0.62245 	
0.21964	0         	0.40958 	0.58694 	0.66436 	0.68689 	0.62192 	0.62192 	0.00000 	0.62192 	
0.22064	0         	0.40831 	0.58616 	0.66414 	0.68603 	0.62138 	0.62138 	0.00000 	0.62138 	
0.22164	0         	0.40746 	0.58534 	0.66393 	0.68462 	0.62085 	0.62085 	0.00000 	0.62085 	
0.22264	0         	0.40662 	0.58449 	0.66372 	0.68312 	0.62030 	0.62030 	0.00000 	0.62030 	
0.22364	0         	0.40549 	0.58349 	0.66350 	0.68148 	0.61975 	0.61975 	0.00000 	0.61975 	
0.22463	0         	0.40429 	0.58241 	0.66328 	0.67967 	0.61921 	0.61921 	0.00000 	0.61921 	
0.22563	0         	0.40358 	0.58173 	0.66305 	0.67857 	0.61864 	0.61864 	0.00000 	0.61864 	
0.22663	0         	0.40309 	0.58084 	0.66282 	0.67661 	0.61809 	0.61809 	0.00000 	0.61809 	
0.22763	0         	0.40238 	0.57995 	0.66260 	0.67488 	0.61755 	0.61755 	0.00000 	0.61755 	
0.22863	0         	0.40210 	0.57958 	0.66247 	0.67418 	0.61722 	0.61722 	0.00000 	0.61722 	
0.22963	0         	0.40196 	0.57941 	0.66240 	0.67386 	0.61705 	0.61705 	0.00000 	0.61705 	
0.23062	0         	0.40125 	0.57863 	0.66227 	0.67237 	0.61674 	0.61674 	0.00000 	0.61674 	
0.23162	0         	0.40041 	0.57794 	0.66205 	0.67135 	0.61622 	0.61622 	0.00000 	0.61622 	
0.23262	0         	0.39893 	0.57684 	0.66183 	0.66978 	0.61570 	0.61570 	0.00000 	0.61570 	
0.23362	0         	0.39801 	0.57597 	0.66160 	0.66829 	0.61516 	0.61516 	0.00000 	0.61516 	
0.23462	0         	0.39730 	0.57511 	0.66137 	0.66664 	0.61462 	0.61462 	0.00000 	0.61462 	
0.23562	0         	0.39688 	0.57452 	0.66114 	0.66554 	0.61404 	0.61404 	0.00000 	0.61404 	
0.23661	0         	0.39603 	0.57353 	0.66090 	0.66366 	0.61348 	0.61348 	0.00000 	0.61348 	
0.23761	0         	0.39561 	0.57298 	0.66069 	0.66264 	0.61299 	0.61299 	0.00000 	0.61299 	
0.23861	0         	0.39533 	0.57265 	0.66061 	0.66201 	0.61281 	0.61281 	0.00000 	0.61281 	
0.23961	0         	0.39455 	0.57198 	0.66047 	0.66091 	0.61248 	0.61248 	0.00000 	0.61248 	
0.24061	0         	0.39420 	0.57124 	0.66025 	0.66025 	0.61198 	0.61198 	0.00000 	0.61198 	
0.24161	0         	0.39364 	0.57045 	0.66002 	0.66002 	0.61144 	0.61144 	0.00000 	0.61144 	
0.24260	0         	0.39307 	0.56958 	0.65977 	0.65977 	0.61087 	0.61087 	0.00000 	0.61087 	
0.24360	0         	0.39230 	0.56863 	0.65951 	0.65951 	0.61029 	0.61029 	0.00000 	0.61029 	
0.24460	0         	0.39138 	0.56756 	0.65925 	0.65925 	0.60972 	0.60972 	0.00000 	0.60972 	
0.24560	0         	0.39018 	0.56631 	0.65899 	0.65899 	0.60915 	0.60915 	0.00000 	0.60915 	
0.24660	0         	0.38969 	0.56554 	0.65873 	0.65873 	0.60857 	0.60857 	0.00000 	0.60857 	
0.24760	0         	0.38884 	0.56464 	0.65846 	0.65846 	0.60795 	0.60795 	0.00000 	0.60795 	
0.24859	0         	0.38722 	0.56340 	0.65818 	0.65818 	0.60735 	0.60735 	0.00000 	0.60735 	
0.24959	0         	0.38602 	0.56239 	0.65790 	0.65790 	0.60674 	0.60674 	0.00000 	0.60674 	
0.25059	0         	0.38524 	0.56144 	0.65763 	0.65763 	0.60612 	0.60612 	0.00000 	0.60612 	
0.25159	0         	0.38425 	0.56049 	0.65734 	0.65734 	0.60550 	0.60550 	0.00000 	0.60550 	
0.25259	0         	0.38369 	0.55959 	0.65717 	0.65717 	0.60515 	0.60515 	0.00000 	0.60515 	
0.25359	0         	0.38327 	0.55925 	0.65706 	0.65706 	0.60490 	0.60490 	0.00000 	0.60490 	
0.25458	0         	0.38284 	0.55890 	0.65690 	0.65690 	0.60453 	0.60453 	0.00000 	0.60453 	
0.25558	0         	0.38164 	0.55794 	0.65664 	0.65664 	0.60397 	0.60397 	0.00000 	0.60397 	
0.25658	0         	0.38115 	0.55714 	0.65637 	0.65637 	0.60339 	0.60339 	0.00000 	0.60339 	
0.25758	0         	0.38009 	0.55609 	0.65609 	0.65609 	0.60278 	0.60278 	0.00000 	0.60278 	
0.25858	0         	0.37868 	0.55485 	0.65580 	0.65580 	0.60217 	0.60217 	0.00000 	0.60217 	
0.25958	0         	0.37713 	0.55358 	0.65550 	0.65550 	0.60155 	0.60155 	0.00000 	0.60155 	
0.26057	0         	0.37635 	0.55274 	0.65527 	0.65527 	0.60107 	0.60107 	0.00000 	0.60107 	
0.26157	0         	0.37593 	0.55230 	0.65516 	0.65516 	0.60083 	0.60083 	0.00000 	0.60083 	
0.26257	0         	0.37551 	0.55174 	0.65499 	0.65499 	0.60046 	0.60046 	0.00000 	0.60046 	
0.26357	0         	0.37480 	0.55089 	0.65471 	0.65471 	0.59989 	0.59989 	0.00000 	0.59989 	
0.26457	0         	0.37388 	0.54999 	0.65442 	0.65442 	0.59927 	0.59927 	0.00000 	0.59927 	
0.26557	0         	0.37304 	0.54900 	0.65412 	0.65412 	0.59865 	0.59865 	0.00000 	0.59865 	
0.26656	0         	0.37212 	0.54821 	0.65384 	0.65384 	0.59807 	0.59807 	0.00000 	0.59807 	
0.26756	0         	0.37141 	0.54738 	0.65354 	0.65354 	0.59744 	0.59744 	0.00000 	0.59744 	
0.26856	0         	0.37036 	0.54624 	0.65322 	0.65322 	0.59679 	0.59679 	0.00000 	0.59679 	
0.26956	0         	0.36965 	0.54545 	0.65290 	0.65290 	0.59613 	0.59613 	0.00000 	0.59613 	
0.27056	0         	0.36895 	0.54467 	0.65258 	0.65258 	0.59546 	0.59546 	0.00000 	0.59546 	
0.27156	0         	0.36803 	0.54357 	0.65226 	0.65226 	0.59482 	0.59482 	0.00000 	0.59482 	
0.27255	0         	0.36725 	0.54276 	0.65193 	0.65193 	0.59416 	0.59416 	0.00000 	0.59416 	
0.27355	0         	0.36648 	0.54182 	0.65160 	0.65160 	0.59349 	0.59349 	0.00000 	0.59349 	
0.27455	0         	0.36605 	0.54141 	0.65137 	0.65137 	0.59303 	0.59303 	0.00000 	0.59303 	
0.27555	0         	0.36556 	0.54103 	0.65125 	0.65125 	0.59278 	0.59278 	0.00000 	0.59278 	
0.27655	0         	0.36478 	0.54037 	0.65099 	0.65099 	0.59225 	0.59225 	0.00000 	0.59225 	
0.27755	0         	0.36351 	0.53934 	0.65067 	0.65067 	0.59162 	0.59162 	0.00000 	0.59162 	
0.27854	0         	0.36295 	0.53876 	0.65035 	0.65035 	0.59097 	0.59097 	0.00000 	0.59097 	
0.27954	0         	0.36147 	0.53753 	0.65002 	0.65002 	0.59031 	0.59031 	0.00000 	0.59031 	
0.28054	0         	0.36048 	0.53666 	0.64967 	0.64967 	0.58963 	0.58963 	0.00000 	0.58963 	
0.28154	0         	0.35935 	0.53586 	0.64934 	0.64934 	0.58897 	0.58897 	0.00000 	0.58897 	
0.28254	0         	0.35822 	0.53490 	0.64900 	0.64900 	0.58831 	0.58831 	0.00000 	0.58831 	
0.28354	0         	0.35695 	0.53402 	0.64864 	0.64864 	0.58759 	0.58759 	0.00000 	0.58759 	
0.28453	0         	0.35554 	0.53296 	0.64829 	0.64829 	0.58692 	0.58692 	0.00000 	0.58692 	
0.28553	0         	0.35456 	0.53217 	0.64792 	0.64792 	0.58621 	0.58621 	0.00000 	0.58621 	
0.28653	0         	0.35364 	0.53098 	0.64755 	0.64755 	0.58551 	0.58551 	0.00000 	0.58551 	
0.28753	0         	0.35258 	0.53035 	0.64736 	0.64736 	0.58512 	0.58512 	0.00000 	0.58512 	
0.28853	0         	0.35173 	0.52974 	0.64713 	0.64713 	0.58470 	0.58470 	0.00000 	0.58470 	
0.28953	0         	0.35103 	0.52926 	0.64688 	0.64688 	0.58421 	0.58421 	0.00000 	0.58421 	
0.29052	0         	0.35004 	0.52836 	0.64651 	0.64651 	0.58348 	0.58348 	0.00000 	0.58348 	
0.29152	0         	0.34905 	0.52747 	0.64616 	0.64616 	0.58282 	0.58282 	0.00000 	0.58282 	
0.29252	0         	0.34792 	0.52639 	0.64577 	0.64577 	0.58210 	0.58210 	0.00000 	0.58210 	
0.29352	0         	0.34673 	0.52532 	0.64540 	0.64540 	0.58140 	0.58140 	0.00000 	0.58140 	
0.29452	0         	0.34574 	0.52467 	0.64516 	0.64516 	0.58093 	0.58093 	0.00000 	0.58093 	
0.29552	0         	0.34546 	0.52424 	0.64495 	0.64495 	0.58054 	0.58054 	0.00000 	0.58054 	
0.29651	0         	0.34447 	0.52339 	0.64462 	0.64462 	0.57992 	0.57992 	0.00000 	0.57992 	
0.29751	0         	0.34355 	0.52241 	0.64425 	0.64425 	0.57923 	0.57923 	0.00000 	0.57923 	
0.29851	0         	0.34263 	0.52146 	0.64388 	0.64388 	0.57855 	0.57855 	0.00000 	0.57855 	
0.29951	0         	0.34150 	0.52072 	0.64350 	0.64350 	0.57783 	0.57783 	0.00000 	0.57783 	
0.30051	0         	0.34038 	0.51984 	0.64310 	0.64310 	0.57711 	0.57711 	0.00000 	0.57711 	
0.30151	0         	0.33953 	0.51908 	0.64276 	0.64276 	0.57647 	0.57647 	0.00000 	0.57647 	
0.30250	0         	0.33875 	0.51828 	0.64238 	0.64238 	0.57576 	0.57576 	0.00000 	0.57576 	
0.30350	0         	0.33833 	0.51777 	0.64200 	0.64200 	0.57503 	0.57503 	0.00000 	0.57503 	
0.30450	0         	0.33748 	0.51678 	0.64159 	0.64159 	0.57430 	0.57430 	0.00000 	0.57430 	
0.30550	0         	0.33678 	0.51591 	0.64119 	0.64119 	0.57357 	0.57357 	0.00000 	0.57357 	
0.30650	0         	0.33614 	0.51512 	0.64078 	0.64078 	0.57284 	0.57284 	0.00000 	0.57284 	
0.30750	0         	0.33558 	0.51458 	0.64044 	0.64044 	0.57220 	0.57220 	0.00000 	0.57220 	
0.30849	0         	0.33523 	0.51402 	0.64020 	0.64020 	0.57177 	0.57177 	0.00000 	0.57177 	
0.30949	0         	0.33424 	0.51319 	0.63987 	0.63987 	0.57118 	0.57118 	0.00000 	0.57118 	
0.31049	0         	0.33346 	0.51258 	0.63946 	0.63946 	0.57044 	0.57044 	0.00000 	0.57044 	
0.31149	0         	0.33226 	0.51171 	0.63906 	0.63906 	0.56972 	0.56972 	0.00000 	0.56972 	
0.31249	0         	0.33114 	0.51072 	0.63864 	0.63864 	0.56897 	0.56897 	0.00000 	0.56897 	
0.31349	0         	0.33008 	0.50969 	0.63825 	0.63825 	0.56828 	0.56828 	0.00000 	0.56828 	
0.31448	0         	0.32930 	0.50905 	0.63797 	0.63797 	0.56778 	0.56778 	0.00000 	0.56778 	
0.31548	0         	0.32860 	0.50857 	0.63771 	0.63771 	0.56733 	0.56733 	0.00000 	0.56733 	
0.31648	0         	0.32789 	0.50765 	0.63738 	0.63738 	0.56675 	0.56675 	0.00000 	0.56675 	
0.31748	0         	0.32683 	0.50679 	0.63697 	0.63697 	0.56602 	0.56602 	0.00000 	0.56602 	
0.31848	0         	0.32584 	0.50588 	0.63655 	0.63655 	0.56528 	0.56528 	0.00000 	0.56528 	
0.31948	0         	0.32549 	0.50554 	0.63620 	0.63620 	0.56462 	0.56462 	0.00000 	0.56462 	
0.32047	0         	0.32486 	0.50487 	0.63577 	0.63577 	0.56387 	0.56387 	0.00000 	0.56387 	
0.32147	0         	0.32415 	0.50411 	0.63535 	0.63535 	0.56313 	0.56313 	0.00000 	0.56313 	
0.32247	0         	0.32408 	0.50387 	0.63494 	0.63494 	0.56240 	0.56240 	0.00000 	0.56240 	
0.32347	0         	0.32281 	0.50280 	0.63449 	0.63449 	0.56161 	0.56161 	0.00000 	0.56161 	
0.32447	0         	0.32161 	0.50191 	0.63405 	0.63405 	0.56085 	0.56085 	0.00000 	0.56085 	
0.32547	0         	0.32041 	0.50089 	0.63360 	0.63360 	0.56007 	0.56007 	0.00000 	0.56007 	
0.32646	0         	0.31928 	0.49984 	0.63316 	0.63316 	0.55932 	0.55932 	0.00000 	0.55932 	
0.32746	0         	0.31858 	0.49909 	0.63270 	0.63270 	0.55852 	0.55852 	0.00000 	0.55852 	
0.32846	0         	0.31830 	0.49865 	0.63238 	0.63238 	0.55795 	0.55795 	0.00000 	0.55795 	
0.32946	0         	0.31801 	0.49838 	0.63223 	0.63223 	0.55768 	0.55768 	0.00000 	0.55768 	
0.33046	0         	0.31752 	0.49793 	0.63193 	0.63193 	0.55717 	0.55717 	0.00000 	0.55717 	
0.33146	0         	0.31682 	0.49697 	0.63156 	0.63156 	0.55653 	0.55653 	0.00000 	0.55653 	
0.33245	0         	0.31611 	0.49627 	0.63112 	0.63112 	0.55576 	0.55576 	0.00000 	0.55576 	
0.33345	0         	0.31484 	0.49536 	0.63067 	0.63067 	0.55499 	0.55499 	0.00000 	0.55499 	
0.33445	0         	0.31385 	0.49446 	0.63020 	0.63020 	0.55420 	0.55420 	0.00000 	0.55420 	
0.33545	0         	0.31336 	0.49395 	0.62981 	0.62981 	0.55353 	0.55353 	0.00000 	0.55353 	
0.33645	0         	0.31279 	0.49340 	0.62950 	0.62950 	0.55301 	0.55301 	0.00000 	0.55301 	
0.33745	0         	0.31202 	0.49292 	0.62915 	0.62915 	0.55238 	0.55238 	0.00000 	0.55238 	
0.33844	0         	0.31131 	0.49219 	0.62876 	0.62876 	0.55174 	0.55174 	0.00000 	0.55174 	
0.33944	0         	0.31025 	0.49132 	0.62831 	0.62831 	0.55097 	0.55097 	0.00000 	0.55097 	
0.34044	0         	0.30955 	0.49078 	0.62787 	0.62787 	0.55021 	0.55021 	0.00000 	0.55021 	
0.34144	0         	0.30842 	0.48971 	0.62737 	0.62737 	0.54939 	0.54939 	0.00000 	0.54939 	
0.34244	0         	0.30722 	0.48874 	0.62690 	0.62690 	0.54860 	0.54860 	0.00000 	0.54860 	
0.34344	0         	0.30652 	0.48762 	0.62645 	0.62645 	0.54785 	0.54785 	0.00000 	0.54785 	
0.34443	0         	0.30567 	0.48660 	0.62595 	0.62595 	0.54704 	0.54704 	0.00000 	0.54704 	
0.34543	0         	0.30447 	0.48563 	0.62544 	0.62544 	0.54621 	0.54621 	0.00000 	0.54621 	
0.34643	0         	0.30355 	0.48438 	0.62494 	0.62494 	0.54541 	0.54541 	0.00000 	0.54541 	
0.34743	0         	0.30250 	0.48338 	0.62444 	0.62444 	0.54457 	0.54457 	0.00000 	0.54457 	
0.34843	0         	0.30193 	0.48263 	0.62416 	0.62416 	0.54413 	0.54413 	0.00000 	0.54413 	
0.34943	0         	0.30123 	0.48177 	0.62385 	0.62385 	0.54364 	0.54364 	0.00000 	0.54364 	
0.35042	0         	0.30024 	0.48092 	0.62339 	0.62339 	0.54291 	0.54291 	0.00000 	0.54291 	
0.35142	0         	0.29918 	0.47993 	0.62289 	0.62289 	0.54209 	0.54209 	0.00000 	0.54209 	
0.35242	0         	0.29847 	0.47917 	0.62240 	0.62240 	0.54129 	0.54129 	0.00000 	0.54129 	
0.35342	0         	0.29805 	0.47848 	0.62202 	0.62202 	0.54070 	0.54070 	0.00000 	0.54070 	
0.35442	0         	0.29777 	0.47803 	0.62180 	0.62180 	0.54034 	0.54034 	0.00000 	0.54034 	
0.35542	0         	0.29777 	0.47789 	0.62171 	0.62171 	0.54019 	0.54019 	0.00000 	0.54019 	
0.35641	0         	0.29763 	0.47738 	0.62134 	0.62134 	0.53959 	0.53959 	0.00000 	0.53959 	
0.35741	0         	0.29615 	0.47584 	0.62087 	0.62087 	0.53887 	0.53887 	0.00000 	0.53887 	
0.35841	0         	0.29509 	0.47479 	0.62035 	0.62035 	0.53805 	0.53805 	0.00000 	0.53805 	
0.35941	0         	0.29424 	0.47384 	0.61984 	0.61984 	0.53723 	0.53723 	0.00000 	0.53723 	
0.36041	0         	0.29368 	0.47297 	0.61930 	0.61930 	0.53637 	0.53637 	0.00000 	0.53637 	
0.36141	0         	0.29234 	0.47188 	0.61876 	0.61876 	0.53552 	0.53552 	0.00000 	0.53552 	
0.36240	0         	0.29093 	0.47068 	0.61821 	0.61821 	0.53466 	0.53466 	0.00000 	0.53466 	
0.36340	0         	0.28994 	0.46974 	0.61766 	0.61766 	0.53379 	0.53379 	0.00000 	0.53379 	
0.36440	0         	0.28923 	0.46893 	0.61711 	0.61711 	0.53293 	0.53293 	0.00000 	0.53293 	
0.36540	0         	0.28853 	0.46809 	0.61670 	0.61670 	0.53229 	0.53229 	0.00000 	0.53229 	
0.36640	0         	0.28803 	0.46740 	0.61639 	0.61639 	0.53180 	0.53180 	0.00000 	0.53180 	
0.36740	0         	0.28747 	0.46630 	0.61592 	0.61592 	0.53109 	0.53109 	0.00000 	0.53109 	
0.36839	0         	0.28655 	0.46519 	0.61540 	0.61540 	0.53029 	0.53029 	0.00000 	0.53029 	
0.36939	0         	0.28592 	0.46419 	0.61485 	0.61485 	0.52944 	0.52944 	0.00000 	0.52944 	
0.37039	0         	0.28535 	0.46347 	0.61433 	0.61433 	0.52864 	0.52864 	0.00000 	0.52864 	
0.37139	0         	0.28479 	0.46276 	0.61396 	0.61396 	0.52808 	0.52808 	0.00000 	0.52808 	
0.37239	0         	0.28408 	0.46204 	0.61360 	0.61360 	0.52753 	0.52753 	0.00000 	0.52753 	
0.37339	0         	0.28359 	0.46130 	0.61313 	0.61313 	0.52677 	0.52677 	0.00000 	0.52677 	
0.37438	0         	0.28218 	0.46036 	0.61259 	0.61259 	0.52594 	0.52594 	0.00000 	0.52594 	
0.37538	0         	0.28105 	0.45924 	0.61201 	0.61201 	0.52507 	0.52507 	0.00000 	0.52507 	
0.37638	0         	0.28042 	0.45824 	0.61143 	0.61143 	0.52418 	0.52418 	0.00000 	0.52418 	
0.37738	0         	0.27971 	0.45717 	0.61082 	0.61082 	0.52328 	0.52328 	0.00000 	0.52328 	
0.37838	0         	0.27886 	0.45611 	0.61022 	0.61022 	0.52238 	0.52238 	0.00000 	0.52238 	
0.37938	0         	0.27788 	0.45467 	0.60963 	0.60963 	0.52150 	0.52150 	0.00000 	0.52150 	
0.38037	0         	0.27717 	0.45363 	0.60917 	0.60917 	0.52082 	0.52082 	0.00000 	0.52082 	
0.38137	0         	0.27675 	0.45295 	0.60875 	0.60875 	0.52019 	0.52019 	0.00000 	0.52019 	
0.38237	0         	0.27632 	0.45232 	0.60837 	0.60837 	0.51961 	0.51961 	0.00000 	0.51961 	
0.38337	0         	0.27548 	0.45149 	0.60782 	0.60782 	0.51880 	0.51880 	0.00000 	0.51880 	
0.38437	0         	0.27477 	0.45038 	0.60724 	0.60724 	0.51795 	0.51795 	0.00000 	0.51795 	
0.38537	0         	0.27407 	0.44922 	0.60667 	0.60667 	0.51713 	0.51713 	0.00000 	0.51713 	
0.38636	0         	0.27357 	0.44820 	0.60608 	0.60608 	0.51625 	0.51625 	0.00000 	0.51625 	
0.38736	0         	0.27294 	0.44742 	0.60546 	0.60546 	0.51533 	0.51533 	0.00000 	0.51533 	
0.38836	0         	0.27209 	0.44651 	0.60483 	0.60483 	0.51440 	0.51440 	0.00000 	0.51440 	
0.38936	0         	0.27153 	0.44581 	0.60423 	0.60423 	0.51348 	0.51348 	0.00000 	0.51348 	
0.39036	0         	0.27132 	0.44527 	0.60377 	0.60377 	0.51280 	0.51280 	0.00000 	0.51280 	
0.39136	0         	0.27061 	0.44442 	0.60334 	0.60334 	0.51217 	0.51217 	0.00000 	0.51217 	
0.39235	0         	0.26983 	0.44359 	0.60281 	0.60281 	0.51140 	0.51140 	0.00000 	0.51140 	
0.39335	0         	0.26941 	0.44280 	0.60219 	0.60219 	0.51050 	0.51050 	0.00000 	0.51050 	
0.39435	0         	0.26856 	0.44196 	0.60162 	0.60162 	0.50966 	0.50966 	0.00000 	0.50966 	
0.39535	0         	0.26800 	0.44131 	0.60110 	0.60110 	0.50888 	0.50888 	0.00000 	0.50888 	
0.39635	0         	0.26758 	0.44068 	0.60064 	0.60064 	0.50823 	0.50823 	0.00000 	0.50823 	
0.39735	0         	0.26645 	0.43962 	0.60010 	0.60010 	0.50745 	0.50745 	0.00000 	0.50745 	
0.39834	0         	0.26588 	0.43885 	0.59946 	0.59946 	0.50650 	0.50650 	0.00000 	0.50650 	
0.39934	0         	0.26504 	0.43790 	0.59887 	0.59887 	0.50566 	0.50566 	0.00000 	0.50566 	
0.40034	0         	0.26440 	0.43714 	0.59832 	0.59832 	0.50486 	0.50486 	0.00000 	0.50486 	
0.40134	0         	0.26370 	0.43622 	0.59766 	0.59766 	0.50391 	0.50391 	0.00000 	0.50391 	
0.40234	0         	0.26285 	0.43522 	0.59702 	0.59702 	0.50301 	0.50301 	0.00000 	0.50301 	
0.40334	0         	0.26250 	0.43464 	0.59650 	0.59650 	0.50220 	0.50220 	0.00000 	0.50220 	
0.40433	0         	0.26215 	0.43437 	0.59602 	0.59602 	0.50141 	0.50141 	0.00000 	0.50141 	
0.40533	0         	0.26193 	0.43406 	0.59539 	0.59539 	0.50049 	0.50049 	0.00000 	0.50049 	
0.40633	0         	0.26130 	0.43357 	0.59487 	0.59487 	0.49972 	0.49972 	0.00000 	0.49972 	
0.40733	0         	0.26102 	0.43314 	0.59432 	0.59432 	0.49891 	0.49891 	0.00000 	0.49891 	
0.40833	0         	0.26038 	0.43241 	0.59371 	0.59371 	0.49804 	0.49804 	0.00000 	0.49804 	
0.40933	0         	0.25968 	0.43172 	0.59315 	0.59315 	0.49724 	0.49724 	0.00000 	0.49724 	
0.41032	0         	0.25890 	0.43103 	0.59262 	0.59262 	0.49650 	0.49650 	0.00000 	0.49650 	
0.41132	0         	0.25834 	0.43030 	0.59210 	0.59210 	0.49577 	0.49577 	0.00000 	0.49577 	
0.41232	0         	0.25735 	0.42937 	0.59148 	0.59148 	0.49489 	0.49489 	0.00000 	0.49489 	
0.41332	0         	0.25650 	0.42842 	0.59082 	0.59082 	0.49397 	0.49397 	0.00000 	0.49397 	
0.41432	0         	0.25587 	0.42760 	0.59016 	0.59016 	0.49306 	0.49306 	0.00000 	0.49306 	
0.41531	0         	0.25502 	0.42702 	0.58952 	0.58952 	0.49214 	0.49214 	0.00000 	0.49214 	
0.41631	0         	0.25410 	0.42601 	0.58881 	0.58881 	0.49116 	0.49116 	0.00000 	0.49116 	
0.41731	0         	0.25326 	0.42492 	0.58812 	0.58812 	0.49021 	0.49021 	0.00000 	0.49021 	
0.41831	0         	0.25248 	0.42410 	0.58744 	0.58744 	0.48926 	0.48926 	0.00000 	0.48926 	
0.41931	0         	0.25192 	0.42337 	0.58692 	0.58692 	0.48855 	0.48855 	0.00000 	0.48855 	
0.42031	0         	0.25135 	0.42269 	0.58632 	0.58632 	0.48772 	0.48772 	0.00000 	0.48772 	
0.42130	0         	0.25051 	0.42176 	0.58563 	0.58563 	0.48678 	0.48678 	0.00000 	0.48678 	
0.42230	0         	0.24966 	0.42077 	0.58500 	0.58500 	0.48593 	0.48593 	0.00000 	0.48593 	
0.42330	0         	0.24839 	0.41995 	0.58442 	0.58442 	0.48513 	0.48513 	0.00000 	0.48513 	
0.42430	0         	0.24761 	0.41935 	0.58387 	0.58387 	0.48437 	0.48437 	0.00000 	0.48437 	
0.42530	0         	0.24719 	0.41868 	0.58322 	0.58322 	0.48350 	0.48350 	0.00000 	0.48350 	
0.42630	0         	0.24663 	0.41792 	0.58254 	0.58254 	0.48256 	0.48256 	0.00000 	0.48256 	
0.42729	0         	0.24613 	0.41726 	0.58183 	0.58183 	0.48159 	0.48159 	0.00000 	0.48159 	
0.42829	0         	0.24500 	0.41508 	0.58122 	0.58122 	0.48077 	0.48077 	0.00000 	0.48077 	
0.42929	0         	0.24423 	0.41403 	0.58048 	0.58048 	0.47978 	0.47978 	0.00000 	0.47978 	
0.43029	0         	0.24275 	0.41308 	0.57975 	0.57975 	0.47877 	0.47877 	0.00000 	0.47877 	
0.43129	0         	0.24218 	0.41230 	0.57898 	0.57898 	0.47773 	0.47773 	0.00000 	0.47773 	
0.43229	0         	0.24105 	0.41145 	0.57837 	0.57837 	0.47691 	0.47691 	0.00000 	0.47691 	
0.43328	0         	0.24077 	0.41083 	0.57773 	0.57773 	0.47605 	0.47605 	0.00000 	0.47605 	
0.43428	0         	0.23985 	0.40999 	0.57705 	0.57705 	0.47514 	0.47514 	0.00000 	0.47514 	
0.43528	0         	0.23936 	0.40927 	0.57635 	0.57635 	0.47421 	0.47421 	0.00000 	0.47421 	
0.43628	0         	0.23901 	0.40890 	0.57565 	0.57565 	0.47324 	0.47324 	0.00000 	0.47324 	
0.43728	0         	0.23823 	0.40817 	0.57504 	0.57504 	0.47242 	0.47242 	0.00000 	0.47242 	
0.43828	0         	0.23788 	0.40760 	0.57446 	0.57446 	0.47165 	0.47165 	0.00000 	0.47165 	
0.43927	0         	0.23724 	0.40692 	0.57377 	0.57377 	0.47072 	0.47072 	0.00000 	0.47072 	
0.44027	0         	0.23654 	0.40611 	0.57307 	0.57307 	0.46979 	0.46979 	0.00000 	0.46979 	
0.44127	0         	0.23576 	0.40547 	0.57238 	0.57238 	0.46885 	0.46885 	0.00000 	0.46885 	
0.44227	0         	0.23506 	0.40471 	0.57159 	0.57159 	0.46780 	0.46780 	0.00000 	0.46780 	
0.44327	0         	0.23442 	0.40371 	0.57080 	0.57080 	0.46677 	0.46677 	0.00000 	0.46677 	
0.44427	0         	0.23343 	0.40283 	0.57000 	0.57000 	0.46570 	0.46570 	0.00000 	0.46570 	
0.44526	0         	0.23287 	0.40214 	0.56938 	0.56938 	0.46488 	0.46488 	0.00000 	0.46488 	
0.44626	0         	0.23209 	0.40131 	0.56874 	0.56874 	0.46405 	0.46405 	0.00000 	0.46405 	
0.44726	0         	0.23174 	0.40067 	0.56804 	0.56804 	0.46314 	0.46314 	0.00000 	0.46314 	
0.44826	0         	0.23125 	0.40007 	0.56730 	0.56730 	0.46216 	0.46216 	0.00000 	0.46216 	
0.44926	0         	0.23104 	0.39978 	0.56696 	0.56696 	0.46172 	0.46172 	0.00000 	0.46172 	
0.45026	0         	0.23075 	0.39950 	0.56663 	0.56663 	0.46129 	0.46129 	0.00000 	0.46129 	
0.45125	0         	0.23019 	0.39875 	0.56596 	0.56596 	0.46041 	0.46041 	0.00000 	0.46041 	
0.45225	0         	0.22913 	0.39762 	0.56522 	0.56522 	0.45946 	0.45946 	0.00000 	0.45946 	
0.45325	0         	0.22857 	0.39674 	0.56446 	0.56446 	0.45849 	0.45849 	0.00000 	0.45849 	
0.45425	0         	0.22786 	0.39582 	0.56366 	0.56366 	0.45746 	0.45746 	0.00000 	0.45746 	
0.45525	0         	0.22723 	0.39496 	0.56280 	0.56280 	0.45636 	0.45636 	0.00000 	0.45636 	
0.45625	0         	0.22652 	0.39406 	0.56201 	0.56201 	0.45535 	0.45535 	0.00000 	0.45535 	
0.45724	0         	0.22582 	0.39320 	0.56138 	0.56138 	0.45455 	0.45455 	0.00000 	0.45455 	
0.45824	0         	0.22518 	0.39235 	0.56064 	0.56064 	0.45361 	0.45361 	0.00000 	0.45361 	
0.45924	0         	0.22455 	0.39168 	0.55991 	0.55991 	0.45267 	0.45267 	0.00000 	0.45267 	
0.46024	0         	0.22356 	0.39070 	0.55920 	0.55920 	0.45177 	0.45177 	0.00000 	0.45177 	
0.46124	0         	0.22306 	0.38978 	0.55842 	0.55842 	0.45078 	0.45078 	0.00000 	0.45078 	
0.46224	0         	0.22257 	0.38883 	0.55763 	0.55763 	0.44980 	0.44980 	0.00000 	0.44980 	
0.46323	0         	0.22222 	0.38807 	0.55674 	0.55674 	0.44868 	0.44868 	0.00000 	0.44868 	
0.46423	0         	0.22187 	0.38774 	0.55634 	0.55634 	0.44812 	0.44812 	0.00000 	0.44812 	
0.46523	0         	0.22116 	0.38702 	0.55559 	0.55559 	0.44717 	0.44717 	0.00000 	0.44717 	
0.46623	0         	0.22060 	0.38630 	0.55485 	0.55485 	0.44624 	0.44624 	0.00000 	0.44624 	
0.46723	0         	0.22031 	0.38568 	0.55415 	0.55415 	0.44536 	0.44536 	0.00000 	0.44536 	
0.46823	0         	0.21954 	0.38497 	0.55348 	0.55348 	0.44453 	0.44453 	0.00000 	0.44453 	
0.46922	0         	0.21904 	0.38407 	0.55269 	0.55269 	0.44355 	0.44355 	0.00000 	0.44355 	
0.47022	0         	0.21848 	0.38341 	0.55206 	0.55206 	0.44275 	0.44275 	0.00000 	0.44275 	
0.47122	0         	0.21749 	0.38239 	0.55133 	0.55133 	0.44185 	0.44185 	0.00000 	0.44185 	
0.47222	0         	0.21679 	0.38132 	0.55055 	0.55055 	0.44091 	0.44091 	0.00000 	0.44091 	
0.47322	0         	0.21636 	0.38055 	0.54969 	0.54969 	0.43984 	0.43984 	0.00000 	0.43984 	
0.47422	0         	0.21566 	0.37969 	0.54899 	0.54899 	0.43897 	0.43897 	0.00000 	0.43897 	
0.47521	0         	0.21481 	0.37893 	0.54819 	0.54819 	0.43798 	0.43798 	0.00000 	0.43798 	
0.47621	0         	0.21411 	0.37806 	0.54753 	0.54753 	0.43718 	0.43718 	0.00000 	0.43718 	
0.47721	0         	0.21396 	0.37753 	0.54686 	0.54686 	0.43637 	0.43637 	0.00000 	0.43637 	
0.47821	0         	0.21319 	0.37640 	0.54606 	0.54606 	0.43541 	0.43541 	0.00000 	0.43541 	
0.47921	0         	0.21220 	0.37553 	0.54523 	0.54523 	0.43439 	0.43439 	0.00000 	0.43439 	
0.48021	0         	0.21143 	0.37468 	0.54440 	0.54440 	0.43340 	0.43340 	0.00000 	0.43340 	
0.48120	0         	0.21128 	0.37298 	0.54369 	0.54369 	0.43251 	0.43251 	0.00000 	0.43251 	
0.48220	0         	0.21044 	0.37212 	0.54282 	0.54282 	0.43146 	0.43146 	0.00000 	0.43146 	
0.48320	0         	0.20973 	0.37144 	0.54203 	0.54203 	0.43049 	0.43049 	0.00000 	0.43049 	
0.48420	0         	0.20889 	0.37070 	0.54130 	0.54130 	0.42960 	0.42960 	0.00000 	0.42960 	
0.48520	0         	0.20825 	0.36991 	0.54065 	0.54065 	0.42884 	0.42884 	0.00000 	0.42884 	
0.48620	0         	0.20776 	0.36923 	0.53989 	0.53989 	0.42793 	0.42793 	0.00000 	0.42793 	
0.48719	0         	0.20719 	0.36866 	0.53912 	0.53912 	0.42700 	0.42700 	0.00000 	0.42700 	
0.48819	0         	0.20670 	0.36782 	0.53830 	0.53830 	0.42602 	0.42602 	0.00000 	0.42602 	
0.48919	0         	0.20606 	0.36684 	0.53739 	0.53739 	0.42495 	0.42495 	0.00000 	0.42495 	
0.49019	0         	0.20557 	0.36592 	0.53646 	0.53646 	0.42385 	0.42385 	0.00000 	0.42385 	
0.49119	0         	0.20515 	0.36507 	0.53559 	0.53559 	0.42283 	0.42283 	0.00000 	0.42283 	
0.49219	0         	0.20444 	0.36420 	0.53478 	0.53478 	0.42187 	0.42187 	0.00000 	0.42187 	
0.49318	0         	0.20374 	0.36334 	0.53400 	0.53400 	0.42095 	0.42095 	0.00000 	0.42095 	
0.49418	0         	0.20317 	0.36259 	0.53326 	0.53326 	0.42008 	0.42008 	0.00000 	0.42008 	
0.49518	0         	0.20275 	0.36201 	0.53249 	0.53249 	0.41917 	0.41917 	0.00000 	0.41917 	
0.49618	0         	0.20211 	0.36121 	0.53166 	0.53166 	0.41820 	0.41820 	0.00000 	0.41820 	
0.49718	0         	0.20127 	0.36038 	0.53073 	0.53073 	0.41710 	0.41710 	0.00000 	0.41710 	
0.49818	0         	0.20070 	0.35941 	0.52972 	0.52972 	0.41594 	0.41594 	0.00000 	0.41594 	
0.49917	0         	0.20021 	0.35876 	0.52889 	0.52889 	0.41497 	0.41497 	0.00000 	0.41497 	
0.50017	0         	0.19993 	0.35804 	0.52814 	0.52814 	0.41410 	0.41410 	0.00000 	0.41410 	
0.50117	0         	0.19894 	0.35710 	0.52731 	0.52731 	0.41314 	0.41314 	0.00000 	0.41314 	
0.50217	0         	0.19880 	0.35669 	0.52661 	0.52661 	0.41229 	0.41229 	0.00000 	0.41229 	
0.50317	0         	0.19852 	0.35598 	0.52578 	0.52578 	0.41135 	0.41135 	0.00000 	0.41135 	
0.50417	0         	0.19802 	0.35529 	0.52493 	0.52493 	0.41038 	0.41038 	0.00000 	0.41038 	
0.50516	0         	0.19781 	0.35456 	0.52398 	0.52398 	0.40928 	0.40928 	0.00000 	0.40928 	
0.50616	0         	0.19689 	0.35367 	0.52301 	0.52301 	0.40816 	0.40816 	0.00000 	0.40816 	
0.50716	0         	0.19640 	0.35313 	0.52218 	0.52218 	0.40721 	0.40721 	0.00000 	0.40721 	
0.50816	0         	0.19612 	0.35247 	0.52136 	0.52136 	0.40629 	0.40629 	0.00000 	0.40629 	
0.50916	0         	0.19541 	0.35179 	0.52058 	0.52058 	0.40539 	0.40539 	0.00000 	0.40539 	
0.51016	0         	0.19471 	0.35097 	0.51974 	0.51974 	0.40444 	0.40444 	0.00000 	0.40444 	
0.51115	0         	0.19421 	0.35031 	0.51881 	0.51881 	0.40339 	0.40339 	0.00000 	0.40339 	
0.51215	0         	0.19372 	0.34982 	0.51808 	0.51808 	0.40243 	0.40243 	0.00000 	0.40243 	
0.51315	0         	0.19308 	0.34937 	0.51735 	0.51735 	0.40142 	0.40142 	0.00000 	0.40142 	
0.51415	0         	0.19259 	0.34890 	0.51645 	0.51645 	0.40030 	0.40030 	0.00000 	0.40030 	
0.51515	0         	0.19203 	0.34834 	0.51547 	0.51547 	0.39917 	0.39917 	0.00000 	0.39917 	
0.51615	0         	0.19153 	0.34760 	0.51455 	0.51455 	0.39813 	0.39813 	0.00000 	0.39813 	
0.51714	0         	0.19069 	0.34679 	0.51367 	0.51367 	0.39715 	0.39715 	0.00000 	0.39715 	
0.51814	0         	0.19040 	0.34626 	0.51267 	0.51267 	0.39600 	0.39600 	0.00000 	0.39600 	
0.51914	0         	0.18984 	0.34535 	0.51177 	0.51177 	0.39500 	0.39500 	0.00000 	0.39500 	
0.52014	0         	0.18928 	0.34482 	0.51098 	0.51098 	0.39408 	0.39408 	0.00000 	0.39408 	
0.52114	0         	0.18906 	0.34431 	0.51012 	0.51012 	0.39311 	0.39311 	0.00000 	0.39311 	
0.52214	0         	0.18864 	0.34357 	0.50918 	0.50918 	0.39205 	0.39205 	0.00000 	0.39205 	
0.52313	0         	0.18786 	0.34278 	0.50824 	0.50824 	0.39100 	0.39100 	0.00000 	0.39100 	
0.52413	0         	0.18737 	0.34194 	0.50721 	0.50721 	0.38987 	0.38987 	0.00000 	0.38987 	
0.52513	0         	0.18674 	0.34129 	0.50631 	0.50631 	0.38881 	0.38881 	0.00000 	0.38881 	
0.52613	0         	0.18596 	0.34062 	0.50523 	0.50523 	0.38756 	0.38756 	0.00000 	0.38756 	
0.52713	0         	0.18540 	0.34005 	0.50431 	0.50431 	0.38653 	0.38653 	0.00000 	0.38653 	
0.52813	0         	0.18497 	0.33952 	0.50338 	0.50338 	0.38548 	0.38548 	0.00000 	0.38548 	
0.52912	0         	0.18413 	0.33885 	0.50253 	0.50253 	0.38452 	0.38452 	0.00000 	0.38452 	
0.53012	0         	0.18342 	0.33795 	0.50156 	0.50156 	0.38348 	0.38348 	0.00000 	0.38348 	
0.53112	0         	0.18279 	0.33719 	0.50046 	0.50046 	0.38226 	0.38226 	0.00000 	0.38226 	
0.53212	0         	0.18208 	0.33638 	0.49936 	0.49936 	0.38106 	0.38106 	0.00000 	0.38106 	
0.53312	0         	0.18159 	0.33578 	0.49845 	0.49845 	0.38007 	0.38007 	0.00000 	0.38007 	
0.53412	0         	0.18130 	0.33515 	0.49748 	0.49748 	0.37900 	0.37900 	0.00000 	0.37900 	
0.53511	0         	0.18074 	0.33442 	0.49648 	0.49648 	0.37792 	0.37792 	0.00000 	0.37792 	
0.53611	0         	0.18039 	0.33361 	0.49542 	0.49542 	0.37678 	0.37678 	0.00000 	0.37678 	
0.53711	0         	0.17940 	0.33275 	0.49438 	0.49438 	0.37565 	0.37565 	0.00000 	0.37565 	
0.53811	0         	0.17898 	0.33208 	0.49327 	0.49327 	0.37445 	0.37445 	0.00000 	0.37445 	
0.53911	0         	0.17813 	0.33123 	0.49227 	0.49227 	0.37338 	0.37338 	0.00000 	0.37338 	
0.54011	0         	0.17749 	0.33047 	0.49124 	0.49124 	0.37227 	0.37227 	0.00000 	0.37227 	
0.54110	0         	0.17686 	0.32982 	0.49033 	0.49033 	0.37130 	0.37130 	0.00000 	0.37130 	
0.54210	0         	0.17658 	0.32925 	0.48936 	0.48936 	0.37027 	0.37027 	0.00000 	0.37027 	
0.54310	0         	0.17608 	0.32836 	0.48829 	0.48829 	0.36914 	0.36914 	0.00000 	0.36914 	
0.54410	0         	0.17559 	0.32750 	0.48715 	0.48715 	0.36793 	0.36793 	0.00000 	0.36793 	
0.54510	0         	0.17474 	0.32658 	0.48610 	0.48610 	0.36682 	0.36682 	0.00000 	0.36682 	
0.54610	0         	0.17418 	0.32569 	0.48510 	0.48510 	0.36578 	0.36578 	0.00000 	0.36578 	
0.54709	0         	0.17354 	0.32491 	0.48402 	0.48402 	0.36463 	0.36463 	0.00000 	0.36463 	
0.54809	0         	0.17277 	0.32398 	0.48302 	0.48302 	0.36360 	0.36360 	0.00000 	0.36360 	
0.54909	0         	0.17199 	0.32308 	0.48188 	0.48188 	0.36239 	0.36239 	0.00000 	0.36239 	
0.55009	0         	0.17164 	0.32247 	0.48080 	0.48080 	0.36126 	0.36126 	0.00000 	0.36126 	
0.55109	0         	0.17108 	0.32172 	0.47967 	0.47967 	0.36008 	0.36008 	0.00000 	0.36008 	
0.55209	0         	0.17072 	0.32109 	0.47868 	0.47868 	0.35905 	0.35905 	0.00000 	0.35905 	
0.55308	0         	0.17023 	0.32047 	0.47770 	0.47770 	0.35803 	0.35803 	0.00000 	0.35803 	
0.55408	0         	0.16959 	0.31963 	0.47669 	0.47669 	0.35695 	0.35695 	0.00000 	0.35695 	
0.55508	0         	0.16910 	0.31879 	0.47568 	0.47568 	0.35589 	0.35589 	0.00000 	0.35589 	
0.55608	0         	0.16875 	0.31807 	0.47459 	0.47459 	0.35478 	0.35478 	0.00000 	0.35478 	
0.55708	0         	0.16839 	0.31730 	0.47349 	0.47349 	0.35365 	0.35365 	0.00000 	0.35365 	
0.55808	0         	0.16783 	0.31651 	0.47238 	0.47238 	0.35251 	0.35251 	0.00000 	0.35251 	
0.55907	0         	0.16734 	0.31571 	0.47143 	0.47143 	0.35153 	0.35153 	0.00000 	0.35153 	
0.56007	0         	0.16656 	0.31491 	0.47041 	0.47041 	0.35048 	0.35048 	0.00000 	0.35048 	
0.56107	0         	0.16600 	0.31416 	0.46936 	0.46936 	0.34941 	0.34941 	0.00000 	0.34941 	
0.56207	0         	0.16557 	0.31345 	0.46814 	0.46814 	0.34817 	0.34817 	0.00000 	0.34817 	
0.56307	0         	0.16550 	0.31282 	0.46702 	0.46702 	0.34703 	0.34703 	0.00000 	0.34703 	
0.56407	0         	0.16501 	0.31185 	0.46585 	0.46585 	0.34586 	0.34586 	0.00000 	0.34586 	
0.56506	0         	0.16451 	0.31115 	0.46480 	0.46480 	0.34481 	0.34481 	0.00000 	0.34481 	
0.56606	0         	0.16381 	0.31022 	0.46364 	0.46364 	0.34365 	0.34365 	0.00000 	0.34365 	
0.56706	0         	0.16332 	0.30936 	0.46245 	0.46245 	0.34245 	0.34245 	0.00000 	0.34245 	
0.56806	0         	0.16240 	0.30839 	0.46131 	0.46131 	0.34130 	0.34130 	0.00000 	0.34130 	
0.56906	0         	0.16148 	0.30729 	0.46017 	0.46017 	0.34017 	0.34017 	0.00000 	0.34017 	
0.57006	0         	0.16148 	0.30686 	0.45905 	0.45905 	0.33896 	0.33896 	0.00000 	0.33896 	
0.57105	0         	0.16106 	0.30618 	0.45791 	0.45791 	0.33782 	0.33782 	0.00000 	0.33782 	
0.57205	0         	0.16056 	0.30514 	0.45676 	0.45676 	0.33671 	0.33671 	0.00000 	0.33671 	
0.57305	0         	0.15965 	0.30387 	0.45546 	0.45546 	0.33544 	0.33544 	0.00000 	0.33544 	
0.57405	0         	0.15894 	0.30303 	0.45435 	0.45435 	0.33433 	0.33433 	0.00000 	0.33433 	
0.57505	0         	0.15859 	0.30215 	0.45322 	0.45322 	0.33324 	0.33324 	0.00000 	0.33324 	
0.57605	0         	0.15788 	0.30089 	0.45212 	0.45212 	0.33219 	0.33219 	0.00000 	0.33219 	
0.57704	0         	0.15711 	0.29955 	0.45092 	0.45092 	0.33104 	0.33104 	0.00000 	0.33104 	
0.57804	0         	0.15654 	0.29878 	0.44972 	0.44972 	0.32986 	0.32986 	0.00000 	0.32986 	
0.57904	0         	0.15619 	0.29786 	0.44842 	0.44842 	0.32860 	0.32860 	0.00000 	0.32860 	
0.58004	0         	0.15556 	0.29701 	0.44736 	0.44736 	0.32757 	0.32757 	0.00000 	0.32757 	
0.58104	0         	0.15506 	0.29610 	0.44615 	0.44615 	0.32641 	0.32641 	0.00000 	0.32641 	
0.58204	0         	0.15429 	0.29517 	0.44499 	0.44499 	0.32531 	0.32531 	0.00000 	0.32531 	
0.58303	0         	0.15351 	0.29399 	0.44371 	0.44371 	0.32409 	0.32409 	0.00000 	0.32409 	
0.58403	0         	0.15280 	0.29283 	0.44251 	0.44251 	0.32295 	0.32295 	0.00000 	0.32295 	
0.58503	0         	0.15210 	0.29180 	0.44132 	0.44132 	0.32183 	0.32183 	0.00000 	0.32183 	
0.58603	0         	0.15182 	0.29115 	0.44043 	0.44043 	0.32097 	0.32097 	0.00000 	0.32097 	
0.58703	0         	0.15125 	0.29030 	0.43921 	0.43921 	0.31980 	0.31980 	0.00000 	0.31980 	
0.58803	0         	0.15034 	0.28917 	0.43794 	0.43794 	0.31860 	0.31860 	0.00000 	0.31860 	
0.58902	0         	0.15019 	0.28853 	0.43678 	0.43678 	0.31750 	0.31750 	0.00000 	0.31750 	
0.59002	0         	0.14963 	0.28761 	0.43545 	0.43545 	0.31624 	0.31624 	0.00000 	0.31624 	
0.59102	0         	0.14907 	0.28675 	0.43421 	0.43421 	0.31506 	0.31506 	0.00000 	0.31506 	
0.59202	0         	0.14857 	0.28561 	0.43296 	0.43296 	0.31390 	0.31390 	0.00000 	0.31390 	
0.59302	0         	0.14794 	0.28461 	0.43161 	0.43161 	0.31264 	0.31264 	0.00000 	0.31264 	
0.59402	0         	0.14730 	0.28352 	0.43031 	0.43031 	0.31142 	0.31142 	0.00000 	0.31142 	
0.59501	0         	0.14688 	0.28270 	0.42904 	0.42904 	0.31022 	0.31022 	0.00000 	0.31022 	
0.59601	0         	0.14653 	0.28190 	0.42777 	0.42777 	0.30904 	0.30904 	0.00000 	0.30904 	
0.59701	0         	0.14554 	0.28072 	0.42657 	0.42657 	0.30793 	0.30793 	0.00000 	0.30793 	
0.59801	0         	0.14462 	0.27948 	0.42525 	0.42525 	0.30672 	0.30672 	0.00000 	0.30672 	
0.59901	0         	0.14399 	0.27848 	0.42414 	0.42414 	0.30571 	0.30571 	0.00000 	0.30571 	
0.60001	0         	0.14321 	0.27733 	0.42280 	0.42280 	0.30447 	0.30447 	0.00000 	0.30447 	
0.60100	0         	0.14251 	0.27626 	0.42142 	0.42142 	0.30321 	0.30321 	0.00000 	0.30321 	
0.60200	0         	0.14159 	0.27498 	0.42013 	0.42013 	0.30204 	0.30204 	0.00000 	0.30204 	
0.60300	0         	0.14081 	0.27380 	0.41877 	0.41877 	0.30080 	0.30080 	0.00000 	0.30080 	
0.60400	0         	0.14046 	0.27276 	0.41750 	0.41750 	0.29965 	0.29965 	0.00000 	0.29965 	
0.60500	0         	0.14004 	0.27160 	0.41617 	0.41617 	0.29845 	0.29845 	0.00000 	0.29845 	
0.60600	0         	0.13919 	0.27036 	0.41471 	0.41471 	0.29713 	0.29713 	0.00000 	0.29713 	
0.60699	0         	0.13848 	0.26927 	0.41339 	0.41339 	0.29593 	0.29593 	0.00000 	0.29593 	
0.60799	0         	0.13806 	0.26819 	0.41215 	0.41215 	0.29481 	0.29481 	0.00000 	0.29481 	
0.60899	0         	0.13743 	0.26690 	0.41088 	0.41088 	0.29366 	0.29366 	0.00000 	0.29366 	
0.60999	0         	0.13693 	0.26597 	0.40946 	0.40946 	0.29236 	0.29236 	0.00000 	0.29236 	
0.61099	0         	0.13623 	0.26483 	0.40814 	0.40814 	0.29117 	0.29117 	0.00000 	0.29117 	
0.61199	0         	0.13552 	0.26379 	0.40684 	0.40684 	0.29001 	0.29001 	0.00000 	0.29001 	
0.61298	0         	0.13510 	0.26302 	0.40550 	0.40550 	0.28880 	0.28880 	0.00000 	0.28880 	
0.61398	0         	0.13460 	0.26201 	0.40406 	0.40406 	0.28749 	0.28749 	0.00000 	0.28749 	
0.61498	0         	0.13411 	0.26120 	0.40261 	0.40261 	0.28620 	0.28620 	0.00000 	0.28620 	
0.61598	0         	0.13348 	0.26026 	0.40135 	0.40135 	0.28507 	0.28507 	0.00000 	0.28507 	
0.61698	0         	0.13298 	0.25942 	0.39981 	0.39981 	0.28367 	0.28367 	0.00000 	0.28367 	
0.61798	0         	0.13263 	0.25850 	0.39840 	0.39840 	0.28243 	0.28243 	0.00000 	0.28243 	
0.61897	0         	0.13221 	0.25723 	0.39699 	0.39699 	0.28119 	0.28119 	0.00000 	0.28119 	
0.61997	0         	0.13143 	0.25626 	0.39557 	0.39557 	0.27993 	0.27993 	0.00000 	0.27993 	
0.62097	0         	0.13058 	0.25513 	0.39421 	0.39421 	0.27873 	0.27873 	0.00000 	0.27873 	
0.62197	0         	0.12960 	0.25398 	0.39284 	0.39284 	0.27753 	0.27753 	0.00000 	0.27753 	
0.62297	0         	0.12847 	0.25299 	0.39138 	0.39138 	0.27624 	0.27624 	0.00000 	0.27624 	
0.62397	0         	0.12812 	0.25227 	0.39004 	0.39004 	0.27506 	0.27506 	0.00000 	0.27506 	
0.62496	0         	0.12755 	0.25134 	0.38868 	0.38868 	0.27382 	0.27382 	0.00000 	0.27382 	
0.62596	0         	0.12656 	0.25033 	0.38729 	0.38729 	0.27260 	0.27260 	0.00000 	0.27260 	
0.62696	0         	0.12600 	0.24943 	0.38570 	0.38570 	0.27121 	0.27121 	0.00000 	0.27121 	
0.62796	0         	0.12543 	0.24850 	0.38434 	0.38434 	0.27003 	0.27003 	0.00000 	0.27003 	
0.62896	0         	0.12487 	0.24753 	0.38294 	0.38294 	0.26880 	0.26880 	0.00000 	0.26880 	
0.62996	0         	0.12402 	0.24606 	0.38150 	0.38150 	0.26752 	0.26752 	0.00000 	0.26752 	
0.63095	0         	0.12353 	0.24517 	0.37993 	0.37993 	0.26616 	0.26616 	0.00000 	0.26616 	
0.63195	0         	0.12219 	0.24403 	0.37856 	0.37856 	0.26497 	0.26497 	0.00000 	0.26497 	
0.63295	0         	0.12170 	0.24314 	0.37709 	0.37709 	0.26368 	0.26368 	0.00000 	0.26368 	
0.63395	0         	0.12120 	0.24229 	0.37552 	0.37552 	0.26231 	0.26231 	0.00000 	0.26231 	
0.63495	0         	0.12057 	0.24132 	0.37385 	0.37385 	0.26087 	0.26087 	0.00000 	0.26087 	
0.63595	0         	0.12021 	0.24058 	0.37247 	0.37247 	0.25968 	0.25968 	0.00000 	0.25968 	
0.63694	0         	0.11958 	0.23973 	0.37101 	0.37101 	0.25841 	0.25841 	0.00000 	0.25841 	
0.63794	0         	0.11923 	0.23887 	0.36959 	0.36959 	0.25720 	0.25720 	0.00000 	0.25720 	
0.63894	0         	0.11838 	0.23796 	0.36809 	0.36809 	0.25594 	0.25594 	0.00000 	0.25594 	
0.63994	0         	0.11767 	0.23705 	0.36662 	0.36662 	0.25468 	0.25468 	0.00000 	0.25468 	
0.64094	0         	0.11711 	0.23614 	0.36507 	0.36507 	0.25335 	0.25335 	0.00000 	0.25335 	
0.64194	0         	0.11640 	0.23519 	0.36365 	0.36365 	0.25213 	0.25213 	0.00000 	0.25213 	
0.64293	0         	0.11492 	0.23399 	0.36201 	0.36201 	0.25073 	0.25073 	0.00000 	0.25073 	
0.64393	0         	0.11393 	0.23307 	0.36046 	0.36046 	0.24942 	0.24942 	0.00000 	0.24942 	
0.64493	0         	0.11358 	0.23231 	0.35883 	0.35883 	0.24802 	0.24802 	0.00000 	0.24802 	
0.64593	0         	0.11281 	0.23133 	0.35731 	0.35731 	0.24673 	0.24673 	0.00000 	0.24673 	
0.64693	0         	0.11210 	0.23054 	0.35587 	0.35587 	0.24549 	0.24549 	0.00000 	0.24549 	
0.64793	0         	0.11154 	0.22961 	0.35443 	0.35443 	0.24429 	0.24429 	0.00000 	0.24429 	
0.64892	0         	0.11118 	0.22919 	0.35386 	0.35386 	0.24381 	0.24381 	0.00000 	0.24381 	
0.64992	0         	0.11055 	0.22834 	0.35240 	0.35240 	0.24258 	0.24258 	0.00000 	0.24258 	
0.65092	0         	0.11005 	0.22746 	0.35096 	0.35096 	0.24139 	0.24139 	0.00000 	0.24139 	
0.65192	0         	0.10956 	0.22634 	0.34934 	0.34934 	0.24002 	0.24002 	0.00000 	0.24002 	
0.65292	0         	0.10893 	0.22538 	0.34780 	0.34780 	0.23875 	0.23875 	0.00000 	0.23875 	
0.65392	0         	0.10808 	0.22448 	0.34597 	0.34597 	0.23720 	0.23720 	0.00000 	0.23720 	
0.65491	0         	0.10773 	0.22387 	0.34465 	0.34465 	0.23609 	0.23609 	0.00000 	0.23609 	
0.65591	0         	0.10709 	0.22303 	0.34315 	0.34315 	0.23483 	0.23483 	0.00000 	0.23483 	
0.65691	0         	0.10603 	0.22197 	0.34165 	0.34165 	0.23359 	0.23359 	0.00000 	0.23359 	
0.65791	0         	0.10526 	0.22071 	0.34013 	0.34013 	0.23234 	0.23234 	0.00000 	0.23234 	
0.65891	0         	0.10462 	0.21986 	0.33862 	0.33862 	0.23109 	0.23109 	0.00000 	0.23109 	
0.65991	0         	0.10413 	0.21904 	0.33696 	0.33696 	0.22972 	0.22972 	0.00000 	0.22972 	
0.66090	0         	0.10342 	0.21808 	0.33559 	0.33559 	0.22857 	0.22857 	0.00000 	0.22857 	
0.66190	0         	0.10307 	0.21726 	0.33402 	0.33402 	0.22728 	0.22728 	0.00000 	0.22728 	
0.66290	0         	0.10251 	0.21627 	0.33247 	0.33247 	0.22602 	0.22602 	0.00000 	0.22602 	
0.66390	0         	0.10180 	0.21536 	0.33099 	0.33099 	0.22482 	0.22482 	0.00000 	0.22482 	
0.66490	0         	0.10131 	0.21438 	0.32933 	0.32933 	0.22349 	0.22349 	0.00000 	0.22349 	
0.66590	0         	0.10074 	0.21350 	0.32782 	0.32782 	0.22227 	0.22227 	0.00000 	0.22227 	
0.66689	0         	0.10011 	0.21256 	0.32625 	0.32625 	0.22099 	0.22099 	0.00000 	0.22099 	
0.66789	0         	0.09912 	0.21156 	0.32478 	0.32478 	0.21981 	0.21981 	0.00000 	0.21981 	
0.66889	0         	0.09870 	0.21074 	0.32325 	0.32325 	0.21857 	0.21857 	0.00000 	0.21857 	
0.66989	0         	0.09778 	0.20973 	0.32174 	0.32174 	0.21736 	0.21736 	0.00000 	0.21736 	
0.67089	0         	0.09764 	0.20901 	0.32020 	0.32020 	0.21611 	0.21611 	0.00000 	0.21611 	
0.67189	0         	0.09714 	0.20805 	0.31876 	0.31876 	0.21496 	0.21496 	0.00000 	0.21496 	
0.67288	0         	0.09658 	0.20714 	0.31721 	0.31721 	0.21373 	0.21373 	0.00000 	0.21373 	
0.67388	0         	0.09580 	0.20622 	0.31564 	0.31564 	0.21248 	0.21248 	0.00000 	0.21248 	
0.67488	0         	0.09503 	0.20510 	0.31392 	0.31392 	0.21114 	0.21114 	0.00000 	0.21114 	
0.67588	0         	0.09446 	0.20426 	0.31233 	0.31233 	0.20987 	0.20987 	0.00000 	0.20987 	
0.67688	0         	0.09376 	0.20329 	0.31086 	0.31086 	0.20871 	0.20871 	0.00000 	0.20871 	
0.67788	0         	0.09326 	0.20239 	0.30919 	0.30919 	0.20739 	0.20739 	0.00000 	0.20739 	
0.67887	0         	0.09256 	0.20128 	0.30752 	0.30752 	0.20609 	0.20609 	0.00000 	0.20609 	
0.67987	0         	0.09221 	0.20043 	0.30579 	0.30579 	0.20468 	0.20468 	0.00000 	0.20468 	
0.68087	0         	0.09178 	0.19957 	0.30363 	0.30363 	0.20289 	0.20289 	0.00000 	0.20289 	
0.68187	0         	0.09164 	0.19886 	0.30164 	0.30164 	0.20130 	0.20130 	0.00000 	0.20130 	
0.68287	0         	0.09122 	0.19816 	0.30035 	0.30035 	0.20029 	0.20029 	0.00000 	0.20029 	
0.68387	0         	0.09065 	0.19733 	0.29859 	0.29859 	0.19885 	0.19885 	0.00000 	0.19885 	
0.68486	0         	0.09023 	0.19657 	0.29697 	0.29697 	0.19758 	0.19758 	0.00000 	0.19758 	
0.68586	0         	0.08988 	0.19572 	0.29531 	0.29531 	0.19627 	0.19627 	0.00000 	0.19627 	
0.68686	0         	0.08896 	0.19465 	0.29364 	0.29364 	0.19492 	0.19492 	0.00000 	0.19492 	
0.68786	0         	0.08797 	0.19370 	0.29194 	0.29194 	0.19358 	0.19358 	0.00000 	0.19358 	
0.68886	0         	0.08762 	0.19295 	0.29027 	0.29027 	0.19227 	0.19227 	0.00000 	0.19227 	
0.68986	0         	0.08706 	0.19211 	0.28864 	0.28864 	0.19097 	0.19097 	0.00000 	0.19097 	
0.69085	0         	0.08628 	0.19099 	0.28716 	0.28716 	0.18980 	0.18980 	0.00000 	0.18980 	
0.69185	0         	0.08579 	0.18999 	0.28551 	0.28551 	0.18851 	0.18851 	0.00000 	0.18851 	
0.69285	0         	0.08515 	0.18906 	0.28383 	0.28383 	0.18722 	0.18722 	0.00000 	0.18722 	
0.69385	0         	0.08466 	0.18814 	0.28228 	0.28228 	0.18602 	0.18602 	0.00000 	0.18602 	
0.69485	0         	0.08452 	0.18744 	0.28064 	0.28064 	0.18476 	0.18476 	0.00000 	0.18476 	
0.69585	0         	0.08409 	0.18660 	0.27907 	0.27907 	0.18355 	0.18355 	0.00000 	0.18355 	
0.69684	0         	0.08296 	0.18534 	0.27722 	0.27722 	0.18214 	0.18214 	0.00000 	0.18214 	
0.69784	0         	0.08247 	0.18437 	0.27550 	0.27550 	0.18082 	0.18082 	0.00000 	0.18082 	
0.69884	0         	0.08169 	0.18320 	0.27388 	0.27388 	0.17957 	0.17957 	0.00000 	0.17957 	
0.69984	0         	0.08106 	0.18217 	0.27228 	0.27228 	0.17834 	0.17834 	0.00000 	0.17834 	
0.70084	0         	0.08078 	0.18136 	0.27069 	0.27069 	0.17710 	0.17710 	0.00000 	0.17710 	
0.70184	0         	0.07986 	0.18037 	0.26918 	0.26918 	0.17595 	0.17595 	0.00000 	0.17595 	
0.70283	0         	0.07915 	0.17973 	0.26820 	0.26820 	0.17493 	0.17493 	0.00000 	0.17493 	
0.70383	0         	0.07760 	0.17902 	0.26763 	0.26763 	0.17399 	0.17399 	0.00000 	0.17399 	
0.70483	0         	0.07690 	0.17807 	0.26602 	0.26602 	0.17275 	0.17275 	0.00000 	0.17275 	
0.70583	0         	0.07570 	0.17663 	0.26455 	0.26455 	0.17160 	0.17160 	0.00000 	0.17160 	
0.70683	0         	0.07513 	0.17575 	0.26287 	0.26287 	0.17033 	0.17033 	0.00000 	0.17033 	
0.70783	0         	0.07492 	0.17511 	0.26148 	0.26148 	0.16924 	0.16924 	0.00000 	0.16924 	
0.70882	0         	0.07429 	0.17426 	0.25981 	0.25981 	0.16797 	0.16797 	0.00000 	0.16797 	
0.70982	0         	0.07309 	0.17305 	0.25816 	0.25816 	0.16673 	0.16673 	0.00000 	0.16673 	
0.71082	0         	0.07280 	0.17222 	0.25666 	0.25666 	0.16560 	0.16560 	0.00000 	0.16560 	
0.71182	0         	0.07153 	0.16969 	0.25597 	0.25597 	0.16496 	0.16496 	0.00000 	0.16496 	
0.71282	0         	0.07069 	0.16796 	0.25486 	0.25486 	0.16408 	0.16408 	0.00000 	0.16408 	
0.71382	0         	0.07048 	0.16712 	0.25351 	0.25351 	0.16307 	0.16307 	0.00000 	0.16307 	
0.71481	0         	0.06681 	0.16228 	0.25263 	0.25263 	0.16229 	0.16229 	0.00000 	0.16229 	
0.71581	0         	0.06497 	0.15953 	0.25217 	0.25217 	0.16192 	0.16192 	0.00000 	0.16192 	
0.71681	0         	0.06455 	0.15896 	0.25112 	0.25112 	0.16112 	0.16112 	0.00000 	0.16112 	
0.71781	0         	0.06399 	0.15824 	0.24951 	0.24951 	0.15988 	0.15988 	0.00000 	0.15988 	
0.71881	0         	0.06370 	0.15741 	0.24819 	0.24819 	0.15887 	0.15887 	0.00000 	0.15887 	
0.71981	0         	0.06328 	0.15669 	0.24677 	0.24677 	0.15782 	0.15782 	0.00000 	0.15782 	
0.72080	0         	0.06279 	0.15588 	0.24530 	0.24530 	0.15672 	0.15672 	0.00000 	0.15672 	
0.72180	0         	0.06208 	0.15500 	0.24392 	0.24392 	0.15563 	0.15563 	0.00000 	0.15563 	
0.72280	0         	0.06145 	0.15426 	0.24263 	0.24263 	0.15466 	0.15466 	0.00000 	0.15466 	
0.72380	0         	0.06116 	0.15352 	0.24126 	0.24126 	0.15362 	0.15362 	0.00000 	0.15362 	
0.72480	0         	0.06053 	0.15239 	0.23974 	0.23974 	0.15252 	0.15252 	0.00000 	0.15252 	
0.72580	0         	0.06032 	0.15190 	0.23866 	0.23866 	0.15171 	0.15171 	0.00000 	0.15171 	
0.72679	0         	0.06032 	0.15190 	0.23866 	0.23866 	0.15171 	0.15171 	0.00000 	0.15171 	
0.72779	0         	0.06004 	0.15099 	0.23762 	0.23762 	0.15091 	0.15091 	0.00000 	0.15091 	
0.72879	0         	0.05905 	0.15004 	0.23638 	0.23638 	0.14996 	0.14996 	0.00000 	0.14996 	
0.72979	0         	0.05869 	0.14895 	0.23512 	0.23512 	0.14906 	0.14906 	0.00000 	0.14906 	
0.73079	0         	0.05834 	0.14817 	0.23383 	0.23383 	0.14811 	0.14811 	0.00000 	0.14811 	
0.73179	0         	0.05792 	0.14752 	0.23246 	0.23246 	0.14710 	0.14710 	0.00000 	0.14710 	
0.73278	0         	0.05771 	0.14691 	0.23131 	0.23131 	0.14626 	0.14626 	0.00000 	0.14626 	
0.73378	0         	0.05750 	0.14630 	0.23009 	0.23009 	0.14536 	0.14536 	0.00000 	0.14536 	
0.73478	0         	0.05728 	0.14560 	0.22883 	0.22883 	0.14444 	0.14444 	0.00000 	0.14444 	
0.73578	0         	0.05658 	0.14228 	0.22703 	0.22703 	0.14322 	0.14322 	0.00000 	0.14322 	
0.73678	0         	0.05651 	0.14079 	0.22600 	0.22600 	0.14255 	0.14255 	0.00000 	0.14255 	
0.73778	0         	0.05580 	0.13989 	0.22471 	0.22471 	0.14162 	0.14162 	0.00000 	0.14162 	
0.73877	0         	0.05545 	0.13927 	0.22368 	0.22368 	0.14087 	0.14087 	0.00000 	0.14087 	
0.73977	0         	0.05496 	0.13855 	0.22250 	0.22250 	0.14002 	0.14002 	0.00000 	0.14002 	
0.74077	0         	0.05467 	0.13780 	0.22115 	0.22115 	0.13904 	0.13904 	0.00000 	0.13904 	
0.74177	0         	0.05397 	0.13673 	0.21990 	0.21990 	0.13808 	0.13808 	0.00000 	0.13808 	
0.74277	0         	0.05347 	0.13555 	0.21850 	0.21850 	0.13707 	0.13707 	0.00000 	0.13707 	
0.74377	0         	0.05270 	0.13447 	0.21707 	0.21707 	0.13604 	0.13604 	0.00000 	0.13604 	
0.74476	0         	0.05213 	0.13362 	0.21579 	0.21579 	0.13512 	0.13512 	0.00000 	0.13512 	
0.74576	0         	0.05192 	0.13271 	0.21467 	0.21467 	0.13429 	0.13429 	0.00000 	0.13429 	
0.74676	0         	0.05136 	0.13179 	0.21319 	0.21319 	0.13324 	0.13324 	0.00000 	0.13324 	
0.74776	0         	0.05065 	0.13070 	0.21187 	0.21187 	0.13232 	0.13232 	0.00000 	0.13232 	
0.74876	0         	0.05044 	0.13004 	0.21074 	0.21074 	0.13148 	0.13148 	0.00000 	0.13148 	
0.74976	0         	0.05023 	0.12913 	0.20965 	0.20965 	0.13069 	0.13069 	0.00000 	0.13069 	
0.75075	0         	0.04995 	0.12846 	0.20845 	0.20845 	0.12986 	0.12986 	0.00000 	0.12986 	
0.75175	0         	0.04974 	0.12764 	0.20732 	0.20732 	0.12906 	0.12906 	0.00000 	0.12906 	
0.75275	0         	0.04974 	0.12716 	0.20627 	0.20627 	0.12832 	0.12832 	0.00000 	0.12832 	
0.75375	0         	0.04938 	0.12635 	0.20514 	0.20514 	0.12751 	0.12751 	0.00000 	0.12751 	
0.75475	0         	0.04917 	0.12584 	0.20435 	0.20435 	0.12695 	0.12695 	0.00000 	0.12695 	
0.75575	0         	0.04896 	0.12505 	0.20330 	0.20330 	0.12623 	0.12623 	0.00000 	0.12623 	
0.75674	0         	0.04868 	0.12438 	0.20228 	0.20228 	0.12552 	0.12552 	0.00000 	0.12552 	
0.75774	0         	0.04847 	0.12375 	0.20107 	0.20107 	0.12467 	0.12467 	0.00000 	0.12467 	
0.75874	0         	0.04818 	0.12313 	0.20013 	0.20013 	0.12400 	0.12400 	0.00000 	0.12400 	
0.75974	0         	0.04783 	0.12263 	0.19912 	0.19912 	0.12328 	0.12328 	0.00000 	0.12328 	
0.76074	0         	0.04734 	0.12182 	0.19805 	0.19805 	0.12254 	0.12254 	0.00000 	0.12254 	
0.76174	0         	0.04727 	0.12115 	0.19698 	0.19698 	0.12180 	0.12180 	0.00000 	0.12180 	
0.76273	0         	0.04691 	0.12039 	0.19594 	0.19594 	0.12109 	0.12109 	0.00000 	0.12109 	
0.76373	0         	0.04663 	0.11965 	0.19485 	0.19485 	0.12034 	0.12034 	0.00000 	0.12034 	
0.76473	0         	0.04621 	0.11887 	0.19379 	0.19379 	0.11962 	0.11962 	0.00000 	0.11962 	
0.76573	0         	0.04607 	0.11828 	0.19273 	0.19273 	0.11887 	0.11887 	0.00000 	0.11887 	
0.76673	0         	0.04600 	0.11825 	0.19269 	0.19269 	0.11881 	0.11881 	0.00000 	0.11881 	
0.76773	0         	0.04600 	0.11824 	0.19268 	0.19268 	0.11880 	0.11880 	0.00000 	0.11880 	
0.76872	0         	0.04564 	0.11722 	0.19122 	0.19122 	0.11780 	0.11780 	0.00000 	0.11780 	
0.76972	0         	0.04557 	0.11654 	0.19018 	0.19018 	0.11703 	0.11703 	0.00000 	0.11703 	
0.77072	0         	0.04515 	0.11574 	0.18930 	0.18930 	0.11641 	0.11641 	0.00000 	0.11641 	
0.77172	0         	0.04515 	0.11559 	0.18900 	0.18900 	0.11620 	0.11620 	0.00000 	0.11620 	
0.77272	0         	0.04515 	0.11522 	0.18894 	0.18894 	0.11613 	0.11613 	0.00000 	0.11613 	
0.77372	0         	0.04494 	0.11462 	0.18789 	0.18789 	0.11541 	0.11541 	0.00000 	0.11541 	
0.77471	0         	0.04452 	0.11392 	0.18676 	0.18676 	0.11463 	0.11463 	0.00000 	0.11463 	
0.77571	0         	0.04402 	0.11323 	0.18572 	0.18572 	0.11393 	0.11393 	0.00000 	0.11393 	
0.77671	0         	0.04367 	0.11251 	0.18463 	0.18463 	0.11318 	0.11318 	0.00000 	0.11318 	
0.77771	0         	0.04332 	0.11136 	0.18326 	0.18326 	0.11215 	0.11215 	0.00000 	0.11215 	
0.77871	0         	0.04296 	0.11066 	0.18152 	0.18152 	0.11087 	0.11087 	0.00000 	0.11087 	
0.77971	0         	0.04282 	0.10998 	0.18057 	0.18057 	0.11023 	0.11023 	0.00000 	0.11023 	
0.78070	0         	0.04268 	0.10934 	0.17949 	0.17949 	0.10950 	0.10950 	0.00000 	0.10950 	
0.78170	0         	0.04226 	0.10861 	0.17852 	0.17852 	0.10885 	0.10885 	0.00000 	0.10885 	
0.78270	0         	0.04198 	0.10791 	0.17747 	0.17747 	0.10815 	0.10815 	0.00000 	0.10815 	
0.78370	0         	0.04162 	0.10720 	0.17617 	0.17617 	0.10727 	0.10727 	0.00000 	0.10727 	
0.78470	0         	0.04134 	0.10654 	0.17518 	0.17518 	0.10661 	0.10661 	0.00000 	0.10661 	
0.78570	0         	0.04099 	0.10584 	0.17397 	0.17397 	0.10577 	0.10577 	0.00000 	0.10577 	
0.78669	0         	0.04071 	0.10524 	0.17278 	0.17278 	0.10497 	0.10497 	0.00000 	0.10497 	
0.78769	0         	0.04035 	0.10452 	0.17161 	0.17161 	0.10417 	0.10417 	0.00000 	0.10417 	
0.78869	0         	0.04007 	0.10374 	0.17039 	0.17039 	0.10334 	0.10334 	0.00000 	0.10334 	
0.78969	0         	0.03951 	0.10282 	0.16923 	0.16923 	0.10258 	0.10258 	0.00000 	0.10258 	
0.79069	0         	0.03901 	0.10212 	0.16800 	0.16800 	0.10175 	0.10175 	0.00000 	0.10175 	
0.79169	0         	0.03873 	0.10142 	0.16682 	0.16682 	0.10097 	0.10097 	0.00000 	0.10097 	
0.79268	0         	0.03831 	0.10060 	0.16572 	0.16572 	0.10023 	0.10023 	0.00000 	0.10023 	
0.79368	0         	0.03802 	0.09979 	0.16444 	0.16444 	0.09939 	0.09939 	0.00000 	0.09939 	
0.79468	0         	0.03753 	0.09897 	0.16326 	0.16326 	0.09860 	0.09860 	0.00000 	0.09860 	
0.79568	0         	0.03732 	0.09839 	0.16228 	0.16228 	0.09792 	0.09792 	0.00000 	0.09792 	
0.79668	0         	0.03732 	0.09808 	0.16160 	0.16160 	0.09746 	0.09746 	0.00000 	0.09746 	
0.79768	0         	0.03690 	0.09726 	0.16026 	0.16026 	0.09658 	0.09658 	0.00000 	0.09658 	
0.79867	0         	0.03654 	0.09660 	0.15910 	0.15910 	0.09580 	0.09580 	0.00000 	0.09580 	
0.79967	0         	0.03626 	0.09595 	0.15800 	0.15800 	0.09508 	0.09508 	0.00000 	0.09508 	
0.80067	0         	0.03605 	0.09520 	0.15665 	0.15665 	0.09418 	0.09418 	0.00000 	0.09418 	
0.80167	0         	0.03598 	0.09431 	0.15523 	0.15523 	0.09325 	0.09325 	0.00000 	0.09325 	
0.80267	0         	0.03563 	0.09359 	0.15405 	0.15405 	0.09246 	0.09246 	0.00000 	0.09246 	
0.80367	0         	0.03520 	0.09256 	0.15297 	0.15297 	0.09164 	0.09164 	0.00000 	0.09164 	
0.80466	0         	0.03499 	0.09198 	0.15183 	0.15183 	0.09089 	0.09089 	0.00000 	0.09089 	
0.80566	0         	0.03457 	0.09111 	0.15057 	0.15057 	0.09005 	0.09005 	0.00000 	0.09005 	
0.80666	0         	0.03414 	0.09029 	0.14926 	0.14926 	0.08919 	0.08919 	0.00000 	0.08919 	
0.80766	0         	0.03379 	0.08965 	0.14807 	0.14807 	0.08841 	0.08841 	0.00000 	0.08841 	
0.80866	0         	0.03344 	0.08890 	0.14666 	0.14666 	0.08750 	0.08750 	0.00000 	0.08750 	
0.80966	0         	0.03309 	0.08805 	0.14540 	0.14540 	0.08663 	0.08663 	0.00000 	0.08663 	
0.81065	0         	0.03252 	0.08697 	0.14421 	0.14421 	0.08583 	0.08583 	0.00000 	0.08583 	
0.81165	0         	0.03210 	0.08620 	0.14296 	0.14296 	0.08502 	0.08502 	0.00000 	0.08502 	
0.81265	0         	0.03203 	0.08563 	0.14186 	0.14186 	0.08431 	0.08431 	0.00000 	0.08431 	
0.81365	0         	0.03175 	0.08494 	0.14063 	0.14063 	0.08351 	0.08351 	0.00000 	0.08351 	
0.81465	0         	0.03111 	0.08408 	0.13929 	0.13929 	0.08265 	0.08265 	0.00000 	0.08265 	
0.81565	0         	0.03090 	0.08347 	0.13808 	0.13808 	0.08187 	0.08187 	0.00000 	0.08187 	
0.81664	0         	0.03041 	0.08264 	0.13678 	0.13678 	0.08103 	0.08103 	0.00000 	0.08103 	
0.81764	0         	0.03012 	0.08192 	0.13554 	0.13554 	0.08023 	0.08023 	0.00000 	0.08023 	
0.81864	0         	0.02921 	0.08094 	0.13414 	0.13414 	0.07934 	0.07934 	0.00000 	0.07934 	
0.81964	0         	0.02899 	0.07998 	0.13281 	0.13281 	0.07847 	0.07847 	0.00000 	0.07847 	
0.82064	0         	0.02857 	0.07922 	0.13136 	0.13136 	0.07754 	0.07754 	0.00000 	0.07754 	
0.82164	0         	0.02850 	0.07874 	0.13021 	0.13021 	0.07680 	0.07680 	0.00000 	0.07680 	
0.82263	0         	0.02850 	0.07865 	0.13001 	0.13001 	0.07664 	0.07664 	0.00000 	0.07664 	
0.82363	0         	0.02815 	0.07775 	0.12853 	0.12853 	0.07569 	0.07569 	0.00000 	0.07569 	
0.82463	0         	0.02737 	0.07688 	0.12733 	0.12733 	0.07494 	0.07494 	0.00000 	0.07494 	
0.82563	0         	0.02723 	0.07595 	0.12619 	0.12619 	0.07417 	0.07417 	0.00000 	0.07417 	
0.82663	0         	0.02695 	0.07514 	0.12488 	0.12488 	0.07333 	0.07333 	0.00000 	0.07333 	
0.82763	0         	0.02660 	0.07442 	0.12357 	0.12357 	0.07247 	0.07247 	0.00000 	0.07247 	
0.82862	0         	0.02624 	0.07373 	0.12230 	0.12230 	0.07167 	0.07167 	0.00000 	0.07167 	
0.82962	0         	0.02582 	0.07299 	0.12108 	0.12108 	0.07085 	0.07085 	0.00000 	0.07085 	
0.83062	0         	0.02568 	0.07228 	0.11977 	0.11977 	0.07003 	0.07003 	0.00000 	0.07003 	
0.83162	0         	0.02533 	0.07157 	0.11856 	0.11856 	0.06927 	0.06927 	0.00000 	0.06927 	
0.83262	0         	0.02519 	0.07104 	0.11735 	0.11735 	0.06849 	0.06849 	0.00000 	0.06849 	
0.83362	0         	0.02483 	0.07043 	0.11625 	0.11625 	0.06777 	0.06777 	0.00000 	0.06777 	
0.83461	0         	0.02448 	0.06971 	0.11501 	0.11501 	0.06697 	0.06697 	0.00000 	0.06697 	
0.83561	0         	0.02427 	0.06912 	0.11392 	0.11392 	0.06629 	0.06629 	0.00000 	0.06629 	
0.83661	0         	0.02392 	0.06840 	0.11272 	0.11272 	0.06555 	0.06555 	0.00000 	0.06555 	
0.83761	0         	0.02370 	0.06778 	0.11139 	0.11139 	0.06472 	0.06472 	0.00000 	0.06472 	
0.83861	0         	0.02335 	0.06712 	0.11032 	0.11032 	0.06405 	0.06405 	0.00000 	0.06405 	
0.83961	0         	0.02307 	0.06635 	0.10900 	0.10900 	0.06324 	0.06324 	0.00000 	0.06324 	
0.84060	0         	0.02293 	0.06579 	0.10778 	0.10778 	0.06248 	0.06248 	0.00000 	0.06248 	
0.84160	0         	0.02279 	0.06498 	0.10641 	0.10641 	0.06163 	0.06163 	0.00000 	0.06163 	
0.84260	0         	0.02258 	0.06434 	0.10510 	0.10510 	0.06081 	0.06081 	0.00000 	0.06081 	
0.84360	0         	0.02229 	0.06014 	0.10292 	0.10292 	0.05944 	0.05944 	0.00000 	0.05944 	
0.84460	0         	0.02166 	0.05698 	0.10147 	0.10147 	0.05863 	0.05863 	0.00000 	0.05863 	
0.84560	0         	0.02145 	0.05649 	0.10044 	0.10044 	0.05799 	0.05799 	0.00000 	0.05799 	
0.84659	0         	0.02123 	0.05584 	0.09933 	0.09933 	0.05731 	0.05731 	0.00000 	0.05731 	
0.84759	0         	0.02067 	0.05492 	0.09809 	0.09809 	0.05652 	0.05652 	0.00000 	0.05652 	
0.84859	0         	0.02053 	0.05436 	0.09685 	0.09685 	0.05575 	0.05575 	0.00000 	0.05575 	
0.84959	0         	0.02025 	0.05351 	0.09553 	0.09553 	0.05496 	0.05496 	0.00000 	0.05496 	
0.85059	0         	0.02004 	0.05285 	0.09422 	0.09422 	0.05416 	0.05416 	0.00000 	0.05416 	
0.85158	0         	0.01989 	0.05232 	0.09301 	0.09301 	0.05343 	0.05343 	0.00000 	0.05343 	
0.85258	0         	0.01954 	0.05155 	0.09177 	0.09177 	0.05267 	0.05267 	0.00000 	0.05267 	
0.85358	0         	0.01940 	0.05105 	0.09065 	0.09065 	0.05199 	0.05199 	0.00000 	0.05199 	
0.85458	0         	0.01912 	0.05045 	0.08943 	0.08943 	0.05125 	0.05125 	0.00000 	0.05125 	
0.85558	0         	0.01884 	0.04964 	0.08830 	0.08830 	0.05057 	0.05057 	0.00000 	0.05057 	
0.85658	0         	0.01862 	0.04906 	0.08717 	0.08717 	0.04989 	0.04989 	0.00000 	0.04989 	
0.85757	0         	0.01827 	0.04822 	0.08635 	0.08635 	0.04936 	0.04936 	0.00000 	0.04936 	
0.85857	0         	0.01806 	0.04761 	0.08527 	0.08527 	0.04869 	0.04869 	0.00000 	0.04869 	
0.85957	0         	0.01757 	0.04697 	0.08424 	0.08424 	0.04808 	0.04808 	0.00000 	0.04808 	
0.86057	0         	0.01743 	0.04628 	0.08310 	0.08310 	0.04741 	0.04741 	0.00000 	0.04741 	
0.86157	0         	0.01707 	0.04567 	0.08223 	0.08223 	0.04688 	0.04688 	0.00000 	0.04688 	
0.86257	0         	0.01686 	0.04506 	0.08116 	0.08116 	0.04626 	0.04626 	0.00000 	0.04626 	
0.86356	0         	0.01672 	0.04436 	0.07999 	0.07999 	0.04556 	0.04556 	0.00000 	0.04556 	
0.86456	0         	0.01616 	0.04362 	0.07883 	0.07883 	0.04488 	0.04488 	0.00000 	0.04488 	
0.86556	0         	0.01594 	0.04297 	0.07772 	0.07772 	0.04423 	0.04423 	0.00000 	0.04423 	
0.86656	0         	0.01573 	0.04225 	0.07640 	0.07640 	0.04345 	0.04345 	0.00000 	0.04345 	
0.86756	0         	0.01538 	0.04134 	0.07503 	0.07503 	0.04263 	0.04263 	0.00000 	0.04263 	
0.86856	0         	0.01517 	0.04077 	0.07399 	0.07399 	0.04201 	0.04201 	0.00000 	0.04201 	
0.86955	0         	0.01503 	0.04015 	0.07268 	0.07268 	0.04123 	0.04123 	0.00000 	0.04123 	
0.87055	0         	0.01489 	0.03950 	0.07125 	0.07125 	0.04040 	0.04040 	0.00000 	0.04040 	
0.87155	0         	0.01453 	0.03871 	0.06995 	0.06995 	0.03964 	0.03964 	0.00000 	0.03964 	
0.87255	0         	0.01439 	0.03793 	0.06870 	0.06870 	0.03890 	0.03890 	0.00000 	0.03890 	
0.87355	0         	0.01404 	0.03711 	0.06752 	0.06752 	0.03822 	0.03822 	0.00000 	0.03822 	
0.87455	0         	0.01390 	0.03665 	0.06677 	0.06677 	0.03779 	0.03779 	0.00000 	0.03779 	
0.87554	0         	0.01347 	0.03584 	0.06555 	0.06555 	0.03709 	0.03709 	0.00000 	0.03709 	
0.87654	0         	0.01326 	0.03520 	0.06437 	0.06437 	0.03641 	0.03641 	0.00000 	0.03641 	
0.87754	0         	0.01319 	0.03472 	0.06324 	0.06324 	0.03574 	0.03574 	0.00000 	0.03574 	
0.87854	0         	0.01305 	0.03426 	0.06232 	0.06232 	0.03520 	0.03520 	0.00000 	0.03520 	
0.87954	0         	0.01298 	0.03364 	0.06108 	0.06108 	0.03450 	0.03450 	0.00000 	0.03450 	
0.88054	0         	0.01270 	0.03302 	0.05999 	0.05999 	0.03386 	0.03386 	0.00000 	0.03386 	
0.88153	0         	0.01242 	0.03227 	0.05873 	0.05873 	0.03315 	0.03315 	0.00000 	0.03315 	
0.88253	0         	0.01228 	0.03181 	0.05778 	0.05778 	0.03261 	0.03261 	0.00000 	0.03261 	
0.88353	0         	0.01192 	0.03100 	0.05666 	0.05666 	0.03195 	0.03195 	0.00000 	0.03195 	
0.88453	0         	0.01171 	0.03046 	0.05556 	0.05556 	0.03131 	0.03131 	0.00000 	0.03131 	
0.88553	0         	0.01129 	0.02998 	0.05454 	0.05454 	0.03073 	0.03073 	0.00000 	0.03073 	
0.88653	0         	0.01072 	0.02925 	0.05316 	0.05316 	0.02996 	0.02996 	0.00000 	0.02996 	
0.88752	0         	0.01009 	0.02859 	0.05211 	0.05211 	0.02933 	0.02933 	0.00000 	0.02933 	
0.88852	0         	0.00981 	0.02809 	0.05105 	0.05105 	0.02873 	0.02873 	0.00000 	0.02873 	
0.88952	0         	0.00959 	0.02766 	0.05007 	0.05007 	0.02817 	0.02817 	0.00000 	0.02817 	
0.89052	0         	0.00938 	0.02707 	0.04889 	0.04889 	0.02751 	0.02751 	0.00000 	0.02751 	
0.89152	0         	0.00910 	0.02659 	0.04798 	0.04798 	0.02699 	0.02699 	0.00000 	0.02699 	
0.89252	0         	0.00896 	0.02594 	0.04688 	0.04688 	0.02635 	0.02635 	0.00000 	0.02635 	
0.89351	0         	0.00861 	0.02508 	0.04582 	0.04582 	0.02572 	0.02572 	0.00000 	0.02572 	
0.89451	0         	0.00840 	0.02463 	0.04477 	0.04477 	0.02515 	0.02515 	0.00000 	0.02515 	
0.89551	0         	0.00811 	0.02415 	0.04368 	0.04368 	0.02455 	0.02455 	0.00000 	0.02455 	
0.89651	0         	0.00811 	0.02385 	0.04280 	0.04280 	0.02407 	0.02407 	0.00000 	0.02407 	
0.89751	0         	0.00783 	0.02331 	0.04168 	0.04168 	0.02347 	0.02347 	0.00000 	0.02347 	
0.89851	0         	0.00769 	0.02290 	0.04069 	0.04069 	0.02293 	0.02293 	0.00000 	0.02293 	
0.89950	0         	0.00705 	0.02217 	0.03926 	0.03926 	0.02198 	0.02198 	0.00000 	0.02198 	
0.90050	0         	0.00677 	0.02169 	0.03829 	0.03829 	0.02143 	0.02143 	0.00000 	0.02143 	
0.90150	0         	0.00663 	0.02113 	0.03722 	0.03722 	0.02084 	0.02084 	0.00000 	0.02084 	
0.90250	0         	0.00621 	0.02059 	0.03616 	0.03616 	0.02020 	0.02020 	0.00000 	0.02020 	
0.90350	0         	0.00607 	0.02025 	0.03529 	0.03529 	0.01973 	0.01973 	0.00000 	0.01973 	
0.90450	0         	0.00593 	0.01978 	0.03424 	0.03424 	0.01917 	0.01917 	0.00000 	0.01917 	
0.90549	0         	0.00586 	0.01915 	0.03323 	0.03323 	0.01858 	0.01858 	0.00000 	0.01858 	
0.90649	0         	0.00564 	0.01869 	0.03229 	0.03229 	0.01805 	0.01805 	0.00000 	0.01805 	
0.90749	0         	0.00550 	0.01814 	0.03132 	0.03132 	0.01753 	0.01753 	0.00000 	0.01753 	
0.90849	0         	0.00550 	0.01785 	0.03069 	0.03069 	0.01719 	0.01719 	0.00000 	0.01719 	
0.90949	0         	0.00508 	0.01724 	0.02969 	0.02969 	0.01662 	0.01662 	0.00000 	0.01662 	
0.91049	0         	0.00494 	0.01692 	0.02894 	0.02894 	0.01622 	0.01622 	0.00000 	0.01622 	
0.91148	0         	0.00494 	0.01631 	0.02821 	0.02821 	0.01580 	0.01580 	0.00000 	0.01580 	
0.91248	0         	0.00494 	0.01588 	0.02754 	0.02754 	0.01543 	0.01543 	0.00000 	0.01543 	
0.91348	0         	0.00480 	0.01545 	0.02671 	0.02671 	0.01500 	0.01500 	0.00000 	0.01500 	
0.91448	0         	0.00466 	0.01507 	0.02596 	0.02596 	0.01457 	0.01457 	0.00000 	0.01457 	
0.91548	0         	0.00466 	0.01418 	0.02523 	0.02523 	0.01410 	0.01410 	0.00000 	0.01410 	
0.91648	0         	0.00452 	0.01381 	0.02449 	0.02449 	0.01370 	0.01370 	0.00000 	0.01370 	
0.91747	0         	0.00409 	0.01326 	0.02367 	0.02367 	0.01321 	0.01321 	0.00000 	0.01321 	
0.91847	0         	0.00402 	0.01291 	0.02300 	0.02300 	0.01286 	0.01286 	0.00000 	0.01286 	
0.91947	0         	0.00402 	0.01265 	0.02239 	0.02239 	0.01253 	0.01253 	0.00000 	0.01253 	
0.92047	0         	0.00388 	0.01234 	0.02184 	0.02184 	0.01224 	0.01224 	0.00000 	0.01224 	
0.92147	0         	0.00388 	0.01199 	0.02111 	0.02111 	0.01185 	0.01185 	0.00000 	0.01185 	
0.92247	0         	0.00367 	0.01159 	0.02042 	0.02042 	0.01146 	0.01146 	0.00000 	0.01146 	
0.92346	0         	0.00367 	0.01129 	0.01982 	0.01982 	0.01113 	0.01113 	0.00000 	0.01113 	
0.92446	0         	0.00360 	0.01097 	0.01925 	0.01925 	0.01082 	0.01082 	0.00000 	0.01082 	
0.92546	0         	0.00339 	0.01064 	0.01871 	0.01871 	0.01053 	0.01053 	0.00000 	0.01053 	
0.92646	0         	0.00339 	0.01030 	0.01800 	0.01800 	0.01018 	0.01018 	0.00000 	0.01018 	
0.92746	0         	0.00332 	0.01007 	0.01754 	0.01754 	0.00994 	0.00994 	0.00000 	0.00994 	
0.92846	0         	0.00325 	0.00974 	0.01710 	0.01710 	0.00972 	0.00972 	0.00000 	0.00972 	
0.92945	0         	0.00310 	0.00938 	0.01656 	0.01656 	0.00945 	0.00945 	0.00000 	0.00945 	
0.93045	0         	0.00310 	0.00916 	0.01612 	0.01612 	0.00922 	0.00922 	0.00000 	0.00922 	
0.93145	0         	0.00310 	0.00891 	0.01562 	0.01562 	0.00896 	0.00896 	0.00000 	0.00896 	
0.93245	0         	0.00310 	0.00873 	0.01523 	0.01523 	0.00876 	0.00876 	0.00000 	0.00876 	
0.93345	0         	0.00303 	0.00856 	0.01480 	0.01480 	0.00853 	0.00853 	0.00000 	0.00853 	
0.93445	0         	0.00296 	0.00828 	0.01425 	0.01425 	0.00822 	0.00822 	0.00000 	0.00822 	
0.93544	0         	0.00296 	0.00807 	0.01378 	0.01378 	0.00798 	0.00798 	0.00000 	0.00798 	
0.93644	0         	0.00296 	0.00794 	0.01346 	0.01346 	0.00781 	0.00781 	0.00000 	0.00781 	
0.93744	0         	0.00296 	0.00780 	0.01306 	0.01306 	0.00761 	0.00761 	0.00000 	0.00761 	
0.93844	0         	0.00296 	0.00758 	0.01254 	0.01254 	0.00735 	0.00735 	0.00000 	0.00735 	
0.93944	0         	0.00289 	0.00718 	0.01159 	0.01159 	0.00676 	0.00676 	0.00000 	0.00676 	
0.94044	0         	0.00275 	0.00690 	0.01095 	0.01095 	0.00643 	0.00643 	0.00000 	0.00643 	
0.94143	0         	0.00275 	0.00679 	0.01062 	0.01062 	0.00624 	0.00624 	0.00000 	0.00624 	
0.94243	0         	0.00275 	0.00642 	0.01016 	0.01016 	0.00599 	0.00599 	0.00000 	0.00599 	
0.94343	0         	0.00268 	0.00618 	0.00972 	0.00972 	0.00578 	0.00578 	0.00000 	0.00578 	
0.94443	0         	0.00268 	0.00589 	0.00919 	0.00919 	0.00553 	0.00553 	0.00000 	0.00553 	
0.94543	0         	0.00261 	0.00562 	0.00867 	0.00867 	0.00528 	0.00528 	0.00000 	0.00528 	
0.94643	0         	0.00261 	0.00546 	0.00835 	0.00835 	0.00512 	0.00512 	0.00000 	0.00512 	
0.94742	0         	0.00261 	0.00538 	0.00812 	0.00812 	0.00502 	0.00502 	0.00000 	0.00502 	
0.94842	0         	0.00261 	0.00533 	0.00804 	0.00804 	0.00497 	0.00497 	0.00000 	0.00497 	
0.94942	0         	0.00254 	0.00508 	0.00760 	0.00760 	0.00475 	0.00475 	0.00000 	0.00475 	
0.95042	0         	0.00254 	0.00493 	0.00730 	0.00730 	0.00461 	0.00461 	0.00000 	0.00461 	
0.95142	0         	0.00254 	0.00472 	0.00690 	0.00690 	0.00442 	0.00442 	0.00000 	0.00442 	
0.95242	0         	0.00247 	0.00450 	0.00656 	0.00656 	0.00427 	0.00427 	0.00000 	0.00427 	
0.95341	0         	0.00247 	0.00425 	0.00621 	0.00621 	0.00412 	0.00412 	0.00000 	0.00412 	
0.95441	0         	0.00247 	0.00411 	0.00586 	0.00586 	0.00395 	0.00395 	0.00000 	0.00395 	
0.95541	0         	0.00233 	0.00393 	0.00553 	0.00553 	0.00380 	0.00380 	0.00000 	0.00380 	
0.95641	0         	0.00233 	0.00373 	0.00517 	0.00517 	0.00364 	0.00364 	0.00000 	0.00364 	
0.95741	0         	0.00233 	0.00349 	0.00492 	0.00492 	0.00353 	0.00353 	0.00000 	0.00353 	
0.95841	0         	0.00233 	0.00332 	0.00466 	0.00466 	0.00339 	0.00339 	0.00000 	0.00339 	
0.95940	0         	0.00233 	0.00318 	0.00445 	0.00445 	0.00329 	0.00329 	0.00000 	0.00329 	
0.96040	0         	0.00220 	0.00285 	0.00410 	0.00410 	0.00310 	0.00310 	0.00000 	0.00310 	
0.96140	0         	0.00188 	0.00270 	0.00396 	0.00396 	0.00301 	0.00301 	0.00000 	0.00301 	
0.96240	0         	0.00188 	0.00270 	0.00396 	0.00396 	0.00301 	0.00301 	0.00000 	0.00301 	
0.96340	0         	0.00188 	0.00269 	0.00394 	0.00394 	0.00300 	0.00300 	0.00000 	0.00300 	
0.96440	0         	0.00188 	0.00269 	0.00392 	0.00392 	0.00298 	0.00298 	0.00000 	0.00298 	
0.96539	0         	0.00188 	0.00262 	0.00385 	0.00385 	0.00294 	0.00294 	0.00000 	0.00294 	
0.96639	0         	0.00165 	0.00251 	0.00375 	0.00375 	0.00288 	0.00288 	0.00000 	0.00288 	
0.96739	0         	0.00110 	0.00224 	0.00350 	0.00350 	0.00272 	0.00272 	0.00000 	0.00272 	
0.96839	0         	0.00110 	0.00218 	0.00341 	0.00341 	0.00266 	0.00266 	0.00000 	0.00266 	
0.96939	0         	0.00110 	0.00218 	0.00341 	0.00341 	0.00266 	0.00266 	0.00000 	0.00266 	
0.97039	0         	0.00110 	0.00216 	0.00334 	0.00334 	0.00262 	0.00262 	0.00000 	0.00262 	
0.97138	0         	0.00110 	0.00211 	0.00326 	0.00326 	0.00257 	0.00257 	0.00000 	0.00257 	
0.97238	0         	0.00110 	0.00211 	0.00326 	0.00326 	0.00257 	0.00257 	0.00000 	0.00257 	
0.97338	0         	0.00110 	0.00210 	0.00322 	0.00322 	0.00255 	0.00255 	0.00000 	0.00255 	
0.97438	0         	0.00110 	0.00210 	0.00322 	0.00322 	0.00255 	0.00255 	0.00000 	0.00255 	
0.97538	0         	0.00110 	0.00209 	0.00320 	0.00320 	0.00253 	0.00253 	0.00000 	0.00253 	
0.97638	0         	0.00110 	0.00209 	0.00320 	0.00320 	0.00253 	0.00253 	0.00000 	0.00253 	
0.97737	0         	0.00110 	0.00206 	0.00311 	0.00311 	0.00248 	0.00248 	0.00000 	0.00248 	
0.97837	0         	0.00110 	0.00205 	0.00308 	0.00308 	0.00247 	0.00247 	0.00000 	0.00247 	
0.97937	0         	0.00110 	0.00205 	0.00308 	0.00308 	0.00247 	0.00247 	0.00000 	0.00247 	
0.98037	0         	0.00110 	0.00202 	0.00306 	0.00306 	0.00245 	0.00245 	0.00000 	0.00245 	
0.98137	0         	0.00110 	0.00202 	0.00306 	0.00306 	0.00245 	0.00245 	0.00000 	0.00245 	
0.98237	0         	0.00110 	0.00198 	0.00294 	0.00294 	0.00238 	0.00238 	0.00000 	0.00238 	
0.98336	0         	0.00110 	0.00196 	0.00289 	0.00289 	0.00236 	0.00236 	0.00000 	0.00236 	
0.98436	0         	0.00110 	0.00194 	0.00281 	0.00281 	0.00231 	0.00231 	0.00000 	0.00231 	
0.98536	0         	0.00110 	0.00193 	0.00278 	0.00278 	0.00230 	0.00230 	0.00000 	0.00230 	
0.98636	0         	0.00102 	0.00189 	0.00275 	0.00275 	0.00228 	0.00228 	0.00000 	0.00228 	
0.98736	0         	0.00102 	0.00187 	0.00269 	0.00269 	0.00225 	0.00225 	0.00000 	0.00225 	
0.98836	0         	0.00094 	0.00177 	0.00262 	0.00262 	0.00216 	0.00216 	0.00000 	0.00216 	
0.98935	0         	0.00079 	0.00151 	0.00227 	0.00227 	0.00188 	0.00188 	0.00000 	0.00188 	
0.99035	0         	0.00071 	0.00138 	0.00209 	0.00209 	0.00170 	0.00170 	0.00000 	0.00170 	
0.99135	0         	0.00055 	0.00114 	0.00182 	0.00182 	0.00147 	0.00147 	0.00000 	0.00147 	
0.99235	0         	0.00055 	0.00097 	0.00159 	0.00159 	0.00126 	0.00126 	0.00000 	0.00126 	
0.99335	0         	0.00039 	0.00078 	0.00132 	0.00132 	0.00102 	0.00102 	0.00000 	0.00102 	
0.99435	0         	0.00024 	0.00052 	0.00096 	0.00096 	0.00076 	0.00076 	0.00000 	0.00076 	
0.99534	0         	0.00024 	0.00051 	0.00093 	0.00093 	0.00075 	0.00075 	0.00000 	0.00075 	
0.99634	0         	0.00024 	0.00050 	0.00090 	0.00090 	0.00073 	0.00073 	0.00000 	0.00073 	
0.99734	0         	0.00021 	0.00036 	0.00062 	0.00062 	0.00052 	0.00052 	0.00000 	0.00052 	
0.99834	0         	0.00007 	0.00014 	0.00028 	0.00028 	0.00023 	0.00023 	0.00000 	0.00023 	
0.99934	0         	0.00000 	0.00001 	0.00002 	0.00002 	0.00001 	0.00001 	0.00000 	0.00001 	
1.00000	0         	0.00000 	0.00001 	0.00002 	0.00002 	0.00001 	0.00001 	0.00000 	0.00001 	
