# Prop_landscape_lost  cost_needed_for_top_fraction  min_prop_rem  ave_prop_rem  W_prop_rem  ext-1  ext-2  prop_for_each_biodiversity_feature_(e.g._species)_remaining_at_level_of_removal...
0.00001  2.0202e+005  1.00000 1.00000 1.00000   0.00000 0.00000   1.000 
0.00101  2.0181e+005  1.00000 1.00000 1.00000   0.00000 0.00000   1.000 
0.00201  2.0161e+005  0.99999 0.99999 0.99999   0.00000 0.00000   1.000 
0.00301  2.0141e+005  0.99999 0.99999 0.99999   0.00000 0.00000   1.000 
0.00401  2.0121e+005  0.99999 0.99999 0.99999   0.00000 0.00000   1.000 
0.00501  2.0101e+005  0.99998 0.99998 0.99998   0.00000 0.00001   1.000 
0.00601  2.008e+005  0.99997 0.99997 0.99997   0.00000 0.00001   1.000 
0.00701  2.006e+005  0.99996 0.99996 0.99996   0.00000 0.00001   1.000 
0.00801  2.004e+005  0.99994 0.99994 0.99994   0.00000 0.00001   1.000 
0.00901  2.002e+005  0.99992 0.99992 0.99992   0.00000 0.00002   1.000 
0.01001  2e+005      0.99990 0.99990 0.99990   0.00000 0.00002   1.000 
0.01101  1.9979e+005  0.99988 0.99988 0.99988   0.00000 0.00003   1.000 
0.01201  1.9959e+005  0.99985 0.99985 0.99985   0.00000 0.00004   1.000 
0.01301  1.9939e+005  0.99982 0.99982 0.99982   0.00000 0.00005   1.000 
0.01401  1.9919e+005  0.99978 0.99978 0.99978   0.00000 0.00005   1.000 
0.01501  1.9899e+005  0.99975 0.99975 0.99975   0.00000 0.00006   1.000 
0.01601  1.9878e+005  0.99971 0.99971 0.99971   0.00000 0.00007   1.000 
0.01701  1.9858e+005  0.99966 0.99966 0.99966   0.00000 0.00008   1.000 
0.01801  1.9838e+005  0.99962 0.99962 0.99962   0.00001 0.00010   1.000 
0.01901  1.9818e+005  0.99957 0.99957 0.99957   0.00001 0.00011   1.000 
0.02001  1.9798e+005  0.99951 0.99951 0.99951   0.00001 0.00012   1.000 
0.02101  1.9777e+005  0.99946 0.99946 0.99946   0.00001 0.00014   0.999 
0.02201  1.9757e+005  0.99940 0.99940 0.99940   0.00001 0.00015   0.999 
0.02301  1.9737e+005  0.99934 0.99934 0.99934   0.00001 0.00016   0.999 
0.02401  1.9717e+005  0.99928 0.99928 0.99928   0.00001 0.00018   0.999 
0.02501  1.9697e+005  0.99922 0.99922 0.99922   0.00001 0.00020   0.999 
0.02601  1.9676e+005  0.99915 0.99915 0.99915   0.00001 0.00021   0.999 
0.02701  1.9656e+005  0.99908 0.99908 0.99908   0.00001 0.00023   0.999 
0.02801  1.9636e+005  0.99901 0.99901 0.99901   0.00001 0.00025   0.999 
0.02901  1.9616e+005  0.99894 0.99894 0.99894   0.00001 0.00027   0.999 
0.03001  1.9596e+005  0.99887 0.99887 0.99887   0.00001 0.00028   0.999 
0.03101  1.9575e+005  0.99879 0.99879 0.99879   0.00001 0.00030   0.999 
0.03201  1.9555e+005  0.99871 0.99871 0.99871   0.00001 0.00032   0.999 
0.03301  1.9535e+005  0.99863 0.99863 0.99863   0.00001 0.00034   0.999 
0.03401  1.9515e+005  0.99855 0.99855 0.99855   0.00001 0.00036   0.999 
0.03501  1.9495e+005  0.99847 0.99847 0.99847   0.00001 0.00038   0.998 
0.03601  1.9474e+005  0.99838 0.99838 0.99838   0.00001 0.00040   0.998 
0.03701  1.9454e+005  0.99829 0.99829 0.99829   0.00001 0.00043   0.998 
0.03801  1.9434e+005  0.99821 0.99821 0.99821   0.00001 0.00045   0.998 
0.03901  1.9414e+005  0.99819 0.99819 0.99819   0.00001 0.00045   0.998 
0.04001  1.9394e+005  0.99818 0.99818 0.99818   0.00001 0.00046   0.998 
0.04101  1.9373e+005  0.99817 0.99817 0.99817   0.00001 0.00046   0.998 
0.04201  1.9353e+005  0.99816 0.99816 0.99816   0.00001 0.00046   0.998 
0.04301  1.9333e+005  0.99815 0.99815 0.99815   0.00001 0.00046   0.998 
0.04401  1.9313e+005  0.99814 0.99814 0.99814   0.00001 0.00047   0.998 
0.04501  1.9293e+005  0.99812 0.99812 0.99812   0.00001 0.00047   0.998 
0.04601  1.9272e+005  0.99811 0.99811 0.99811   0.00001 0.00047   0.998 
0.04701  1.9252e+005  0.99809 0.99809 0.99809   0.00001 0.00048   0.998 
0.04801  1.9232e+005  0.99806 0.99806 0.99806   0.00001 0.00048   0.998 
0.04901  1.9212e+005  0.99804 0.99804 0.99804   0.00001 0.00049   0.998 
0.05001  1.9192e+005  0.99801 0.99801 0.99801   0.00001 0.00050   0.998 
0.05101  1.9171e+005  0.99798 0.99798 0.99798   0.00001 0.00051   0.998 
0.05201  1.9151e+005  0.99794 0.99794 0.99794   0.00001 0.00052   0.998 
0.05301  1.9131e+005  0.99790 0.99790 0.99790   0.00001 0.00052   0.998 
0.05401  1.9111e+005  0.99786 0.99786 0.99786   0.00001 0.00053   0.998 
0.05500  1.9091e+005  0.99782 0.99782 0.99782   0.00001 0.00055   0.998 
0.05600  1.907e+005  0.99777 0.99777 0.99777   0.00001 0.00056   0.998 
0.05700  1.905e+005  0.99772 0.99772 0.99772   0.00001 0.00057   0.998 
0.05800  1.903e+005  0.99767 0.99767 0.99767   0.00001 0.00058   0.998 
0.05900  1.901e+005  0.99762 0.99762 0.99762   0.00001 0.00060   0.998 
0.06000  1.899e+005  0.99756 0.99756 0.99756   0.00001 0.00061   0.998 
0.06100  1.8969e+005  0.99750 0.99750 0.99750   0.00001 0.00063   0.997 
0.06200  1.8949e+005  0.99743 0.99743 0.99743   0.00001 0.00064   0.997 
0.06300  1.8929e+005  0.99736 0.99736 0.99736   0.00001 0.00066   0.997 
0.06400  1.8909e+005  0.99729 0.99729 0.99729   0.00001 0.00068   0.997 
0.06500  1.8889e+005  0.99722 0.99722 0.99722   0.00001 0.00070   0.997 
0.06600  1.8868e+005  0.99714 0.99714 0.99714   0.00001 0.00072   0.997 
0.06700  1.8848e+005  0.99706 0.99706 0.99706   0.00001 0.00074   0.997 
0.06800  1.8828e+005  0.99697 0.99697 0.99697   0.00001 0.00076   0.997 
0.06900  1.8808e+005  0.99688 0.99688 0.99688   0.00001 0.00078   0.997 
0.07000  1.8788e+005  0.99679 0.99679 0.99679   0.00001 0.00080   0.997 
0.07100  1.8767e+005  0.99669 0.99669 0.99669   0.00001 0.00083   0.997 
0.07200  1.8747e+005  0.99660 0.99660 0.99660   0.00001 0.00085   0.997 
0.07300  1.8727e+005  0.99651 0.99651 0.99651   0.00001 0.00087   0.997 
0.07400  1.8707e+005  0.99641 0.99641 0.99641   0.00001 0.00090   0.996 
0.07500  1.8687e+005  0.99631 0.99631 0.99631   0.00001 0.00092   0.996 
0.07600  1.8666e+005  0.99621 0.99621 0.99621   0.00001 0.00095   0.996 
0.07700  1.8646e+005  0.99611 0.99611 0.99611   0.00001 0.00097   0.996 
0.07800  1.8626e+005  0.99601 0.99601 0.99601   0.00001 0.00100   0.996 
0.07900  1.8606e+005  0.99591 0.99591 0.99591   0.00001 0.00102   0.996 
0.08000  1.8586e+005  0.99580 0.99580 0.99580   0.00001 0.00105   0.996 
0.08100  1.8565e+005  0.99570 0.99570 0.99570   0.00001 0.00108   0.996 
0.08200  1.8545e+005  0.99559 0.99559 0.99559   0.00001 0.00110   0.996 
0.08300  1.8525e+005  0.99548 0.99548 0.99548   0.00001 0.00113   0.995 
0.08400  1.8505e+005  0.99537 0.99537 0.99537   0.00001 0.00116   0.995 
0.08500  1.8485e+005  0.99526 0.99526 0.99526   0.00001 0.00119   0.995 
0.08600  1.8464e+005  0.99515 0.99515 0.99515   0.00001 0.00121   0.995 
0.08700  1.8444e+005  0.99503 0.99503 0.99503   0.00001 0.00124   0.995 
0.08800  1.8424e+005  0.99492 0.99492 0.99492   0.00001 0.00127   0.995 
0.08900  1.8404e+005  0.99480 0.99480 0.99480   0.00001 0.00130   0.995 
0.09000  1.8384e+005  0.99468 0.99468 0.99468   0.00001 0.00133   0.995 
0.09100  1.8363e+005  0.99456 0.99456 0.99456   0.00001 0.00136   0.995 
0.09200  1.8343e+005  0.99444 0.99444 0.99444   0.00001 0.00139   0.994 
0.09300  1.8323e+005  0.99431 0.99431 0.99431   0.00002 0.00142   0.994 
0.09400  1.8303e+005  0.99419 0.99419 0.99419   0.00002 0.00146   0.994 
0.09500  1.8283e+005  0.99406 0.99406 0.99406   0.00002 0.00149   0.994 
0.09600  1.8262e+005  0.99393 0.99393 0.99393   0.00002 0.00152   0.994 
0.09700  1.8242e+005  0.99379 0.99379 0.99379   0.00002 0.00155   0.994 
0.09800  1.8222e+005  0.99366 0.99366 0.99366   0.00002 0.00159   0.994 
0.09900  1.8202e+005  0.99352 0.99352 0.99352   0.00002 0.00162   0.994 
0.10000  1.8182e+005  0.99338 0.99338 0.99338   0.00002 0.00166   0.993 
0.10100  1.8161e+005  0.99324 0.99324 0.99324   0.00002 0.00169   0.993 
0.10200  1.8141e+005  0.99309 0.99309 0.99309   0.00002 0.00173   0.993 
0.10300  1.8121e+005  0.99295 0.99295 0.99295   0.00002 0.00177   0.993 
0.10400  1.8101e+005  0.99280 0.99280 0.99280   0.00002 0.00181   0.993 
0.10500  1.8081e+005  0.99265 0.99265 0.99265   0.00002 0.00184   0.993 
0.10600  1.806e+005  0.99249 0.99249 0.99249   0.00002 0.00188   0.992 
0.10700  1.804e+005  0.99233 0.99233 0.99233   0.00002 0.00192   0.992 
0.10800  1.802e+005  0.99218 0.99218 0.99218   0.00002 0.00196   0.992 
0.10900  1.8e+005    0.99201 0.99201 0.99201   0.00002 0.00200   0.992 
0.11000  1.798e+005  0.99185 0.99185 0.99185   0.00002 0.00204   0.992 
0.11100  1.7959e+005  0.99169 0.99169 0.99169   0.00002 0.00208   0.992 
0.11200  1.7939e+005  0.99152 0.99152 0.99152   0.00002 0.00213   0.992 
0.11300  1.7919e+005  0.99135 0.99135 0.99135   0.00002 0.00217   0.991 
0.11400  1.7899e+005  0.99118 0.99118 0.99118   0.00002 0.00221   0.991 
0.11500  1.7879e+005  0.99101 0.99101 0.99101   0.00002 0.00226   0.991 
0.11600  1.7858e+005  0.99083 0.99083 0.99083   0.00002 0.00230   0.991 
0.11700  1.7838e+005  0.99065 0.99065 0.99065   0.00002 0.00234   0.991 
0.11800  1.7818e+005  0.99047 0.99047 0.99047   0.00002 0.00239   0.990 
0.11900  1.7798e+005  0.99029 0.99029 0.99029   0.00002 0.00244   0.990 
0.12000  1.7778e+005  0.99011 0.99011 0.99011   0.00002 0.00248   0.990 
0.12100  1.7757e+005  0.98992 0.98992 0.98992   0.00002 0.00253   0.990 
0.12200  1.7737e+005  0.98973 0.98973 0.98973   0.00002 0.00258   0.990 
0.12300  1.7717e+005  0.98954 0.98954 0.98954   0.00002 0.00262   0.990 
0.12400  1.7697e+005  0.98935 0.98935 0.98935   0.00002 0.00267   0.989 
0.12500  1.7677e+005  0.98915 0.98915 0.98915   0.00002 0.00272   0.989 
0.12600  1.7656e+005  0.98896 0.98896 0.98896   0.00002 0.00277   0.989 
0.12700  1.7636e+005  0.98876 0.98876 0.98876   0.00002 0.00282   0.989 
0.12800  1.7616e+005  0.98856 0.98856 0.98856   0.00002 0.00287   0.989 
0.12900  1.7596e+005  0.98835 0.98835 0.98835   0.00002 0.00292   0.988 
0.13000  1.7576e+005  0.98815 0.98815 0.98815   0.00002 0.00298   0.988 
0.13100  1.7555e+005  0.98794 0.98794 0.98794   0.00002 0.00303   0.988 
0.13200  1.7535e+005  0.98773 0.98773 0.98773   0.00002 0.00308   0.988 
0.13300  1.7515e+005  0.98752 0.98752 0.98752   0.00002 0.00314   0.988 
0.13400  1.7495e+005  0.98730 0.98730 0.98730   0.00002 0.00319   0.987 
0.13500  1.7475e+005  0.98709 0.98709 0.98709   0.00002 0.00324   0.987 
0.13600  1.7454e+005  0.98694 0.98694 0.98694   0.00002 0.00328   0.987 
0.13700  1.7434e+005  0.98677 0.98677 0.98677   0.00002 0.00332   0.987 
0.13800  1.7414e+005  0.98655 0.98655 0.98655   0.00002 0.00338   0.987 
0.13900  1.7394e+005  0.98633 0.98633 0.98633   0.00002 0.00343   0.986 
0.14000  1.7374e+005  0.98611 0.98611 0.98611   0.00002 0.00349   0.986 
0.14100  1.7353e+005  0.98589 0.98589 0.98589   0.00002 0.00355   0.986 
0.14200  1.7333e+005  0.98567 0.98567 0.98567   0.00003 0.00360   0.986 
0.14300  1.7313e+005  0.98544 0.98544 0.98544   0.00003 0.00366   0.985 
0.14400  1.7293e+005  0.98521 0.98521 0.98521   0.00003 0.00372   0.985 
0.14500  1.7273e+005  0.98498 0.98498 0.98498   0.00003 0.00378   0.985 
0.14600  1.7252e+005  0.98474 0.98474 0.98474   0.00003 0.00384   0.985 
0.14700  1.7232e+005  0.98451 0.98451 0.98451   0.00003 0.00390   0.985 
0.14800  1.7212e+005  0.98427 0.98427 0.98427   0.00003 0.00396   0.984 
0.14900  1.7192e+005  0.98403 0.98403 0.98403   0.00003 0.00402   0.984 
0.15000  1.7172e+005  0.98379 0.98379 0.98379   0.00003 0.00408   0.984 
0.15100  1.7151e+005  0.98355 0.98355 0.98355   0.00003 0.00414   0.984 
0.15200  1.7131e+005  0.98331 0.98331 0.98331   0.00003 0.00420   0.983 
0.15300  1.7111e+005  0.98306 0.98306 0.98306   0.00003 0.00426   0.983 
0.15400  1.7091e+005  0.98281 0.98281 0.98281   0.00003 0.00433   0.983 
0.15500  1.7071e+005  0.98256 0.98256 0.98256   0.00003 0.00439   0.983 
0.15600  1.705e+005  0.98231 0.98231 0.98231   0.00003 0.00445   0.982 
0.15700  1.703e+005  0.98205 0.98205 0.98205   0.00003 0.00452   0.982 
0.15800  1.701e+005  0.98180 0.98180 0.98180   0.00003 0.00458   0.982 
0.15900  1.699e+005  0.98154 0.98154 0.98154   0.00003 0.00465   0.982 
0.16000  1.697e+005  0.98128 0.98128 0.98128   0.00003 0.00471   0.981 
0.16100  1.6949e+005  0.98102 0.98102 0.98102   0.00003 0.00478   0.981 
0.16200  1.6929e+005  0.98075 0.98075 0.98075   0.00003 0.00485   0.981 
0.16300  1.6909e+005  0.98049 0.98049 0.98049   0.00003 0.00491   0.980 
0.16400  1.6889e+005  0.98022 0.98022 0.98022   0.00003 0.00498   0.980 
0.16500  1.6869e+005  0.97995 0.97995 0.97995   0.00003 0.00505   0.980 
0.16600  1.6848e+005  0.97968 0.97968 0.97968   0.00003 0.00512   0.980 
0.16700  1.6828e+005  0.97940 0.97940 0.97940   0.00003 0.00519   0.979 
0.16799  1.6808e+005  0.97913 0.97913 0.97913   0.00003 0.00526   0.979 
0.16899  1.6788e+005  0.97885 0.97885 0.97885   0.00003 0.00533   0.979 
0.16999  1.6768e+005  0.97857 0.97857 0.97857   0.00003 0.00540   0.979 
0.17099  1.6747e+005  0.97829 0.97829 0.97829   0.00003 0.00547   0.978 
0.17199  1.6727e+005  0.97800 0.97800 0.97800   0.00003 0.00554   0.978 
0.17299  1.6707e+005  0.97772 0.97772 0.97772   0.00003 0.00562   0.978 
0.17399  1.6687e+005  0.97743 0.97743 0.97743   0.00003 0.00569   0.977 
0.17499  1.6667e+005  0.97714 0.97714 0.97714   0.00003 0.00576   0.977 
0.17599  1.6646e+005  0.97685 0.97685 0.97685   0.00003 0.00584   0.977 
0.17699  1.6626e+005  0.97656 0.97656 0.97656   0.00003 0.00591   0.977 
0.17799  1.6606e+005  0.97626 0.97626 0.97626   0.00003 0.00599   0.976 
0.17899  1.6586e+005  0.97596 0.97596 0.97596   0.00003 0.00606   0.976 
0.17999  1.6566e+005  0.97566 0.97566 0.97566   0.00003 0.00614   0.976 
0.18099  1.6545e+005  0.97536 0.97536 0.97536   0.00003 0.00622   0.975 
0.18199  1.6525e+005  0.97505 0.97505 0.97505   0.00003 0.00630   0.975 
0.18299  1.6505e+005  0.97475 0.97475 0.97475   0.00003 0.00637   0.975 
0.18399  1.6485e+005  0.97444 0.97444 0.97444   0.00003 0.00645   0.974 
0.18499  1.6465e+005  0.97413 0.97413 0.97413   0.00004 0.00653   0.974 
0.18599  1.6444e+005  0.97381 0.97381 0.97381   0.00004 0.00661   0.974 
0.18699  1.6424e+005  0.97350 0.97350 0.97350   0.00004 0.00669   0.973 
0.18799  1.6404e+005  0.97318 0.97318 0.97318   0.00004 0.00677   0.973 
0.18899  1.6384e+005  0.97286 0.97286 0.97286   0.00004 0.00685   0.973 
0.18999  1.6364e+005  0.97254 0.97254 0.97254   0.00004 0.00694   0.973 
0.19099  1.6343e+005  0.97222 0.97222 0.97222   0.00004 0.00702   0.972 
0.19199  1.6323e+005  0.97189 0.97189 0.97189   0.00004 0.00710   0.972 
0.19299  1.6303e+005  0.97156 0.97156 0.97156   0.00004 0.00719   0.972 
0.19399  1.6283e+005  0.97123 0.97123 0.97123   0.00004 0.00727   0.971 
0.19499  1.6263e+005  0.97090 0.97090 0.97090   0.00004 0.00736   0.971 
0.19599  1.6242e+005  0.97056 0.97056 0.97056   0.00004 0.00744   0.971 
0.19699  1.6222e+005  0.97023 0.97023 0.97023   0.00004 0.00753   0.970 
0.19799  1.6202e+005  0.96989 0.96989 0.96989   0.00004 0.00761   0.970 
0.19899  1.6182e+005  0.96955 0.96955 0.96955   0.00004 0.00770   0.970 
0.19999  1.6162e+005  0.96921 0.96921 0.96921   0.00004 0.00779   0.969 
0.20099  1.6141e+005  0.96886 0.96886 0.96886   0.00004 0.00788   0.969 
0.20199  1.6121e+005  0.96851 0.96851 0.96851   0.00004 0.00797   0.969 
0.20299  1.6101e+005  0.96816 0.96816 0.96816   0.00004 0.00806   0.968 
0.20399  1.6081e+005  0.96781 0.96781 0.96781   0.00004 0.00815   0.968 
0.20499  1.6061e+005  0.96746 0.96746 0.96746   0.00004 0.00824   0.967 
0.20599  1.604e+005  0.96710 0.96710 0.96710   0.00004 0.00833   0.967 
0.20699  1.602e+005  0.96675 0.96675 0.96675   0.00004 0.00842   0.967 
0.20799  1.6e+005    0.96639 0.96639 0.96639   0.00004 0.00851   0.966 
0.20899  1.598e+005  0.96603 0.96603 0.96603   0.00004 0.00860   0.966 
0.20999  1.596e+005  0.96566 0.96566 0.96566   0.00004 0.00870   0.966 
0.21099  1.5939e+005  0.96530 0.96530 0.96530   0.00004 0.00879   0.965 
0.21199  1.5919e+005  0.96493 0.96493 0.96493   0.00004 0.00889   0.965 
0.21299  1.5899e+005  0.96456 0.96456 0.96456   0.00004 0.00898   0.965 
0.21399  1.5879e+005  0.96419 0.96419 0.96419   0.00004 0.00908   0.964 
0.21499  1.5859e+005  0.96381 0.96381 0.96381   0.00004 0.00917   0.964 
0.21599  1.5838e+005  0.96344 0.96344 0.96344   0.00004 0.00927   0.963 
0.21699  1.5818e+005  0.96306 0.96306 0.96306   0.00004 0.00937   0.963 
0.21799  1.5798e+005  0.96268 0.96268 0.96268   0.00004 0.00946   0.963 
0.21899  1.5778e+005  0.96230 0.96230 0.96230   0.00004 0.00956   0.962 
0.21999  1.5758e+005  0.96192 0.96192 0.96192   0.00004 0.00966   0.962 
0.22099  1.5737e+005  0.96153 0.96153 0.96153   0.00004 0.00976   0.962 
0.22199  1.5717e+005  0.96114 0.96114 0.96114   0.00004 0.00986   0.961 
0.22299  1.5697e+005  0.96075 0.96075 0.96075   0.00004 0.00996   0.961 
0.22399  1.5677e+005  0.96036 0.96036 0.96036   0.00004 0.01006   0.960 
0.22499  1.5657e+005  0.95997 0.95997 0.95997   0.00004 0.01016   0.960 
0.22599  1.5636e+005  0.95957 0.95957 0.95957   0.00005 0.01026   0.960 
0.22699  1.5616e+005  0.95918 0.95918 0.95918   0.00005 0.01037   0.959 
0.22799  1.5596e+005  0.95878 0.95878 0.95878   0.00005 0.01047   0.959 
0.22899  1.5576e+005  0.95838 0.95838 0.95838   0.00005 0.01057   0.958 
0.22999  1.5556e+005  0.95797 0.95797 0.95797   0.00005 0.01068   0.958 
0.23099  1.5535e+005  0.95757 0.95757 0.95757   0.00005 0.01078   0.958 
0.23199  1.5515e+005  0.95717 0.95717 0.95717   0.00005 0.01088   0.957 
0.23299  1.5495e+005  0.95676 0.95676 0.95676   0.00005 0.01099   0.957 
0.23399  1.5475e+005  0.95635 0.95635 0.95635   0.00005 0.01110   0.956 
0.23499  1.5455e+005  0.95594 0.95594 0.95594   0.00005 0.01120   0.956 
0.23599  1.5434e+005  0.95553 0.95553 0.95553   0.00005 0.01131   0.956 
0.23699  1.5414e+005  0.95512 0.95512 0.95512   0.00005 0.01142   0.955 
0.23799  1.5394e+005  0.95470 0.95470 0.95470   0.00005 0.01152   0.955 
0.23899  1.5374e+005  0.95428 0.95428 0.95428   0.00005 0.01163   0.954 
0.23999  1.5354e+005  0.95386 0.95386 0.95386   0.00005 0.01174   0.954 
0.24099  1.5333e+005  0.95343 0.95343 0.95343   0.00005 0.01185   0.953 
0.24199  1.5313e+005  0.95301 0.95301 0.95301   0.00005 0.01196   0.953 
0.24299  1.5293e+005  0.95258 0.95258 0.95258   0.00005 0.01207   0.953 
0.24399  1.5273e+005  0.95215 0.95215 0.95215   0.00005 0.01218   0.952 
0.24499  1.5253e+005  0.95172 0.95172 0.95172   0.00005 0.01230   0.952 
0.24599  1.5232e+005  0.95128 0.95128 0.95128   0.00005 0.01241   0.951 
0.24699  1.5212e+005  0.95085 0.95085 0.95085   0.00005 0.01252   0.951 
0.24799  1.5192e+005  0.95041 0.95041 0.95041   0.00005 0.01263   0.950 
0.24899  1.5172e+005  0.94997 0.94997 0.94997   0.00005 0.01275   0.950 
0.24999  1.5152e+005  0.94953 0.94953 0.94953   0.00005 0.01286   0.950 
0.25099  1.5131e+005  0.94909 0.94909 0.94909   0.00005 0.01298   0.949 
0.25199  1.5111e+005  0.94864 0.94864 0.94864   0.00005 0.01310   0.949 
0.25299  1.5091e+005  0.94819 0.94819 0.94819   0.00005 0.01321   0.948 
0.25399  1.5071e+005  0.94774 0.94774 0.94774   0.00005 0.01333   0.948 
0.25499  1.5051e+005  0.94729 0.94729 0.94729   0.00005 0.01345   0.947 
0.25599  1.503e+005  0.94684 0.94684 0.94684   0.00005 0.01356   0.947 
0.25699  1.501e+005  0.94638 0.94638 0.94638   0.00005 0.01368   0.946 
0.25799  1.499e+005  0.94592 0.94592 0.94592   0.00005 0.01380   0.946 
0.25899  1.497e+005  0.94546 0.94546 0.94546   0.00005 0.01392   0.945 
0.25999  1.495e+005  0.94500 0.94500 0.94500   0.00005 0.01404   0.945 
0.26099  1.4929e+005  0.94453 0.94453 0.94453   0.00005 0.01416   0.945 
0.26199  1.4909e+005  0.94407 0.94407 0.94407   0.00005 0.01429   0.944 
0.26299  1.4889e+005  0.94360 0.94360 0.94360   0.00005 0.01441   0.944 
0.26399  1.4869e+005  0.94313 0.94313 0.94313   0.00005 0.01453   0.943 
0.26499  1.4849e+005  0.94265 0.94265 0.94265   0.00006 0.01466   0.943 
0.26599  1.4828e+005  0.94218 0.94218 0.94218   0.00006 0.01478   0.942 
0.26699  1.4808e+005  0.94170 0.94170 0.94170   0.00006 0.01490   0.942 
0.26799  1.4788e+005  0.94122 0.94122 0.94122   0.00006 0.01503   0.941 
0.26899  1.4768e+005  0.94074 0.94074 0.94074   0.00006 0.01516   0.941 
0.26999  1.4748e+005  0.94026 0.94026 0.94026   0.00006 0.01528   0.940 
0.27099  1.4727e+005  0.93977 0.93977 0.93977   0.00006 0.01541   0.940 
0.27199  1.4707e+005  0.93928 0.93928 0.93928   0.00006 0.01554   0.939 
0.27299  1.4687e+005  0.93879 0.93879 0.93879   0.00006 0.01567   0.939 
0.27399  1.4667e+005  0.93830 0.93830 0.93830   0.00006 0.01580   0.938 
0.27499  1.4647e+005  0.93781 0.93781 0.93781   0.00006 0.01592   0.938 
0.27599  1.4626e+005  0.93731 0.93731 0.93731   0.00006 0.01606   0.937 
0.27699  1.4606e+005  0.93681 0.93681 0.93681   0.00006 0.01619   0.937 
0.27799  1.4586e+005  0.93632 0.93632 0.93632   0.00006 0.01631   0.936 
0.27899  1.4566e+005  0.93582 0.93582 0.93582   0.00006 0.01645   0.936 
0.27998  1.4546e+005  0.93532 0.93532 0.93532   0.00006 0.01658   0.935 
0.28098  1.4525e+005  0.93481 0.93481 0.93481   0.00006 0.01671   0.935 
0.28198  1.4505e+005  0.93430 0.93430 0.93430   0.00006 0.01685   0.934 
0.28298  1.4485e+005  0.93379 0.93379 0.93379   0.00006 0.01698   0.934 
0.28398  1.4465e+005  0.93328 0.93328 0.93328   0.00006 0.01712   0.933 
0.28498  1.4445e+005  0.93276 0.93276 0.93276   0.00006 0.01725   0.933 
0.28598  1.4424e+005  0.93224 0.93224 0.93224   0.00006 0.01739   0.932 
0.28698  1.4404e+005  0.93172 0.93172 0.93172   0.00006 0.01752   0.932 
0.28798  1.4384e+005  0.93120 0.93120 0.93120   0.00006 0.01766   0.931 
0.28898  1.4364e+005  0.93068 0.93068 0.93068   0.00006 0.01780   0.931 
0.28998  1.4344e+005  0.93015 0.93015 0.93015   0.00006 0.01794   0.930 
0.29098  1.4323e+005  0.92963 0.92963 0.92963   0.00006 0.01808   0.930 
0.29198  1.4303e+005  0.92910 0.92910 0.92910   0.00006 0.01822   0.929 
0.29298  1.4283e+005  0.92856 0.92856 0.92856   0.00006 0.01836   0.929 
0.29398  1.4263e+005  0.92803 0.92803 0.92803   0.00006 0.01850   0.928 
0.29498  1.4243e+005  0.92750 0.92750 0.92750   0.00006 0.01864   0.927 
0.29598  1.4222e+005  0.92696 0.92696 0.92696   0.00006 0.01878   0.927 
0.29698  1.4202e+005  0.92642 0.92642 0.92642   0.00006 0.01893   0.926 
0.29798  1.4182e+005  0.92587 0.92587 0.92587   0.00006 0.01907   0.926 
0.29898  1.4162e+005  0.92533 0.92533 0.92533   0.00006 0.01921   0.925 
0.29998  1.4142e+005  0.92478 0.92478 0.92478   0.00006 0.01936   0.925 
0.30098  1.4121e+005  0.92424 0.92424 0.92424   0.00006 0.01950   0.924 
0.30198  1.4101e+005  0.92369 0.92369 0.92369   0.00006 0.01965   0.924 
0.30298  1.4081e+005  0.92313 0.92313 0.92313   0.00007 0.01980   0.923 
0.30398  1.4061e+005  0.92258 0.92258 0.92258   0.00007 0.01994   0.923 
0.30498  1.4041e+005  0.92202 0.92202 0.92202   0.00007 0.02009   0.922 
0.30598  1.402e+005  0.92146 0.92146 0.92146   0.00007 0.02024   0.921 
0.30698  1.4e+005    0.92090 0.92090 0.92090   0.00007 0.02039   0.921 
0.30798  1.398e+005  0.92034 0.92034 0.92034   0.00007 0.02054   0.920 
0.30898  1.396e+005  0.91978 0.91978 0.91978   0.00007 0.02069   0.920 
0.30998  1.394e+005  0.91922 0.91922 0.91922   0.00007 0.02084   0.919 
0.31098  1.3919e+005  0.91866 0.91866 0.91866   0.00007 0.02099   0.919 
0.31198  1.3899e+005  0.91809 0.91809 0.91809   0.00007 0.02114   0.918 
0.31298  1.3879e+005  0.91752 0.91752 0.91752   0.00007 0.02129   0.918 
0.31398  1.3859e+005  0.91695 0.91695 0.91695   0.00007 0.02144   0.917 
0.31498  1.3839e+005  0.91637 0.91637 0.91637   0.00007 0.02160   0.916 
0.31598  1.3818e+005  0.91580 0.91580 0.91580   0.00007 0.02175   0.916 
0.31698  1.3798e+005  0.91522 0.91522 0.91522   0.00007 0.02191   0.915 
0.31798  1.3778e+005  0.91464 0.91464 0.91464   0.00007 0.02206   0.915 
0.31898  1.3758e+005  0.91405 0.91405 0.91405   0.00007 0.02222   0.914 
0.31998  1.3738e+005  0.91347 0.91347 0.91347   0.00007 0.02237   0.913 
0.32098  1.3717e+005  0.91288 0.91288 0.91288   0.00007 0.02253   0.913 
0.32198  1.3697e+005  0.91229 0.91229 0.91229   0.00007 0.02269   0.912 
0.32298  1.3677e+005  0.91170 0.91170 0.91170   0.00007 0.02285   0.912 
0.32398  1.3657e+005  0.91110 0.91110 0.91110   0.00007 0.02301   0.911 
0.32498  1.3637e+005  0.91050 0.91050 0.91050   0.00007 0.02317   0.911 
0.32598  1.3616e+005  0.90990 0.90990 0.90990   0.00007 0.02333   0.910 
0.32698  1.3596e+005  0.90930 0.90930 0.90930   0.00007 0.02349   0.909 
0.32798  1.3576e+005  0.90870 0.90870 0.90870   0.00007 0.02365   0.909 
0.32898  1.3556e+005  0.90809 0.90809 0.90809   0.00007 0.02381   0.908 
0.32998  1.3536e+005  0.90748 0.90748 0.90748   0.00007 0.02398   0.907 
0.33098  1.3515e+005  0.90687 0.90687 0.90687   0.00007 0.02414   0.907 
0.33198  1.3495e+005  0.90626 0.90626 0.90626   0.00007 0.02431   0.906 
0.33298  1.3475e+005  0.90564 0.90564 0.90564   0.00007 0.02447   0.906 
0.33398  1.3455e+005  0.90503 0.90503 0.90503   0.00007 0.02464   0.905 
0.33498  1.3435e+005  0.90441 0.90441 0.90441   0.00007 0.02481   0.904 
0.33598  1.3414e+005  0.90378 0.90378 0.90378   0.00007 0.02497   0.904 
0.33698  1.3394e+005  0.90316 0.90316 0.90316   0.00007 0.02514   0.903 
0.33798  1.3374e+005  0.90253 0.90253 0.90253   0.00007 0.02531   0.903 
0.33898  1.3354e+005  0.90190 0.90190 0.90190   0.00007 0.02548   0.902 
0.33998  1.3334e+005  0.90127 0.90127 0.90127   0.00008 0.02565   0.901 
0.34098  1.3313e+005  0.90064 0.90064 0.90064   0.00008 0.02582   0.901 
0.34198  1.3293e+005  0.90000 0.90000 0.90000   0.00008 0.02600   0.900 
0.34298  1.3273e+005  0.89937 0.89937 0.89937   0.00008 0.02617   0.899 
0.34398  1.3253e+005  0.89873 0.89873 0.89873   0.00008 0.02634   0.899 
0.34498  1.3233e+005  0.89808 0.89808 0.89808   0.00008 0.02652   0.898 
0.34598  1.3212e+005  0.89744 0.89744 0.89744   0.00008 0.02669   0.897 
0.34698  1.3192e+005  0.89679 0.89679 0.89679   0.00008 0.02687   0.897 
0.34798  1.3172e+005  0.89614 0.89614 0.89614   0.00008 0.02704   0.896 
0.34898  1.3152e+005  0.89549 0.89549 0.89549   0.00008 0.02722   0.895 
0.34998  1.3132e+005  0.89484 0.89484 0.89484   0.00008 0.02740   0.895 
0.35098  1.3111e+005  0.89418 0.89418 0.89418   0.00008 0.02757   0.894 
0.35198  1.3091e+005  0.89352 0.89352 0.89352   0.00008 0.02775   0.894 
0.35298  1.3071e+005  0.89286 0.89286 0.89286   0.00008 0.02793   0.893 
0.35398  1.3051e+005  0.89220 0.89220 0.89220   0.00008 0.02811   0.892 
0.35498  1.3031e+005  0.89153 0.89153 0.89153   0.00008 0.02829   0.892 
0.35598  1.301e+005  0.89087 0.89087 0.89087   0.00008 0.02848   0.891 
0.35698  1.299e+005  0.89020 0.89020 0.89020   0.00008 0.02866   0.890 
0.35798  1.297e+005  0.88952 0.88952 0.88952   0.00008 0.02884   0.890 
0.35898  1.295e+005  0.88885 0.88885 0.88885   0.00008 0.02903   0.889 
0.35998  1.293e+005  0.88817 0.88817 0.88817   0.00008 0.02921   0.888 
0.36098  1.2909e+005  0.88749 0.88749 0.88749   0.00008 0.02940   0.887 
0.36198  1.2889e+005  0.88681 0.88681 0.88681   0.00008 0.02958   0.887 
0.36298  1.2869e+005  0.88613 0.88613 0.88613   0.00008 0.02977   0.886 
0.36398  1.2849e+005  0.88544 0.88544 0.88544   0.00008 0.02996   0.885 
0.36498  1.2829e+005  0.88475 0.88475 0.88475   0.00008 0.03015   0.885 
0.36598  1.2808e+005  0.88406 0.88406 0.88406   0.00008 0.03034   0.884 
0.36698  1.2788e+005  0.88337 0.88337 0.88337   0.00008 0.03053   0.883 
0.36798  1.2768e+005  0.88267 0.88267 0.88267   0.00008 0.03072   0.883 
0.36898  1.2748e+005  0.88198 0.88198 0.88198   0.00008 0.03091   0.882 
0.36998  1.2728e+005  0.88128 0.88128 0.88128   0.00008 0.03110   0.881 
0.37098  1.2707e+005  0.88057 0.88057 0.88057   0.00008 0.03130   0.881 
0.37198  1.2687e+005  0.87987 0.87987 0.87987   0.00008 0.03149   0.880 
0.37298  1.2667e+005  0.87916 0.87916 0.87916   0.00008 0.03168   0.879 
0.37398  1.2647e+005  0.87845 0.87845 0.87845   0.00009 0.03188   0.878 
0.37498  1.2627e+005  0.87774 0.87774 0.87774   0.00009 0.03207   0.878 
0.37598  1.2606e+005  0.87703 0.87703 0.87703   0.00009 0.03227   0.877 
0.37698  1.2586e+005  0.87631 0.87631 0.87631   0.00009 0.03247   0.876 
0.37798  1.2566e+005  0.87559 0.87559 0.87559   0.00009 0.03267   0.876 
0.37898  1.2546e+005  0.87487 0.87487 0.87487   0.00009 0.03287   0.875 
0.37998  1.2526e+005  0.87415 0.87415 0.87415   0.00009 0.03307   0.874 
0.38098  1.2505e+005  0.87343 0.87343 0.87343   0.00009 0.03327   0.873 
0.38198  1.2485e+005  0.87270 0.87270 0.87270   0.00009 0.03347   0.873 
0.38298  1.2465e+005  0.87197 0.87197 0.87197   0.00009 0.03367   0.872 
0.38398  1.2445e+005  0.87124 0.87124 0.87124   0.00009 0.03387   0.871 
0.38498  1.2425e+005  0.87050 0.87050 0.87050   0.00009 0.03408   0.871 
0.38598  1.2404e+005  0.86976 0.86976 0.86976   0.00009 0.03428   0.870 
0.38698  1.2384e+005  0.86903 0.86903 0.86903   0.00009 0.03449   0.869 
0.38798  1.2364e+005  0.86828 0.86828 0.86828   0.00009 0.03469   0.868 
0.38898  1.2344e+005  0.86754 0.86754 0.86754   0.00009 0.03490   0.868 
0.38998  1.2324e+005  0.86680 0.86680 0.86680   0.00009 0.03511   0.867 
0.39098  1.2303e+005  0.86605 0.86605 0.86605   0.00009 0.03532   0.866 
0.39197  1.2283e+005  0.86530 0.86530 0.86530   0.00009 0.03552   0.865 
0.39297  1.2263e+005  0.86455 0.86455 0.86455   0.00009 0.03573   0.865 
0.39397  1.2243e+005  0.86379 0.86379 0.86379   0.00009 0.03594   0.864 
0.39497  1.2223e+005  0.86303 0.86303 0.86303   0.00009 0.03616   0.863 
0.39597  1.2202e+005  0.86228 0.86228 0.86228   0.00009 0.03637   0.862 
0.39697  1.2182e+005  0.86151 0.86151 0.86151   0.00009 0.03658   0.862 
0.39797  1.2162e+005  0.86075 0.86075 0.86075   0.00009 0.03679   0.861 
0.39897  1.2142e+005  0.85999 0.85999 0.85999   0.00009 0.03701   0.860 
0.39997  1.2122e+005  0.85922 0.85922 0.85922   0.00009 0.03722   0.859 
0.40097  1.2101e+005  0.85845 0.85845 0.85845   0.00009 0.03744   0.858 
0.40197  1.2081e+005  0.85768 0.85768 0.85768   0.00009 0.03765   0.858 
0.40297  1.2061e+005  0.85690 0.85690 0.85690   0.00009 0.03787   0.857 
0.40397  1.2041e+005  0.85613 0.85613 0.85613   0.00009 0.03809   0.856 
0.40497  1.2021e+005  0.85535 0.85535 0.85535   0.00009 0.03831   0.855 
0.40597  1.2e+005    0.85457 0.85457 0.85457   0.00009 0.03853   0.855 
0.40697  1.198e+005  0.85379 0.85379 0.85379   0.00009 0.03875   0.854 
0.40797  1.196e+005  0.85300 0.85300 0.85300   0.00010 0.03897   0.853 
0.40897  1.194e+005  0.85222 0.85222 0.85222   0.00010 0.03919   0.852 
0.40997  1.192e+005  0.85143 0.85143 0.85143   0.00010 0.03941   0.851 
0.41097  1.1899e+005  0.85064 0.85064 0.85064   0.00010 0.03963   0.851 
0.41197  1.1879e+005  0.84985 0.84985 0.84985   0.00010 0.03986   0.850 
0.41297  1.1859e+005  0.84906 0.84906 0.84906   0.00010 0.04008   0.849 
0.41397  1.1839e+005  0.84826 0.84826 0.84826   0.00010 0.04031   0.848 
0.41497  1.1819e+005  0.84746 0.84746 0.84746   0.00010 0.04053   0.847 
0.41597  1.1798e+005  0.84666 0.84666 0.84666   0.00010 0.04076   0.847 
0.41697  1.1778e+005  0.84586 0.84586 0.84586   0.00010 0.04099   0.846 
0.41797  1.1758e+005  0.84506 0.84506 0.84506   0.00010 0.04121   0.845 
0.41897  1.1738e+005  0.84425 0.84425 0.84425   0.00010 0.04144   0.844 
0.41997  1.1718e+005  0.84344 0.84344 0.84344   0.00010 0.04167   0.843 
0.42097  1.1697e+005  0.84263 0.84263 0.84263   0.00010 0.04190   0.843 
0.42197  1.1677e+005  0.84182 0.84182 0.84182   0.00010 0.04213   0.842 
0.42297  1.1657e+005  0.84101 0.84101 0.84101   0.00010 0.04237   0.841 
0.42397  1.1637e+005  0.84019 0.84019 0.84019   0.00010 0.04260   0.840 
0.42497  1.1617e+005  0.83938 0.83938 0.83938   0.00010 0.04283   0.839 
0.42597  1.1596e+005  0.83856 0.83856 0.83856   0.00010 0.04306   0.839 
0.42697  1.1576e+005  0.83774 0.83774 0.83774   0.00010 0.04330   0.838 
0.42797  1.1556e+005  0.83692 0.83692 0.83692   0.00010 0.04353   0.837 
0.42897  1.1536e+005  0.83609 0.83609 0.83609   0.00010 0.04377   0.836 
0.42997  1.1516e+005  0.83527 0.83527 0.83527   0.00010 0.04400   0.835 
0.43097  1.1495e+005  0.83445 0.83445 0.83445   0.00010 0.04424   0.834 
0.43197  1.1475e+005  0.83363 0.83363 0.83363   0.00010 0.04447   0.834 
0.43297  1.1455e+005  0.83280 0.83280 0.83280   0.00010 0.04471   0.833 
0.43397  1.1435e+005  0.83197 0.83197 0.83197   0.00010 0.04495   0.832 
0.43497  1.1415e+005  0.83113 0.83113 0.83113   0.00010 0.04519   0.831 
0.43597  1.1394e+005  0.83030 0.83030 0.83030   0.00010 0.04543   0.830 
0.43697  1.1374e+005  0.82947 0.82947 0.82947   0.00010 0.04567   0.829 
0.43797  1.1354e+005  0.82863 0.82863 0.82863   0.00010 0.04591   0.829 
0.43897  1.1334e+005  0.82779 0.82779 0.82779   0.00010 0.04615   0.828 
0.43997  1.1314e+005  0.82695 0.82695 0.82695   0.00011 0.04639   0.827 
0.44097  1.1293e+005  0.82611 0.82611 0.82611   0.00011 0.04664   0.826 
0.44197  1.1273e+005  0.82526 0.82526 0.82526   0.00011 0.04688   0.825 
0.44297  1.1253e+005  0.82442 0.82442 0.82442   0.00011 0.04712   0.824 
0.44397  1.1233e+005  0.82357 0.82357 0.82357   0.00011 0.04737   0.824 
0.44497  1.1213e+005  0.82272 0.82272 0.82272   0.00011 0.04761   0.823 
0.44597  1.1192e+005  0.82187 0.82187 0.82187   0.00011 0.04786   0.822 
0.44697  1.1172e+005  0.82102 0.82102 0.82102   0.00011 0.04811   0.821 
0.44797  1.1152e+005  0.82016 0.82016 0.82016   0.00011 0.04836   0.820 
0.44897  1.1132e+005  0.81931 0.81931 0.81931   0.00011 0.04860   0.819 
0.44997  1.1112e+005  0.81845 0.81845 0.81845   0.00011 0.04885   0.818 
0.45097  1.1091e+005  0.81759 0.81759 0.81759   0.00011 0.04910   0.818 
0.45197  1.1071e+005  0.81673 0.81673 0.81673   0.00011 0.04935   0.817 
0.45297  1.1051e+005  0.81586 0.81586 0.81586   0.00011 0.04960   0.816 
0.45397  1.1031e+005  0.81500 0.81500 0.81500   0.00011 0.04986   0.815 
0.45497  1.1011e+005  0.81413 0.81413 0.81413   0.00011 0.05011   0.814 
0.45597  1.099e+005  0.81330 0.81330 0.81330   0.00011 0.05035   0.813 
0.45697  1.097e+005  0.81244 0.81244 0.81244   0.00011 0.05060   0.812 
0.45797  1.095e+005  0.81157 0.81157 0.81157   0.00011 0.05086   0.812 
0.45897  1.093e+005  0.81070 0.81070 0.81070   0.00011 0.05111   0.811 
0.45997  1.091e+005  0.80982 0.80982 0.80982   0.00011 0.05137   0.810 
0.46097  1.0889e+005  0.80895 0.80895 0.80895   0.00011 0.05162   0.809 
0.46197  1.0869e+005  0.80807 0.80807 0.80807   0.00011 0.05188   0.808 
0.46297  1.0849e+005  0.80720 0.80720 0.80720   0.00011 0.05214   0.807 
0.46397  1.0829e+005  0.80632 0.80632 0.80632   0.00011 0.05240   0.806 
0.46497  1.0809e+005  0.80543 0.80543 0.80543   0.00011 0.05266   0.805 
0.46597  1.0788e+005  0.80455 0.80455 0.80455   0.00011 0.05292   0.805 
0.46697  1.0768e+005  0.80367 0.80367 0.80367   0.00011 0.05318   0.804 
0.46797  1.0748e+005  0.80278 0.80278 0.80278   0.00011 0.05344   0.803 
0.46897  1.0728e+005  0.80189 0.80189 0.80189   0.00011 0.05370   0.802 
0.46997  1.0708e+005  0.80100 0.80100 0.80100   0.00011 0.05396   0.801 
0.47097  1.0687e+005  0.80011 0.80011 0.80011   0.00011 0.05423   0.800 
0.47197  1.0667e+005  0.79922 0.79922 0.79922   0.00012 0.05449   0.799 
0.47297  1.0647e+005  0.79832 0.79832 0.79832   0.00012 0.05476   0.798 
0.47397  1.0627e+005  0.79742 0.79742 0.79742   0.00012 0.05502   0.797 
0.47497  1.0607e+005  0.79652 0.79652 0.79652   0.00012 0.05529   0.797 
0.47597  1.0586e+005  0.79562 0.79562 0.79562   0.00012 0.05555   0.796 
0.47697  1.0566e+005  0.79472 0.79472 0.79472   0.00012 0.05582   0.795 
0.47797  1.0546e+005  0.79382 0.79382 0.79382   0.00012 0.05609   0.794 
0.47897  1.0526e+005  0.79292 0.79292 0.79292   0.00012 0.05636   0.793 
0.47997  1.0506e+005  0.79201 0.79201 0.79201   0.00012 0.05663   0.792 
0.48097  1.0485e+005  0.79110 0.79110 0.79110   0.00012 0.05690   0.791 
0.48197  1.0465e+005  0.79019 0.79019 0.79019   0.00012 0.05717   0.790 
0.48297  1.0445e+005  0.78928 0.78928 0.78928   0.00012 0.05744   0.789 
0.48397  1.0425e+005  0.78837 0.78837 0.78837   0.00012 0.05772   0.788 
0.48497  1.0405e+005  0.78745 0.78745 0.78745   0.00012 0.05799   0.787 
0.48597  1.0384e+005  0.78653 0.78653 0.78653   0.00012 0.05826   0.787 
0.48697  1.0364e+005  0.78562 0.78562 0.78562   0.00012 0.05854   0.786 
0.48797  1.0344e+005  0.78470 0.78470 0.78470   0.00012 0.05881   0.785 
0.48897  1.0324e+005  0.78377 0.78377 0.78377   0.00012 0.05909   0.784 
0.48997  1.0304e+005  0.78285 0.78285 0.78285   0.00012 0.05937   0.783 
0.49097  1.0283e+005  0.78193 0.78193 0.78193   0.00012 0.05965   0.782 
0.49197  1.0263e+005  0.78100 0.78100 0.78100   0.00012 0.05993   0.781 
0.49297  1.0243e+005  0.78007 0.78007 0.78007   0.00012 0.06020   0.780 
0.49397  1.0223e+005  0.77914 0.77914 0.77914   0.00012 0.06049   0.779 
0.49497  1.0203e+005  0.77821 0.77821 0.77821   0.00012 0.06077   0.778 
0.49597  1.0182e+005  0.77727 0.77727 0.77727   0.00012 0.06105   0.777 
0.49697  1.0162e+005  0.77634 0.77634 0.77634   0.00012 0.06133   0.776 
0.49797  1.0142e+005  0.77540 0.77540 0.77540   0.00012 0.06161   0.775 
0.49897  1.0122e+005  0.77446 0.77446 0.77446   0.00012 0.06190   0.774 
0.49997  1.0102e+005  0.77352 0.77352 0.77352   0.00012 0.06218   0.774 
0.50097  1.0081e+005  0.77259 0.77259 0.77259   0.00012 0.06247   0.773 
0.50197  1.0061e+005  0.77164 0.77164 0.77164   0.00012 0.06275   0.772 
0.50297  1.0041e+005  0.77070 0.77070 0.77070   0.00013 0.06304   0.771 
0.50397  1.0021e+005  0.76975 0.76975 0.76975   0.00013 0.06333   0.770 
0.50496  1.0001e+005  0.76880 0.76880 0.76880   0.00013 0.06362   0.769 
0.50596  99804       0.76785 0.76785 0.76785   0.00013 0.06391   0.768 
0.50696  99602       0.76690 0.76690 0.76690   0.00013 0.06420   0.767 
0.50796  99400       0.76594 0.76594 0.76594   0.00013 0.06449   0.766 
0.50896  99198       0.76499 0.76499 0.76499   0.00013 0.06478   0.765 
0.50996  98996       0.76403 0.76403 0.76403   0.00013 0.06507   0.764 
0.51096  98794       0.76307 0.76307 0.76307   0.00013 0.06537   0.763 
0.51196  98592       0.76211 0.76211 0.76211   0.00013 0.06566   0.762 
0.51296  98390       0.76114 0.76114 0.76114   0.00013 0.06596   0.761 
0.51396  98188       0.76020 0.76020 0.76020   0.00013 0.06625   0.760 
0.51496  97986       0.75924 0.75924 0.75924   0.00013 0.06654   0.759 
0.51596  97784       0.75827 0.75827 0.75827   0.00013 0.06684   0.758 
0.51696  97582       0.75730 0.75730 0.75730   0.00013 0.06714   0.757 
0.51796  97380       0.75633 0.75633 0.75633   0.00013 0.06744   0.756 
0.51896  97178       0.75536 0.75536 0.75536   0.00013 0.06774   0.755 
0.51996  96976       0.75438 0.75438 0.75438   0.00013 0.06804   0.754 
0.52096  96774       0.75341 0.75341 0.75341   0.00013 0.06834   0.753 
0.52196  96572       0.75243 0.75243 0.75243   0.00013 0.06864   0.752 
0.52296  96370       0.75145 0.75145 0.75145   0.00013 0.06895   0.751 
0.52396  96168       0.75047 0.75047 0.75047   0.00013 0.06925   0.750 
0.52496  95966       0.74958 0.74958 0.74958   0.00013 0.06953   0.750 
0.52596  95764       0.74860 0.74860 0.74860   0.00013 0.06983   0.749 
0.52696  95562       0.74762 0.74762 0.74762   0.00013 0.07014   0.748 
0.52796  95360       0.74663 0.74663 0.74663   0.00013 0.07044   0.747 
0.52896  95158       0.74564 0.74564 0.74564   0.00013 0.07075   0.746 
0.52996  94956       0.74465 0.74465 0.74465   0.00013 0.07106   0.745 
0.53096  94754       0.74366 0.74366 0.74366   0.00013 0.07137   0.744 
0.53196  94552       0.74266 0.74266 0.74266   0.00013 0.07168   0.743 
0.53296  94350       0.74167 0.74167 0.74167   0.00013 0.07199   0.742 
0.53396  94148       0.74067 0.74067 0.74067   0.00014 0.07230   0.741 
0.53496  93946       0.73967 0.73967 0.73967   0.00014 0.07262   0.740 
0.53596  93744       0.73867 0.73867 0.73867   0.00014 0.07293   0.739 
0.53696  93542       0.73766 0.73766 0.73766   0.00014 0.07325   0.738 
0.53796  93340       0.73666 0.73666 0.73666   0.00014 0.07356   0.737 
0.53896  93138       0.73565 0.73565 0.73565   0.00014 0.07388   0.736 
0.53996  92936       0.73464 0.73464 0.73464   0.00014 0.07420   0.735 
0.54096  92734       0.73363 0.73363 0.73363   0.00014 0.07451   0.734 
0.54196  92532       0.73262 0.73262 0.73262   0.00014 0.07483   0.733 
0.54296  92330       0.73162 0.73162 0.73162   0.00014 0.07515   0.732 
0.54396  92128       0.73060 0.73060 0.73060   0.00014 0.07547   0.731 
0.54496  91926       0.72958 0.72958 0.72958   0.00014 0.07579   0.730 
0.54596  91724       0.72856 0.72856 0.72856   0.00014 0.07612   0.729 
0.54696  91522       0.72755 0.72755 0.72755   0.00014 0.07644   0.728 
0.54796  91320       0.72652 0.72652 0.72652   0.00014 0.07676   0.727 
0.54896  91118       0.72550 0.72550 0.72550   0.00014 0.07709   0.725 
0.54996  90916       0.72447 0.72447 0.72447   0.00014 0.07742   0.724 
0.55096  90714       0.72345 0.72345 0.72345   0.00014 0.07774   0.723 
0.55196  90512       0.72242 0.72242 0.72242   0.00014 0.07807   0.722 
0.55296  90310       0.72139 0.72139 0.72139   0.00014 0.07840   0.721 
0.55396  90108       0.72035 0.72035 0.72035   0.00014 0.07873   0.720 
0.55496  89906       0.71932 0.71932 0.71932   0.00014 0.07906   0.719 
0.55596  89704       0.71828 0.71828 0.71828   0.00014 0.07939   0.718 
0.55696  89502       0.71724 0.71724 0.71724   0.00014 0.07973   0.717 
0.55796  89300       0.71620 0.71620 0.71620   0.00014 0.08006   0.716 
0.55896  89098       0.71516 0.71516 0.71516   0.00014 0.08040   0.715 
0.55996  88896       0.71411 0.71411 0.71411   0.00014 0.08073   0.714 
0.56096  88694       0.71307 0.71307 0.71307   0.00014 0.08107   0.713 
0.56196  88492       0.71202 0.71202 0.71202   0.00014 0.08141   0.712 
0.56296  88290       0.71097 0.71097 0.71097   0.00014 0.08175   0.711 
0.56396  88088       0.70992 0.70992 0.70992   0.00015 0.08209   0.710 
0.56496  87886       0.70886 0.70886 0.70886   0.00015 0.08243   0.709 
0.56596  87684       0.70781 0.70781 0.70781   0.00015 0.08277   0.708 
0.56696  87482       0.70675 0.70675 0.70675   0.00015 0.08311   0.707 
0.56796  87280       0.70569 0.70569 0.70569   0.00015 0.08346   0.706 
0.56896  87078       0.70463 0.70463 0.70463   0.00015 0.08380   0.705 
0.56996  86876       0.70356 0.70356 0.70356   0.00015 0.08415   0.704 
0.57096  86674       0.70250 0.70250 0.70250   0.00015 0.08449   0.702 
0.57196  86472       0.70143 0.70143 0.70143   0.00015 0.08484   0.701 
0.57296  86270       0.70036 0.70036 0.70036   0.00015 0.08519   0.700 
0.57396  86068       0.69928 0.69928 0.69928   0.00015 0.08554   0.699 
0.57496  85866       0.69821 0.69821 0.69821   0.00015 0.08589   0.698 
0.57596  85664       0.69713 0.69713 0.69713   0.00015 0.08625   0.697 
0.57696  85462       0.69605 0.69605 0.69605   0.00015 0.08660   0.696 
0.57796  85260       0.69497 0.69497 0.69497   0.00015 0.08696   0.695 
0.57896  85058       0.69389 0.69389 0.69389   0.00015 0.08731   0.694 
0.57996  84856       0.69280 0.69280 0.69280   0.00015 0.08767   0.693 
0.58096  84654       0.69171 0.69171 0.69171   0.00015 0.08803   0.692 
0.58196  84452       0.69062 0.69062 0.69062   0.00015 0.08839   0.691 
0.58296  84250       0.68953 0.68953 0.68953   0.00015 0.08875   0.690 
0.58396  84048       0.68844 0.68844 0.68844   0.00015 0.08911   0.688 
0.58496  83846       0.68735 0.68735 0.68735   0.00015 0.08947   0.687 
0.58596  83644       0.68625 0.68625 0.68625   0.00015 0.08983   0.686 
0.58696  83442       0.68515 0.68515 0.68515   0.00015 0.09020   0.685 
0.58796  83240       0.68405 0.68405 0.68405   0.00015 0.09056   0.684 
0.58896  83038       0.68295 0.68295 0.68295   0.00015 0.09093   0.683 
0.58996  82836       0.68184 0.68184 0.68184   0.00015 0.09130   0.682 
0.59096  82634       0.68073 0.68073 0.68073   0.00015 0.09167   0.681 
0.59196  82432       0.67962 0.67962 0.67962   0.00016 0.09204   0.680 
0.59296  82230       0.67851 0.67851 0.67851   0.00016 0.09241   0.679 
0.59396  82028       0.67740 0.67740 0.67740   0.00016 0.09278   0.677 
0.59496  81826       0.67628 0.67628 0.67628   0.00016 0.09316   0.676 
0.59596  81624       0.67541 0.67541 0.67541   0.00016 0.09345   0.675 
0.59696  81422       0.67448 0.67448 0.67448   0.00016 0.09376   0.674 
0.59796  81220       0.67348 0.67348 0.67348   0.00016 0.09410   0.673 
0.59896  81018       0.67242 0.67242 0.67242   0.00016 0.09445   0.672 
0.59996  80816       0.67131 0.67131 0.67131   0.00016 0.09483   0.671 
0.60096  80614       0.67020 0.67020 0.67020   0.00016 0.09520   0.670 
0.60196  80412       0.66908 0.66908 0.66908   0.00016 0.09558   0.669 
0.60296  80210       0.66795 0.66795 0.66795   0.00016 0.09596   0.668 
0.60396  80008       0.66683 0.66683 0.66683   0.00016 0.09634   0.667 
0.60496  79806       0.66570 0.66570 0.66570   0.00016 0.09672   0.666 
0.60596  79604       0.66458 0.66458 0.66458   0.00016 0.09711   0.665 
0.60696  79402       0.66345 0.66345 0.66345   0.00016 0.09749   0.663 
0.60796  79200       0.66231 0.66231 0.66231   0.00016 0.09788   0.662 
0.60896  78998       0.66118 0.66118 0.66118   0.00016 0.09826   0.661 
0.60996  78796       0.66004 0.66004 0.66004   0.00016 0.09865   0.660 
0.61096  78594       0.65891 0.65891 0.65891   0.00016 0.09904   0.659 
0.61196  78392       0.65777 0.65777 0.65777   0.00016 0.09943   0.658 
0.61296  78190       0.65662 0.65662 0.65662   0.00016 0.09982   0.657 
0.61396  77988       0.65548 0.65548 0.65548   0.00016 0.10021   0.655 
0.61496  77786       0.65433 0.65433 0.65433   0.00016 0.10061   0.654 
0.61595  77584       0.65319 0.65319 0.65319   0.00016 0.10100   0.653 
0.61695  77382       0.65204 0.65204 0.65204   0.00016 0.10140   0.652 
0.61795  77180       0.65088 0.65088 0.65088   0.00016 0.10179   0.651 
0.61895  76978       0.64973 0.64973 0.64973   0.00016 0.10219   0.650 
0.61995  76776       0.64857 0.64857 0.64857   0.00017 0.10259   0.649 
0.62095  76574       0.64741 0.64741 0.64741   0.00017 0.10299   0.647 
0.62195  76372       0.64625 0.64625 0.64625   0.00017 0.10340   0.646 
0.62295  76170       0.64509 0.64509 0.64509   0.00017 0.10380   0.645 
0.62395  75968       0.64392 0.64392 0.64392   0.00017 0.10421   0.644 
0.62495  75766       0.64277 0.64277 0.64277   0.00017 0.10461   0.643 
0.62595  75564       0.64161 0.64161 0.64161   0.00017 0.10501   0.642 
0.62695  75362       0.64044 0.64044 0.64044   0.00017 0.10542   0.640 
0.62795  75160       0.63927 0.63927 0.63927   0.00017 0.10583   0.639 
0.62895  74958       0.63810 0.63810 0.63810   0.00017 0.10624   0.638 
0.62995  74756       0.63692 0.63692 0.63692   0.00017 0.10665   0.637 
0.63095  74554       0.63574 0.63574 0.63574   0.00017 0.10706   0.636 
0.63195  74352       0.63456 0.63456 0.63456   0.00017 0.10748   0.635 
0.63295  74150       0.63338 0.63338 0.63338   0.00017 0.10789   0.633 
0.63395  73948       0.63220 0.63220 0.63220   0.00017 0.10831   0.632 
0.63495  73746       0.63101 0.63101 0.63101   0.00017 0.10873   0.631 
0.63595  73544       0.62982 0.62982 0.62982   0.00017 0.10915   0.630 
0.63695  73342       0.62863 0.62863 0.62863   0.00017 0.10957   0.629 
0.63795  73140       0.62744 0.62744 0.62744   0.00017 0.10999   0.627 
0.63895  72938       0.62624 0.62624 0.62624   0.00017 0.11042   0.626 
0.63995  72736       0.62505 0.62505 0.62505   0.00017 0.11084   0.625 
0.64095  72534       0.62385 0.62385 0.62385   0.00017 0.11127   0.624 
0.64195  72332       0.62264 0.62264 0.62264   0.00017 0.11170   0.623 
0.64295  72130       0.62144 0.62144 0.62144   0.00017 0.11213   0.621 
0.64395  71928       0.62025 0.62025 0.62025   0.00017 0.11255   0.620 
0.64495  71726       0.61904 0.61904 0.61904   0.00017 0.11299   0.619 
0.64595  71524       0.61783 0.61783 0.61783   0.00018 0.11342   0.618 
0.64695  71322       0.61662 0.61662 0.61662   0.00018 0.11386   0.617 
0.64795  71120       0.61540 0.61540 0.61540   0.00018 0.11429   0.615 
0.64895  70918       0.61418 0.61418 0.61418   0.00018 0.11473   0.614 
0.64995  70716       0.61296 0.61296 0.61296   0.00018 0.11517   0.613 
0.65095  70514       0.61174 0.61174 0.61174   0.00018 0.11561   0.612 
0.65195  70312       0.61051 0.61051 0.61051   0.00018 0.11606   0.611 
0.65295  70110       0.60928 0.60928 0.60928   0.00018 0.11650   0.609 
0.65395  69908       0.60805 0.60805 0.60805   0.00018 0.11695   0.608 
0.65495  69706       0.60682 0.60682 0.60682   0.00018 0.11740   0.607 
0.65595  69504       0.60559 0.60559 0.60559   0.00018 0.11785   0.606 
0.65695  69302       0.60435 0.60435 0.60435   0.00018 0.11830   0.604 
0.65795  69100       0.60311 0.60311 0.60311   0.00018 0.11875   0.603 
0.65895  68898       0.60187 0.60187 0.60187   0.00018 0.11920   0.602 
0.65995  68696       0.60062 0.60062 0.60062   0.00018 0.11966   0.601 
0.66095  68494       0.59938 0.59938 0.59938   0.00018 0.12012   0.599 
0.66195  68292       0.59813 0.59813 0.59813   0.00018 0.12058   0.598 
0.66295  68090       0.59688 0.59688 0.59688   0.00018 0.12104   0.597 
0.66395  67888       0.59562 0.59562 0.59562   0.00018 0.12150   0.596 
0.66495  67686       0.59436 0.59436 0.59436   0.00018 0.12196   0.594 
0.66595  67484       0.59310 0.59310 0.59310   0.00018 0.12243   0.593 
0.66695  67282       0.59184 0.59184 0.59184   0.00018 0.12290   0.592 
0.66795  67080       0.59058 0.59058 0.59058   0.00018 0.12336   0.591 
0.66895  66878       0.58931 0.58931 0.58931   0.00018 0.12384   0.589 
0.66995  66676       0.58804 0.58804 0.58804   0.00019 0.12431   0.588 
0.67095  66474       0.58677 0.58677 0.58677   0.00019 0.12478   0.587 
0.67195  66272       0.58549 0.58549 0.58549   0.00019 0.12526   0.585 
0.67295  66070       0.58421 0.58421 0.58421   0.00019 0.12574   0.584 
0.67395  65868       0.58293 0.58293 0.58293   0.00019 0.12622   0.583 
0.67495  65666       0.58165 0.58165 0.58165   0.00019 0.12670   0.582 
0.67595  65464       0.58036 0.58036 0.58036   0.00019 0.12718   0.580 
0.67695  65262       0.57907 0.57907 0.57907   0.00019 0.12766   0.579 
0.67795  65060       0.57778 0.57778 0.57778   0.00019 0.12815   0.578 
0.67895  64858       0.57649 0.57649 0.57649   0.00019 0.12864   0.576 
0.67995  64656       0.57519 0.57519 0.57519   0.00019 0.12913   0.575 
0.68095  64454       0.57389 0.57389 0.57389   0.00019 0.12962   0.574 
0.68195  64252       0.57259 0.57259 0.57259   0.00019 0.13012   0.573 
0.68295  64050       0.57129 0.57129 0.57129   0.00019 0.13061   0.571 
0.68395  63848       0.56998 0.56998 0.56998   0.00019 0.13111   0.570 
0.68495  63646       0.56867 0.56867 0.56867   0.00019 0.13161   0.569 
0.68595  63444       0.56736 0.56736 0.56736   0.00019 0.13211   0.567 
0.68695  63242       0.56605 0.56605 0.56605   0.00019 0.13261   0.566 
0.68795  63040       0.56473 0.56473 0.56473   0.00019 0.13312   0.565 
0.68895  62838       0.56341 0.56341 0.56341   0.00019 0.13362   0.563 
0.68995  62636       0.56209 0.56209 0.56209   0.00019 0.13413   0.562 
0.69095  62434       0.56076 0.56076 0.56076   0.00019 0.13464   0.561 
0.69195  62232       0.55943 0.55943 0.55943   0.00020 0.13516   0.559 
0.69295  62030       0.55810 0.55810 0.55810   0.00020 0.13567   0.558 
0.69395  61828       0.55677 0.55677 0.55677   0.00020 0.13619   0.557 
0.69495  61626       0.55544 0.55544 0.55544   0.00020 0.13671   0.555 
0.69595  61424       0.55410 0.55410 0.55410   0.00020 0.13723   0.554 
0.69695  61222       0.55276 0.55276 0.55276   0.00020 0.13775   0.553 
0.69795  61020       0.55141 0.55141 0.55141   0.00020 0.13827   0.551 
0.69895  60818       0.55007 0.55007 0.55007   0.00020 0.13880   0.550 
0.69995  60616       0.54872 0.54872 0.54872   0.00020 0.13933   0.549 
0.70095  60414       0.54736 0.54736 0.54736   0.00020 0.13986   0.547 
0.70195  60212       0.54601 0.54601 0.54601   0.00020 0.14039   0.546 
0.70295  60010       0.54465 0.54465 0.54465   0.00020 0.14093   0.545 
0.70395  59808       0.54329 0.54329 0.54329   0.00020 0.14147   0.543 
0.70495  59606       0.54193 0.54193 0.54193   0.00020 0.14200   0.542 
0.70595  59404       0.54056 0.54056 0.54056   0.00020 0.14255   0.541 
0.70695  59202       0.53919 0.53919 0.53919   0.00020 0.14309   0.539 
0.70795  59000       0.53782 0.53782 0.53782   0.00020 0.14364   0.538 
0.70895  58798       0.53644 0.53644 0.53644   0.00020 0.14418   0.536 
0.70995  58596       0.53506 0.53506 0.53506   0.00020 0.14473   0.535 
0.71095  58394       0.53368 0.53368 0.53368   0.00020 0.14529   0.534 
0.71195  58192       0.53230 0.53230 0.53230   0.00020 0.14584   0.532 
0.71295  57990       0.53091 0.53091 0.53091   0.00021 0.14640   0.531 
0.71395  57788       0.52952 0.52952 0.52952   0.00021 0.14696   0.530 
0.71495  57586       0.52813 0.52813 0.52813   0.00021 0.14752   0.528 
0.71595  57384       0.52673 0.52673 0.52673   0.00021 0.14808   0.527 
0.71695  57182       0.52533 0.52533 0.52533   0.00021 0.14865   0.525 
0.71795  56980       0.52393 0.52393 0.52393   0.00021 0.14922   0.524 
0.71895  56778       0.52253 0.52253 0.52253   0.00021 0.14979   0.523 
0.71995  56576       0.52112 0.52112 0.52112   0.00021 0.15036   0.521 
0.72095  56374       0.51971 0.51971 0.51971   0.00021 0.15094   0.520 
0.72195  56172       0.51829 0.51829 0.51829   0.00021 0.15152   0.518 
0.72295  55970       0.51687 0.51687 0.51687   0.00021 0.15210   0.517 
0.72395  55768       0.51545 0.51545 0.51545   0.00021 0.15268   0.515 
0.72495  55566       0.51403 0.51403 0.51403   0.00021 0.15327   0.514 
0.72595  55364       0.51260 0.51260 0.51260   0.00021 0.15386   0.513 
0.72695  55162       0.51117 0.51117 0.51117   0.00021 0.15445   0.511 
0.72795  54960       0.50973 0.50973 0.50973   0.00021 0.15504   0.510 
0.72894  54758       0.50830 0.50830 0.50830   0.00021 0.15564   0.508 
0.72994  54556       0.50686 0.50686 0.50686   0.00021 0.15624   0.507 
0.73094  54354       0.50541 0.50541 0.50541   0.00021 0.15684   0.505 
0.73194  54152       0.50397 0.50397 0.50397   0.00021 0.15744   0.504 
0.73294  53950       0.50252 0.50252 0.50252   0.00022 0.15805   0.503 
0.73394  53748       0.50106 0.50106 0.50106   0.00022 0.15866   0.501 
0.73494  53546       0.49960 0.49960 0.49960   0.00022 0.15927   0.500 
0.73594  53344       0.49814 0.49814 0.49814   0.00022 0.15989   0.498 
0.73694  53142       0.49668 0.49668 0.49668   0.00022 0.16050   0.497 
0.73794  52940       0.49549 0.49549 0.49549   0.00022 0.16101   0.495 
0.73894  52738       0.49441 0.49441 0.49441   0.00022 0.16146   0.494 
0.73994  52536       0.49326 0.49326 0.49326   0.00022 0.16195   0.493 
0.74094  52334       0.49205 0.49205 0.49205   0.00022 0.16246   0.492 
0.74194  52132       0.49078 0.49078 0.49078   0.00022 0.16301   0.491 
0.74294  51930       0.48945 0.48945 0.48945   0.00022 0.16357   0.489 
0.74394  51728       0.48808 0.48808 0.48808   0.00022 0.16416   0.488 
0.74494  51526       0.48665 0.48665 0.48665   0.00022 0.16477   0.487 
0.74594  51324       0.48519 0.48519 0.48519   0.00022 0.16540   0.485 
0.74694  51122       0.48372 0.48372 0.48372   0.00022 0.16603   0.484 
0.74794  50920       0.48225 0.48225 0.48225   0.00022 0.16667   0.482 
0.74894  50718       0.48077 0.48077 0.48077   0.00022 0.16731   0.481 
0.74994  50516       0.47929 0.47929 0.47929   0.00022 0.16795   0.479 
0.75094  50314       0.47781 0.47781 0.47781   0.00022 0.16859   0.478 
0.75194  50112       0.47633 0.47633 0.47633   0.00022 0.16924   0.476 
0.75294  49910       0.47484 0.47484 0.47484   0.00023 0.16989   0.475 
0.75394  49708       0.47335 0.47335 0.47335   0.00023 0.17054   0.473 
0.75494  49506       0.47185 0.47185 0.47185   0.00023 0.17120   0.472 
0.75594  49304       0.47036 0.47036 0.47036   0.00023 0.17185   0.470 
0.75694  49102       0.46886 0.46886 0.46886   0.00023 0.17252   0.469 
0.75794  48900       0.46735 0.46735 0.46735   0.00023 0.17318   0.467 
0.75894  48698       0.46585 0.46585 0.46585   0.00023 0.17385   0.466 
0.75994  48496       0.46434 0.46434 0.46434   0.00023 0.17452   0.464 
0.76094  48294       0.46283 0.46283 0.46283   0.00023 0.17519   0.463 
0.76194  48092       0.46131 0.46131 0.46131   0.00023 0.17586   0.461 
0.76294  47890       0.45979 0.45979 0.45979   0.00023 0.17654   0.460 
0.76394  47688       0.45827 0.45827 0.45827   0.00023 0.17723   0.458 
0.76494  47486       0.45675 0.45675 0.45675   0.00023 0.17791   0.457 
0.76594  47284       0.45522 0.45522 0.45522   0.00023 0.17860   0.455 
0.76694  47082       0.45369 0.45369 0.45369   0.00023 0.17929   0.454 
0.76794  46880       0.45216 0.45216 0.45216   0.00023 0.17998   0.452 
0.76894  46678       0.45062 0.45062 0.45062   0.00023 0.18068   0.451 
0.76994  46476       0.44908 0.44908 0.44908   0.00024 0.18138   0.449 
0.77094  46274       0.44754 0.44754 0.44754   0.00024 0.18209   0.448 
0.77194  46072       0.44600 0.44600 0.44600   0.00024 0.18279   0.446 
0.77294  45870       0.44445 0.44445 0.44445   0.00024 0.18350   0.444 
0.77394  45668       0.44290 0.44290 0.44290   0.00024 0.18422   0.443 
0.77494  45466       0.44134 0.44134 0.44134   0.00024 0.18493   0.441 
0.77594  45264       0.43978 0.43978 0.43978   0.00024 0.18565   0.440 
0.77694  45062       0.43822 0.43822 0.43822   0.00024 0.18638   0.438 
0.77794  44860       0.43666 0.43666 0.43666   0.00024 0.18710   0.437 
0.77894  44658       0.43512 0.43512 0.43512   0.00024 0.18782   0.435 
0.77994  44456       0.43356 0.43356 0.43356   0.00024 0.18855   0.434 
0.78094  44254       0.43199 0.43199 0.43199   0.00024 0.18929   0.432 
0.78194  44052       0.43041 0.43041 0.43041   0.00024 0.19003   0.430 
0.78294  43850       0.42884 0.42884 0.42884   0.00024 0.19077   0.429 
0.78394  43648       0.42726 0.42726 0.42726   0.00024 0.19151   0.427 
0.78494  43446       0.42567 0.42567 0.42567   0.00024 0.19226   0.426 
0.78594  43244       0.42409 0.42409 0.42409   0.00025 0.19302   0.424 
0.78694  43042       0.42250 0.42250 0.42250   0.00025 0.19377   0.423 
0.78794  42840       0.42091 0.42091 0.42091   0.00025 0.19453   0.421 
0.78894  42638       0.41931 0.41931 0.41931   0.00025 0.19530   0.419 
0.78994  42436       0.41772 0.41772 0.41772   0.00025 0.19607   0.418 
0.79094  42234       0.41612 0.41612 0.41612   0.00025 0.19684   0.416 
0.79194  42032       0.41451 0.41451 0.41451   0.00025 0.19761   0.415 
0.79294  41830       0.41290 0.41290 0.41290   0.00025 0.19839   0.413 
0.79394  41628       0.41129 0.41129 0.41129   0.00025 0.19917   0.411 
0.79494  41426       0.40968 0.40968 0.40968   0.00025 0.19996   0.410 
0.79594  41224       0.40806 0.40806 0.40806   0.00025 0.20075   0.408 
0.79694  41022       0.40644 0.40644 0.40644   0.00025 0.20155   0.406 
0.79794  40820       0.40482 0.40482 0.40482   0.00025 0.20234   0.405 
0.79894  40618       0.40320 0.40320 0.40320   0.00025 0.20315   0.403 
0.79994  40416       0.40157 0.40157 0.40157   0.00025 0.20395   0.402 
0.80094  40214       0.39994 0.39994 0.39994   0.00026 0.20476   0.400 
0.80194  40012       0.39830 0.39830 0.39830   0.00026 0.20557   0.398 
0.80294  39810       0.39666 0.39666 0.39666   0.00026 0.20639   0.397 
0.80394  39608       0.39502 0.39502 0.39502   0.00026 0.20721   0.395 
0.80494  39406       0.39338 0.39338 0.39338   0.00026 0.20804   0.393 
0.80594  39204       0.39173 0.39173 0.39173   0.00026 0.20887   0.392 
0.80694  39002       0.39008 0.39008 0.39008   0.00026 0.20971   0.390 
0.80794  38800       0.38843 0.38843 0.38843   0.00026 0.21054   0.388 
0.80894  38598       0.38677 0.38677 0.38677   0.00026 0.21139   0.387 
0.80994  38396       0.38512 0.38512 0.38512   0.00026 0.21223   0.385 
0.81094  38194       0.38345 0.38345 0.38345   0.00026 0.21308   0.383 
0.81194  37992       0.38179 0.38179 0.38179   0.00026 0.21394   0.382 
0.81294  37790       0.38012 0.38012 0.38012   0.00026 0.21480   0.380 
0.81394  37588       0.37845 0.37845 0.37845   0.00026 0.21566   0.378 
0.81494  37386       0.37678 0.37678 0.37678   0.00027 0.21653   0.377 
0.81594  37184       0.37511 0.37511 0.37511   0.00027 0.21740   0.375 
0.81694  36982       0.37343 0.37343 0.37343   0.00027 0.21828   0.373 
0.81794  36780       0.37175 0.37175 0.37175   0.00027 0.21916   0.372 
0.81894  36578       0.37006 0.37006 0.37006   0.00027 0.22005   0.370 
0.81994  36376       0.36837 0.36837 0.36837   0.00027 0.22094   0.368 
0.82094  36174       0.36668 0.36668 0.36668   0.00027 0.22183   0.367 
0.82194  35972       0.36499 0.36499 0.36499   0.00027 0.22273   0.365 
0.82294  35770       0.36329 0.36329 0.36329   0.00027 0.22364   0.363 
0.82394  35568       0.36159 0.36159 0.36159   0.00027 0.22455   0.362 
0.82494  35366       0.35989 0.35989 0.35989   0.00027 0.22546   0.360 
0.82594  35164       0.35818 0.35818 0.35818   0.00027 0.22638   0.358 
0.82694  34962       0.35648 0.35648 0.35648   0.00027 0.22731   0.356 
0.82794  34760       0.35476 0.35476 0.35476   0.00028 0.22824   0.355 
0.82894  34558       0.35305 0.35305 0.35305   0.00028 0.22917   0.353 
0.82994  34356       0.35133 0.35133 0.35133   0.00028 0.23011   0.351 
0.83094  34154       0.34961 0.34961 0.34961   0.00028 0.23105   0.350 
0.83194  33952       0.34789 0.34789 0.34789   0.00028 0.23200   0.348 
0.83294  33750       0.34616 0.34616 0.34616   0.00028 0.23296   0.346 
0.83394  33548       0.34443 0.34443 0.34443   0.00028 0.23392   0.344 
0.83494  33346       0.34270 0.34270 0.34270   0.00028 0.23488   0.343 
0.83594  33144       0.34097 0.34097 0.34097   0.00028 0.23585   0.341 
0.83694  32942       0.33923 0.33923 0.33923   0.00028 0.23683   0.339 
0.83794  32740       0.33749 0.33749 0.33749   0.00028 0.23781   0.337 
0.83894  32538       0.33574 0.33574 0.33574   0.00028 0.23879   0.336 
0.83994  32336       0.33400 0.33400 0.33400   0.00029 0.23979   0.334 
0.84093  32134       0.33225 0.33225 0.33225   0.00029 0.24078   0.332 
0.84193  31932       0.33050 0.33050 0.33050   0.00029 0.24179   0.330 
0.84293  31730       0.32874 0.32874 0.32874   0.00029 0.24280   0.329 
0.84393  31528       0.32698 0.32698 0.32698   0.00029 0.24381   0.327 
0.84493  31326       0.32522 0.32522 0.32522   0.00029 0.24483   0.325 
0.84593  31124       0.32346 0.32346 0.32346   0.00029 0.24586   0.323 
0.84693  30922       0.32169 0.32169 0.32169   0.00029 0.24689   0.322 
0.84793  30720       0.31992 0.31992 0.31992   0.00029 0.24793   0.320 
0.84893  30518       0.31815 0.31815 0.31815   0.00029 0.24897   0.318 
0.84993  30316       0.31637 0.31637 0.31637   0.00029 0.25002   0.316 
0.85093  30114       0.31459 0.31459 0.31459   0.00029 0.25108   0.315 
0.85193  29912       0.31281 0.31281 0.31281   0.00030 0.25214   0.313 
0.85293  29710       0.31103 0.31103 0.31103   0.00030 0.25321   0.311 
0.85393  29508       0.30924 0.30924 0.30924   0.00030 0.25428   0.309 
0.85493  29306       0.30745 0.30745 0.30745   0.00030 0.25537   0.307 
0.85593  29104       0.30565 0.30565 0.30565   0.00030 0.25646   0.306 
0.85693  28902       0.30385 0.30385 0.30385   0.00030 0.25755   0.304 
0.85793  28700       0.30205 0.30205 0.30205   0.00030 0.25866   0.302 
0.85893  28498       0.30024 0.30024 0.30024   0.00030 0.25977   0.300 
0.85993  28296       0.29843 0.29843 0.29843   0.00030 0.26089   0.298 
0.86093  28094       0.29662 0.29662 0.29662   0.00030 0.26201   0.297 
0.86193  27892       0.29480 0.29480 0.29480   0.00030 0.26315   0.295 
0.86293  27690       0.29298 0.29298 0.29298   0.00031 0.26429   0.293 
0.86393  27488       0.29115 0.29115 0.29115   0.00031 0.26544   0.291 
0.86493  27286       0.28932 0.28932 0.28932   0.00031 0.26659   0.289 
0.86593  27084       0.28749 0.28749 0.28749   0.00031 0.26776   0.287 
0.86693  26882       0.28566 0.28566 0.28566   0.00031 0.26893   0.286 
0.86793  26680       0.28382 0.28382 0.28382   0.00031 0.27011   0.284 
0.86893  26478       0.28197 0.28197 0.28197   0.00031 0.27129   0.282 
0.86993  26276       0.28013 0.28013 0.28013   0.00031 0.27249   0.280 
0.87093  26074       0.27828 0.27828 0.27828   0.00031 0.27369   0.278 
0.87193  25872       0.27643 0.27643 0.27643   0.00031 0.27490   0.276 
0.87293  25670       0.27457 0.27457 0.27457   0.00032 0.27612   0.275 
0.87393  25468       0.27272 0.27272 0.27272   0.00032 0.27735   0.273 
0.87493  25266       0.27086 0.27086 0.27086   0.00032 0.27858   0.271 
0.87593  25064       0.26899 0.26899 0.26899   0.00032 0.27983   0.269 
0.87693  24862       0.26712 0.26712 0.26712   0.00032 0.28108   0.267 
0.87793  24660       0.26525 0.26525 0.26525   0.00032 0.28235   0.265 
0.87893  24458       0.26338 0.26338 0.26338   0.00032 0.28362   0.263 
0.87993  24256       0.26150 0.26150 0.26150   0.00032 0.28490   0.262 
0.88093  24054       0.25962 0.25962 0.25962   0.00032 0.28619   0.260 
0.88193  23852       0.25774 0.25774 0.25774   0.00033 0.28748   0.258 
0.88293  23650       0.25585 0.25585 0.25585   0.00033 0.28879   0.256 
0.88393  23448       0.25396 0.25396 0.25396   0.00033 0.29011   0.254 
0.88493  23246       0.25207 0.25207 0.25207   0.00033 0.29144   0.252 
0.88593  23044       0.25017 0.25017 0.25017   0.00033 0.29277   0.250 
0.88693  22842       0.24827 0.24827 0.24827   0.00033 0.29412   0.248 
0.88793  22640       0.24637 0.24637 0.24637   0.00033 0.29547   0.246 
0.88893  22438       0.24447 0.24447 0.24447   0.00033 0.29684   0.244 
0.88993  22236       0.24256 0.24256 0.24256   0.00033 0.29822   0.243 
0.89093  22034       0.24065 0.24065 0.24065   0.00034 0.29960   0.241 
0.89193  21832       0.23873 0.23873 0.23873   0.00034 0.30100   0.239 
0.89293  21630       0.23681 0.23681 0.23681   0.00034 0.30241   0.237 
0.89393  21428       0.23489 0.23489 0.23489   0.00034 0.30383   0.235 
0.89493  21226       0.23297 0.23297 0.23297   0.00034 0.30526   0.233 
0.89593  21024       0.23104 0.23104 0.23104   0.00034 0.30670   0.231 
0.89693  20822       0.22911 0.22911 0.22911   0.00034 0.30815   0.229 
0.89793  20620       0.22718 0.22718 0.22718   0.00034 0.30962   0.227 
0.89893  20418       0.22524 0.22524 0.22524   0.00035 0.31109   0.225 
0.89993  20216       0.22330 0.22330 0.22330   0.00035 0.31258   0.223 
0.90093  20014       0.22135 0.22135 0.22135   0.00035 0.31408   0.221 
0.90193  19812       0.21940 0.21940 0.21940   0.00035 0.31560   0.219 
0.90293  19610       0.21745 0.21745 0.21745   0.00035 0.31713   0.217 
0.90393  19408       0.21552 0.21552 0.21552   0.00035 0.31865   0.216 
0.90493  19206       0.21357 0.21357 0.21357   0.00035 0.32020   0.214 
0.90593  19004       0.21161 0.21161 0.21161   0.00035 0.32176   0.212 
0.90693  18802       0.20964 0.20964 0.20964   0.00036 0.32334   0.210 
0.90793  18600       0.20768 0.20768 0.20768   0.00036 0.32493   0.208 
0.90893  18398       0.20571 0.20571 0.20571   0.00036 0.32653   0.206 
0.90993  18196       0.20374 0.20374 0.20374   0.00036 0.32815   0.204 
0.91093  17994       0.20176 0.20176 0.20176   0.00036 0.32979   0.202 
0.91193  17792       0.19978 0.19978 0.19978   0.00036 0.33144   0.200 
0.91293  17590       0.19780 0.19780 0.19780   0.00036 0.33311   0.198 
0.91393  17388       0.19581 0.19581 0.19581   0.00037 0.33479   0.196 
0.91493  17186       0.19382 0.19382 0.19382   0.00037 0.33648   0.194 
0.91593  16984       0.19183 0.19183 0.19183   0.00037 0.33820   0.192 
0.91693  16782       0.18983 0.18983 0.18983   0.00037 0.33993   0.190 
0.91793  16580       0.18783 0.18783 0.18783   0.00037 0.34168   0.188 
0.91893  16378       0.18582 0.18582 0.18582   0.00037 0.34344   0.186 
0.91993  16176       0.18381 0.18381 0.18381   0.00037 0.34522   0.184 
0.92093  15974       0.18180 0.18180 0.18180   0.00038 0.34703   0.182 
0.92193  15772       0.17977 0.17977 0.17977   0.00038 0.34885   0.180 
0.92293  15570       0.17775 0.17775 0.17775   0.00038 0.35069   0.178 
0.92393  15368       0.17572 0.17572 0.17572   0.00038 0.35255   0.176 
0.92493  15166       0.17369 0.17369 0.17369   0.00038 0.35443   0.174 
0.92593  14964       0.17164 0.17164 0.17164   0.00038 0.35634   0.172 
0.92693  14762       0.16960 0.16960 0.16960   0.00039 0.35827   0.170 
0.92793  14560       0.16755 0.16755 0.16755   0.00039 0.36022   0.168 
0.92893  14358       0.16549 0.16549 0.16549   0.00039 0.36219   0.165 
0.92993  14156       0.16343 0.16343 0.16343   0.00039 0.36419   0.163 
0.93093  13954       0.16136 0.16136 0.16136   0.00039 0.36621   0.161 
0.93193  13752       0.15928 0.15928 0.15928   0.00039 0.36826   0.159 
0.93293  13550       0.15720 0.15720 0.15720   0.00040 0.37033   0.157 
0.93393  13348       0.15511 0.15511 0.15511   0.00040 0.37243   0.155 
0.93493  13146       0.15302 0.15302 0.15302   0.00040 0.37456   0.153 
0.93593  12944       0.15092 0.15092 0.15092   0.00040 0.37672   0.151 
0.93693  12742       0.14881 0.14881 0.14881   0.00040 0.37890   0.149 
0.93793  12540       0.14670 0.14670 0.14670   0.00041 0.38112   0.147 
0.93893  12338       0.14458 0.14458 0.14458   0.00041 0.38337   0.145 
0.93993  12136       0.14245 0.14245 0.14245   0.00041 0.38565   0.142 
0.94093  11934       0.14032 0.14032 0.14032   0.00041 0.38796   0.140 
0.94193  11732       0.13818 0.13818 0.13818   0.00041 0.39031   0.138 
0.94293  11530       0.13603 0.13603 0.13603   0.00042 0.39269   0.136 
0.94393  11328       0.13388 0.13388 0.13388   0.00042 0.39511   0.134 
0.94493  11126       0.13171 0.13171 0.13171   0.00042 0.39757   0.132 
0.94593  10924       0.12954 0.12954 0.12954   0.00042 0.40007   0.130 
0.94693  10722       0.12736 0.12736 0.12736   0.00042 0.40260   0.127 
0.94793  10520       0.12518 0.12518 0.12518   0.00043 0.40518   0.125 
0.94893  10318       0.12299 0.12299 0.12299   0.00043 0.40781   0.123 
0.94993  10116       0.12079 0.12079 0.12079   0.00043 0.41047   0.121 
0.95093  9914        0.11858 0.11858 0.11858   0.00043 0.41319   0.119 
0.95193  9712        0.11636 0.11636 0.11636   0.00044 0.41595   0.116 
0.95292  9510        0.11414 0.11414 0.11414   0.00044 0.41875   0.114 
0.95392  9308        0.11191 0.11191 0.11191   0.00044 0.42162   0.112 
0.95492  9106        0.10967 0.10967 0.10967   0.00044 0.42453   0.110 
0.95592  8904        0.10742 0.10742 0.10742   0.00045 0.42750   0.107 
0.95692  8702        0.10517 0.10517 0.10517   0.00045 0.43053   0.105 
0.95792  8500        0.10291 0.10291 0.10291   0.00045 0.43362   0.103 
0.95892  8298        0.10064 0.10064 0.10064   0.00045 0.43677   0.101 
0.95992  8096        0.09836 0.09836 0.09836   0.00046 0.43998   0.098 
0.96092  7894        0.09607 0.09607 0.09607   0.00046 0.44326   0.096 
0.96192  7692        0.09378 0.09378 0.09378   0.00046 0.44662   0.094 
0.96292  7490        0.09147 0.09147 0.09147   0.00047 0.45005   0.091 
0.96392  7288        0.08916 0.08916 0.08916   0.00047 0.45356   0.089 
0.96492  7086        0.08684 0.08684 0.08684   0.00047 0.45715   0.087 
0.96592  6884        0.08451 0.08451 0.08451   0.00048 0.46082   0.085 
0.96692  6682        0.08218 0.08218 0.08218   0.00048 0.46459   0.082 
0.96792  6480        0.07983 0.07983 0.07983   0.00048 0.46845   0.080 
0.96892  6278        0.07747 0.07747 0.07747   0.00049 0.47242   0.077 
0.96992  6076        0.07511 0.07511 0.07511   0.00049 0.47649   0.075 
0.97092  5874        0.07273 0.07273 0.07273   0.00049 0.48068   0.073 
0.97192  5672        0.07035 0.07035 0.07035   0.00050 0.48499   0.070 
0.97292  5470        0.06795 0.06795 0.06795   0.00050 0.48943   0.068 
0.97392  5268        0.06555 0.06555 0.06555   0.00051 0.49401   0.066 
0.97492  5066        0.06314 0.06314 0.06314   0.00051 0.49873   0.063 
0.97592  4864        0.06071 0.06071 0.06071   0.00052 0.50362   0.061 
0.97692  4662        0.05828 0.05828 0.05828   0.00052 0.50867   0.058 
0.97792  4460        0.05583 0.05583 0.05583   0.00052 0.51390   0.056 
0.97892  4258        0.05338 0.05338 0.05338   0.00053 0.51934   0.053 
0.97992  4056        0.05091 0.05091 0.05091   0.00054 0.52499   0.051 
0.98092  3854        0.04843 0.04843 0.04843   0.00054 0.53088   0.048 
0.98192  3652        0.04594 0.04594 0.04594   0.00055 0.53704   0.046 
0.98292  3450        0.04343 0.04343 0.04343   0.00055 0.54349   0.043 
0.98392  3248        0.04091 0.04091 0.04091   0.00056 0.55027   0.041 
0.98492  3046        0.03837 0.03837 0.03837   0.00057 0.55742   0.038 
0.98592  2844        0.03581 0.03581 0.03581   0.00057 0.56499   0.036 
0.98692  2642        0.03323 0.03323 0.03323   0.00058 0.57306   0.033 
0.98792  2440        0.03062 0.03062 0.03062   0.00059 0.58168   0.031 
0.98892  2238        0.02799 0.02799 0.02799   0.00060 0.59097   0.028 
0.98992  2036        0.02533 0.02533 0.02533   0.00061 0.60107   0.025 
0.99092  1834        0.02263 0.02263 0.02263   0.00062 0.61213   0.023 
0.99192  1632        0.01990 0.01990 0.01990   0.00063 0.62439   0.020 
0.99292  1430        0.01714 0.01714 0.01714   0.00064 0.63817   0.017 
0.99392  1228        0.01435 0.01435 0.01435   0.00066 0.65390   0.014 
0.99492  1026        0.01152 0.01152 0.01152   0.00068 0.67235   0.012 
0.99592  824         0.00867 0.00867 0.00867   0.00070 0.69488   0.009 
0.99692  622         0.00631 0.00631 0.00631   0.00072 0.71815   0.006 
0.99792  420         0.00442 0.00442 0.00442   0.00074 0.74220   0.004 
0.99892  218         0.00236 0.00236 0.00236   0.00078 0.77968   0.002 
0.99992  16          0.00019 0.00019 0.00019   0.00088 0.88303   0.000 
1.00000  0           0.00000 0.00000 0.00000   0.00100 0.99985   0.000 
