# Prop_landscape_lost  cost_needed_for_top_fraction  min_prop_rem  ave_prop_rem  W_prop_rem  ext-1  ext-2  prop_for_each_biodiversity_feature_(e.g._species)_remaining_at_level_of_removal...
0.00001  2.0221e+005  1.00000 1.00001 1.00001   -0.00000 -0.00000   1.000 1.000 1.000 
0.00101  2.02e+005   0.98635 0.99545 1.00001   0.00057 -0.00000   1.000 0.986 1.000 
0.00201  2.018e+005  0.98595 0.99532 1.00001   0.00039 -0.00000   1.000 0.986 1.000 
0.00301  2.016e+005  0.98548 0.99517 1.00001   0.00030 -0.00000   1.000 0.985 1.000 
0.00401  2.014e+005  0.98532 0.99511 1.00001   0.00025 -0.00000   1.000 0.985 1.000 
0.00500  2.012e+005  0.98525 0.99509 1.00001   0.00021 -0.00000   1.000 0.985 1.000 
0.00600  2.0099e+005  0.98485 0.99495 1.00001   0.00018 -0.00000   1.000 0.985 1.000 
0.00700  2.0079e+005  0.98430 0.99477 1.00001   0.00016 -0.00000   1.000 0.984 1.000 
0.00800  2.0059e+005  0.98313 0.99437 1.00001   0.00016 -0.00000   1.000 0.983 1.000 
0.00900  2.0039e+005  0.98195 0.99398 1.00001   0.00015 -0.00000   1.000 0.982 1.000 
0.01000  2.0019e+005  0.98108 0.99369 1.00001   0.00014 -0.00000   1.000 0.981 1.000 
0.01100  1.9998e+005  0.98030 0.99342 1.00001   0.00014 -0.00000   1.000 0.980 1.000 
0.01200  1.9978e+005  0.98006 0.99334 1.00001   0.00013 -0.00000   1.000 0.980 1.000 
0.01300  1.9958e+005  0.97991 0.99328 1.00001   0.00012 -0.00000   1.000 0.980 1.000 
0.01400  1.9938e+005  0.97975 0.99322 1.00001   0.00011 -0.00000   1.000 0.980 1.000 
0.01499  1.9918e+005  0.97975 0.99321 1.00001   0.00011 -0.00000   1.000 0.980 1.000 
0.01599  1.9897e+005  0.97975 0.99319 1.00001   0.00010 -0.00000   1.000 0.980 1.000 
0.01699  1.9877e+005  0.97951 0.99310 1.00001   0.00010 -0.00000   1.000 0.980 1.000 
0.01799  1.9857e+005  0.97936 0.99304 1.00001   0.00009 -0.00000   1.000 0.979 1.000 
0.01899  1.9837e+005  0.97904 0.99291 1.00001   0.00009 -0.00000   1.000 0.979 1.000 
0.01999  1.9817e+005  0.97865 0.99277 1.00000   0.00009 -0.00000   1.000 0.979 1.000 
0.02099  1.9796e+005  0.97849 0.99270 1.00000   0.00008 -0.00000   1.000 0.978 1.000 
0.02199  1.9776e+005  0.97810 0.99255 1.00000   0.00008 0.00000   1.000 0.978 1.000 
0.02299  1.9756e+005  0.97763 0.99237 1.00000   0.00008 0.00000   1.000 0.978 0.999 
0.02399  1.9736e+005  0.97724 0.99222 0.99999   0.00008 0.00000   1.000 0.977 0.999 
0.02498  1.9716e+005  0.97692 0.99209 0.99999   0.00008 0.00000   1.000 0.977 0.999 
0.02598  1.9695e+005  0.97653 0.99193 0.99999   0.00008 0.00000   1.000 0.977 0.999 
0.02698  1.9675e+005  0.97637 0.99186 0.99998   0.00007 0.00000   1.000 0.976 0.999 
0.02798  1.9655e+005  0.97574 0.99162 0.99998   0.00007 0.00001   1.000 0.976 0.999 
0.02898  1.9635e+005  0.97551 0.99152 0.99998   0.00007 0.00001   1.000 0.976 0.999 
0.02998  1.9615e+005  0.97512 0.99136 0.99997   0.00007 0.00001   1.000 0.975 0.999 
0.03098  1.9594e+005  0.97488 0.99125 0.99997   0.00007 0.00001   1.000 0.975 0.999 
0.03198  1.9574e+005  0.97480 0.99120 0.99996   0.00007 0.00001   1.000 0.975 0.999 
0.03298  1.9554e+005  0.97465 0.99112 0.99995   0.00007 0.00001   1.000 0.975 0.999 
0.03397  1.9534e+005  0.97441 0.99101 0.99995   0.00006 0.00001   1.000 0.974 0.999 
0.03497  1.9514e+005  0.97417 0.99090 0.99994   0.00006 0.00001   1.000 0.974 0.999 
0.03597  1.9493e+005  0.97417 0.99090 0.99994   0.00006 0.00001   1.000 0.974 0.999 
0.03697  1.9473e+005  0.97417 0.99090 0.99994   0.00006 0.00001   1.000 0.974 0.999 
0.03797  1.9453e+005  0.97417 0.99090 0.99994   0.00006 0.00001   1.000 0.974 0.999 
0.03897  1.9433e+005  0.97417 0.99089 0.99994   0.00006 0.00001   1.000 0.974 0.999 
0.03997  1.9413e+005  0.97410 0.99087 0.99994   0.00006 0.00001   1.000 0.974 0.999 
0.04097  1.9392e+005  0.97410 0.99086 0.99994   0.00005 0.00001   1.000 0.974 0.999 
0.04197  1.9372e+005  0.97410 0.99086 0.99994   0.00005 0.00001   1.000 0.974 0.999 
0.04297  1.9352e+005  0.97410 0.99086 0.99994   0.00005 0.00001   1.000 0.974 0.999 
0.04396  1.9332e+005  0.97410 0.99085 0.99994   0.00005 0.00001   1.000 0.974 0.999 
0.04496  1.9312e+005  0.97410 0.99085 0.99994   0.00005 0.00001   1.000 0.974 0.999 
0.04596  1.9291e+005  0.97402 0.99082 0.99994   0.00005 0.00001   1.000 0.974 0.998 
0.04696  1.9271e+005  0.97402 0.99081 0.99994   0.00005 0.00001   1.000 0.974 0.998 
0.04796  1.9251e+005  0.97386 0.99075 0.99994   0.00005 0.00001   1.000 0.974 0.998 
0.04896  1.9231e+005  0.97284 0.99041 0.99994   0.00005 0.00001   1.000 0.973 0.998 
0.04996  1.9211e+005  0.97095 0.98977 0.99994   0.00005 0.00002   1.000 0.971 0.998 
0.05096  1.919e+005  0.96954 0.98929 0.99994   0.00005 0.00002   1.000 0.970 0.998 
0.05196  1.917e+005  0.96876 0.98902 0.99994   0.00005 0.00002   1.000 0.969 0.998 
0.05296  1.915e+005  0.96766 0.98865 0.99994   0.00005 0.00002   1.000 0.968 0.998 
0.05395  1.913e+005  0.96664 0.98829 0.99994   0.00005 0.00002   1.000 0.967 0.998 
0.05495  1.911e+005  0.96562 0.98794 0.99993   0.00005 0.00002   1.000 0.966 0.998 
0.05595  1.9089e+005  0.96444 0.98753 0.99993   0.00006 0.00002   1.000 0.964 0.998 
0.05695  1.9069e+005  0.96350 0.98721 0.99993   0.00006 0.00002   1.000 0.963 0.998 
0.05795  1.9049e+005  0.96310 0.98706 0.99993   0.00006 0.00002   1.000 0.963 0.998 
0.05895  1.9029e+005  0.96255 0.98687 0.99993   0.00006 0.00002   1.000 0.963 0.998 
0.05995  1.9009e+005  0.96255 0.98686 0.99992   0.00005 0.00002   1.000 0.963 0.998 
0.06095  1.8988e+005  0.96208 0.98668 0.99992   0.00005 0.00002   1.000 0.962 0.998 
0.06195  1.8968e+005  0.96153 0.98648 0.99992   0.00005 0.00002   1.000 0.962 0.998 
0.06295  1.8948e+005  0.96083 0.98622 0.99991   0.00005 0.00002   1.000 0.961 0.998 
0.06394  1.8928e+005  0.96004 0.98594 0.99991   0.00005 0.00002   1.000 0.960 0.998 
0.06494  1.8908e+005  0.95965 0.98579 0.99990   0.00005 0.00002   1.000 0.960 0.998 
0.06594  1.8887e+005  0.95918 0.98561 0.99990   0.00005 0.00003   1.000 0.959 0.998 
0.06694  1.8867e+005  0.95847 0.98534 0.99989   0.00005 0.00003   1.000 0.958 0.998 
0.06794  1.8847e+005  0.95816 0.98521 0.99989   0.00005 0.00003   1.000 0.958 0.998 
0.06894  1.8827e+005  0.95768 0.98502 0.99988   0.00005 0.00003   1.000 0.958 0.997 
0.06994  1.8807e+005  0.95753 0.98493 0.99987   0.00005 0.00003   1.000 0.958 0.997 
0.07094  1.8786e+005  0.95698 0.98472 0.99986   0.00005 0.00003   1.000 0.957 0.997 
0.07194  1.8766e+005  0.95674 0.98460 0.99986   0.00005 0.00004   1.000 0.957 0.997 
0.07293  1.8746e+005  0.95619 0.98439 0.99985   0.00005 0.00004   1.000 0.956 0.997 
0.07393  1.8726e+005  0.95580 0.98422 0.99984   0.00005 0.00004   1.000 0.956 0.997 
0.07493  1.8706e+005  0.95525 0.98401 0.99983   0.00005 0.00004   1.000 0.955 0.997 
0.07593  1.8685e+005  0.95486 0.98384 0.99983   0.00005 0.00004   1.000 0.955 0.997 
0.07693  1.8665e+005  0.95446 0.98368 0.99982   0.00005 0.00005   1.000 0.954 0.997 
0.07793  1.8645e+005  0.95376 0.98340 0.99981   0.00005 0.00005   1.000 0.954 0.997 
0.07893  1.8625e+005  0.95337 0.98323 0.99980   0.00005 0.00005   1.000 0.953 0.997 
0.07993  1.8605e+005  0.95297 0.98307 0.99979   0.00005 0.00005   1.000 0.953 0.996 
0.08093  1.8584e+005  0.95219 0.98277 0.99978   0.00005 0.00005   1.000 0.952 0.996 
0.08193  1.8564e+005  0.95164 0.98254 0.99977   0.00005 0.00006   1.000 0.952 0.996 
0.08292  1.8544e+005  0.95140 0.98243 0.99976   0.00005 0.00006   1.000 0.951 0.996 
0.08392  1.8524e+005  0.95070 0.98215 0.99975   0.00005 0.00006   1.000 0.951 0.996 
0.08492  1.8504e+005  0.95015 0.98193 0.99974   0.00005 0.00006   1.000 0.950 0.996 
0.08592  1.8483e+005  0.94936 0.98163 0.99973   0.00005 0.00007   1.000 0.949 0.996 
0.08692  1.8463e+005  0.94913 0.98151 0.99972   0.00005 0.00007   1.000 0.949 0.996 
0.08792  1.8443e+005  0.94889 0.98140 0.99971   0.00005 0.00007   1.000 0.949 0.996 
0.08892  1.8423e+005  0.94803 0.98107 0.99970   0.00005 0.00007   1.000 0.948 0.995 
0.08992  1.8403e+005  0.94716 0.98074 0.99969   0.00005 0.00008   1.000 0.947 0.995 
0.09092  1.8382e+005  0.94693 0.98062 0.99968   0.00005 0.00008   1.000 0.947 0.995 
0.09192  1.8362e+005  0.94630 0.98036 0.99966   0.00005 0.00008   1.000 0.946 0.995 
0.09291  1.8342e+005  0.94543 0.98003 0.99965   0.00005 0.00009   1.000 0.945 0.995 
0.09391  1.8322e+005  0.94457 0.97970 0.99964   0.00005 0.00009   1.000 0.945 0.995 
0.09491  1.8302e+005  0.94426 0.97955 0.99963   0.00005 0.00009   1.000 0.944 0.995 
0.09591  1.8281e+005  0.94316 0.97913 0.99961   0.00005 0.00010   1.000 0.943 0.995 
0.09691  1.8261e+005  0.94253 0.97888 0.99960   0.00005 0.00010   1.000 0.943 0.995 
0.09791  1.8241e+005  0.94119 0.97838 0.99958   0.00006 0.00010   1.000 0.941 0.994 
0.09891  1.8221e+005  0.94057 0.97812 0.99957   0.00006 0.00011   1.000 0.941 0.994 
0.09991  1.8201e+005  0.93955 0.97773 0.99955   0.00006 0.00011   1.000 0.940 0.994 
0.10091  1.818e+005  0.93860 0.97737 0.99954   0.00006 0.00012   1.000 0.939 0.994 
0.10190  1.816e+005  0.93813 0.97716 0.99952   0.00006 0.00012   1.000 0.938 0.994 
0.10290  1.814e+005  0.93680 0.97666 0.99950   0.00006 0.00012   1.000 0.937 0.994 
0.10390  1.812e+005  0.93609 0.97638 0.99949   0.00006 0.00013   0.999 0.936 0.994 
0.10490  1.81e+005   0.93538 0.97608 0.99947   0.00006 0.00013   0.999 0.935 0.993 
0.10590  1.8079e+005  0.93452 0.97574 0.99945   0.00006 0.00014   0.999 0.935 0.993 
0.10690  1.8059e+005  0.93389 0.97548 0.99943   0.00006 0.00014   0.999 0.934 0.993 
0.10790  1.8039e+005  0.93279 0.97505 0.99941   0.00006 0.00015   0.999 0.933 0.993 
0.10890  1.8019e+005  0.93201 0.97473 0.99940   0.00006 0.00015   0.999 0.932 0.993 
0.10990  1.7999e+005  0.93099 0.97434 0.99938   0.00006 0.00016   0.999 0.931 0.993 
0.11090  1.7978e+005  0.92981 0.97388 0.99936   0.00006 0.00016   0.999 0.930 0.992 
0.11189  1.7958e+005  0.92902 0.97356 0.99933   0.00006 0.00017   0.999 0.929 0.992 
0.11289  1.7938e+005  0.92808 0.97319 0.99931   0.00006 0.00017   0.999 0.928 0.992 
0.11389  1.7918e+005  0.92682 0.97271 0.99929   0.00006 0.00018   0.999 0.927 0.992 
0.11489  1.7898e+005  0.92596 0.97236 0.99927   0.00006 0.00018   0.999 0.926 0.992 
0.11589  1.7877e+005  0.92518 0.97203 0.99925   0.00006 0.00019   0.999 0.925 0.992 
0.11689  1.7857e+005  0.92423 0.97165 0.99922   0.00006 0.00019   0.999 0.924 0.992 
0.11789  1.7837e+005  0.92313 0.97122 0.99920   0.00006 0.00020   0.999 0.923 0.991 
0.11889  1.7817e+005  0.92227 0.97087 0.99918   0.00006 0.00021   0.999 0.922 0.991 
0.11989  1.7797e+005  0.92164 0.97060 0.99915   0.00006 0.00021   0.999 0.922 0.991 
0.12089  1.7776e+005  0.92086 0.97027 0.99913   0.00006 0.00022   0.999 0.921 0.991 
0.12188  1.7756e+005  0.91999 0.96991 0.99910   0.00006 0.00022   0.999 0.920 0.991 
0.12288  1.7736e+005  0.91960 0.96971 0.99907   0.00006 0.00023   0.999 0.920 0.990 
0.12388  1.7716e+005  0.91842 0.96925 0.99905   0.00006 0.00024   0.999 0.918 0.990 
0.12488  1.7696e+005  0.91732 0.96881 0.99902   0.00006 0.00025   0.999 0.917 0.990 
0.12588  1.7675e+005  0.91669 0.96852 0.99899   0.00006 0.00025   0.999 0.917 0.990 
0.12688  1.7655e+005  0.91536 0.96800 0.99896   0.00006 0.00026   0.999 0.915 0.990 
0.12788  1.7635e+005  0.91402 0.96748 0.99893   0.00006 0.00027   0.999 0.914 0.990 
0.12888  1.7615e+005  0.91300 0.96707 0.99890   0.00007 0.00028   0.999 0.913 0.989 
0.12988  1.7595e+005  0.91222 0.96673 0.99887   0.00007 0.00028   0.999 0.912 0.989 
0.13088  1.7574e+005  0.91159 0.96644 0.99884   0.00007 0.00029   0.999 0.912 0.989 
0.13187  1.7554e+005  0.91057 0.96602 0.99880   0.00007 0.00030   0.999 0.911 0.989 
0.13287  1.7534e+005  0.91010 0.96578 0.99877   0.00007 0.00031   0.999 0.910 0.988 
0.13387  1.7514e+005  0.90916 0.96539 0.99874   0.00007 0.00032   0.999 0.909 0.988 
0.13487  1.7494e+005  0.90837 0.96504 0.99870   0.00007 0.00032   0.999 0.908 0.988 
0.13587  1.7473e+005  0.90727 0.96459 0.99867   0.00007 0.00033   0.999 0.907 0.988 
0.13687  1.7453e+005  0.90672 0.96432 0.99863   0.00007 0.00034   0.999 0.907 0.988 
0.13787  1.7433e+005  0.90609 0.96403 0.99859   0.00007 0.00035   0.999 0.906 0.987 
0.13887  1.7413e+005  0.90492 0.96355 0.99856   0.00007 0.00036   0.999 0.905 0.987 
0.13987  1.7393e+005  0.90397 0.96315 0.99852   0.00007 0.00037   0.999 0.904 0.987 
0.14086  1.7372e+005  0.90311 0.96277 0.99848   0.00007 0.00038   0.998 0.903 0.987 
0.14186  1.7352e+005  0.90232 0.96242 0.99844   0.00007 0.00039   0.998 0.902 0.987 
0.14286  1.7332e+005  0.90138 0.96202 0.99840   0.00007 0.00040   0.998 0.901 0.986 
0.14386  1.7312e+005  0.90075 0.96172 0.99836   0.00007 0.00041   0.998 0.901 0.986 
0.14486  1.7292e+005  0.89989 0.96134 0.99832   0.00007 0.00042   0.998 0.900 0.986 
0.14586  1.7271e+005  0.89934 0.96106 0.99828   0.00007 0.00043   0.998 0.899 0.986 
0.14686  1.7251e+005  0.89863 0.96073 0.99823   0.00007 0.00044   0.998 0.899 0.985 
0.14786  1.7231e+005  0.89777 0.96035 0.99819   0.00007 0.00045   0.998 0.898 0.985 
0.14886  1.7211e+005  0.89636 0.95978 0.99815   0.00007 0.00046   0.998 0.896 0.985 
0.14986  1.7191e+005  0.89534 0.95935 0.99810   0.00007 0.00047   0.998 0.895 0.985 
0.15085  1.717e+005  0.89455 0.95899 0.99806   0.00007 0.00049   0.998 0.895 0.984 
0.15185  1.715e+005  0.89322 0.95844 0.99801   0.00007 0.00050   0.998 0.893 0.984 
0.15285  1.713e+005  0.89235 0.95806 0.99796   0.00007 0.00051   0.998 0.892 0.984 
0.15385  1.711e+005  0.89149 0.95767 0.99792   0.00007 0.00052   0.998 0.891 0.984 
0.15485  1.709e+005  0.89047 0.95722 0.99787   0.00007 0.00053   0.998 0.890 0.983 
0.15585  1.7069e+005  0.88945 0.95678 0.99782   0.00007 0.00055   0.998 0.889 0.983 
0.15685  1.7049e+005  0.88843 0.95634 0.99777   0.00007 0.00056   0.998 0.888 0.983 
0.15785  1.7029e+005  0.88795 0.95608 0.99772   0.00007 0.00057   0.998 0.888 0.983 
0.15885  1.7009e+005  0.88701 0.95565 0.99766   0.00007 0.00058   0.998 0.887 0.982 
0.15985  1.6989e+005  0.88607 0.95523 0.99761   0.00007 0.00060   0.998 0.886 0.982 
0.16084  1.6968e+005  0.88513 0.95481 0.99756   0.00007 0.00061   0.998 0.885 0.982 
0.16184  1.6948e+005  0.88426 0.95442 0.99750   0.00007 0.00062   0.998 0.884 0.981 
0.16284  1.6928e+005  0.88340 0.95402 0.99745   0.00007 0.00064   0.997 0.883 0.981 
0.16384  1.6908e+005  0.88285 0.95374 0.99740   0.00007 0.00065   0.997 0.883 0.981 
0.16484  1.6888e+005  0.88183 0.95328 0.99734   0.00007 0.00067   0.997 0.882 0.981 
0.16584  1.6867e+005  0.88144 0.95304 0.99729   0.00007 0.00068   0.997 0.881 0.980 
0.16684  1.6847e+005  0.88026 0.95253 0.99723   0.00007 0.00069   0.997 0.880 0.980 
0.16784  1.6827e+005  0.87947 0.95215 0.99717   0.00007 0.00071   0.997 0.879 0.980 
0.16884  1.6807e+005  0.87837 0.95167 0.99711   0.00007 0.00072   0.997 0.878 0.980 
0.16984  1.6787e+005  0.87728 0.95119 0.99705   0.00007 0.00074   0.997 0.877 0.979 
0.17083  1.6766e+005  0.87649 0.95081 0.99699   0.00007 0.00075   0.997 0.876 0.979 
0.17183  1.6746e+005  0.87578 0.95046 0.99693   0.00007 0.00077   0.997 0.876 0.979 
0.17283  1.6726e+005  0.87492 0.95006 0.99686   0.00007 0.00078   0.997 0.875 0.978 
0.17383  1.6706e+005  0.87366 0.94952 0.99680   0.00008 0.00080   0.997 0.874 0.978 
0.17483  1.6686e+005  0.87288 0.94914 0.99674   0.00008 0.00082   0.997 0.873 0.978 
0.17583  1.6665e+005  0.87225 0.94880 0.99667   0.00008 0.00083   0.997 0.872 0.977 
0.17683  1.6645e+005  0.87115 0.94831 0.99660   0.00008 0.00085   0.997 0.871 0.977 
0.17783  1.6625e+005  0.87021 0.94788 0.99654   0.00008 0.00087   0.997 0.870 0.977 
0.17883  1.6605e+005  0.86887 0.94731 0.99647   0.00008 0.00088   0.996 0.869 0.977 
0.17982  1.6585e+005  0.86832 0.94699 0.99640   0.00008 0.00090   0.996 0.868 0.976 
0.18082  1.6564e+005  0.86715 0.94648 0.99633   0.00008 0.00092   0.996 0.867 0.976 
0.18182  1.6544e+005  0.86620 0.94604 0.99626   0.00008 0.00094   0.996 0.866 0.976 
0.18282  1.6524e+005  0.86526 0.94559 0.99619   0.00008 0.00095   0.996 0.865 0.975 
0.18382  1.6504e+005  0.86440 0.94518 0.99612   0.00008 0.00097   0.996 0.864 0.975 
0.18482  1.6484e+005  0.86345 0.94474 0.99604   0.00008 0.00099   0.996 0.863 0.975 
0.18582  1.6463e+005  0.86259 0.94432 0.99597   0.00008 0.00101   0.996 0.863 0.974 
0.18682  1.6443e+005  0.86204 0.94400 0.99590   0.00008 0.00103   0.996 0.862 0.974 
0.18782  1.6423e+005  0.86118 0.94358 0.99582   0.00008 0.00105   0.996 0.861 0.974 
0.18882  1.6403e+005  0.86008 0.94308 0.99574   0.00008 0.00107   0.996 0.860 0.973 
0.18981  1.6383e+005  0.85906 0.94260 0.99567   0.00008 0.00109   0.996 0.859 0.973 
0.19081  1.6362e+005  0.85874 0.94236 0.99559   0.00008 0.00111   0.996 0.859 0.973 
0.19181  1.6342e+005  0.85812 0.94202 0.99551   0.00008 0.00112   0.996 0.858 0.972 
0.19281  1.6322e+005  0.85647 0.94133 0.99543   0.00008 0.00114   0.995 0.856 0.972 
0.19381  1.6302e+005  0.85576 0.94096 0.99535   0.00008 0.00116   0.995 0.856 0.972 
0.19481  1.6282e+005  0.85458 0.94043 0.99527   0.00008 0.00118   0.995 0.855 0.971 
0.19581  1.6261e+005  0.85380 0.94003 0.99519   0.00008 0.00120   0.995 0.854 0.971 
0.19681  1.6241e+005  0.85309 0.93967 0.99512   0.00008 0.00122   0.995 0.853 0.971 
0.19781  1.6221e+005  0.85254 0.93934 0.99503   0.00008 0.00124   0.995 0.853 0.970 
0.19881  1.6201e+005  0.85207 0.93904 0.99495   0.00008 0.00126   0.995 0.852 0.970 
0.19980  1.6181e+005  0.85097 0.93853 0.99486   0.00008 0.00129   0.995 0.851 0.970 
0.20080  1.616e+005  0.85011 0.93810 0.99478   0.00008 0.00131   0.995 0.850 0.969 
0.20180  1.614e+005  0.84901 0.93759 0.99469   0.00008 0.00133   0.995 0.849 0.969 
0.20280  1.612e+005  0.84775 0.93703 0.99460   0.00008 0.00135   0.995 0.848 0.969 
0.20380  1.61e+005   0.84689 0.93659 0.99451   0.00008 0.00137   0.995 0.847 0.968 
0.20480  1.608e+005  0.84618 0.93622 0.99443   0.00008 0.00140   0.994 0.846 0.968 
0.20580  1.6059e+005  0.84524 0.93576 0.99434   0.00008 0.00142   0.994 0.845 0.968 
0.20680  1.6039e+005  0.84422 0.93527 0.99425   0.00008 0.00144   0.994 0.844 0.967 
0.20780  1.6019e+005  0.84351 0.93488 0.99415   0.00008 0.00146   0.994 0.844 0.967 
0.20879  1.5999e+005  0.84225 0.93432 0.99406   0.00008 0.00149   0.994 0.842 0.967 
0.20979  1.5979e+005  0.84131 0.93385 0.99397   0.00008 0.00151   0.994 0.841 0.966 
0.21079  1.5958e+005  0.84084 0.93354 0.99387   0.00008 0.00154   0.994 0.841 0.966 
0.21179  1.5938e+005  0.83950 0.93294 0.99377   0.00008 0.00156   0.994 0.840 0.966 
0.21279  1.5918e+005  0.83809 0.93231 0.99367   0.00008 0.00159   0.994 0.838 0.965 
0.21379  1.5898e+005  0.83715 0.93184 0.99358   0.00008 0.00161   0.994 0.837 0.965 
0.21479  1.5878e+005  0.83613 0.93134 0.99347   0.00008 0.00164   0.993 0.836 0.964 
0.21579  1.5857e+005  0.83534 0.93092 0.99337   0.00008 0.00166   0.993 0.835 0.964 
0.21679  1.5837e+005  0.83479 0.93058 0.99327   0.00008 0.00169   0.993 0.835 0.964 
0.21779  1.5817e+005  0.83385 0.93010 0.99317   0.00008 0.00171   0.993 0.834 0.963 
0.21878  1.5797e+005  0.83307 0.92968 0.99306   0.00008 0.00174   0.993 0.833 0.963 
0.21978  1.5777e+005  0.83220 0.92922 0.99296   0.00008 0.00177   0.993 0.832 0.963 
0.22078  1.5756e+005  0.83118 0.92871 0.99285   0.00008 0.00179   0.993 0.831 0.962 
0.22178  1.5736e+005  0.83071 0.92839 0.99274   0.00008 0.00182   0.993 0.831 0.962 
0.22278  1.5716e+005  0.82985 0.92793 0.99263   0.00009 0.00185   0.993 0.830 0.961 
0.22378  1.5696e+005  0.82914 0.92753 0.99252   0.00009 0.00188   0.993 0.829 0.961 
0.22478  1.5676e+005  0.82883 0.92725 0.99241   0.00009 0.00190   0.992 0.829 0.961 
0.22578  1.5655e+005  0.82804 0.92681 0.99230   0.00009 0.00193   0.992 0.828 0.960 
0.22678  1.5635e+005  0.82741 0.92643 0.99218   0.00009 0.00196   0.992 0.827 0.960 
0.22778  1.5615e+005  0.82710 0.92615 0.99207   0.00009 0.00199   0.992 0.827 0.959 
0.22877  1.5595e+005  0.82639 0.92574 0.99195   0.00009 0.00202   0.992 0.826 0.959 
0.22977  1.5575e+005  0.82568 0.92532 0.99183   0.00009 0.00205   0.992 0.826 0.958 
0.23077  1.5554e+005  0.82459 0.92478 0.99171   0.00009 0.00208   0.992 0.825 0.958 
0.23177  1.5534e+005  0.82419 0.92447 0.99159   0.00009 0.00211   0.992 0.824 0.958 
0.23277  1.5514e+005  0.82356 0.92408 0.99147   0.00009 0.00214   0.991 0.824 0.957 
0.23377  1.5494e+005  0.82309 0.92374 0.99135   0.00009 0.00217   0.991 0.823 0.957 
0.23477  1.5474e+005  0.82254 0.92338 0.99123   0.00009 0.00220   0.991 0.823 0.956 
0.23577  1.5453e+005  0.82192 0.92298 0.99110   0.00009 0.00223   0.991 0.822 0.956 
0.23677  1.5433e+005  0.82129 0.92259 0.99097   0.00009 0.00226   0.991 0.821 0.956 
0.23777  1.5413e+005  0.82066 0.92220 0.99085   0.00009 0.00230   0.991 0.821 0.955 
0.23876  1.5393e+005  0.81995 0.92177 0.99072   0.00009 0.00233   0.991 0.820 0.955 
0.23976  1.5373e+005  0.81932 0.92137 0.99059   0.00009 0.00236   0.991 0.819 0.954 
0.24076  1.5352e+005  0.81854 0.92092 0.99046   0.00009 0.00239   0.990 0.819 0.954 
0.24176  1.5332e+005  0.81799 0.92055 0.99032   0.00009 0.00243   0.990 0.818 0.953 
0.24276  1.5312e+005  0.81752 0.92020 0.99019   0.00009 0.00246   0.990 0.818 0.953 
0.24376  1.5292e+005  0.81681 0.91977 0.99005   0.00009 0.00250   0.990 0.817 0.952 
0.24476  1.5272e+005  0.81665 0.91952 0.98991   0.00009 0.00253   0.990 0.817 0.952 
0.24576  1.5251e+005  0.81618 0.91916 0.98978   0.00009 0.00257   0.990 0.816 0.952 
0.24676  1.5231e+005  0.81563 0.91879 0.98964   0.00009 0.00260   0.990 0.816 0.951 
0.24775  1.5211e+005  0.81524 0.91846 0.98949   0.00009 0.00264   0.989 0.815 0.951 
0.24875  1.5191e+005  0.81461 0.91805 0.98935   0.00009 0.00267   0.989 0.815 0.950 
0.24975  1.5171e+005  0.81398 0.91764 0.98921   0.00009 0.00271   0.989 0.814 0.950 
0.25075  1.515e+005  0.81351 0.91727 0.98906   0.00009 0.00275   0.989 0.814 0.949 
0.25175  1.513e+005  0.81289 0.91687 0.98892   0.00009 0.00278   0.989 0.813 0.949 
0.25275  1.511e+005  0.81210 0.91640 0.98877   0.00009 0.00282   0.989 0.812 0.948 
0.25375  1.509e+005  0.81108 0.91586 0.98862   0.00009 0.00286   0.989 0.811 0.948 
0.25475  1.507e+005  0.81037 0.91544 0.98849   0.00009 0.00289   0.988 0.810 0.947 
0.25575  1.5049e+005  0.81014 0.91519 0.98837   0.00009 0.00292   0.988 0.810 0.947 
0.25675  1.5029e+005  0.80943 0.91475 0.98822   0.00009 0.00296   0.988 0.809 0.947 
0.25774  1.5009e+005  0.80880 0.91433 0.98806   0.00009 0.00300   0.988 0.809 0.946 
0.25874  1.4989e+005  0.80810 0.91388 0.98791   0.00009 0.00304   0.988 0.808 0.946 
0.25974  1.4969e+005  0.80778 0.91356 0.98775   0.00009 0.00308   0.988 0.808 0.945 
0.26074  1.4948e+005  0.80707 0.91312 0.98759   0.00009 0.00312   0.988 0.807 0.945 
0.26174  1.4928e+005  0.80668 0.91285 0.98749   0.00009 0.00314   0.987 0.807 0.944 
0.26274  1.4908e+005  0.80331 0.91169 0.98747   0.00009 0.00315   0.987 0.803 0.944 
0.26374  1.4888e+005  0.79710 0.90956 0.98741   0.00009 0.00316   0.987 0.797 0.944 
0.26474  1.4868e+005  0.79051 0.90726 0.98732   0.00009 0.00319   0.987 0.791 0.944 
0.26574  1.4847e+005  0.78328 0.90472 0.98718   0.00010 0.00322   0.987 0.783 0.944 
0.26674  1.4827e+005  0.78281 0.90435 0.98702   0.00010 0.00326   0.987 0.783 0.943 
0.26773  1.4807e+005  0.78226 0.90395 0.98686   0.00010 0.00330   0.987 0.782 0.943 
0.26873  1.4787e+005  0.78140 0.90345 0.98669   0.00010 0.00334   0.987 0.781 0.942 
0.26973  1.4767e+005  0.78069 0.90300 0.98653   0.00010 0.00339   0.987 0.781 0.942 
0.27073  1.4746e+005  0.77983 0.90250 0.98636   0.00010 0.00343   0.986 0.780 0.941 
0.27173  1.4726e+005  0.77881 0.90194 0.98619   0.00010 0.00347   0.986 0.779 0.941 
0.27273  1.4706e+005  0.77833 0.90156 0.98603   0.00010 0.00351   0.986 0.778 0.940 
0.27373  1.4686e+005  0.77747 0.90106 0.98586   0.00010 0.00355   0.986 0.777 0.940 
0.27473  1.4666e+005  0.77676 0.90060 0.98568   0.00010 0.00360   0.986 0.777 0.939 
0.27573  1.4645e+005  0.77566 0.90001 0.98551   0.00010 0.00364   0.986 0.776 0.939 
0.27672  1.4625e+005  0.77519 0.89963 0.98534   0.00010 0.00369   0.985 0.775 0.938 
0.27772  1.4605e+005  0.77449 0.89916 0.98516   0.00010 0.00373   0.985 0.774 0.938 
0.27872  1.4585e+005  0.77323 0.89852 0.98498   0.00010 0.00378   0.985 0.773 0.937 
0.27972  1.4565e+005  0.77245 0.89803 0.98480   0.00010 0.00382   0.985 0.772 0.937 
0.28072  1.4544e+005  0.77213 0.89770 0.98462   0.00010 0.00387   0.985 0.772 0.936 
0.28172  1.4524e+005  0.77127 0.89718 0.98444   0.00010 0.00391   0.984 0.771 0.936 
0.28272  1.4504e+005  0.77009 0.89656 0.98426   0.00010 0.00396   0.984 0.770 0.935 
0.28372  1.4484e+005  0.76907 0.89599 0.98408   0.00010 0.00401   0.984 0.769 0.935 
0.28472  1.4464e+005  0.76828 0.89549 0.98389   0.00010 0.00405   0.984 0.768 0.934 
0.28572  1.4443e+005  0.76750 0.89500 0.98370   0.00010 0.00410   0.984 0.767 0.934 
0.28671  1.4423e+005  0.76601 0.89427 0.98351   0.00010 0.00415   0.984 0.766 0.933 
0.28771  1.4403e+005  0.76483 0.89364 0.98332   0.00010 0.00420   0.983 0.765 0.933 
0.28871  1.4383e+005  0.76396 0.89312 0.98313   0.00010 0.00424   0.983 0.764 0.932 
0.28971  1.4363e+005  0.76349 0.89273 0.98294   0.00010 0.00429   0.983 0.763 0.932 
0.29071  1.4342e+005  0.76271 0.89223 0.98275   0.00010 0.00434   0.983 0.763 0.931 
0.29171  1.4322e+005  0.76090 0.89139 0.98255   0.00010 0.00439   0.983 0.761 0.931 
0.29271  1.4302e+005  0.75965 0.89073 0.98235   0.00010 0.00444   0.982 0.760 0.930 
0.29371  1.4282e+005  0.75886 0.89023 0.98215   0.00010 0.00449   0.982 0.759 0.930 
0.29471  1.4262e+005  0.75745 0.88951 0.98195   0.00010 0.00454   0.982 0.757 0.929 
0.29571  1.4241e+005  0.75619 0.88885 0.98175   0.00010 0.00460   0.982 0.756 0.929 
0.29670  1.4221e+005  0.75525 0.88829 0.98154   0.00010 0.00465   0.982 0.755 0.928 
0.29770  1.4201e+005  0.75415 0.88768 0.98133   0.00010 0.00470   0.981 0.754 0.928 
0.29870  1.4181e+005  0.75297 0.88704 0.98112   0.00010 0.00475   0.981 0.753 0.927 
0.29970  1.4161e+005  0.75132 0.88624 0.98091   0.00010 0.00481   0.981 0.751 0.926 
0.30070  1.414e+005  0.75014 0.88559 0.98070   0.00010 0.00486   0.981 0.750 0.926 
0.30170  1.412e+005  0.74920 0.88504 0.98050   0.00010 0.00491   0.980 0.749 0.925 
0.30270  1.41e+005   0.74920 0.88483 0.98034   0.00010 0.00495   0.980 0.749 0.925 
0.30370  1.408e+005  0.74873 0.88442 0.98013   0.00010 0.00500   0.980 0.749 0.924 
0.30470  1.406e+005  0.74755 0.88378 0.97992   0.00010 0.00506   0.980 0.748 0.924 
0.30570  1.4039e+005  0.74622 0.88307 0.97970   0.00010 0.00511   0.980 0.746 0.923 
0.30669  1.4019e+005  0.74575 0.88268 0.97949   0.00010 0.00517   0.979 0.746 0.923 
0.30769  1.3999e+005  0.74441 0.88198 0.97927   0.00010 0.00522   0.979 0.744 0.922 
0.30869  1.3979e+005  0.74339 0.88138 0.97905   0.00010 0.00528   0.979 0.743 0.922 
0.30969  1.3959e+005  0.74245 0.88080 0.97883   0.00010 0.00534   0.979 0.742 0.921 
0.31069  1.3938e+005  0.74151 0.88022 0.97860   0.00010 0.00539   0.979 0.742 0.921 
0.31169  1.3918e+005  0.73986 0.87941 0.97837   0.00011 0.00545   0.978 0.740 0.920 
0.31269  1.3898e+005  0.73868 0.87876 0.97814   0.00011 0.00551   0.978 0.739 0.919 
0.31369  1.3878e+005  0.73734 0.87805 0.97791   0.00011 0.00557   0.978 0.737 0.919 
0.31469  1.3858e+005  0.73609 0.87737 0.97768   0.00011 0.00563   0.978 0.736 0.918 
0.31568  1.3837e+005  0.73420 0.87648 0.97745   0.00011 0.00569   0.977 0.734 0.918 
0.31668  1.3817e+005  0.73350 0.87597 0.97721   0.00011 0.00575   0.977 0.733 0.917 
0.31768  1.3797e+005  0.73193 0.87518 0.97697   0.00011 0.00581   0.977 0.732 0.917 
0.31868  1.3777e+005  0.73059 0.87446 0.97673   0.00011 0.00587   0.977 0.731 0.916 
0.31968  1.3757e+005  0.72902 0.87367 0.97649   0.00011 0.00593   0.976 0.729 0.915 
0.32068  1.3736e+005  0.72784 0.87300 0.97624   0.00011 0.00599   0.976 0.728 0.915 
0.32168  1.3716e+005  0.72651 0.87228 0.97600   0.00011 0.00606   0.976 0.727 0.914 
0.32268  1.3696e+005  0.72517 0.87155 0.97575   0.00011 0.00612   0.976 0.725 0.914 
0.32368  1.3676e+005  0.72415 0.87093 0.97550   0.00011 0.00618   0.976 0.724 0.913 
0.32468  1.3656e+005  0.72250 0.87010 0.97525   0.00011 0.00625   0.975 0.723 0.913 
0.32567  1.3635e+005  0.72109 0.86935 0.97500   0.00011 0.00631   0.975 0.721 0.912 
0.32667  1.3615e+005  0.71968 0.86860 0.97474   0.00011 0.00638   0.975 0.720 0.911 
0.32767  1.3595e+005  0.71842 0.86790 0.97448   0.00011 0.00644   0.974 0.718 0.911 
0.32867  1.3575e+005  0.71669 0.86704 0.97422   0.00011 0.00651   0.974 0.717 0.910 
0.32967  1.3555e+005  0.71497 0.86618 0.97396   0.00011 0.00657   0.974 0.715 0.910 
0.33067  1.3534e+005  0.71332 0.86534 0.97369   0.00011 0.00664   0.974 0.713 0.909 
0.33167  1.3514e+005  0.71088 0.86425 0.97343   0.00011 0.00671   0.973 0.711 0.908 
0.33267  1.3494e+005  0.70939 0.86347 0.97316   0.00011 0.00678   0.973 0.709 0.908 
0.33367  1.3474e+005  0.70829 0.86280 0.97289   0.00011 0.00685   0.973 0.708 0.907 
0.33467  1.3454e+005  0.70672 0.86199 0.97262   0.00011 0.00692   0.973 0.707 0.907 
0.33566  1.3433e+005  0.70515 0.86117 0.97235   0.00011 0.00699   0.972 0.705 0.906 
0.33666  1.3413e+005  0.70405 0.86050 0.97207   0.00011 0.00706   0.972 0.704 0.905 
0.33766  1.3393e+005  0.70319 0.85992 0.97179   0.00011 0.00713   0.972 0.703 0.905 
0.33866  1.3373e+005  0.70130 0.85899 0.97151   0.00011 0.00720   0.972 0.701 0.904 
0.33966  1.3353e+005  0.70028 0.85835 0.97123   0.00011 0.00727   0.971 0.700 0.904 
0.34066  1.3332e+005  0.69761 0.85716 0.97094   0.00012 0.00735   0.971 0.698 0.903 
0.34166  1.3312e+005  0.69683 0.85660 0.97066   0.00012 0.00742   0.971 0.697 0.902 
0.34266  1.3292e+005  0.69573 0.85593 0.97037   0.00012 0.00749   0.970 0.696 0.902 
0.34366  1.3272e+005  0.69423 0.85512 0.97008   0.00012 0.00757   0.970 0.694 0.901 
0.34466  1.3252e+005  0.69298 0.85440 0.96979   0.00012 0.00764   0.970 0.693 0.900 
0.34565  1.3231e+005  0.69141 0.85356 0.96949   0.00012 0.00772   0.969 0.691 0.900 
0.34665  1.3211e+005  0.68992 0.85276 0.96919   0.00012 0.00779   0.969 0.690 0.899 
0.34765  1.3191e+005  0.68803 0.85182 0.96890   0.00012 0.00787   0.969 0.688 0.899 
0.34865  1.3171e+005  0.68646 0.85098 0.96859   0.00012 0.00795   0.969 0.686 0.898 
0.34965  1.3151e+005  0.68505 0.85020 0.96829   0.00012 0.00802   0.968 0.685 0.897 
0.35065  1.313e+005  0.68371 0.84944 0.96799   0.00012 0.00810   0.968 0.684 0.897 
0.35165  1.311e+005  0.68206 0.84857 0.96768   0.00012 0.00818   0.968 0.682 0.896 
0.35265  1.309e+005  0.68073 0.84780 0.96737   0.00012 0.00826   0.967 0.681 0.895 
0.35365  1.307e+005  0.67939 0.84704 0.96706   0.00012 0.00834   0.967 0.679 0.895 
0.35464  1.305e+005  0.67774 0.84617 0.96674   0.00012 0.00842   0.967 0.678 0.894 
0.35564  1.3029e+005  0.67704 0.84561 0.96643   0.00012 0.00850   0.966 0.677 0.893 
0.35664  1.3009e+005  0.67507 0.84463 0.96611   0.00012 0.00858   0.966 0.675 0.893 
0.35764  1.2989e+005  0.67343 0.84375 0.96579   0.00012 0.00867   0.966 0.673 0.892 
0.35864  1.2969e+005  0.67178 0.84287 0.96547   0.00012 0.00875   0.965 0.672 0.891 
0.35964  1.2949e+005  0.67091 0.84225 0.96514   0.00012 0.00883   0.965 0.671 0.891 
0.36064  1.2928e+005  0.66942 0.84143 0.96481   0.00012 0.00892   0.965 0.669 0.890 
0.36164  1.2908e+005  0.66785 0.84057 0.96449   0.00012 0.00900   0.964 0.668 0.889 
0.36264  1.2888e+005  0.66683 0.83990 0.96416   0.00012 0.00908   0.964 0.667 0.889 
0.36364  1.2868e+005  0.66502 0.83897 0.96383   0.00012 0.00917   0.964 0.665 0.888 
0.36463  1.2848e+005  0.66377 0.83822 0.96349   0.00012 0.00925   0.963 0.664 0.887 
0.36563  1.2827e+005  0.66290 0.83759 0.96315   0.00012 0.00934   0.963 0.663 0.887 
0.36663  1.2807e+005  0.66173 0.83685 0.96281   0.00012 0.00943   0.963 0.662 0.886 
0.36763  1.2787e+005  0.66039 0.83606 0.96247   0.00012 0.00952   0.962 0.660 0.885 
0.36863  1.2767e+005  0.65968 0.83548 0.96212   0.00012 0.00961   0.962 0.660 0.885 
0.36963  1.2747e+005  0.65803 0.83458 0.96178   0.00013 0.00970   0.962 0.658 0.884 
0.37063  1.2726e+005  0.65654 0.83374 0.96142   0.00013 0.00979   0.961 0.657 0.883 
0.37163  1.2706e+005  0.65505 0.83290 0.96107   0.00013 0.00988   0.961 0.655 0.883 
0.37263  1.2686e+005  0.65434 0.83231 0.96072   0.00013 0.00997   0.961 0.654 0.882 
0.37363  1.2666e+005  0.65309 0.83154 0.96036   0.00013 0.01006   0.960 0.653 0.881 
0.37462  1.2646e+005  0.65175 0.83074 0.96000   0.00013 0.01015   0.960 0.652 0.880 
0.37562  1.2625e+005  0.65081 0.83007 0.95964   0.00013 0.01025   0.960 0.651 0.880 
0.37662  1.2605e+005  0.64948 0.82927 0.95927   0.00013 0.01034   0.959 0.649 0.879 
0.37762  1.2585e+005  0.64853 0.82860 0.95891   0.00013 0.01043   0.959 0.649 0.878 
0.37862  1.2565e+005  0.64704 0.82774 0.95854   0.00013 0.01053   0.959 0.647 0.878 
0.37962  1.2545e+005  0.64571 0.82694 0.95817   0.00013 0.01063   0.958 0.646 0.877 
0.38062  1.2524e+005  0.64453 0.82618 0.95780   0.00013 0.01072   0.958 0.645 0.876 
0.38162  1.2504e+005  0.64351 0.82547 0.95742   0.00013 0.01082   0.957 0.644 0.875 
0.38262  1.2484e+005  0.64233 0.82471 0.95704   0.00013 0.01092   0.957 0.642 0.875 
0.38361  1.2464e+005  0.64076 0.82382 0.95666   0.00013 0.01101   0.957 0.641 0.874 
0.38461  1.2444e+005  0.63927 0.82296 0.95628   0.00013 0.01111   0.956 0.639 0.873 
0.38561  1.2423e+005  0.63801 0.82217 0.95590   0.00013 0.01121   0.956 0.638 0.873 
0.38661  1.2403e+005  0.63652 0.82131 0.95551   0.00013 0.01131   0.956 0.637 0.872 
0.38761  1.2383e+005  0.63558 0.82062 0.95512   0.00013 0.01141   0.955 0.636 0.871 
0.38861  1.2363e+005  0.63416 0.81977 0.95473   0.00013 0.01152   0.955 0.634 0.870 
0.38961  1.2343e+005  0.63259 0.81887 0.95433   0.00013 0.01162   0.954 0.633 0.870 
0.39061  1.2322e+005  0.63102 0.81797 0.95394   0.00013 0.01172   0.954 0.631 0.869 
0.39161  1.2302e+005  0.62945 0.81706 0.95354   0.00013 0.01182   0.954 0.629 0.868 
0.39261  1.2282e+005  0.62859 0.81639 0.95314   0.00013 0.01193   0.953 0.629 0.867 
0.39360  1.2262e+005  0.62796 0.81580 0.95274   0.00013 0.01203   0.953 0.628 0.867 
0.39460  1.2242e+005  0.62670 0.81500 0.95233   0.00013 0.01214   0.952 0.627 0.866 
0.39560  1.2221e+005  0.62560 0.81424 0.95192   0.00013 0.01224   0.952 0.626 0.865 
0.39660  1.2201e+005  0.62443 0.81346 0.95151   0.00013 0.01235   0.952 0.624 0.864 
0.39760  1.2181e+005  0.62356 0.81278 0.95110   0.00013 0.01246   0.951 0.624 0.864 
0.39860  1.2161e+005  0.62207 0.81189 0.95068   0.00013 0.01256   0.951 0.622 0.863 
0.39960  1.2141e+005  0.62105 0.81116 0.95027   0.00013 0.01267   0.950 0.621 0.862 
0.40060  1.212e+005  0.61948 0.81025 0.94985   0.00013 0.01278   0.950 0.619 0.861 
0.40160  1.21e+005   0.61838 0.80949 0.94942   0.00013 0.01289   0.949 0.618 0.861 
0.40260  1.208e+005  0.61697 0.80862 0.94900   0.00014 0.01300   0.949 0.617 0.860 
0.40359  1.206e+005  0.61571 0.80781 0.94857   0.00014 0.01311   0.949 0.616 0.859 
0.40459  1.204e+005  0.61485 0.80711 0.94814   0.00014 0.01322   0.948 0.615 0.858 
0.40559  1.2019e+005  0.61414 0.80648 0.94772   0.00014 0.01334   0.948 0.614 0.858 
0.40659  1.1999e+005  0.61320 0.80577 0.94730   0.00014 0.01344   0.947 0.613 0.857 
0.40759  1.1979e+005  0.61296 0.80530 0.94688   0.00014 0.01355   0.947 0.613 0.856 
0.40859  1.1959e+005  0.61194 0.80455 0.94644   0.00014 0.01367   0.946 0.612 0.855 
0.40959  1.1939e+005  0.61068 0.80373 0.94601   0.00014 0.01378   0.946 0.611 0.854 
0.41059  1.1918e+005  0.60943 0.80291 0.94557   0.00014 0.01389   0.946 0.609 0.854 
0.41159  1.1898e+005  0.60833 0.80213 0.94513   0.00014 0.01401   0.945 0.608 0.853 
0.41259  1.1878e+005  0.60684 0.80123 0.94469   0.00014 0.01412   0.945 0.607 0.852 
0.41358  1.1858e+005  0.60519 0.80027 0.94424   0.00014 0.01424   0.944 0.605 0.851 
0.41458  1.1838e+005  0.60401 0.79947 0.94379   0.00014 0.01436   0.944 0.604 0.851 
0.41558  1.1817e+005  0.60315 0.79876 0.94334   0.00014 0.01448   0.943 0.603 0.850 
0.41658  1.1797e+005  0.60283 0.79833 0.94300   0.00014 0.01457   0.943 0.603 0.849 
0.41758  1.1777e+005  0.60213 0.79768 0.94255   0.00014 0.01468   0.943 0.602 0.848 
0.41858  1.1757e+005  0.60118 0.79694 0.94209   0.00014 0.01480   0.942 0.601 0.848 
0.41958  1.1737e+005  0.60048 0.79632 0.94167   0.00014 0.01491   0.942 0.600 0.847 
0.42058  1.1716e+005  0.60016 0.79581 0.94123   0.00014 0.01503   0.941 0.600 0.846 
0.42158  1.1696e+005  0.59867 0.79490 0.94077   0.00014 0.01515   0.941 0.599 0.845 
0.42257  1.1676e+005  0.59749 0.79408 0.94031   0.00014 0.01527   0.940 0.597 0.844 
0.42357  1.1656e+005  0.59631 0.79327 0.93985   0.00014 0.01539   0.940 0.596 0.844 
0.42457  1.1636e+005  0.59529 0.79251 0.93940   0.00014 0.01551   0.939 0.595 0.843 
0.42557  1.1615e+005  0.59506 0.79202 0.93894   0.00014 0.01563   0.939 0.595 0.842 
0.42657  1.1595e+005  0.59435 0.79136 0.93848   0.00014 0.01575   0.938 0.594 0.841 
0.42757  1.1575e+005  0.59317 0.79054 0.93801   0.00014 0.01587   0.938 0.593 0.840 
0.42857  1.1555e+005  0.59247 0.78987 0.93754   0.00014 0.01599   0.938 0.592 0.840 
0.42957  1.1535e+005  0.59239 0.78945 0.93711   0.00014 0.01611   0.937 0.592 0.839 
0.43057  1.1514e+005  0.59168 0.78879 0.93665   0.00014 0.01623   0.937 0.592 0.838 
0.43157  1.1494e+005  0.59090 0.78809 0.93617   0.00014 0.01635   0.936 0.591 0.837 
0.43256  1.1474e+005  0.59035 0.78748 0.93569   0.00014 0.01648   0.936 0.590 0.836 
0.43356  1.1454e+005  0.58917 0.78665 0.93522   0.00014 0.01660   0.935 0.589 0.836 
0.43456  1.1434e+005  0.58815 0.78588 0.93474   0.00014 0.01673   0.935 0.588 0.835 
0.43556  1.1413e+005  0.58752 0.78524 0.93426   0.00014 0.01686   0.934 0.588 0.834 
0.43656  1.1393e+005  0.58634 0.78441 0.93377   0.00014 0.01698   0.934 0.586 0.833 
0.43756  1.1373e+005  0.58556 0.78371 0.93329   0.00014 0.01711   0.933 0.586 0.832 
0.43856  1.1353e+005  0.58446 0.78291 0.93280   0.00014 0.01724   0.933 0.584 0.831 
0.43956  1.1333e+005  0.58367 0.78220 0.93231   0.00014 0.01737   0.932 0.584 0.831 
0.44056  1.1312e+005  0.58234 0.78132 0.93181   0.00014 0.01750   0.932 0.582 0.830 
0.44156  1.1292e+005  0.58092 0.78041 0.93132   0.00014 0.01763   0.931 0.581 0.829 
0.44255  1.1272e+005  0.58022 0.77973 0.93082   0.00014 0.01776   0.931 0.580 0.828 
0.44355  1.1252e+005  0.57927 0.77897 0.93033   0.00014 0.01789   0.930 0.579 0.827 
0.44455  1.1232e+005  0.57896 0.77846 0.92987   0.00014 0.01801   0.930 0.579 0.827 
0.44555  1.1211e+005  0.57778 0.77762 0.92937   0.00014 0.01814   0.929 0.578 0.826 
0.44655  1.1191e+005  0.57629 0.77668 0.92887   0.00014 0.01828   0.929 0.576 0.825 
0.44755  1.1171e+005  0.57535 0.77592 0.92836   0.00014 0.01841   0.928 0.575 0.824 
0.44855  1.1151e+005  0.57386 0.77497 0.92786   0.00014 0.01855   0.928 0.574 0.823 
0.44955  1.1131e+005  0.57299 0.77423 0.92735   0.00015 0.01868   0.927 0.573 0.822 
0.45055  1.111e+005  0.57127 0.77321 0.92684   0.00015 0.01882   0.927 0.571 0.822 
0.45154  1.109e+005  0.57001 0.77234 0.92632   0.00015 0.01895   0.926 0.570 0.821 
0.45254  1.107e+005  0.56891 0.77152 0.92581   0.00015 0.01909   0.926 0.569 0.820 
0.45354  1.105e+005  0.56710 0.77046 0.92529   0.00015 0.01922   0.925 0.567 0.819 
0.45454  1.103e+005  0.56585 0.76959 0.92477   0.00015 0.01936   0.925 0.566 0.818 
0.45554  1.1009e+005  0.56436 0.76863 0.92425   0.00015 0.01950   0.924 0.564 0.817 
0.45654  1.0989e+005  0.56263 0.76760 0.92373   0.00015 0.01964   0.924 0.563 0.816 
0.45754  1.0969e+005  0.56051 0.76644 0.92320   0.00015 0.01978   0.923 0.561 0.816 
0.45854  1.0949e+005  0.55941 0.76561 0.92267   0.00015 0.01992   0.923 0.559 0.815 
0.45954  1.0929e+005  0.55799 0.76468 0.92214   0.00015 0.02006   0.922 0.558 0.814 
0.46054  1.0908e+005  0.55713 0.76392 0.92161   0.00015 0.02020   0.922 0.557 0.813 
0.46153  1.0888e+005  0.55580 0.76301 0.92107   0.00015 0.02034   0.921 0.556 0.812 
0.46253  1.0868e+005  0.55478 0.76220 0.92053   0.00015 0.02049   0.921 0.555 0.811 
0.46353  1.0848e+005  0.55305 0.76116 0.91999   0.00015 0.02063   0.920 0.553 0.810 
0.46453  1.0828e+005  0.55179 0.76027 0.91945   0.00015 0.02078   0.919 0.552 0.810 
0.46553  1.0807e+005  0.55053 0.75938 0.91891   0.00015 0.02092   0.919 0.551 0.809 
0.46653  1.0787e+005  0.54881 0.75833 0.91836   0.00015 0.02107   0.918 0.549 0.808 
0.46753  1.0767e+005  0.54755 0.75743 0.91781   0.00015 0.02121   0.918 0.548 0.807 
0.46853  1.0747e+005  0.54661 0.75664 0.91726   0.00015 0.02136   0.917 0.547 0.806 
0.46953  1.0727e+005  0.54543 0.75578 0.91671   0.00015 0.02151   0.917 0.545 0.805 
0.47053  1.0706e+005  0.54425 0.75490 0.91615   0.00015 0.02165   0.916 0.544 0.804 
0.47152  1.0686e+005  0.54300 0.75400 0.91560   0.00015 0.02180   0.916 0.543 0.803 
0.47252  1.0666e+005  0.54205 0.75321 0.91504   0.00015 0.02195   0.915 0.542 0.803 
0.47352  1.0646e+005  0.54103 0.75238 0.91448   0.00015 0.02210   0.914 0.541 0.802 
0.47452  1.0626e+005  0.53978 0.75149 0.91392   0.00015 0.02225   0.914 0.540 0.801 
0.47552  1.0605e+005  0.53868 0.75063 0.91335   0.00015 0.02240   0.913 0.539 0.800 
0.47652  1.0585e+005  0.53703 0.74960 0.91279   0.00015 0.02256   0.913 0.537 0.799 
0.47752  1.0565e+005  0.53640 0.74890 0.91222   0.00015 0.02271   0.912 0.536 0.798 
0.47852  1.0545e+005  0.53499 0.74794 0.91165   0.00015 0.02286   0.912 0.535 0.797 
0.47952  1.0525e+005  0.53452 0.74730 0.91110   0.00015 0.02301   0.911 0.535 0.796 
0.48052  1.0504e+005  0.53365 0.74652 0.91052   0.00015 0.02316   0.911 0.534 0.795 
0.48151  1.0484e+005  0.53216 0.74553 0.90995   0.00016 0.02332   0.910 0.532 0.794 
0.48251  1.0464e+005  0.53130 0.74475 0.90937   0.00016 0.02347   0.909 0.531 0.794 
0.48351  1.0444e+005  0.52941 0.74363 0.90879   0.00016 0.02363   0.909 0.529 0.793 
0.48451  1.0424e+005  0.52863 0.74287 0.90821   0.00016 0.02378   0.908 0.529 0.792 
0.48551  1.0403e+005  0.52721 0.74191 0.90763   0.00016 0.02394   0.908 0.527 0.791 
0.48651  1.0383e+005  0.52611 0.74104 0.90704   0.00016 0.02410   0.907 0.526 0.790 
0.48751  1.0363e+005  0.52486 0.74012 0.90646   0.00016 0.02425   0.906 0.525 0.789 
0.48851  1.0343e+005  0.52368 0.73923 0.90586   0.00016 0.02441   0.906 0.524 0.788 
0.48951  1.0323e+005  0.52242 0.73831 0.90527   0.00016 0.02457   0.905 0.522 0.787 
0.49050  1.0302e+005  0.52132 0.73744 0.90468   0.00016 0.02473   0.905 0.521 0.786 
0.49150  1.0282e+005  0.52030 0.73660 0.90408   0.00016 0.02489   0.904 0.520 0.785 
0.49250  1.0262e+005  0.52022 0.73621 0.90370   0.00016 0.02500   0.904 0.520 0.785 
0.49350  1.0242e+005  0.52022 0.73582 0.90329   0.00016 0.02511   0.903 0.520 0.784 
0.49450  1.0222e+005  0.52007 0.73531 0.90277   0.00016 0.02525   0.903 0.520 0.783 
0.49550  1.0201e+005  0.51944 0.73460 0.90218   0.00016 0.02541   0.902 0.519 0.782 
0.49650  1.0181e+005  0.51810 0.73365 0.90158   0.00016 0.02557   0.902 0.518 0.781 
0.49750  1.0161e+005  0.51708 0.73280 0.90097   0.00016 0.02573   0.901 0.517 0.780 
0.49850  1.0141e+005  0.51598 0.73195 0.90042   0.00016 0.02588   0.900 0.516 0.779 
0.49950  1.0121e+005  0.51598 0.73148 0.89988   0.00016 0.02603   0.900 0.516 0.779 
0.50049  1.01e+005   0.51591 0.73095 0.89930   0.00016 0.02619   0.899 0.516 0.778 
0.50149  1.008e+005  0.51441 0.72995 0.89869   0.00016 0.02635   0.899 0.514 0.777 
0.50249  1.006e+005  0.51347 0.72912 0.89808   0.00016 0.02652   0.898 0.513 0.776 
0.50349  1.004e+005  0.51214 0.72816 0.89747   0.00016 0.02668   0.897 0.512 0.775 
0.50449  1.002e+005  0.51174 0.72765 0.89706   0.00016 0.02679   0.897 0.512 0.774 
0.50549  99994       0.51174 0.72720 0.89654   0.00016 0.02693   0.897 0.512 0.773 
0.50649  99792       0.51112 0.72647 0.89593   0.00016 0.02710   0.896 0.511 0.772 
0.50749  99590       0.50939 0.72538 0.89531   0.00016 0.02727   0.895 0.509 0.771 
0.50849  99388       0.50790 0.72436 0.89470   0.00016 0.02743   0.895 0.508 0.771 
0.50949  99186       0.50703 0.72356 0.89408   0.00016 0.02760   0.894 0.507 0.770 
0.51048  98984       0.50585 0.72265 0.89345   0.00016 0.02777   0.893 0.506 0.769 
0.51148  98782       0.50460 0.72171 0.89283   0.00016 0.02794   0.893 0.505 0.768 
0.51248  98580       0.50381 0.72092 0.89220   0.00016 0.02811   0.892 0.504 0.767 
0.51348  98378       0.50311 0.72016 0.89157   0.00016 0.02828   0.892 0.503 0.766 
0.51448  98176       0.50161 0.71914 0.89094   0.00016 0.02846   0.891 0.502 0.765 
0.51548  97974       0.50036 0.71820 0.89031   0.00016 0.02863   0.890 0.500 0.764 
0.51648  97772       0.49832 0.71699 0.88967   0.00016 0.02880   0.890 0.498 0.763 
0.51748  97570       0.49690 0.71600 0.88904   0.00016 0.02898   0.889 0.497 0.762 
0.51848  97368       0.49580 0.71510 0.88839   0.00016 0.02915   0.888 0.496 0.761 
0.51947  97166       0.49494 0.71428 0.88775   0.00016 0.02933   0.888 0.495 0.760 
0.52047  96964       0.49439 0.71356 0.88711   0.00016 0.02950   0.887 0.494 0.759 
0.52147  96762       0.49360 0.71277 0.88647   0.00016 0.02968   0.886 0.494 0.758 
0.52247  96560       0.49227 0.71178 0.88582   0.00016 0.02986   0.886 0.492 0.757 
0.52347  96358       0.49101 0.71083 0.88516   0.00017 0.03004   0.885 0.491 0.756 
0.52447  96156       0.49031 0.71006 0.88452   0.00017 0.03021   0.885 0.490 0.755 
0.52547  95954       0.48897 0.70907 0.88386   0.00017 0.03039   0.884 0.489 0.754 
0.52647  95752       0.48795 0.70819 0.88320   0.00017 0.03057   0.883 0.488 0.753 
0.52747  95550       0.48662 0.70720 0.88254   0.00017 0.03075   0.883 0.487 0.752 
0.52847  95348       0.48575 0.70637 0.88188   0.00017 0.03094   0.882 0.486 0.751 
0.52946  95146       0.48497 0.70556 0.88121   0.00017 0.03112   0.881 0.485 0.750 
0.53046  94944       0.48395 0.70467 0.88054   0.00017 0.03130   0.881 0.484 0.750 
0.53146  94742       0.48285 0.70375 0.87987   0.00017 0.03149   0.880 0.483 0.749 
0.53246  94540       0.48159 0.70278 0.87920   0.00017 0.03167   0.879 0.482 0.748 
0.53346  94338       0.48033 0.70181 0.87852   0.00017 0.03186   0.879 0.480 0.747 
0.53446  94136       0.47955 0.70099 0.87784   0.00017 0.03205   0.878 0.480 0.746 
0.53546  93934       0.47821 0.70000 0.87716   0.00017 0.03224   0.877 0.478 0.745 
0.53646  93732       0.47727 0.69912 0.87647   0.00017 0.03242   0.876 0.477 0.744 
0.53746  93530       0.47649 0.69830 0.87579   0.00017 0.03261   0.876 0.476 0.743 
0.53846  93328       0.47531 0.69735 0.87509   0.00017 0.03281   0.875 0.475 0.742 
0.53945  93126       0.47405 0.69636 0.87440   0.00017 0.03300   0.874 0.474 0.741 
0.54045  92924       0.47287 0.69541 0.87370   0.00017 0.03319   0.874 0.473 0.740 
0.54145  92722       0.47193 0.69453 0.87300   0.00017 0.03338   0.873 0.472 0.739 
0.54245  92520       0.47185 0.69412 0.87258   0.00017 0.03350   0.873 0.472 0.738 
0.54345  92318       0.47185 0.69365 0.87203   0.00017 0.03365   0.872 0.472 0.737 
0.54445  92116       0.47170 0.69305 0.87135   0.00017 0.03384   0.871 0.472 0.736 
0.54545  91914       0.47130 0.69238 0.87070   0.00017 0.03402   0.871 0.471 0.735 
0.54645  91712       0.47123 0.69180 0.87003   0.00017 0.03421   0.870 0.471 0.734 
0.54745  91510       0.47060 0.69101 0.86932   0.00017 0.03441   0.869 0.471 0.733 
0.54845  91308       0.46981 0.69018 0.86861   0.00017 0.03460   0.869 0.470 0.732 
0.54944  91106       0.46918 0.68939 0.86790   0.00017 0.03480   0.868 0.469 0.731 
0.55044  90904       0.46824 0.68850 0.86719   0.00017 0.03500   0.867 0.468 0.730 
0.55144  90702       0.46746 0.68766 0.86647   0.00017 0.03520   0.866 0.467 0.729 
0.55244  90500       0.46636 0.68672 0.86575   0.00017 0.03540   0.866 0.466 0.728 
0.55344  90298       0.46565 0.68593 0.86506   0.00017 0.03559   0.865 0.466 0.727 
0.55444  90096       0.46479 0.68506 0.86434   0.00017 0.03579   0.864 0.465 0.726 
0.55544  89894       0.46424 0.68430 0.86361   0.00017 0.03599   0.864 0.464 0.725 
0.55644  89692       0.46322 0.68338 0.86288   0.00017 0.03620   0.863 0.463 0.724 
0.55744  89490       0.46219 0.68245 0.86215   0.00017 0.03640   0.862 0.462 0.723 
0.55843  89288       0.46172 0.68174 0.86145   0.00017 0.03660   0.861 0.462 0.722 
0.55943  89086       0.46094 0.68091 0.86074   0.00017 0.03680   0.861 0.461 0.721 
0.56043  88884       0.45976 0.67993 0.86000   0.00017 0.03700   0.860 0.460 0.720 
0.56143  88682       0.45850 0.67892 0.85926   0.00017 0.03721   0.859 0.459 0.719 
0.56243  88480       0.45733 0.67794 0.85852   0.00017 0.03742   0.859 0.457 0.718 
0.56343  88278       0.45662 0.67711 0.85777   0.00017 0.03763   0.858 0.457 0.717 
0.56443  88076       0.45560 0.67618 0.85703   0.00017 0.03784   0.857 0.456 0.716 
0.56543  87874       0.45489 0.67535 0.85627   0.00017 0.03805   0.856 0.455 0.715 
0.56643  87672       0.45395 0.67444 0.85552   0.00018 0.03826   0.856 0.454 0.714 
0.56743  87470       0.45285 0.67347 0.85476   0.00018 0.03847   0.855 0.453 0.713 
0.56842  87268       0.45159 0.67246 0.85400   0.00018 0.03869   0.854 0.452 0.712 
0.56942  87066       0.45089 0.67163 0.85325   0.00018 0.03890   0.853 0.451 0.711 
0.57042  86864       0.45010 0.67077 0.85249   0.00018 0.03911   0.852 0.450 0.710 
0.57142  86662       0.44955 0.66998 0.85172   0.00018 0.03933   0.852 0.450 0.709 
0.57242  86460       0.44924 0.66928 0.85097   0.00018 0.03954   0.851 0.449 0.708 
0.57342  86258       0.44790 0.66823 0.85020   0.00018 0.03976   0.850 0.448 0.707 
0.57442  86056       0.44696 0.66731 0.84943   0.00018 0.03998   0.849 0.447 0.706 
0.57542  85854       0.44625 0.66647 0.84866   0.00018 0.04020   0.849 0.446 0.704 
0.57642  85652       0.44570 0.66567 0.84788   0.00018 0.04042   0.848 0.446 0.703 
0.57742  85450       0.44453 0.66467 0.84710   0.00018 0.04064   0.847 0.445 0.702 
0.57841  85248       0.44311 0.66359 0.84631   0.00018 0.04086   0.846 0.443 0.701 
0.57941  85046       0.44217 0.66266 0.84553   0.00018 0.04108   0.846 0.442 0.700 
0.58041  84844       0.44154 0.66183 0.84475   0.00018 0.04130   0.845 0.442 0.699 
0.58141  84642       0.44084 0.66097 0.84396   0.00018 0.04153   0.844 0.441 0.698 
0.58241  84440       0.43982 0.66001 0.84316   0.00018 0.04175   0.843 0.440 0.697 
0.58341  84238       0.43872 0.65903 0.84237   0.00018 0.04198   0.842 0.439 0.696 
0.58441  84036       0.43770 0.65806 0.84157   0.00018 0.04221   0.842 0.438 0.695 
0.58541  83834       0.43652 0.65705 0.84077   0.00018 0.04243   0.841 0.437 0.694 
0.58641  83632       0.43503 0.65593 0.83996   0.00018 0.04266   0.840 0.435 0.693 
0.58741  83430       0.43385 0.65491 0.83916   0.00018 0.04289   0.839 0.434 0.692 
0.58840  83228       0.43322 0.65406 0.83835   0.00018 0.04312   0.838 0.433 0.691 
0.58940  83026       0.43188 0.65299 0.83753   0.00018 0.04336   0.838 0.432 0.690 
0.59040  82824       0.43063 0.65194 0.83672   0.00018 0.04359   0.837 0.431 0.688 
0.59140  82622       0.42961 0.65096 0.83590   0.00018 0.04382   0.836 0.430 0.687 
0.59240  82420       0.42843 0.64993 0.83508   0.00018 0.04406   0.835 0.428 0.686 
0.59340  82218       0.42819 0.64931 0.83438   0.00018 0.04426   0.834 0.428 0.685 
0.59440  82016       0.42725 0.64835 0.83355   0.00018 0.04449   0.834 0.427 0.684 
0.59540  81814       0.42576 0.64722 0.83273   0.00018 0.04473   0.833 0.426 0.683 
0.59640  81612       0.42419 0.64605 0.83189   0.00018 0.04497   0.832 0.424 0.682 
0.59739  81410       0.42333 0.64512 0.83106   0.00018 0.04521   0.831 0.423 0.681 
0.59839  81208       0.42215 0.64408 0.83022   0.00018 0.04545   0.830 0.422 0.680 
0.59939  81006       0.42073 0.64296 0.82938   0.00018 0.04569   0.829 0.421 0.679 
0.60039  80804       0.42003 0.64208 0.82854   0.00018 0.04593   0.829 0.420 0.678 
0.60139  80602       0.41861 0.64096 0.82770   0.00019 0.04618   0.828 0.419 0.677 
0.60239  80400       0.41806 0.64012 0.82685   0.00019 0.04642   0.827 0.418 0.675 
0.60339  80198       0.41799 0.63951 0.82610   0.00019 0.04664   0.826 0.418 0.674 
0.60439  79996       0.41736 0.63864 0.82525   0.00019 0.04688   0.825 0.417 0.673 
0.60539  79794       0.41642 0.63767 0.82440   0.00019 0.04713   0.824 0.416 0.672 
0.60639  79592       0.41532 0.63665 0.82354   0.00019 0.04738   0.824 0.415 0.671 
0.60738  79390       0.41398 0.63555 0.82268   0.00019 0.04763   0.823 0.414 0.670 
0.60838  79188       0.41257 0.63442 0.82181   0.00019 0.04788   0.822 0.413 0.669 
0.60938  78986       0.41194 0.63354 0.82094   0.00019 0.04813   0.821 0.412 0.668 
0.61038  78784       0.41068 0.63246 0.82007   0.00019 0.04838   0.820 0.411 0.667 
0.61138  78582       0.40974 0.63148 0.81920   0.00019 0.04863   0.819 0.410 0.666 
0.61238  78380       0.40848 0.63040 0.81832   0.00019 0.04889   0.818 0.408 0.664 
0.61338  78178       0.40738 0.62936 0.81744   0.00019 0.04914   0.817 0.407 0.663 
0.61438  77976       0.40605 0.62825 0.81656   0.00019 0.04940   0.817 0.406 0.662 
0.61538  77774       0.40464 0.62711 0.81567   0.00019 0.04966   0.816 0.405 0.661 
0.61638  77572       0.40354 0.62607 0.81478   0.00019 0.04992   0.815 0.404 0.660 
0.61737  77370       0.40299 0.62520 0.81389   0.00019 0.05018   0.814 0.403 0.659 
0.61837  77168       0.40220 0.62426 0.81299   0.00019 0.05044   0.813 0.402 0.658 
0.61937  76966       0.40087 0.62314 0.81209   0.00019 0.05070   0.812 0.401 0.656 
0.62037  76764       0.39985 0.62211 0.81119   0.00019 0.05097   0.811 0.400 0.655 
0.62137  76562       0.39843 0.62097 0.81029   0.00019 0.05123   0.810 0.398 0.654 
0.62237  76360       0.39765 0.62002 0.80938   0.00019 0.05150   0.809 0.398 0.653 
0.62337  76158       0.39702 0.61912 0.80846   0.00019 0.05177   0.808 0.397 0.652 
0.62437  75956       0.39616 0.61813 0.80755   0.00019 0.05204   0.808 0.396 0.651 
0.62537  75754       0.39553 0.61723 0.80663   0.00019 0.05231   0.807 0.396 0.650 
0.62636  75552       0.39388 0.61599 0.80570   0.00019 0.05258   0.806 0.394 0.648 
0.62736  75350       0.39301 0.61500 0.80478   0.00019 0.05285   0.805 0.393 0.647 
0.62836  75148       0.39223 0.61404 0.80384   0.00019 0.05312   0.804 0.392 0.646 
0.62936  74946       0.39137 0.61305 0.80291   0.00019 0.05340   0.803 0.391 0.645 
0.63036  74744       0.38964 0.61178 0.80197   0.00019 0.05368   0.802 0.390 0.644 
0.63136  74542       0.38877 0.61078 0.80103   0.00019 0.05395   0.801 0.389 0.643 
0.63236  74340       0.38752 0.60966 0.80008   0.00019 0.05423   0.800 0.388 0.641 
0.63336  74138       0.38634 0.60856 0.79914   0.00020 0.05451   0.799 0.386 0.640 
0.63436  73936       0.38508 0.60744 0.79819   0.00020 0.05480   0.798 0.385 0.639 
0.63536  73734       0.38383 0.60630 0.79723   0.00020 0.05508   0.797 0.384 0.638 
0.63635  73532       0.38304 0.60533 0.79627   0.00020 0.05536   0.796 0.383 0.637 
0.63735  73330       0.38186 0.60422 0.79531   0.00020 0.05565   0.795 0.382 0.635 
0.63835  73128       0.38077 0.60313 0.79434   0.00020 0.05594   0.794 0.381 0.634 
0.63935  72926       0.37974 0.60207 0.79337   0.00020 0.05623   0.793 0.380 0.633 
0.64035  72724       0.37872 0.60101 0.79239   0.00020 0.05652   0.792 0.379 0.632 
0.64135  72522       0.37755 0.59990 0.79141   0.00020 0.05681   0.791 0.378 0.631 
0.64235  72320       0.37535 0.59846 0.79045   0.00020 0.05709   0.790 0.375 0.630 
0.64335  72118       0.37480 0.59754 0.78946   0.00020 0.05739   0.789 0.375 0.628 
0.64435  71916       0.37378 0.59647 0.78847   0.00020 0.05768   0.788 0.374 0.627 
0.64535  71714       0.37291 0.59545 0.78748   0.00020 0.05798   0.787 0.373 0.626 
0.64634  71512       0.37181 0.59435 0.78648   0.00020 0.05828   0.786 0.372 0.625 
0.64734  71310       0.37064 0.59324 0.78549   0.00020 0.05858   0.785 0.371 0.624 
0.64834  71108       0.37056 0.59251 0.78456   0.00020 0.05886   0.785 0.371 0.622 
0.64934  70906       0.36961 0.59146 0.78355   0.00020 0.05916   0.784 0.370 0.621 
0.65034  70704       0.36867 0.59040 0.78254   0.00020 0.05946   0.783 0.369 0.620 
0.65134  70502       0.36749 0.58927 0.78153   0.00020 0.05977   0.782 0.367 0.619 
0.65234  70300       0.36663 0.58823 0.78051   0.00020 0.06007   0.781 0.367 0.618 
0.65334  70098       0.36600 0.58727 0.77949   0.00020 0.06038   0.779 0.366 0.616 
0.65434  69896       0.36459 0.58605 0.77846   0.00020 0.06069   0.778 0.365 0.615 
0.65534  69694       0.36357 0.58496 0.77743   0.00020 0.06100   0.777 0.364 0.614 
0.65633  69492       0.36215 0.58374 0.77640   0.00020 0.06131   0.776 0.362 0.613 
0.65733  69290       0.36121 0.58267 0.77536   0.00020 0.06163   0.775 0.361 0.611 
0.65833  69088       0.35988 0.58147 0.77432   0.00020 0.06194   0.774 0.360 0.610 
0.65933  68886       0.35901 0.58041 0.77327   0.00020 0.06226   0.773 0.359 0.609 
0.66033  68684       0.35776 0.57923 0.77222   0.00020 0.06258   0.772 0.358 0.608 
0.66133  68482       0.35697 0.57820 0.77117   0.00020 0.06290   0.771 0.357 0.606 
0.66233  68280       0.35564 0.57699 0.77011   0.00021 0.06322   0.770 0.356 0.605 
0.66333  68078       0.35509 0.57604 0.76905   0.00021 0.06354   0.769 0.355 0.604 
0.66433  67876       0.35430 0.57500 0.76799   0.00021 0.06387   0.768 0.354 0.603 
0.66532  67674       0.35344 0.57394 0.76692   0.00021 0.06419   0.767 0.353 0.601 
0.66632  67472       0.35281 0.57295 0.76584   0.00021 0.06452   0.766 0.353 0.600 
0.66732  67270       0.35179 0.57184 0.76477   0.00021 0.06485   0.765 0.352 0.599 
0.66832  67068       0.35100 0.57079 0.76369   0.00021 0.06518   0.764 0.351 0.598 
0.66932  66866       0.35030 0.56978 0.76260   0.00021 0.06551   0.763 0.350 0.596 
0.67032  66664       0.34928 0.56865 0.76151   0.00021 0.06585   0.762 0.349 0.595 
0.67132  66462       0.34826 0.56753 0.76042   0.00021 0.06618   0.760 0.348 0.594 
0.67232  66260       0.34716 0.56637 0.75932   0.00021 0.06652   0.759 0.347 0.593 
0.67332  66058       0.34637 0.56532 0.75822   0.00021 0.06686   0.758 0.346 0.591 
0.67432  65856       0.34527 0.56416 0.75711   0.00021 0.06720   0.757 0.345 0.590 
0.67531  65654       0.34496 0.56327 0.75602   0.00021 0.06753   0.756 0.345 0.589 
0.67631  65452       0.34409 0.56219 0.75491   0.00021 0.06788   0.755 0.344 0.588 
0.67731  65250       0.34339 0.56116 0.75380   0.00021 0.06822   0.754 0.343 0.586 
0.67831  65048       0.34245 0.56004 0.75268   0.00021 0.06857   0.753 0.342 0.585 
0.67931  64846       0.34166 0.55898 0.75155   0.00021 0.06891   0.752 0.342 0.584 
0.68031  64644       0.34080 0.55788 0.75042   0.00021 0.06926   0.750 0.341 0.582 
0.68131  64442       0.34025 0.55689 0.74929   0.00021 0.06961   0.749 0.340 0.581 
0.68231  64240       0.33907 0.55569 0.74816   0.00021 0.06997   0.748 0.339 0.580 
0.68331  64038       0.33836 0.55465 0.74701   0.00021 0.07032   0.747 0.338 0.579 
0.68431  63836       0.33750 0.55354 0.74587   0.00021 0.07068   0.746 0.337 0.577 
0.68530  63634       0.33679 0.55249 0.74472   0.00021 0.07104   0.745 0.337 0.576 
0.68630  63432       0.33569 0.55130 0.74356   0.00021 0.07140   0.744 0.336 0.575 
0.68730  63230       0.33514 0.55038 0.74254   0.00021 0.07172   0.743 0.335 0.573 
0.68830  63028       0.33514 0.54993 0.74202   0.00021 0.07188   0.742 0.335 0.573 
0.68930  62826       0.33514 0.54941 0.74139   0.00021 0.07208   0.741 0.335 0.572 
0.69030  62624       0.33499 0.54876 0.74064   0.00021 0.07231   0.741 0.335 0.571 
0.69130  62422       0.33491 0.54808 0.73979   0.00021 0.07258   0.740 0.335 0.570 
0.69230  62220       0.33491 0.54740 0.73887   0.00021 0.07287   0.739 0.335 0.568 
0.69330  62018       0.33491 0.54666 0.73785   0.00021 0.07319   0.738 0.335 0.567 
0.69429  61816       0.33459 0.54575 0.73673   0.00021 0.07354   0.737 0.335 0.566 
0.69529  61614       0.33341 0.54454 0.73556   0.00021 0.07391   0.736 0.333 0.565 
0.69629  61412       0.33247 0.54340 0.73439   0.00021 0.07427   0.734 0.332 0.563 
0.69729  61210       0.33169 0.54231 0.73322   0.00021 0.07464   0.733 0.332 0.562 
0.69829  61008       0.33012 0.54097 0.73205   0.00022 0.07501   0.732 0.330 0.561 
0.69929  60806       0.32957 0.53995 0.73087   0.00022 0.07539   0.731 0.330 0.559 
0.70029  60604       0.32894 0.53890 0.72968   0.00022 0.07576   0.730 0.329 0.558 
0.70129  60402       0.32808 0.53777 0.72849   0.00022 0.07614   0.728 0.328 0.557 
0.70229  60200       0.32745 0.53672 0.72729   0.00022 0.07652   0.727 0.327 0.555 
0.70329  59998       0.32635 0.53551 0.72609   0.00022 0.07690   0.726 0.326 0.554 
0.70428  59796       0.32548 0.53438 0.72488   0.00022 0.07729   0.725 0.325 0.553 
0.70528  59594       0.32493 0.53335 0.72367   0.00022 0.07767   0.724 0.325 0.551 
0.70628  59392       0.32446 0.53234 0.72245   0.00022 0.07806   0.722 0.324 0.550 
0.70728  59190       0.32383 0.53127 0.72123   0.00022 0.07845   0.721 0.324 0.549 
0.70828  58988       0.32297 0.53013 0.72000   0.00022 0.07884   0.720 0.323 0.547 
0.70928  58786       0.32203 0.52896 0.71877   0.00022 0.07924   0.719 0.322 0.546 
0.71028  58584       0.32140 0.52788 0.71754   0.00022 0.07963   0.718 0.321 0.545 
0.71128  58382       0.32101 0.52689 0.71629   0.00022 0.08003   0.716 0.321 0.543 
0.71228  58180       0.32069 0.52591 0.71505   0.00022 0.08043   0.715 0.321 0.542 
0.71328  57978       0.31983 0.52475 0.71379   0.00022 0.08084   0.714 0.320 0.541 
0.71427  57776       0.31928 0.52369 0.71254   0.00022 0.08124   0.713 0.319 0.539 
0.71527  57574       0.31857 0.52258 0.71127   0.00022 0.08165   0.711 0.319 0.538 
0.71627  57372       0.31771 0.52141 0.71000   0.00022 0.08206   0.710 0.318 0.537 
0.71727  57170       0.31700 0.52029 0.70873   0.00022 0.08247   0.709 0.317 0.535 
0.71827  56968       0.31653 0.51926 0.70746   0.00022 0.08288   0.707 0.317 0.534 
0.71927  56766       0.31614 0.51824 0.70618   0.00022 0.08330   0.706 0.316 0.532 
0.72027  56564       0.31520 0.51704 0.70489   0.00022 0.08372   0.705 0.315 0.531 
0.72127  56362       0.31465 0.51596 0.70360   0.00022 0.08414   0.704 0.315 0.530 
0.72227  56160       0.31386 0.51481 0.70230   0.00022 0.08456   0.702 0.314 0.528 
0.72327  55958       0.31347 0.51378 0.70099   0.00022 0.08498   0.701 0.313 0.527 
0.72426  55756       0.31245 0.51254 0.69969   0.00022 0.08541   0.700 0.312 0.525 
0.72526  55554       0.31135 0.51128 0.69837   0.00022 0.08584   0.698 0.311 0.524 
0.72626  55352       0.31064 0.51014 0.69705   0.00022 0.08627   0.697 0.311 0.523 
0.72726  55150       0.30970 0.50892 0.69573   0.00022 0.08671   0.696 0.310 0.521 
0.72826  54948       0.30876 0.50769 0.69439   0.00022 0.08715   0.694 0.309 0.520 
0.72926  54746       0.30813 0.50657 0.69306   0.00023 0.08759   0.693 0.308 0.519 
0.73026  54544       0.30711 0.50531 0.69171   0.00023 0.08803   0.692 0.307 0.517 
0.73126  54342       0.30640 0.50416 0.69037   0.00023 0.08847   0.690 0.306 0.516 
0.73226  54140       0.30570 0.50300 0.68901   0.00023 0.08892   0.689 0.306 0.514 
0.73325  53938       0.30530 0.50194 0.68765   0.00023 0.08937   0.688 0.305 0.513 
0.73425  53736       0.30460 0.50078 0.68629   0.00023 0.08982   0.686 0.305 0.511 
0.73525  53534       0.30405 0.49967 0.68492   0.00023 0.09027   0.685 0.304 0.510 
0.73625  53332       0.30373 0.49863 0.68355   0.00023 0.09073   0.684 0.304 0.509 
0.73725  53130       0.30263 0.49733 0.68216   0.00023 0.09119   0.682 0.303 0.507 
0.73825  52928       0.30185 0.49614 0.68078   0.00023 0.09165   0.681 0.302 0.506 
0.73925  52726       0.30091 0.49488 0.67938   0.00023 0.09212   0.679 0.301 0.504 
0.74025  52524       0.30004 0.49365 0.67798   0.00023 0.09259   0.678 0.300 0.503 
0.74125  52322       0.29965 0.49257 0.67658   0.00023 0.09306   0.677 0.300 0.501 
0.74225  52120       0.29863 0.49128 0.67517   0.00023 0.09353   0.675 0.299 0.500 
0.74324  51918       0.29824 0.49020 0.67376   0.00023 0.09401   0.674 0.298 0.499 
0.74424  51716       0.29769 0.48906 0.67233   0.00023 0.09448   0.672 0.298 0.497 
0.74524  51514       0.29714 0.48792 0.67091   0.00023 0.09496   0.671 0.297 0.496 
0.74624  51312       0.29635 0.48670 0.66948   0.00023 0.09544   0.669 0.296 0.494 
0.74724  51110       0.29533 0.48540 0.66804   0.00023 0.09593   0.668 0.295 0.493 
0.74824  50908       0.29415 0.48404 0.66660   0.00023 0.09642   0.667 0.294 0.491 
0.74924  50706       0.29337 0.48281 0.66515   0.00023 0.09691   0.665 0.293 0.490 
0.75024  50504       0.29219 0.48144 0.66369   0.00023 0.09741   0.664 0.292 0.488 
0.75124  50302       0.29164 0.48028 0.66223   0.00023 0.09791   0.662 0.292 0.487 
0.75224  50100       0.29046 0.47891 0.66076   0.00023 0.09841   0.661 0.290 0.486 
0.75323  49898       0.28921 0.47751 0.65929   0.00023 0.09891   0.659 0.289 0.484 
0.75423  49696       0.28834 0.47624 0.65781   0.00024 0.09942   0.658 0.288 0.483 
0.75523  49494       0.28764 0.47502 0.65632   0.00024 0.09992   0.656 0.288 0.481 
0.75623  49292       0.28630 0.47359 0.65483   0.00024 0.10044   0.655 0.286 0.480 
0.75723  49090       0.28504 0.47218 0.65333   0.00024 0.10095   0.653 0.285 0.478 
0.75823  48888       0.28394 0.47082 0.65183   0.00024 0.10147   0.652 0.284 0.477 
0.75923  48686       0.28277 0.46943 0.65031   0.00024 0.10199   0.650 0.283 0.475 
0.76023  48484       0.28190 0.46814 0.64879   0.00024 0.10252   0.649 0.282 0.474 
0.76123  48282       0.28096 0.46682 0.64727   0.00024 0.10304   0.647 0.281 0.472 
0.76223  48080       0.27963 0.46537 0.64573   0.00024 0.10358   0.646 0.280 0.471 
0.76322  47878       0.27900 0.46414 0.64419   0.00024 0.10411   0.644 0.279 0.469 
0.76422  47676       0.27884 0.46315 0.64276   0.00024 0.10461   0.643 0.279 0.468 
0.76522  47474       0.27813 0.46190 0.64121   0.00024 0.10515   0.641 0.278 0.466 
0.76622  47272       0.27727 0.46059 0.63965   0.00024 0.10569   0.640 0.277 0.465 
0.76722  47070       0.27593 0.45912 0.63809   0.00024 0.10624   0.638 0.276 0.463 
0.76822  46868       0.27515 0.45783 0.63652   0.00024 0.10679   0.637 0.275 0.462 
0.76922  46666       0.27429 0.45651 0.63494   0.00024 0.10735   0.635 0.274 0.460 
0.77022  46464       0.27311 0.45509 0.63336   0.00024 0.10790   0.633 0.273 0.459 
0.77122  46262       0.27169 0.45358 0.63177   0.00024 0.10846   0.632 0.272 0.457 
0.77221  46060       0.27067 0.45220 0.63017   0.00024 0.10903   0.630 0.271 0.456 
0.77321  45858       0.26965 0.45082 0.62857   0.00024 0.10959   0.629 0.270 0.454 
0.77421  45656       0.26879 0.44948 0.62696   0.00024 0.11016   0.627 0.269 0.453 
0.77521  45454       0.26777 0.44809 0.62535   0.00025 0.11074   0.625 0.268 0.451 
0.77621  45252       0.26690 0.44675 0.62372   0.00025 0.11132   0.624 0.267 0.450 
0.77721  45050       0.26635 0.44550 0.62209   0.00025 0.11190   0.622 0.266 0.448 
0.77821  44848       0.26518 0.44406 0.62048   0.00025 0.11247   0.620 0.265 0.447 
0.77921  44646       0.26463 0.44284 0.61888   0.00025 0.11305   0.619 0.265 0.445 
0.78021  44444       0.26337 0.44135 0.61723   0.00025 0.11364   0.617 0.263 0.443 
0.78121  44242       0.26211 0.43987 0.61558   0.00025 0.11423   0.616 0.262 0.442 
0.78220  44040       0.26086 0.43838 0.61392   0.00025 0.11483   0.614 0.261 0.440 
0.78320  43838       0.25999 0.43702 0.61225   0.00025 0.11543   0.612 0.260 0.439 
0.78420  43636       0.25937 0.43572 0.61057   0.00025 0.11604   0.611 0.259 0.437 
0.78520  43434       0.25874 0.43443 0.60889   0.00025 0.11665   0.609 0.259 0.436 
0.78620  43232       0.25764 0.43298 0.60720   0.00025 0.11726   0.607 0.258 0.434 
0.78720  43030       0.25591 0.43132 0.60551   0.00025 0.11788   0.606 0.256 0.433 
0.78820  42828       0.25497 0.42991 0.60381   0.00025 0.11850   0.604 0.255 0.431 
0.78920  42626       0.25379 0.42842 0.60210   0.00025 0.11912   0.602 0.254 0.429 
0.79020  42424       0.25238 0.42685 0.60038   0.00025 0.11975   0.600 0.252 0.428 
0.79120  42222       0.25096 0.42528 0.59865   0.00025 0.12038   0.599 0.251 0.426 
0.79219  42020       0.24939 0.42365 0.59692   0.00025 0.12102   0.597 0.249 0.425 
0.79319  41818       0.24822 0.42215 0.59519   0.00026 0.12166   0.595 0.248 0.423 
0.79419  41616       0.24649 0.42046 0.59344   0.00026 0.12230   0.593 0.246 0.421 
0.79519  41414       0.24492 0.41883 0.59169   0.00026 0.12295   0.592 0.245 0.420 
0.79619  41212       0.24335 0.41719 0.58993   0.00026 0.12361   0.590 0.243 0.418 
0.79719  41010       0.24225 0.41570 0.58816   0.00026 0.12426   0.588 0.242 0.417 
0.79819  40808       0.24091 0.41413 0.58639   0.00026 0.12492   0.586 0.241 0.415 
0.79919  40606       0.23895 0.41235 0.58460   0.00026 0.12559   0.585 0.239 0.413 
0.80019  40404       0.23754 0.41074 0.58281   0.00026 0.12626   0.583 0.238 0.412 
0.80118  40202       0.23589 0.40905 0.58102   0.00026 0.12693   0.581 0.236 0.410 
0.80218  40000       0.23463 0.40749 0.57921   0.00026 0.12761   0.579 0.235 0.409 
0.80318  39798       0.23353 0.40598 0.57739   0.00026 0.12830   0.577 0.234 0.407 
0.80418  39596       0.23275 0.40456 0.57557   0.00026 0.12899   0.576 0.233 0.405 
0.80518  39394       0.23141 0.40296 0.57374   0.00026 0.12968   0.574 0.231 0.404 
0.80618  39192       0.23086 0.40165 0.57195   0.00026 0.13036   0.572 0.231 0.402 
0.80718  38990       0.23008 0.40023 0.57012   0.00026 0.13106   0.570 0.230 0.400 
0.80818  38788       0.22898 0.39870 0.56827   0.00027 0.13176   0.568 0.229 0.399 
0.80918  38586       0.22851 0.39741 0.56649   0.00027 0.13244   0.566 0.229 0.397 
0.81018  38384       0.22741 0.39587 0.56463   0.00027 0.13316   0.565 0.227 0.396 
0.81117  38182       0.22615 0.39428 0.56277   0.00027 0.13387   0.563 0.226 0.394 
0.81217  37980       0.22537 0.39284 0.56089   0.00027 0.13459   0.561 0.225 0.392 
0.81317  37778       0.22411 0.39124 0.55901   0.00027 0.13532   0.559 0.224 0.391 
0.81417  37576       0.22301 0.38969 0.55712   0.00027 0.13605   0.557 0.223 0.389 
0.81517  37374       0.22199 0.38816 0.55522   0.00027 0.13679   0.555 0.222 0.387 
0.81617  37172       0.22152 0.38681 0.55331   0.00027 0.13753   0.553 0.222 0.386 
0.81717  36970       0.22050 0.38527 0.55140   0.00027 0.13828   0.551 0.220 0.384 
0.81817  36768       0.21955 0.38375 0.54948   0.00027 0.13903   0.549 0.220 0.382 
0.81917  36566       0.21908 0.38238 0.54754   0.00027 0.13979   0.548 0.219 0.381 
0.82017  36364       0.21838 0.38093 0.54561   0.00027 0.14055   0.546 0.218 0.379 
0.82116  36162       0.21767 0.37950 0.54368   0.00027 0.14131   0.544 0.218 0.377 
0.82216  35960       0.21673 0.37796 0.54172   0.00027 0.14208   0.542 0.217 0.375 
0.82316  35758       0.21547 0.37633 0.53976   0.00027 0.14286   0.540 0.215 0.374 
0.82416  35556       0.21484 0.37489 0.53780   0.00028 0.14364   0.538 0.215 0.372 
0.82516  35354       0.21414 0.37343 0.53582   0.00028 0.14443   0.536 0.214 0.370 
0.82616  35152       0.21335 0.37194 0.53384   0.00028 0.14522   0.534 0.213 0.369 
0.82716  34950       0.21264 0.37046 0.53185   0.00028 0.14602   0.532 0.213 0.367 
0.82816  34748       0.21178 0.36893 0.52985   0.00028 0.14682   0.530 0.212 0.365 
0.82916  34546       0.21131 0.36758 0.52794   0.00028 0.14760   0.528 0.211 0.363 
0.83016  34344       0.21060 0.36610 0.52594   0.00028 0.14840   0.526 0.211 0.362 
0.83115  34142       0.21021 0.36472 0.52392   0.00028 0.14922   0.524 0.210 0.360 
0.83215  33940       0.20942 0.36321 0.52190   0.00028 0.15004   0.522 0.209 0.358 
0.83315  33738       0.20880 0.36174 0.51987   0.00028 0.15087   0.520 0.209 0.357 
0.83415  33536       0.20809 0.36027 0.51786   0.00028 0.15169   0.518 0.208 0.355 
0.83515  33334       0.20738 0.35877 0.51582   0.00028 0.15253   0.516 0.207 0.353 
0.83615  33132       0.20668 0.35727 0.51376   0.00028 0.15338   0.514 0.207 0.351 
0.83715  32930       0.20613 0.35581 0.51170   0.00028 0.15422   0.512 0.206 0.350 
0.83815  32728       0.20518 0.35423 0.50964   0.00028 0.15508   0.510 0.205 0.348 
0.83915  32526       0.20432 0.35266 0.50756   0.00028 0.15594   0.508 0.204 0.346 
0.84014  32324       0.20409 0.35134 0.50555   0.00028 0.15678   0.506 0.204 0.344 
0.84114  32122       0.20377 0.34995 0.50346   0.00028 0.15765   0.503 0.204 0.343 
0.84214  31920       0.20275 0.34832 0.50136   0.00029 0.15853   0.501 0.203 0.341 
0.84314  31718       0.20196 0.34677 0.49926   0.00029 0.15941   0.499 0.202 0.339 
0.84414  31516       0.20165 0.34536 0.49715   0.00029 0.16031   0.497 0.202 0.337 
0.84514  31314       0.20118 0.34391 0.49503   0.00029 0.16120   0.495 0.201 0.336 
0.84614  31112       0.20008 0.34227 0.49295   0.00029 0.16208   0.493 0.200 0.334 
0.84714  30910       0.19961 0.34080 0.49082   0.00029 0.16299   0.491 0.200 0.332 
0.84814  30708       0.19898 0.33929 0.48868   0.00029 0.16391   0.489 0.199 0.330 
0.84914  30506       0.19827 0.33774 0.48653   0.00029 0.16483   0.487 0.198 0.328 
0.85013  30304       0.19757 0.33620 0.48439   0.00029 0.16574   0.484 0.198 0.327 
0.85113  30102       0.19678 0.33462 0.48223   0.00029 0.16668   0.482 0.197 0.325 
0.85213  29900       0.19615 0.33314 0.48015   0.00029 0.16758   0.480 0.196 0.323 
0.85313  29698       0.19600 0.33181 0.47807   0.00029 0.16848   0.478 0.196 0.321 
0.85413  29496       0.19537 0.33027 0.47589   0.00029 0.16943   0.476 0.195 0.320 
0.85513  29294       0.19490 0.32878 0.47370   0.00029 0.17039   0.474 0.195 0.318 
0.85613  29092       0.19403 0.32716 0.47150   0.00029 0.17135   0.472 0.194 0.316 
0.85713  28890       0.19317 0.32553 0.46930   0.00030 0.17232   0.469 0.193 0.314 
0.85813  28688       0.19231 0.32390 0.46708   0.00030 0.17330   0.467 0.192 0.312 
0.85913  28486       0.19160 0.32232 0.46486   0.00030 0.17428   0.465 0.192 0.310 
0.86012  28284       0.19097 0.32075 0.46263   0.00030 0.17528   0.463 0.191 0.309 
0.86112  28082       0.19026 0.31916 0.46039   0.00030 0.17628   0.460 0.190 0.307 
0.86212  27880       0.18948 0.31754 0.45814   0.00030 0.17728   0.458 0.189 0.305 
0.86312  27678       0.18854 0.31587 0.45589   0.00030 0.17830   0.456 0.189 0.303 
0.86412  27476       0.18775 0.31424 0.45362   0.00030 0.17932   0.454 0.188 0.301 
0.86512  27274       0.18689 0.31258 0.45135   0.00030 0.18035   0.451 0.187 0.300 
0.86612  27072       0.18587 0.31087 0.44907   0.00030 0.18139   0.449 0.186 0.298 
0.86712  26870       0.18461 0.30908 0.44678   0.00030 0.18243   0.447 0.185 0.296 
0.86812  26668       0.18398 0.30749 0.44449   0.00030 0.18348   0.444 0.184 0.294 
0.86911  26466       0.18288 0.30574 0.44218   0.00030 0.18454   0.442 0.183 0.292 
0.87011  26264       0.18210 0.30409 0.43987   0.00031 0.18561   0.440 0.182 0.290 
0.87111  26062       0.18139 0.30246 0.43755   0.00031 0.18669   0.438 0.181 0.288 
0.87211  25860       0.18045 0.30075 0.43522   0.00031 0.18777   0.435 0.180 0.287 
0.87311  25658       0.17998 0.29919 0.43288   0.00031 0.18887   0.433 0.180 0.285 
0.87411  25456       0.17896 0.29744 0.43054   0.00031 0.18997   0.431 0.179 0.283 
0.87511  25254       0.17770 0.29562 0.42818   0.00031 0.19108   0.428 0.178 0.281 
0.87611  25052       0.17692 0.29395 0.42581   0.00031 0.19220   0.426 0.177 0.279 
0.87711  24850       0.17605 0.29224 0.42344   0.00031 0.19333   0.423 0.176 0.277 
0.87811  24648       0.17511 0.29051 0.42105   0.00031 0.19447   0.421 0.175 0.275 
0.87910  24446       0.17456 0.28889 0.41866   0.00031 0.19561   0.419 0.175 0.273 
0.88010  24244       0.17370 0.28717 0.41625   0.00031 0.19677   0.416 0.174 0.272 
0.88110  24042       0.17268 0.28540 0.41384   0.00031 0.19794   0.414 0.173 0.270 
0.88210  23840       0.17197 0.28372 0.41142   0.00032 0.19911   0.411 0.172 0.268 
0.88310  23638       0.17063 0.28184 0.40898   0.00032 0.20030   0.409 0.171 0.266 
0.88410  23436       0.16961 0.28005 0.40654   0.00032 0.20150   0.407 0.170 0.264 
0.88510  23234       0.16906 0.27851 0.40429   0.00032 0.20261   0.404 0.169 0.262 
0.88610  23032       0.16891 0.27712 0.40205   0.00032 0.20371   0.402 0.169 0.260 
0.88710  22830       0.16828 0.27545 0.39959   0.00032 0.20493   0.400 0.168 0.258 
0.88810  22628       0.16765 0.27377 0.39711   0.00032 0.20617   0.397 0.168 0.257 
0.88909  22426       0.16718 0.27215 0.39463   0.00032 0.20741   0.395 0.167 0.255 
0.89009  22224       0.16647 0.27043 0.39213   0.00032 0.20867   0.392 0.166 0.253 
0.89109  22022       0.16553 0.26863 0.38962   0.00032 0.20994   0.390 0.166 0.251 
0.89209  21820       0.16467 0.26686 0.38710   0.00032 0.21122   0.387 0.165 0.249 
0.89309  21618       0.16357 0.26500 0.38458   0.00032 0.21251   0.385 0.164 0.247 
0.89409  21416       0.16247 0.26314 0.38204   0.00033 0.21381   0.382 0.162 0.245 
0.89509  21214       0.16105 0.26117 0.37948   0.00033 0.21513   0.379 0.161 0.243 
0.89609  21012       0.15980 0.25924 0.37692   0.00033 0.21646   0.377 0.160 0.241 
0.89709  20810       0.15870 0.25739 0.37438   0.00033 0.21778   0.374 0.159 0.239 
0.89809  20608       0.15791 0.25563 0.37183   0.00033 0.21912   0.372 0.158 0.237 
0.89908  20406       0.15697 0.25379 0.36924   0.00033 0.22048   0.369 0.157 0.235 
0.90008  20204       0.15493 0.25159 0.36663   0.00033 0.22186   0.367 0.155 0.233 
0.90108  20002       0.15446 0.24990 0.36402   0.00033 0.22325   0.364 0.154 0.231 
0.90208  19800       0.15336 0.24799 0.36139   0.00033 0.22466   0.361 0.153 0.229 
0.90308  19598       0.15234 0.24611 0.35875   0.00034 0.22608   0.359 0.152 0.227 
0.90408  19396       0.15100 0.24412 0.35610   0.00034 0.22751   0.356 0.151 0.225 
0.90508  19194       0.15006 0.24225 0.35344   0.00034 0.22896   0.353 0.150 0.223 
0.90608  18992       0.14904 0.24035 0.35077   0.00034 0.23042   0.351 0.149 0.221 
0.90708  18790       0.14833 0.23855 0.34808   0.00034 0.23189   0.348 0.148 0.219 
0.90807  18588       0.14723 0.23662 0.34538   0.00034 0.23339   0.345 0.147 0.217 
0.90907  18386       0.14543 0.23444 0.34267   0.00034 0.23490   0.343 0.145 0.215 
0.91007  18184       0.14386 0.23234 0.33995   0.00034 0.23642   0.340 0.144 0.213 
0.91107  17982       0.14252 0.23031 0.33722   0.00035 0.23796   0.337 0.143 0.211 
0.91207  17780       0.14142 0.22835 0.33447   0.00035 0.23952   0.334 0.141 0.209 
0.91307  17578       0.14032 0.22638 0.33171   0.00035 0.24109   0.332 0.140 0.207 
0.91407  17376       0.13946 0.22449 0.32893   0.00035 0.24269   0.329 0.139 0.205 
0.91507  17174       0.13765 0.22228 0.32614   0.00035 0.24430   0.326 0.138 0.203 
0.91607  16972       0.13648 0.22027 0.32334   0.00035 0.24592   0.323 0.136 0.201 
0.91707  16770       0.13498 0.21815 0.32053   0.00035 0.24757   0.321 0.135 0.199 
0.91806  16568       0.13341 0.21600 0.31770   0.00035 0.24924   0.318 0.133 0.197 
0.91906  16366       0.13153 0.21374 0.31486   0.00036 0.25092   0.315 0.132 0.195 
0.92006  16164       0.13027 0.21169 0.31202   0.00036 0.25261   0.312 0.130 0.193 
0.92106  15962       0.12894 0.20959 0.30915   0.00036 0.25434   0.309 0.129 0.191 
0.92206  15760       0.12690 0.20726 0.30626   0.00036 0.25608   0.306 0.127 0.189 
0.92306  15558       0.12533 0.20508 0.30336   0.00036 0.25785   0.303 0.125 0.187 
0.92406  15356       0.12399 0.20297 0.30044   0.00036 0.25964   0.300 0.124 0.184 
0.92506  15154       0.12234 0.20074 0.29751   0.00037 0.26146   0.298 0.122 0.182 
0.92606  14952       0.12054 0.19846 0.29455   0.00037 0.26330   0.295 0.121 0.180 
0.92706  14750       0.11849 0.19609 0.29159   0.00037 0.26516   0.292 0.118 0.178 
0.92805  14548       0.11637 0.19369 0.28860   0.00037 0.26705   0.289 0.116 0.176 
0.92905  14346       0.11472 0.19143 0.28560   0.00037 0.26897   0.286 0.115 0.174 
0.93005  14144       0.11213 0.18886 0.28257   0.00037 0.27091   0.283 0.112 0.172 
0.93105  13942       0.10978 0.18636 0.27953   0.00038 0.27288   0.280 0.110 0.170 
0.93205  13740       0.10750 0.18387 0.27648   0.00038 0.27487   0.276 0.107 0.168 
0.93305  13538       0.10569 0.18153 0.27340   0.00038 0.27690   0.273 0.106 0.166 
0.93405  13336       0.10302 0.17890 0.27030   0.00038 0.27895   0.270 0.103 0.163 
0.93505  13134       0.10083 0.17641 0.26719   0.00039 0.28104   0.267 0.101 0.161 
0.93605  12932       0.09910 0.17406 0.26404   0.00039 0.28316   0.264 0.099 0.159 
0.93705  12730       0.09659 0.17145 0.26088   0.00039 0.28532   0.261 0.097 0.157 
0.93804  12528       0.09439 0.16893 0.25769   0.00039 0.28752   0.258 0.094 0.155 
0.93904  12326       0.09234 0.16644 0.25448   0.00039 0.28975   0.254 0.092 0.153 
0.94004  12124       0.09038 0.16398 0.25124   0.00040 0.29202   0.251 0.090 0.150 
0.94104  11922       0.08897 0.16168 0.24798   0.00040 0.29433   0.248 0.089 0.148 
0.94204  11720       0.08748 0.15935 0.24469   0.00040 0.29668   0.245 0.087 0.146 
0.94304  11518       0.08543 0.15682 0.24138   0.00040 0.29907   0.241 0.085 0.144 
0.94404  11316       0.08379 0.15442 0.23805   0.00041 0.30150   0.238 0.084 0.141 
0.94504  11114       0.08198 0.15195 0.23470   0.00041 0.30397   0.235 0.082 0.139 
0.94604  10912       0.08088 0.14970 0.23132   0.00041 0.30649   0.231 0.081 0.137 
0.94703  10710       0.07900 0.14719 0.22792   0.00041 0.30905   0.228 0.079 0.135 
0.94803  10508       0.07758 0.14482 0.22450   0.00041 0.31166   0.224 0.078 0.132 
0.94903  10306       0.07593 0.14239 0.22110   0.00042 0.31428   0.221 0.076 0.130 
0.95003  10104       0.07436 0.13994 0.21763   0.00042 0.31699   0.218 0.074 0.128 
0.95103  9902        0.07318 0.13761 0.21413   0.00042 0.31975   0.214 0.073 0.126 
0.95203  9700        0.07193 0.13525 0.21061   0.00042 0.32256   0.211 0.072 0.123 
0.95303  9498        0.07059 0.13285 0.20707   0.00043 0.32543   0.207 0.071 0.121 
0.95403  9296        0.06902 0.13036 0.20350   0.00043 0.32835   0.204 0.069 0.119 
0.95503  9094        0.06785 0.12799 0.19991   0.00043 0.33134   0.200 0.068 0.116 
0.95603  8892        0.06651 0.12557 0.19629   0.00043 0.33438   0.196 0.067 0.114 
0.95702  8690        0.06502 0.12307 0.19265   0.00044 0.33749   0.193 0.065 0.112 
0.95802  8488        0.06368 0.12062 0.18899   0.00044 0.34066   0.189 0.064 0.109 
0.95902  8286        0.06219 0.11809 0.18529   0.00044 0.34391   0.185 0.062 0.107 
0.96002  8084        0.06093 0.11563 0.18156   0.00044 0.34724   0.182 0.061 0.104 
0.96102  7882        0.05984 0.11323 0.17783   0.00045 0.35062   0.178 0.060 0.102 
0.96202  7680        0.05850 0.11073 0.17405   0.00045 0.35410   0.174 0.059 0.100 
0.96302  7478        0.05701 0.10816 0.17024   0.00045 0.35766   0.170 0.057 0.097 
0.96402  7276        0.05536 0.10552 0.16641   0.00046 0.36131   0.166 0.055 0.095 
0.96502  7074        0.05363 0.10284 0.16254   0.00046 0.36505   0.163 0.054 0.092 
0.96602  6872        0.05183 0.10013 0.15865   0.00046 0.36889   0.159 0.052 0.090 
0.96701  6670        0.05065 0.09761 0.15472   0.00047 0.37283   0.155 0.051 0.087 
0.96801  6468        0.04931 0.09502 0.15076   0.00047 0.37688   0.151 0.049 0.085 
0.96901  6266        0.04790 0.09240 0.14679   0.00047 0.38102   0.147 0.048 0.083 
0.97001  6064        0.04633 0.08971 0.14277   0.00048 0.38531   0.143 0.046 0.080 
0.97101  5862        0.04476 0.08700 0.13872   0.00048 0.38972   0.139 0.045 0.078 
0.97201  5660        0.04366 0.08444 0.13463   0.00048 0.39426   0.135 0.044 0.075 
0.97301  5458        0.04256 0.08186 0.13051   0.00049 0.39895   0.131 0.043 0.073 
0.97401  5256        0.04091 0.07908 0.12635   0.00049 0.40379   0.126 0.041 0.070 
0.97501  5054        0.03965 0.07641 0.12216   0.00050 0.40881   0.122 0.040 0.067 
0.97600  4852        0.03801 0.07360 0.11791   0.00050 0.41401   0.118 0.038 0.065 
0.97700  4650        0.03706 0.07100 0.11362   0.00050 0.41942   0.114 0.037 0.062 
0.97800  4448        0.03479 0.06794 0.10928   0.00051 0.42505   0.109 0.035 0.060 
0.97900  4246        0.03298 0.06500 0.10488   0.00052 0.43093   0.105 0.033 0.057 
0.98000  4044        0.03110 0.06202 0.10042   0.00052 0.43707   0.100 0.031 0.055 
0.98100  3842        0.03007 0.05929 0.09591   0.00053 0.44350   0.096 0.030 0.052 
0.98200  3640        0.02803 0.05620 0.09134   0.00053 0.45026   0.091 0.028 0.049 
0.98300  3438        0.02591 0.05306 0.08669   0.00054 0.45738   0.087 0.026 0.047 
0.98400  3236        0.02481 0.05021 0.08198   0.00054 0.46491   0.082 0.025 0.044 
0.98500  3034        0.02332 0.04722 0.07719   0.00055 0.47290   0.077 0.023 0.041 
0.98599  2832        0.02238 0.04435 0.07231   0.00056 0.48144   0.072 0.022 0.038 
0.98699  2630        0.02159 0.04151 0.06734   0.00056 0.49059   0.067 0.022 0.036 
0.98799  2428        0.02042 0.03849 0.06226   0.00057 0.50048   0.062 0.020 0.033 
0.98899  2226        0.01987 0.03564 0.05707   0.00058 0.51122   0.057 0.020 0.030 
0.98999  2024        0.01916 0.03268 0.05177   0.00059 0.52300   0.052 0.019 0.027 
0.99099  1822        0.01845 0.02967 0.04634   0.00060 0.53603   0.046 0.018 0.024 
0.99199  1620        0.01688 0.02630 0.04076   0.00061 0.55068   0.041 0.017 0.021 
0.99299  1418        0.01492 0.02273 0.03498   0.00062 0.56752   0.035 0.015 0.018 
0.99399  1216        0.01358 0.01933 0.02909   0.00063 0.58703   0.029 0.014 0.015 
0.99499  1014        0.01139 0.01555 0.02299   0.00065 0.61061   0.023 0.011 0.012 
0.99598  812         0.00777 0.01122 0.01668   0.00068 0.64064   0.017 0.008 0.009 
0.99698  610         0.00589 0.00858 0.01282   0.00070 0.66352   0.013 0.006 0.007 
0.99798  408         0.00416 0.00610 0.00918   0.00072 0.69050   0.009 0.004 0.005 
0.99898  206         0.00248 0.00332 0.00464   0.00076 0.73897   0.005 0.003 0.002 
0.99998  4           0.00005 0.00010 0.00011   0.00090 0.89857   0.000 0.000 0.000 
1.00000  0           0.00000 0.00000 0.00000   0.00100 1.00000   0.000 0.000 0.000 
