F-lost	   TF_cost	min-1	mean-1	max-1	w-mean-1	ext2-1	
0.0000	2.0202e+005	0.7590	0.7590	0.7590	0.7590	0.0666	
0.0010	2.0181e+005	0.7590	0.7590	0.7590	0.7590	0.0666	
0.0020	2.0161e+005	0.7590	0.7590	0.7590	0.7590	0.0666	
0.0030	2.0141e+005	0.7590	0.7590	0.7590	0.7590	0.0666	
0.0040	2.0121e+005	0.7590	0.7590	0.7590	0.7590	0.0666	
0.0050	2.0101e+005	0.7589	0.7589	0.7589	0.7589	0.0666	
0.0060	2.008e+005	0.7589	0.7589	0.7589	0.7589	0.0667	
0.0070	2.006e+005	0.7588	0.7588	0.7588	0.7588	0.0667	
0.0080	2.004e+005	0.7588	0.7588	0.7588	0.7588	0.0667	
0.0090	2.002e+005	0.7588	0.7588	0.7588	0.7588	0.0667	
0.0100	2e+005    	0.7587	0.7587	0.7587	0.7587	0.0667	
0.0110	1.9979e+005	0.7587	0.7587	0.7587	0.7587	0.0667	
0.0120	1.9959e+005	0.7586	0.7586	0.7586	0.7586	0.0667	
0.0130	1.9939e+005	0.7585	0.7585	0.7585	0.7585	0.0668	
0.0140	1.9919e+005	0.7585	0.7585	0.7585	0.7585	0.0668	
0.0150	1.9899e+005	0.7584	0.7584	0.7584	0.7584	0.0668	
0.0160	1.9878e+005	0.7583	0.7583	0.7583	0.7583	0.0668	
0.0170	1.9858e+005	0.7582	0.7582	0.7582	0.7582	0.0668	
0.0180	1.9838e+005	0.7582	0.7582	0.7582	0.7582	0.0669	
0.0190	1.9818e+005	0.7581	0.7581	0.7581	0.7581	0.0669	
0.0200	1.9798e+005	0.7580	0.7580	0.7580	0.7580	0.0669	
0.0210	1.9777e+005	0.7579	0.7579	0.7579	0.7579	0.0670	
0.0220	1.9757e+005	0.7578	0.7578	0.7578	0.7578	0.0670	
0.0230	1.9737e+005	0.7577	0.7577	0.7577	0.7577	0.0670	
0.0240	1.9717e+005	0.7576	0.7576	0.7576	0.7576	0.0670	
0.0250	1.9697e+005	0.7575	0.7575	0.7575	0.7575	0.0671	
0.0260	1.9676e+005	0.7574	0.7574	0.7574	0.7574	0.0671	
0.0270	1.9656e+005	0.7573	0.7573	0.7573	0.7573	0.0671	
0.0280	1.9636e+005	0.7572	0.7572	0.7572	0.7572	0.0672	
0.0290	1.9616e+005	0.7571	0.7571	0.7571	0.7571	0.0672	
0.0300	1.9596e+005	0.7570	0.7570	0.7570	0.7570	0.0672	
0.0310	1.9575e+005	0.7569	0.7569	0.7569	0.7569	0.0673	
0.0320	1.9555e+005	0.7568	0.7568	0.7568	0.7568	0.0673	
0.0330	1.9535e+005	0.7566	0.7566	0.7566	0.7566	0.0673	
0.0340	1.9515e+005	0.7565	0.7565	0.7565	0.7565	0.0674	
0.0350	1.9495e+005	0.7564	0.7564	0.7564	0.7564	0.0674	
0.0360	1.9474e+005	0.7563	0.7563	0.7563	0.7563	0.0675	
0.0370	1.9454e+005	0.7561	0.7561	0.7561	0.7561	0.0675	
0.0380	1.9434e+005	0.7560	0.7560	0.7560	0.7560	0.0675	
0.0390	1.9414e+005	0.7559	0.7559	0.7559	0.7559	0.0676	
0.0400	1.9394e+005	0.7558	0.7558	0.7558	0.7558	0.0676	
0.0410	1.9373e+005	0.7556	0.7556	0.7556	0.7556	0.0677	
0.0420	1.9353e+005	0.7555	0.7555	0.7555	0.7555	0.0677	
0.0430	1.9333e+005	0.7553	0.7553	0.7553	0.7553	0.0677	
0.0440	1.9313e+005	0.7552	0.7552	0.7552	0.7552	0.0678	
0.0450	1.9293e+005	0.7550	0.7550	0.7550	0.7550	0.0678	
0.0460	1.9272e+005	0.7549	0.7549	0.7549	0.7549	0.0679	
0.0470	1.9252e+005	0.7547	0.7547	0.7547	0.7547	0.0679	
0.0480	1.9232e+005	0.7546	0.7546	0.7546	0.7546	0.0680	
0.0490	1.9212e+005	0.7544	0.7544	0.7544	0.7544	0.0680	
0.0500	1.9192e+005	0.7543	0.7543	0.7543	0.7543	0.0681	
0.0510	1.9171e+005	0.7541	0.7541	0.7541	0.7541	0.0681	
0.0520	1.9151e+005	0.7540	0.7540	0.7540	0.7540	0.0682	
0.0530	1.9131e+005	0.7538	0.7538	0.7538	0.7538	0.0682	
0.0540	1.9111e+005	0.7536	0.7536	0.7536	0.7536	0.0683	
0.0550	1.9091e+005	0.7535	0.7535	0.7535	0.7535	0.0683	
0.0560	1.907e+005	0.7533	0.7533	0.7533	0.7533	0.0684	
0.0570	1.905e+005	0.7531	0.7531	0.7531	0.7531	0.0684	
0.0580	1.903e+005	0.7529	0.7529	0.7529	0.7529	0.0685	
0.0590	1.901e+005	0.7528	0.7528	0.7528	0.7528	0.0685	
0.0600	1.899e+005	0.7526	0.7526	0.7526	0.7526	0.0686	
0.0610	1.8969e+005	0.7525	0.7525	0.7525	0.7525	0.0686	
0.0620	1.8949e+005	0.7524	0.7524	0.7524	0.7524	0.0687	
0.0630	1.8929e+005	0.7523	0.7523	0.7523	0.7523	0.0687	
0.0640	1.8909e+005	0.7523	0.7523	0.7523	0.7523	0.0687	
0.0650	1.8889e+005	0.7522	0.7522	0.7522	0.7522	0.0687	
0.0660	1.8868e+005	0.7521	0.7521	0.7521	0.7521	0.0687	
0.0670	1.8848e+005	0.7521	0.7521	0.7521	0.7521	0.0688	
0.0680	1.8828e+005	0.7520	0.7520	0.7520	0.7520	0.0688	
0.0690	1.8808e+005	0.7519	0.7519	0.7519	0.7519	0.0688	
0.0700	1.8788e+005	0.7518	0.7518	0.7518	0.7518	0.0689	
0.0710	1.8767e+005	0.7516	0.7516	0.7516	0.7516	0.0689	
0.0720	1.8747e+005	0.7515	0.7515	0.7515	0.7515	0.0689	
0.0730	1.8727e+005	0.7514	0.7514	0.7514	0.7514	0.0690	
0.0740	1.8707e+005	0.7513	0.7513	0.7513	0.7513	0.0690	
0.0750	1.8687e+005	0.7511	0.7511	0.7511	0.7511	0.0690	
0.0760	1.8666e+005	0.7510	0.7510	0.7510	0.7510	0.0691	
0.0770	1.8646e+005	0.7508	0.7508	0.7508	0.7508	0.0691	
0.0780	1.8626e+005	0.7507	0.7507	0.7507	0.7507	0.0692	
0.0790	1.8606e+005	0.7505	0.7505	0.7505	0.7505	0.0692	
0.0800	1.8586e+005	0.7504	0.7504	0.7504	0.7504	0.0693	
0.0810	1.8565e+005	0.7502	0.7502	0.7502	0.7502	0.0693	
0.0820	1.8545e+005	0.7500	0.7500	0.7500	0.7500	0.0694	
0.0830	1.8525e+005	0.7499	0.7499	0.7499	0.7499	0.0694	
0.0840	1.8505e+005	0.7497	0.7497	0.7497	0.7497	0.0695	
0.0850	1.8485e+005	0.7495	0.7495	0.7495	0.7495	0.0695	
0.0860	1.8464e+005	0.7493	0.7493	0.7493	0.7493	0.0696	
0.0870	1.8444e+005	0.7491	0.7491	0.7491	0.7491	0.0697	
0.0880	1.8424e+005	0.7490	0.7490	0.7490	0.7490	0.0697	
0.0890	1.8404e+005	0.7488	0.7488	0.7488	0.7488	0.0698	
0.0900	1.8384e+005	0.7486	0.7486	0.7486	0.7486	0.0698	
0.0910	1.8363e+005	0.7484	0.7484	0.7484	0.7484	0.0699	
0.0920	1.8343e+005	0.7482	0.7482	0.7482	0.7482	0.0700	
0.0930	1.8323e+005	0.7480	0.7480	0.7480	0.7480	0.0700	
0.0940	1.8303e+005	0.7478	0.7478	0.7478	0.7478	0.0701	
0.0950	1.8283e+005	0.7476	0.7476	0.7476	0.7476	0.0701	
0.0960	1.8262e+005	0.7474	0.7474	0.7474	0.7474	0.0702	
0.0970	1.8242e+005	0.7472	0.7472	0.7472	0.7472	0.0702	
0.0980	1.8222e+005	0.7471	0.7471	0.7471	0.7471	0.0703	
0.0990	1.8202e+005	0.7468	0.7468	0.7468	0.7468	0.0704	
0.1000	1.8182e+005	0.7466	0.7466	0.7466	0.7466	0.0704	
0.1010	1.8161e+005	0.7464	0.7464	0.7464	0.7464	0.0705	
0.1020	1.8141e+005	0.7462	0.7462	0.7462	0.7462	0.0706	
0.1030	1.8121e+005	0.7460	0.7460	0.7460	0.7460	0.0706	
0.1040	1.8101e+005	0.7458	0.7458	0.7458	0.7458	0.0707	
0.1050	1.8081e+005	0.7456	0.7456	0.7456	0.7456	0.0708	
0.1060	1.806e+005	0.7454	0.7454	0.7454	0.7454	0.0708	
0.1070	1.804e+005	0.7452	0.7452	0.7452	0.7452	0.0709	
0.1080	1.802e+005	0.7450	0.7450	0.7450	0.7450	0.0710	
0.1090	1.8e+005  	0.7448	0.7448	0.7448	0.7448	0.0710	
0.1100	1.798e+005	0.7445	0.7445	0.7445	0.7445	0.0711	
0.1110	1.7959e+005	0.7443	0.7443	0.7443	0.7443	0.0712	
0.1120	1.7939e+005	0.7441	0.7441	0.7441	0.7441	0.0712	
0.1130	1.7919e+005	0.7439	0.7439	0.7439	0.7439	0.0713	
0.1140	1.7899e+005	0.7437	0.7437	0.7437	0.7437	0.0714	
0.1150	1.7879e+005	0.7435	0.7435	0.7435	0.7435	0.0714	
0.1160	1.7858e+005	0.7432	0.7432	0.7432	0.7432	0.0715	
0.1170	1.7838e+005	0.7430	0.7430	0.7430	0.7430	0.0716	
0.1180	1.7818e+005	0.7428	0.7428	0.7428	0.7428	0.0716	
0.1190	1.7798e+005	0.7426	0.7426	0.7426	0.7426	0.0717	
0.1200	1.7778e+005	0.7423	0.7423	0.7423	0.7423	0.0718	
0.1210	1.7757e+005	0.7421	0.7421	0.7421	0.7421	0.0719	
0.1220	1.7737e+005	0.7419	0.7419	0.7419	0.7419	0.0719	
0.1230	1.7717e+005	0.7416	0.7416	0.7416	0.7416	0.0720	
0.1240	1.7697e+005	0.7414	0.7414	0.7414	0.7414	0.0721	
0.1250	1.7677e+005	0.7412	0.7412	0.7412	0.7412	0.0721	
0.1260	1.7656e+005	0.7409	0.7409	0.7409	0.7409	0.0722	
0.1270	1.7636e+005	0.7407	0.7407	0.7407	0.7407	0.0723	
0.1280	1.7616e+005	0.7404	0.7404	0.7404	0.7404	0.0724	
0.1290	1.7596e+005	0.7402	0.7402	0.7402	0.7402	0.0725	
0.1300	1.7576e+005	0.7400	0.7400	0.7400	0.7400	0.0725	
0.1310	1.7555e+005	0.7397	0.7397	0.7397	0.7397	0.0726	
0.1320	1.7535e+005	0.7395	0.7395	0.7395	0.7395	0.0727	
0.1330	1.7515e+005	0.7392	0.7392	0.7392	0.7392	0.0728	
0.1340	1.7495e+005	0.7390	0.7390	0.7390	0.7390	0.0728	
0.1350	1.7475e+005	0.7387	0.7387	0.7387	0.7387	0.0729	
0.1360	1.7454e+005	0.7384	0.7384	0.7384	0.7384	0.0730	
0.1370	1.7434e+005	0.7382	0.7382	0.7382	0.7382	0.0731	
0.1380	1.7414e+005	0.7379	0.7379	0.7379	0.7379	0.0732	
0.1390	1.7394e+005	0.7377	0.7377	0.7377	0.7377	0.0732	
0.1400	1.7374e+005	0.7374	0.7374	0.7374	0.7374	0.0733	
0.1410	1.7353e+005	0.7372	0.7372	0.7372	0.7372	0.0734	
0.1420	1.7333e+005	0.7369	0.7369	0.7369	0.7369	0.0735	
0.1430	1.7313e+005	0.7367	0.7367	0.7367	0.7367	0.0736	
0.1440	1.7293e+005	0.7364	0.7364	0.7364	0.7364	0.0736	
0.1450	1.7273e+005	0.7361	0.7361	0.7361	0.7361	0.0737	
0.1460	1.7252e+005	0.7359	0.7359	0.7359	0.7359	0.0738	
0.1470	1.7232e+005	0.7356	0.7356	0.7356	0.7356	0.0739	
0.1480	1.7212e+005	0.7353	0.7353	0.7353	0.7353	0.0740	
0.1490	1.7192e+005	0.7351	0.7351	0.7351	0.7351	0.0741	
0.1500	1.7172e+005	0.7348	0.7348	0.7348	0.7348	0.0741	
0.1510	1.7151e+005	0.7345	0.7345	0.7345	0.7345	0.0742	
0.1520	1.7131e+005	0.7343	0.7343	0.7343	0.7343	0.0743	
0.1530	1.7111e+005	0.7340	0.7340	0.7340	0.7340	0.0744	
0.1540	1.7091e+005	0.7337	0.7337	0.7337	0.7337	0.0745	
0.1550	1.7071e+005	0.7334	0.7334	0.7334	0.7334	0.0746	
0.1560	1.705e+005	0.7331	0.7331	0.7331	0.7331	0.0747	
0.1570	1.703e+005	0.7329	0.7329	0.7329	0.7329	0.0748	
0.1580	1.701e+005	0.7326	0.7326	0.7326	0.7326	0.0748	
0.1590	1.699e+005	0.7323	0.7323	0.7323	0.7323	0.0749	
0.1600	1.697e+005	0.7320	0.7320	0.7320	0.7320	0.0750	
0.1610	1.6949e+005	0.7317	0.7317	0.7317	0.7317	0.0751	
0.1620	1.6929e+005	0.7314	0.7314	0.7314	0.7314	0.0752	
0.1630	1.6909e+005	0.7312	0.7312	0.7312	0.7312	0.0753	
0.1640	1.6889e+005	0.7309	0.7309	0.7309	0.7309	0.0754	
0.1650	1.6869e+005	0.7306	0.7306	0.7306	0.7306	0.0755	
0.1660	1.6848e+005	0.7303	0.7303	0.7303	0.7303	0.0756	
0.1670	1.6828e+005	0.7300	0.7300	0.7300	0.7300	0.0757	
0.1680	1.6808e+005	0.7297	0.7297	0.7297	0.7297	0.0758	
0.1690	1.6788e+005	0.7294	0.7294	0.7294	0.7294	0.0759	
0.1700	1.6768e+005	0.7291	0.7291	0.7291	0.7291	0.0759	
0.1710	1.6747e+005	0.7288	0.7288	0.7288	0.7288	0.0760	
0.1720	1.6727e+005	0.7285	0.7285	0.7285	0.7285	0.0761	
0.1730	1.6707e+005	0.7283	0.7283	0.7283	0.7283	0.0762	
0.1740	1.6687e+005	0.7280	0.7280	0.7280	0.7280	0.0763	
0.1750	1.6667e+005	0.7277	0.7277	0.7277	0.7277	0.0764	
0.1760	1.6646e+005	0.7274	0.7274	0.7274	0.7274	0.0765	
0.1770	1.6626e+005	0.7271	0.7271	0.7271	0.7271	0.0766	
0.1780	1.6606e+005	0.7267	0.7267	0.7267	0.7267	0.0767	
0.1790	1.6586e+005	0.7264	0.7264	0.7264	0.7264	0.0768	
0.1800	1.6566e+005	0.7261	0.7261	0.7261	0.7261	0.0769	
0.1810	1.6545e+005	0.7258	0.7258	0.7258	0.7258	0.0770	
0.1820	1.6525e+005	0.7255	0.7255	0.7255	0.7255	0.0771	
0.1830	1.6505e+005	0.7252	0.7252	0.7252	0.7252	0.0772	
0.1840	1.6485e+005	0.7249	0.7249	0.7249	0.7249	0.0773	
0.1850	1.6465e+005	0.7246	0.7246	0.7246	0.7246	0.0774	
0.1860	1.6444e+005	0.7242	0.7242	0.7242	0.7242	0.0775	
0.1870	1.6424e+005	0.7239	0.7239	0.7239	0.7239	0.0776	
0.1880	1.6404e+005	0.7236	0.7236	0.7236	0.7236	0.0777	
0.1890	1.6384e+005	0.7233	0.7233	0.7233	0.7233	0.0778	
0.1900	1.6364e+005	0.7229	0.7229	0.7229	0.7229	0.0779	
0.1910	1.6343e+005	0.7226	0.7226	0.7226	0.7226	0.0780	
0.1920	1.6323e+005	0.7223	0.7223	0.7223	0.7223	0.0781	
0.1930	1.6303e+005	0.7220	0.7220	0.7220	0.7220	0.0782	
0.1940	1.6283e+005	0.7216	0.7216	0.7216	0.7216	0.0783	
0.1950	1.6263e+005	0.7213	0.7213	0.7213	0.7213	0.0784	
0.1960	1.6242e+005	0.7210	0.7210	0.7210	0.7210	0.0785	
0.1970	1.6222e+005	0.7207	0.7207	0.7207	0.7207	0.0786	
0.1980	1.6202e+005	0.7203	0.7203	0.7203	0.7203	0.0787	
0.1990	1.6182e+005	0.7200	0.7200	0.7200	0.7200	0.0788	
0.2000	1.6162e+005	0.7198	0.7198	0.7198	0.7198	0.0789	
0.2010	1.6141e+005	0.7196	0.7196	0.7196	0.7196	0.0790	
0.2020	1.6121e+005	0.7193	0.7193	0.7193	0.7193	0.0791	
0.2030	1.6101e+005	0.7190	0.7190	0.7190	0.7190	0.0792	
0.2040	1.6081e+005	0.7187	0.7187	0.7187	0.7187	0.0793	
0.2050	1.6061e+005	0.7183	0.7183	0.7183	0.7183	0.0794	
0.2060	1.604e+005	0.7181	0.7181	0.7181	0.7181	0.0795	
0.2070	1.602e+005	0.7178	0.7178	0.7178	0.7178	0.0795	
0.2080	1.6e+005  	0.7175	0.7175	0.7175	0.7175	0.0797	
0.2090	1.598e+005	0.7171	0.7171	0.7171	0.7171	0.0798	
0.2100	1.596e+005	0.7168	0.7168	0.7168	0.7168	0.0799	
0.2110	1.5939e+005	0.7165	0.7165	0.7165	0.7165	0.0800	
0.2120	1.5919e+005	0.7161	0.7161	0.7161	0.7161	0.0801	
0.2130	1.5899e+005	0.7158	0.7158	0.7158	0.7158	0.0802	
0.2140	1.5879e+005	0.7154	0.7154	0.7154	0.7154	0.0803	
0.2150	1.5859e+005	0.7151	0.7151	0.7151	0.7151	0.0804	
0.2160	1.5838e+005	0.7147	0.7147	0.7147	0.7147	0.0805	
0.2170	1.5818e+005	0.7144	0.7144	0.7144	0.7144	0.0806	
0.2180	1.5798e+005	0.7140	0.7140	0.7140	0.7140	0.0808	
0.2190	1.5778e+005	0.7137	0.7137	0.7137	0.7137	0.0809	
0.2200	1.5758e+005	0.7134	0.7134	0.7134	0.7134	0.0810	
0.2210	1.5737e+005	0.7130	0.7130	0.7130	0.7130	0.0811	
0.2220	1.5717e+005	0.7127	0.7127	0.7127	0.7127	0.0812	
0.2230	1.5697e+005	0.7123	0.7123	0.7123	0.7123	0.0813	
0.2240	1.5677e+005	0.7120	0.7120	0.7120	0.7120	0.0814	
0.2250	1.5657e+005	0.7116	0.7116	0.7116	0.7116	0.0815	
0.2260	1.5636e+005	0.7112	0.7112	0.7112	0.7112	0.0817	
0.2270	1.5616e+005	0.7109	0.7109	0.7109	0.7109	0.0818	
0.2280	1.5596e+005	0.7105	0.7105	0.7105	0.7105	0.0819	
0.2290	1.5576e+005	0.7102	0.7102	0.7102	0.7102	0.0820	
0.2300	1.5556e+005	0.7098	0.7098	0.7098	0.7098	0.0821	
0.2310	1.5535e+005	0.7094	0.7094	0.7094	0.7094	0.0822	
0.2320	1.5515e+005	0.7091	0.7091	0.7091	0.7091	0.0824	
0.2330	1.5495e+005	0.7087	0.7087	0.7087	0.7087	0.0825	
0.2340	1.5475e+005	0.7083	0.7083	0.7083	0.7083	0.0826	
0.2350	1.5455e+005	0.7080	0.7080	0.7080	0.7080	0.0827	
0.2360	1.5434e+005	0.7076	0.7076	0.7076	0.7076	0.0828	
0.2370	1.5414e+005	0.7072	0.7072	0.7072	0.7072	0.0830	
0.2380	1.5394e+005	0.7068	0.7068	0.7068	0.7068	0.0831	
0.2390	1.5374e+005	0.7065	0.7065	0.7065	0.7065	0.0832	
0.2400	1.5354e+005	0.7061	0.7061	0.7061	0.7061	0.0833	
0.2410	1.5333e+005	0.7057	0.7057	0.7057	0.7057	0.0834	
0.2420	1.5313e+005	0.7053	0.7053	0.7053	0.7053	0.0836	
0.2430	1.5293e+005	0.7050	0.7050	0.7050	0.7050	0.0837	
0.2440	1.5273e+005	0.7046	0.7046	0.7046	0.7046	0.0838	
0.2450	1.5253e+005	0.7042	0.7042	0.7042	0.7042	0.0839	
0.2460	1.5232e+005	0.7038	0.7038	0.7038	0.7038	0.0841	
0.2470	1.5212e+005	0.7034	0.7034	0.7034	0.7034	0.0842	
0.2480	1.5192e+005	0.7030	0.7030	0.7030	0.7030	0.0843	
0.2490	1.5172e+005	0.7027	0.7027	0.7027	0.7027	0.0844	
0.2500	1.5152e+005	0.7023	0.7023	0.7023	0.7023	0.0846	
0.2510	1.5131e+005	0.7019	0.7019	0.7019	0.7019	0.0847	
0.2520	1.5111e+005	0.7015	0.7015	0.7015	0.7015	0.0848	
0.2530	1.5091e+005	0.7011	0.7011	0.7011	0.7011	0.0849	
0.2540	1.5071e+005	0.7007	0.7007	0.7007	0.7007	0.0851	
0.2550	1.5051e+005	0.7003	0.7003	0.7003	0.7003	0.0852	
0.2560	1.503e+005	0.6999	0.6999	0.6999	0.6999	0.0853	
0.2570	1.501e+005	0.6996	0.6996	0.6996	0.6996	0.0855	
0.2580	1.499e+005	0.6992	0.6992	0.6992	0.6992	0.0856	
0.2590	1.497e+005	0.6988	0.6988	0.6988	0.6988	0.0857	
0.2600	1.495e+005	0.6984	0.6984	0.6984	0.6984	0.0858	
0.2610	1.4929e+005	0.6980	0.6980	0.6980	0.6980	0.0860	
0.2620	1.4909e+005	0.6976	0.6976	0.6976	0.6976	0.0861	
0.2630	1.4889e+005	0.6972	0.6972	0.6972	0.6972	0.0862	
0.2640	1.4869e+005	0.6968	0.6968	0.6968	0.6968	0.0864	
0.2650	1.4849e+005	0.6963	0.6963	0.6963	0.6963	0.0865	
0.2660	1.4828e+005	0.6960	0.6960	0.6960	0.6960	0.0866	
0.2670	1.4808e+005	0.6956	0.6956	0.6956	0.6956	0.0868	
0.2680	1.4788e+005	0.6952	0.6952	0.6952	0.6952	0.0869	
0.2690	1.4768e+005	0.6947	0.6947	0.6947	0.6947	0.0870	
0.2700	1.4748e+005	0.6943	0.6943	0.6943	0.6943	0.0872	
0.2710	1.4727e+005	0.6939	0.6939	0.6939	0.6939	0.0873	
0.2720	1.4707e+005	0.6936	0.6936	0.6936	0.6936	0.0874	
0.2730	1.4687e+005	0.6932	0.6932	0.6932	0.6932	0.0875	
0.2740	1.4667e+005	0.6928	0.6928	0.6928	0.6928	0.0877	
0.2750	1.4647e+005	0.6924	0.6924	0.6924	0.6924	0.0878	
0.2760	1.4626e+005	0.6920	0.6920	0.6920	0.6920	0.0879	
0.2770	1.4606e+005	0.6915	0.6915	0.6915	0.6915	0.0881	
0.2780	1.4586e+005	0.6911	0.6911	0.6911	0.6911	0.0882	
0.2790	1.4566e+005	0.6907	0.6907	0.6907	0.6907	0.0884	
0.2800	1.4546e+005	0.6903	0.6903	0.6903	0.6903	0.0885	
0.2810	1.4525e+005	0.6898	0.6898	0.6898	0.6898	0.0886	
0.2820	1.4505e+005	0.6894	0.6894	0.6894	0.6894	0.0888	
0.2830	1.4485e+005	0.6890	0.6890	0.6890	0.6890	0.0889	
0.2840	1.4465e+005	0.6886	0.6886	0.6886	0.6886	0.0891	
0.2850	1.4445e+005	0.6881	0.6881	0.6881	0.6881	0.0892	
0.2860	1.4424e+005	0.6877	0.6877	0.6877	0.6877	0.0894	
0.2870	1.4404e+005	0.6873	0.6873	0.6873	0.6873	0.0895	
0.2880	1.4384e+005	0.6868	0.6868	0.6868	0.6868	0.0896	
0.2890	1.4364e+005	0.6864	0.6864	0.6864	0.6864	0.0898	
0.2900	1.4344e+005	0.6860	0.6860	0.6860	0.6860	0.0899	
0.2910	1.4323e+005	0.6855	0.6855	0.6855	0.6855	0.0901	
0.2920	1.4303e+005	0.6851	0.6851	0.6851	0.6851	0.0902	
0.2930	1.4283e+005	0.6846	0.6846	0.6846	0.6846	0.0904	
0.2940	1.4263e+005	0.6842	0.6842	0.6842	0.6842	0.0905	
0.2950	1.4243e+005	0.6837	0.6837	0.6837	0.6837	0.0907	
0.2960	1.4222e+005	0.6833	0.6833	0.6833	0.6833	0.0908	
0.2970	1.4202e+005	0.6829	0.6829	0.6829	0.6829	0.0910	
0.2980	1.4182e+005	0.6824	0.6824	0.6824	0.6824	0.0911	
0.2990	1.4162e+005	0.6820	0.6820	0.6820	0.6820	0.0913	
0.3000	1.4142e+005	0.6815	0.6815	0.6815	0.6815	0.0914	
0.3010	1.4121e+005	0.6811	0.6811	0.6811	0.6811	0.0916	
0.3020	1.4101e+005	0.6806	0.6806	0.6806	0.6806	0.0917	
0.3030	1.4081e+005	0.6802	0.6802	0.6802	0.6802	0.0919	
0.3040	1.4061e+005	0.6797	0.6797	0.6797	0.6797	0.0920	
0.3050	1.4041e+005	0.6793	0.6793	0.6793	0.6793	0.0922	
0.3060	1.402e+005	0.6788	0.6788	0.6788	0.6788	0.0923	
0.3070	1.4e+005  	0.6783	0.6783	0.6783	0.6783	0.0925	
0.3080	1.398e+005	0.6779	0.6779	0.6779	0.6779	0.0926	
0.3090	1.396e+005	0.6774	0.6774	0.6774	0.6774	0.0928	
0.3100	1.394e+005	0.6769	0.6769	0.6769	0.6769	0.0929	
0.3110	1.3919e+005	0.6765	0.6765	0.6765	0.6765	0.0931	
0.3120	1.3899e+005	0.6760	0.6760	0.6760	0.6760	0.0933	
0.3130	1.3879e+005	0.6755	0.6755	0.6755	0.6755	0.0934	
0.3140	1.3859e+005	0.6751	0.6751	0.6751	0.6751	0.0936	
0.3150	1.3839e+005	0.6746	0.6746	0.6746	0.6746	0.0937	
0.3160	1.3818e+005	0.6742	0.6742	0.6742	0.6742	0.0939	
0.3170	1.3798e+005	0.6737	0.6737	0.6737	0.6737	0.0940	
0.3180	1.3778e+005	0.6733	0.6733	0.6733	0.6733	0.0942	
0.3190	1.3758e+005	0.6728	0.6728	0.6728	0.6728	0.0943	
0.3200	1.3738e+005	0.6724	0.6724	0.6724	0.6724	0.0945	
0.3210	1.3717e+005	0.6719	0.6719	0.6719	0.6719	0.0946	
0.3220	1.3697e+005	0.6714	0.6714	0.6714	0.6714	0.0948	
0.3230	1.3677e+005	0.6709	0.6709	0.6709	0.6709	0.0950	
0.3240	1.3657e+005	0.6704	0.6704	0.6704	0.6704	0.0951	
0.3250	1.3637e+005	0.6700	0.6700	0.6700	0.6700	0.0953	
0.3260	1.3616e+005	0.6695	0.6695	0.6695	0.6695	0.0954	
0.3270	1.3596e+005	0.6690	0.6690	0.6690	0.6690	0.0956	
0.3280	1.3576e+005	0.6685	0.6685	0.6685	0.6685	0.0958	
0.3290	1.3556e+005	0.6680	0.6680	0.6680	0.6680	0.0959	
0.3300	1.3536e+005	0.6675	0.6675	0.6675	0.6675	0.0961	
0.3310	1.3515e+005	0.6671	0.6671	0.6671	0.6671	0.0963	
0.3320	1.3495e+005	0.6666	0.6666	0.6666	0.6666	0.0964	
0.3330	1.3475e+005	0.6661	0.6661	0.6661	0.6661	0.0966	
0.3340	1.3455e+005	0.6657	0.6657	0.6657	0.6657	0.0967	
0.3350	1.3435e+005	0.6652	0.6652	0.6652	0.6652	0.0969	
0.3360	1.3414e+005	0.6647	0.6647	0.6647	0.6647	0.0971	
0.3370	1.3394e+005	0.6643	0.6643	0.6643	0.6643	0.0972	
0.3380	1.3374e+005	0.6637	0.6637	0.6637	0.6637	0.0974	
0.3390	1.3354e+005	0.6632	0.6632	0.6632	0.6632	0.0976	
0.3400	1.3334e+005	0.6627	0.6627	0.6627	0.6627	0.0977	
0.3410	1.3313e+005	0.6622	0.6622	0.6622	0.6622	0.0979	
0.3420	1.3293e+005	0.6617	0.6617	0.6617	0.6617	0.0981	
0.3430	1.3273e+005	0.6612	0.6612	0.6612	0.6612	0.0982	
0.3440	1.3253e+005	0.6607	0.6607	0.6607	0.6607	0.0984	
0.3450	1.3233e+005	0.6602	0.6602	0.6602	0.6602	0.0986	
0.3460	1.3212e+005	0.6597	0.6597	0.6597	0.6597	0.0988	
0.3470	1.3192e+005	0.6592	0.6592	0.6592	0.6592	0.0989	
0.3480	1.3172e+005	0.6587	0.6587	0.6587	0.6587	0.0991	
0.3490	1.3152e+005	0.6581	0.6581	0.6581	0.6581	0.0993	
0.3500	1.3132e+005	0.6576	0.6576	0.6576	0.6576	0.0995	
0.3510	1.3111e+005	0.6571	0.6571	0.6571	0.6571	0.0997	
0.3520	1.3091e+005	0.6566	0.6566	0.6566	0.6566	0.0998	
0.3530	1.3071e+005	0.6562	0.6562	0.6562	0.6562	0.1000	
0.3540	1.3051e+005	0.6558	0.6558	0.6558	0.6558	0.1001	
0.3550	1.3031e+005	0.6553	0.6553	0.6553	0.6553	0.1003	
0.3560	1.301e+005	0.6548	0.6548	0.6548	0.6548	0.1005	
0.3570	1.299e+005	0.6543	0.6543	0.6543	0.6543	0.1006	
0.3580	1.297e+005	0.6538	0.6538	0.6538	0.6538	0.1008	
0.3590	1.295e+005	0.6532	0.6532	0.6532	0.6532	0.1010	
0.3600	1.293e+005	0.6527	0.6527	0.6527	0.6527	0.1012	
0.3610	1.2909e+005	0.6522	0.6522	0.6522	0.6522	0.1014	
0.3620	1.2889e+005	0.6516	0.6516	0.6516	0.6516	0.1015	
0.3630	1.2869e+005	0.6511	0.6511	0.6511	0.6511	0.1017	
0.3640	1.2849e+005	0.6506	0.6506	0.6506	0.6506	0.1019	
0.3650	1.2829e+005	0.6500	0.6500	0.6500	0.6500	0.1021	
0.3660	1.2808e+005	0.6495	0.6495	0.6495	0.6495	0.1023	
0.3670	1.2788e+005	0.6490	0.6490	0.6490	0.6490	0.1025	
0.3680	1.2768e+005	0.6484	0.6484	0.6484	0.6484	0.1026	
0.3690	1.2748e+005	0.6479	0.6479	0.6479	0.6479	0.1028	
0.3700	1.2728e+005	0.6473	0.6473	0.6473	0.6473	0.1030	
0.3710	1.2707e+005	0.6468	0.6468	0.6468	0.6468	0.1032	
0.3720	1.2687e+005	0.6462	0.6462	0.6462	0.6462	0.1034	
0.3730	1.2667e+005	0.6457	0.6457	0.6457	0.6457	0.1036	
0.3740	1.2647e+005	0.6451	0.6451	0.6451	0.6451	0.1038	
0.3750	1.2627e+005	0.6446	0.6446	0.6446	0.6446	0.1040	
0.3760	1.2606e+005	0.6440	0.6440	0.6440	0.6440	0.1042	
0.3770	1.2586e+005	0.6435	0.6435	0.6435	0.6435	0.1044	
0.3780	1.2566e+005	0.6429	0.6429	0.6429	0.6429	0.1045	
0.3790	1.2546e+005	0.6424	0.6424	0.6424	0.6424	0.1047	
0.3800	1.2526e+005	0.6418	0.6418	0.6418	0.6418	0.1049	
0.3810	1.2505e+005	0.6413	0.6413	0.6413	0.6413	0.1051	
0.3820	1.2485e+005	0.6407	0.6407	0.6407	0.6407	0.1053	
0.3830	1.2465e+005	0.6401	0.6401	0.6401	0.6401	0.1055	
0.3840	1.2445e+005	0.6396	0.6396	0.6396	0.6396	0.1057	
0.3850	1.2425e+005	0.6390	0.6390	0.6390	0.6390	0.1059	
0.3860	1.2404e+005	0.6384	0.6384	0.6384	0.6384	0.1061	
0.3870	1.2384e+005	0.6379	0.6379	0.6379	0.6379	0.1063	
0.3880	1.2364e+005	0.6374	0.6374	0.6374	0.6374	0.1065	
0.3890	1.2344e+005	0.6368	0.6368	0.6368	0.6368	0.1067	
0.3900	1.2324e+005	0.6362	0.6362	0.6362	0.6362	0.1069	
0.3910	1.2303e+005	0.6357	0.6357	0.6357	0.6357	0.1071	
0.3920	1.2283e+005	0.6351	0.6351	0.6351	0.6351	0.1073	
0.3930	1.2263e+005	0.6346	0.6346	0.6346	0.6346	0.1075	
0.3940	1.2243e+005	0.6340	0.6340	0.6340	0.6340	0.1077	
0.3950	1.2223e+005	0.6334	0.6334	0.6334	0.6334	0.1079	
0.3960	1.2202e+005	0.6328	0.6328	0.6328	0.6328	0.1081	
0.3970	1.2182e+005	0.6322	0.6322	0.6322	0.6322	0.1083	
0.3980	1.2162e+005	0.6317	0.6317	0.6317	0.6317	0.1085	
0.3990	1.2142e+005	0.6311	0.6311	0.6311	0.6311	0.1087	
0.4000	1.2122e+005	0.6305	0.6305	0.6305	0.6305	0.1089	
0.4010	1.2101e+005	0.6299	0.6299	0.6299	0.6299	0.1091	
0.4020	1.2081e+005	0.6294	0.6294	0.6294	0.6294	0.1093	
0.4030	1.2061e+005	0.6288	0.6288	0.6288	0.6288	0.1095	
0.4040	1.2041e+005	0.6282	0.6282	0.6282	0.6282	0.1097	
0.4050	1.2021e+005	0.6276	0.6276	0.6276	0.6276	0.1099	
0.4060	1.2e+005  	0.6271	0.6271	0.6271	0.6271	0.1101	
0.4070	1.198e+005	0.6265	0.6265	0.6265	0.6265	0.1103	
0.4080	1.196e+005	0.6259	0.6259	0.6259	0.6259	0.1105	
0.4090	1.194e+005	0.6253	0.6253	0.6253	0.6253	0.1108	
0.4100	1.192e+005	0.6247	0.6247	0.6247	0.6247	0.1110	
0.4110	1.1899e+005	0.6241	0.6241	0.6241	0.6241	0.1112	
0.4120	1.1879e+005	0.6235	0.6235	0.6235	0.6235	0.1114	
0.4130	1.1859e+005	0.6229	0.6229	0.6229	0.6229	0.1116	
0.4140	1.1839e+005	0.6224	0.6224	0.6224	0.6224	0.1118	
0.4150	1.1819e+005	0.6218	0.6218	0.6218	0.6218	0.1120	
0.4160	1.1798e+005	0.6211	0.6211	0.6211	0.6211	0.1122	
0.4170	1.1778e+005	0.6205	0.6205	0.6205	0.6205	0.1125	
0.4180	1.1758e+005	0.6199	0.6199	0.6199	0.6199	0.1127	
0.4190	1.1738e+005	0.6193	0.6193	0.6193	0.6193	0.1129	
0.4200	1.1718e+005	0.6187	0.6187	0.6187	0.6187	0.1131	
0.4210	1.1697e+005	0.6181	0.6181	0.6181	0.6181	0.1133	
0.4220	1.1677e+005	0.6175	0.6175	0.6175	0.6175	0.1135	
0.4230	1.1657e+005	0.6169	0.6169	0.6169	0.6169	0.1138	
0.4240	1.1637e+005	0.6162	0.6162	0.6162	0.6162	0.1140	
0.4250	1.1617e+005	0.6156	0.6156	0.6156	0.6156	0.1142	
0.4260	1.1596e+005	0.6150	0.6150	0.6150	0.6150	0.1144	
0.4270	1.1576e+005	0.6144	0.6144	0.6144	0.6144	0.1147	
0.4280	1.1556e+005	0.6138	0.6138	0.6138	0.6138	0.1149	
0.4290	1.1536e+005	0.6131	0.6131	0.6131	0.6131	0.1151	
0.4300	1.1516e+005	0.6125	0.6125	0.6125	0.6125	0.1153	
0.4310	1.1495e+005	0.6119	0.6119	0.6119	0.6119	0.1156	
0.4320	1.1475e+005	0.6113	0.6113	0.6113	0.6113	0.1158	
0.4330	1.1455e+005	0.6106	0.6106	0.6106	0.6106	0.1160	
0.4340	1.1435e+005	0.6100	0.6100	0.6100	0.6100	0.1162	
0.4350	1.1415e+005	0.6094	0.6094	0.6094	0.6094	0.1165	
0.4360	1.1394e+005	0.6088	0.6088	0.6088	0.6088	0.1167	
0.4370	1.1374e+005	0.6081	0.6081	0.6081	0.6081	0.1169	
0.4380	1.1354e+005	0.6075	0.6075	0.6075	0.6075	0.1172	
0.4390	1.1334e+005	0.6069	0.6069	0.6069	0.6069	0.1174	
0.4400	1.1314e+005	0.6062	0.6062	0.6062	0.6062	0.1176	
0.4410	1.1293e+005	0.6056	0.6056	0.6056	0.6056	0.1179	
0.4420	1.1273e+005	0.6049	0.6049	0.6049	0.6049	0.1181	
0.4430	1.1253e+005	0.6043	0.6043	0.6043	0.6043	0.1183	
0.4440	1.1233e+005	0.6036	0.6036	0.6036	0.6036	0.1186	
0.4450	1.1213e+005	0.6030	0.6030	0.6030	0.6030	0.1188	
0.4460	1.1192e+005	0.6023	0.6023	0.6023	0.6023	0.1190	
0.4470	1.1172e+005	0.6017	0.6017	0.6017	0.6017	0.1193	
0.4480	1.1152e+005	0.6011	0.6011	0.6011	0.6011	0.1195	
0.4490	1.1132e+005	0.6004	0.6004	0.6004	0.6004	0.1197	
0.4500	1.1112e+005	0.5998	0.5998	0.5998	0.5998	0.1200	
0.4510	1.1091e+005	0.5991	0.5991	0.5991	0.5991	0.1202	
0.4520	1.1071e+005	0.5984	0.5984	0.5984	0.5984	0.1205	
0.4530	1.1051e+005	0.5978	0.5978	0.5978	0.5978	0.1207	
0.4540	1.1031e+005	0.5971	0.5971	0.5971	0.5971	0.1209	
0.4550	1.1011e+005	0.5965	0.5965	0.5965	0.5965	0.1212	
0.4560	1.099e+005	0.5958	0.5958	0.5958	0.5958	0.1214	
0.4570	1.097e+005	0.5951	0.5951	0.5951	0.5951	0.1217	
0.4580	1.095e+005	0.5945	0.5945	0.5945	0.5945	0.1219	
0.4590	1.093e+005	0.5938	0.5938	0.5938	0.5938	0.1222	
0.4600	1.091e+005	0.5931	0.5931	0.5931	0.5931	0.1224	
0.4610	1.0889e+005	0.5925	0.5925	0.5925	0.5925	0.1227	
0.4620	1.0869e+005	0.5918	0.5918	0.5918	0.5918	0.1229	
0.4630	1.0849e+005	0.5911	0.5911	0.5911	0.5911	0.1232	
0.4640	1.0829e+005	0.5905	0.5905	0.5905	0.5905	0.1234	
0.4650	1.0809e+005	0.5898	0.5898	0.5898	0.5898	0.1237	
0.4660	1.0788e+005	0.5891	0.5891	0.5891	0.5891	0.1239	
0.4670	1.0768e+005	0.5884	0.5884	0.5884	0.5884	0.1242	
0.4680	1.0748e+005	0.5877	0.5877	0.5877	0.5877	0.1244	
0.4690	1.0728e+005	0.5871	0.5871	0.5871	0.5871	0.1247	
0.4700	1.0708e+005	0.5864	0.5864	0.5864	0.5864	0.1249	
0.4710	1.0687e+005	0.5857	0.5857	0.5857	0.5857	0.1252	
0.4720	1.0667e+005	0.5850	0.5850	0.5850	0.5850	0.1254	
0.4730	1.0647e+005	0.5844	0.5844	0.5844	0.5844	0.1257	
0.4740	1.0627e+005	0.5837	0.5837	0.5837	0.5837	0.1259	
0.4750	1.0607e+005	0.5830	0.5830	0.5830	0.5830	0.1262	
0.4760	1.0586e+005	0.5823	0.5823	0.5823	0.5823	0.1265	
0.4770	1.0566e+005	0.5816	0.5816	0.5816	0.5816	0.1267	
0.4780	1.0546e+005	0.5809	0.5809	0.5809	0.5809	0.1270	
0.4790	1.0526e+005	0.5802	0.5802	0.5802	0.5802	0.1272	
0.4800	1.0506e+005	0.5795	0.5795	0.5795	0.5795	0.1275	
0.4810	1.0485e+005	0.5788	0.5788	0.5788	0.5788	0.1278	
0.4820	1.0465e+005	0.5781	0.5781	0.5781	0.5781	0.1280	
0.4830	1.0445e+005	0.5774	0.5774	0.5774	0.5774	0.1283	
0.4840	1.0425e+005	0.5767	0.5767	0.5767	0.5767	0.1286	
0.4850	1.0405e+005	0.5760	0.5760	0.5760	0.5760	0.1288	
0.4860	1.0384e+005	0.5753	0.5753	0.5753	0.5753	0.1291	
0.4870	1.0364e+005	0.5746	0.5746	0.5746	0.5746	0.1293	
0.4880	1.0344e+005	0.5739	0.5739	0.5739	0.5739	0.1296	
0.4890	1.0324e+005	0.5732	0.5732	0.5732	0.5732	0.1299	
0.4900	1.0304e+005	0.5725	0.5725	0.5725	0.5725	0.1301	
0.4910	1.0283e+005	0.5718	0.5718	0.5718	0.5718	0.1304	
0.4920	1.0263e+005	0.5711	0.5711	0.5711	0.5711	0.1307	
0.4930	1.0243e+005	0.5704	0.5704	0.5704	0.5704	0.1310	
0.4940	1.0223e+005	0.5697	0.5697	0.5697	0.5697	0.1312	
0.4950	1.0203e+005	0.5690	0.5690	0.5690	0.5690	0.1315	
0.4960	1.0182e+005	0.5683	0.5683	0.5683	0.5683	0.1318	
0.4970	1.0162e+005	0.5676	0.5676	0.5676	0.5676	0.1320	
0.4980	1.0142e+005	0.5668	0.5668	0.5668	0.5668	0.1323	
0.4990	1.0122e+005	0.5661	0.5661	0.5661	0.5661	0.1326	
0.5000	1.0102e+005	0.5654	0.5654	0.5654	0.5654	0.1329	
0.5010	1.0081e+005	0.5647	0.5647	0.5647	0.5647	0.1331	
0.5020	1.0061e+005	0.5640	0.5640	0.5640	0.5640	0.1334	
0.5030	1.0041e+005	0.5632	0.5632	0.5632	0.5632	0.1337	
0.5040	1.0021e+005	0.5625	0.5625	0.5625	0.5625	0.1340	
0.5050	1.0001e+005	0.5618	0.5618	0.5618	0.5618	0.1343	
0.5060	99804     	0.5610	0.5610	0.5610	0.5610	0.1345	
0.5070	99602     	0.5603	0.5603	0.5603	0.5603	0.1348	
0.5080	99400     	0.5596	0.5596	0.5596	0.5596	0.1351	
0.5090	99198     	0.5588	0.5588	0.5588	0.5588	0.1354	
0.5100	98996     	0.5581	0.5581	0.5581	0.5581	0.1357	
0.5110	98794     	0.5574	0.5574	0.5574	0.5574	0.1360	
0.5120	98592     	0.5566	0.5566	0.5566	0.5566	0.1362	
0.5130	98390     	0.5559	0.5559	0.5559	0.5559	0.1365	
0.5140	98188     	0.5552	0.5552	0.5552	0.5552	0.1368	
0.5150	97986     	0.5544	0.5544	0.5544	0.5544	0.1371	
0.5160	97784     	0.5537	0.5537	0.5537	0.5537	0.1374	
0.5170	97582     	0.5529	0.5529	0.5529	0.5529	0.1377	
0.5180	97380     	0.5522	0.5522	0.5522	0.5522	0.1380	
0.5190	97178     	0.5515	0.5515	0.5515	0.5515	0.1382	
0.5200	96976     	0.5508	0.5508	0.5508	0.5508	0.1385	
0.5210	96774     	0.5500	0.5500	0.5500	0.5500	0.1388	
0.5220	96572     	0.5492	0.5492	0.5492	0.5492	0.1391	
0.5230	96370     	0.5485	0.5485	0.5485	0.5485	0.1394	
0.5240	96168     	0.5477	0.5477	0.5477	0.5477	0.1397	
0.5250	95966     	0.5470	0.5470	0.5470	0.5470	0.1400	
0.5260	95764     	0.5462	0.5462	0.5462	0.5462	0.1403	
0.5270	95562     	0.5455	0.5455	0.5455	0.5455	0.1406	
0.5280	95360     	0.5447	0.5447	0.5447	0.5447	0.1409	
0.5290	95158     	0.5440	0.5440	0.5440	0.5440	0.1412	
0.5300	94956     	0.5432	0.5432	0.5432	0.5432	0.1415	
0.5310	94754     	0.5425	0.5425	0.5425	0.5425	0.1418	
0.5320	94552     	0.5417	0.5417	0.5417	0.5417	0.1421	
0.5330	94350     	0.5409	0.5409	0.5409	0.5409	0.1424	
0.5340	94148     	0.5401	0.5401	0.5401	0.5401	0.1427	
0.5350	93946     	0.5394	0.5394	0.5394	0.5394	0.1430	
0.5360	93744     	0.5386	0.5386	0.5386	0.5386	0.1433	
0.5370	93542     	0.5378	0.5378	0.5378	0.5378	0.1436	
0.5380	93340     	0.5370	0.5370	0.5370	0.5370	0.1439	
0.5390	93138     	0.5363	0.5363	0.5363	0.5363	0.1443	
0.5400	92936     	0.5355	0.5355	0.5355	0.5355	0.1446	
0.5410	92734     	0.5347	0.5347	0.5347	0.5347	0.1449	
0.5420	92532     	0.5340	0.5340	0.5340	0.5340	0.1452	
0.5430	92330     	0.5332	0.5332	0.5332	0.5332	0.1455	
0.5440	92128     	0.5324	0.5324	0.5324	0.5324	0.1458	
0.5450	91926     	0.5316	0.5316	0.5316	0.5316	0.1461	
0.5460	91724     	0.5309	0.5309	0.5309	0.5309	0.1464	
0.5470	91522     	0.5301	0.5301	0.5301	0.5301	0.1467	
0.5480	91320     	0.5293	0.5293	0.5293	0.5293	0.1471	
0.5490	91118     	0.5285	0.5285	0.5285	0.5285	0.1474	
0.5500	90916     	0.5277	0.5277	0.5277	0.5277	0.1477	
0.5510	90714     	0.5269	0.5269	0.5269	0.5269	0.1480	
0.5520	90512     	0.5261	0.5261	0.5261	0.5261	0.1483	
0.5530	90310     	0.5253	0.5253	0.5253	0.5253	0.1486	
0.5540	90108     	0.5246	0.5246	0.5246	0.5246	0.1490	
0.5550	89906     	0.5238	0.5238	0.5238	0.5238	0.1493	
0.5560	89704     	0.5230	0.5230	0.5230	0.5230	0.1496	
0.5570	89502     	0.5222	0.5222	0.5222	0.5222	0.1499	
0.5580	89300     	0.5214	0.5214	0.5214	0.5214	0.1502	
0.5590	89098     	0.5206	0.5206	0.5206	0.5206	0.1506	
0.5600	88896     	0.5198	0.5198	0.5198	0.5198	0.1509	
0.5610	88694     	0.5191	0.5191	0.5191	0.5191	0.1512	
0.5620	88492     	0.5184	0.5184	0.5184	0.5184	0.1515	
0.5630	88290     	0.5176	0.5176	0.5176	0.5176	0.1518	
0.5640	88088     	0.5168	0.5168	0.5168	0.5168	0.1521	
0.5650	87886     	0.5160	0.5160	0.5160	0.5160	0.1525	
0.5660	87684     	0.5152	0.5152	0.5152	0.5152	0.1528	
0.5670	87482     	0.5144	0.5144	0.5144	0.5144	0.1531	
0.5680	87280     	0.5136	0.5136	0.5136	0.5136	0.1535	
0.5690	87078     	0.5127	0.5127	0.5127	0.5127	0.1538	
0.5700	86876     	0.5119	0.5119	0.5119	0.5119	0.1541	
0.5710	86674     	0.5111	0.5111	0.5111	0.5111	0.1545	
0.5720	86472     	0.5103	0.5103	0.5103	0.5103	0.1548	
0.5730	86270     	0.5095	0.5095	0.5095	0.5095	0.1551	
0.5740	86068     	0.5087	0.5087	0.5087	0.5087	0.1555	
0.5750	85866     	0.5079	0.5079	0.5079	0.5079	0.1558	
0.5760	85664     	0.5070	0.5070	0.5070	0.5070	0.1562	
0.5770	85462     	0.5062	0.5062	0.5062	0.5062	0.1565	
0.5780	85260     	0.5054	0.5054	0.5054	0.5054	0.1568	
0.5790	85058     	0.5046	0.5046	0.5046	0.5046	0.1572	
0.5800	84856     	0.5038	0.5038	0.5038	0.5038	0.1575	
0.5810	84654     	0.5030	0.5030	0.5030	0.5030	0.1578	
0.5820	84452     	0.5022	0.5022	0.5022	0.5022	0.1582	
0.5830	84250     	0.5013	0.5013	0.5013	0.5013	0.1585	
0.5840	84048     	0.5005	0.5005	0.5005	0.5005	0.1589	
0.5850	83846     	0.4997	0.4997	0.4997	0.4997	0.1592	
0.5860	83644     	0.4989	0.4989	0.4989	0.4989	0.1596	
0.5870	83442     	0.4980	0.4980	0.4980	0.4980	0.1599	
0.5880	83240     	0.4972	0.4972	0.4972	0.4972	0.1603	
0.5890	83038     	0.4963	0.4963	0.4963	0.4963	0.1606	
0.5900	82836     	0.4955	0.4955	0.4955	0.4955	0.1610	
0.5910	82634     	0.4947	0.4947	0.4947	0.4947	0.1614	
0.5920	82432     	0.4938	0.4938	0.4938	0.4938	0.1617	
0.5930	82230     	0.4930	0.4930	0.4930	0.4930	0.1621	
0.5940	82028     	0.4921	0.4921	0.4921	0.4921	0.1624	
0.5950	81826     	0.4913	0.4913	0.4913	0.4913	0.1628	
0.5960	81624     	0.4905	0.4905	0.4905	0.4905	0.1631	
0.5970	81422     	0.4897	0.4897	0.4897	0.4897	0.1635	
0.5980	81220     	0.4888	0.4888	0.4888	0.4888	0.1638	
0.5990	81018     	0.4880	0.4880	0.4880	0.4880	0.1642	
0.6000	80816     	0.4871	0.4871	0.4871	0.4871	0.1646	
0.6010	80614     	0.4863	0.4863	0.4863	0.4863	0.1649	
0.6020	80412     	0.4854	0.4854	0.4854	0.4854	0.1653	
0.6030	80210     	0.4846	0.4846	0.4846	0.4846	0.1657	
0.6040	80008     	0.4837	0.4837	0.4837	0.4837	0.1660	
0.6050	79806     	0.4828	0.4828	0.4828	0.4828	0.1664	
0.6060	79604     	0.4820	0.4820	0.4820	0.4820	0.1668	
0.6070	79402     	0.4811	0.4811	0.4811	0.4811	0.1672	
0.6080	79200     	0.4803	0.4803	0.4803	0.4803	0.1675	
0.6090	78998     	0.4794	0.4794	0.4794	0.4794	0.1679	
0.6100	78796     	0.4785	0.4785	0.4785	0.4785	0.1683	
0.6110	78594     	0.4777	0.4777	0.4777	0.4777	0.1686	
0.6120	78392     	0.4768	0.4768	0.4768	0.4768	0.1690	
0.6130	78190     	0.4762	0.4762	0.4762	0.4762	0.1693	
0.6140	77988     	0.4754	0.4754	0.4754	0.4754	0.1696	
0.6150	77786     	0.4746	0.4746	0.4746	0.4746	0.1700	
0.6160	77584     	0.4738	0.4738	0.4738	0.4738	0.1704	
0.6170	77382     	0.4729	0.4729	0.4729	0.4729	0.1707	
0.6180	77180     	0.4720	0.4720	0.4720	0.4720	0.1711	
0.6190	76978     	0.4712	0.4712	0.4712	0.4712	0.1715	
0.6200	76776     	0.4703	0.4703	0.4703	0.4703	0.1719	
0.6210	76574     	0.4694	0.4694	0.4694	0.4694	0.1723	
0.6220	76372     	0.4685	0.4685	0.4685	0.4685	0.1727	
0.6230	76170     	0.4677	0.4677	0.4677	0.4677	0.1730	
0.6240	75968     	0.4668	0.4668	0.4668	0.4668	0.1734	
0.6250	75766     	0.4659	0.4659	0.4659	0.4659	0.1738	
0.6260	75564     	0.4651	0.4651	0.4651	0.4651	0.1742	
0.6270	75362     	0.4642	0.4642	0.4642	0.4642	0.1746	
0.6280	75160     	0.4633	0.4633	0.4633	0.4633	0.1750	
0.6290	74958     	0.4625	0.4625	0.4625	0.4625	0.1754	
0.6300	74756     	0.4616	0.4616	0.4616	0.4616	0.1757	
0.6310	74554     	0.4607	0.4607	0.4607	0.4607	0.1761	
0.6320	74352     	0.4598	0.4598	0.4598	0.4598	0.1765	
0.6330	74150     	0.4589	0.4589	0.4589	0.4589	0.1769	
0.6340	73948     	0.4580	0.4580	0.4580	0.4580	0.1773	
0.6350	73746     	0.4571	0.4571	0.4571	0.4571	0.1777	
0.6360	73544     	0.4562	0.4562	0.4562	0.4562	0.1781	
0.6370	73342     	0.4554	0.4554	0.4554	0.4554	0.1785	
0.6380	73140     	0.4545	0.4545	0.4545	0.4545	0.1789	
0.6390	72938     	0.4536	0.4536	0.4536	0.4536	0.1793	
0.6400	72736     	0.4527	0.4527	0.4527	0.4527	0.1797	
0.6410	72534     	0.4518	0.4518	0.4518	0.4518	0.1801	
0.6420	72332     	0.4509	0.4509	0.4509	0.4509	0.1806	
0.6430	72130     	0.4500	0.4500	0.4500	0.4500	0.1810	
0.6440	71928     	0.4491	0.4491	0.4491	0.4491	0.1814	
0.6450	71726     	0.4482	0.4482	0.4482	0.4482	0.1818	
0.6460	71524     	0.4473	0.4473	0.4473	0.4473	0.1822	
0.6470	71322     	0.4464	0.4464	0.4464	0.4464	0.1826	
0.6480	71120     	0.4455	0.4455	0.4455	0.4455	0.1830	
0.6490	70918     	0.4446	0.4446	0.4446	0.4446	0.1835	
0.6500	70716     	0.4436	0.4436	0.4436	0.4436	0.1839	
0.6510	70514     	0.4427	0.4427	0.4427	0.4427	0.1843	
0.6520	70312     	0.4418	0.4418	0.4418	0.4418	0.1847	
0.6530	70110     	0.4409	0.4409	0.4409	0.4409	0.1851	
0.6540	69908     	0.4400	0.4400	0.4400	0.4400	0.1856	
0.6550	69706     	0.4391	0.4391	0.4391	0.4391	0.1860	
0.6560	69504     	0.4382	0.4382	0.4382	0.4382	0.1864	
0.6570	69302     	0.4373	0.4373	0.4373	0.4373	0.1868	
0.6580	69100     	0.4363	0.4363	0.4363	0.4363	0.1873	
0.6590	68898     	0.4354	0.4354	0.4354	0.4354	0.1877	
0.6600	68696     	0.4345	0.4345	0.4345	0.4345	0.1881	
0.6610	68494     	0.4335	0.4335	0.4335	0.4335	0.1886	
0.6620	68292     	0.4326	0.4326	0.4326	0.4326	0.1890	
0.6630	68090     	0.4317	0.4317	0.4317	0.4317	0.1894	
0.6640	67888     	0.4308	0.4308	0.4308	0.4308	0.1899	
0.6650	67686     	0.4298	0.4298	0.4298	0.4298	0.1903	
0.6660	67484     	0.4289	0.4289	0.4289	0.4289	0.1907	
0.6670	67282     	0.4280	0.4280	0.4280	0.4280	0.1912	
0.6680	67080     	0.4270	0.4270	0.4270	0.4270	0.1916	
0.6690	66878     	0.4261	0.4261	0.4261	0.4261	0.1921	
0.6700	66676     	0.4252	0.4252	0.4252	0.4252	0.1925	
0.6710	66474     	0.4242	0.4242	0.4242	0.4242	0.1930	
0.6720	66272     	0.4233	0.4233	0.4233	0.4233	0.1934	
0.6729	66070     	0.4223	0.4223	0.4223	0.4223	0.1938	
0.6739	65868     	0.4214	0.4214	0.4214	0.4214	0.1943	
0.6749	65666     	0.4205	0.4205	0.4205	0.4205	0.1948	
0.6759	65464     	0.4195	0.4195	0.4195	0.4195	0.1952	
0.6769	65262     	0.4186	0.4186	0.4186	0.4186	0.1957	
0.6779	65060     	0.4176	0.4176	0.4176	0.4176	0.1961	
0.6789	64858     	0.4166	0.4166	0.4166	0.4166	0.1966	
0.6799	64656     	0.4157	0.4157	0.4157	0.4157	0.1970	
0.6809	64454     	0.4147	0.4147	0.4147	0.4147	0.1975	
0.6819	64252     	0.4138	0.4138	0.4138	0.4138	0.1980	
0.6829	64050     	0.4128	0.4128	0.4128	0.4128	0.1984	
0.6839	63848     	0.4119	0.4119	0.4119	0.4119	0.1989	
0.6849	63646     	0.4109	0.4109	0.4109	0.4109	0.1994	
0.6859	63444     	0.4100	0.4100	0.4100	0.4100	0.1998	
0.6869	63242     	0.4091	0.4091	0.4091	0.4091	0.2002	
0.6879	63040     	0.4082	0.4082	0.4082	0.4082	0.2007	
0.6889	62838     	0.4072	0.4072	0.4072	0.4072	0.2012	
0.6899	62636     	0.4062	0.4062	0.4062	0.4062	0.2017	
0.6909	62434     	0.4052	0.4052	0.4052	0.4052	0.2021	
0.6919	62232     	0.4043	0.4043	0.4043	0.4043	0.2026	
0.6929	62030     	0.4033	0.4033	0.4033	0.4033	0.2031	
0.6939	61828     	0.4023	0.4023	0.4023	0.4023	0.2036	
0.6949	61626     	0.4013	0.4013	0.4013	0.4013	0.2041	
0.6959	61424     	0.4003	0.4003	0.4003	0.4003	0.2046	
0.6969	61222     	0.3994	0.3994	0.3994	0.3994	0.2050	
0.6979	61020     	0.3984	0.3984	0.3984	0.3984	0.2055	
0.6989	60818     	0.3974	0.3974	0.3974	0.3974	0.2060	
0.6999	60616     	0.3964	0.3964	0.3964	0.3964	0.2065	
0.7009	60414     	0.3954	0.3954	0.3954	0.3954	0.2070	
0.7019	60212     	0.3944	0.3944	0.3944	0.3944	0.2075	
0.7029	60010     	0.3934	0.3934	0.3934	0.3934	0.2080	
0.7039	59808     	0.3925	0.3925	0.3925	0.3925	0.2085	
0.7049	59606     	0.3915	0.3915	0.3915	0.3915	0.2090	
0.7059	59404     	0.3905	0.3905	0.3905	0.3905	0.2095	
0.7069	59202     	0.3895	0.3895	0.3895	0.3895	0.2100	
0.7079	59000     	0.3885	0.3885	0.3885	0.3885	0.2105	
0.7089	58798     	0.3876	0.3876	0.3876	0.3876	0.2109	
0.7099	58596     	0.3866	0.3866	0.3866	0.3866	0.2115	
0.7109	58394     	0.3856	0.3856	0.3856	0.3856	0.2120	
0.7119	58192     	0.3846	0.3846	0.3846	0.3846	0.2125	
0.7129	57990     	0.3836	0.3836	0.3836	0.3836	0.2130	
0.7139	57788     	0.3826	0.3826	0.3826	0.3826	0.2135	
0.7149	57586     	0.3816	0.3816	0.3816	0.3816	0.2140	
0.7159	57384     	0.3807	0.3807	0.3807	0.3807	0.2145	
0.7169	57182     	0.3797	0.3797	0.3797	0.3797	0.2150	
0.7179	56980     	0.3787	0.3787	0.3787	0.3787	0.2155	
0.7189	56778     	0.3777	0.3777	0.3777	0.3777	0.2160	
0.7199	56576     	0.3767	0.3767	0.3767	0.3767	0.2166	
0.7209	56374     	0.3757	0.3757	0.3757	0.3757	0.2171	
0.7219	56172     	0.3747	0.3747	0.3747	0.3747	0.2176	
0.7229	55970     	0.3737	0.3737	0.3737	0.3737	0.2182	
0.7239	55768     	0.3726	0.3726	0.3726	0.3726	0.2187	
0.7249	55566     	0.3717	0.3717	0.3717	0.3717	0.2192	
0.7259	55364     	0.3707	0.3707	0.3707	0.3707	0.2197	
0.7269	55162     	0.3696	0.3696	0.3696	0.3696	0.2203	
0.7279	54960     	0.3686	0.3686	0.3686	0.3686	0.2208	
0.7289	54758     	0.3676	0.3676	0.3676	0.3676	0.2214	
0.7299	54556     	0.3666	0.3666	0.3666	0.3666	0.2219	
0.7309	54354     	0.3656	0.3656	0.3656	0.3656	0.2224	
0.7319	54152     	0.3645	0.3645	0.3645	0.3645	0.2230	
0.7329	53950     	0.3635	0.3635	0.3635	0.3635	0.2235	
0.7339	53748     	0.3625	0.3625	0.3625	0.3625	0.2241	
0.7349	53546     	0.3614	0.3614	0.3614	0.3614	0.2246	
0.7359	53344     	0.3604	0.3604	0.3604	0.3604	0.2252	
0.7369	53142     	0.3593	0.3593	0.3593	0.3593	0.2258	
0.7379	52940     	0.3583	0.3583	0.3583	0.3583	0.2263	
0.7389	52738     	0.3572	0.3572	0.3572	0.3572	0.2269	
0.7399	52536     	0.3563	0.3563	0.3563	0.3563	0.2274	
0.7409	52334     	0.3557	0.3557	0.3557	0.3557	0.2277	
0.7419	52132     	0.3550	0.3550	0.3550	0.3550	0.2281	
0.7429	51930     	0.3542	0.3542	0.3542	0.3542	0.2286	
0.7439	51728     	0.3533	0.3533	0.3533	0.3533	0.2290	
0.7449	51526     	0.3524	0.3524	0.3524	0.3524	0.2295	
0.7459	51324     	0.3515	0.3515	0.3515	0.3515	0.2300	
0.7469	51122     	0.3505	0.3505	0.3505	0.3505	0.2306	
0.7479	50920     	0.3494	0.3494	0.3494	0.3494	0.2311	
0.7489	50718     	0.3484	0.3484	0.3484	0.3484	0.2317	
0.7499	50516     	0.3473	0.3473	0.3473	0.3473	0.2323	
0.7509	50314     	0.3463	0.3463	0.3463	0.3463	0.2329	
0.7519	50112     	0.3452	0.3452	0.3452	0.3452	0.2335	
0.7529	49910     	0.3441	0.3441	0.3441	0.3441	0.2341	
0.7539	49708     	0.3431	0.3431	0.3431	0.3431	0.2347	
0.7549	49506     	0.3420	0.3420	0.3420	0.3420	0.2353	
0.7559	49304     	0.3410	0.3410	0.3410	0.3410	0.2359	
0.7569	49102     	0.3399	0.3399	0.3399	0.3399	0.2365	
0.7579	48900     	0.3388	0.3388	0.3388	0.3388	0.2371	
0.7589	48698     	0.3377	0.3377	0.3377	0.3377	0.2377	
0.7599	48496     	0.3367	0.3367	0.3367	0.3367	0.2383	
0.7609	48294     	0.3356	0.3356	0.3356	0.3356	0.2389	
0.7619	48092     	0.3345	0.3345	0.3345	0.3345	0.2395	
0.7629	47890     	0.3335	0.3335	0.3335	0.3335	0.2401	
0.7639	47688     	0.3324	0.3324	0.3324	0.3324	0.2407	
0.7649	47486     	0.3313	0.3313	0.3313	0.3313	0.2413	
0.7659	47284     	0.3302	0.3302	0.3302	0.3302	0.2420	
0.7669	47082     	0.3291	0.3291	0.3291	0.3291	0.2426	
0.7679	46880     	0.3280	0.3280	0.3280	0.3280	0.2432	
0.7689	46678     	0.3270	0.3270	0.3270	0.3270	0.2438	
0.7699	46476     	0.3259	0.3259	0.3259	0.3259	0.2444	
0.7709	46274     	0.3248	0.3248	0.3248	0.3248	0.2451	
0.7719	46072     	0.3237	0.3237	0.3237	0.3237	0.2457	
0.7729	45870     	0.3226	0.3226	0.3226	0.3226	0.2463	
0.7739	45668     	0.3215	0.3215	0.3215	0.3215	0.2470	
0.7749	45466     	0.3204	0.3204	0.3204	0.3204	0.2476	
0.7759	45264     	0.3193	0.3193	0.3193	0.3193	0.2483	
0.7769	45062     	0.3182	0.3182	0.3182	0.3182	0.2489	
0.7779	44860     	0.3171	0.3171	0.3171	0.3171	0.2496	
0.7789	44658     	0.3160	0.3160	0.3160	0.3160	0.2502	
0.7799	44456     	0.3149	0.3149	0.3149	0.3149	0.2509	
0.7809	44254     	0.3138	0.3138	0.3138	0.3138	0.2515	
0.7819	44052     	0.3128	0.3128	0.3128	0.3128	0.2522	
0.7829	43850     	0.3116	0.3116	0.3116	0.3116	0.2528	
0.7839	43648     	0.3105	0.3105	0.3105	0.3105	0.2535	
0.7849	43446     	0.3094	0.3094	0.3094	0.3094	0.2542	
0.7859	43244     	0.3083	0.3083	0.3083	0.3083	0.2549	
0.7869	43042     	0.3072	0.3072	0.3072	0.3072	0.2555	
0.7879	42840     	0.3061	0.3061	0.3061	0.3061	0.2562	
0.7889	42638     	0.3049	0.3049	0.3049	0.3049	0.2569	
0.7899	42436     	0.3038	0.3038	0.3038	0.3038	0.2576	
0.7909	42234     	0.3027	0.3027	0.3027	0.3027	0.2583	
0.7919	42032     	0.3015	0.3015	0.3015	0.3015	0.2590	
0.7929	41830     	0.3004	0.3004	0.3004	0.3004	0.2597	
0.7939	41628     	0.2993	0.2993	0.2993	0.2993	0.2604	
0.7949	41426     	0.2982	0.2982	0.2982	0.2982	0.2611	
0.7959	41224     	0.2970	0.2970	0.2970	0.2970	0.2618	
0.7969	41022     	0.2959	0.2959	0.2959	0.2959	0.2625	
0.7979	40820     	0.2947	0.2947	0.2947	0.2947	0.2632	
0.7989	40618     	0.2936	0.2936	0.2936	0.2936	0.2639	
0.7999	40416     	0.2924	0.2924	0.2924	0.2924	0.2646	
0.8009	40214     	0.2913	0.2913	0.2913	0.2913	0.2654	
0.8019	40012     	0.2901	0.2901	0.2901	0.2901	0.2661	
0.8029	39810     	0.2890	0.2890	0.2890	0.2890	0.2668	
0.8039	39608     	0.2878	0.2878	0.2878	0.2878	0.2676	
0.8049	39406     	0.2866	0.2866	0.2866	0.2866	0.2683	
0.8059	39204     	0.2855	0.2855	0.2855	0.2855	0.2690	
0.8069	39002     	0.2843	0.2843	0.2843	0.2843	0.2698	
0.8079	38800     	0.2831	0.2831	0.2831	0.2831	0.2705	
0.8089	38598     	0.2820	0.2820	0.2820	0.2820	0.2713	
0.8099	38396     	0.2808	0.2808	0.2808	0.2808	0.2721	
0.8109	38194     	0.2796	0.2796	0.2796	0.2796	0.2728	
0.8119	37992     	0.2785	0.2785	0.2785	0.2785	0.2736	
0.8129	37790     	0.2773	0.2773	0.2773	0.2773	0.2744	
0.8139	37588     	0.2761	0.2761	0.2761	0.2761	0.2751	
0.8149	37386     	0.2749	0.2749	0.2749	0.2749	0.2759	
0.8159	37184     	0.2737	0.2737	0.2737	0.2737	0.2767	
0.8169	36982     	0.2726	0.2726	0.2726	0.2726	0.2775	
0.8179	36780     	0.2714	0.2714	0.2714	0.2714	0.2782	
0.8189	36578     	0.2702	0.2702	0.2702	0.2702	0.2790	
0.8199	36376     	0.2690	0.2690	0.2690	0.2690	0.2798	
0.8209	36174     	0.2678	0.2678	0.2678	0.2678	0.2806	
0.8219	35972     	0.2666	0.2666	0.2666	0.2666	0.2815	
0.8229	35770     	0.2654	0.2654	0.2654	0.2654	0.2823	
0.8239	35568     	0.2642	0.2642	0.2642	0.2642	0.2831	
0.8249	35366     	0.2630	0.2630	0.2630	0.2630	0.2839	
0.8259	35164     	0.2618	0.2618	0.2618	0.2618	0.2847	
0.8269	34962     	0.2605	0.2605	0.2605	0.2605	0.2856	
0.8279	34760     	0.2593	0.2593	0.2593	0.2593	0.2864	
0.8289	34558     	0.2581	0.2581	0.2581	0.2581	0.2872	
0.8299	34356     	0.2570	0.2570	0.2570	0.2570	0.2880	
0.8309	34154     	0.2557	0.2557	0.2557	0.2557	0.2889	
0.8319	33952     	0.2545	0.2545	0.2545	0.2545	0.2897	
0.8329	33750     	0.2533	0.2533	0.2533	0.2533	0.2906	
0.8339	33548     	0.2521	0.2521	0.2521	0.2521	0.2914	
0.8349	33346     	0.2508	0.2508	0.2508	0.2508	0.2923	
0.8359	33144     	0.2496	0.2496	0.2496	0.2496	0.2932	
0.8369	32942     	0.2483	0.2483	0.2483	0.2483	0.2941	
0.8379	32740     	0.2471	0.2471	0.2471	0.2471	0.2950	
0.8389	32538     	0.2458	0.2458	0.2458	0.2458	0.2959	
0.8399	32336     	0.2446	0.2446	0.2446	0.2446	0.2967	
0.8409	32134     	0.2434	0.2434	0.2434	0.2434	0.2976	
0.8419	31932     	0.2421	0.2421	0.2421	0.2421	0.2985	
0.8429	31730     	0.2409	0.2409	0.2409	0.2409	0.2994	
0.8439	31528     	0.2397	0.2397	0.2397	0.2397	0.3003	
0.8449	31326     	0.2384	0.2384	0.2384	0.2384	0.3012	
0.8459	31124     	0.2371	0.2371	0.2371	0.2371	0.3022	
0.8469	30922     	0.2359	0.2359	0.2359	0.2359	0.3031	
0.8479	30720     	0.2346	0.2346	0.2346	0.2346	0.3041	
0.8489	30518     	0.2333	0.2333	0.2333	0.2333	0.3050	
0.8499	30316     	0.2320	0.2320	0.2320	0.2320	0.3060	
0.8509	30114     	0.2308	0.2308	0.2308	0.2308	0.3069	
0.8519	29912     	0.2295	0.2295	0.2295	0.2295	0.3079	
0.8529	29710     	0.2282	0.2282	0.2282	0.2282	0.3089	
0.8539	29508     	0.2269	0.2269	0.2269	0.2269	0.3098	
0.8549	29306     	0.2256	0.2256	0.2256	0.2256	0.3108	
0.8559	29104     	0.2243	0.2243	0.2243	0.2243	0.3118	
0.8569	28902     	0.2230	0.2230	0.2230	0.2230	0.3128	
0.8579	28700     	0.2217	0.2217	0.2217	0.2217	0.3138	
0.8589	28498     	0.2204	0.2204	0.2204	0.2204	0.3148	
0.8599	28296     	0.2191	0.2191	0.2191	0.2191	0.3158	
0.8609	28094     	0.2178	0.2178	0.2178	0.2178	0.3168	
0.8619	27892     	0.2166	0.2166	0.2166	0.2166	0.3178	
0.8629	27690     	0.2152	0.2152	0.2152	0.2152	0.3189	
0.8639	27488     	0.2140	0.2140	0.2140	0.2140	0.3199	
0.8649	27286     	0.2126	0.2126	0.2126	0.2126	0.3209	
0.8659	27084     	0.2113	0.2113	0.2113	0.2113	0.3220	
0.8669	26882     	0.2100	0.2100	0.2100	0.2100	0.3230	
0.8679	26680     	0.2087	0.2087	0.2087	0.2087	0.3241	
0.8689	26478     	0.2074	0.2074	0.2074	0.2074	0.3252	
0.8699	26276     	0.2061	0.2061	0.2061	0.2061	0.3262	
0.8709	26074     	0.2048	0.2048	0.2048	0.2048	0.3273	
0.8719	25872     	0.2035	0.2035	0.2035	0.2035	0.3284	
0.8729	25670     	0.2021	0.2021	0.2021	0.2021	0.3295	
0.8739	25468     	0.2008	0.2008	0.2008	0.2008	0.3306	
0.8749	25266     	0.1995	0.1995	0.1995	0.1995	0.3317	
0.8759	25064     	0.1981	0.1981	0.1981	0.1981	0.3328	
0.8769	24862     	0.1968	0.1968	0.1968	0.1968	0.3339	
0.8779	24660     	0.1955	0.1955	0.1955	0.1955	0.3351	
0.8789	24458     	0.1941	0.1941	0.1941	0.1941	0.3362	
0.8799	24256     	0.1928	0.1928	0.1928	0.1928	0.3374	
0.8809	24054     	0.1914	0.1914	0.1914	0.1914	0.3386	
0.8819	23852     	0.1900	0.1900	0.1900	0.1900	0.3398	
0.8829	23650     	0.1887	0.1887	0.1887	0.1887	0.3409	
0.8839	23448     	0.1873	0.1873	0.1873	0.1873	0.3421	
0.8849	23246     	0.1860	0.1860	0.1860	0.1860	0.3433	
0.8859	23044     	0.1847	0.1847	0.1847	0.1847	0.3445	
0.8869	22842     	0.1833	0.1833	0.1833	0.1833	0.3457	
0.8879	22640     	0.1819	0.1819	0.1819	0.1819	0.3469	
0.8889	22438     	0.1806	0.1806	0.1806	0.1806	0.3481	
0.8899	22236     	0.1792	0.1792	0.1792	0.1792	0.3494	
0.8909	22034     	0.1778	0.1778	0.1778	0.1778	0.3506	
0.8919	21832     	0.1764	0.1764	0.1764	0.1764	0.3519	
0.8929	21630     	0.1751	0.1751	0.1751	0.1751	0.3531	
0.8939	21428     	0.1737	0.1737	0.1737	0.1737	0.3544	
0.8949	21226     	0.1723	0.1723	0.1723	0.1723	0.3557	
0.8959	21024     	0.1709	0.1709	0.1709	0.1709	0.3570	
0.8969	20822     	0.1695	0.1695	0.1695	0.1695	0.3583	
0.8979	20620     	0.1681	0.1681	0.1681	0.1681	0.3597	
0.8989	20418     	0.1667	0.1667	0.1667	0.1667	0.3610	
0.8999	20216     	0.1653	0.1653	0.1653	0.1653	0.3624	
0.9009	20014     	0.1639	0.1639	0.1639	0.1639	0.3637	
0.9019	19812     	0.1625	0.1625	0.1625	0.1625	0.3651	
0.9029	19610     	0.1610	0.1610	0.1610	0.1610	0.3665	
0.9039	19408     	0.1596	0.1596	0.1596	0.1596	0.3679	
0.9049	19206     	0.1582	0.1582	0.1582	0.1582	0.3693	
0.9059	19004     	0.1568	0.1568	0.1568	0.1568	0.3708	
0.9069	18802     	0.1553	0.1553	0.1553	0.1553	0.3722	
0.9079	18600     	0.1539	0.1539	0.1539	0.1539	0.3737	
0.9089	18398     	0.1524	0.1524	0.1524	0.1524	0.3752	
0.9099	18196     	0.1510	0.1510	0.1510	0.1510	0.3766	
0.9109	17994     	0.1495	0.1495	0.1495	0.1495	0.3782	
0.9119	17792     	0.1481	0.1481	0.1481	0.1481	0.3797	
0.9129	17590     	0.1466	0.1466	0.1466	0.1466	0.3812	
0.9139	17388     	0.1452	0.1452	0.1452	0.1452	0.3828	
0.9149	17186     	0.1437	0.1437	0.1437	0.1437	0.3843	
0.9159	16984     	0.1422	0.1422	0.1422	0.1422	0.3859	
0.9169	16782     	0.1408	0.1408	0.1408	0.1408	0.3875	
0.9179	16580     	0.1393	0.1393	0.1393	0.1393	0.3891	
0.9189	16378     	0.1378	0.1378	0.1378	0.1378	0.3907	
0.9199	16176     	0.1363	0.1363	0.1363	0.1363	0.3924	
0.9209	15974     	0.1348	0.1348	0.1348	0.1348	0.3940	
0.9219	15772     	0.1333	0.1333	0.1333	0.1333	0.3957	
0.9229	15570     	0.1319	0.1319	0.1319	0.1319	0.3974	
0.9239	15368     	0.1304	0.1304	0.1304	0.1304	0.3991	
0.9249	15166     	0.1289	0.1289	0.1289	0.1289	0.4008	
0.9259	14964     	0.1274	0.1274	0.1274	0.1274	0.4026	
0.9269	14762     	0.1259	0.1259	0.1259	0.1259	0.4043	
0.9279	14560     	0.1244	0.1244	0.1244	0.1244	0.4061	
0.9289	14358     	0.1229	0.1229	0.1229	0.1229	0.4079	
0.9299	14156     	0.1213	0.1213	0.1213	0.1213	0.4098	
0.9309	13954     	0.1198	0.1198	0.1198	0.1198	0.4117	
0.9319	13752     	0.1183	0.1183	0.1183	0.1183	0.4135	
0.9329	13550     	0.1168	0.1168	0.1168	0.1168	0.4154	
0.9339	13348     	0.1152	0.1152	0.1152	0.1152	0.4174	
0.9349	13146     	0.1137	0.1137	0.1137	0.1137	0.4193	
0.9359	12944     	0.1122	0.1122	0.1122	0.1122	0.4213	
0.9369	12742     	0.1107	0.1107	0.1107	0.1107	0.4232	
0.9379	12540     	0.1091	0.1091	0.1091	0.1091	0.4253	
0.9389	12338     	0.1075	0.1075	0.1075	0.1075	0.4273	
0.9399	12136     	0.1060	0.1060	0.1060	0.1060	0.4294	
0.9409	11934     	0.1044	0.1044	0.1044	0.1044	0.4316	
0.9419	11732     	0.1028	0.1028	0.1028	0.1028	0.4337	
0.9429	11530     	0.1013	0.1013	0.1013	0.1013	0.4359	
0.9439	11328     	0.0997	0.0997	0.0997	0.0997	0.4381	
0.9449	11126     	0.0981	0.0981	0.0981	0.0981	0.4404	
0.9459	10924     	0.0965	0.0965	0.0965	0.0965	0.4426	
0.9469	10722     	0.0949	0.0949	0.0949	0.0949	0.4450	
0.9479	10520     	0.0933	0.0933	0.0933	0.0933	0.4473	
0.9489	10318     	0.0917	0.0917	0.0917	0.0917	0.4497	
0.9499	10116     	0.0901	0.0901	0.0901	0.0901	0.4521	
0.9509	9914      	0.0885	0.0885	0.0885	0.0885	0.4546	
0.9519	9712      	0.0869	0.0869	0.0869	0.0869	0.4571	
0.9529	9510      	0.0852	0.0852	0.0852	0.0852	0.4597	
0.9539	9308      	0.0836	0.0836	0.0836	0.0836	0.4623	
0.9549	9106      	0.0820	0.0820	0.0820	0.0820	0.4649	
0.9559	8904      	0.0803	0.0803	0.0803	0.0803	0.4676	
0.9569	8702      	0.0787	0.0787	0.0787	0.0787	0.4704	
0.9579	8500      	0.0770	0.0770	0.0770	0.0770	0.4732	
0.9589	8298      	0.0753	0.0753	0.0753	0.0753	0.4761	
0.9599	8096      	0.0737	0.0737	0.0737	0.0737	0.4790	
0.9609	7894      	0.0720	0.0720	0.0720	0.0720	0.4819	
0.9619	7692      	0.0703	0.0703	0.0703	0.0703	0.4850	
0.9629	7490      	0.0687	0.0687	0.0687	0.0687	0.4881	
0.9639	7288      	0.0670	0.0670	0.0670	0.0670	0.4913	
0.9649	7086      	0.0653	0.0653	0.0653	0.0653	0.4946	
0.9659	6884      	0.0635	0.0635	0.0635	0.0635	0.4979	
0.9669	6682      	0.0618	0.0618	0.0618	0.0618	0.5014	
0.9679	6480      	0.0601	0.0601	0.0601	0.0601	0.5049	
0.9689	6278      	0.0584	0.0584	0.0584	0.0584	0.5085	
0.9699	6076      	0.0566	0.0566	0.0566	0.0566	0.5122	
0.9709	5874      	0.0549	0.0549	0.0549	0.0549	0.5160	
0.9719	5672      	0.0531	0.0531	0.0531	0.0531	0.5199	
0.9729	5470      	0.0513	0.0513	0.0513	0.0513	0.5240	
0.9739	5268      	0.0496	0.0496	0.0496	0.0496	0.5281	
0.9749	5066      	0.0478	0.0478	0.0478	0.0478	0.5324	
0.9759	4864      	0.0460	0.0460	0.0460	0.0460	0.5369	
0.9769	4662      	0.0442	0.0442	0.0442	0.0442	0.5415	
0.9779	4460      	0.0424	0.0424	0.0424	0.0424	0.5463	
0.9789	4258      	0.0406	0.0406	0.0406	0.0406	0.5512	
0.9799	4056      	0.0387	0.0387	0.0387	0.0387	0.5564	
0.9809	3854      	0.0369	0.0369	0.0369	0.0369	0.5618	
0.9819	3652      	0.0350	0.0350	0.0350	0.0350	0.5674	
0.9829	3450      	0.0331	0.0331	0.0331	0.0331	0.5734	
0.9839	3248      	0.0312	0.0312	0.0312	0.0312	0.5796	
0.9849	3046      	0.0293	0.0293	0.0293	0.0293	0.5861	
0.9859	2844      	0.0274	0.0274	0.0274	0.0274	0.5931	
0.9869	2642      	0.0255	0.0255	0.0255	0.0255	0.6004	
0.9879	2440      	0.0235	0.0235	0.0235	0.0235	0.6084	
0.9889	2238      	0.0216	0.0216	0.0216	0.0216	0.6169	
0.9899	2036      	0.0195	0.0195	0.0195	0.0195	0.6261	
0.9909	1834      	0.0175	0.0175	0.0175	0.0175	0.6362	
0.9919	1632      	0.0154	0.0154	0.0154	0.0154	0.6475	
0.9929	1430      	0.0133	0.0133	0.0133	0.0133	0.6601	
0.9939	1228      	0.0112	0.0112	0.0112	0.0112	0.6746	
0.9949	1026      	0.0090	0.0090	0.0090	0.0090	0.6919	
0.9959	824       	0.0068	0.0068	0.0068	0.0068	0.7133	
0.9969	622       	0.0050	0.0050	0.0050	0.0050	0.7343	
0.9979	420       	0.0035	0.0035	0.0035	0.0035	0.7566	
0.9989	218       	0.0018	0.0018	0.0018	0.0018	0.7937	
0.9999	16        	0.0001	0.0001	0.0001	0.0001	0.8905	
1.0000	0         	0.0000	0.0000	0.0000	0.0000	1.0000	
