# Prop_landscape_lost  cost_needed_for_top_fraction  min_prop_rem  ave_prop_rem  W_prop_rem  ext-1  ext-2  prop_for_each_biodiversity_feature_(e.g._species)_remaining_at_level_of_removal...
0.00001  2.0202e+005  0.75903 0.75903 0.75903   0.06661 0.06661   0.759 
0.00101  2.0181e+005  0.75902 0.75902 0.75902   0.03331 0.06661   0.759 
0.00201  2.0161e+005  0.75900 0.75900 0.75900   0.02221 0.06662   0.759 
0.00301  2.0141e+005  0.75898 0.75898 0.75898   0.01666 0.06662   0.759 
0.00401  2.0121e+005  0.75895 0.75895 0.75895   0.01333 0.06663   0.759 
0.00501  2.0101e+005  0.75892 0.75892 0.75892   0.01111 0.06664   0.759 
0.00601  2.008e+005  0.75889 0.75889 0.75889   0.00952 0.06665   0.759 
0.00701  2.006e+005  0.75885 0.75885 0.75885   0.00833 0.06666   0.759 
0.00801  2.004e+005  0.75881 0.75881 0.75881   0.00741 0.06668   0.759 
0.00901  2.002e+005  0.75876 0.75876 0.75876   0.00667 0.06669   0.759 
0.01001  2e+005      0.75871 0.75871 0.75871   0.00606 0.06671   0.759 
0.01101  1.9979e+005  0.75865 0.75865 0.75865   0.00556 0.06672   0.759 
0.01201  1.9959e+005  0.75859 0.75859 0.75859   0.00513 0.06674   0.759 
0.01301  1.9939e+005  0.75853 0.75853 0.75853   0.00477 0.06676   0.759 
0.01401  1.9919e+005  0.75846 0.75846 0.75846   0.00445 0.06678   0.758 
0.01501  1.9899e+005  0.75839 0.75839 0.75839   0.00418 0.06680   0.758 
0.01601  1.9878e+005  0.75832 0.75832 0.75832   0.00393 0.06683   0.758 
0.01701  1.9858e+005  0.75824 0.75824 0.75824   0.00371 0.06685   0.758 
0.01801  1.9838e+005  0.75816 0.75816 0.75816   0.00352 0.06687   0.758 
0.01901  1.9818e+005  0.75808 0.75808 0.75808   0.00334 0.06690   0.758 
0.02001  1.9798e+005  0.75799 0.75799 0.75799   0.00319 0.06693   0.758 
0.02101  1.9777e+005  0.75790 0.75790 0.75790   0.00304 0.06695   0.758 
0.02201  1.9757e+005  0.75781 0.75781 0.75781   0.00291 0.06698   0.758 
0.02301  1.9737e+005  0.75772 0.75772 0.75772   0.00279 0.06701   0.758 
0.02401  1.9717e+005  0.75763 0.75763 0.75763   0.00268 0.06704   0.758 
0.02501  1.9697e+005  0.75753 0.75753 0.75753   0.00258 0.06707   0.758 
0.02601  1.9676e+005  0.75742 0.75742 0.75742   0.00249 0.06710   0.757 
0.02701  1.9656e+005  0.75732 0.75732 0.75732   0.00240 0.06713   0.757 
0.02801  1.9636e+005  0.75721 0.75721 0.75721   0.00232 0.06717   0.757 
0.02901  1.9616e+005  0.75711 0.75711 0.75711   0.00224 0.06720   0.757 
0.03001  1.9596e+005  0.75700 0.75700 0.75700   0.00217 0.06723   0.757 
0.03101  1.9575e+005  0.75688 0.75688 0.75688   0.00210 0.06727   0.757 
0.03201  1.9555e+005  0.75677 0.75677 0.75677   0.00204 0.06730   0.757 
0.03301  1.9535e+005  0.75665 0.75665 0.75665   0.00198 0.06734   0.757 
0.03401  1.9515e+005  0.75653 0.75653 0.75653   0.00193 0.06738   0.757 
0.03501  1.9495e+005  0.75640 0.75640 0.75640   0.00187 0.06742   0.756 
0.03601  1.9474e+005  0.75628 0.75628 0.75628   0.00182 0.06745   0.756 
0.03701  1.9454e+005  0.75615 0.75615 0.75615   0.00178 0.06749   0.756 
0.03801  1.9434e+005  0.75602 0.75602 0.75602   0.00173 0.06753   0.756 
0.03901  1.9414e+005  0.75589 0.75589 0.75589   0.00169 0.06757   0.756 
0.04001  1.9394e+005  0.75575 0.75575 0.75575   0.00165 0.06762   0.756 
0.04101  1.9373e+005  0.75562 0.75562 0.75562   0.00161 0.06766   0.756 
0.04201  1.9353e+005  0.75548 0.75548 0.75548   0.00157 0.06770   0.755 
0.04301  1.9333e+005  0.75534 0.75534 0.75534   0.00154 0.06774   0.755 
0.04401  1.9313e+005  0.75519 0.75519 0.75519   0.00151 0.06779   0.755 
0.04501  1.9293e+005  0.75505 0.75505 0.75505   0.00147 0.06783   0.755 
0.04601  1.9272e+005  0.75490 0.75490 0.75490   0.00144 0.06788   0.755 
0.04701  1.9252e+005  0.75475 0.75475 0.75475   0.00142 0.06793   0.755 
0.04801  1.9232e+005  0.75460 0.75460 0.75460   0.00139 0.06797   0.755 
0.04901  1.9212e+005  0.75444 0.75444 0.75444   0.00136 0.06802   0.754 
0.05001  1.9192e+005  0.75428 0.75428 0.75428   0.00133 0.06807   0.754 
0.05101  1.9171e+005  0.75412 0.75412 0.75412   0.00131 0.06812   0.754 
0.05201  1.9151e+005  0.75396 0.75396 0.75396   0.00129 0.06817   0.754 
0.05301  1.9131e+005  0.75380 0.75380 0.75380   0.00126 0.06822   0.754 
0.05401  1.9111e+005  0.75363 0.75363 0.75363   0.00124 0.06827   0.754 
0.05500  1.9091e+005  0.75346 0.75346 0.75346   0.00122 0.06832   0.753 
0.05600  1.907e+005  0.75329 0.75329 0.75329   0.00120 0.06838   0.753 
0.05700  1.905e+005  0.75312 0.75312 0.75312   0.00118 0.06843   0.753 
0.05800  1.903e+005  0.75295 0.75295 0.75295   0.00116 0.06848   0.753 
0.05900  1.901e+005  0.75277 0.75277 0.75277   0.00114 0.06854   0.753 
0.06000  1.899e+005  0.75260 0.75260 0.75260   0.00112 0.06859   0.753 
0.06100  1.8969e+005  0.75249 0.75249 0.75249   0.00111 0.06862   0.752 
0.06200  1.8949e+005  0.75240 0.75240 0.75240   0.00109 0.06865   0.752 
0.06300  1.8929e+005  0.75233 0.75233 0.75233   0.00107 0.06867   0.752 
0.06400  1.8909e+005  0.75229 0.75229 0.75229   0.00106 0.06869   0.752 
0.06500  1.8889e+005  0.75223 0.75223 0.75223   0.00104 0.06870   0.752 
0.06600  1.8868e+005  0.75215 0.75215 0.75215   0.00103 0.06873   0.752 
0.06700  1.8848e+005  0.75205 0.75205 0.75205   0.00101 0.06876   0.752 
0.06800  1.8828e+005  0.75197 0.75197 0.75197   0.00100 0.06879   0.752 
0.06900  1.8808e+005  0.75187 0.75187 0.75187   0.00098 0.06882   0.752 
0.07000  1.8788e+005  0.75176 0.75176 0.75176   0.00097 0.06885   0.752 
0.07100  1.8767e+005  0.75164 0.75164 0.75164   0.00096 0.06889   0.752 
0.07200  1.8747e+005  0.75152 0.75152 0.75152   0.00094 0.06892   0.752 
0.07300  1.8727e+005  0.75140 0.75140 0.75140   0.00093 0.06896   0.751 
0.07400  1.8707e+005  0.75127 0.75127 0.75127   0.00092 0.06900   0.751 
0.07500  1.8687e+005  0.75113 0.75113 0.75113   0.00091 0.06904   0.751 
0.07600  1.8666e+005  0.75099 0.75099 0.75099   0.00090 0.06909   0.751 
0.07700  1.8646e+005  0.75085 0.75085 0.75085   0.00089 0.06913   0.751 
0.07800  1.8626e+005  0.75070 0.75070 0.75070   0.00088 0.06918   0.751 
0.07900  1.8606e+005  0.75054 0.75054 0.75054   0.00087 0.06923   0.751 
0.08000  1.8586e+005  0.75038 0.75038 0.75038   0.00086 0.06928   0.750 
0.08100  1.8565e+005  0.75021 0.75021 0.75021   0.00085 0.06933   0.750 
0.08200  1.8545e+005  0.75005 0.75005 0.75005   0.00084 0.06938   0.750 
0.08300  1.8525e+005  0.74987 0.74987 0.74987   0.00083 0.06943   0.750 
0.08400  1.8505e+005  0.74969 0.74969 0.74969   0.00082 0.06949   0.750 
0.08500  1.8485e+005  0.74951 0.74951 0.74951   0.00081 0.06955   0.750 
0.08600  1.8464e+005  0.74933 0.74933 0.74933   0.00080 0.06960   0.749 
0.08700  1.8444e+005  0.74915 0.74915 0.74915   0.00079 0.06966   0.749 
0.08800  1.8424e+005  0.74896 0.74896 0.74896   0.00078 0.06972   0.749 
0.08900  1.8404e+005  0.74878 0.74878 0.74878   0.00078 0.06978   0.749 
0.09000  1.8384e+005  0.74859 0.74859 0.74859   0.00077 0.06983   0.749 
0.09100  1.8363e+005  0.74840 0.74840 0.74840   0.00076 0.06989   0.748 
0.09200  1.8343e+005  0.74821 0.74821 0.74821   0.00075 0.06995   0.748 
0.09300  1.8323e+005  0.74801 0.74801 0.74801   0.00074 0.07001   0.748 
0.09400  1.8303e+005  0.74782 0.74782 0.74782   0.00074 0.07007   0.748 
0.09500  1.8283e+005  0.74762 0.74762 0.74762   0.00073 0.07013   0.748 
0.09600  1.8262e+005  0.74744 0.74744 0.74744   0.00072 0.07019   0.747 
0.09700  1.8242e+005  0.74725 0.74725 0.74725   0.00072 0.07025   0.747 
0.09800  1.8222e+005  0.74705 0.74705 0.74705   0.00071 0.07031   0.747 
0.09900  1.8202e+005  0.74685 0.74685 0.74685   0.00070 0.07037   0.747 
0.10000  1.8182e+005  0.74665 0.74665 0.74665   0.00070 0.07044   0.747 
0.10100  1.8161e+005  0.74644 0.74644 0.74644   0.00069 0.07050   0.746 
0.10200  1.8141e+005  0.74624 0.74624 0.74624   0.00069 0.07056   0.746 
0.10300  1.8121e+005  0.74603 0.74603 0.74603   0.00068 0.07063   0.746 
0.10400  1.8101e+005  0.74583 0.74583 0.74583   0.00067 0.07069   0.746 
0.10500  1.8081e+005  0.74562 0.74562 0.74562   0.00067 0.07076   0.746 
0.10600  1.806e+005  0.74541 0.74541 0.74541   0.00066 0.07082   0.745 
0.10700  1.804e+005  0.74519 0.74519 0.74519   0.00066 0.07089   0.745 
0.10800  1.802e+005  0.74498 0.74498 0.74498   0.00065 0.07096   0.745 
0.10900  1.8e+005    0.74476 0.74476 0.74476   0.00065 0.07102   0.745 
0.11000  1.798e+005  0.74455 0.74455 0.74455   0.00064 0.07109   0.745 
0.11100  1.7959e+005  0.74433 0.74433 0.74433   0.00064 0.07116   0.744 
0.11200  1.7939e+005  0.74411 0.74411 0.74411   0.00063 0.07123   0.744 
0.11300  1.7919e+005  0.74391 0.74391 0.74391   0.00063 0.07129   0.744 
0.11400  1.7899e+005  0.74369 0.74369 0.74369   0.00062 0.07136   0.744 
0.11500  1.7879e+005  0.74346 0.74346 0.74346   0.00062 0.07143   0.743 
0.11600  1.7858e+005  0.74324 0.74324 0.74324   0.00061 0.07150   0.743 
0.11700  1.7838e+005  0.74301 0.74301 0.74301   0.00061 0.07157   0.743 
0.11800  1.7818e+005  0.74278 0.74278 0.74278   0.00060 0.07164   0.743 
0.11900  1.7798e+005  0.74255 0.74255 0.74255   0.00060 0.07171   0.743 
0.12000  1.7778e+005  0.74232 0.74232 0.74232   0.00059 0.07179   0.742 
0.12100  1.7757e+005  0.74211 0.74211 0.74211   0.00059 0.07185   0.742 
0.12200  1.7737e+005  0.74187 0.74187 0.74187   0.00058 0.07193   0.742 
0.12300  1.7717e+005  0.74163 0.74163 0.74163   0.00058 0.07200   0.742 
0.12400  1.7697e+005  0.74140 0.74140 0.74140   0.00058 0.07208   0.741 
0.12500  1.7677e+005  0.74116 0.74116 0.74116   0.00057 0.07215   0.741 
0.12600  1.7656e+005  0.74092 0.74092 0.74092   0.00057 0.07222   0.741 
0.12700  1.7636e+005  0.74068 0.74068 0.74068   0.00056 0.07230   0.741 
0.12800  1.7616e+005  0.74044 0.74044 0.74044   0.00056 0.07237   0.740 
0.12900  1.7596e+005  0.74020 0.74020 0.74020   0.00056 0.07245   0.740 
0.13000  1.7576e+005  0.73995 0.73995 0.73995   0.00055 0.07253   0.740 
0.13100  1.7555e+005  0.73971 0.73971 0.73971   0.00055 0.07260   0.740 
0.13200  1.7535e+005  0.73946 0.73946 0.73946   0.00055 0.07268   0.739 
0.13300  1.7515e+005  0.73921 0.73921 0.73921   0.00054 0.07276   0.739 
0.13400  1.7495e+005  0.73895 0.73895 0.73895   0.00054 0.07284   0.739 
0.13500  1.7475e+005  0.73870 0.73870 0.73870   0.00054 0.07292   0.739 
0.13600  1.7454e+005  0.73845 0.73845 0.73845   0.00053 0.07300   0.738 
0.13700  1.7434e+005  0.73819 0.73819 0.73819   0.00053 0.07308   0.738 
0.13800  1.7414e+005  0.73793 0.73793 0.73793   0.00053 0.07316   0.738 
0.13900  1.7394e+005  0.73768 0.73768 0.73768   0.00052 0.07324   0.738 
0.14000  1.7374e+005  0.73742 0.73742 0.73742   0.00052 0.07332   0.737 
0.14100  1.7353e+005  0.73718 0.73718 0.73718   0.00052 0.07340   0.737 
0.14200  1.7333e+005  0.73692 0.73692 0.73692   0.00051 0.07348   0.737 
0.14300  1.7313e+005  0.73666 0.73666 0.73666   0.00051 0.07356   0.737 
0.14400  1.7293e+005  0.73640 0.73640 0.73640   0.00051 0.07364   0.736 
0.14500  1.7273e+005  0.73614 0.73614 0.73614   0.00050 0.07373   0.736 
0.14600  1.7252e+005  0.73587 0.73587 0.73587   0.00050 0.07381   0.736 
0.14700  1.7232e+005  0.73561 0.73561 0.73561   0.00050 0.07389   0.736 
0.14800  1.7212e+005  0.73533 0.73533 0.73533   0.00050 0.07398   0.735 
0.14900  1.7192e+005  0.73508 0.73508 0.73508   0.00049 0.07406   0.735 
0.15000  1.7172e+005  0.73481 0.73481 0.73481   0.00049 0.07414   0.735 
0.15100  1.7151e+005  0.73454 0.73454 0.73454   0.00049 0.07423   0.735 
0.15200  1.7131e+005  0.73426 0.73426 0.73426   0.00049 0.07432   0.734 
0.15300  1.7111e+005  0.73398 0.73398 0.73398   0.00048 0.07440   0.734 
0.15400  1.7091e+005  0.73371 0.73371 0.73371   0.00048 0.07449   0.734 
0.15500  1.7071e+005  0.73343 0.73343 0.73343   0.00048 0.07458   0.733 
0.15600  1.705e+005  0.73315 0.73315 0.73315   0.00048 0.07467   0.733 
0.15700  1.703e+005  0.73287 0.73287 0.73287   0.00047 0.07476   0.733 
0.15800  1.701e+005  0.73259 0.73259 0.73259   0.00047 0.07484   0.733 
0.15900  1.699e+005  0.73231 0.73231 0.73231   0.00047 0.07493   0.732 
0.16000  1.697e+005  0.73202 0.73202 0.73202   0.00047 0.07502   0.732 
0.16100  1.6949e+005  0.73173 0.73173 0.73173   0.00046 0.07511   0.732 
0.16200  1.6929e+005  0.73144 0.73144 0.73144   0.00046 0.07521   0.731 
0.16300  1.6909e+005  0.73115 0.73115 0.73115   0.00046 0.07530   0.731 
0.16400  1.6889e+005  0.73086 0.73086 0.73086   0.00046 0.07539   0.731 
0.16500  1.6869e+005  0.73057 0.73057 0.73057   0.00045 0.07548   0.731 
0.16600  1.6848e+005  0.73028 0.73028 0.73028   0.00045 0.07557   0.730 
0.16700  1.6828e+005  0.72999 0.72999 0.72999   0.00045 0.07566   0.730 
0.16799  1.6808e+005  0.72970 0.72970 0.72970   0.00045 0.07576   0.730 
0.16899  1.6788e+005  0.72940 0.72940 0.72940   0.00045 0.07585   0.729 
0.16999  1.6768e+005  0.72911 0.72911 0.72911   0.00044 0.07594   0.729 
0.17099  1.6747e+005  0.72881 0.72881 0.72881   0.00044 0.07604   0.729 
0.17199  1.6727e+005  0.72851 0.72851 0.72851   0.00044 0.07613   0.729 
0.17299  1.6707e+005  0.72826 0.72826 0.72826   0.00044 0.07621   0.728 
0.17399  1.6687e+005  0.72796 0.72796 0.72796   0.00044 0.07631   0.728 
0.17499  1.6667e+005  0.72766 0.72766 0.72766   0.00043 0.07640   0.728 
0.17599  1.6646e+005  0.72736 0.72736 0.72736   0.00043 0.07650   0.727 
0.17699  1.6626e+005  0.72705 0.72705 0.72705   0.00043 0.07660   0.727 
0.17799  1.6606e+005  0.72674 0.72674 0.72674   0.00043 0.07670   0.727 
0.17899  1.6586e+005  0.72643 0.72643 0.72643   0.00043 0.07679   0.726 
0.17999  1.6566e+005  0.72612 0.72612 0.72612   0.00042 0.07689   0.726 
0.18099  1.6545e+005  0.72581 0.72581 0.72581   0.00042 0.07699   0.726 
0.18199  1.6525e+005  0.72550 0.72550 0.72550   0.00042 0.07709   0.725 
0.18299  1.6505e+005  0.72518 0.72518 0.72518   0.00042 0.07719   0.725 
0.18399  1.6485e+005  0.72487 0.72487 0.72487   0.00042 0.07729   0.725 
0.18499  1.6465e+005  0.72455 0.72455 0.72455   0.00042 0.07739   0.725 
0.18599  1.6444e+005  0.72423 0.72423 0.72423   0.00041 0.07749   0.724 
0.18699  1.6424e+005  0.72391 0.72391 0.72391   0.00041 0.07760   0.724 
0.18799  1.6404e+005  0.72359 0.72359 0.72359   0.00041 0.07770   0.724 
0.18899  1.6384e+005  0.72327 0.72327 0.72327   0.00041 0.07780   0.723 
0.18999  1.6364e+005  0.72295 0.72295 0.72295   0.00041 0.07790   0.723 
0.19099  1.6343e+005  0.72262 0.72262 0.72262   0.00041 0.07801   0.723 
0.19199  1.6323e+005  0.72230 0.72230 0.72230   0.00040 0.07811   0.722 
0.19299  1.6303e+005  0.72197 0.72197 0.72197   0.00040 0.07821   0.722 
0.19399  1.6283e+005  0.72164 0.72164 0.72164   0.00040 0.07832   0.722 
0.19499  1.6263e+005  0.72131 0.72131 0.72131   0.00040 0.07842   0.721 
0.19599  1.6242e+005  0.72099 0.72099 0.72099   0.00040 0.07853   0.721 
0.19699  1.6222e+005  0.72066 0.72066 0.72066   0.00040 0.07863   0.721 
0.19799  1.6202e+005  0.72032 0.72032 0.72032   0.00040 0.07874   0.720 
0.19899  1.6182e+005  0.71999 0.71999 0.71999   0.00039 0.07885   0.720 
0.19999  1.6162e+005  0.71981 0.71981 0.71981   0.00039 0.07891   0.720 
0.20099  1.6141e+005  0.71958 0.71958 0.71958   0.00039 0.07898   0.720 
0.20199  1.6121e+005  0.71931 0.71931 0.71931   0.00039 0.07907   0.719 
0.20299  1.6101e+005  0.71899 0.71899 0.71899   0.00039 0.07917   0.719 
0.20399  1.6081e+005  0.71866 0.71866 0.71866   0.00039 0.07927   0.719 
0.20499  1.6061e+005  0.71832 0.71832 0.71832   0.00039 0.07938   0.718 
0.20599  1.604e+005  0.71807 0.71807 0.71807   0.00038 0.07946   0.718 
0.20699  1.602e+005  0.71781 0.71781 0.71781   0.00038 0.07955   0.718 
0.20799  1.6e+005    0.71747 0.71747 0.71747   0.00038 0.07965   0.717 
0.20899  1.598e+005  0.71713 0.71713 0.71713   0.00038 0.07976   0.717 
0.20999  1.596e+005  0.71679 0.71679 0.71679   0.00038 0.07987   0.717 
0.21099  1.5939e+005  0.71646 0.71646 0.71646   0.00038 0.07998   0.716 
0.21199  1.5919e+005  0.71612 0.71612 0.71612   0.00038 0.08009   0.716 
0.21299  1.5899e+005  0.71577 0.71577 0.71577   0.00037 0.08020   0.716 
0.21399  1.5879e+005  0.71543 0.71543 0.71543   0.00037 0.08031   0.715 
0.21499  1.5859e+005  0.71508 0.71508 0.71508   0.00037 0.08042   0.715 
0.21599  1.5838e+005  0.71474 0.71474 0.71474   0.00037 0.08053   0.715 
0.21699  1.5818e+005  0.71438 0.71438 0.71438   0.00037 0.08065   0.714 
0.21799  1.5798e+005  0.71403 0.71403 0.71403   0.00037 0.08076   0.714 
0.21899  1.5778e+005  0.71368 0.71368 0.71368   0.00037 0.08087   0.714 
0.21999  1.5758e+005  0.71338 0.71338 0.71338   0.00037 0.08097   0.713 
0.22099  1.5737e+005  0.71303 0.71303 0.71303   0.00037 0.08108   0.713 
0.22199  1.5717e+005  0.71267 0.71267 0.71267   0.00036 0.08120   0.713 
0.22299  1.5697e+005  0.71232 0.71232 0.71232   0.00036 0.08131   0.712 
0.22399  1.5677e+005  0.71196 0.71196 0.71196   0.00036 0.08143   0.712 
0.22499  1.5657e+005  0.71160 0.71160 0.71160   0.00036 0.08154   0.712 
0.22599  1.5636e+005  0.71124 0.71124 0.71124   0.00036 0.08166   0.711 
0.22699  1.5616e+005  0.71088 0.71088 0.71088   0.00036 0.08177   0.711 
0.22799  1.5596e+005  0.71052 0.71052 0.71052   0.00036 0.08189   0.711 
0.22899  1.5576e+005  0.71016 0.71016 0.71016   0.00036 0.08201   0.710 
0.22999  1.5556e+005  0.70979 0.70979 0.70979   0.00036 0.08213   0.710 
0.23099  1.5535e+005  0.70943 0.70943 0.70943   0.00035 0.08224   0.709 
0.23199  1.5515e+005  0.70906 0.70906 0.70906   0.00035 0.08236   0.709 
0.23299  1.5495e+005  0.70869 0.70869 0.70869   0.00035 0.08248   0.709 
0.23399  1.5475e+005  0.70832 0.70832 0.70832   0.00035 0.08260   0.708 
0.23499  1.5455e+005  0.70795 0.70795 0.70795   0.00035 0.08272   0.708 
0.23599  1.5434e+005  0.70758 0.70758 0.70758   0.00035 0.08284   0.708 
0.23699  1.5414e+005  0.70720 0.70720 0.70720   0.00035 0.08296   0.707 
0.23799  1.5394e+005  0.70683 0.70683 0.70683   0.00035 0.08309   0.707 
0.23899  1.5374e+005  0.70646 0.70646 0.70646   0.00035 0.08321   0.706 
0.23999  1.5354e+005  0.70609 0.70609 0.70609   0.00035 0.08333   0.706 
0.24099  1.5333e+005  0.70572 0.70572 0.70572   0.00034 0.08345   0.706 
0.24199  1.5313e+005  0.70535 0.70535 0.70535   0.00034 0.08357   0.705 
0.24299  1.5293e+005  0.70497 0.70497 0.70497   0.00034 0.08369   0.705 
0.24399  1.5273e+005  0.70458 0.70458 0.70458   0.00034 0.08382   0.705 
0.24499  1.5253e+005  0.70420 0.70420 0.70420   0.00034 0.08394   0.704 
0.24599  1.5232e+005  0.70382 0.70382 0.70382   0.00034 0.08406   0.704 
0.24699  1.5212e+005  0.70344 0.70344 0.70344   0.00034 0.08419   0.703 
0.24799  1.5192e+005  0.70305 0.70305 0.70305   0.00034 0.08431   0.703 
0.24899  1.5172e+005  0.70266 0.70266 0.70266   0.00034 0.08444   0.703 
0.24999  1.5152e+005  0.70227 0.70227 0.70227   0.00034 0.08457   0.702 
0.25099  1.5131e+005  0.70188 0.70188 0.70188   0.00034 0.08469   0.702 
0.25199  1.5111e+005  0.70149 0.70149 0.70149   0.00034 0.08482   0.701 
0.25299  1.5091e+005  0.70110 0.70110 0.70110   0.00033 0.08495   0.701 
0.25399  1.5071e+005  0.70071 0.70071 0.70071   0.00033 0.08508   0.701 
0.25499  1.5051e+005  0.70032 0.70032 0.70032   0.00033 0.08520   0.700 
0.25599  1.503e+005  0.69992 0.69992 0.69992   0.00033 0.08533   0.700 
0.25699  1.501e+005  0.69956 0.69956 0.69956   0.00033 0.08545   0.700 
0.25799  1.499e+005  0.69917 0.69917 0.69917   0.00033 0.08558   0.699 
0.25899  1.497e+005  0.69877 0.69877 0.69877   0.00033 0.08571   0.699 
0.25999  1.495e+005  0.69836 0.69836 0.69836   0.00033 0.08584   0.698 
0.26099  1.4929e+005  0.69797 0.69797 0.69797   0.00033 0.08597   0.698 
0.26199  1.4909e+005  0.69757 0.69757 0.69757   0.00033 0.08610   0.698 
0.26299  1.4889e+005  0.69716 0.69716 0.69716   0.00033 0.08624   0.697 
0.26399  1.4869e+005  0.69676 0.69676 0.69676   0.00033 0.08637   0.697 
0.26499  1.4849e+005  0.69635 0.69635 0.69635   0.00033 0.08650   0.696 
0.26599  1.4828e+005  0.69597 0.69597 0.69597   0.00032 0.08663   0.696 
0.26699  1.4808e+005  0.69556 0.69556 0.69556   0.00032 0.08676   0.696 
0.26799  1.4788e+005  0.69515 0.69515 0.69515   0.00032 0.08690   0.695 
0.26899  1.4768e+005  0.69474 0.69474 0.69474   0.00032 0.08703   0.695 
0.26999  1.4748e+005  0.69433 0.69433 0.69433   0.00032 0.08717   0.694 
0.27099  1.4727e+005  0.69393 0.69393 0.69393   0.00032 0.08730   0.694 
0.27199  1.4707e+005  0.69357 0.69357 0.69357   0.00032 0.08742   0.694 
0.27299  1.4687e+005  0.69321 0.69321 0.69321   0.00032 0.08753   0.693 
0.27399  1.4667e+005  0.69280 0.69280 0.69280   0.00032 0.08767   0.693 
0.27499  1.4647e+005  0.69238 0.69238 0.69238   0.00032 0.08781   0.692 
0.27599  1.4626e+005  0.69196 0.69196 0.69196   0.00032 0.08795   0.692 
0.27699  1.4606e+005  0.69154 0.69154 0.69154   0.00032 0.08809   0.692 
0.27799  1.4586e+005  0.69112 0.69112 0.69112   0.00032 0.08823   0.691 
0.27899  1.4566e+005  0.69069 0.69069 0.69069   0.00032 0.08836   0.691 
0.27998  1.4546e+005  0.69027 0.69027 0.69027   0.00031 0.08850   0.690 
0.28098  1.4525e+005  0.68984 0.68984 0.68984   0.00031 0.08865   0.690 
0.28198  1.4505e+005  0.68941 0.68941 0.68941   0.00031 0.08879   0.689 
0.28298  1.4485e+005  0.68898 0.68898 0.68898   0.00031 0.08893   0.689 
0.28398  1.4465e+005  0.68855 0.68855 0.68855   0.00031 0.08907   0.689 
0.28498  1.4445e+005  0.68812 0.68812 0.68812   0.00031 0.08921   0.688 
0.28598  1.4424e+005  0.68769 0.68769 0.68769   0.00031 0.08936   0.688 
0.28698  1.4404e+005  0.68726 0.68726 0.68726   0.00031 0.08950   0.687 
0.28798  1.4384e+005  0.68682 0.68682 0.68682   0.00031 0.08964   0.687 
0.28898  1.4364e+005  0.68638 0.68638 0.68638   0.00031 0.08979   0.686 
0.28998  1.4344e+005  0.68596 0.68596 0.68596   0.00031 0.08993   0.686 
0.29098  1.4323e+005  0.68552 0.68552 0.68552   0.00031 0.09008   0.686 
0.29198  1.4303e+005  0.68507 0.68507 0.68507   0.00031 0.09022   0.685 
0.29298  1.4283e+005  0.68463 0.68463 0.68463   0.00031 0.09037   0.685 
0.29398  1.4263e+005  0.68419 0.68419 0.68419   0.00031 0.09052   0.684 
0.29498  1.4243e+005  0.68375 0.68375 0.68375   0.00031 0.09066   0.684 
0.29598  1.4222e+005  0.68332 0.68332 0.68332   0.00031 0.09081   0.683 
0.29698  1.4202e+005  0.68287 0.68287 0.68287   0.00031 0.09096   0.683 
0.29798  1.4182e+005  0.68243 0.68243 0.68243   0.00030 0.09110   0.682 
0.29898  1.4162e+005  0.68198 0.68198 0.68198   0.00030 0.09125   0.682 
0.29998  1.4142e+005  0.68152 0.68152 0.68152   0.00030 0.09141   0.682 
0.30098  1.4121e+005  0.68107 0.68107 0.68107   0.00030 0.09156   0.681 
0.30198  1.4101e+005  0.68062 0.68062 0.68062   0.00030 0.09171   0.681 
0.30298  1.4081e+005  0.68017 0.68017 0.68017   0.00030 0.09186   0.680 
0.30398  1.4061e+005  0.67971 0.67971 0.67971   0.00030 0.09201   0.680 
0.30498  1.4041e+005  0.67925 0.67925 0.67925   0.00030 0.09216   0.679 
0.30598  1.402e+005  0.67879 0.67879 0.67879   0.00030 0.09232   0.679 
0.30698  1.4e+005    0.67833 0.67833 0.67833   0.00030 0.09247   0.678 
0.30798  1.398e+005  0.67787 0.67787 0.67787   0.00030 0.09263   0.678 
0.30898  1.396e+005  0.67741 0.67741 0.67741   0.00030 0.09278   0.677 
0.30998  1.394e+005  0.67694 0.67694 0.67694   0.00030 0.09294   0.677 
0.31098  1.3919e+005  0.67647 0.67647 0.67647   0.00030 0.09309   0.676 
0.31198  1.3899e+005  0.67600 0.67600 0.67600   0.00030 0.09325   0.676 
0.31298  1.3879e+005  0.67554 0.67554 0.67554   0.00030 0.09341   0.676 
0.31398  1.3859e+005  0.67507 0.67507 0.67507   0.00030 0.09356   0.675 
0.31498  1.3839e+005  0.67464 0.67464 0.67464   0.00030 0.09371   0.675 
0.31598  1.3818e+005  0.67417 0.67417 0.67417   0.00030 0.09387   0.674 
0.31698  1.3798e+005  0.67369 0.67369 0.67369   0.00030 0.09403   0.674 
0.31798  1.3778e+005  0.67327 0.67327 0.67327   0.00030 0.09417   0.673 
0.31898  1.3758e+005  0.67284 0.67284 0.67284   0.00029 0.09431   0.673 
0.31998  1.3738e+005  0.67237 0.67237 0.67237   0.00029 0.09447   0.672 
0.32098  1.3717e+005  0.67189 0.67189 0.67189   0.00029 0.09463   0.672 
0.32198  1.3697e+005  0.67141 0.67141 0.67141   0.00029 0.09480   0.671 
0.32298  1.3677e+005  0.67093 0.67093 0.67093   0.00029 0.09496   0.671 
0.32398  1.3657e+005  0.67044 0.67044 0.67044   0.00029 0.09512   0.670 
0.32498  1.3637e+005  0.66996 0.66996 0.66996   0.00029 0.09528   0.670 
0.32598  1.3616e+005  0.66947 0.66947 0.66947   0.00029 0.09545   0.669 
0.32698  1.3596e+005  0.66901 0.66901 0.66901   0.00029 0.09561   0.669 
0.32798  1.3576e+005  0.66853 0.66853 0.66853   0.00029 0.09577   0.669 
0.32898  1.3556e+005  0.66803 0.66803 0.66803   0.00029 0.09594   0.668 
0.32998  1.3536e+005  0.66755 0.66755 0.66755   0.00029 0.09610   0.668 
0.33098  1.3515e+005  0.66705 0.66705 0.66705   0.00029 0.09627   0.667 
0.33198  1.3495e+005  0.66657 0.66657 0.66657   0.00029 0.09643   0.667 
0.33298  1.3475e+005  0.66607 0.66607 0.66607   0.00029 0.09660   0.666 
0.33398  1.3455e+005  0.66568 0.66568 0.66568   0.00029 0.09673   0.666 
0.33498  1.3435e+005  0.66521 0.66521 0.66521   0.00029 0.09689   0.665 
0.33598  1.3414e+005  0.66473 0.66473 0.66473   0.00029 0.09706   0.665 
0.33698  1.3394e+005  0.66425 0.66425 0.66425   0.00029 0.09722   0.664 
0.33798  1.3374e+005  0.66375 0.66375 0.66375   0.00029 0.09739   0.664 
0.33898  1.3354e+005  0.66325 0.66325 0.66325   0.00029 0.09756   0.663 
0.33998  1.3334e+005  0.66275 0.66275 0.66275   0.00029 0.09773   0.663 
0.34098  1.3313e+005  0.66224 0.66224 0.66224   0.00029 0.09790   0.662 
0.34198  1.3293e+005  0.66173 0.66173 0.66173   0.00029 0.09808   0.662 
0.34298  1.3273e+005  0.66122 0.66122 0.66122   0.00029 0.09825   0.661 
0.34398  1.3253e+005  0.66071 0.66071 0.66071   0.00029 0.09842   0.661 
0.34498  1.3233e+005  0.66020 0.66020 0.66020   0.00028 0.09860   0.660 
0.34598  1.3212e+005  0.65969 0.65969 0.65969   0.00028 0.09877   0.660 
0.34698  1.3192e+005  0.65917 0.65917 0.65917   0.00028 0.09895   0.659 
0.34798  1.3172e+005  0.65865 0.65865 0.65865   0.00028 0.09913   0.659 
0.34898  1.3152e+005  0.65814 0.65814 0.65814   0.00028 0.09930   0.658 
0.34998  1.3132e+005  0.65762 0.65762 0.65762   0.00028 0.09948   0.658 
0.35098  1.3111e+005  0.65710 0.65710 0.65710   0.00028 0.09966   0.657 
0.35198  1.3091e+005  0.65658 0.65658 0.65658   0.00028 0.09984   0.657 
0.35298  1.3071e+005  0.65621 0.65621 0.65621   0.00028 0.09996   0.656 
0.35398  1.3051e+005  0.65581 0.65581 0.65581   0.00028 0.10010   0.656 
0.35498  1.3031e+005  0.65531 0.65531 0.65531   0.00028 0.10027   0.655 
0.35598  1.301e+005  0.65478 0.65478 0.65478   0.00028 0.10045   0.655 
0.35698  1.299e+005  0.65426 0.65426 0.65426   0.00028 0.10063   0.654 
0.35798  1.297e+005  0.65375 0.65375 0.65375   0.00028 0.10081   0.654 
0.35898  1.295e+005  0.65323 0.65323 0.65323   0.00028 0.10099   0.653 
0.35998  1.293e+005  0.65269 0.65269 0.65269   0.00028 0.10117   0.653 
0.36098  1.2909e+005  0.65216 0.65216 0.65216   0.00028 0.10135   0.652 
0.36198  1.2889e+005  0.65163 0.65163 0.65163   0.00028 0.10154   0.652 
0.36298  1.2869e+005  0.65110 0.65110 0.65110   0.00028 0.10172   0.651 
0.36398  1.2849e+005  0.65056 0.65056 0.65056   0.00028 0.10191   0.651 
0.36498  1.2829e+005  0.65004 0.65004 0.65004   0.00028 0.10209   0.650 
0.36598  1.2808e+005  0.64950 0.64950 0.64950   0.00028 0.10227   0.650 
0.36698  1.2788e+005  0.64896 0.64896 0.64896   0.00028 0.10246   0.649 
0.36798  1.2768e+005  0.64842 0.64842 0.64842   0.00028 0.10265   0.648 
0.36898  1.2748e+005  0.64787 0.64787 0.64787   0.00028 0.10284   0.648 
0.36998  1.2728e+005  0.64733 0.64733 0.64733   0.00028 0.10302   0.647 
0.37098  1.2707e+005  0.64678 0.64678 0.64678   0.00028 0.10321   0.647 
0.37198  1.2687e+005  0.64624 0.64624 0.64624   0.00028 0.10340   0.646 
0.37298  1.2667e+005  0.64569 0.64569 0.64569   0.00028 0.10359   0.646 
0.37398  1.2647e+005  0.64513 0.64513 0.64513   0.00028 0.10378   0.645 
0.37498  1.2627e+005  0.64460 0.64460 0.64460   0.00028 0.10397   0.645 
0.37598  1.2606e+005  0.64405 0.64405 0.64405   0.00028 0.10416   0.644 
0.37698  1.2586e+005  0.64349 0.64349 0.64349   0.00028 0.10436   0.643 
0.37798  1.2566e+005  0.64294 0.64294 0.64294   0.00028 0.10455   0.643 
0.37898  1.2546e+005  0.64238 0.64238 0.64238   0.00028 0.10474   0.642 
0.37998  1.2526e+005  0.64182 0.64182 0.64182   0.00028 0.10494   0.642 
0.38098  1.2505e+005  0.64126 0.64126 0.64126   0.00028 0.10513   0.641 
0.38198  1.2485e+005  0.64069 0.64069 0.64069   0.00028 0.10533   0.641 
0.38298  1.2465e+005  0.64013 0.64013 0.64013   0.00027 0.10553   0.640 
0.38398  1.2445e+005  0.63956 0.63956 0.63956   0.00027 0.10573   0.640 
0.38498  1.2425e+005  0.63899 0.63899 0.63899   0.00027 0.10592   0.639 
0.38598  1.2404e+005  0.63843 0.63843 0.63843   0.00027 0.10612   0.638 
0.38698  1.2384e+005  0.63793 0.63793 0.63793   0.00027 0.10630   0.638 
0.38798  1.2364e+005  0.63737 0.63737 0.63737   0.00027 0.10649   0.637 
0.38898  1.2344e+005  0.63680 0.63680 0.63680   0.00027 0.10669   0.637 
0.38998  1.2324e+005  0.63625 0.63625 0.63625   0.00027 0.10689   0.636 
0.39098  1.2303e+005  0.63569 0.63569 0.63569   0.00027 0.10708   0.636 
0.39197  1.2283e+005  0.63514 0.63514 0.63514   0.00027 0.10727   0.635 
0.39297  1.2263e+005  0.63457 0.63457 0.63457   0.00027 0.10748   0.635 
0.39397  1.2243e+005  0.63399 0.63399 0.63399   0.00027 0.10768   0.634 
0.39497  1.2223e+005  0.63341 0.63341 0.63341   0.00027 0.10789   0.633 
0.39597  1.2202e+005  0.63282 0.63282 0.63282   0.00027 0.10809   0.633 
0.39697  1.2182e+005  0.63224 0.63224 0.63224   0.00027 0.10830   0.632 
0.39797  1.2162e+005  0.63165 0.63165 0.63165   0.00027 0.10850   0.632 
0.39897  1.2142e+005  0.63107 0.63107 0.63107   0.00027 0.10871   0.631 
0.39997  1.2122e+005  0.63049 0.63049 0.63049   0.00027 0.10891   0.630 
0.40097  1.2101e+005  0.62991 0.62991 0.62991   0.00027 0.10912   0.630 
0.40197  1.2081e+005  0.62936 0.62936 0.62936   0.00027 0.10931   0.629 
0.40297  1.2061e+005  0.62879 0.62879 0.62879   0.00027 0.10952   0.629 
0.40397  1.2041e+005  0.62820 0.62820 0.62820   0.00027 0.10972   0.628 
0.40497  1.2021e+005  0.62763 0.62763 0.62763   0.00027 0.10993   0.628 
0.40597  1.2e+005    0.62709 0.62709 0.62709   0.00027 0.11012   0.627 
0.40697  1.198e+005  0.62650 0.62650 0.62650   0.00027 0.11033   0.626 
0.40797  1.196e+005  0.62590 0.62590 0.62590   0.00027 0.11054   0.626 
0.40897  1.194e+005  0.62531 0.62531 0.62531   0.00027 0.11075   0.625 
0.40997  1.192e+005  0.62471 0.62471 0.62471   0.00027 0.11096   0.625 
0.41097  1.1899e+005  0.62410 0.62410 0.62410   0.00027 0.11118   0.624 
0.41197  1.1879e+005  0.62353 0.62353 0.62353   0.00027 0.11138   0.624 
0.41297  1.1859e+005  0.62293 0.62293 0.62293   0.00027 0.11160   0.623 
0.41397  1.1839e+005  0.62236 0.62236 0.62236   0.00027 0.11180   0.622 
0.41497  1.1819e+005  0.62175 0.62175 0.62175   0.00027 0.11202   0.622 
0.41597  1.1798e+005  0.62115 0.62115 0.62115   0.00027 0.11223   0.621 
0.41697  1.1778e+005  0.62054 0.62054 0.62054   0.00027 0.11245   0.621 
0.41797  1.1758e+005  0.61993 0.61993 0.61993   0.00027 0.11267   0.620 
0.41897  1.1738e+005  0.61932 0.61932 0.61932   0.00027 0.11289   0.619 
0.41997  1.1718e+005  0.61871 0.61871 0.61871   0.00027 0.11311   0.619 
0.42097  1.1697e+005  0.61809 0.61809 0.61809   0.00027 0.11333   0.618 
0.42197  1.1677e+005  0.61747 0.61747 0.61747   0.00027 0.11355   0.617 
0.42297  1.1657e+005  0.61686 0.61686 0.61686   0.00027 0.11377   0.617 
0.42397  1.1637e+005  0.61623 0.61623 0.61623   0.00027 0.11399   0.616 
0.42497  1.1617e+005  0.61561 0.61561 0.61561   0.00027 0.11422   0.616 
0.42597  1.1596e+005  0.61499 0.61499 0.61499   0.00027 0.11444   0.615 
0.42697  1.1576e+005  0.61438 0.61438 0.61438   0.00027 0.11466   0.614 
0.42797  1.1556e+005  0.61376 0.61376 0.61376   0.00027 0.11488   0.614 
0.42897  1.1536e+005  0.61314 0.61314 0.61314   0.00027 0.11511   0.613 
0.42997  1.1516e+005  0.61251 0.61251 0.61251   0.00027 0.11534   0.613 
0.43097  1.1495e+005  0.61188 0.61188 0.61188   0.00027 0.11556   0.612 
0.43197  1.1475e+005  0.61126 0.61126 0.61126   0.00027 0.11579   0.611 
0.43297  1.1455e+005  0.61064 0.61064 0.61064   0.00027 0.11601   0.611 
0.43397  1.1435e+005  0.61001 0.61001 0.61001   0.00027 0.11624   0.610 
0.43497  1.1415e+005  0.60938 0.60938 0.60938   0.00027 0.11647   0.609 
0.43597  1.1394e+005  0.60876 0.60876 0.60876   0.00027 0.11669   0.609 
0.43697  1.1374e+005  0.60813 0.60813 0.60813   0.00027 0.11692   0.608 
0.43797  1.1354e+005  0.60748 0.60748 0.60748   0.00027 0.11716   0.607 
0.43897  1.1334e+005  0.60685 0.60685 0.60685   0.00027 0.11739   0.607 
0.43997  1.1314e+005  0.60621 0.60621 0.60621   0.00027 0.11762   0.606 
0.44097  1.1293e+005  0.60557 0.60557 0.60557   0.00027 0.11785   0.606 
0.44197  1.1273e+005  0.60492 0.60492 0.60492   0.00027 0.11809   0.605 
0.44297  1.1253e+005  0.60428 0.60428 0.60428   0.00027 0.11832   0.604 
0.44397  1.1233e+005  0.60364 0.60364 0.60364   0.00027 0.11856   0.604 
0.44497  1.1213e+005  0.60299 0.60299 0.60299   0.00027 0.11879   0.603 
0.44597  1.1192e+005  0.60234 0.60234 0.60234   0.00027 0.11903   0.602 
0.44697  1.1172e+005  0.60169 0.60169 0.60169   0.00027 0.11927   0.602 
0.44797  1.1152e+005  0.60107 0.60107 0.60107   0.00027 0.11949   0.601 
0.44897  1.1132e+005  0.60042 0.60042 0.60042   0.00027 0.11973   0.600 
0.44997  1.1112e+005  0.59977 0.59977 0.59977   0.00027 0.11997   0.600 
0.45097  1.1091e+005  0.59911 0.59911 0.59911   0.00027 0.12021   0.599 
0.45197  1.1071e+005  0.59845 0.59845 0.59845   0.00027 0.12046   0.598 
0.45297  1.1051e+005  0.59780 0.59780 0.59780   0.00027 0.12070   0.598 
0.45397  1.1031e+005  0.59714 0.59714 0.59714   0.00027 0.12094   0.597 
0.45497  1.1011e+005  0.59648 0.59648 0.59648   0.00027 0.12118   0.596 
0.45597  1.099e+005  0.59581 0.59581 0.59581   0.00027 0.12143   0.596 
0.45697  1.097e+005  0.59515 0.59515 0.59515   0.00027 0.12167   0.595 
0.45797  1.095e+005  0.59448 0.59448 0.59448   0.00027 0.12192   0.594 
0.45897  1.093e+005  0.59382 0.59382 0.59382   0.00027 0.12216   0.594 
0.45997  1.091e+005  0.59315 0.59315 0.59315   0.00027 0.12241   0.593 
0.46097  1.0889e+005  0.59248 0.59248 0.59248   0.00027 0.12266   0.592 
0.46197  1.0869e+005  0.59180 0.59180 0.59180   0.00027 0.12291   0.592 
0.46297  1.0849e+005  0.59113 0.59113 0.59113   0.00027 0.12316   0.591 
0.46397  1.0829e+005  0.59045 0.59045 0.59045   0.00027 0.12341   0.590 
0.46497  1.0809e+005  0.58977 0.58977 0.58977   0.00027 0.12366   0.590 
0.46597  1.0788e+005  0.58909 0.58909 0.58909   0.00027 0.12392   0.589 
0.46697  1.0768e+005  0.58841 0.58841 0.58841   0.00027 0.12417   0.588 
0.46797  1.0748e+005  0.58773 0.58773 0.58773   0.00027 0.12442   0.588 
0.46897  1.0728e+005  0.58705 0.58705 0.58705   0.00027 0.12468   0.587 
0.46997  1.0708e+005  0.58641 0.58641 0.58641   0.00027 0.12492   0.586 
0.47097  1.0687e+005  0.58572 0.58572 0.58572   0.00027 0.12517   0.586 
0.47197  1.0667e+005  0.58503 0.58503 0.58503   0.00027 0.12543   0.585 
0.47297  1.0647e+005  0.58435 0.58435 0.58435   0.00027 0.12568   0.584 
0.47397  1.0627e+005  0.58366 0.58366 0.58366   0.00027 0.12594   0.584 
0.47497  1.0607e+005  0.58298 0.58298 0.58298   0.00027 0.12620   0.583 
0.47597  1.0586e+005  0.58229 0.58229 0.58229   0.00027 0.12646   0.582 
0.47697  1.0566e+005  0.58159 0.58159 0.58159   0.00027 0.12672   0.582 
0.47797  1.0546e+005  0.58090 0.58090 0.58090   0.00027 0.12698   0.581 
0.47897  1.0526e+005  0.58021 0.58021 0.58021   0.00027 0.12724   0.580 
0.47997  1.0506e+005  0.57952 0.57952 0.57952   0.00027 0.12750   0.580 
0.48097  1.0485e+005  0.57882 0.57882 0.57882   0.00027 0.12776   0.579 
0.48197  1.0465e+005  0.57812 0.57812 0.57812   0.00027 0.12802   0.578 
0.48297  1.0445e+005  0.57742 0.57742 0.57742   0.00027 0.12829   0.577 
0.48397  1.0425e+005  0.57672 0.57672 0.57672   0.00027 0.12855   0.577 
0.48497  1.0405e+005  0.57602 0.57602 0.57602   0.00027 0.12882   0.576 
0.48597  1.0384e+005  0.57532 0.57532 0.57532   0.00027 0.12908   0.575 
0.48697  1.0364e+005  0.57464 0.57464 0.57464   0.00027 0.12934   0.575 
0.48797  1.0344e+005  0.57393 0.57393 0.57393   0.00027 0.12961   0.574 
0.48897  1.0324e+005  0.57322 0.57322 0.57322   0.00027 0.12988   0.573 
0.48997  1.0304e+005  0.57251 0.57251 0.57251   0.00027 0.13015   0.573 
0.49097  1.0283e+005  0.57180 0.57180 0.57180   0.00027 0.13042   0.572 
0.49197  1.0263e+005  0.57111 0.57111 0.57111   0.00027 0.13068   0.571 
0.49297  1.0243e+005  0.57040 0.57040 0.57040   0.00027 0.13095   0.570 
0.49397  1.0223e+005  0.56969 0.56969 0.56969   0.00027 0.13122   0.570 
0.49497  1.0203e+005  0.56898 0.56898 0.56898   0.00027 0.13149   0.569 
0.49597  1.0182e+005  0.56828 0.56828 0.56828   0.00027 0.13176   0.568 
0.49697  1.0162e+005  0.56755 0.56755 0.56755   0.00027 0.13204   0.568 
0.49797  1.0142e+005  0.56683 0.56683 0.56683   0.00027 0.13231   0.567 
0.49897  1.0122e+005  0.56614 0.56614 0.56614   0.00027 0.13258   0.566 
0.49997  1.0102e+005  0.56542 0.56542 0.56542   0.00027 0.13285   0.565 
0.50097  1.0081e+005  0.56469 0.56469 0.56469   0.00027 0.13313   0.565 
0.50197  1.0061e+005  0.56396 0.56396 0.56396   0.00027 0.13341   0.564 
0.50297  1.0041e+005  0.56325 0.56325 0.56325   0.00027 0.13369   0.563 
0.50397  1.0021e+005  0.56251 0.56251 0.56251   0.00027 0.13397   0.563 
0.50496  1.0001e+005  0.56178 0.56178 0.56178   0.00027 0.13425   0.562 
0.50596  99804       0.56105 0.56105 0.56105   0.00027 0.13453   0.561 
0.50696  99602       0.56031 0.56031 0.56031   0.00027 0.13482   0.560 
0.50796  99400       0.55958 0.55958 0.55958   0.00027 0.13510   0.560 
0.50896  99198       0.55884 0.55884 0.55884   0.00027 0.13539   0.559 
0.50996  98996       0.55811 0.55811 0.55811   0.00027 0.13567   0.558 
0.51096  98794       0.55737 0.55737 0.55737   0.00027 0.13596   0.557 
0.51196  98592       0.55663 0.55663 0.55663   0.00027 0.13624   0.557 
0.51296  98390       0.55591 0.55591 0.55591   0.00027 0.13652   0.556 
0.51396  98188       0.55517 0.55517 0.55517   0.00027 0.13681   0.555 
0.51496  97986       0.55443 0.55443 0.55443   0.00027 0.13710   0.554 
0.51596  97784       0.55369 0.55369 0.55369   0.00027 0.13739   0.554 
0.51696  97582       0.55294 0.55294 0.55294   0.00027 0.13768   0.553 
0.51796  97380       0.55219 0.55219 0.55219   0.00027 0.13797   0.552 
0.51896  97178       0.55151 0.55151 0.55151   0.00027 0.13824   0.552 
0.51996  96976       0.55076 0.55076 0.55076   0.00027 0.13853   0.551 
0.52096  96774       0.55001 0.55001 0.55001   0.00027 0.13882   0.550 
0.52196  96572       0.54925 0.54925 0.54925   0.00027 0.13912   0.549 
0.52296  96370       0.54849 0.54849 0.54849   0.00027 0.13942   0.548 
0.52396  96168       0.54773 0.54773 0.54773   0.00027 0.13972   0.548 
0.52496  95966       0.54697 0.54697 0.54697   0.00027 0.14002   0.547 
0.52596  95764       0.54622 0.54622 0.54622   0.00027 0.14031   0.546 
0.52696  95562       0.54548 0.54548 0.54548   0.00027 0.14060   0.545 
0.52796  95360       0.54474 0.54474 0.54474   0.00027 0.14089   0.545 
0.52896  95158       0.54397 0.54397 0.54397   0.00027 0.14120   0.544 
0.52996  94956       0.54321 0.54321 0.54321   0.00027 0.14150   0.543 
0.53096  94754       0.54245 0.54245 0.54245   0.00027 0.14180   0.542 
0.53196  94552       0.54169 0.54169 0.54169   0.00027 0.14210   0.542 
0.53296  94350       0.54092 0.54092 0.54092   0.00027 0.14240   0.541 
0.53396  94148       0.54014 0.54014 0.54014   0.00027 0.14271   0.540 
0.53496  93946       0.53937 0.53937 0.53937   0.00027 0.14302   0.539 
0.53596  93744       0.53860 0.53860 0.53860   0.00027 0.14333   0.539 
0.53696  93542       0.53782 0.53782 0.53782   0.00027 0.14363   0.538 
0.53796  93340       0.53705 0.53705 0.53705   0.00027 0.14394   0.537 
0.53896  93138       0.53627 0.53627 0.53627   0.00027 0.14425   0.536 
0.53996  92936       0.53549 0.53549 0.53549   0.00027 0.14456   0.535 
0.54096  92734       0.53473 0.53473 0.53473   0.00027 0.14487   0.535 
0.54196  92532       0.53396 0.53396 0.53396   0.00027 0.14518   0.534 
0.54296  92330       0.53317 0.53317 0.53317   0.00027 0.14549   0.533 
0.54396  92128       0.53239 0.53239 0.53239   0.00027 0.14581   0.532 
0.54496  91926       0.53163 0.53163 0.53163   0.00027 0.14611   0.532 
0.54596  91724       0.53085 0.53085 0.53085   0.00027 0.14642   0.531 
0.54696  91522       0.53007 0.53007 0.53007   0.00027 0.14674   0.530 
0.54796  91320       0.52929 0.52929 0.52929   0.00027 0.14705   0.529 
0.54896  91118       0.52850 0.52850 0.52850   0.00027 0.14737   0.528 
0.54996  90916       0.52771 0.52771 0.52771   0.00027 0.14769   0.528 
0.55096  90714       0.52692 0.52692 0.52692   0.00027 0.14800   0.527 
0.55196  90512       0.52613 0.52613 0.52613   0.00027 0.14833   0.526 
0.55296  90310       0.52534 0.52534 0.52534   0.00027 0.14865   0.525 
0.55396  90108       0.52455 0.52455 0.52455   0.00027 0.14897   0.525 
0.55496  89906       0.52376 0.52376 0.52376   0.00027 0.14929   0.524 
0.55596  89704       0.52296 0.52296 0.52296   0.00027 0.14961   0.523 
0.55696  89502       0.52218 0.52218 0.52218   0.00027 0.14993   0.522 
0.55796  89300       0.52139 0.52139 0.52139   0.00027 0.15025   0.521 
0.55896  89098       0.52061 0.52061 0.52061   0.00027 0.15057   0.521 
0.55996  88896       0.51980 0.51980 0.51980   0.00027 0.15090   0.520 
0.56096  88694       0.51906 0.51906 0.51906   0.00027 0.15120   0.519 
0.56196  88492       0.51835 0.51835 0.51835   0.00027 0.15149   0.518 
0.56296  88290       0.51756 0.51756 0.51756   0.00027 0.15182   0.518 
0.56396  88088       0.51677 0.51677 0.51677   0.00027 0.15214   0.517 
0.56496  87886       0.51597 0.51597 0.51597   0.00027 0.15247   0.516 
0.56596  87684       0.51517 0.51517 0.51517   0.00027 0.15280   0.515 
0.56696  87482       0.51435 0.51435 0.51435   0.00027 0.15313   0.514 
0.56796  87280       0.51355 0.51355 0.51355   0.00027 0.15346   0.514 
0.56896  87078       0.51274 0.51274 0.51274   0.00027 0.15380   0.513 
0.56996  86876       0.51193 0.51193 0.51193   0.00027 0.15413   0.512 
0.57096  86674       0.51113 0.51113 0.51113   0.00027 0.15446   0.511 
0.57196  86472       0.51031 0.51031 0.51031   0.00027 0.15480   0.510 
0.57296  86270       0.50949 0.50949 0.50949   0.00027 0.15514   0.509 
0.57396  86068       0.50868 0.50868 0.50868   0.00027 0.15548   0.509 
0.57496  85866       0.50786 0.50786 0.50786   0.00027 0.15582   0.508 
0.57596  85664       0.50704 0.50704 0.50704   0.00027 0.15616   0.507 
0.57696  85462       0.50623 0.50623 0.50623   0.00027 0.15650   0.506 
0.57796  85260       0.50540 0.50540 0.50540   0.00027 0.15684   0.505 
0.57896  85058       0.50458 0.50458 0.50458   0.00027 0.15719   0.505 
0.57996  84856       0.50375 0.50375 0.50375   0.00027 0.15753   0.504 
0.58096  84654       0.50300 0.50300 0.50300   0.00027 0.15785   0.503 
0.58196  84452       0.50217 0.50217 0.50217   0.00027 0.15819   0.502 
0.58296  84250       0.50134 0.50134 0.50134   0.00027 0.15854   0.501 
0.58396  84048       0.50051 0.50051 0.50051   0.00027 0.15889   0.501 
0.58496  83846       0.49968 0.49968 0.49968   0.00027 0.15924   0.500 
0.58596  83644       0.49885 0.49885 0.49885   0.00027 0.15959   0.499 
0.58696  83442       0.49802 0.49802 0.49802   0.00027 0.15994   0.498 
0.58796  83240       0.49718 0.49718 0.49718   0.00027 0.16029   0.497 
0.58896  83038       0.49634 0.49634 0.49634   0.00027 0.16065   0.496 
0.58996  82836       0.49550 0.49550 0.49550   0.00027 0.16100   0.496 
0.59096  82634       0.49466 0.49466 0.49466   0.00027 0.16136   0.495 
0.59196  82432       0.49382 0.49382 0.49382   0.00027 0.16172   0.494 
0.59296  82230       0.49297 0.49297 0.49297   0.00027 0.16207   0.493 
0.59396  82028       0.49213 0.49213 0.49213   0.00027 0.16243   0.492 
0.59496  81826       0.49132 0.49132 0.49132   0.00027 0.16278   0.491 
0.59596  81624       0.49049 0.49049 0.49049   0.00027 0.16313   0.490 
0.59696  81422       0.48966 0.48966 0.48966   0.00027 0.16349   0.490 
0.59796  81220       0.48881 0.48881 0.48881   0.00027 0.16385   0.489 
0.59896  81018       0.48796 0.48796 0.48796   0.00027 0.16421   0.488 
0.59996  80816       0.48711 0.48711 0.48711   0.00027 0.16458   0.487 
0.60096  80614       0.48626 0.48626 0.48626   0.00027 0.16494   0.486 
0.60196  80412       0.48540 0.48540 0.48540   0.00027 0.16531   0.485 
0.60296  80210       0.48455 0.48455 0.48455   0.00027 0.16568   0.485 
0.60396  80008       0.48370 0.48370 0.48370   0.00027 0.16604   0.484 
0.60496  79806       0.48284 0.48284 0.48284   0.00027 0.16641   0.483 
0.60596  79604       0.48198 0.48198 0.48198   0.00027 0.16678   0.482 
0.60696  79402       0.48112 0.48112 0.48112   0.00027 0.16716   0.481 
0.60796  79200       0.48026 0.48026 0.48026   0.00028 0.16753   0.480 
0.60896  78998       0.47941 0.47941 0.47941   0.00028 0.16790   0.479 
0.60996  78796       0.47854 0.47854 0.47854   0.00028 0.16827   0.479 
0.61096  78594       0.47768 0.47768 0.47768   0.00028 0.16865   0.478 
0.61196  78392       0.47684 0.47684 0.47684   0.00028 0.16901   0.477 
0.61296  78190       0.47617 0.47617 0.47617   0.00028 0.16931   0.476 
0.61396  77988       0.47542 0.47542 0.47542   0.00028 0.16964   0.475 
0.61496  77786       0.47461 0.47461 0.47461   0.00028 0.16999   0.475 
0.61595  77584       0.47376 0.47376 0.47376   0.00028 0.17036   0.474 
0.61695  77382       0.47290 0.47290 0.47290   0.00028 0.17074   0.473 
0.61795  77180       0.47203 0.47203 0.47203   0.00028 0.17112   0.472 
0.61895  76978       0.47117 0.47117 0.47117   0.00028 0.17150   0.471 
0.61995  76776       0.47029 0.47029 0.47029   0.00028 0.17188   0.470 
0.62095  76574       0.46941 0.46941 0.46941   0.00028 0.17227   0.469 
0.62195  76372       0.46853 0.46853 0.46853   0.00028 0.17266   0.469 
0.62295  76170       0.46765 0.46765 0.46765   0.00028 0.17305   0.468 
0.62395  75968       0.46677 0.46677 0.46677   0.00028 0.17344   0.467 
0.62495  75766       0.46591 0.46591 0.46591   0.00028 0.17382   0.466 
0.62595  75564       0.46508 0.46508 0.46508   0.00028 0.17419   0.465 
0.62695  75362       0.46422 0.46422 0.46422   0.00028 0.17457   0.464 
0.62795  75160       0.46333 0.46333 0.46333   0.00028 0.17496   0.463 
0.62895  74958       0.46245 0.46245 0.46245   0.00028 0.17536   0.462 
0.62995  74756       0.46157 0.46157 0.46157   0.00028 0.17575   0.462 
0.63095  74554       0.46070 0.46070 0.46070   0.00028 0.17614   0.461 
0.63195  74352       0.45981 0.45981 0.45981   0.00028 0.17654   0.460 
0.63295  74150       0.45892 0.45892 0.45892   0.00028 0.17693   0.459 
0.63395  73948       0.45804 0.45804 0.45804   0.00028 0.17733   0.458 
0.63495  73746       0.45714 0.45714 0.45714   0.00028 0.17773   0.457 
0.63595  73544       0.45625 0.45625 0.45625   0.00028 0.17813   0.456 
0.63695  73342       0.45535 0.45535 0.45535   0.00028 0.17854   0.455 
0.63795  73140       0.45446 0.45446 0.45446   0.00028 0.17894   0.454 
0.63895  72938       0.45358 0.45358 0.45358   0.00028 0.17934   0.454 
0.63995  72736       0.45270 0.45270 0.45270   0.00028 0.17974   0.453 
0.64095  72534       0.45179 0.45179 0.45179   0.00028 0.18015   0.452 
0.64195  72332       0.45089 0.45089 0.45089   0.00028 0.18056   0.451 
0.64295  72130       0.44998 0.44998 0.44998   0.00028 0.18097   0.450 
0.64395  71928       0.44908 0.44908 0.44908   0.00028 0.18138   0.449 
0.64495  71726       0.44817 0.44817 0.44817   0.00028 0.18180   0.448 
0.64595  71524       0.44727 0.44727 0.44727   0.00028 0.18221   0.447 
0.64695  71322       0.44636 0.44636 0.44636   0.00028 0.18263   0.446 
0.64795  71120       0.44545 0.44545 0.44545   0.00028 0.18304   0.445 
0.64895  70918       0.44455 0.44455 0.44455   0.00028 0.18345   0.445 
0.64995  70716       0.44365 0.44365 0.44365   0.00028 0.18387   0.444 
0.65095  70514       0.44273 0.44273 0.44273   0.00028 0.18429   0.443 
0.65195  70312       0.44183 0.44183 0.44183   0.00028 0.18471   0.442 
0.65295  70110       0.44092 0.44092 0.44092   0.00028 0.18513   0.441 
0.65395  69908       0.44000 0.44000 0.44000   0.00028 0.18555   0.440 
0.65495  69706       0.43908 0.43908 0.43908   0.00028 0.18598   0.439 
0.65595  69504       0.43817 0.43817 0.43817   0.00028 0.18640   0.438 
0.65695  69302       0.43725 0.43725 0.43725   0.00028 0.18683   0.437 
0.65795  69100       0.43634 0.43634 0.43634   0.00028 0.18725   0.436 
0.65895  68898       0.43541 0.43541 0.43541   0.00028 0.18768   0.435 
0.65995  68696       0.43448 0.43448 0.43448   0.00028 0.18812   0.434 
0.66095  68494       0.43355 0.43355 0.43355   0.00028 0.18855   0.434 
0.66195  68292       0.43263 0.43263 0.43263   0.00029 0.18899   0.433 
0.66295  68090       0.43169 0.43169 0.43169   0.00029 0.18942   0.432 
0.66395  67888       0.43076 0.43076 0.43076   0.00029 0.18986   0.431 
0.66495  67686       0.42983 0.42983 0.42983   0.00029 0.19030   0.430 
0.66595  67484       0.42889 0.42889 0.42889   0.00029 0.19074   0.429 
0.66695  67282       0.42796 0.42796 0.42796   0.00029 0.19118   0.428 
0.66795  67080       0.42702 0.42702 0.42702   0.00029 0.19163   0.427 
0.66895  66878       0.42610 0.42610 0.42610   0.00029 0.19206   0.426 
0.66995  66676       0.42515 0.42515 0.42515   0.00029 0.19251   0.425 
0.67095  66474       0.42422 0.42422 0.42422   0.00029 0.19295   0.424 
0.67195  66272       0.42328 0.42328 0.42328   0.00029 0.19340   0.423 
0.67295  66070       0.42235 0.42235 0.42235   0.00029 0.19385   0.422 
0.67395  65868       0.42140 0.42140 0.42140   0.00029 0.19430   0.421 
0.67495  65666       0.42045 0.42045 0.42045   0.00029 0.19475   0.420 
0.67595  65464       0.41951 0.41951 0.41951   0.00029 0.19521   0.420 
0.67695  65262       0.41856 0.41856 0.41856   0.00029 0.19566   0.419 
0.67795  65060       0.41761 0.41761 0.41761   0.00029 0.19612   0.418 
0.67895  64858       0.41664 0.41664 0.41664   0.00029 0.19658   0.417 
0.67995  64656       0.41570 0.41570 0.41570   0.00029 0.19704   0.416 
0.68095  64454       0.41474 0.41474 0.41474   0.00029 0.19750   0.415 
0.68195  64252       0.41378 0.41378 0.41378   0.00029 0.19797   0.414 
0.68295  64050       0.41284 0.41284 0.41284   0.00029 0.19842   0.413 
0.68395  63848       0.41189 0.41189 0.41189   0.00029 0.19888   0.412 
0.68495  63646       0.41093 0.41093 0.41093   0.00029 0.19935   0.411 
0.68595  63444       0.40997 0.40997 0.40997   0.00029 0.19982   0.410 
0.68695  63242       0.40913 0.40913 0.40913   0.00029 0.20023   0.409 
0.68795  63040       0.40816 0.40816 0.40816   0.00029 0.20070   0.408 
0.68895  62838       0.40719 0.40719 0.40719   0.00029 0.20118   0.407 
0.68995  62636       0.40622 0.40622 0.40622   0.00029 0.20166   0.406 
0.69095  62434       0.40524 0.40524 0.40524   0.00029 0.20214   0.405 
0.69195  62232       0.40427 0.40427 0.40427   0.00029 0.20262   0.404 
0.69295  62030       0.40329 0.40329 0.40329   0.00029 0.20310   0.403 
0.69395  61828       0.40231 0.40231 0.40231   0.00029 0.20358   0.402 
0.69495  61626       0.40132 0.40132 0.40132   0.00029 0.20407   0.401 
0.69595  61424       0.40035 0.40035 0.40035   0.00029 0.20456   0.400 
0.69695  61222       0.39938 0.39938 0.39938   0.00029 0.20504   0.399 
0.69795  61020       0.39839 0.39839 0.39839   0.00029 0.20553   0.398 
0.69895  60818       0.39741 0.39741 0.39741   0.00029 0.20602   0.397 
0.69995  60616       0.39642 0.39642 0.39642   0.00029 0.20652   0.396 
0.70095  60414       0.39543 0.39543 0.39543   0.00029 0.20701   0.395 
0.70195  60212       0.39444 0.39444 0.39444   0.00030 0.20751   0.394 
0.70295  60010       0.39345 0.39345 0.39345   0.00030 0.20801   0.393 
0.70395  59808       0.39245 0.39245 0.39245   0.00030 0.20851   0.392 
0.70495  59606       0.39146 0.39146 0.39146   0.00030 0.20901   0.391 
0.70595  59404       0.39046 0.39046 0.39046   0.00030 0.20951   0.390 
0.70695  59202       0.38952 0.38952 0.38952   0.00030 0.20999   0.390 
0.70795  59000       0.38853 0.38853 0.38853   0.00030 0.21049   0.389 
0.70895  58798       0.38764 0.38764 0.38764   0.00030 0.21094   0.388 
0.70995  58596       0.38665 0.38665 0.38665   0.00030 0.21145   0.387 
0.71095  58394       0.38564 0.38564 0.38564   0.00030 0.21196   0.386 
0.71195  58192       0.38464 0.38464 0.38464   0.00030 0.21248   0.385 
0.71295  57990       0.38362 0.38362 0.38362   0.00030 0.21300   0.384 
0.71395  57788       0.38263 0.38263 0.38263   0.00030 0.21351   0.383 
0.71495  57586       0.38164 0.38164 0.38164   0.00030 0.21401   0.382 
0.71595  57384       0.38074 0.38074 0.38074   0.00030 0.21448   0.381 
0.71695  57182       0.37974 0.37974 0.37974   0.00030 0.21500   0.380 
0.71795  56980       0.37872 0.37872 0.37872   0.00030 0.21552   0.379 
0.71895  56778       0.37771 0.37771 0.37771   0.00030 0.21605   0.378 
0.71995  56576       0.37670 0.37670 0.37670   0.00030 0.21657   0.377 
0.72095  56374       0.37568 0.37568 0.37568   0.00030 0.21710   0.376 
0.72195  56172       0.37467 0.37467 0.37467   0.00030 0.21763   0.375 
0.72295  55970       0.37365 0.37365 0.37365   0.00030 0.21816   0.374 
0.72395  55768       0.37263 0.37263 0.37263   0.00030 0.21870   0.373 
0.72495  55566       0.37168 0.37168 0.37168   0.00030 0.21919   0.372 
0.72595  55364       0.37066 0.37066 0.37066   0.00030 0.21973   0.371 
0.72695  55162       0.36963 0.36963 0.36963   0.00030 0.22027   0.370 
0.72795  54960       0.36860 0.36860 0.36860   0.00030 0.22082   0.369 
0.72894  54758       0.36757 0.36757 0.36757   0.00030 0.22136   0.368 
0.72994  54556       0.36656 0.36656 0.36656   0.00030 0.22190   0.367 
0.73094  54354       0.36556 0.36556 0.36556   0.00030 0.22243   0.366 
0.73194  54152       0.36454 0.36454 0.36454   0.00030 0.22297   0.365 
0.73294  53950       0.36350 0.36350 0.36350   0.00030 0.22353   0.363 
0.73394  53748       0.36246 0.36246 0.36246   0.00030 0.22408   0.362 
0.73494  53546       0.36142 0.36142 0.36142   0.00031 0.22464   0.361 
0.73594  53344       0.36038 0.36038 0.36038   0.00031 0.22520   0.360 
0.73694  53142       0.35934 0.35934 0.35934   0.00031 0.22576   0.359 
0.73794  52940       0.35829 0.35829 0.35829   0.00031 0.22633   0.358 
0.73894  52738       0.35725 0.35725 0.35725   0.00031 0.22689   0.357 
0.73994  52536       0.35627 0.35627 0.35627   0.00031 0.22742   0.356 
0.74094  52334       0.35573 0.35573 0.35573   0.00031 0.22771   0.356 
0.74194  52132       0.35499 0.35499 0.35499   0.00031 0.22811   0.355 
0.74294  51930       0.35418 0.35418 0.35418   0.00031 0.22855   0.354 
0.74394  51728       0.35330 0.35330 0.35330   0.00031 0.22903   0.353 
0.74494  51526       0.35241 0.35241 0.35241   0.00031 0.22952   0.352 
0.74594  51324       0.35146 0.35146 0.35146   0.00031 0.23004   0.351 
0.74694  51122       0.35049 0.35049 0.35049   0.00031 0.23057   0.350 
0.74794  50920       0.34944 0.34944 0.34944   0.00031 0.23115   0.349 
0.74894  50718       0.34838 0.34838 0.34838   0.00031 0.23173   0.348 
0.74994  50516       0.34732 0.34732 0.34732   0.00031 0.23231   0.347 
0.75094  50314       0.34626 0.34626 0.34626   0.00031 0.23290   0.346 
0.75194  50112       0.34520 0.34520 0.34520   0.00031 0.23349   0.345 
0.75294  49910       0.34414 0.34414 0.34414   0.00031 0.23408   0.344 
0.75394  49708       0.34309 0.34309 0.34309   0.00031 0.23466   0.343 
0.75494  49506       0.34203 0.34203 0.34203   0.00031 0.23526   0.342 
0.75594  49304       0.34096 0.34096 0.34096   0.00031 0.23585   0.341 
0.75694  49102       0.33989 0.33989 0.33989   0.00031 0.23645   0.340 
0.75794  48900       0.33883 0.33883 0.33883   0.00031 0.23705   0.339 
0.75894  48698       0.33775 0.33775 0.33775   0.00031 0.23766   0.338 
0.75994  48496       0.33668 0.33668 0.33668   0.00031 0.23826   0.337 
0.76094  48294       0.33560 0.33560 0.33560   0.00031 0.23887   0.336 
0.76194  48092       0.33453 0.33453 0.33453   0.00031 0.23949   0.335 
0.76294  47890       0.33345 0.33345 0.33345   0.00031 0.24010   0.333 
0.76394  47688       0.33236 0.33236 0.33236   0.00031 0.24072   0.332 
0.76494  47486       0.33127 0.33127 0.33127   0.00032 0.24134   0.331 
0.76594  47284       0.33018 0.33018 0.33018   0.00032 0.24197   0.330 
0.76694  47082       0.32910 0.32910 0.32910   0.00032 0.24259   0.329 
0.76794  46880       0.32801 0.32801 0.32801   0.00032 0.24322   0.328 
0.76894  46678       0.32697 0.32697 0.32697   0.00032 0.24382   0.327 
0.76994  46476       0.32588 0.32588 0.32588   0.00032 0.24445   0.326 
0.77094  46274       0.32481 0.32481 0.32481   0.00032 0.24507   0.325 
0.77194  46072       0.32371 0.32371 0.32371   0.00032 0.24571   0.324 
0.77294  45870       0.32261 0.32261 0.32261   0.00032 0.24635   0.323 
0.77394  45668       0.32151 0.32151 0.32151   0.00032 0.24699   0.322 
0.77494  45466       0.32041 0.32041 0.32041   0.00032 0.24764   0.320 
0.77594  45264       0.31931 0.31931 0.31931   0.00032 0.24829   0.319 
0.77694  45062       0.31820 0.31820 0.31820   0.00032 0.24894   0.318 
0.77794  44860       0.31709 0.31709 0.31709   0.00032 0.24960   0.317 
0.77894  44658       0.31601 0.31601 0.31601   0.00032 0.25023   0.316 
0.77994  44456       0.31491 0.31491 0.31491   0.00032 0.25089   0.315 
0.78094  44254       0.31384 0.31384 0.31384   0.00032 0.25152   0.314 
0.78194  44052       0.31276 0.31276 0.31276   0.00032 0.25217   0.313 
0.78294  43850       0.31164 0.31164 0.31164   0.00032 0.25284   0.312 
0.78394  43648       0.31052 0.31052 0.31052   0.00032 0.25351   0.311 
0.78494  43446       0.30940 0.30940 0.30940   0.00032 0.25418   0.309 
0.78594  43244       0.30828 0.30828 0.30828   0.00032 0.25486   0.308 
0.78694  43042       0.30716 0.30716 0.30716   0.00032 0.25554   0.307 
0.78794  42840       0.30605 0.30605 0.30605   0.00032 0.25621   0.306 
0.78894  42638       0.30493 0.30493 0.30493   0.00033 0.25689   0.305 
0.78994  42436       0.30380 0.30380 0.30380   0.00033 0.25759   0.304 
0.79094  42234       0.30267 0.30267 0.30267   0.00033 0.25827   0.303 
0.79194  42032       0.30154 0.30154 0.30154   0.00033 0.25897   0.302 
0.79294  41830       0.30041 0.30041 0.30041   0.00033 0.25966   0.300 
0.79394  41628       0.29928 0.29928 0.29928   0.00033 0.26036   0.299 
0.79494  41426       0.29815 0.29815 0.29815   0.00033 0.26106   0.298 
0.79594  41224       0.29702 0.29702 0.29702   0.00033 0.26176   0.297 
0.79694  41022       0.29588 0.29588 0.29588   0.00033 0.26247   0.296 
0.79794  40820       0.29473 0.29473 0.29473   0.00033 0.26319   0.295 
0.79894  40618       0.29357 0.29357 0.29357   0.00033 0.26391   0.294 
0.79994  40416       0.29241 0.29241 0.29241   0.00033 0.26464   0.292 
0.80094  40214       0.29126 0.29126 0.29126   0.00033 0.26537   0.291 
0.80194  40012       0.29010 0.29010 0.29010   0.00033 0.26610   0.290 
0.80294  39810       0.28896 0.28896 0.28896   0.00033 0.26682   0.289 
0.80394  39608       0.28781 0.28781 0.28781   0.00033 0.26755   0.288 
0.80494  39406       0.28664 0.28664 0.28664   0.00033 0.26830   0.287 
0.80594  39204       0.28547 0.28547 0.28547   0.00033 0.26905   0.285 
0.80694  39002       0.28431 0.28431 0.28431   0.00033 0.26979   0.284 
0.80794  38800       0.28314 0.28314 0.28314   0.00033 0.27054   0.283 
0.80894  38598       0.28197 0.28197 0.28197   0.00033 0.27130   0.282 
0.80994  38396       0.28079 0.28079 0.28079   0.00034 0.27206   0.281 
0.81094  38194       0.27963 0.27963 0.27963   0.00034 0.27282   0.280 
0.81194  37992       0.27845 0.27845 0.27845   0.00034 0.27358   0.278 
0.81294  37790       0.27727 0.27727 0.27727   0.00034 0.27435   0.277 
0.81394  37588       0.27610 0.27610 0.27610   0.00034 0.27512   0.276 
0.81494  37386       0.27492 0.27492 0.27492   0.00034 0.27590   0.275 
0.81594  37184       0.27374 0.27374 0.27374   0.00034 0.27668   0.274 
0.81694  36982       0.27256 0.27256 0.27256   0.00034 0.27745   0.273 
0.81794  36780       0.27137 0.27137 0.27137   0.00034 0.27824   0.271 
0.81894  36578       0.27018 0.27018 0.27018   0.00034 0.27904   0.270 
0.81994  36376       0.26899 0.26899 0.26899   0.00034 0.27983   0.269 
0.82094  36174       0.26778 0.26778 0.26778   0.00034 0.28064   0.268 
0.82194  35972       0.26657 0.26657 0.26657   0.00034 0.28146   0.267 
0.82294  35770       0.26537 0.26537 0.26537   0.00034 0.28226   0.265 
0.82394  35568       0.26418 0.26418 0.26418   0.00034 0.28307   0.264 
0.82494  35366       0.26297 0.26297 0.26297   0.00034 0.28389   0.263 
0.82594  35164       0.26176 0.26176 0.26176   0.00034 0.28472   0.262 
0.82694  34962       0.26054 0.26054 0.26054   0.00034 0.28555   0.261 
0.82794  34760       0.25933 0.25933 0.25933   0.00035 0.28639   0.259 
0.82894  34558       0.25811 0.25811 0.25811   0.00035 0.28723   0.258 
0.82994  34356       0.25696 0.25696 0.25696   0.00035 0.28802   0.257 
0.83094  34154       0.25575 0.25575 0.25575   0.00035 0.28886   0.256 
0.83194  33952       0.25452 0.25452 0.25452   0.00035 0.28972   0.255 
0.83294  33750       0.25330 0.25330 0.25330   0.00035 0.29057   0.253 
0.83394  33548       0.25206 0.25206 0.25206   0.00035 0.29144   0.252 
0.83494  33346       0.25082 0.25082 0.25082   0.00035 0.29231   0.251 
0.83594  33144       0.24959 0.24959 0.24959   0.00035 0.29318   0.250 
0.83694  32942       0.24835 0.24835 0.24835   0.00035 0.29407   0.248 
0.83794  32740       0.24710 0.24710 0.24710   0.00035 0.29496   0.247 
0.83894  32538       0.24584 0.24584 0.24584   0.00035 0.29585   0.246 
0.83994  32336       0.24459 0.24459 0.24459   0.00035 0.29675   0.245 
0.84093  32134       0.24339 0.24339 0.24339   0.00035 0.29762   0.243 
0.84193  31932       0.24215 0.24215 0.24215   0.00035 0.29851   0.242 
0.84293  31730       0.24090 0.24090 0.24090   0.00035 0.29942   0.241 
0.84393  31528       0.23967 0.23967 0.23967   0.00036 0.30031   0.240 
0.84493  31326       0.23841 0.23841 0.23841   0.00036 0.30124   0.238 
0.84593  31124       0.23713 0.23713 0.23713   0.00036 0.30217   0.237 
0.84693  30922       0.23586 0.23586 0.23586   0.00036 0.30311   0.236 
0.84793  30720       0.23458 0.23458 0.23458   0.00036 0.30406   0.235 
0.84893  30518       0.23331 0.23331 0.23331   0.00036 0.30500   0.233 
0.84993  30316       0.23204 0.23204 0.23204   0.00036 0.30595   0.232 
0.85093  30114       0.23075 0.23075 0.23075   0.00036 0.30692   0.231 
0.85193  29912       0.22946 0.22946 0.22946   0.00036 0.30789   0.229 
0.85293  29710       0.22818 0.22818 0.22818   0.00036 0.30885   0.228 
0.85393  29508       0.22690 0.22690 0.22690   0.00036 0.30983   0.227 
0.85493  29306       0.22562 0.22562 0.22562   0.00036 0.31080   0.226 
0.85593  29104       0.22433 0.22433 0.22433   0.00036 0.31179   0.224 
0.85693  28902       0.22305 0.22305 0.22305   0.00036 0.31278   0.223 
0.85793  28700       0.22175 0.22175 0.22175   0.00037 0.31378   0.222 
0.85893  28498       0.22045 0.22045 0.22045   0.00037 0.31479   0.220 
0.85993  28296       0.21915 0.21915 0.21915   0.00037 0.31580   0.219 
0.86093  28094       0.21784 0.21784 0.21784   0.00037 0.31682   0.218 
0.86193  27892       0.21655 0.21655 0.21655   0.00037 0.31783   0.217 
0.86293  27690       0.21525 0.21525 0.21525   0.00037 0.31886   0.215 
0.86393  27488       0.21395 0.21395 0.21395   0.00037 0.31989   0.214 
0.86493  27286       0.21264 0.21264 0.21264   0.00037 0.32093   0.213 
0.86593  27084       0.21133 0.21133 0.21133   0.00037 0.32198   0.211 
0.86693  26882       0.21003 0.21003 0.21003   0.00037 0.32303   0.210 
0.86793  26680       0.20870 0.20870 0.20870   0.00037 0.32410   0.209 
0.86893  26478       0.20738 0.20738 0.20738   0.00037 0.32517   0.207 
0.86993  26276       0.20606 0.20606 0.20606   0.00037 0.32625   0.206 
0.87093  26074       0.20477 0.20477 0.20477   0.00038 0.32731   0.205 
0.87193  25872       0.20348 0.20348 0.20348   0.00038 0.32837   0.203 
0.87293  25670       0.20215 0.20215 0.20215   0.00038 0.32947   0.202 
0.87393  25468       0.20080 0.20080 0.20080   0.00038 0.33059   0.201 
0.87493  25266       0.19945 0.19945 0.19945   0.00038 0.33172   0.199 
0.87593  25064       0.19814 0.19814 0.19814   0.00038 0.33282   0.198 
0.87693  24862       0.19680 0.19680 0.19680   0.00038 0.33395   0.197 
0.87793  24660       0.19546 0.19546 0.19546   0.00038 0.33509   0.195 
0.87893  24458       0.19412 0.19412 0.19412   0.00038 0.33623   0.194 
0.87993  24256       0.19276 0.19276 0.19276   0.00038 0.33739   0.193 
0.88093  24054       0.19140 0.19140 0.19140   0.00038 0.33857   0.191 
0.88193  23852       0.19003 0.19003 0.19003   0.00038 0.33975   0.190 
0.88293  23650       0.18869 0.18869 0.18869   0.00039 0.34092   0.189 
0.88393  23448       0.18732 0.18732 0.18732   0.00039 0.34212   0.187 
0.88493  23246       0.18598 0.18598 0.18598   0.00039 0.34330   0.186 
0.88593  23044       0.18468 0.18468 0.18468   0.00039 0.34445   0.185 
0.88693  22842       0.18331 0.18331 0.18331   0.00039 0.34567   0.183 
0.88793  22640       0.18193 0.18193 0.18193   0.00039 0.34690   0.182 
0.88893  22438       0.18055 0.18055 0.18055   0.00039 0.34814   0.181 
0.88993  22236       0.17917 0.17917 0.17917   0.00039 0.34940   0.179 
0.89093  22034       0.17780 0.17780 0.17780   0.00039 0.35064   0.178 
0.89193  21832       0.17643 0.17643 0.17643   0.00039 0.35190   0.176 
0.89293  21630       0.17508 0.17508 0.17508   0.00040 0.35314   0.175 
0.89393  21428       0.17371 0.17371 0.17371   0.00040 0.35441   0.174 
0.89493  21226       0.17231 0.17231 0.17231   0.00040 0.35572   0.172 
0.89593  21024       0.17091 0.17091 0.17091   0.00040 0.35703   0.171 
0.89693  20822       0.16952 0.16952 0.16952   0.00040 0.35834   0.170 
0.89793  20620       0.16812 0.16812 0.16812   0.00040 0.35967   0.168 
0.89893  20418       0.16671 0.16671 0.16671   0.00040 0.36102   0.167 
0.89993  20216       0.16530 0.16530 0.16530   0.00040 0.36237   0.165 
0.90093  20014       0.16388 0.16388 0.16388   0.00040 0.36375   0.164 
0.90193  19812       0.16247 0.16247 0.16247   0.00040 0.36512   0.162 
0.90293  19610       0.16105 0.16105 0.16105   0.00041 0.36651   0.161 
0.90393  19408       0.15962 0.15962 0.15962   0.00041 0.36792   0.160 
0.90493  19206       0.15819 0.15819 0.15819   0.00041 0.36934   0.158 
0.90593  19004       0.15676 0.15676 0.15676   0.00041 0.37078   0.157 
0.90693  18802       0.15533 0.15533 0.15533   0.00041 0.37221   0.155 
0.90793  18600       0.15389 0.15389 0.15389   0.00041 0.37368   0.154 
0.90893  18398       0.15244 0.15244 0.15244   0.00041 0.37515   0.152 
0.90993  18196       0.15099 0.15099 0.15099   0.00041 0.37664   0.151 
0.91093  17994       0.14953 0.14953 0.14953   0.00041 0.37815   0.150 
0.91193  17792       0.14808 0.14808 0.14808   0.00042 0.37967   0.148 
0.91293  17590       0.14662 0.14662 0.14662   0.00042 0.38120   0.147 
0.91393  17388       0.14515 0.14515 0.14515   0.00042 0.38276   0.145 
0.91493  17186       0.14369 0.14369 0.14369   0.00042 0.38432   0.144 
0.91593  16984       0.14222 0.14222 0.14222   0.00042 0.38590   0.142 
0.91693  16782       0.14075 0.14075 0.14075   0.00042 0.38749   0.141 
0.91793  16580       0.13928 0.13928 0.13928   0.00042 0.38910   0.139 
0.91893  16378       0.13780 0.13780 0.13780   0.00042 0.39072   0.138 
0.91993  16176       0.13632 0.13632 0.13632   0.00043 0.39236   0.136 
0.92093  15974       0.13484 0.13484 0.13484   0.00043 0.39402   0.135 
0.92193  15772       0.13335 0.13335 0.13335   0.00043 0.39571   0.133 
0.92293  15570       0.13188 0.13188 0.13188   0.00043 0.39738   0.132 
0.92393  15368       0.13038 0.13038 0.13038   0.00043 0.39910   0.130 
0.92493  15166       0.12891 0.12891 0.12891   0.00043 0.40080   0.129 
0.92593  14964       0.12740 0.12740 0.12740   0.00043 0.40256   0.127 
0.92693  14762       0.12590 0.12590 0.12590   0.00044 0.40433   0.126 
0.92793  14560       0.12439 0.12439 0.12439   0.00044 0.40612   0.124 
0.92893  14358       0.12287 0.12287 0.12287   0.00044 0.40795   0.123 
0.92993  14156       0.12135 0.12135 0.12135   0.00044 0.40979   0.121 
0.93093  13954       0.11981 0.11981 0.11981   0.00044 0.41166   0.120 
0.93193  13752       0.11830 0.11830 0.11830   0.00044 0.41353   0.118 
0.93293  13550       0.11679 0.11679 0.11679   0.00044 0.41541   0.117 
0.93393  13348       0.11525 0.11525 0.11525   0.00045 0.41735   0.115 
0.93493  13146       0.11371 0.11371 0.11371   0.00045 0.41930   0.114 
0.93593  12944       0.11219 0.11219 0.11219   0.00045 0.42126   0.112 
0.93693  12742       0.11067 0.11067 0.11067   0.00045 0.42323   0.111 
0.93793  12540       0.10912 0.10912 0.10912   0.00045 0.42526   0.109 
0.93893  12338       0.10755 0.10755 0.10755   0.00045 0.42733   0.108 
0.93993  12136       0.10598 0.10598 0.10598   0.00046 0.42943   0.106 
0.94093  11934       0.10441 0.10441 0.10441   0.00046 0.43155   0.104 
0.94193  11732       0.10284 0.10284 0.10284   0.00046 0.43371   0.103 
0.94293  11530       0.10126 0.10126 0.10126   0.00046 0.43589   0.101 
0.94393  11328       0.09968 0.09968 0.09968   0.00046 0.43811   0.100 
0.94493  11126       0.09809 0.09809 0.09809   0.00047 0.44036   0.098 
0.94593  10924       0.09650 0.09650 0.09650   0.00047 0.44264   0.097 
0.94693  10722       0.09490 0.09490 0.09490   0.00047 0.44497   0.095 
0.94793  10520       0.09330 0.09330 0.09330   0.00047 0.44732   0.093 
0.94893  10318       0.09170 0.09170 0.09170   0.00047 0.44971   0.092 
0.94993  10116       0.09010 0.09010 0.09010   0.00048 0.45213   0.090 
0.95093  9914        0.08847 0.08847 0.08847   0.00048 0.45462   0.088 
0.95193  9712        0.08687 0.08687 0.08687   0.00048 0.45710   0.087 
0.95292  9510        0.08524 0.08524 0.08524   0.00048 0.45967   0.085 
0.95392  9308        0.08360 0.08360 0.08360   0.00048 0.46228   0.084 
0.95492  9106        0.08196 0.08196 0.08196   0.00049 0.46493   0.082 
0.95592  8904        0.08032 0.08032 0.08032   0.00049 0.46764   0.080 
0.95692  8702        0.07867 0.07867 0.07867   0.00049 0.47039   0.079 
0.95792  8500        0.07701 0.07701 0.07701   0.00049 0.47321   0.077 
0.95892  8298        0.07535 0.07535 0.07535   0.00050 0.47608   0.075 
0.95992  8096        0.07371 0.07371 0.07371   0.00050 0.47895   0.074 
0.96092  7894        0.07203 0.07203 0.07203   0.00050 0.48195   0.072 
0.96192  7692        0.07034 0.07034 0.07034   0.00050 0.48501   0.070 
0.96292  7490        0.06865 0.06865 0.06865   0.00051 0.48813   0.069 
0.96392  7288        0.06696 0.06696 0.06696   0.00051 0.49131   0.067 
0.96492  7086        0.06525 0.06525 0.06525   0.00051 0.49458   0.065 
0.96592  6884        0.06353 0.06353 0.06353   0.00051 0.49794   0.064 
0.96692  6682        0.06182 0.06182 0.06182   0.00052 0.50137   0.062 
0.96792  6480        0.06009 0.06009 0.06009   0.00052 0.50489   0.060 
0.96892  6278        0.05836 0.05836 0.05836   0.00052 0.50849   0.058 
0.96992  6076        0.05662 0.05662 0.05662   0.00053 0.51219   0.057 
0.97092  5874        0.05488 0.05488 0.05488   0.00053 0.51599   0.055 
0.97192  5672        0.05312 0.05312 0.05312   0.00053 0.51992   0.053 
0.97292  5470        0.05135 0.05135 0.05135   0.00054 0.52397   0.051 
0.97392  5268        0.04958 0.04958 0.04958   0.00054 0.52813   0.050 
0.97492  5066        0.04779 0.04779 0.04779   0.00055 0.53243   0.048 
0.97592  4864        0.04600 0.04600 0.04600   0.00055 0.53689   0.046 
0.97692  4662        0.04419 0.04419 0.04419   0.00055 0.54150   0.044 
0.97792  4460        0.04238 0.04238 0.04238   0.00056 0.54628   0.042 
0.97892  4258        0.04056 0.04056 0.04056   0.00056 0.55124   0.041 
0.97992  4056        0.03872 0.03872 0.03872   0.00057 0.55640   0.039 
0.98092  3854        0.03687 0.03687 0.03687   0.00057 0.56180   0.037 
0.98192  3652        0.03501 0.03501 0.03501   0.00058 0.56743   0.035 
0.98292  3450        0.03313 0.03313 0.03313   0.00058 0.57335   0.033 
0.98392  3248        0.03124 0.03124 0.03124   0.00059 0.57958   0.031 
0.98492  3046        0.02934 0.02934 0.02934   0.00059 0.58613   0.029 
0.98592  2844        0.02742 0.02742 0.02742   0.00060 0.59306   0.027 
0.98692  2642        0.02549 0.02549 0.02549   0.00061 0.60045   0.025 
0.98792  2440        0.02353 0.02353 0.02353   0.00062 0.60835   0.024 
0.98892  2238        0.02155 0.02155 0.02155   0.00062 0.61685   0.022 
0.98992  2036        0.01955 0.01955 0.01955   0.00063 0.62609   0.020 
0.99092  1834        0.01751 0.01751 0.01751   0.00064 0.63623   0.018 
0.99192  1632        0.01544 0.01544 0.01544   0.00065 0.64747   0.015 
0.99292  1430        0.01334 0.01334 0.01334   0.00066 0.66012   0.013 
0.99392  1228        0.01121 0.01121 0.01121   0.00068 0.67459   0.011 
0.99492  1026        0.00901 0.00901 0.00901   0.00069 0.69191   0.009 
0.99592  824         0.00675 0.00675 0.00675   0.00072 0.71334   0.007 
0.99692  622         0.00499 0.00499 0.00499   0.00074 0.73428   0.005 
0.99792  420         0.00351 0.00351 0.00351   0.00076 0.75657   0.004 
0.99892  218         0.00181 0.00181 0.00181   0.00079 0.79369   0.002 
0.99992  16          0.00014 0.00014 0.00014   0.00089 0.89048   0.000 
1.00000  0           0.00000 0.00000 0.00000   0.00100 1.00000   0.000 
