# Prop_landscape_lost  cost_needed_for_top_fraction  min_prop_rem  ave_prop_rem  W_prop_rem  ext-1  ext-2  prop_for_each_biodiversity_feature_(e.g._species)_remaining_at_level_of_removal...
0.00001  2.0202e+005  1.00000 1.00000 1.00000   0.00000 0.00000   1.000 
0.00101  2.0181e+005  0.99998 0.99998 0.99998   0.00000 0.00001   1.000 
0.00201  2.0161e+005  0.99994 0.99994 0.99994   0.00000 0.00001   1.000 
0.00301  2.0141e+005  0.99990 0.99990 0.99990   0.00001 0.00002   1.000 
0.00401  2.0121e+005  0.99986 0.99986 0.99986   0.00001 0.00004   1.000 
0.00501  2.0101e+005  0.99980 0.99980 0.99980   0.00001 0.00005   1.000 
0.00601  2.008e+005  0.99973 0.99973 0.99973   0.00001 0.00007   1.000 
0.00701  2.006e+005  0.99966 0.99966 0.99966   0.00001 0.00008   1.000 
0.00801  2.004e+005  0.99958 0.99958 0.99958   0.00001 0.00011   1.000 
0.00901  2.002e+005  0.99949 0.99949 0.99949   0.00001 0.00013   0.999 
0.01001  2e+005      0.99939 0.99939 0.99939   0.00001 0.00015   0.999 
0.01101  1.9979e+005  0.99928 0.99928 0.99928   0.00001 0.00018   0.999 
0.01201  1.9959e+005  0.99917 0.99917 0.99917   0.00002 0.00021   0.999 
0.01301  1.9939e+005  0.99904 0.99904 0.99904   0.00002 0.00024   0.999 
0.01401  1.9919e+005  0.99891 0.99891 0.99891   0.00002 0.00027   0.999 
0.01501  1.9899e+005  0.99878 0.99878 0.99878   0.00002 0.00031   0.999 
0.01601  1.9878e+005  0.99864 0.99864 0.99864   0.00002 0.00034   0.999 
0.01701  1.9858e+005  0.99849 0.99849 0.99849   0.00002 0.00038   0.998 
0.01801  1.9838e+005  0.99834 0.99834 0.99834   0.00002 0.00041   0.998 
0.01901  1.9818e+005  0.99819 0.99819 0.99819   0.00002 0.00045   0.998 
0.02001  1.9798e+005  0.99803 0.99803 0.99803   0.00002 0.00049   0.998 
0.02101  1.9777e+005  0.99786 0.99786 0.99786   0.00002 0.00053   0.998 
0.02201  1.9757e+005  0.99770 0.99770 0.99770   0.00003 0.00058   0.998 
0.02301  1.9737e+005  0.99752 0.99752 0.99752   0.00003 0.00062   0.998 
0.02401  1.9717e+005  0.99734 0.99734 0.99734   0.00003 0.00066   0.997 
0.02501  1.9697e+005  0.99716 0.99716 0.99716   0.00003 0.00071   0.997 
0.02601  1.9676e+005  0.99697 0.99697 0.99697   0.00003 0.00076   0.997 
0.02701  1.9656e+005  0.99678 0.99678 0.99678   0.00003 0.00080   0.997 
0.02801  1.9636e+005  0.99659 0.99659 0.99659   0.00003 0.00085   0.997 
0.02901  1.9616e+005  0.99639 0.99639 0.99639   0.00003 0.00090   0.996 
0.03001  1.9596e+005  0.99619 0.99619 0.99619   0.00003 0.00095   0.996 
0.03101  1.9575e+005  0.99598 0.99598 0.99598   0.00003 0.00101   0.996 
0.03201  1.9555e+005  0.99577 0.99577 0.99577   0.00003 0.00106   0.996 
0.03301  1.9535e+005  0.99556 0.99556 0.99556   0.00003 0.00111   0.996 
0.03401  1.9515e+005  0.99534 0.99534 0.99534   0.00003 0.00117   0.995 
0.03501  1.9495e+005  0.99512 0.99512 0.99512   0.00003 0.00122   0.995 
0.03601  1.9474e+005  0.99490 0.99490 0.99490   0.00003 0.00128   0.995 
0.03701  1.9454e+005  0.99468 0.99468 0.99468   0.00004 0.00133   0.995 
0.03801  1.9434e+005  0.99445 0.99445 0.99445   0.00004 0.00139   0.994 
0.03901  1.9414e+005  0.99421 0.99421 0.99421   0.00004 0.00145   0.994 
0.04001  1.9394e+005  0.99398 0.99398 0.99398   0.00004 0.00151   0.994 
0.04101  1.9373e+005  0.99374 0.99374 0.99374   0.00004 0.00157   0.994 
0.04201  1.9353e+005  0.99350 0.99350 0.99350   0.00004 0.00163   0.993 
0.04301  1.9333e+005  0.99325 0.99325 0.99325   0.00004 0.00169   0.993 
0.04401  1.9313e+005  0.99301 0.99301 0.99301   0.00004 0.00175   0.993 
0.04501  1.9293e+005  0.99276 0.99276 0.99276   0.00004 0.00182   0.993 
0.04601  1.9272e+005  0.99250 0.99250 0.99250   0.00004 0.00188   0.993 
0.04701  1.9252e+005  0.99225 0.99225 0.99225   0.00004 0.00194   0.992 
0.04801  1.9232e+005  0.99199 0.99199 0.99199   0.00004 0.00201   0.992 
0.04901  1.9212e+005  0.99172 0.99172 0.99172   0.00004 0.00208   0.992 
0.05001  1.9192e+005  0.99146 0.99146 0.99146   0.00004 0.00214   0.991 
0.05101  1.9171e+005  0.99121 0.99121 0.99121   0.00004 0.00220   0.991 
0.05201  1.9151e+005  0.99107 0.99107 0.99107   0.00004 0.00224   0.991 
0.05301  1.9131e+005  0.99099 0.99099 0.99099   0.00004 0.00226   0.991 
0.05401  1.9111e+005  0.99089 0.99089 0.99089   0.00004 0.00228   0.991 
0.05500  1.9091e+005  0.99083 0.99083 0.99083   0.00004 0.00230   0.991 
0.05600  1.907e+005  0.99076 0.99076 0.99076   0.00004 0.00232   0.991 
0.05700  1.905e+005  0.99068 0.99068 0.99068   0.00004 0.00234   0.991 
0.05800  1.903e+005  0.99057 0.99057 0.99057   0.00004 0.00237   0.991 
0.05900  1.901e+005  0.99045 0.99045 0.99045   0.00004 0.00240   0.990 
0.06000  1.899e+005  0.99035 0.99035 0.99035   0.00004 0.00242   0.990 
0.06100  1.8969e+005  0.99023 0.99023 0.99023   0.00004 0.00245   0.990 
0.06200  1.8949e+005  0.99010 0.99010 0.99010   0.00004 0.00249   0.990 
0.06300  1.8929e+005  0.98996 0.98996 0.98996   0.00004 0.00252   0.990 
0.06400  1.8909e+005  0.98982 0.98982 0.98982   0.00004 0.00256   0.990 
0.06500  1.8889e+005  0.98967 0.98967 0.98967   0.00004 0.00259   0.990 
0.06600  1.8868e+005  0.98951 0.98951 0.98951   0.00004 0.00263   0.990 
0.06700  1.8848e+005  0.98935 0.98935 0.98935   0.00004 0.00267   0.989 
0.06800  1.8828e+005  0.98919 0.98919 0.98919   0.00004 0.00271   0.989 
0.06900  1.8808e+005  0.98901 0.98901 0.98901   0.00004 0.00276   0.989 
0.07000  1.8788e+005  0.98883 0.98883 0.98883   0.00004 0.00280   0.989 
0.07100  1.8767e+005  0.98864 0.98864 0.98864   0.00004 0.00285   0.989 
0.07200  1.8747e+005  0.98846 0.98846 0.98846   0.00004 0.00290   0.988 
0.07300  1.8727e+005  0.98826 0.98826 0.98826   0.00004 0.00295   0.988 
0.07400  1.8707e+005  0.98806 0.98806 0.98806   0.00004 0.00300   0.988 
0.07500  1.8687e+005  0.98785 0.98785 0.98785   0.00004 0.00305   0.988 
0.07600  1.8666e+005  0.98764 0.98764 0.98764   0.00004 0.00310   0.988 
0.07700  1.8646e+005  0.98742 0.98742 0.98742   0.00004 0.00316   0.987 
0.07800  1.8626e+005  0.98720 0.98720 0.98720   0.00004 0.00322   0.987 
0.07900  1.8606e+005  0.98697 0.98697 0.98697   0.00004 0.00327   0.987 
0.08000  1.8586e+005  0.98674 0.98674 0.98674   0.00004 0.00333   0.987 
0.08100  1.8565e+005  0.98650 0.98650 0.98650   0.00004 0.00339   0.987 
0.08200  1.8545e+005  0.98626 0.98626 0.98626   0.00004 0.00345   0.986 
0.08300  1.8525e+005  0.98601 0.98601 0.98601   0.00004 0.00352   0.986 
0.08400  1.8505e+005  0.98576 0.98576 0.98576   0.00004 0.00358   0.986 
0.08500  1.8485e+005  0.98550 0.98550 0.98550   0.00004 0.00365   0.985 
0.08600  1.8464e+005  0.98526 0.98526 0.98526   0.00004 0.00370   0.985 
0.08700  1.8444e+005  0.98499 0.98499 0.98499   0.00004 0.00377   0.985 
0.08800  1.8424e+005  0.98472 0.98472 0.98472   0.00004 0.00384   0.985 
0.08900  1.8404e+005  0.98445 0.98445 0.98445   0.00004 0.00391   0.984 
0.09000  1.8384e+005  0.98417 0.98417 0.98417   0.00004 0.00398   0.984 
0.09100  1.8363e+005  0.98390 0.98390 0.98390   0.00004 0.00405   0.984 
0.09200  1.8343e+005  0.98362 0.98362 0.98362   0.00004 0.00412   0.984 
0.09300  1.8323e+005  0.98334 0.98334 0.98334   0.00004 0.00419   0.983 
0.09400  1.8303e+005  0.98305 0.98305 0.98305   0.00004 0.00426   0.983 
0.09500  1.8283e+005  0.98277 0.98277 0.98277   0.00005 0.00434   0.983 
0.09600  1.8262e+005  0.98248 0.98248 0.98248   0.00005 0.00441   0.982 
0.09700  1.8242e+005  0.98219 0.98219 0.98219   0.00005 0.00448   0.982 
0.09800  1.8222e+005  0.98190 0.98190 0.98190   0.00005 0.00456   0.982 
0.09900  1.8202e+005  0.98160 0.98160 0.98160   0.00005 0.00463   0.982 
0.10000  1.8182e+005  0.98130 0.98130 0.98130   0.00005 0.00471   0.981 
0.10100  1.8161e+005  0.98100 0.98100 0.98100   0.00005 0.00478   0.981 
0.10200  1.8141e+005  0.98070 0.98070 0.98070   0.00005 0.00486   0.981 
0.10300  1.8121e+005  0.98040 0.98040 0.98040   0.00005 0.00494   0.980 
0.10400  1.8101e+005  0.98009 0.98009 0.98009   0.00005 0.00501   0.980 
0.10500  1.8081e+005  0.97980 0.97980 0.97980   0.00005 0.00509   0.980 
0.10600  1.806e+005  0.97951 0.97951 0.97951   0.00005 0.00516   0.980 
0.10700  1.804e+005  0.97919 0.97919 0.97919   0.00005 0.00524   0.979 
0.10800  1.802e+005  0.97888 0.97888 0.97888   0.00005 0.00532   0.979 
0.10900  1.8e+005    0.97857 0.97857 0.97857   0.00005 0.00540   0.979 
0.11000  1.798e+005  0.97825 0.97825 0.97825   0.00005 0.00548   0.978 
0.11100  1.7959e+005  0.97793 0.97793 0.97793   0.00005 0.00556   0.978 
0.11200  1.7939e+005  0.97761 0.97761 0.97761   0.00005 0.00564   0.978 
0.11300  1.7919e+005  0.97729 0.97729 0.97729   0.00005 0.00573   0.977 
0.11400  1.7899e+005  0.97697 0.97697 0.97697   0.00005 0.00581   0.977 
0.11500  1.7879e+005  0.97665 0.97665 0.97665   0.00005 0.00589   0.977 
0.11600  1.7858e+005  0.97632 0.97632 0.97632   0.00005 0.00597   0.976 
0.11700  1.7838e+005  0.97599 0.97599 0.97599   0.00005 0.00606   0.976 
0.11800  1.7818e+005  0.97568 0.97568 0.97568   0.00005 0.00614   0.976 
0.11900  1.7798e+005  0.97536 0.97536 0.97536   0.00005 0.00622   0.975 
0.12000  1.7778e+005  0.97502 0.97502 0.97502   0.00005 0.00630   0.975 
0.12100  1.7757e+005  0.97469 0.97469 0.97469   0.00005 0.00639   0.975 
0.12200  1.7737e+005  0.97435 0.97435 0.97435   0.00005 0.00648   0.974 
0.12300  1.7717e+005  0.97401 0.97401 0.97401   0.00005 0.00656   0.974 
0.12400  1.7697e+005  0.97367 0.97367 0.97367   0.00005 0.00665   0.974 
0.12500  1.7677e+005  0.97332 0.97332 0.97332   0.00005 0.00674   0.973 
0.12600  1.7656e+005  0.97297 0.97297 0.97297   0.00005 0.00683   0.973 
0.12700  1.7636e+005  0.97263 0.97263 0.97263   0.00005 0.00691   0.973 
0.12800  1.7616e+005  0.97227 0.97227 0.97227   0.00005 0.00700   0.972 
0.12900  1.7596e+005  0.97192 0.97192 0.97192   0.00005 0.00709   0.972 
0.13000  1.7576e+005  0.97157 0.97157 0.97157   0.00005 0.00719   0.972 
0.13100  1.7555e+005  0.97121 0.97121 0.97121   0.00006 0.00728   0.971 
0.13200  1.7535e+005  0.97085 0.97085 0.97085   0.00006 0.00737   0.971 
0.13300  1.7515e+005  0.97049 0.97049 0.97049   0.00006 0.00746   0.970 
0.13400  1.7495e+005  0.97012 0.97012 0.97012   0.00006 0.00755   0.970 
0.13500  1.7475e+005  0.96976 0.96976 0.96976   0.00006 0.00765   0.970 
0.13600  1.7454e+005  0.96939 0.96939 0.96939   0.00006 0.00774   0.969 
0.13700  1.7434e+005  0.96902 0.96902 0.96902   0.00006 0.00784   0.969 
0.13800  1.7414e+005  0.96865 0.96865 0.96865   0.00006 0.00793   0.969 
0.13900  1.7394e+005  0.96828 0.96828 0.96828   0.00006 0.00803   0.968 
0.14000  1.7374e+005  0.96790 0.96790 0.96790   0.00006 0.00812   0.968 
0.14100  1.7353e+005  0.96752 0.96752 0.96752   0.00006 0.00822   0.968 
0.14200  1.7333e+005  0.96714 0.96714 0.96714   0.00006 0.00832   0.967 
0.14300  1.7313e+005  0.96676 0.96676 0.96676   0.00006 0.00842   0.967 
0.14400  1.7293e+005  0.96642 0.96642 0.96642   0.00006 0.00850   0.966 
0.14500  1.7273e+005  0.96604 0.96604 0.96604   0.00006 0.00860   0.966 
0.14600  1.7252e+005  0.96565 0.96565 0.96565   0.00006 0.00870   0.966 
0.14700  1.7232e+005  0.96527 0.96527 0.96527   0.00006 0.00880   0.965 
0.14800  1.7212e+005  0.96488 0.96488 0.96488   0.00006 0.00890   0.965 
0.14900  1.7192e+005  0.96449 0.96449 0.96449   0.00006 0.00900   0.964 
0.15000  1.7172e+005  0.96409 0.96409 0.96409   0.00006 0.00910   0.964 
0.15100  1.7151e+005  0.96370 0.96370 0.96370   0.00006 0.00920   0.964 
0.15200  1.7131e+005  0.96330 0.96330 0.96330   0.00006 0.00930   0.963 
0.15300  1.7111e+005  0.96292 0.96292 0.96292   0.00006 0.00940   0.963 
0.15400  1.7091e+005  0.96252 0.96252 0.96252   0.00006 0.00950   0.963 
0.15500  1.7071e+005  0.96226 0.96226 0.96226   0.00006 0.00957   0.962 
0.15600  1.705e+005  0.96201 0.96201 0.96201   0.00006 0.00964   0.962 
0.15700  1.703e+005  0.96170 0.96170 0.96170   0.00006 0.00972   0.962 
0.15800  1.701e+005  0.96133 0.96133 0.96133   0.00006 0.00981   0.961 
0.15900  1.699e+005  0.96093 0.96093 0.96093   0.00006 0.00991   0.961 
0.16000  1.697e+005  0.96053 0.96053 0.96053   0.00006 0.01002   0.961 
0.16100  1.6949e+005  0.96012 0.96012 0.96012   0.00006 0.01012   0.960 
0.16200  1.6929e+005  0.95972 0.95972 0.95972   0.00006 0.01023   0.960 
0.16300  1.6909e+005  0.95931 0.95931 0.95931   0.00006 0.01033   0.959 
0.16400  1.6889e+005  0.95892 0.95892 0.95892   0.00006 0.01043   0.959 
0.16500  1.6869e+005  0.95852 0.95852 0.95852   0.00006 0.01054   0.959 
0.16600  1.6848e+005  0.95810 0.95810 0.95810   0.00006 0.01064   0.958 
0.16700  1.6828e+005  0.95769 0.95769 0.95769   0.00006 0.01075   0.958 
0.16799  1.6808e+005  0.95727 0.95727 0.95727   0.00006 0.01086   0.957 
0.16899  1.6788e+005  0.95685 0.95685 0.95685   0.00006 0.01097   0.957 
0.16999  1.6768e+005  0.95643 0.95643 0.95643   0.00006 0.01107   0.956 
0.17099  1.6747e+005  0.95601 0.95601 0.95601   0.00007 0.01118   0.956 
0.17199  1.6727e+005  0.95559 0.95559 0.95559   0.00007 0.01129   0.956 
0.17299  1.6707e+005  0.95516 0.95516 0.95516   0.00007 0.01140   0.955 
0.17399  1.6687e+005  0.95473 0.95473 0.95473   0.00007 0.01151   0.955 
0.17499  1.6667e+005  0.95430 0.95430 0.95430   0.00007 0.01163   0.954 
0.17599  1.6646e+005  0.95387 0.95387 0.95387   0.00007 0.01174   0.954 
0.17699  1.6626e+005  0.95344 0.95344 0.95344   0.00007 0.01185   0.953 
0.17799  1.6606e+005  0.95300 0.95300 0.95300   0.00007 0.01196   0.953 
0.17899  1.6586e+005  0.95257 0.95257 0.95257   0.00007 0.01208   0.953 
0.17999  1.6566e+005  0.95213 0.95213 0.95213   0.00007 0.01219   0.952 
0.18099  1.6545e+005  0.95169 0.95169 0.95169   0.00007 0.01230   0.952 
0.18199  1.6525e+005  0.95125 0.95125 0.95125   0.00007 0.01242   0.951 
0.18299  1.6505e+005  0.95080 0.95080 0.95080   0.00007 0.01253   0.951 
0.18399  1.6485e+005  0.95036 0.95036 0.95036   0.00007 0.01265   0.950 
0.18499  1.6465e+005  0.94991 0.94991 0.94991   0.00007 0.01276   0.950 
0.18599  1.6444e+005  0.94946 0.94946 0.94946   0.00007 0.01288   0.949 
0.18699  1.6424e+005  0.94901 0.94901 0.94901   0.00007 0.01300   0.949 
0.18799  1.6404e+005  0.94856 0.94856 0.94856   0.00007 0.01312   0.949 
0.18899  1.6384e+005  0.94811 0.94811 0.94811   0.00007 0.01323   0.948 
0.18999  1.6364e+005  0.94765 0.94765 0.94765   0.00007 0.01335   0.948 
0.19099  1.6343e+005  0.94720 0.94720 0.94720   0.00007 0.01347   0.947 
0.19199  1.6323e+005  0.94674 0.94674 0.94674   0.00007 0.01359   0.947 
0.19299  1.6303e+005  0.94628 0.94628 0.94628   0.00007 0.01371   0.946 
0.19399  1.6283e+005  0.94581 0.94581 0.94581   0.00007 0.01383   0.946 
0.19499  1.6263e+005  0.94535 0.94535 0.94535   0.00007 0.01395   0.945 
0.19599  1.6242e+005  0.94488 0.94488 0.94488   0.00007 0.01407   0.945 
0.19699  1.6222e+005  0.94442 0.94442 0.94442   0.00007 0.01420   0.944 
0.19799  1.6202e+005  0.94395 0.94395 0.94395   0.00007 0.01432   0.944 
0.19899  1.6182e+005  0.94348 0.94348 0.94348   0.00007 0.01444   0.943 
0.19999  1.6162e+005  0.94300 0.94300 0.94300   0.00007 0.01456   0.943 
0.20099  1.6141e+005  0.94253 0.94253 0.94253   0.00007 0.01469   0.943 
0.20199  1.6121e+005  0.94205 0.94205 0.94205   0.00007 0.01481   0.942 
0.20299  1.6101e+005  0.94158 0.94158 0.94158   0.00007 0.01494   0.942 
0.20399  1.6081e+005  0.94110 0.94110 0.94110   0.00007 0.01506   0.941 
0.20499  1.6061e+005  0.94062 0.94062 0.94062   0.00007 0.01519   0.941 
0.20599  1.604e+005  0.94013 0.94013 0.94013   0.00007 0.01531   0.940 
0.20699  1.602e+005  0.93965 0.93965 0.93965   0.00007 0.01544   0.940 
0.20799  1.6e+005    0.93916 0.93916 0.93916   0.00007 0.01557   0.939 
0.20899  1.598e+005  0.93868 0.93868 0.93868   0.00007 0.01570   0.939 
0.20999  1.596e+005  0.93819 0.93819 0.93819   0.00008 0.01583   0.938 
0.21099  1.5939e+005  0.93770 0.93770 0.93770   0.00008 0.01595   0.938 
0.21199  1.5919e+005  0.93720 0.93720 0.93720   0.00008 0.01608   0.937 
0.21299  1.5899e+005  0.93671 0.93671 0.93671   0.00008 0.01621   0.937 
0.21399  1.5879e+005  0.93621 0.93621 0.93621   0.00008 0.01634   0.936 
0.21499  1.5859e+005  0.93574 0.93574 0.93574   0.00008 0.01647   0.936 
0.21599  1.5838e+005  0.93526 0.93526 0.93526   0.00008 0.01659   0.935 
0.21699  1.5818e+005  0.93476 0.93476 0.93476   0.00008 0.01673   0.935 
0.21799  1.5798e+005  0.93425 0.93425 0.93425   0.00008 0.01686   0.934 
0.21899  1.5778e+005  0.93375 0.93375 0.93375   0.00008 0.01699   0.934 
0.21999  1.5758e+005  0.93324 0.93324 0.93324   0.00008 0.01712   0.933 
0.22099  1.5737e+005  0.93274 0.93274 0.93274   0.00008 0.01726   0.933 
0.22199  1.5717e+005  0.93223 0.93223 0.93223   0.00008 0.01739   0.932 
0.22299  1.5697e+005  0.93172 0.93172 0.93172   0.00008 0.01753   0.932 
0.22399  1.5677e+005  0.93120 0.93120 0.93120   0.00008 0.01766   0.931 
0.22499  1.5657e+005  0.93069 0.93069 0.93069   0.00008 0.01780   0.931 
0.22599  1.5636e+005  0.93017 0.93017 0.93017   0.00008 0.01793   0.930 
0.22699  1.5616e+005  0.92965 0.92965 0.92965   0.00008 0.01807   0.930 
0.22799  1.5596e+005  0.92913 0.92913 0.92913   0.00008 0.01821   0.929 
0.22899  1.5576e+005  0.92861 0.92861 0.92861   0.00008 0.01835   0.929 
0.22999  1.5556e+005  0.92809 0.92809 0.92809   0.00008 0.01848   0.928 
0.23099  1.5535e+005  0.92757 0.92757 0.92757   0.00008 0.01862   0.928 
0.23199  1.5515e+005  0.92704 0.92704 0.92704   0.00008 0.01876   0.927 
0.23299  1.5495e+005  0.92651 0.92651 0.92651   0.00008 0.01890   0.927 
0.23399  1.5475e+005  0.92598 0.92598 0.92598   0.00008 0.01904   0.926 
0.23499  1.5455e+005  0.92545 0.92545 0.92545   0.00008 0.01918   0.925 
0.23599  1.5434e+005  0.92492 0.92492 0.92492   0.00008 0.01932   0.925 
0.23699  1.5414e+005  0.92438 0.92438 0.92438   0.00008 0.01947   0.924 
0.23799  1.5394e+005  0.92384 0.92384 0.92384   0.00008 0.01961   0.924 
0.23899  1.5374e+005  0.92330 0.92330 0.92330   0.00008 0.01975   0.923 
0.23999  1.5354e+005  0.92276 0.92276 0.92276   0.00008 0.01989   0.923 
0.24099  1.5333e+005  0.92222 0.92222 0.92222   0.00008 0.02004   0.922 
0.24199  1.5313e+005  0.92168 0.92168 0.92168   0.00008 0.02018   0.922 
0.24299  1.5293e+005  0.92113 0.92113 0.92113   0.00008 0.02033   0.921 
0.24399  1.5273e+005  0.92059 0.92059 0.92059   0.00008 0.02047   0.921 
0.24499  1.5253e+005  0.92004 0.92004 0.92004   0.00008 0.02062   0.920 
0.24599  1.5232e+005  0.91949 0.91949 0.91949   0.00008 0.02077   0.919 
0.24699  1.5212e+005  0.91893 0.91893 0.91893   0.00008 0.02091   0.919 
0.24799  1.5192e+005  0.91838 0.91838 0.91838   0.00008 0.02106   0.918 
0.24899  1.5172e+005  0.91782 0.91782 0.91782   0.00008 0.02121   0.918 
0.24999  1.5152e+005  0.91727 0.91727 0.91727   0.00009 0.02136   0.917 
0.25099  1.5131e+005  0.91671 0.91671 0.91671   0.00009 0.02151   0.917 
0.25199  1.5111e+005  0.91615 0.91615 0.91615   0.00009 0.02166   0.916 
0.25299  1.5091e+005  0.91558 0.91558 0.91558   0.00009 0.02181   0.916 
0.25399  1.5071e+005  0.91502 0.91502 0.91502   0.00009 0.02196   0.915 
0.25499  1.5051e+005  0.91445 0.91445 0.91445   0.00009 0.02211   0.914 
0.25599  1.503e+005  0.91388 0.91388 0.91388   0.00009 0.02226   0.914 
0.25699  1.501e+005  0.91331 0.91331 0.91331   0.00009 0.02241   0.913 
0.25799  1.499e+005  0.91274 0.91274 0.91274   0.00009 0.02257   0.913 
0.25899  1.497e+005  0.91217 0.91217 0.91217   0.00009 0.02272   0.912 
0.25999  1.495e+005  0.91159 0.91159 0.91159   0.00009 0.02287   0.912 
0.26099  1.4929e+005  0.91102 0.91102 0.91102   0.00009 0.02303   0.911 
0.26199  1.4909e+005  0.91044 0.91044 0.91044   0.00009 0.02318   0.910 
0.26299  1.4889e+005  0.90986 0.90986 0.90986   0.00009 0.02334   0.910 
0.26399  1.4869e+005  0.90928 0.90928 0.90928   0.00009 0.02350   0.909 
0.26499  1.4849e+005  0.90869 0.90869 0.90869   0.00009 0.02365   0.909 
0.26599  1.4828e+005  0.90811 0.90811 0.90811   0.00009 0.02381   0.908 
0.26699  1.4808e+005  0.90752 0.90752 0.90752   0.00009 0.02397   0.908 
0.26799  1.4788e+005  0.90693 0.90693 0.90693   0.00009 0.02413   0.907 
0.26899  1.4768e+005  0.90634 0.90634 0.90634   0.00009 0.02428   0.906 
0.26999  1.4748e+005  0.90575 0.90575 0.90575   0.00009 0.02444   0.906 
0.27099  1.4727e+005  0.90516 0.90516 0.90516   0.00009 0.02460   0.905 
0.27199  1.4707e+005  0.90456 0.90456 0.90456   0.00009 0.02476   0.905 
0.27299  1.4687e+005  0.90396 0.90396 0.90396   0.00009 0.02493   0.904 
0.27399  1.4667e+005  0.90336 0.90336 0.90336   0.00009 0.02509   0.903 
0.27499  1.4647e+005  0.90276 0.90276 0.90276   0.00009 0.02525   0.903 
0.27599  1.4626e+005  0.90216 0.90216 0.90216   0.00009 0.02541   0.902 
0.27699  1.4606e+005  0.90169 0.90169 0.90169   0.00009 0.02554   0.902 
0.27799  1.4586e+005  0.90111 0.90111 0.90111   0.00009 0.02570   0.901 
0.27899  1.4566e+005  0.90050 0.90050 0.90050   0.00009 0.02586   0.901 
0.27998  1.4546e+005  0.89990 0.89990 0.89990   0.00009 0.02602   0.900 
0.28098  1.4525e+005  0.89931 0.89931 0.89931   0.00009 0.02618   0.899 
0.28198  1.4505e+005  0.89870 0.89870 0.89870   0.00009 0.02635   0.899 
0.28298  1.4485e+005  0.89808 0.89808 0.89808   0.00009 0.02652   0.898 
0.28398  1.4465e+005  0.89747 0.89747 0.89747   0.00009 0.02668   0.897 
0.28498  1.4445e+005  0.89685 0.89685 0.89685   0.00009 0.02685   0.897 
0.28598  1.4424e+005  0.89623 0.89623 0.89623   0.00009 0.02702   0.896 
0.28698  1.4404e+005  0.89561 0.89561 0.89561   0.00009 0.02718   0.896 
0.28798  1.4384e+005  0.89499 0.89499 0.89499   0.00009 0.02735   0.895 
0.28898  1.4364e+005  0.89437 0.89437 0.89437   0.00009 0.02752   0.894 
0.28998  1.4344e+005  0.89374 0.89374 0.89374   0.00010 0.02769   0.894 
0.29098  1.4323e+005  0.89312 0.89312 0.89312   0.00010 0.02786   0.893 
0.29198  1.4303e+005  0.89249 0.89249 0.89249   0.00010 0.02804   0.892 
0.29298  1.4283e+005  0.89185 0.89185 0.89185   0.00010 0.02821   0.892 
0.29398  1.4263e+005  0.89126 0.89126 0.89126   0.00010 0.02837   0.891 
0.29498  1.4243e+005  0.89063 0.89063 0.89063   0.00010 0.02854   0.891 
0.29598  1.4222e+005  0.88999 0.88999 0.88999   0.00010 0.02872   0.890 
0.29698  1.4202e+005  0.88936 0.88936 0.88936   0.00010 0.02889   0.889 
0.29798  1.4182e+005  0.88872 0.88872 0.88872   0.00010 0.02906   0.889 
0.29898  1.4162e+005  0.88808 0.88808 0.88808   0.00010 0.02924   0.888 
0.29998  1.4142e+005  0.88744 0.88744 0.88744   0.00010 0.02941   0.887 
0.30098  1.4121e+005  0.88679 0.88679 0.88679   0.00010 0.02959   0.887 
0.30198  1.4101e+005  0.88615 0.88615 0.88615   0.00010 0.02977   0.886 
0.30298  1.4081e+005  0.88550 0.88550 0.88550   0.00010 0.02994   0.885 
0.30398  1.4061e+005  0.88485 0.88485 0.88485   0.00010 0.03012   0.885 
0.30498  1.4041e+005  0.88420 0.88420 0.88420   0.00010 0.03030   0.884 
0.30598  1.402e+005  0.88355 0.88355 0.88355   0.00010 0.03048   0.884 
0.30698  1.4e+005    0.88289 0.88289 0.88289   0.00010 0.03066   0.883 
0.30798  1.398e+005  0.88224 0.88224 0.88224   0.00010 0.03084   0.882 
0.30898  1.396e+005  0.88158 0.88158 0.88158   0.00010 0.03102   0.882 
0.30998  1.394e+005  0.88092 0.88092 0.88092   0.00010 0.03120   0.881 
0.31098  1.3919e+005  0.88026 0.88026 0.88026   0.00010 0.03138   0.880 
0.31198  1.3899e+005  0.87960 0.87960 0.87960   0.00010 0.03156   0.880 
0.31298  1.3879e+005  0.87893 0.87893 0.87893   0.00010 0.03175   0.879 
0.31398  1.3859e+005  0.87827 0.87827 0.87827   0.00010 0.03193   0.878 
0.31498  1.3839e+005  0.87760 0.87760 0.87760   0.00010 0.03211   0.878 
0.31598  1.3818e+005  0.87693 0.87693 0.87693   0.00010 0.03230   0.877 
0.31698  1.3798e+005  0.87626 0.87626 0.87626   0.00010 0.03248   0.876 
0.31798  1.3778e+005  0.87558 0.87558 0.87558   0.00010 0.03267   0.876 
0.31898  1.3758e+005  0.87491 0.87491 0.87491   0.00010 0.03286   0.875 
0.31998  1.3738e+005  0.87423 0.87423 0.87423   0.00010 0.03304   0.874 
0.32098  1.3717e+005  0.87355 0.87355 0.87355   0.00010 0.03323   0.874 
0.32198  1.3697e+005  0.87287 0.87287 0.87287   0.00010 0.03342   0.873 
0.32298  1.3677e+005  0.87219 0.87219 0.87219   0.00010 0.03361   0.872 
0.32398  1.3657e+005  0.87150 0.87150 0.87150   0.00010 0.03380   0.872 
0.32498  1.3637e+005  0.87081 0.87081 0.87081   0.00010 0.03399   0.871 
0.32598  1.3616e+005  0.87013 0.87013 0.87013   0.00010 0.03418   0.870 
0.32698  1.3596e+005  0.86945 0.86945 0.86945   0.00010 0.03437   0.869 
0.32798  1.3576e+005  0.86877 0.86877 0.86877   0.00011 0.03456   0.869 
0.32898  1.3556e+005  0.86808 0.86808 0.86808   0.00011 0.03475   0.868 
0.32998  1.3536e+005  0.86738 0.86738 0.86738   0.00011 0.03494   0.867 
0.33098  1.3515e+005  0.86669 0.86669 0.86669   0.00011 0.03514   0.867 
0.33198  1.3495e+005  0.86599 0.86599 0.86599   0.00011 0.03533   0.866 
0.33298  1.3475e+005  0.86529 0.86529 0.86529   0.00011 0.03553   0.865 
0.33398  1.3455e+005  0.86458 0.86458 0.86458   0.00011 0.03572   0.865 
0.33498  1.3435e+005  0.86388 0.86388 0.86388   0.00011 0.03592   0.864 
0.33598  1.3414e+005  0.86317 0.86317 0.86317   0.00011 0.03612   0.863 
0.33698  1.3394e+005  0.86254 0.86254 0.86254   0.00011 0.03629   0.863 
0.33798  1.3374e+005  0.86187 0.86187 0.86187   0.00011 0.03648   0.862 
0.33898  1.3354e+005  0.86116 0.86116 0.86116   0.00011 0.03668   0.861 
0.33998  1.3334e+005  0.86045 0.86045 0.86045   0.00011 0.03688   0.860 
0.34098  1.3313e+005  0.85973 0.85973 0.85973   0.00011 0.03708   0.860 
0.34198  1.3293e+005  0.85902 0.85902 0.85902   0.00011 0.03728   0.859 
0.34298  1.3273e+005  0.85830 0.85830 0.85830   0.00011 0.03748   0.858 
0.34398  1.3253e+005  0.85759 0.85759 0.85759   0.00011 0.03768   0.858 
0.34498  1.3233e+005  0.85686 0.85686 0.85686   0.00011 0.03788   0.857 
0.34598  1.3212e+005  0.85614 0.85614 0.85614   0.00011 0.03809   0.856 
0.34698  1.3192e+005  0.85542 0.85542 0.85542   0.00011 0.03829   0.855 
0.34798  1.3172e+005  0.85469 0.85469 0.85469   0.00011 0.03849   0.855 
0.34898  1.3152e+005  0.85398 0.85398 0.85398   0.00011 0.03869   0.854 
0.34998  1.3132e+005  0.85326 0.85326 0.85326   0.00011 0.03890   0.853 
0.35098  1.3111e+005  0.85253 0.85253 0.85253   0.00011 0.03910   0.853 
0.35198  1.3091e+005  0.85179 0.85179 0.85179   0.00011 0.03931   0.852 
0.35298  1.3071e+005  0.85106 0.85106 0.85106   0.00011 0.03952   0.851 
0.35398  1.3051e+005  0.85032 0.85032 0.85032   0.00011 0.03972   0.850 
0.35498  1.3031e+005  0.84958 0.84958 0.84958   0.00011 0.03993   0.850 
0.35598  1.301e+005  0.84884 0.84884 0.84884   0.00011 0.04014   0.849 
0.35698  1.299e+005  0.84810 0.84810 0.84810   0.00011 0.04035   0.848 
0.35798  1.297e+005  0.84736 0.84736 0.84736   0.00011 0.04056   0.847 
0.35898  1.295e+005  0.84661 0.84661 0.84661   0.00011 0.04077   0.847 
0.35998  1.293e+005  0.84586 0.84586 0.84586   0.00011 0.04099   0.846 
0.36098  1.2909e+005  0.84512 0.84512 0.84512   0.00011 0.04120   0.845 
0.36198  1.2889e+005  0.84436 0.84436 0.84436   0.00011 0.04141   0.844 
0.36298  1.2869e+005  0.84361 0.84361 0.84361   0.00011 0.04163   0.844 
0.36398  1.2849e+005  0.84285 0.84285 0.84285   0.00011 0.04184   0.843 
0.36498  1.2829e+005  0.84210 0.84210 0.84210   0.00011 0.04205   0.842 
0.36598  1.2808e+005  0.84134 0.84134 0.84134   0.00012 0.04227   0.841 
0.36698  1.2788e+005  0.84058 0.84058 0.84058   0.00012 0.04249   0.841 
0.36798  1.2768e+005  0.83982 0.83982 0.83982   0.00012 0.04270   0.840 
0.36898  1.2748e+005  0.83905 0.83905 0.83905   0.00012 0.04292   0.839 
0.36998  1.2728e+005  0.83829 0.83829 0.83829   0.00012 0.04314   0.838 
0.37098  1.2707e+005  0.83752 0.83752 0.83752   0.00012 0.04336   0.838 
0.37198  1.2687e+005  0.83675 0.83675 0.83675   0.00012 0.04358   0.837 
0.37298  1.2667e+005  0.83597 0.83597 0.83597   0.00012 0.04380   0.836 
0.37398  1.2647e+005  0.83522 0.83522 0.83522   0.00012 0.04402   0.835 
0.37498  1.2627e+005  0.83445 0.83445 0.83445   0.00012 0.04424   0.834 
0.37598  1.2606e+005  0.83367 0.83367 0.83367   0.00012 0.04446   0.834 
0.37698  1.2586e+005  0.83289 0.83289 0.83289   0.00012 0.04468   0.833 
0.37798  1.2566e+005  0.83211 0.83211 0.83211   0.00012 0.04491   0.832 
0.37898  1.2546e+005  0.83132 0.83132 0.83132   0.00012 0.04513   0.831 
0.37998  1.2526e+005  0.83054 0.83054 0.83054   0.00012 0.04536   0.831 
0.38098  1.2505e+005  0.82976 0.82976 0.82976   0.00012 0.04558   0.830 
0.38198  1.2485e+005  0.82897 0.82897 0.82897   0.00012 0.04581   0.829 
0.38298  1.2465e+005  0.82818 0.82818 0.82818   0.00012 0.04604   0.828 
0.38398  1.2445e+005  0.82738 0.82738 0.82738   0.00012 0.04627   0.827 
0.38498  1.2425e+005  0.82659 0.82659 0.82659   0.00012 0.04650   0.827 
0.38598  1.2404e+005  0.82580 0.82580 0.82580   0.00012 0.04673   0.826 
0.38698  1.2384e+005  0.82500 0.82500 0.82500   0.00012 0.04696   0.825 
0.38798  1.2364e+005  0.82420 0.82420 0.82420   0.00012 0.04719   0.824 
0.38898  1.2344e+005  0.82339 0.82339 0.82339   0.00012 0.04742   0.823 
0.38998  1.2324e+005  0.82259 0.82259 0.82259   0.00012 0.04765   0.823 
0.39098  1.2303e+005  0.82178 0.82178 0.82178   0.00012 0.04789   0.822 
0.39197  1.2283e+005  0.82097 0.82097 0.82097   0.00012 0.04812   0.821 
0.39297  1.2263e+005  0.82016 0.82016 0.82016   0.00012 0.04835   0.820 
0.39397  1.2243e+005  0.81935 0.81935 0.81935   0.00012 0.04859   0.819 
0.39497  1.2223e+005  0.81854 0.81854 0.81854   0.00012 0.04883   0.819 
0.39597  1.2202e+005  0.81772 0.81772 0.81772   0.00012 0.04906   0.818 
0.39697  1.2182e+005  0.81690 0.81690 0.81690   0.00012 0.04930   0.817 
0.39797  1.2162e+005  0.81608 0.81608 0.81608   0.00012 0.04954   0.816 
0.39897  1.2142e+005  0.81526 0.81526 0.81526   0.00012 0.04978   0.815 
0.39997  1.2122e+005  0.81444 0.81444 0.81444   0.00012 0.05002   0.814 
0.40097  1.2101e+005  0.81362 0.81362 0.81362   0.00013 0.05026   0.814 
0.40197  1.2081e+005  0.81279 0.81279 0.81279   0.00013 0.05050   0.813 
0.40297  1.2061e+005  0.81196 0.81196 0.81196   0.00013 0.05074   0.812 
0.40397  1.2041e+005  0.81113 0.81113 0.81113   0.00013 0.05099   0.811 
0.40497  1.2021e+005  0.81029 0.81029 0.81029   0.00013 0.05123   0.810 
0.40597  1.2e+005    0.80946 0.80946 0.80946   0.00013 0.05148   0.809 
0.40697  1.198e+005  0.80862 0.80862 0.80862   0.00013 0.05172   0.809 
0.40797  1.196e+005  0.80778 0.80778 0.80778   0.00013 0.05197   0.808 
0.40897  1.194e+005  0.80694 0.80694 0.80694   0.00013 0.05221   0.807 
0.40997  1.192e+005  0.80610 0.80610 0.80610   0.00013 0.05246   0.806 
0.41097  1.1899e+005  0.80525 0.80525 0.80525   0.00013 0.05271   0.805 
0.41197  1.1879e+005  0.80441 0.80441 0.80441   0.00013 0.05296   0.804 
0.41297  1.1859e+005  0.80356 0.80356 0.80356   0.00013 0.05321   0.804 
0.41397  1.1839e+005  0.80271 0.80271 0.80271   0.00013 0.05346   0.803 
0.41497  1.1819e+005  0.80185 0.80185 0.80185   0.00013 0.05371   0.802 
0.41597  1.1798e+005  0.80100 0.80100 0.80100   0.00013 0.05396   0.801 
0.41697  1.1778e+005  0.80014 0.80014 0.80014   0.00013 0.05422   0.800 
0.41797  1.1758e+005  0.79936 0.79936 0.79936   0.00013 0.05445   0.799 
0.41897  1.1738e+005  0.79852 0.79852 0.79852   0.00013 0.05470   0.799 
0.41997  1.1718e+005  0.79766 0.79766 0.79766   0.00013 0.05495   0.798 
0.42097  1.1697e+005  0.79680 0.79680 0.79680   0.00013 0.05520   0.797 
0.42197  1.1677e+005  0.79594 0.79594 0.79594   0.00013 0.05546   0.796 
0.42297  1.1657e+005  0.79508 0.79508 0.79508   0.00013 0.05572   0.795 
0.42397  1.1637e+005  0.79421 0.79421 0.79421   0.00013 0.05597   0.794 
0.42497  1.1617e+005  0.79338 0.79338 0.79338   0.00013 0.05622   0.793 
0.42597  1.1596e+005  0.79251 0.79251 0.79251   0.00013 0.05648   0.793 
0.42697  1.1576e+005  0.79165 0.79165 0.79165   0.00013 0.05673   0.792 
0.42797  1.1556e+005  0.79080 0.79080 0.79080   0.00013 0.05699   0.791 
0.42897  1.1536e+005  0.78993 0.78993 0.78993   0.00013 0.05725   0.790 
0.42997  1.1516e+005  0.78906 0.78906 0.78906   0.00013 0.05751   0.789 
0.43097  1.1495e+005  0.78820 0.78820 0.78820   0.00013 0.05776   0.788 
0.43197  1.1475e+005  0.78738 0.78738 0.78738   0.00013 0.05801   0.787 
0.43297  1.1455e+005  0.78661 0.78661 0.78661   0.00013 0.05824   0.787 
0.43397  1.1435e+005  0.78582 0.78582 0.78582   0.00013 0.05848   0.786 
0.43497  1.1415e+005  0.78495 0.78495 0.78495   0.00013 0.05874   0.785 
0.43597  1.1394e+005  0.78407 0.78407 0.78407   0.00014 0.05900   0.784 
0.43697  1.1374e+005  0.78319 0.78319 0.78319   0.00014 0.05927   0.783 
0.43797  1.1354e+005  0.78230 0.78230 0.78230   0.00014 0.05953   0.782 
0.43897  1.1334e+005  0.78142 0.78142 0.78142   0.00014 0.05980   0.781 
0.43997  1.1314e+005  0.78053 0.78053 0.78053   0.00014 0.06006   0.781 
0.44097  1.1293e+005  0.77965 0.77965 0.77965   0.00014 0.06033   0.780 
0.44197  1.1273e+005  0.77876 0.77876 0.77876   0.00014 0.06060   0.779 
0.44297  1.1253e+005  0.77787 0.77787 0.77787   0.00014 0.06087   0.778 
0.44397  1.1233e+005  0.77697 0.77697 0.77697   0.00014 0.06114   0.777 
0.44497  1.1213e+005  0.77609 0.77609 0.77609   0.00014 0.06141   0.776 
0.44597  1.1192e+005  0.77519 0.77519 0.77519   0.00014 0.06168   0.775 
0.44697  1.1172e+005  0.77429 0.77429 0.77429   0.00014 0.06195   0.774 
0.44797  1.1152e+005  0.77340 0.77340 0.77340   0.00014 0.06222   0.773 
0.44897  1.1132e+005  0.77249 0.77249 0.77249   0.00014 0.06249   0.772 
0.44997  1.1112e+005  0.77160 0.77160 0.77160   0.00014 0.06277   0.772 
0.45097  1.1091e+005  0.77069 0.77069 0.77069   0.00014 0.06304   0.771 
0.45197  1.1071e+005  0.76979 0.76979 0.76979   0.00014 0.06332   0.770 
0.45297  1.1051e+005  0.76889 0.76889 0.76889   0.00014 0.06359   0.769 
0.45397  1.1031e+005  0.76798 0.76798 0.76798   0.00014 0.06387   0.768 
0.45497  1.1011e+005  0.76708 0.76708 0.76708   0.00014 0.06414   0.767 
0.45597  1.099e+005  0.76616 0.76616 0.76616   0.00014 0.06442   0.766 
0.45697  1.097e+005  0.76525 0.76525 0.76525   0.00014 0.06470   0.765 
0.45797  1.095e+005  0.76434 0.76434 0.76434   0.00014 0.06498   0.764 
0.45897  1.093e+005  0.76342 0.76342 0.76342   0.00014 0.06526   0.763 
0.45997  1.091e+005  0.76250 0.76250 0.76250   0.00014 0.06554   0.763 
0.46097  1.0889e+005  0.76158 0.76158 0.76158   0.00014 0.06582   0.762 
0.46197  1.0869e+005  0.76066 0.76066 0.76066   0.00014 0.06610   0.761 
0.46297  1.0849e+005  0.75977 0.75977 0.75977   0.00014 0.06638   0.760 
0.46397  1.0829e+005  0.75900 0.75900 0.75900   0.00014 0.06662   0.759 
0.46497  1.0809e+005  0.75811 0.75811 0.75811   0.00014 0.06689   0.758 
0.46597  1.0788e+005  0.75719 0.75719 0.75719   0.00014 0.06717   0.757 
0.46697  1.0768e+005  0.75627 0.75627 0.75627   0.00014 0.06746   0.756 
0.46797  1.0748e+005  0.75539 0.75539 0.75539   0.00014 0.06773   0.755 
0.46897  1.0728e+005  0.75454 0.75454 0.75454   0.00014 0.06799   0.755 
0.46997  1.0708e+005  0.75364 0.75364 0.75364   0.00014 0.06827   0.754 
0.47097  1.0687e+005  0.75272 0.75272 0.75272   0.00015 0.06855   0.753 
0.47197  1.0667e+005  0.75179 0.75179 0.75179   0.00015 0.06884   0.752 
0.47297  1.0647e+005  0.75086 0.75086 0.75086   0.00015 0.06913   0.751 
0.47397  1.0627e+005  0.74993 0.74993 0.74993   0.00015 0.06942   0.750 
0.47497  1.0607e+005  0.74900 0.74900 0.74900   0.00015 0.06971   0.749 
0.47597  1.0586e+005  0.74807 0.74807 0.74807   0.00015 0.06999   0.748 
0.47697  1.0566e+005  0.74714 0.74714 0.74714   0.00015 0.07028   0.747 
0.47797  1.0546e+005  0.74620 0.74620 0.74620   0.00015 0.07057   0.746 
0.47897  1.0526e+005  0.74527 0.74527 0.74527   0.00015 0.07087   0.745 
0.47997  1.0506e+005  0.74433 0.74433 0.74433   0.00015 0.07116   0.744 
0.48097  1.0485e+005  0.74339 0.74339 0.74339   0.00015 0.07145   0.743 
0.48197  1.0465e+005  0.74245 0.74245 0.74245   0.00015 0.07175   0.742 
0.48297  1.0445e+005  0.74150 0.74150 0.74150   0.00015 0.07204   0.742 
0.48397  1.0425e+005  0.74056 0.74056 0.74056   0.00015 0.07234   0.741 
0.48497  1.0405e+005  0.73961 0.73961 0.73961   0.00015 0.07264   0.740 
0.48597  1.0384e+005  0.73866 0.73866 0.73866   0.00015 0.07293   0.739 
0.48697  1.0364e+005  0.73772 0.73772 0.73772   0.00015 0.07323   0.738 
0.48797  1.0344e+005  0.73676 0.73676 0.73676   0.00015 0.07353   0.737 
0.48897  1.0324e+005  0.73581 0.73581 0.73581   0.00015 0.07383   0.736 
0.48997  1.0304e+005  0.73486 0.73486 0.73486   0.00015 0.07413   0.735 
0.49097  1.0283e+005  0.73390 0.73390 0.73390   0.00015 0.07443   0.734 
0.49197  1.0263e+005  0.73294 0.73294 0.73294   0.00015 0.07473   0.733 
0.49297  1.0243e+005  0.73198 0.73198 0.73198   0.00015 0.07504   0.732 
0.49397  1.0223e+005  0.73102 0.73102 0.73102   0.00015 0.07534   0.731 
0.49497  1.0203e+005  0.73006 0.73006 0.73006   0.00015 0.07564   0.730 
0.49597  1.0182e+005  0.72910 0.72910 0.72910   0.00015 0.07595   0.729 
0.49697  1.0162e+005  0.72813 0.72813 0.72813   0.00015 0.07625   0.728 
0.49797  1.0142e+005  0.72717 0.72717 0.72717   0.00015 0.07656   0.727 
0.49897  1.0122e+005  0.72620 0.72620 0.72620   0.00015 0.07687   0.726 
0.49997  1.0102e+005  0.72523 0.72523 0.72523   0.00015 0.07718   0.725 
0.50097  1.0081e+005  0.72426 0.72426 0.72426   0.00015 0.07749   0.724 
0.50197  1.0061e+005  0.72329 0.72329 0.72329   0.00015 0.07779   0.723 
0.50297  1.0041e+005  0.72232 0.72232 0.72232   0.00015 0.07810   0.722 
0.50397  1.0021e+005  0.72135 0.72135 0.72135   0.00016 0.07841   0.721 
0.50496  1.0001e+005  0.72038 0.72038 0.72038   0.00016 0.07872   0.720 
0.50596  99804       0.71940 0.71940 0.71940   0.00016 0.07904   0.719 
0.50696  99602       0.71842 0.71842 0.71842   0.00016 0.07935   0.718 
0.50796  99400       0.71744 0.71744 0.71744   0.00016 0.07966   0.717 
0.50896  99198       0.71646 0.71646 0.71646   0.00016 0.07998   0.716 
0.50996  98996       0.71548 0.71548 0.71548   0.00016 0.08029   0.715 
0.51096  98794       0.71453 0.71453 0.71453   0.00016 0.08060   0.715 
0.51196  98592       0.71354 0.71354 0.71354   0.00016 0.08092   0.714 
0.51296  98390       0.71262 0.71262 0.71262   0.00016 0.08121   0.713 
0.51396  98188       0.71166 0.71166 0.71166   0.00016 0.08152   0.712 
0.51496  97986       0.71068 0.71068 0.71068   0.00016 0.08184   0.711 
0.51596  97784       0.70969 0.70969 0.70969   0.00016 0.08216   0.710 
0.51696  97582       0.70870 0.70870 0.70870   0.00016 0.08248   0.709 
0.51796  97380       0.70771 0.70771 0.70771   0.00016 0.08280   0.708 
0.51896  97178       0.70672 0.70672 0.70672   0.00016 0.08312   0.707 
0.51996  96976       0.70573 0.70573 0.70573   0.00016 0.08344   0.706 
0.52096  96774       0.70474 0.70474 0.70474   0.00016 0.08377   0.705 
0.52196  96572       0.70374 0.70374 0.70374   0.00016 0.08409   0.704 
0.52296  96370       0.70286 0.70286 0.70286   0.00016 0.08438   0.703 
0.52396  96168       0.70198 0.70198 0.70198   0.00016 0.08466   0.702 
0.52496  95966       0.70099 0.70099 0.70099   0.00016 0.08498   0.701 
0.52596  95764       0.69999 0.69999 0.69999   0.00016 0.08531   0.700 
0.52696  95562       0.69900 0.69900 0.69900   0.00016 0.08564   0.699 
0.52796  95360       0.69799 0.69799 0.69799   0.00016 0.08596   0.698 
0.52896  95158       0.69699 0.69699 0.69699   0.00016 0.08629   0.697 
0.52996  94956       0.69604 0.69604 0.69604   0.00016 0.08660   0.696 
0.53096  94754       0.69504 0.69504 0.69504   0.00016 0.08693   0.695 
0.53196  94552       0.69403 0.69403 0.69403   0.00016 0.08726   0.694 
0.53296  94350       0.69302 0.69302 0.69302   0.00016 0.08760   0.693 
0.53396  94148       0.69201 0.69201 0.69201   0.00016 0.08793   0.692 
0.53496  93946       0.69100 0.69100 0.69100   0.00016 0.08826   0.691 
0.53596  93744       0.68999 0.68999 0.68999   0.00016 0.08860   0.690 
0.53696  93542       0.68898 0.68898 0.68898   0.00017 0.08893   0.689 
0.53796  93340       0.68796 0.68796 0.68796   0.00017 0.08927   0.688 
0.53896  93138       0.68694 0.68694 0.68694   0.00017 0.08961   0.687 
0.53996  92936       0.68592 0.68592 0.68592   0.00017 0.08994   0.686 
0.54096  92734       0.68490 0.68490 0.68490   0.00017 0.09028   0.685 
0.54196  92532       0.68388 0.68388 0.68388   0.00017 0.09062   0.684 
0.54296  92330       0.68286 0.68286 0.68286   0.00017 0.09096   0.683 
0.54396  92128       0.68184 0.68184 0.68184   0.00017 0.09130   0.682 
0.54496  91926       0.68083 0.68083 0.68083   0.00017 0.09164   0.681 
0.54596  91724       0.67980 0.67980 0.67980   0.00017 0.09198   0.680 
0.54696  91522       0.67897 0.67897 0.67897   0.00017 0.09226   0.679 
0.54796  91320       0.67814 0.67814 0.67814   0.00017 0.09253   0.678 
0.54896  91118       0.67719 0.67719 0.67719   0.00017 0.09285   0.677 
0.54996  90916       0.67618 0.67618 0.67618   0.00017 0.09319   0.676 
0.55096  90714       0.67517 0.67517 0.67517   0.00017 0.09353   0.675 
0.55196  90512       0.67414 0.67414 0.67414   0.00017 0.09388   0.674 
0.55296  90310       0.67311 0.67311 0.67311   0.00017 0.09422   0.673 
0.55396  90108       0.67207 0.67207 0.67207   0.00017 0.09457   0.672 
0.55496  89906       0.67104 0.67104 0.67104   0.00017 0.09492   0.671 
0.55596  89704       0.67000 0.67000 0.67000   0.00017 0.09527   0.670 
0.55696  89502       0.66896 0.66896 0.66896   0.00017 0.09562   0.669 
0.55796  89300       0.66792 0.66792 0.66792   0.00017 0.09597   0.668 
0.55896  89098       0.66687 0.66687 0.66687   0.00017 0.09633   0.667 
0.55996  88896       0.66583 0.66583 0.66583   0.00017 0.09668   0.666 
0.56096  88694       0.66478 0.66478 0.66478   0.00017 0.09704   0.665 
0.56196  88492       0.66374 0.66374 0.66374   0.00017 0.09739   0.664 
0.56296  88290       0.66269 0.66269 0.66269   0.00017 0.09775   0.663 
0.56396  88088       0.66164 0.66164 0.66164   0.00017 0.09811   0.662 
0.56496  87886       0.66069 0.66069 0.66069   0.00017 0.09843   0.661 
0.56596  87684       0.65963 0.65963 0.65963   0.00017 0.09879   0.660 
0.56696  87482       0.65858 0.65858 0.65858   0.00017 0.09915   0.659 
0.56796  87280       0.65752 0.65752 0.65752   0.00017 0.09951   0.658 
0.56896  87078       0.65646 0.65646 0.65646   0.00018 0.09988   0.656 
0.56996  86876       0.65540 0.65540 0.65540   0.00018 0.10024   0.655 
0.57096  86674       0.65434 0.65434 0.65434   0.00018 0.10060   0.654 
0.57196  86472       0.65328 0.65328 0.65328   0.00018 0.10097   0.653 
0.57296  86270       0.65226 0.65226 0.65226   0.00018 0.10132   0.652 
0.57396  86068       0.65120 0.65120 0.65120   0.00018 0.10169   0.651 
0.57496  85866       0.65013 0.65013 0.65013   0.00018 0.10205   0.650 
0.57596  85664       0.64906 0.64906 0.64906   0.00018 0.10242   0.649 
0.57696  85462       0.64800 0.64800 0.64800   0.00018 0.10279   0.648 
0.57796  85260       0.64693 0.64693 0.64693   0.00018 0.10316   0.647 
0.57896  85058       0.64585 0.64585 0.64585   0.00018 0.10353   0.646 
0.57996  84856       0.64478 0.64478 0.64478   0.00018 0.10391   0.645 
0.58096  84654       0.64379 0.64379 0.64379   0.00018 0.10425   0.644 
0.58196  84452       0.64273 0.64273 0.64273   0.00018 0.10462   0.643 
0.58296  84250       0.64166 0.64166 0.64166   0.00018 0.10499   0.642 
0.58396  84048       0.64058 0.64058 0.64058   0.00018 0.10537   0.641 
0.58496  83846       0.63950 0.63950 0.63950   0.00018 0.10575   0.639 
0.58596  83644       0.63845 0.63845 0.63845   0.00018 0.10611   0.638 
0.58696  83442       0.63737 0.63737 0.63737   0.00018 0.10649   0.637 
0.58796  83240       0.63629 0.63629 0.63629   0.00018 0.10687   0.636 
0.58896  83038       0.63521 0.63521 0.63521   0.00018 0.10725   0.635 
0.58996  82836       0.63412 0.63412 0.63412   0.00018 0.10763   0.634 
0.59096  82634       0.63304 0.63304 0.63304   0.00018 0.10802   0.633 
0.59196  82432       0.63195 0.63195 0.63195   0.00018 0.10840   0.632 
0.59296  82230       0.63086 0.63086 0.63086   0.00018 0.10878   0.631 
0.59396  82028       0.62976 0.62976 0.62976   0.00018 0.10917   0.630 
0.59496  81826       0.62867 0.62867 0.62867   0.00018 0.10956   0.629 
0.59596  81624       0.62757 0.62757 0.62757   0.00018 0.10995   0.628 
0.59696  81422       0.62647 0.62647 0.62647   0.00018 0.11034   0.626 
0.59796  81220       0.62537 0.62537 0.62537   0.00018 0.11073   0.625 
0.59896  81018       0.62427 0.62427 0.62427   0.00019 0.11112   0.624 
0.59996  80816       0.62317 0.62317 0.62317   0.00019 0.11151   0.623 
0.60096  80614       0.62206 0.62206 0.62206   0.00019 0.11191   0.622 
0.60196  80412       0.62096 0.62096 0.62096   0.00019 0.11230   0.621 
0.60296  80210       0.61985 0.61985 0.61985   0.00019 0.11270   0.620 
0.60396  80008       0.61874 0.61874 0.61874   0.00019 0.11309   0.619 
0.60496  79806       0.61763 0.61763 0.61763   0.00019 0.11349   0.618 
0.60596  79604       0.61652 0.61652 0.61652   0.00019 0.11389   0.617 
0.60696  79402       0.61541 0.61541 0.61541   0.00019 0.11429   0.615 
0.60796  79200       0.61429 0.61429 0.61429   0.00019 0.11469   0.614 
0.60896  78998       0.61317 0.61317 0.61317   0.00019 0.11510   0.613 
0.60996  78796       0.61206 0.61206 0.61206   0.00019 0.11550   0.612 
0.61096  78594       0.61093 0.61093 0.61093   0.00019 0.11591   0.611 
0.61196  78392       0.60981 0.60981 0.60981   0.00019 0.11631   0.610 
0.61296  78190       0.60869 0.60869 0.60869   0.00019 0.11672   0.609 
0.61396  77988       0.60756 0.60756 0.60756   0.00019 0.11713   0.608 
0.61496  77786       0.60644 0.60644 0.60644   0.00019 0.11754   0.606 
0.61595  77584       0.60531 0.60531 0.60531   0.00019 0.11795   0.605 
0.61695  77382       0.60417 0.60417 0.60417   0.00019 0.11836   0.604 
0.61795  77180       0.60304 0.60304 0.60304   0.00019 0.11878   0.603 
0.61895  76978       0.60198 0.60198 0.60198   0.00019 0.11916   0.602 
0.61995  76776       0.60085 0.60085 0.60085   0.00019 0.11958   0.601 
0.62095  76574       0.59971 0.59971 0.59971   0.00019 0.11999   0.600 
0.62195  76372       0.59857 0.59857 0.59857   0.00019 0.12041   0.599 
0.62295  76170       0.59743 0.59743 0.59743   0.00019 0.12083   0.597 
0.62395  75968       0.59629 0.59629 0.59629   0.00019 0.12125   0.596 
0.62495  75766       0.59515 0.59515 0.59515   0.00019 0.12167   0.595 
0.62595  75564       0.59400 0.59400 0.59400   0.00019 0.12210   0.594 
0.62695  75362       0.59285 0.59285 0.59285   0.00020 0.12252   0.593 
0.62795  75160       0.59170 0.59170 0.59170   0.00020 0.12295   0.592 
0.62895  74958       0.59055 0.59055 0.59055   0.00020 0.12337   0.591 
0.62995  74756       0.58941 0.58941 0.58941   0.00020 0.12380   0.589 
0.63095  74554       0.58825 0.58825 0.58825   0.00020 0.12423   0.588 
0.63195  74352       0.58710 0.58710 0.58710   0.00020 0.12466   0.587 
0.63295  74150       0.58594 0.58594 0.58594   0.00020 0.12509   0.586 
0.63395  73948       0.58478 0.58478 0.58478   0.00020 0.12552   0.585 
0.63495  73746       0.58362 0.58362 0.58362   0.00020 0.12596   0.584 
0.63595  73544       0.58245 0.58245 0.58245   0.00020 0.12640   0.582 
0.63695  73342       0.58129 0.58129 0.58129   0.00020 0.12683   0.581 
0.63795  73140       0.58012 0.58012 0.58012   0.00020 0.12727   0.580 
0.63895  72938       0.57895 0.57895 0.57895   0.00020 0.12771   0.579 
0.63995  72736       0.57778 0.57778 0.57778   0.00020 0.12815   0.578 
0.64095  72534       0.57661 0.57661 0.57661   0.00020 0.12859   0.577 
0.64195  72332       0.57543 0.57543 0.57543   0.00020 0.12904   0.575 
0.64295  72130       0.57426 0.57426 0.57426   0.00020 0.12948   0.574 
0.64395  71928       0.57308 0.57308 0.57308   0.00020 0.12993   0.573 
0.64495  71726       0.57190 0.57190 0.57190   0.00020 0.13038   0.572 
0.64595  71524       0.57072 0.57072 0.57072   0.00020 0.13083   0.571 
0.64695  71322       0.56954 0.56954 0.56954   0.00020 0.13128   0.570 
0.64795  71120       0.56836 0.56836 0.56836   0.00020 0.13173   0.568 
0.64895  70918       0.56717 0.56717 0.56717   0.00020 0.13218   0.567 
0.64995  70716       0.56598 0.56598 0.56598   0.00020 0.13264   0.566 
0.65095  70514       0.56479 0.56479 0.56479   0.00020 0.13310   0.565 
0.65195  70312       0.56363 0.56363 0.56363   0.00020 0.13354   0.564 
0.65295  70110       0.56246 0.56246 0.56246   0.00020 0.13399   0.562 
0.65395  69908       0.56127 0.56127 0.56127   0.00021 0.13445   0.561 
0.65495  69706       0.56007 0.56007 0.56007   0.00021 0.13491   0.560 
0.65595  69504       0.55887 0.55887 0.55887   0.00021 0.13537   0.559 
0.65695  69302       0.55767 0.55767 0.55767   0.00021 0.13584   0.558 
0.65795  69100       0.55647 0.55647 0.55647   0.00021 0.13631   0.556 
0.65895  68898       0.55526 0.55526 0.55526   0.00021 0.13677   0.555 
0.65995  68696       0.55405 0.55405 0.55405   0.00021 0.13724   0.554 
0.66095  68494       0.55285 0.55285 0.55285   0.00021 0.13771   0.553 
0.66195  68292       0.55164 0.55164 0.55164   0.00021 0.13819   0.552 
0.66295  68090       0.55042 0.55042 0.55042   0.00021 0.13866   0.550 
0.66395  67888       0.54921 0.54921 0.54921   0.00021 0.13914   0.549 
0.66495  67686       0.54799 0.54799 0.54799   0.00021 0.13961   0.548 
0.66595  67484       0.54678 0.54678 0.54678   0.00021 0.14009   0.547 
0.66695  67282       0.54556 0.54556 0.54556   0.00021 0.14057   0.546 
0.66795  67080       0.54434 0.54434 0.54434   0.00021 0.14105   0.544 
0.66895  66878       0.54312 0.54312 0.54312   0.00021 0.14153   0.543 
0.66995  66676       0.54190 0.54190 0.54190   0.00021 0.14202   0.542 
0.67095  66474       0.54067 0.54067 0.54067   0.00021 0.14250   0.541 
0.67195  66272       0.53944 0.53944 0.53944   0.00021 0.14299   0.539 
0.67295  66070       0.53821 0.53821 0.53821   0.00021 0.14348   0.538 
0.67395  65868       0.53698 0.53698 0.53698   0.00021 0.14397   0.537 
0.67495  65666       0.53574 0.53574 0.53574   0.00021 0.14446   0.536 
0.67595  65464       0.53451 0.53451 0.53451   0.00021 0.14496   0.535 
0.67695  65262       0.53327 0.53327 0.53327   0.00021 0.14545   0.533 
0.67795  65060       0.53203 0.53203 0.53203   0.00021 0.14595   0.532 
0.67895  64858       0.53079 0.53079 0.53079   0.00022 0.14645   0.531 
0.67995  64656       0.52954 0.52954 0.52954   0.00022 0.14695   0.530 
0.68095  64454       0.52830 0.52830 0.52830   0.00022 0.14745   0.528 
0.68195  64252       0.52705 0.52705 0.52705   0.00022 0.14795   0.527 
0.68295  64050       0.52580 0.52580 0.52580   0.00022 0.14846   0.526 
0.68395  63848       0.52455 0.52455 0.52455   0.00022 0.14897   0.525 
0.68495  63646       0.52329 0.52329 0.52329   0.00022 0.14948   0.523 
0.68595  63444       0.52205 0.52205 0.52205   0.00022 0.14998   0.522 
0.68695  63242       0.52079 0.52079 0.52079   0.00022 0.15049   0.521 
0.68795  63040       0.51954 0.51954 0.51954   0.00022 0.15101   0.520 
0.68895  62838       0.51828 0.51828 0.51828   0.00022 0.15152   0.518 
0.68995  62636       0.51702 0.51702 0.51702   0.00022 0.15204   0.517 
0.69095  62434       0.51575 0.51575 0.51575   0.00022 0.15256   0.516 
0.69195  62232       0.51475 0.51475 0.51475   0.00022 0.15297   0.515 
0.69295  62030       0.51383 0.51383 0.51383   0.00022 0.15335   0.514 
0.69395  61828       0.51283 0.51283 0.51283   0.00022 0.15376   0.513 
0.69495  61626       0.51176 0.51176 0.51176   0.00022 0.15420   0.512 
0.69595  61424       0.51065 0.51065 0.51065   0.00022 0.15466   0.511 
0.69695  61222       0.50949 0.50949 0.50949   0.00022 0.15514   0.509 
0.69795  61020       0.50829 0.50829 0.50829   0.00022 0.15564   0.508 
0.69895  60818       0.50703 0.50703 0.50703   0.00022 0.15616   0.507 
0.69995  60616       0.50576 0.50576 0.50576   0.00022 0.15669   0.506 
0.70095  60414       0.50449 0.50449 0.50449   0.00022 0.15722   0.504 
0.70195  60212       0.50322 0.50322 0.50322   0.00022 0.15775   0.503 
0.70295  60010       0.50195 0.50195 0.50195   0.00022 0.15829   0.502 
0.70395  59808       0.50067 0.50067 0.50067   0.00023 0.15882   0.501 
0.70495  59606       0.49939 0.49939 0.49939   0.00023 0.15936   0.499 
0.70595  59404       0.49811 0.49811 0.49811   0.00023 0.15990   0.498 
0.70695  59202       0.49683 0.49683 0.49683   0.00023 0.16044   0.497 
0.70795  59000       0.49554 0.49554 0.49554   0.00023 0.16098   0.496 
0.70895  58798       0.49426 0.49426 0.49426   0.00023 0.16153   0.494 
0.70995  58596       0.49297 0.49297 0.49297   0.00023 0.16208   0.493 
0.71095  58394       0.49168 0.49168 0.49168   0.00023 0.16263   0.492 
0.71195  58192       0.49038 0.49038 0.49038   0.00023 0.16318   0.490 
0.71295  57990       0.48909 0.48909 0.48909   0.00023 0.16373   0.489 
0.71395  57788       0.48779 0.48779 0.48779   0.00023 0.16429   0.488 
0.71495  57586       0.48649 0.48649 0.48649   0.00023 0.16484   0.486 
0.71595  57384       0.48518 0.48518 0.48518   0.00023 0.16540   0.485 
0.71695  57182       0.48388 0.48388 0.48388   0.00023 0.16597   0.484 
0.71795  56980       0.48257 0.48257 0.48257   0.00023 0.16653   0.483 
0.71895  56778       0.48126 0.48126 0.48126   0.00023 0.16709   0.481 
0.71995  56576       0.47996 0.47996 0.47996   0.00023 0.16766   0.480 
0.72095  56374       0.47864 0.47864 0.47864   0.00023 0.16823   0.479 
0.72195  56172       0.47734 0.47734 0.47734   0.00023 0.16880   0.477 
0.72295  55970       0.47603 0.47603 0.47603   0.00023 0.16937   0.476 
0.72395  55768       0.47471 0.47471 0.47471   0.00023 0.16995   0.475 
0.72495  55566       0.47339 0.47339 0.47339   0.00023 0.17052   0.473 
0.72595  55364       0.47206 0.47206 0.47206   0.00024 0.17110   0.472 
0.72695  55162       0.47074 0.47074 0.47074   0.00024 0.17169   0.471 
0.72795  54960       0.46941 0.46941 0.46941   0.00024 0.17227   0.469 
0.72894  54758       0.46808 0.46808 0.46808   0.00024 0.17286   0.468 
0.72994  54556       0.46674 0.46674 0.46674   0.00024 0.17345   0.467 
0.73094  54354       0.46541 0.46541 0.46541   0.00024 0.17404   0.465 
0.73194  54152       0.46407 0.46407 0.46407   0.00024 0.17463   0.464 
0.73294  53950       0.46273 0.46273 0.46273   0.00024 0.17523   0.463 
0.73394  53748       0.46139 0.46139 0.46139   0.00024 0.17583   0.461 
0.73494  53546       0.46005 0.46005 0.46005   0.00024 0.17643   0.460 
0.73594  53344       0.45870 0.45870 0.45870   0.00024 0.17703   0.459 
0.73694  53142       0.45735 0.45735 0.45735   0.00024 0.17764   0.457 
0.73794  52940       0.45600 0.45600 0.45600   0.00024 0.17825   0.456 
0.73894  52738       0.45465 0.45465 0.45465   0.00024 0.17886   0.455 
0.73994  52536       0.45329 0.45329 0.45329   0.00024 0.17947   0.453 
0.74094  52334       0.45194 0.45194 0.45194   0.00024 0.18008   0.452 
0.74194  52132       0.45058 0.45058 0.45058   0.00024 0.18070   0.451 
0.74294  51930       0.44921 0.44921 0.44921   0.00024 0.18132   0.449 
0.74394  51728       0.44785 0.44785 0.44785   0.00024 0.18195   0.448 
0.74494  51526       0.44648 0.44648 0.44648   0.00024 0.18257   0.446 
0.74594  51324       0.44511 0.44511 0.44511   0.00025 0.18320   0.445 
0.74694  51122       0.44374 0.44374 0.44374   0.00025 0.18383   0.444 
0.74794  50920       0.44236 0.44236 0.44236   0.00025 0.18446   0.442 
0.74894  50718       0.44098 0.44098 0.44098   0.00025 0.18510   0.441 
0.74994  50516       0.43961 0.43961 0.43961   0.00025 0.18574   0.440 
0.75094  50314       0.43822 0.43822 0.43822   0.00025 0.18638   0.438 
0.75194  50112       0.43684 0.43684 0.43684   0.00025 0.18702   0.437 
0.75294  49910       0.43545 0.43545 0.43545   0.00025 0.18767   0.435 
0.75394  49708       0.43406 0.43406 0.43406   0.00025 0.18832   0.434 
0.75494  49506       0.43267 0.43267 0.43267   0.00025 0.18897   0.433 
0.75594  49304       0.43129 0.43129 0.43129   0.00025 0.18961   0.431 
0.75694  49102       0.42991 0.42991 0.42991   0.00025 0.19026   0.430 
0.75794  48900       0.42851 0.42851 0.42851   0.00025 0.19092   0.429 
0.75894  48698       0.42711 0.42711 0.42711   0.00025 0.19158   0.427 
0.75994  48496       0.42571 0.42571 0.42571   0.00025 0.19225   0.426 
0.76094  48294       0.42430 0.42430 0.42430   0.00025 0.19292   0.424 
0.76194  48092       0.42289 0.42289 0.42289   0.00025 0.19359   0.423 
0.76294  47890       0.42148 0.42148 0.42148   0.00025 0.19426   0.421 
0.76394  47688       0.42007 0.42007 0.42007   0.00025 0.19493   0.420 
0.76494  47486       0.41866 0.41866 0.41866   0.00026 0.19561   0.419 
0.76594  47284       0.41724 0.41724 0.41724   0.00026 0.19629   0.417 
0.76694  47082       0.41582 0.41582 0.41582   0.00026 0.19698   0.416 
0.76794  46880       0.41440 0.41440 0.41440   0.00026 0.19767   0.414 
0.76894  46678       0.41298 0.41298 0.41298   0.00026 0.19836   0.413 
0.76994  46476       0.41169 0.41169 0.41169   0.00026 0.19898   0.412 
0.77094  46274       0.41027 0.41027 0.41027   0.00026 0.19967   0.410 
0.77194  46072       0.40884 0.40884 0.40884   0.00026 0.20037   0.409 
0.77294  45870       0.40741 0.40741 0.40741   0.00026 0.20107   0.407 
0.77394  45668       0.40597 0.40597 0.40597   0.00026 0.20178   0.406 
0.77494  45466       0.40454 0.40454 0.40454   0.00026 0.20248   0.405 
0.77594  45264       0.40310 0.40310 0.40310   0.00026 0.20320   0.403 
0.77694  45062       0.40165 0.40165 0.40165   0.00026 0.20391   0.402 
0.77794  44860       0.40021 0.40021 0.40021   0.00026 0.20463   0.400 
0.77894  44658       0.39876 0.39876 0.39876   0.00026 0.20535   0.399 
0.77994  44456       0.39731 0.39731 0.39731   0.00026 0.20607   0.397 
0.78094  44254       0.39588 0.39588 0.39588   0.00026 0.20679   0.396 
0.78194  44052       0.39445 0.39445 0.39445   0.00027 0.20750   0.394 
0.78294  43850       0.39299 0.39299 0.39299   0.00027 0.20824   0.393 
0.78394  43648       0.39154 0.39154 0.39154   0.00027 0.20897   0.392 
0.78494  43446       0.39009 0.39009 0.39009   0.00027 0.20970   0.390 
0.78594  43244       0.38862 0.38862 0.38862   0.00027 0.21045   0.389 
0.78694  43042       0.38716 0.38716 0.38716   0.00027 0.21119   0.387 
0.78794  42840       0.38569 0.38569 0.38569   0.00027 0.21194   0.386 
0.78894  42638       0.38422 0.38422 0.38422   0.00027 0.21269   0.384 
0.78994  42436       0.38274 0.38274 0.38274   0.00027 0.21345   0.383 
0.79094  42234       0.38126 0.38126 0.38126   0.00027 0.21421   0.381 
0.79194  42032       0.37978 0.37978 0.37978   0.00027 0.21497   0.380 
0.79294  41830       0.37830 0.37830 0.37830   0.00027 0.21574   0.378 
0.79394  41628       0.37681 0.37681 0.37681   0.00027 0.21651   0.377 
0.79494  41426       0.37532 0.37532 0.37532   0.00027 0.21729   0.375 
0.79594  41224       0.37383 0.37383 0.37383   0.00027 0.21807   0.374 
0.79694  41022       0.37234 0.37234 0.37234   0.00027 0.21885   0.372 
0.79794  40820       0.37084 0.37084 0.37084   0.00027 0.21964   0.371 
0.79894  40618       0.36934 0.36934 0.36934   0.00028 0.22043   0.369 
0.79994  40416       0.36784 0.36784 0.36784   0.00028 0.22122   0.368 
0.80094  40214       0.36633 0.36633 0.36633   0.00028 0.22202   0.366 
0.80194  40012       0.36483 0.36483 0.36483   0.00028 0.22282   0.365 
0.80294  39810       0.36331 0.36331 0.36331   0.00028 0.22363   0.363 
0.80394  39608       0.36181 0.36181 0.36181   0.00028 0.22443   0.362 
0.80494  39406       0.36030 0.36030 0.36030   0.00028 0.22524   0.360 
0.80594  39204       0.35878 0.35878 0.35878   0.00028 0.22606   0.359 
0.80694  39002       0.35729 0.35729 0.35729   0.00028 0.22687   0.357 
0.80794  38800       0.35576 0.35576 0.35576   0.00028 0.22769   0.356 
0.80894  38598       0.35426 0.35426 0.35426   0.00028 0.22851   0.354 
0.80994  38396       0.35274 0.35274 0.35274   0.00028 0.22934   0.353 
0.81094  38194       0.35121 0.35121 0.35121   0.00028 0.23018   0.351 
0.81194  37992       0.34968 0.34968 0.34968   0.00028 0.23102   0.350 
0.81294  37790       0.34814 0.34814 0.34814   0.00028 0.23186   0.348 
0.81394  37588       0.34660 0.34660 0.34660   0.00029 0.23271   0.347 
0.81494  37386       0.34508 0.34508 0.34508   0.00029 0.23355   0.345 
0.81594  37184       0.34355 0.34355 0.34355   0.00029 0.23441   0.344 
0.81694  36982       0.34200 0.34200 0.34200   0.00029 0.23527   0.342 
0.81794  36780       0.34045 0.34045 0.34045   0.00029 0.23614   0.340 
0.81894  36578       0.33890 0.33890 0.33890   0.00029 0.23701   0.339 
0.81994  36376       0.33735 0.33735 0.33735   0.00029 0.23789   0.337 
0.82094  36174       0.33580 0.33580 0.33580   0.00029 0.23877   0.336 
0.82194  35972       0.33424 0.33424 0.33424   0.00029 0.23965   0.334 
0.82294  35770       0.33267 0.33267 0.33267   0.00029 0.24054   0.333 
0.82394  35568       0.33111 0.33111 0.33111   0.00029 0.24143   0.331 
0.82494  35366       0.32956 0.32956 0.32956   0.00029 0.24233   0.330 
0.82594  35164       0.32799 0.32799 0.32799   0.00029 0.24323   0.328 
0.82694  34962       0.32648 0.32648 0.32648   0.00029 0.24410   0.326 
0.82794  34760       0.32491 0.32491 0.32491   0.00030 0.24501   0.325 
0.82894  34558       0.32333 0.32333 0.32333   0.00030 0.24593   0.323 
0.82994  34356       0.32175 0.32175 0.32175   0.00030 0.24685   0.322 
0.83094  34154       0.32017 0.32017 0.32017   0.00030 0.24778   0.320 
0.83194  33952       0.31859 0.31859 0.31859   0.00030 0.24871   0.319 
0.83294  33750       0.31700 0.31700 0.31700   0.00030 0.24965   0.317 
0.83394  33548       0.31542 0.31542 0.31542   0.00030 0.25058   0.315 
0.83494  33346       0.31383 0.31383 0.31383   0.00030 0.25153   0.314 
0.83594  33144       0.31223 0.31223 0.31223   0.00030 0.25249   0.312 
0.83694  32942       0.31064 0.31064 0.31064   0.00030 0.25344   0.311 
0.83794  32740       0.30903 0.30903 0.30903   0.00030 0.25441   0.309 
0.83894  32538       0.30743 0.30743 0.30743   0.00030 0.25538   0.307 
0.83994  32336       0.30582 0.30582 0.30582   0.00030 0.25635   0.306 
0.84093  32134       0.30422 0.30422 0.30422   0.00031 0.25733   0.304 
0.84193  31932       0.30260 0.30260 0.30260   0.00031 0.25832   0.303 
0.84293  31730       0.30102 0.30102 0.30102   0.00031 0.25929   0.301 
0.84393  31528       0.29944 0.29944 0.29944   0.00031 0.26026   0.299 
0.84493  31326       0.29784 0.29784 0.29784   0.00031 0.26126   0.298 
0.84593  31124       0.29625 0.29625 0.29625   0.00031 0.26224   0.296 
0.84693  30922       0.29463 0.29463 0.29463   0.00031 0.26325   0.295 
0.84793  30720       0.29301 0.29301 0.29301   0.00031 0.26427   0.293 
0.84893  30518       0.29138 0.29138 0.29138   0.00031 0.26529   0.291 
0.84993  30316       0.28975 0.28975 0.28975   0.00031 0.26632   0.290 
0.85093  30114       0.28818 0.28818 0.28818   0.00031 0.26732   0.288 
0.85193  29912       0.28659 0.28659 0.28659   0.00031 0.26833   0.287 
0.85293  29710       0.28500 0.28500 0.28500   0.00032 0.26935   0.285 
0.85393  29508       0.28338 0.28338 0.28338   0.00032 0.27039   0.283 
0.85493  29306       0.28174 0.28174 0.28174   0.00032 0.27144   0.282 
0.85593  29104       0.28010 0.28010 0.28010   0.00032 0.27251   0.280 
0.85693  28902       0.27846 0.27846 0.27846   0.00032 0.27357   0.278 
0.85793  28700       0.27682 0.27682 0.27682   0.00032 0.27465   0.277 
0.85893  28498       0.27517 0.27517 0.27517   0.00032 0.27573   0.275 
0.85993  28296       0.27352 0.27352 0.27352   0.00032 0.27682   0.274 
0.86093  28094       0.27187 0.27187 0.27187   0.00032 0.27791   0.272 
0.86193  27892       0.27021 0.27021 0.27021   0.00032 0.27901   0.270 
0.86293  27690       0.26856 0.26856 0.26856   0.00032 0.28012   0.269 
0.86393  27488       0.26690 0.26690 0.26690   0.00033 0.28124   0.267 
0.86493  27286       0.26523 0.26523 0.26523   0.00033 0.28236   0.265 
0.86593  27084       0.26357 0.26357 0.26357   0.00033 0.28349   0.264 
0.86693  26882       0.26190 0.26190 0.26190   0.00033 0.28462   0.262 
0.86793  26680       0.26023 0.26023 0.26023   0.00033 0.28577   0.260 
0.86893  26478       0.25856 0.25856 0.25856   0.00033 0.28692   0.259 
0.86993  26276       0.25688 0.25688 0.25688   0.00033 0.28808   0.257 
0.87093  26074       0.25520 0.25520 0.25520   0.00033 0.28924   0.255 
0.87193  25872       0.25352 0.25352 0.25352   0.00033 0.29042   0.254 
0.87293  25670       0.25184 0.25184 0.25184   0.00033 0.29160   0.252 
0.87393  25468       0.25015 0.25015 0.25015   0.00033 0.29279   0.250 
0.87493  25266       0.24846 0.24846 0.24846   0.00034 0.29398   0.248 
0.87593  25064       0.24677 0.24677 0.24677   0.00034 0.29519   0.247 
0.87693  24862       0.24507 0.24507 0.24507   0.00034 0.29640   0.245 
0.87793  24660       0.24337 0.24337 0.24337   0.00034 0.29763   0.243 
0.87893  24458       0.24167 0.24167 0.24167   0.00034 0.29886   0.242 
0.87993  24256       0.23997 0.23997 0.23997   0.00034 0.30010   0.240 
0.88093  24054       0.23826 0.23826 0.23826   0.00034 0.30135   0.238 
0.88193  23852       0.23655 0.23655 0.23655   0.00034 0.30260   0.237 
0.88293  23650       0.23483 0.23483 0.23483   0.00034 0.30387   0.235 
0.88393  23448       0.23312 0.23312 0.23312   0.00034 0.30515   0.233 
0.88493  23246       0.23140 0.23140 0.23140   0.00035 0.30643   0.231 
0.88593  23044       0.22967 0.22967 0.22967   0.00035 0.30773   0.230 
0.88693  22842       0.22794 0.22794 0.22794   0.00035 0.30903   0.228 
0.88793  22640       0.22621 0.22621 0.22621   0.00035 0.31035   0.226 
0.88893  22438       0.22458 0.22458 0.22458   0.00035 0.31160   0.225 
0.88993  22236       0.22295 0.22295 0.22295   0.00035 0.31285   0.223 
0.89093  22034       0.22121 0.22121 0.22121   0.00035 0.31419   0.221 
0.89193  21832       0.21947 0.21947 0.21947   0.00035 0.31555   0.219 
0.89293  21630       0.21772 0.21772 0.21772   0.00035 0.31691   0.218 
0.89393  21428       0.21598 0.21598 0.21598   0.00036 0.31829   0.216 
0.89493  21226       0.21423 0.21423 0.21423   0.00036 0.31967   0.214 
0.89593  21024       0.21247 0.21247 0.21247   0.00036 0.32107   0.212 
0.89693  20822       0.21074 0.21074 0.21074   0.00036 0.32246   0.211 
0.89793  20620       0.20899 0.20899 0.20899   0.00036 0.32387   0.209 
0.89893  20418       0.20722 0.20722 0.20722   0.00036 0.32530   0.207 
0.89993  20216       0.20545 0.20545 0.20545   0.00036 0.32675   0.205 
0.90093  20014       0.20368 0.20368 0.20368   0.00036 0.32820   0.204 
0.90193  19812       0.20191 0.20191 0.20191   0.00037 0.32967   0.202 
0.90293  19610       0.20013 0.20013 0.20013   0.00037 0.33115   0.200 
0.90393  19408       0.19835 0.19835 0.19835   0.00037 0.33265   0.198 
0.90493  19206       0.19656 0.19656 0.19656   0.00037 0.33415   0.197 
0.90593  19004       0.19477 0.19477 0.19477   0.00037 0.33567   0.195 
0.90693  18802       0.19298 0.19298 0.19298   0.00037 0.33721   0.193 
0.90793  18600       0.19118 0.19118 0.19118   0.00037 0.33876   0.191 
0.90893  18398       0.18938 0.18938 0.18938   0.00037 0.34032   0.189 
0.90993  18196       0.18757 0.18757 0.18757   0.00038 0.34190   0.188 
0.91093  17994       0.18576 0.18576 0.18576   0.00038 0.34349   0.186 
0.91193  17792       0.18395 0.18395 0.18395   0.00038 0.34510   0.184 
0.91293  17590       0.18213 0.18213 0.18213   0.00038 0.34673   0.182 
0.91393  17388       0.18030 0.18030 0.18030   0.00038 0.34837   0.180 
0.91493  17186       0.17848 0.17848 0.17848   0.00038 0.35003   0.178 
0.91593  16984       0.17665 0.17665 0.17665   0.00038 0.35170   0.177 
0.91693  16782       0.17481 0.17481 0.17481   0.00038 0.35339   0.175 
0.91793  16580       0.17297 0.17297 0.17297   0.00039 0.35510   0.173 
0.91893  16378       0.17113 0.17113 0.17113   0.00039 0.35683   0.171 
0.91993  16176       0.16928 0.16928 0.16928   0.00039 0.35857   0.169 
0.92093  15974       0.16742 0.16742 0.16742   0.00039 0.36033   0.167 
0.92193  15772       0.16557 0.16557 0.16557   0.00039 0.36212   0.166 
0.92293  15570       0.16370 0.16370 0.16370   0.00039 0.36392   0.164 
0.92393  15368       0.16184 0.16184 0.16184   0.00040 0.36574   0.162 
0.92493  15166       0.15996 0.15996 0.15996   0.00040 0.36758   0.160 
0.92593  14964       0.15809 0.15809 0.15809   0.00040 0.36944   0.158 
0.92693  14762       0.15621 0.15621 0.15621   0.00040 0.37133   0.156 
0.92793  14560       0.15432 0.15432 0.15432   0.00040 0.37323   0.154 
0.92893  14358       0.15243 0.15243 0.15243   0.00040 0.37516   0.152 
0.92993  14156       0.15053 0.15053 0.15053   0.00041 0.37711   0.151 
0.93093  13954       0.14863 0.14863 0.14863   0.00041 0.37909   0.149 
0.93193  13752       0.14673 0.14673 0.14673   0.00041 0.38109   0.147 
0.93293  13550       0.14481 0.14481 0.14481   0.00041 0.38312   0.145 
0.93393  13348       0.14289 0.14289 0.14289   0.00041 0.38517   0.143 
0.93493  13146       0.14097 0.14097 0.14097   0.00041 0.38725   0.141 
0.93593  12944       0.13904 0.13904 0.13904   0.00042 0.38936   0.139 
0.93693  12742       0.13710 0.13710 0.13710   0.00042 0.39150   0.137 
0.93793  12540       0.13516 0.13516 0.13516   0.00042 0.39366   0.135 
0.93893  12338       0.13321 0.13321 0.13321   0.00042 0.39586   0.133 
0.93993  12136       0.13126 0.13126 0.13126   0.00042 0.39809   0.131 
0.94093  11934       0.12929 0.12929 0.12929   0.00043 0.40035   0.129 
0.94193  11732       0.12733 0.12733 0.12733   0.00043 0.40265   0.127 
0.94293  11530       0.12535 0.12535 0.12535   0.00043 0.40498   0.125 
0.94393  11328       0.12337 0.12337 0.12337   0.00043 0.40735   0.123 
0.94493  11126       0.12139 0.12139 0.12139   0.00043 0.40974   0.121 
0.94593  10924       0.11939 0.11939 0.11939   0.00044 0.41218   0.119 
0.94693  10722       0.11739 0.11739 0.11739   0.00044 0.41466   0.117 
0.94793  10520       0.11539 0.11539 0.11539   0.00044 0.41717   0.115 
0.94893  10318       0.11337 0.11337 0.11337   0.00044 0.41973   0.113 
0.94993  10116       0.11136 0.11136 0.11136   0.00044 0.42233   0.111 
0.95093  9914        0.10933 0.10933 0.10933   0.00045 0.42498   0.109 
0.95193  9712        0.10730 0.10730 0.10730   0.00045 0.42767   0.107 
0.95292  9510        0.10526 0.10526 0.10526   0.00045 0.43040   0.105 
0.95392  9308        0.10322 0.10322 0.10322   0.00045 0.43319   0.103 
0.95492  9106        0.10116 0.10116 0.10116   0.00046 0.43603   0.101 
0.95592  8904        0.09910 0.09910 0.09910   0.00046 0.43893   0.099 
0.95692  8702        0.09704 0.09704 0.09704   0.00046 0.44187   0.097 
0.95792  8500        0.09497 0.09497 0.09497   0.00046 0.44487   0.095 
0.95892  8298        0.09289 0.09289 0.09289   0.00047 0.44794   0.093 
0.95992  8096        0.09080 0.09080 0.09080   0.00047 0.45107   0.091 
0.96092  7894        0.08870 0.08870 0.08870   0.00047 0.45426   0.089 
0.96192  7692        0.08660 0.08660 0.08660   0.00048 0.45752   0.087 
0.96292  7490        0.08449 0.08449 0.08449   0.00048 0.46086   0.084 
0.96392  7288        0.08238 0.08238 0.08238   0.00048 0.46426   0.082 
0.96492  7086        0.08026 0.08026 0.08026   0.00048 0.46775   0.080 
0.96592  6884        0.07812 0.07812 0.07812   0.00049 0.47132   0.078 
0.96692  6682        0.07598 0.07598 0.07598   0.00049 0.47498   0.076 
0.96792  6480        0.07383 0.07383 0.07383   0.00049 0.47874   0.074 
0.96892  6278        0.07167 0.07167 0.07167   0.00050 0.48259   0.072 
0.96992  6076        0.06950 0.06950 0.06950   0.00050 0.48655   0.070 
0.97092  5874        0.06732 0.06732 0.06732   0.00050 0.49062   0.067 
0.97192  5672        0.06514 0.06514 0.06514   0.00051 0.49481   0.065 
0.97292  5470        0.06294 0.06294 0.06294   0.00051 0.49912   0.063 
0.97392  5268        0.06074 0.06074 0.06074   0.00052 0.50357   0.061 
0.97492  5066        0.05852 0.05852 0.05852   0.00052 0.50816   0.059 
0.97592  4864        0.05629 0.05629 0.05629   0.00052 0.51291   0.056 
0.97692  4662        0.05405 0.05405 0.05405   0.00053 0.51783   0.054 
0.97792  4460        0.05180 0.05180 0.05180   0.00053 0.52293   0.052 
0.97892  4258        0.04954 0.04954 0.04954   0.00054 0.52822   0.050 
0.97992  4056        0.04727 0.04727 0.04727   0.00054 0.53372   0.047 
0.98092  3854        0.04498 0.04498 0.04498   0.00055 0.53946   0.045 
0.98192  3652        0.04268 0.04268 0.04268   0.00055 0.54547   0.043 
0.98292  3450        0.04036 0.04036 0.04036   0.00056 0.55178   0.040 
0.98392  3248        0.03803 0.03803 0.03803   0.00057 0.55841   0.038 
0.98492  3046        0.03567 0.03567 0.03567   0.00057 0.56540   0.036 
0.98592  2844        0.03330 0.03330 0.03330   0.00058 0.57281   0.033 
0.98692  2642        0.03091 0.03091 0.03091   0.00059 0.58069   0.031 
0.98792  2440        0.02851 0.02851 0.02851   0.00060 0.58908   0.029 
0.98892  2238        0.02609 0.02609 0.02609   0.00060 0.59811   0.026 
0.98992  2036        0.02365 0.02365 0.02365   0.00061 0.60787   0.024 
0.99092  1834        0.02118 0.02118 0.02118   0.00062 0.61852   0.021 
0.99192  1632        0.01868 0.01868 0.01868   0.00063 0.63030   0.019 
0.99292  1430        0.01615 0.01615 0.01615   0.00065 0.64352   0.016 
0.99392  1228        0.01358 0.01358 0.01358   0.00066 0.65865   0.014 
0.99492  1026        0.01097 0.01097 0.01097   0.00068 0.67640   0.011 
0.99592  824         0.00830 0.00830 0.00830   0.00070 0.69819   0.008 
0.99692  622         0.00601 0.00601 0.00601   0.00072 0.72158   0.006 
0.99792  420         0.00424 0.00424 0.00424   0.00075 0.74481   0.004 
0.99892  218         0.00228 0.00228 0.00228   0.00078 0.78147   0.002 
0.99992  16          0.00018 0.00018 0.00018   0.00088 0.88463   0.000 
1.00000  0           0.00000 0.00000 0.00000   0.00100 1.00000   0.000 
