# Prop_landscape_lost  cost_needed_for_top_fraction  min_prop_rem  ave_prop_rem  W_prop_rem  ext-1  ext-2  prop_for_each_biodiversity_feature_(e.g._species)_remaining_at_level_of_removal...
0.00001  2.0234e+005  1.00000 1.00006 1.00001   -0.00002 -0.00000   1.000 1.000 1.000 1.000 
0.00101  2.0213e+005  0.99129 0.99612 1.00001   0.00049 -0.00000   1.000 0.991 0.993 1.000 
0.00201  2.0193e+005  0.98627 0.99380 1.00001   0.00052 -0.00000   1.000 0.986 0.989 1.000 
0.00300  2.0173e+005  0.98587 0.99298 1.00001   0.00044 -0.00000   1.000 0.986 0.986 1.000 
0.00400  2.0153e+005  0.98392 0.99239 1.00001   0.00038 -0.00000   1.000 0.986 0.984 1.000 
0.00500  2.0133e+005  0.98110 0.99167 1.00001   0.00035 -0.00000   1.000 0.986 0.981 1.000 
0.00600  2.0112e+005  0.97976 0.99125 1.00001   0.00031 -0.00000   1.000 0.985 0.980 1.000 
0.00700  2.0092e+005  0.97814 0.99069 1.00001   0.00029 -0.00000   1.000 0.985 0.978 1.000 
0.00800  2.0072e+005  0.97680 0.99012 1.00001   0.00028 -0.00000   1.000 0.984 0.977 1.000 
0.00899  2.0052e+005  0.97560 0.98944 1.00001   0.00027 -0.00000   1.000 0.982 0.976 1.000 
0.00999  2.0032e+005  0.97426 0.98887 1.00001   0.00026 -0.00000   1.000 0.981 0.974 1.000 
0.01099  2.0011e+005  0.97249 0.98829 1.00001   0.00025 -0.00000   1.000 0.981 0.972 1.000 
0.01199  1.9991e+005  0.97158 0.98799 1.00001   0.00023 -0.00000   1.000 0.980 0.972 1.000 
0.01299  1.9971e+005  0.96911 0.98733 1.00001   0.00023 -0.00000   1.000 0.980 0.969 1.000 
0.01399  1.9951e+005  0.96812 0.98706 1.00001   0.00022 -0.00000   1.000 0.980 0.968 1.000 
0.01498  1.9931e+005  0.96713 0.98680 1.00001   0.00021 -0.00000   1.000 0.980 0.967 1.000 
0.01598  1.991e+005  0.96586 0.98642 1.00001   0.00020 -0.00000   1.000 0.980 0.966 1.000 
0.01698  1.989e+005  0.96508 0.98617 1.00001   0.00019 -0.00000   1.000 0.980 0.965 1.000 
0.01798  1.987e+005  0.96403 0.98578 1.00001   0.00019 -0.00000   1.000 0.979 0.964 1.000 
0.01898  1.985e+005  0.96283 0.98538 1.00000   0.00018 -0.00000   1.000 0.979 0.963 1.000 
0.01998  1.983e+005  0.96170 0.98503 1.00000   0.00018 -0.00000   1.000 0.979 0.962 1.000 
0.02097  1.9809e+005  0.96071 0.98461 1.00000   0.00018 0.00000   1.000 0.978 0.961 1.000 
0.02197  1.9789e+005  0.96015 0.98435 1.00000   0.00017 0.00000   1.000 0.978 0.960 0.999 
0.02297  1.9769e+005  0.95909 0.98395 0.99999   0.00017 0.00000   1.000 0.977 0.959 0.999 
0.02397  1.9749e+005  0.95831 0.98366 0.99999   0.00017 0.00000   1.000 0.977 0.958 0.999 
0.02497  1.9729e+005  0.95718 0.98324 0.99999   0.00016 0.00000   1.000 0.977 0.957 0.999 
0.02597  1.9708e+005  0.95591 0.98281 0.99998   0.00016 0.00000   1.000 0.976 0.956 0.999 
0.02696  1.9688e+005  0.95514 0.98249 0.99998   0.00016 0.00001   1.000 0.976 0.955 0.999 
0.02796  1.9668e+005  0.95457 0.98225 0.99997   0.00016 0.00001   1.000 0.975 0.955 0.999 
0.02896  1.9648e+005  0.95373 0.98202 0.99997   0.00015 0.00001   1.000 0.975 0.954 0.999 
0.02996  1.9628e+005  0.95232 0.98160 0.99996   0.00015 0.00001   1.000 0.975 0.952 0.999 
0.03096  1.9607e+005  0.95076 0.98109 0.99995   0.00015 0.00001   1.000 0.975 0.951 0.999 
0.03196  1.9587e+005  0.94928 0.98064 0.99995   0.00015 0.00001   1.000 0.975 0.949 0.999 
0.03295  1.9567e+005  0.94822 0.98033 0.99994   0.00015 0.00001   1.000 0.975 0.948 0.999 
0.03395  1.9547e+005  0.94681 0.97989 0.99993   0.00015 0.00002   1.000 0.974 0.947 0.998 
0.03495  1.9527e+005  0.94597 0.97961 0.99992   0.00014 0.00002   1.000 0.974 0.946 0.998 
0.03595  1.9506e+005  0.94477 0.97918 0.99992   0.00014 0.00002   1.000 0.974 0.945 0.998 
0.03695  1.9486e+005  0.94385 0.97882 0.99991   0.00014 0.00002   1.000 0.973 0.944 0.998 
0.03795  1.9466e+005  0.94230 0.97833 0.99990   0.00014 0.00003   1.000 0.973 0.942 0.998 
0.03894  1.9446e+005  0.94173 0.97802 0.99989   0.00014 0.00003   1.000 0.973 0.942 0.998 
0.03994  1.9426e+005  0.94032 0.97756 0.99988   0.00014 0.00003   1.000 0.972 0.940 0.998 
0.04094  1.9405e+005  0.93905 0.97711 0.99987   0.00014 0.00003   1.000 0.972 0.939 0.998 
0.04194  1.9385e+005  0.93814 0.97677 0.99986   0.00014 0.00004   1.000 0.972 0.938 0.998 
0.04294  1.9365e+005  0.93672 0.97623 0.99985   0.00014 0.00004   1.000 0.971 0.937 0.997 
0.04394  1.9345e+005  0.93553 0.97570 0.99983   0.00014 0.00004   1.000 0.970 0.936 0.997 
0.04493  1.9325e+005  0.93404 0.97517 0.99982   0.00014 0.00004   1.000 0.970 0.934 0.997 
0.04593  1.9304e+005  0.93284 0.97472 0.99981   0.00014 0.00005   1.000 0.969 0.933 0.997 
0.04693  1.9284e+005  0.93143 0.97415 0.99979   0.00014 0.00005   1.000 0.968 0.931 0.997 
0.04793  1.9264e+005  0.93023 0.97356 0.99978   0.00014 0.00006   1.000 0.967 0.930 0.997 
0.04893  1.9244e+005  0.92896 0.97303 0.99976   0.00014 0.00006   1.000 0.967 0.929 0.997 
0.04993  1.9224e+005  0.92762 0.97239 0.99975   0.00014 0.00006   1.000 0.966 0.928 0.997 
0.05092  1.9203e+005  0.92642 0.97182 0.99973   0.00014 0.00007   1.000 0.965 0.926 0.996 
0.05192  1.9183e+005  0.92530 0.97129 0.99971   0.00014 0.00007   1.000 0.964 0.925 0.996 
0.05292  1.9163e+005  0.92417 0.97063 0.99969   0.00014 0.00008   1.000 0.963 0.924 0.996 
0.05392  1.9143e+005  0.92325 0.97005 0.99967   0.00014 0.00008   1.000 0.961 0.923 0.996 
0.05492  1.9123e+005  0.92240 0.96959 0.99965   0.00014 0.00009   1.000 0.961 0.922 0.996 
0.05592  1.9102e+005  0.92113 0.96895 0.99963   0.00014 0.00009   1.000 0.959 0.921 0.996 
0.05691  1.9082e+005  0.92029 0.96842 0.99961   0.00014 0.00010   1.000 0.958 0.920 0.995 
0.05791  1.9062e+005  0.91916 0.96785 0.99958   0.00014 0.00010   1.000 0.957 0.919 0.995 
0.05891  1.9042e+005  0.91754 0.96706 0.99956   0.00014 0.00011   1.000 0.956 0.918 0.995 
0.05991  1.9022e+005  0.91577 0.96633 0.99953   0.00014 0.00012   1.000 0.955 0.916 0.995 
0.06091  1.9001e+005  0.91464 0.96577 0.99950   0.00014 0.00012   1.000 0.954 0.915 0.995 
0.06191  1.8981e+005  0.91380 0.96529 0.99948   0.00014 0.00013   0.999 0.953 0.914 0.994 
0.06290  1.8961e+005  0.91203 0.96442 0.99945   0.00014 0.00014   0.999 0.952 0.912 0.994 
0.06390  1.8941e+005  0.91083 0.96382 0.99942   0.00014 0.00015   0.999 0.951 0.911 0.994 
0.06490  1.8921e+005  0.90971 0.96332 0.99938   0.00014 0.00015   0.999 0.950 0.910 0.994 
0.06590  1.89e+005   0.90829 0.96263 0.99935   0.00014 0.00016   0.999 0.949 0.908 0.994 
0.06690  1.888e+005  0.90752 0.96216 0.99932   0.00014 0.00017   0.999 0.948 0.908 0.993 
0.06790  1.886e+005  0.90646 0.96167 0.99928   0.00014 0.00018   0.999 0.948 0.906 0.993 
0.06889  1.884e+005  0.90611 0.96147 0.99926   0.00014 0.00019   0.999 0.947 0.906 0.993 
0.06989  1.882e+005  0.90526 0.96089 0.99922   0.00014 0.00019   0.999 0.946 0.905 0.993 
0.07089  1.8799e+005  0.90463 0.96045 0.99918   0.00014 0.00020   0.999 0.945 0.905 0.993 
0.07189  1.8779e+005  0.90307 0.95974 0.99914   0.00014 0.00021   0.999 0.944 0.903 0.992 
0.07289  1.8759e+005  0.90209 0.95915 0.99910   0.00014 0.00022   0.999 0.943 0.902 0.992 
0.07389  1.8739e+005  0.90096 0.95871 0.99906   0.00014 0.00024   0.999 0.943 0.901 0.992 
0.07488  1.8719e+005  0.89983 0.95816 0.99902   0.00014 0.00025   0.999 0.942 0.900 0.992 
0.07588  1.8698e+005  0.89877 0.95747 0.99897   0.00014 0.00026   0.999 0.941 0.899 0.991 
0.07688  1.8678e+005  0.89785 0.95685 0.99893   0.00014 0.00027   0.999 0.940 0.898 0.991 
0.07788  1.8658e+005  0.89680 0.95620 0.99888   0.00014 0.00028   0.999 0.938 0.897 0.991 
0.07888  1.8638e+005  0.89588 0.95570 0.99883   0.00014 0.00029   0.999 0.938 0.896 0.991 
0.07988  1.8618e+005  0.89475 0.95516 0.99878   0.00014 0.00030   0.999 0.937 0.895 0.990 
0.08087  1.8597e+005  0.89362 0.95462 0.99873   0.00014 0.00032   0.999 0.936 0.894 0.990 
0.08187  1.8577e+005  0.89263 0.95405 0.99868   0.00014 0.00033   0.999 0.935 0.893 0.990 
0.08287  1.8557e+005  0.89207 0.95365 0.99862   0.00014 0.00034   0.999 0.934 0.892 0.989 
0.08387  1.8537e+005  0.89115 0.95299 0.99857   0.00014 0.00036   0.999 0.933 0.891 0.989 
0.08487  1.8517e+005  0.88946 0.95232 0.99852   0.00014 0.00037   0.999 0.932 0.889 0.989 
0.08587  1.8496e+005  0.88861 0.95180 0.99846   0.00014 0.00038   0.998 0.931 0.889 0.989 
0.08686  1.8476e+005  0.88748 0.95127 0.99841   0.00014 0.00040   0.998 0.931 0.887 0.988 
0.08786  1.8456e+005  0.88635 0.95069 0.99835   0.00014 0.00041   0.998 0.930 0.886 0.988 
0.08886  1.8436e+005  0.88537 0.94994 0.99829   0.00014 0.00043   0.998 0.928 0.885 0.988 
0.08986  1.8416e+005  0.88403 0.94935 0.99823   0.00014 0.00044   0.998 0.928 0.884 0.988 
0.09086  1.8395e+005  0.88290 0.94884 0.99817   0.00014 0.00046   0.998 0.927 0.883 0.987 
0.09186  1.8375e+005  0.88170 0.94816 0.99810   0.00014 0.00047   0.998 0.926 0.882 0.987 
0.09285  1.8355e+005  0.88078 0.94768 0.99804   0.00014 0.00049   0.998 0.925 0.881 0.987 
0.09385  1.8335e+005  0.87937 0.94697 0.99797   0.00014 0.00051   0.998 0.924 0.879 0.986 
0.09485  1.8315e+005  0.87824 0.94632 0.99790   0.00015 0.00052   0.998 0.923 0.878 0.986 
0.09585  1.8294e+005  0.87711 0.94577 0.99784   0.00015 0.00054   0.998 0.922 0.877 0.986 
0.09685  1.8274e+005  0.87620 0.94523 0.99777   0.00015 0.00056   0.998 0.922 0.876 0.985 
0.09785  1.8254e+005  0.87457 0.94453 0.99770   0.00015 0.00058   0.998 0.921 0.875 0.985 
0.09884  1.8234e+005  0.87422 0.94366 0.99764   0.00015 0.00059   0.998 0.918 0.874 0.985 
0.09984  1.8214e+005  0.87196 0.94185 0.99759   0.00015 0.00060   0.998 0.913 0.872 0.985 
0.10084  1.8193e+005  0.87105 0.94133 0.99751   0.00015 0.00062   0.998 0.912 0.871 0.984 
0.10184  1.8173e+005  0.86992 0.94077 0.99744   0.00015 0.00064   0.997 0.912 0.870 0.984 
0.10284  1.8153e+005  0.86928 0.93977 0.99737   0.00015 0.00066   0.997 0.909 0.869 0.984 
0.10384  1.8133e+005  0.86844 0.93913 0.99729   0.00015 0.00068   0.997 0.907 0.868 0.983 
0.10483  1.8113e+005  0.86709 0.93859 0.99721   0.00015 0.00070   0.997 0.907 0.867 0.983 
0.10583  1.8092e+005  0.86554 0.93779 0.99713   0.00015 0.00072   0.997 0.906 0.866 0.983 
0.10683  1.8072e+005  0.86392 0.93705 0.99705   0.00015 0.00074   0.997 0.905 0.864 0.982 
0.10783  1.8052e+005  0.86251 0.93635 0.99697   0.00015 0.00076   0.997 0.904 0.863 0.982 
0.10883  1.8032e+005  0.86187 0.93590 0.99690   0.00015 0.00078   0.997 0.903 0.862 0.982 
0.10983  1.8012e+005  0.86032 0.93515 0.99682   0.00015 0.00080   0.997 0.902 0.860 0.981 
0.11082  1.7991e+005  0.85870 0.93450 0.99673   0.00015 0.00082   0.997 0.902 0.859 0.981 
0.11182  1.7971e+005  0.85778 0.93383 0.99665   0.00015 0.00084   0.997 0.900 0.858 0.981 
0.11282  1.7951e+005  0.85616 0.93304 0.99656   0.00015 0.00086   0.997 0.899 0.856 0.980 
0.11382  1.7931e+005  0.85489 0.93230 0.99647   0.00015 0.00088   0.996 0.898 0.855 0.980 
0.11482  1.7911e+005  0.85334 0.93160 0.99639   0.00015 0.00090   0.996 0.897 0.853 0.980 
0.11582  1.789e+005  0.85200 0.93096 0.99631   0.00015 0.00092   0.996 0.896 0.852 0.979 
0.11681  1.787e+005  0.85157 0.93061 0.99622   0.00015 0.00095   0.996 0.896 0.852 0.979 
0.11781  1.785e+005  0.85016 0.92987 0.99612   0.00015 0.00097   0.996 0.895 0.850 0.979 
0.11881  1.783e+005  0.84889 0.92916 0.99603   0.00015 0.00099   0.996 0.893 0.849 0.978 
0.11981  1.781e+005  0.84769 0.92857 0.99594   0.00016 0.00102   0.996 0.893 0.848 0.978 
0.12081  1.7789e+005  0.84635 0.92777 0.99584   0.00016 0.00104   0.996 0.891 0.846 0.978 
0.12181  1.7769e+005  0.84508 0.92702 0.99574   0.00016 0.00107   0.996 0.890 0.845 0.977 
0.12280  1.7749e+005  0.84396 0.92640 0.99564   0.00016 0.00109   0.996 0.889 0.844 0.977 
0.12380  1.7729e+005  0.84261 0.92575 0.99554   0.00016 0.00112   0.996 0.888 0.843 0.976 
0.12480  1.7709e+005  0.84177 0.92520 0.99544   0.00016 0.00114   0.995 0.888 0.842 0.976 
0.12580  1.7688e+005  0.84085 0.92471 0.99533   0.00016 0.00117   0.995 0.887 0.841 0.976 
0.12680  1.7668e+005  0.83979 0.92408 0.99522   0.00016 0.00120   0.995 0.886 0.840 0.975 
0.12780  1.7648e+005  0.83831 0.92343 0.99512   0.00016 0.00122   0.995 0.885 0.838 0.975 
0.12879  1.7628e+005  0.83718 0.92286 0.99501   0.00016 0.00125   0.995 0.885 0.837 0.974 
0.12979  1.7608e+005  0.83570 0.92222 0.99490   0.00016 0.00128   0.995 0.884 0.836 0.974 
0.13079  1.7587e+005  0.83478 0.92175 0.99479   0.00016 0.00131   0.995 0.884 0.835 0.974 
0.13179  1.7567e+005  0.83380 0.92121 0.99467   0.00016 0.00133   0.995 0.883 0.834 0.973 
0.13279  1.7547e+005  0.83302 0.92083 0.99456   0.00016 0.00136   0.995 0.883 0.833 0.973 
0.13379  1.7527e+005  0.83210 0.92025 0.99444   0.00016 0.00139   0.994 0.882 0.832 0.972 
0.13478  1.7507e+005  0.83055 0.91955 0.99432   0.00016 0.00142   0.994 0.881 0.831 0.972 
0.13578  1.7486e+005  0.83027 0.91932 0.99420   0.00016 0.00145   0.994 0.881 0.830 0.972 
0.13678  1.7466e+005  0.82935 0.91889 0.99408   0.00016 0.00148   0.994 0.881 0.829 0.971 
0.13778  1.7446e+005  0.82829 0.91841 0.99396   0.00016 0.00151   0.994 0.881 0.828 0.971 
0.13878  1.7426e+005  0.82787 0.91803 0.99383   0.00015 0.00155   0.994 0.880 0.828 0.970 
0.13978  1.7406e+005  0.82702 0.91762 0.99373   0.00015 0.00157   0.994 0.880 0.827 0.970 
0.14077  1.7385e+005  0.82582 0.91701 0.99360   0.00015 0.00160   0.994 0.879 0.826 0.969 
0.14177  1.7365e+005  0.82470 0.91643 0.99347   0.00015 0.00164   0.993 0.879 0.825 0.969 
0.14277  1.7345e+005  0.82385 0.91597 0.99334   0.00015 0.00167   0.993 0.878 0.824 0.969 
0.14377  1.7325e+005  0.82314 0.91551 0.99321   0.00015 0.00170   0.993 0.878 0.823 0.968 
0.14477  1.7305e+005  0.82187 0.91487 0.99307   0.00015 0.00174   0.993 0.877 0.822 0.968 
0.14577  1.7284e+005  0.82082 0.91442 0.99294   0.00015 0.00177   0.993 0.877 0.821 0.967 
0.14676  1.7264e+005  0.81976 0.91389 0.99280   0.00015 0.00181   0.993 0.876 0.820 0.967 
0.14776  1.7244e+005  0.81919 0.91356 0.99266   0.00015 0.00184   0.993 0.876 0.819 0.966 
0.14876  1.7224e+005  0.81806 0.91297 0.99251   0.00015 0.00188   0.993 0.875 0.818 0.966 
0.14976  1.7204e+005  0.81701 0.91247 0.99240   0.00015 0.00191   0.992 0.875 0.817 0.965 
0.15076  1.7183e+005  0.81644 0.91212 0.99227   0.00015 0.00194   0.992 0.875 0.816 0.965 
0.15176  1.7163e+005  0.81630 0.91206 0.99225   0.00015 0.00194   0.992 0.875 0.816 0.965 
0.15275  1.7143e+005  0.81623 0.91204 0.99225   0.00015 0.00194   0.992 0.875 0.816 0.965 
0.15375  1.7123e+005  0.81616 0.91202 0.99225   0.00015 0.00194   0.992 0.875 0.816 0.965 
0.15475  1.7103e+005  0.81595 0.91177 0.99225   0.00015 0.00194   0.992 0.874 0.816 0.965 
0.15575  1.7082e+005  0.81574 0.90972 0.99225   0.00015 0.00194   0.992 0.866 0.816 0.965 
0.15675  1.7062e+005  0.81545 0.90672 0.99225   0.00016 0.00194   0.992 0.854 0.815 0.965 
0.15775  1.7042e+005  0.81496 0.90429 0.99223   0.00016 0.00195   0.992 0.845 0.815 0.965 
0.15874  1.7022e+005  0.81496 0.90369 0.99223   0.00016 0.00195   0.992 0.843 0.815 0.965 
0.15974  1.7002e+005  0.81489 0.90367 0.99223   0.00016 0.00195   0.992 0.843 0.815 0.965 
0.16074  1.6981e+005  0.81489 0.90365 0.99223   0.00016 0.00195   0.992 0.843 0.815 0.965 
0.16174  1.6961e+005  0.81489 0.90239 0.99221   0.00016 0.00195   0.992 0.838 0.815 0.965 
0.16274  1.6941e+005  0.81461 0.90144 0.99220   0.00016 0.00196   0.992 0.834 0.815 0.965 
0.16374  1.6921e+005  0.81461 0.90144 0.99220   0.00016 0.00196   0.992 0.834 0.815 0.965 
0.16473  1.6901e+005  0.81461 0.90142 0.99220   0.00016 0.00196   0.992 0.834 0.815 0.965 
0.16573  1.688e+005  0.81440 0.90136 0.99220   0.00016 0.00196   0.992 0.834 0.814 0.965 
0.16673  1.686e+005  0.81341 0.90108 0.99219   0.00016 0.00196   0.992 0.834 0.813 0.965 
0.16773  1.684e+005  0.81277 0.90088 0.99217   0.00016 0.00196   0.992 0.834 0.813 0.965 
0.16873  1.682e+005  0.81228 0.90064 0.99215   0.00016 0.00197   0.992 0.834 0.812 0.964 
0.16973  1.68e+005   0.81221 0.90000 0.99213   0.00016 0.00197   0.992 0.831 0.812 0.964 
0.17072  1.6779e+005  0.81221 0.90000 0.99213   0.00016 0.00197   0.992 0.831 0.812 0.964 
0.17172  1.6759e+005  0.81221 0.89977 0.99213   0.00015 0.00197   0.992 0.830 0.812 0.964 
0.17272  1.6739e+005  0.81207 0.89836 0.99209   0.00016 0.00198   0.992 0.825 0.812 0.964 
0.17372  1.6719e+005  0.81207 0.89835 0.99209   0.00016 0.00198   0.992 0.825 0.812 0.964 
0.17472  1.6699e+005  0.81200 0.89787 0.99207   0.00016 0.00199   0.992 0.823 0.812 0.964 
0.17572  1.6678e+005  0.81200 0.89786 0.99207   0.00015 0.00199   0.992 0.823 0.812 0.964 
0.17671  1.6658e+005  0.81009 0.89721 0.99200   0.00015 0.00201   0.992 0.823 0.810 0.964 
0.17771  1.6638e+005  0.80932 0.89666 0.99186   0.00015 0.00204   0.992 0.822 0.809 0.964 
0.17871  1.6618e+005  0.80861 0.89597 0.99172   0.00015 0.00208   0.992 0.820 0.809 0.963 
0.17971  1.6598e+005  0.80798 0.89565 0.99161   0.00015 0.00210   0.992 0.820 0.808 0.963 
0.18071  1.6577e+005  0.80734 0.89525 0.99148   0.00015 0.00214   0.991 0.820 0.807 0.962 
0.18171  1.6557e+005  0.80614 0.89460 0.99133   0.00015 0.00218   0.991 0.819 0.806 0.962 
0.18270  1.6537e+005  0.80473 0.89391 0.99117   0.00015 0.00221   0.991 0.818 0.805 0.961 
0.18370  1.6517e+005  0.80381 0.89345 0.99102   0.00015 0.00225   0.991 0.818 0.804 0.961 
0.18470  1.6497e+005  0.80318 0.89299 0.99086   0.00015 0.00229   0.991 0.818 0.803 0.960 
0.18570  1.6476e+005  0.80226 0.89243 0.99070   0.00015 0.00233   0.991 0.817 0.802 0.960 
0.18670  1.6456e+005  0.79768 0.88844 0.99064   0.00016 0.00235   0.991 0.806 0.798 0.960 
0.18770  1.6436e+005  0.79429 0.88520 0.99051   0.00016 0.00238   0.991 0.796 0.794 0.960 
0.18869  1.6416e+005  0.79344 0.88465 0.99035   0.00016 0.00242   0.990 0.796 0.793 0.959 
0.18969  1.6396e+005  0.79253 0.88404 0.99019   0.00016 0.00246   0.990 0.795 0.793 0.959 
0.19069  1.6375e+005  0.79147 0.88339 0.99003   0.00016 0.00250   0.990 0.794 0.791 0.958 
0.19169  1.6355e+005  0.79076 0.88277 0.98986   0.00016 0.00254   0.990 0.793 0.791 0.958 
0.19269  1.6335e+005  0.78942 0.88207 0.98969   0.00016 0.00259   0.990 0.792 0.789 0.957 
0.19369  1.6315e+005  0.78843 0.88150 0.98952   0.00016 0.00263   0.990 0.791 0.788 0.957 
0.19468  1.6295e+005  0.78752 0.88079 0.98935   0.00016 0.00267   0.989 0.790 0.788 0.956 
0.19568  1.6274e+005  0.78674 0.88033 0.98917   0.00016 0.00272   0.989 0.790 0.787 0.956 
0.19668  1.6254e+005  0.78568 0.87962 0.98900   0.00016 0.00276   0.989 0.789 0.786 0.955 
0.19768  1.6234e+005  0.78498 0.87908 0.98882   0.00016 0.00281   0.989 0.788 0.785 0.955 
0.19868  1.6214e+005  0.78463 0.87879 0.98874   0.00016 0.00283   0.989 0.787 0.785 0.954 
0.19968  1.6194e+005  0.78441 0.87867 0.98869   0.00016 0.00284   0.989 0.787 0.784 0.954 
0.20067  1.6173e+005  0.78406 0.87838 0.98859   0.00016 0.00286   0.989 0.787 0.784 0.954 
0.20167  1.6153e+005  0.78258 0.87758 0.98844   0.00016 0.00290   0.988 0.786 0.783 0.954 
0.20267  1.6133e+005  0.78159 0.87688 0.98828   0.00016 0.00294   0.988 0.785 0.782 0.953 
0.20367  1.6113e+005  0.78060 0.87628 0.98811   0.00016 0.00299   0.988 0.784 0.781 0.953 
0.20467  1.6093e+005  0.77955 0.87570 0.98795   0.00016 0.00303   0.988 0.783 0.780 0.952 
0.20567  1.6072e+005  0.77884 0.87499 0.98778   0.00016 0.00307   0.988 0.782 0.779 0.952 
0.20666  1.6052e+005  0.77771 0.87418 0.98760   0.00016 0.00311   0.988 0.780 0.778 0.951 
0.20766  1.6032e+005  0.77715 0.87369 0.98742   0.00016 0.00316   0.987 0.779 0.777 0.951 
0.20866  1.6012e+005  0.77651 0.87326 0.98723   0.00016 0.00321   0.987 0.779 0.777 0.950 
0.20966  1.5992e+005  0.77560 0.87258 0.98704   0.00016 0.00326   0.987 0.778 0.776 0.950 
0.21066  1.5971e+005  0.77524 0.87213 0.98695   0.00016 0.00328   0.987 0.777 0.775 0.949 
0.21166  1.5951e+005  0.77468 0.87182 0.98688   0.00016 0.00330   0.987 0.776 0.775 0.949 
0.21265  1.5931e+005  0.77440 0.87148 0.98676   0.00016 0.00333   0.987 0.776 0.774 0.949 
0.21365  1.5911e+005  0.77348 0.87079 0.98658   0.00016 0.00337   0.987 0.775 0.773 0.948 
0.21465  1.5891e+005  0.77249 0.86986 0.98640   0.00016 0.00342   0.986 0.773 0.772 0.948 
0.21565  1.587e+005  0.77129 0.86911 0.98621   0.00016 0.00346   0.986 0.771 0.771 0.948 
0.21665  1.585e+005  0.77023 0.86845 0.98602   0.00016 0.00351   0.986 0.771 0.770 0.947 
0.21765  1.583e+005  0.76899 0.86766 0.98582   0.00016 0.00356   0.986 0.769 0.769 0.947 
0.21864  1.581e+005  0.76679 0.86670 0.98562   0.00017 0.00361   0.986 0.767 0.768 0.946 
0.21964  1.579e+005  0.76522 0.86586 0.98541   0.00017 0.00367   0.985 0.765 0.767 0.945 
0.22064  1.5769e+005  0.76436 0.86514 0.98520   0.00017 0.00372   0.985 0.764 0.766 0.945 
0.22164  1.5749e+005  0.76294 0.86439 0.98499   0.00017 0.00377   0.985 0.763 0.765 0.944 
0.22264  1.5729e+005  0.76145 0.86361 0.98477   0.00017 0.00383   0.985 0.761 0.764 0.944 
0.22364  1.5709e+005  0.75980 0.86272 0.98455   0.00017 0.00389   0.985 0.760 0.763 0.943 
0.22463  1.5689e+005  0.75800 0.86178 0.98433   0.00017 0.00394   0.984 0.758 0.762 0.943 
0.22563  1.5668e+005  0.75690 0.86113 0.98411   0.00017 0.00400   0.984 0.757 0.761 0.942 
0.22663  1.5648e+005  0.75493 0.86032 0.98388   0.00017 0.00406   0.984 0.755 0.761 0.942 
0.22763  1.5628e+005  0.75321 0.85952 0.98365   0.00017 0.00411   0.984 0.753 0.760 0.941 
0.22863  1.5608e+005  0.75250 0.85916 0.98352   0.00017 0.00415   0.984 0.752 0.760 0.941 
0.22963  1.5588e+005  0.75219 0.85898 0.98345   0.00017 0.00416   0.983 0.752 0.760 0.941 
0.23062  1.5567e+005  0.75069 0.85831 0.98332   0.00017 0.00420   0.983 0.751 0.759 0.940 
0.23162  1.5547e+005  0.74967 0.85766 0.98310   0.00017 0.00425   0.983 0.750 0.758 0.940 
0.23262  1.5527e+005  0.74810 0.85671 0.98288   0.00017 0.00431   0.983 0.748 0.757 0.939 
0.23362  1.5507e+005  0.74661 0.85592 0.98265   0.00017 0.00437   0.983 0.747 0.756 0.939 
0.23462  1.5487e+005  0.74496 0.85513 0.98242   0.00017 0.00442   0.982 0.745 0.755 0.938 
0.23562  1.5466e+005  0.74386 0.85455 0.98218   0.00017 0.00448   0.982 0.744 0.755 0.938 
0.23661  1.5446e+005  0.74198 0.85366 0.98194   0.00017 0.00455   0.982 0.742 0.754 0.937 
0.23761  1.5426e+005  0.74096 0.85313 0.98174   0.00017 0.00460   0.982 0.741 0.753 0.936 
0.23861  1.5406e+005  0.74033 0.85283 0.98166   0.00017 0.00462   0.982 0.740 0.753 0.936 
0.23961  1.5386e+005  0.73923 0.85223 0.98151   0.00017 0.00465   0.982 0.739 0.752 0.936 
0.24061  1.5365e+005  0.73758 0.85155 0.98129   0.00017 0.00471   0.981 0.738 0.752 0.935 
0.24161  1.5345e+005  0.73601 0.85082 0.98106   0.00017 0.00477   0.981 0.736 0.751 0.935 
0.24260  1.5325e+005  0.73420 0.85003 0.98081   0.00017 0.00483   0.981 0.734 0.751 0.934 
0.24360  1.5305e+005  0.73240 0.84917 0.98055   0.00017 0.00490   0.981 0.732 0.750 0.934 
0.24460  1.5285e+005  0.73036 0.84822 0.98029   0.00017 0.00496   0.980 0.730 0.749 0.933 
0.24560  1.5264e+005  0.72808 0.84714 0.98003   0.00017 0.00503   0.980 0.728 0.748 0.933 
0.24660  1.5244e+005  0.72651 0.84642 0.97977   0.00017 0.00510   0.980 0.727 0.747 0.932 
0.24760  1.5224e+005  0.72494 0.84559 0.97950   0.00017 0.00517   0.979 0.725 0.747 0.931 
0.24859  1.5204e+005  0.72313 0.84452 0.97923   0.00017 0.00523   0.979 0.723 0.745 0.931 
0.24959  1.5184e+005  0.72156 0.84360 0.97895   0.00017 0.00530   0.979 0.722 0.744 0.930 
0.25059  1.5163e+005  0.71976 0.84273 0.97867   0.00017 0.00538   0.979 0.720 0.743 0.929 
0.25159  1.5143e+005  0.71818 0.84187 0.97839   0.00017 0.00545   0.978 0.718 0.742 0.929 
0.25259  1.5123e+005  0.71622 0.84110 0.97822   0.00017 0.00549   0.978 0.716 0.741 0.929 
0.25359  1.5103e+005  0.71575 0.84078 0.97810   0.00017 0.00552   0.978 0.716 0.741 0.928 
0.25458  1.5083e+005  0.71528 0.84041 0.97794   0.00017 0.00556   0.978 0.715 0.741 0.928 
0.25558  1.5062e+005  0.71387 0.83955 0.97768   0.00017 0.00563   0.978 0.714 0.739 0.927 
0.25658  1.5042e+005  0.71222 0.83880 0.97741   0.00017 0.00570   0.977 0.712 0.739 0.927 
0.25758  1.5022e+005  0.71041 0.83786 0.97712   0.00017 0.00577   0.977 0.710 0.738 0.926 
0.25858  1.5002e+005  0.70837 0.83678 0.97684   0.00017 0.00584   0.977 0.708 0.736 0.925 
0.25958  1.4982e+005  0.70641 0.83567 0.97654   0.00017 0.00592   0.977 0.706 0.735 0.925 
0.26057  1.4961e+005  0.70491 0.83492 0.97631   0.00018 0.00598   0.976 0.705 0.734 0.924 
0.26157  1.4941e+005  0.70413 0.83452 0.97619   0.00017 0.00601   0.976 0.704 0.734 0.924 
0.26257  1.4921e+005  0.70303 0.83399 0.97601   0.00017 0.00605   0.976 0.703 0.733 0.924 
0.26357  1.4901e+005  0.70146 0.83321 0.97574   0.00018 0.00612   0.976 0.701 0.733 0.923 
0.26457  1.4881e+005  0.69997 0.83238 0.97545   0.00018 0.00620   0.975 0.700 0.732 0.922 
0.26557  1.486e+005  0.69816 0.83149 0.97515   0.00018 0.00627   0.975 0.698 0.731 0.922 
0.26656  1.484e+005  0.69698 0.83074 0.97486   0.00018 0.00634   0.975 0.697 0.730 0.921 
0.26756  1.482e+005  0.69549 0.82996 0.97456   0.00018 0.00642   0.975 0.695 0.729 0.921 
0.26856  1.48e+005   0.69345 0.82895 0.97424   0.00018 0.00650   0.974 0.693 0.728 0.920 
0.26956  1.478e+005  0.69211 0.82819 0.97393   0.00018 0.00658   0.974 0.692 0.727 0.919 
0.27056  1.4759e+005  0.69078 0.82743 0.97360   0.00018 0.00667   0.974 0.691 0.727 0.919 
0.27156  1.4739e+005  0.68874 0.82645 0.97328   0.00018 0.00675   0.973 0.689 0.726 0.918 
0.27255  1.4719e+005  0.68740 0.82568 0.97295   0.00018 0.00683   0.973 0.687 0.725 0.917 
0.27355  1.4699e+005  0.68568 0.82480 0.97262   0.00018 0.00692   0.973 0.686 0.724 0.917 
0.27455  1.4679e+005  0.68513 0.82438 0.97239   0.00018 0.00697   0.972 0.685 0.724 0.916 
0.27555  1.4658e+005  0.68458 0.82401 0.97227   0.00018 0.00701   0.972 0.685 0.723 0.916 
0.27655  1.4638e+005  0.68363 0.82338 0.97201   0.00018 0.00707   0.972 0.684 0.723 0.915 
0.27755  1.4618e+005  0.68214 0.82245 0.97169   0.00018 0.00715   0.972 0.682 0.721 0.915 
0.27854  1.4598e+005  0.68128 0.82185 0.97136   0.00018 0.00724   0.971 0.681 0.721 0.914 
0.27954  1.4578e+005  0.67939 0.82076 0.97103   0.00018 0.00732   0.971 0.679 0.719 0.913 
0.28054  1.4557e+005  0.67814 0.81994 0.97069   0.00018 0.00741   0.971 0.678 0.718 0.913 
0.28154  1.4537e+005  0.67719 0.81918 0.97035   0.00018 0.00750   0.970 0.677 0.717 0.912 
0.28254  1.4517e+005  0.67578 0.81829 0.97001   0.00018 0.00758   0.970 0.676 0.716 0.911 
0.28354  1.4497e+005  0.67476 0.81745 0.96965   0.00018 0.00768   0.970 0.675 0.715 0.911 
0.28453  1.4477e+005  0.67335 0.81649 0.96930   0.00018 0.00776   0.969 0.673 0.713 0.910 
0.28553  1.4456e+005  0.67233 0.81571 0.96894   0.00018 0.00786   0.969 0.672 0.712 0.909 
0.28653  1.4436e+005  0.67005 0.81465 0.96857   0.00018 0.00795   0.969 0.670 0.711 0.909 
0.28753  1.4416e+005  0.66942 0.81407 0.96837   0.00018 0.00800   0.968 0.669 0.710 0.908 
0.28853  1.4396e+005  0.66864 0.81349 0.96815   0.00018 0.00806   0.968 0.669 0.709 0.908 
0.28953  1.4376e+005  0.66816 0.81301 0.96789   0.00018 0.00813   0.968 0.668 0.709 0.907 
0.29052  1.4355e+005  0.66683 0.81215 0.96751   0.00018 0.00822   0.968 0.667 0.708 0.906 
0.29152  1.4335e+005  0.66549 0.81132 0.96716   0.00018 0.00831   0.967 0.665 0.707 0.906 
0.29252  1.4315e+005  0.66377 0.81033 0.96678   0.00018 0.00841   0.967 0.664 0.706 0.905 
0.29352  1.4295e+005  0.66212 0.80934 0.96640   0.00018 0.00851   0.966 0.662 0.704 0.904 
0.29452  1.4275e+005  0.66141 0.80873 0.96616   0.00018 0.00857   0.966 0.661 0.703 0.904 
0.29552  1.4254e+005  0.66063 0.80831 0.96595   0.00018 0.00862   0.966 0.661 0.703 0.903 
0.29651  1.4234e+005  0.65937 0.80750 0.96562   0.00018 0.00871   0.966 0.659 0.702 0.903 
0.29751  1.4214e+005  0.65772 0.80660 0.96525   0.00018 0.00880   0.965 0.658 0.701 0.902 
0.29851  1.4194e+005  0.65615 0.80571 0.96488   0.00018 0.00890   0.965 0.656 0.700 0.901 
0.29951  1.4174e+005  0.65544 0.80497 0.96449   0.00018 0.00900   0.964 0.655 0.699 0.901 
0.30051  1.4153e+005  0.65434 0.80414 0.96410   0.00018 0.00910   0.964 0.654 0.698 0.900 
0.30151  1.4133e+005  0.65324 0.80340 0.96375   0.00018 0.00919   0.964 0.653 0.697 0.899 
0.30250  1.4113e+005  0.65199 0.80262 0.96337   0.00018 0.00929   0.963 0.652 0.697 0.899 
0.30350  1.4093e+005  0.65128 0.80206 0.96299   0.00018 0.00938   0.963 0.651 0.696 0.898 
0.30450  1.4073e+005  0.64955 0.80113 0.96258   0.00018 0.00949   0.963 0.650 0.695 0.897 
0.30550  1.4052e+005  0.64806 0.80030 0.96218   0.00018 0.00959   0.962 0.648 0.695 0.896 
0.30650  1.4032e+005  0.64673 0.79952 0.96177   0.00018 0.00970   0.962 0.647 0.694 0.896 
0.30750  1.4012e+005  0.64602 0.79895 0.96143   0.00018 0.00979   0.961 0.646 0.693 0.895 
0.30849  1.3992e+005  0.64492 0.79841 0.96118   0.00018 0.00985   0.961 0.645 0.693 0.895 
0.30949  1.3972e+005  0.64374 0.79763 0.96085   0.00018 0.00993   0.961 0.644 0.692 0.894 
0.31049  1.3951e+005  0.64312 0.79700 0.96045   0.00018 0.01004   0.960 0.643 0.691 0.893 
0.31149  1.3931e+005  0.64209 0.79616 0.96004   0.00018 0.01014   0.960 0.642 0.690 0.892 
0.31249  1.3911e+005  0.64068 0.79523 0.95962   0.00019 0.01025   0.960 0.641 0.689 0.892 
0.31349  1.3891e+005  0.63903 0.79428 0.95923   0.00019 0.01035   0.959 0.639 0.688 0.891 
0.31448  1.3871e+005  0.63817 0.79366 0.95895   0.00019 0.01043   0.959 0.638 0.687 0.890 
0.31548  1.385e+005  0.63770 0.79318 0.95869   0.00019 0.01049   0.959 0.638 0.686 0.890 
0.31648  1.383e+005  0.63597 0.79234 0.95836   0.00019 0.01058   0.958 0.636 0.686 0.889 
0.31748  1.381e+005  0.63487 0.79151 0.95794   0.00019 0.01068   0.958 0.635 0.685 0.889 
0.31848  1.379e+005  0.63354 0.79064 0.95752   0.00019 0.01079   0.958 0.634 0.684 0.888 
0.31948  1.377e+005  0.63322 0.79022 0.95717   0.00019 0.01088   0.957 0.633 0.683 0.887 
0.32047  1.3749e+005  0.63228 0.78953 0.95674   0.00019 0.01099   0.957 0.632 0.683 0.886 
0.32147  1.3729e+005  0.63110 0.78877 0.95632   0.00019 0.01110   0.956 0.631 0.682 0.886 
0.32247  1.3709e+005  0.63087 0.78841 0.95592   0.00019 0.01121   0.956 0.631 0.682 0.885 
0.32347  1.3689e+005  0.62937 0.78741 0.95546   0.00019 0.01133   0.955 0.629 0.681 0.884 
0.32447  1.3669e+005  0.62835 0.78655 0.95502   0.00019 0.01144   0.955 0.628 0.679 0.883 
0.32547  1.3648e+005  0.62694 0.78559 0.95457   0.00019 0.01156   0.955 0.627 0.678 0.883 
0.32646  1.3628e+005  0.62537 0.78461 0.95413   0.00019 0.01167   0.954 0.625 0.677 0.882 
0.32746  1.3608e+005  0.62427 0.78385 0.95367   0.00019 0.01179   0.954 0.624 0.676 0.881 
0.32846  1.3588e+005  0.62356 0.78337 0.95334   0.00019 0.01187   0.953 0.624 0.676 0.881 
0.32946  1.3568e+005  0.62317 0.78308 0.95318   0.00019 0.01192   0.953 0.623 0.676 0.880 
0.33046  1.3547e+005  0.62262 0.78260 0.95288   0.00019 0.01199   0.953 0.623 0.675 0.880 
0.33146  1.3527e+005  0.62081 0.78172 0.95252   0.00019 0.01209   0.953 0.621 0.675 0.879 
0.33245  1.3507e+005  0.61987 0.78101 0.95207   0.00019 0.01220   0.952 0.620 0.674 0.878 
0.33345  1.3487e+005  0.61885 0.78013 0.95162   0.00019 0.01232   0.952 0.619 0.673 0.877 
0.33445  1.3467e+005  0.61759 0.77925 0.95115   0.00019 0.01244   0.951 0.618 0.672 0.877 
0.33545  1.3446e+005  0.61697 0.77870 0.95076   0.00019 0.01254   0.951 0.617 0.671 0.876 
0.33645  1.3426e+005  0.61618 0.77814 0.95045   0.00019 0.01262   0.950 0.616 0.671 0.875 
0.33745  1.3406e+005  0.61587 0.77762 0.95009   0.00019 0.01272   0.950 0.616 0.670 0.875 
0.33844  1.3386e+005  0.61477 0.77691 0.94970   0.00019 0.01282   0.950 0.615 0.669 0.874 
0.33944  1.3366e+005  0.61367 0.77606 0.94925   0.00019 0.01294   0.949 0.614 0.668 0.873 
0.34044  1.3345e+005  0.61320 0.77546 0.94880   0.00019 0.01305   0.949 0.613 0.667 0.873 
0.34144  1.3325e+005  0.61163 0.77446 0.94831   0.00019 0.01318   0.948 0.612 0.666 0.872 
0.34244  1.3305e+005  0.61037 0.77353 0.94784   0.00019 0.01330   0.948 0.610 0.665 0.871 
0.34344  1.3285e+005  0.60817 0.77250 0.94738   0.00019 0.01342   0.947 0.608 0.664 0.870 
0.34443  1.3265e+005  0.60644 0.77153 0.94688   0.00019 0.01355   0.947 0.606 0.663 0.869 
0.34543  1.3244e+005  0.60527 0.77060 0.94638   0.00019 0.01368   0.946 0.605 0.662 0.869 
0.34643  1.3224e+005  0.60291 0.76945 0.94588   0.00019 0.01381   0.946 0.603 0.661 0.868 
0.34743  1.3204e+005  0.60150 0.76850 0.94537   0.00019 0.01395   0.945 0.601 0.660 0.867 
0.34843  1.3184e+005  0.60008 0.76781 0.94508   0.00019 0.01402   0.945 0.600 0.660 0.866 
0.34943  1.3164e+005  0.59851 0.76703 0.94477   0.00019 0.01410   0.945 0.599 0.659 0.866 
0.35042  1.3143e+005  0.59741 0.76620 0.94431   0.00019 0.01422   0.944 0.597 0.658 0.865 
0.35142  1.3123e+005  0.59600 0.76525 0.94381   0.00019 0.01435   0.944 0.596 0.657 0.864 
0.35242  1.3103e+005  0.59490 0.76448 0.94331   0.00019 0.01448   0.943 0.595 0.656 0.863 
0.35342  1.3083e+005  0.59364 0.76380 0.94293   0.00019 0.01458   0.943 0.594 0.656 0.863 
0.35442  1.3063e+005  0.59278 0.76336 0.94271   0.00019 0.01464   0.943 0.593 0.656 0.862 
0.35542  1.3042e+005  0.59247 0.76320 0.94261   0.00019 0.01467   0.943 0.592 0.656 0.862 
0.35641  1.3022e+005  0.59145 0.76266 0.94223   0.00019 0.01477   0.942 0.591 0.655 0.862 
0.35741  1.3002e+005  0.58878 0.76132 0.94176   0.00019 0.01489   0.942 0.589 0.654 0.861 
0.35841  1.2982e+005  0.58721 0.76032 0.94125   0.00019 0.01502   0.941 0.587 0.653 0.860 
0.35941  1.2962e+005  0.58571 0.75940 0.94073   0.00019 0.01516   0.941 0.586 0.652 0.859 
0.36041  1.2941e+005  0.58422 0.75854 0.94019   0.00019 0.01530   0.940 0.584 0.651 0.858 
0.36141  1.2921e+005  0.58281 0.75750 0.93964   0.00019 0.01544   0.940 0.583 0.650 0.857 
0.36240  1.2901e+005  0.58116 0.75638 0.93910   0.00019 0.01559   0.939 0.581 0.649 0.857 
0.36340  1.2881e+005  0.57990 0.75547 0.93855   0.00019 0.01573   0.939 0.580 0.648 0.856 
0.36440  1.2861e+005  0.57873 0.75464 0.93800   0.00019 0.01587   0.938 0.579 0.647 0.855 
0.36540  1.284e+005  0.57731 0.75384 0.93759   0.00020 0.01598   0.938 0.577 0.646 0.854 
0.36640  1.282e+005  0.57606 0.75319 0.93726   0.00020 0.01607   0.937 0.576 0.646 0.854 
0.36740  1.28e+005   0.57378 0.75217 0.93680   0.00020 0.01619   0.937 0.574 0.645 0.853 
0.36839  1.278e+005  0.57189 0.75114 0.93627   0.00020 0.01633   0.936 0.572 0.644 0.852 
0.36939  1.276e+005  0.57009 0.75018 0.93572   0.00020 0.01647   0.936 0.570 0.644 0.851 
0.37039  1.2739e+005  0.56899 0.74943 0.93520   0.00020 0.01661   0.935 0.569 0.643 0.850 
0.37139  1.2719e+005  0.56781 0.74875 0.93482   0.00020 0.01671   0.935 0.568 0.643 0.850 
0.37239  1.2699e+005  0.56671 0.74805 0.93446   0.00020 0.01680   0.934 0.567 0.642 0.849 
0.37339  1.2679e+005  0.56545 0.74730 0.93398   0.00020 0.01693   0.934 0.565 0.641 0.848 
0.37438  1.2659e+005  0.56459 0.74639 0.93344   0.00020 0.01707   0.933 0.565 0.640 0.848 
0.37538  1.2638e+005  0.56294 0.74533 0.93286   0.00020 0.01722   0.933 0.563 0.639 0.847 
0.37638  1.2618e+005  0.56114 0.74435 0.93227   0.00020 0.01738   0.932 0.561 0.638 0.846 
0.37738  1.2598e+005  0.55925 0.74333 0.93167   0.00020 0.01754   0.932 0.559 0.637 0.845 
0.37838  1.2578e+005  0.55752 0.74231 0.93107   0.00020 0.01770   0.931 0.558 0.637 0.844 
0.37938  1.2558e+005  0.55478 0.74100 0.93047   0.00020 0.01785   0.930 0.555 0.636 0.843 
0.38037  1.2537e+005  0.55281 0.74005 0.93002   0.00020 0.01797   0.930 0.553 0.635 0.842 
0.38137  1.2517e+005  0.55163 0.73937 0.92959   0.00020 0.01809   0.930 0.552 0.635 0.842 
0.38237  1.2497e+005  0.55053 0.73874 0.92920   0.00020 0.01819   0.929 0.551 0.634 0.841 
0.38337  1.2477e+005  0.54944 0.73791 0.92865   0.00020 0.01833   0.929 0.549 0.633 0.840 
0.38437  1.2457e+005  0.54739 0.73686 0.92807   0.00020 0.01849   0.928 0.547 0.633 0.839 
0.38537  1.2436e+005  0.54520 0.73578 0.92750   0.00020 0.01864   0.928 0.545 0.632 0.839 
0.38636  1.2416e+005  0.54323 0.73479 0.92690   0.00020 0.01880   0.927 0.543 0.631 0.838 
0.38736  1.2396e+005  0.54213 0.73397 0.92628   0.00020 0.01896   0.926 0.542 0.631 0.837 
0.38836  1.2376e+005  0.54088 0.73306 0.92566   0.00020 0.01913   0.926 0.541 0.630 0.836 
0.38936  1.2356e+005  0.53993 0.73230 0.92505   0.00020 0.01929   0.925 0.540 0.629 0.835 
0.39036  1.2335e+005  0.53899 0.73171 0.92458   0.00020 0.01941   0.925 0.539 0.629 0.834 
0.39136  1.2315e+005  0.53758 0.73091 0.92415   0.00020 0.01953   0.924 0.538 0.628 0.834 
0.39235  1.2295e+005  0.53640 0.73009 0.92362   0.00020 0.01967   0.924 0.536 0.628 0.833 
0.39335  1.2275e+005  0.53507 0.72926 0.92300   0.00020 0.01983   0.923 0.535 0.627 0.832 
0.39435  1.2255e+005  0.53397 0.72842 0.92242   0.00020 0.01999   0.922 0.534 0.626 0.831 
0.39535  1.2234e+005  0.53310 0.72773 0.92189   0.00020 0.02013   0.922 0.533 0.626 0.830 
0.39635  1.2214e+005  0.53208 0.72707 0.92144   0.00020 0.02025   0.921 0.532 0.625 0.829 
0.39735  1.2194e+005  0.53059 0.72608 0.92089   0.00020 0.02039   0.921 0.531 0.624 0.829 
0.39834  1.2174e+005  0.52949 0.72527 0.92025   0.00020 0.02056   0.920 0.529 0.624 0.828 
0.39934  1.2154e+005  0.52808 0.72434 0.91966   0.00020 0.02072   0.920 0.528 0.623 0.827 
0.40034  1.2133e+005  0.52698 0.72356 0.91910   0.00020 0.02087   0.919 0.527 0.622 0.826 
0.40134  1.2113e+005  0.52556 0.72262 0.91844   0.00020 0.02105   0.918 0.526 0.621 0.825 
0.40234  1.2093e+005  0.52407 0.72165 0.91780   0.00020 0.02122   0.918 0.524 0.621 0.824 
0.40334  1.2073e+005  0.52321 0.72101 0.91728   0.00020 0.02136   0.917 0.523 0.620 0.823 
0.40433  1.2053e+005  0.52321 0.72061 0.91679   0.00020 0.02148   0.917 0.523 0.620 0.823 
0.40533  1.2032e+005  0.52313 0.72015 0.91617   0.00020 0.02165   0.916 0.523 0.620 0.822 
0.40633  1.2012e+005  0.52282 0.71958 0.91564   0.00020 0.02179   0.916 0.523 0.619 0.821 
0.40733  1.1992e+005  0.52234 0.71904 0.91509   0.00020 0.02194   0.915 0.522 0.619 0.820 
0.40833  1.1972e+005  0.52140 0.71827 0.91447   0.00020 0.02210   0.914 0.521 0.618 0.819 
0.40933  1.1952e+005  0.52062 0.71754 0.91390   0.00020 0.02226   0.914 0.521 0.617 0.818 
0.41032  1.1931e+005  0.51983 0.71682 0.91337   0.00020 0.02240   0.913 0.520 0.617 0.817 
0.41132  1.1911e+005  0.51873 0.71608 0.91285   0.00020 0.02254   0.913 0.519 0.616 0.817 
0.41232  1.1891e+005  0.51755 0.71516 0.91222   0.00020 0.02271   0.912 0.518 0.615 0.816 
0.41332  1.1871e+005  0.51622 0.71422 0.91156   0.00020 0.02288   0.912 0.516 0.614 0.815 
0.41432  1.1851e+005  0.51504 0.71336 0.91089   0.00020 0.02306   0.911 0.515 0.614 0.814 
0.41531  1.183e+005  0.51481 0.71270 0.91026   0.00020 0.02323   0.910 0.515 0.613 0.813 
0.41631  1.181e+005  0.51339 0.71170 0.90955   0.00021 0.02342   0.910 0.513 0.612 0.812 
0.41731  1.179e+005  0.51167 0.71064 0.90885   0.00021 0.02361   0.909 0.512 0.611 0.811 
0.41831  1.177e+005  0.51064 0.70978 0.90817   0.00021 0.02379   0.908 0.511 0.610 0.810 
0.41931  1.175e+005  0.50955 0.70904 0.90764   0.00021 0.02393   0.908 0.510 0.610 0.809 
0.42031  1.1729e+005  0.50868 0.70832 0.90704   0.00021 0.02410   0.907 0.509 0.609 0.808 
0.42130  1.1709e+005  0.50743 0.70738 0.90635   0.00021 0.02428   0.906 0.507 0.608 0.807 
0.42230  1.1689e+005  0.50593 0.70642 0.90572   0.00021 0.02445   0.906 0.506 0.607 0.807 
0.42330  1.1669e+005  0.50530 0.70559 0.90512   0.00021 0.02461   0.905 0.505 0.606 0.806 
0.42430  1.1649e+005  0.50483 0.70493 0.90457   0.00021 0.02476   0.905 0.505 0.605 0.805 
0.42530  1.1628e+005  0.50389 0.70421 0.90392   0.00021 0.02494   0.904 0.504 0.605 0.804 
0.42630  1.1608e+005  0.50287 0.70340 0.90323   0.00021 0.02512   0.903 0.503 0.604 0.803 
0.42729  1.1588e+005  0.50209 0.70266 0.90252   0.00021 0.02532   0.903 0.502 0.604 0.802 
0.42829  1.1568e+005  0.49730 0.70082 0.90191   0.00021 0.02548   0.902 0.497 0.603 0.801 
0.42929  1.1548e+005  0.49565 0.69978 0.90117   0.00021 0.02568   0.901 0.496 0.602 0.800 
0.43029  1.1527e+005  0.49502 0.69881 0.90043   0.00021 0.02588   0.900 0.495 0.600 0.799 
0.43129  1.1507e+005  0.49400 0.69796 0.89967   0.00021 0.02609   0.900 0.494 0.600 0.798 
0.43229  1.1487e+005  0.49321 0.69711 0.89905   0.00021 0.02625   0.899 0.493 0.599 0.797 
0.43328  1.1467e+005  0.49227 0.69642 0.89841   0.00021 0.02643   0.898 0.492 0.599 0.796 
0.43428  1.1447e+005  0.49133 0.69555 0.89772   0.00021 0.02661   0.898 0.491 0.598 0.796 
0.43528  1.1426e+005  0.49039 0.69478 0.89702   0.00021 0.02680   0.897 0.490 0.597 0.795 
0.43628  1.1406e+005  0.49031 0.69425 0.89631   0.00021 0.02700   0.896 0.490 0.597 0.794 
0.43728  1.1386e+005  0.48952 0.69349 0.89570   0.00021 0.02716   0.896 0.490 0.596 0.793 
0.43828  1.1366e+005  0.48874 0.69285 0.89511   0.00021 0.02732   0.895 0.489 0.596 0.792 
0.43927  1.1346e+005  0.48803 0.69210 0.89441   0.00021 0.02751   0.894 0.488 0.595 0.791 
0.44027  1.1325e+005  0.48701 0.69126 0.89371   0.00021 0.02770   0.894 0.487 0.594 0.790 
0.44127  1.1305e+005  0.48654 0.69054 0.89302   0.00021 0.02789   0.893 0.487 0.594 0.789 
0.44227  1.1285e+005  0.48575 0.68970 0.89223   0.00021 0.02811   0.892 0.486 0.593 0.788 
0.44327  1.1265e+005  0.48418 0.68869 0.89144   0.00021 0.02832   0.891 0.484 0.592 0.787 
0.44427  1.1245e+005  0.48332 0.68776 0.89064   0.00021 0.02854   0.891 0.483 0.591 0.786 
0.44526  1.1224e+005  0.48245 0.68703 0.89000   0.00021 0.02871   0.890 0.482 0.591 0.785 
0.44626  1.1204e+005  0.48135 0.68618 0.88936   0.00021 0.02889   0.889 0.481 0.590 0.784 
0.44726  1.1184e+005  0.48049 0.68547 0.88866   0.00021 0.02908   0.889 0.480 0.589 0.783 
0.44826  1.1164e+005  0.47994 0.68477 0.88791   0.00021 0.02928   0.888 0.480 0.589 0.782 
0.44926  1.1144e+005  0.47963 0.68442 0.88756   0.00021 0.02938   0.888 0.480 0.589 0.782 
0.45026  1.1123e+005  0.47939 0.68407 0.88722   0.00021 0.02947   0.887 0.479 0.589 0.781 
0.45125  1.1103e+005  0.47837 0.68327 0.88653   0.00021 0.02966   0.887 0.478 0.588 0.780 
0.45225  1.1083e+005  0.47680 0.68218 0.88579   0.00021 0.02986   0.886 0.477 0.587 0.779 
0.45325  1.1063e+005  0.47547 0.68127 0.88503   0.00021 0.03007   0.885 0.475 0.586 0.778 
0.45425  1.1043e+005  0.47421 0.68032 0.88422   0.00021 0.03029   0.884 0.474 0.586 0.777 
0.45525  1.1022e+005  0.47311 0.67939 0.88337   0.00021 0.03053   0.883 0.473 0.585 0.776 
0.45625  1.1002e+005  0.47193 0.67847 0.88257   0.00021 0.03075   0.883 0.472 0.584 0.775 
0.45724  1.0982e+005  0.47068 0.67760 0.88193   0.00021 0.03092   0.882 0.471 0.584 0.774 
0.45824  1.0962e+005  0.46950 0.67672 0.88119   0.00021 0.03113   0.881 0.469 0.583 0.773 
0.45924  1.0942e+005  0.46887 0.67597 0.88045   0.00021 0.03133   0.880 0.469 0.582 0.772 
0.46024  1.0921e+005  0.46761 0.67500 0.87973   0.00021 0.03153   0.880 0.468 0.581 0.771 
0.46124  1.0901e+005  0.46612 0.67406 0.87895   0.00021 0.03174   0.879 0.466 0.581 0.770 
0.46224  1.0881e+005  0.46455 0.67309 0.87815   0.00021 0.03196   0.878 0.465 0.580 0.769 
0.46323  1.0861e+005  0.46353 0.67224 0.87727   0.00021 0.03221   0.877 0.464 0.580 0.768 
0.46423  1.0841e+005  0.46329 0.67183 0.87685   0.00021 0.03232   0.877 0.463 0.580 0.768 
0.46523  1.082e+005  0.46259 0.67104 0.87609   0.00021 0.03253   0.876 0.463 0.579 0.767 
0.46623  1.08e+005   0.46172 0.67025 0.87534   0.00021 0.03274   0.875 0.462 0.578 0.766 
0.46723  1.078e+005  0.46086 0.66955 0.87463   0.00021 0.03293   0.875 0.461 0.578 0.765 
0.46823  1.076e+005  0.46015 0.66879 0.87395   0.00021 0.03312   0.874 0.460 0.577 0.764 
0.46922  1.074e+005  0.45874 0.66786 0.87315   0.00021 0.03334   0.873 0.459 0.577 0.763 
0.47022  1.0719e+005  0.45795 0.66715 0.87251   0.00021 0.03352   0.873 0.458 0.576 0.762 
0.47122  1.0699e+005  0.45662 0.66615 0.87178   0.00022 0.03372   0.872 0.457 0.575 0.761 
0.47222  1.0679e+005  0.45489 0.66510 0.87099   0.00022 0.03394   0.871 0.455 0.575 0.760 
0.47322  1.0659e+005  0.45387 0.66425 0.87013   0.00022 0.03418   0.870 0.454 0.574 0.759 
0.47422  1.0639e+005  0.45269 0.66337 0.86941   0.00022 0.03438   0.869 0.453 0.573 0.758 
0.47521  1.0618e+005  0.45207 0.66254 0.86860   0.00022 0.03460   0.869 0.452 0.573 0.757 
0.47621  1.0598e+005  0.45081 0.66166 0.86793   0.00022 0.03479   0.868 0.451 0.572 0.756 
0.47721  1.0578e+005  0.45002 0.66104 0.86726   0.00022 0.03498   0.867 0.450 0.572 0.755 
0.47821  1.0558e+005  0.44822 0.65995 0.86645   0.00022 0.03520   0.866 0.448 0.571 0.754 
0.47921  1.0538e+005  0.44743 0.65903 0.86561   0.00022 0.03544   0.866 0.447 0.570 0.753 
0.48021  1.0517e+005  0.44649 0.65813 0.86478   0.00022 0.03567   0.865 0.446 0.569 0.752 
0.48120  1.0497e+005  0.44225 0.65663 0.86405   0.00022 0.03587   0.864 0.442 0.569 0.751 
0.48220  1.0477e+005  0.44139 0.65572 0.86319   0.00022 0.03611   0.863 0.441 0.568 0.750 
0.48320  1.0457e+005  0.44084 0.65495 0.86238   0.00022 0.03634   0.862 0.441 0.567 0.749 
0.48420  1.0437e+005  0.44021 0.65416 0.86164   0.00022 0.03654   0.862 0.440 0.567 0.748 
0.48520  1.0416e+005  0.43911 0.65334 0.86098   0.00022 0.03673   0.861 0.439 0.566 0.747 
0.48620  1.0396e+005  0.43832 0.65259 0.86020   0.00022 0.03695   0.860 0.438 0.566 0.746 
0.48719  1.0376e+005  0.43793 0.65191 0.85943   0.00022 0.03716   0.859 0.438 0.565 0.745 
0.48819  1.0356e+005  0.43675 0.65103 0.85859   0.00022 0.03740   0.859 0.437 0.564 0.744 
0.48919  1.0336e+005  0.43534 0.65001 0.85768   0.00022 0.03765   0.858 0.435 0.564 0.743 
0.49019  1.0315e+005  0.43400 0.64904 0.85674   0.00022 0.03792   0.857 0.434 0.563 0.742 
0.49119  1.0295e+005  0.43275 0.64813 0.85587   0.00022 0.03816   0.856 0.433 0.563 0.741 
0.49219  1.0275e+005  0.43165 0.64722 0.85505   0.00022 0.03839   0.855 0.432 0.562 0.740 
0.49318  1.0255e+005  0.43055 0.64633 0.85425   0.00022 0.03862   0.854 0.431 0.561 0.739 
0.49418  1.0235e+005  0.42961 0.64553 0.85350   0.00022 0.03883   0.853 0.430 0.561 0.738 
0.49518  1.0214e+005  0.42906 0.64484 0.85271   0.00022 0.03905   0.853 0.429 0.560 0.737 
0.49618  1.0194e+005  0.42812 0.64398 0.85188   0.00022 0.03929   0.852 0.428 0.560 0.736 
0.49718  1.0174e+005  0.42741 0.64308 0.85094   0.00022 0.03955   0.851 0.427 0.559 0.735 
0.49818  1.0154e+005  0.42607 0.64205 0.84993   0.00022 0.03984   0.850 0.426 0.558 0.734 
0.49917  1.0134e+005  0.42545 0.64130 0.84908   0.00022 0.04008   0.849 0.425 0.558 0.733 
0.50017  1.0113e+005  0.42435 0.64053 0.84832   0.00022 0.04029   0.848 0.424 0.558 0.732 
0.50117  1.0093e+005  0.42333 0.63956 0.84747   0.00022 0.04053   0.847 0.423 0.557 0.731 
0.50217  1.0073e+005  0.42293 0.63902 0.84676   0.00022 0.04073   0.847 0.423 0.557 0.730 
0.50317  1.0053e+005  0.42191 0.63824 0.84592   0.00022 0.04097   0.846 0.422 0.556 0.729 
0.50417  1.0033e+005  0.42121 0.63746 0.84506   0.00022 0.04121   0.845 0.421 0.556 0.728 
0.50516  1.0012e+005  0.42018 0.63663 0.84409   0.00022 0.04149   0.844 0.420 0.556 0.727 
0.50616  99922       0.41940 0.63567 0.84311   0.00022 0.04177   0.843 0.419 0.555 0.726 
0.50716  99720       0.41909 0.63500 0.84228   0.00022 0.04200   0.842 0.419 0.554 0.725 
0.50816  99518       0.41822 0.63426 0.84144   0.00022 0.04224   0.841 0.418 0.554 0.724 
0.50916  99316       0.41767 0.63350 0.84064   0.00022 0.04247   0.841 0.418 0.553 0.723 
0.51016  99114       0.41673 0.63262 0.83979   0.00022 0.04271   0.840 0.417 0.552 0.722 
0.51115  98912       0.41618 0.63184 0.83884   0.00022 0.04298   0.839 0.416 0.552 0.720 
0.51215  98710       0.41594 0.63124 0.83812   0.00022 0.04319   0.838 0.416 0.551 0.719 
0.51315  98508       0.41594 0.63065 0.83738   0.00022 0.04340   0.837 0.416 0.551 0.718 
0.51415  98306       0.41594 0.63002 0.83648   0.00022 0.04366   0.836 0.416 0.550 0.717 
0.51515  98104       0.41579 0.62930 0.83550   0.00022 0.04394   0.836 0.416 0.550 0.716 
0.51615  97902       0.41500 0.62847 0.83457   0.00022 0.04420   0.835 0.415 0.549 0.715 
0.51714  97700       0.41430 0.62760 0.83367   0.00022 0.04446   0.834 0.414 0.548 0.714 
0.51814  97498       0.41398 0.62691 0.83267   0.00022 0.04475   0.833 0.414 0.548 0.713 
0.51914  97296       0.41272 0.62596 0.83176   0.00022 0.04501   0.832 0.413 0.548 0.712 
0.52014  97094       0.41249 0.62531 0.83095   0.00022 0.04524   0.831 0.412 0.547 0.711 
0.52114  96892       0.41202 0.62465 0.83007   0.00022 0.04549   0.830 0.412 0.547 0.710 
0.52214  96690       0.41115 0.62381 0.82912   0.00022 0.04577   0.829 0.411 0.546 0.709 
0.52313  96488       0.41053 0.62295 0.82816   0.00022 0.04604   0.828 0.411 0.546 0.707 
0.52413  96286       0.40951 0.62201 0.82712   0.00022 0.04634   0.827 0.410 0.545 0.706 
0.52513  96084       0.40911 0.62125 0.82621   0.00022 0.04661   0.826 0.409 0.544 0.705 
0.52613  95882       0.40896 0.62044 0.82513   0.00022 0.04692   0.825 0.409 0.544 0.704 
0.52713  95680       0.40872 0.61973 0.82419   0.00022 0.04719   0.824 0.409 0.543 0.703 
0.52813  95478       0.40848 0.61905 0.82325   0.00022 0.04746   0.823 0.408 0.543 0.702 
0.52912  95276       0.40817 0.61829 0.82239   0.00022 0.04771   0.822 0.408 0.542 0.701 
0.53012  95074       0.40715 0.61734 0.82141   0.00022 0.04799   0.821 0.407 0.541 0.700 
0.53112  94872       0.40660 0.61645 0.82030   0.00022 0.04832   0.820 0.407 0.541 0.698 
0.53212  94670       0.40597 0.61553 0.81919   0.00022 0.04864   0.819 0.406 0.540 0.697 
0.53312  94468       0.40558 0.61481 0.81826   0.00022 0.04891   0.818 0.406 0.539 0.696 
0.53412  94266       0.40495 0.61405 0.81727   0.00022 0.04919   0.817 0.405 0.539 0.695 
0.53511  94064       0.40432 0.61321 0.81626   0.00022 0.04949   0.816 0.404 0.538 0.694 
0.53611  93862       0.40330 0.61231 0.81519   0.00022 0.04980   0.815 0.403 0.538 0.693 
0.53711  93660       0.40275 0.61136 0.81413   0.00023 0.05011   0.814 0.403 0.537 0.691 
0.53811  93458       0.40228 0.61055 0.81302   0.00023 0.05044   0.813 0.402 0.537 0.690 
0.53911  93256       0.40157 0.60962 0.81200   0.00023 0.05073   0.812 0.402 0.536 0.689 
0.54011  93054       0.40095 0.60875 0.81095   0.00023 0.05104   0.811 0.401 0.535 0.688 
0.54110  92852       0.40055 0.60799 0.81002   0.00023 0.05131   0.810 0.401 0.535 0.687 
0.54210  92650       0.40008 0.60728 0.80904   0.00023 0.05160   0.809 0.400 0.534 0.686 
0.54310  92448       0.39898 0.60632 0.80795   0.00023 0.05192   0.808 0.399 0.534 0.684 
0.54410  92246       0.39804 0.60535 0.80680   0.00023 0.05226   0.807 0.398 0.533 0.683 
0.54510  92044       0.39718 0.60437 0.80573   0.00023 0.05257   0.806 0.397 0.532 0.682 
0.54610  91842       0.39608 0.60342 0.80472   0.00023 0.05287   0.805 0.396 0.532 0.681 
0.54709  91640       0.39545 0.60252 0.80362   0.00023 0.05319   0.804 0.395 0.531 0.680 
0.54809  91438       0.39443 0.60154 0.80260   0.00023 0.05349   0.803 0.394 0.531 0.679 
0.54909  91236       0.39364 0.60055 0.80144   0.00023 0.05383   0.801 0.394 0.530 0.677 
0.55009  91034       0.39325 0.59979 0.80035   0.00023 0.05416   0.800 0.393 0.529 0.676 
0.55109  90832       0.39270 0.59891 0.79920   0.00023 0.05449   0.799 0.393 0.529 0.675 
0.55209  90630       0.39215 0.59815 0.79819   0.00023 0.05479   0.798 0.392 0.528 0.674 
0.55308  90428       0.39176 0.59741 0.79719   0.00023 0.05509   0.797 0.392 0.528 0.673 
0.55408  90226       0.39089 0.59649 0.79617   0.00023 0.05539   0.796 0.391 0.527 0.672 
0.55508  90024       0.38987 0.59557 0.79514   0.00023 0.05570   0.795 0.390 0.527 0.670 
0.55608  89822       0.38917 0.59473 0.79403   0.00023 0.05603   0.794 0.389 0.526 0.669 
0.55708  89620       0.38830 0.59385 0.79291   0.00023 0.05636   0.793 0.388 0.526 0.668 
0.55808  89418       0.38760 0.59295 0.79179   0.00023 0.05669   0.792 0.388 0.526 0.667 
0.55907  89216       0.38665 0.59208 0.79081   0.00023 0.05699   0.791 0.387 0.525 0.666 
0.56007  89014       0.38603 0.59118 0.78977   0.00023 0.05730   0.790 0.386 0.524 0.665 
0.56107  88812       0.38540 0.59032 0.78870   0.00023 0.05762   0.789 0.385 0.524 0.663 
0.56207  88610       0.38493 0.58947 0.78747   0.00023 0.05798   0.787 0.385 0.523 0.662 
0.56307  88408       0.38422 0.58869 0.78632   0.00023 0.05833   0.786 0.384 0.523 0.661 
0.56407  88206       0.38296 0.58764 0.78514   0.00023 0.05868   0.785 0.383 0.523 0.660 
0.56506  88004       0.38241 0.58683 0.78407   0.00023 0.05900   0.784 0.382 0.522 0.659 
0.56606  87802       0.38147 0.58581 0.78289   0.00023 0.05936   0.783 0.381 0.522 0.657 
0.56706  87600       0.38061 0.58485 0.78168   0.00023 0.05972   0.782 0.381 0.521 0.656 
0.56806  87398       0.37974 0.58381 0.78051   0.00023 0.06007   0.781 0.380 0.520 0.655 
0.56906  87196       0.37849 0.58268 0.77935   0.00023 0.06042   0.779 0.378 0.519 0.654 
0.57006  86994       0.37833 0.58205 0.77823   0.00023 0.06076   0.778 0.378 0.519 0.652 
0.57105  86792       0.37786 0.58123 0.77707   0.00023 0.06111   0.777 0.378 0.519 0.651 
0.57205  86590       0.37637 0.58014 0.77589   0.00023 0.06147   0.776 0.376 0.518 0.650 
0.57305  86388       0.37480 0.57886 0.77458   0.00023 0.06186   0.775 0.375 0.517 0.649 
0.57405  86186       0.37409 0.57792 0.77344   0.00023 0.06221   0.773 0.374 0.517 0.647 
0.57505  85984       0.37291 0.57695 0.77229   0.00023 0.06256   0.772 0.373 0.516 0.646 
0.57605  85782       0.37095 0.57571 0.77116   0.00023 0.06290   0.771 0.371 0.516 0.645 
0.57704  85580       0.36891 0.57440 0.76993   0.00023 0.06327   0.770 0.369 0.515 0.644 
0.57804  85378       0.36836 0.57350 0.76871   0.00023 0.06365   0.769 0.368 0.514 0.643 
0.57904  85176       0.36726 0.57247 0.76740   0.00023 0.06405   0.767 0.367 0.514 0.641 
0.58004  84974       0.36640 0.57154 0.76630   0.00023 0.06438   0.766 0.366 0.513 0.640 
0.58104  84772       0.36537 0.57054 0.76506   0.00023 0.06476   0.765 0.365 0.513 0.639 
0.58204  84570       0.36451 0.56953 0.76388   0.00023 0.06512   0.764 0.365 0.512 0.638 
0.58303  84368       0.36302 0.56831 0.76257   0.00024 0.06552   0.763 0.363 0.511 0.636 
0.58403  84166       0.36145 0.56713 0.76135   0.00024 0.06590   0.761 0.361 0.511 0.635 
0.58503  83964       0.36027 0.56605 0.76013   0.00024 0.06627   0.760 0.360 0.510 0.634 
0.58603  83762       0.35948 0.56529 0.75919   0.00024 0.06656   0.759 0.359 0.510 0.633 
0.58703  83560       0.35870 0.56433 0.75794   0.00024 0.06694   0.758 0.359 0.509 0.632 
0.58803  83358       0.35752 0.56316 0.75664   0.00024 0.06734   0.757 0.358 0.508 0.630 
0.58902  83156       0.35689 0.56236 0.75544   0.00024 0.06771   0.755 0.357 0.508 0.629 
0.59002  82954       0.35603 0.56133 0.75410   0.00024 0.06813   0.754 0.356 0.507 0.628 
0.59102  82752       0.35524 0.56036 0.75282   0.00024 0.06852   0.753 0.355 0.507 0.627 
0.59202  82550       0.35360 0.55919 0.75154   0.00024 0.06892   0.752 0.354 0.506 0.625 
0.59302  82348       0.35257 0.55810 0.75017   0.00024 0.06934   0.750 0.353 0.506 0.624 
0.59402  82146       0.35124 0.55695 0.74885   0.00024 0.06975   0.749 0.351 0.505 0.623 
0.59501  81944       0.35045 0.55600 0.74755   0.00024 0.07016   0.748 0.350 0.505 0.621 
0.59601  81742       0.34967 0.55507 0.74625   0.00024 0.07056   0.746 0.350 0.504 0.620 
0.59701  81540       0.34833 0.55387 0.74501   0.00024 0.07095   0.745 0.348 0.503 0.619 
0.59801  81338       0.34684 0.55260 0.74366   0.00024 0.07137   0.744 0.347 0.502 0.618 
0.59901  81136       0.34559 0.55155 0.74250   0.00024 0.07173   0.743 0.346 0.502 0.616 
0.60001  80934       0.34425 0.55035 0.74113   0.00024 0.07216   0.741 0.344 0.501 0.615 
0.60100  80732       0.34315 0.54921 0.73973   0.00024 0.07260   0.740 0.343 0.500 0.614 
0.60200  80530       0.34150 0.54791 0.73840   0.00024 0.07301   0.738 0.342 0.499 0.612 
0.60300  80328       0.34009 0.54668 0.73701   0.00024 0.07345   0.737 0.340 0.499 0.611 
0.60400  80126       0.33860 0.54558 0.73571   0.00024 0.07386   0.736 0.339 0.498 0.610 
0.60500  79924       0.33687 0.54437 0.73434   0.00024 0.07429   0.734 0.337 0.498 0.609 
0.60600  79722       0.33546 0.54309 0.73285   0.00024 0.07476   0.733 0.335 0.497 0.607 
0.60699  79520       0.33420 0.54194 0.73151   0.00024 0.07519   0.732 0.334 0.496 0.606 
0.60799  79318       0.33263 0.54081 0.73022   0.00024 0.07559   0.730 0.333 0.496 0.605 
0.60899  79116       0.33067 0.53951 0.72891   0.00024 0.07601   0.729 0.331 0.495 0.603 
0.60999  78914       0.32980 0.53847 0.72747   0.00024 0.07646   0.727 0.330 0.495 0.602 
0.61099  78712       0.32839 0.53727 0.72611   0.00025 0.07690   0.726 0.328 0.494 0.601 
0.61199  78510       0.32729 0.53616 0.72476   0.00025 0.07732   0.725 0.327 0.493 0.599 
0.61298  78308       0.32674 0.53524 0.72339   0.00025 0.07776   0.723 0.327 0.493 0.598 
0.61398  78106       0.32564 0.53412 0.72191   0.00025 0.07824   0.722 0.326 0.492 0.597 
0.61498  77904       0.32517 0.53316 0.72043   0.00025 0.07871   0.720 0.325 0.492 0.595 
0.61598  77702       0.32423 0.53212 0.71912   0.00025 0.07912   0.719 0.324 0.491 0.594 
0.61698  77500       0.32376 0.53113 0.71756   0.00025 0.07963   0.718 0.324 0.491 0.592 
0.61798  77298       0.32274 0.53008 0.71611   0.00025 0.08009   0.716 0.323 0.490 0.591 
0.61897  77096       0.32077 0.52879 0.71466   0.00025 0.08056   0.715 0.321 0.490 0.590 
0.61997  76894       0.32007 0.52771 0.71320   0.00025 0.08103   0.713 0.320 0.489 0.588 
0.62097  76692       0.31889 0.52651 0.71179   0.00025 0.08148   0.712 0.319 0.488 0.587 
0.62197  76490       0.31779 0.52530 0.71037   0.00025 0.08194   0.710 0.318 0.487 0.586 
0.62297  76288       0.31740 0.52419 0.70887   0.00025 0.08242   0.709 0.317 0.486 0.584 
0.62397  76086       0.31692 0.52331 0.70749   0.00025 0.08287   0.707 0.317 0.486 0.583 
0.62496  75884       0.31606 0.52227 0.70608   0.00025 0.08333   0.706 0.316 0.485 0.582 
0.62596  75682       0.31543 0.52116 0.70464   0.00025 0.08380   0.705 0.315 0.484 0.580 
0.62696  75480       0.31488 0.52011 0.70302   0.00025 0.08432   0.703 0.315 0.484 0.579 
0.62796  75278       0.31402 0.51906 0.70161   0.00025 0.08478   0.702 0.314 0.483 0.577 
0.62896  75076       0.31308 0.51798 0.70014   0.00025 0.08526   0.700 0.313 0.483 0.576 
0.62996  74874       0.31096 0.51652 0.69867   0.00025 0.08574   0.699 0.311 0.482 0.575 
0.63095  74672       0.31033 0.51548 0.69706   0.00025 0.08627   0.697 0.310 0.481 0.573 
0.63195  74470       0.30962 0.51427 0.69564   0.00025 0.08674   0.696 0.310 0.480 0.572 
0.63295  74268       0.30892 0.51323 0.69411   0.00025 0.08724   0.694 0.309 0.479 0.570 
0.63395  74066       0.30844 0.51222 0.69250   0.00025 0.08777   0.693 0.308 0.479 0.569 
0.63495  73864       0.30782 0.51110 0.69080   0.00025 0.08833   0.691 0.308 0.478 0.567 
0.63595  73662       0.30734 0.51019 0.68936   0.00025 0.08880   0.689 0.307 0.478 0.566 
0.63694  73460       0.30687 0.50919 0.68784   0.00025 0.08931   0.688 0.307 0.477 0.565 
0.63794  73258       0.30609 0.50819 0.68635   0.00025 0.08980   0.686 0.306 0.477 0.563 
0.63894  73056       0.30570 0.50714 0.68481   0.00025 0.09031   0.685 0.306 0.476 0.562 
0.63994  72854       0.30515 0.50609 0.68327   0.00025 0.09082   0.683 0.305 0.475 0.561 
0.64094  72652       0.30452 0.50502 0.68167   0.00025 0.09136   0.682 0.305 0.475 0.559 
0.64194  72450       0.30381 0.50396 0.68018   0.00025 0.09185   0.680 0.304 0.474 0.558 
0.64293  72248       0.30334 0.50267 0.67850   0.00025 0.09241   0.679 0.303 0.473 0.556 
0.64393  72046       0.30310 0.50161 0.67690   0.00026 0.09295   0.677 0.303 0.472 0.555 
0.64493  71844       0.30279 0.50064 0.67522   0.00026 0.09351   0.675 0.303 0.471 0.553 
0.64593  71642       0.30216 0.49953 0.67364   0.00026 0.09404   0.674 0.302 0.471 0.552 
0.64693  71440       0.30193 0.49857 0.67213   0.00026 0.09455   0.672 0.302 0.470 0.550 
0.64793  71238       0.30114 0.49751 0.67062   0.00026 0.09506   0.671 0.301 0.469 0.549 
0.64892  71036       0.30083 0.49695 0.66990   0.00026 0.09530   0.670 0.301 0.469 0.548 
0.64992  70834       0.30036 0.49594 0.66837   0.00026 0.09582   0.668 0.300 0.468 0.547 
0.65092  70632       0.29965 0.49491 0.66686   0.00026 0.09633   0.667 0.300 0.468 0.545 
0.65192  70430       0.29839 0.49369 0.66519   0.00026 0.09690   0.665 0.298 0.467 0.544 
0.65292  70228       0.29769 0.49259 0.66358   0.00026 0.09744   0.664 0.298 0.467 0.542 
0.65392  70026       0.29769 0.49151 0.66173   0.00026 0.09808   0.662 0.298 0.466 0.541 
0.65491  69824       0.29753 0.49070 0.66032   0.00026 0.09856   0.660 0.298 0.465 0.539 
0.65591  69622       0.29714 0.48969 0.65874   0.00026 0.09910   0.659 0.297 0.465 0.538 
0.65691  69420       0.29651 0.48852 0.65715   0.00026 0.09964   0.657 0.297 0.464 0.537 
0.65791  69218       0.29502 0.48719 0.65556   0.00026 0.10019   0.656 0.295 0.463 0.535 
0.65891  69016       0.29462 0.48618 0.65396   0.00026 0.10073   0.654 0.295 0.462 0.534 
0.65991  68814       0.29431 0.48516 0.65225   0.00026 0.10132   0.652 0.294 0.462 0.532 
0.66090  68612       0.29352 0.48409 0.65079   0.00026 0.10183   0.651 0.294 0.461 0.531 
0.66190  68410       0.29297 0.48308 0.64913   0.00026 0.10240   0.649 0.293 0.461 0.529 
0.66290  68208       0.29211 0.48195 0.64750   0.00026 0.10296   0.648 0.292 0.460 0.528 
0.66390  68006       0.29156 0.48089 0.64593   0.00026 0.10351   0.646 0.292 0.460 0.527 
0.66490  67804       0.29078 0.47977 0.64420   0.00026 0.10411   0.644 0.291 0.459 0.525 
0.66590  67602       0.29023 0.47873 0.64259   0.00026 0.10467   0.643 0.290 0.458 0.524 
0.66689  67400       0.28960 0.47763 0.64093   0.00026 0.10525   0.641 0.290 0.458 0.522 
0.66789  67198       0.28905 0.47650 0.63937   0.00026 0.10579   0.639 0.289 0.457 0.521 
0.66889  66996       0.28858 0.47551 0.63774   0.00026 0.10636   0.638 0.289 0.456 0.519 
0.66989  66794       0.28795 0.47436 0.63614   0.00026 0.10692   0.636 0.288 0.456 0.518 
0.67089  66592       0.28748 0.47344 0.63450   0.00026 0.10750   0.635 0.287 0.455 0.516 
0.67189  66390       0.28654 0.47234 0.63295   0.00026 0.10805   0.633 0.287 0.455 0.515 
0.67288  66188       0.28591 0.47127 0.63129   0.00026 0.10863   0.631 0.286 0.454 0.514 
0.67388  65986       0.28551 0.47019 0.62962   0.00026 0.10922   0.630 0.286 0.454 0.512 
0.67488  65784       0.28465 0.46894 0.62782   0.00026 0.10986   0.628 0.285 0.453 0.511 
0.67588  65582       0.28426 0.46791 0.62612   0.00026 0.11046   0.626 0.284 0.452 0.509 
0.67688  65380       0.28355 0.46681 0.62453   0.00026 0.11103   0.625 0.284 0.452 0.508 
0.67788  65178       0.28300 0.46572 0.62277   0.00026 0.11165   0.623 0.283 0.451 0.506 
0.67887  64976       0.28206 0.46449 0.62099   0.00026 0.11229   0.621 0.282 0.450 0.505 
0.67987  64774       0.28159 0.46345 0.61920   0.00027 0.11293   0.619 0.282 0.450 0.503 
0.68087  64572       0.28159 0.46235 0.61703   0.00027 0.11371   0.617 0.282 0.450 0.501 
0.68187  64370       0.28159 0.46138 0.61499   0.00027 0.11444   0.615 0.282 0.449 0.500 
0.68287  64168       0.28120 0.46049 0.61355   0.00027 0.11496   0.614 0.281 0.449 0.498 
0.68387  63966       0.28104 0.45947 0.61174   0.00027 0.11561   0.612 0.281 0.448 0.497 
0.68486  63764       0.28080 0.45849 0.61000   0.00027 0.11624   0.610 0.281 0.448 0.495 
0.68586  63562       0.28025 0.45744 0.60822   0.00027 0.11689   0.608 0.280 0.448 0.494 
0.68686  63360       0.27963 0.45623 0.60646   0.00027 0.11753   0.606 0.280 0.447 0.492 
0.68786  63158       0.27947 0.45510 0.60465   0.00027 0.11819   0.605 0.279 0.446 0.491 
0.68886  62956       0.27923 0.45413 0.60288   0.00027 0.11884   0.603 0.279 0.445 0.489 
0.68986  62754       0.27892 0.45309 0.60112   0.00027 0.11948   0.601 0.279 0.445 0.488 
0.69085  62552       0.27782 0.45187 0.59952   0.00027 0.12006   0.600 0.278 0.444 0.486 
0.69185  62350       0.27696 0.45070 0.59774   0.00027 0.12072   0.598 0.277 0.444 0.485 
0.69285  62148       0.27648 0.44959 0.59594   0.00027 0.12138   0.596 0.276 0.443 0.483 
0.69385  61946       0.27578 0.44850 0.59424   0.00027 0.12201   0.594 0.276 0.442 0.482 
0.69485  61744       0.27546 0.44756 0.59247   0.00027 0.12266   0.592 0.275 0.442 0.480 
0.69585  61542       0.27491 0.44652 0.59075   0.00027 0.12330   0.591 0.275 0.442 0.479 
0.69684  61340       0.27413 0.44514 0.58880   0.00027 0.12403   0.589 0.274 0.441 0.477 
0.69784  61138       0.27342 0.44399 0.58696   0.00027 0.12471   0.587 0.273 0.440 0.475 
0.69884  60936       0.27232 0.44271 0.58520   0.00027 0.12537   0.585 0.272 0.439 0.474 
0.69984  60734       0.27146 0.44151 0.58344   0.00027 0.12603   0.583 0.271 0.439 0.472 
0.70084  60532       0.27091 0.44050 0.58171   0.00027 0.12667   0.582 0.271 0.439 0.471 
0.70184  60330       0.27036 0.43935 0.58004   0.00027 0.12730   0.580 0.270 0.438 0.469 
0.70283  60128       0.27012 0.43857 0.57900   0.00027 0.12769   0.579 0.270 0.437 0.468 
0.70383  59926       0.27012 0.43780 0.57843   0.00027 0.12791   0.578 0.270 0.435 0.467 
0.70483  59724       0.26957 0.43667 0.57667   0.00027 0.12857   0.577 0.270 0.435 0.466 
0.70583  59522       0.26793 0.43520 0.57505   0.00027 0.12918   0.575 0.268 0.433 0.464 
0.70683  59320       0.26753 0.43412 0.57322   0.00027 0.12988   0.573 0.268 0.433 0.463 
0.70783  59118       0.26722 0.43324 0.57165   0.00027 0.13047   0.572 0.267 0.433 0.461 
0.70882  58916       0.26698 0.43217 0.56982   0.00027 0.13117   0.570 0.267 0.432 0.460 
0.70982  58714       0.26620 0.43084 0.56801   0.00027 0.13186   0.568 0.266 0.431 0.458 
0.71082  58512       0.26549 0.42980 0.56632   0.00027 0.13251   0.566 0.265 0.431 0.457 
0.71182  58310       0.25984 0.42762 0.56546   0.00028 0.13284   0.565 0.260 0.429 0.456 
0.71282  58108       0.25662 0.42597 0.56415   0.00028 0.13334   0.564 0.257 0.428 0.455 
0.71382  57906       0.25568 0.42495 0.56258   0.00028 0.13394   0.563 0.256 0.428 0.453 
0.71481  57704       0.24570 0.42107 0.56163   0.00028 0.13431   0.562 0.246 0.425 0.452 
0.71581  57502       0.23974 0.41874 0.56092   0.00028 0.13458   0.561 0.240 0.423 0.452 
0.71681  57300       0.23950 0.41793 0.55961   0.00028 0.13509   0.560 0.239 0.422 0.450 
0.71781  57098       0.23950 0.41696 0.55783   0.00028 0.13578   0.558 0.239 0.422 0.449 
0.71881  56896       0.23864 0.41594 0.55627   0.00028 0.13638   0.556 0.239 0.421 0.447 
0.71981  56694       0.23832 0.41498 0.55464   0.00028 0.13702   0.555 0.238 0.421 0.446 
0.72080  56492       0.23785 0.41395 0.55294   0.00028 0.13768   0.553 0.238 0.421 0.444 
0.72180  56290       0.23730 0.41289 0.55138   0.00028 0.13829   0.551 0.237 0.420 0.443 
0.72280  56088       0.23699 0.41192 0.54985   0.00028 0.13888   0.550 0.237 0.419 0.442 
0.72380  55886       0.23644 0.41096 0.54825   0.00028 0.13951   0.548 0.236 0.419 0.440 
0.72480  55684       0.23518 0.40968 0.54651   0.00028 0.14020   0.547 0.235 0.418 0.439 
0.72580  55482       0.23502 0.40894 0.54518   0.00028 0.14072   0.545 0.235 0.418 0.437 
0.72679  55280       0.23502 0.40868 0.54483   0.00028 0.14086   0.545 0.235 0.418 0.437 
0.72779  55078       0.23361 0.40763 0.54354   0.00028 0.14137   0.544 0.234 0.418 0.436 
0.72879  54876       0.23298 0.40652 0.54206   0.00028 0.14195   0.542 0.233 0.417 0.434 
0.72979  54674       0.23133 0.40530 0.54055   0.00029 0.14255   0.541 0.231 0.416 0.433 
0.73079  54472       0.23063 0.40430 0.53899   0.00029 0.14317   0.539 0.231 0.416 0.431 
0.73179  54270       0.23047 0.40338 0.53737   0.00029 0.14381   0.537 0.230 0.416 0.430 
0.73278  54068       0.23000 0.40252 0.53593   0.00029 0.14439   0.536 0.230 0.415 0.429 
0.73378  53866       0.22961 0.40164 0.53442   0.00029 0.14499   0.534 0.230 0.415 0.427 
0.73478  53664       0.22898 0.40071 0.53289   0.00029 0.14560   0.533 0.229 0.415 0.426 
0.73578  53462       0.22152 0.39782 0.53095   0.00029 0.14638   0.531 0.222 0.414 0.425 
0.73678  53260       0.21814 0.39632 0.52961   0.00029 0.14692   0.530 0.218 0.414 0.423 
0.73778  53058       0.21743 0.39523 0.52804   0.00029 0.14755   0.528 0.217 0.414 0.422 
0.73877  52856       0.21696 0.39436 0.52668   0.00029 0.14811   0.527 0.217 0.413 0.421 
0.73977  52654       0.21649 0.39341 0.52520   0.00029 0.14870   0.525 0.216 0.413 0.419 
0.74077  52452       0.21586 0.39242 0.52357   0.00029 0.14937   0.524 0.216 0.412 0.418 
0.74177  52250       0.21461 0.39121 0.52207   0.00029 0.14997   0.522 0.215 0.412 0.416 
0.74277  52048       0.21296 0.38990 0.52041   0.00029 0.15065   0.520 0.213 0.411 0.415 
0.74377  51846       0.21194 0.38866 0.51870   0.00029 0.15135   0.519 0.212 0.410 0.414 
0.74476  51644       0.21123 0.38760 0.51713   0.00029 0.15199   0.517 0.211 0.410 0.412 
0.74576  51442       0.20982 0.38651 0.51571   0.00029 0.15258   0.516 0.210 0.410 0.411 
0.74676  51240       0.20911 0.38538 0.51395   0.00029 0.15330   0.514 0.209 0.409 0.409 
0.74776  51038       0.20785 0.38413 0.51233   0.00029 0.15397   0.512 0.208 0.408 0.408 
0.74876  50836       0.20723 0.38322 0.51089   0.00029 0.15456   0.511 0.207 0.408 0.407 
0.74976  50634       0.20581 0.38213 0.50946   0.00029 0.15515   0.509 0.206 0.408 0.405 
0.75075  50432       0.20526 0.38120 0.50793   0.00029 0.15579   0.508 0.205 0.408 0.404 
0.75175  50230       0.20416 0.38016 0.50645   0.00029 0.15641   0.506 0.204 0.407 0.403 
0.75275  50028       0.20377 0.37938 0.50504   0.00029 0.15699   0.505 0.204 0.407 0.401 
0.75375  49826       0.20283 0.37835 0.50356   0.00030 0.15761   0.504 0.203 0.407 0.400 
0.75475  49624       0.20228 0.37756 0.50236   0.00030 0.15811   0.502 0.202 0.407 0.399 
0.75575  49422       0.20118 0.37654 0.50093   0.00030 0.15871   0.501 0.201 0.407 0.397 
0.75674  49220       0.20047 0.37561 0.49952   0.00030 0.15931   0.500 0.200 0.406 0.396 
0.75774  49018       0.20000 0.37470 0.49796   0.00030 0.15996   0.498 0.200 0.406 0.395 
0.75874  48816       0.19937 0.37382 0.49662   0.00030 0.16053   0.497 0.199 0.406 0.393 
0.75974  48614       0.19922 0.37301 0.49524   0.00030 0.16111   0.495 0.199 0.406 0.392 
0.76074  48412       0.19835 0.37197 0.49378   0.00030 0.16173   0.494 0.198 0.405 0.391 
0.76174  48210       0.19749 0.37104 0.49232   0.00030 0.16235   0.492 0.197 0.405 0.389 
0.76273  48008       0.19663 0.37004 0.49088   0.00030 0.16296   0.491 0.197 0.405 0.388 
0.76373  47806       0.19576 0.36904 0.48940   0.00030 0.16360   0.489 0.196 0.404 0.387 
0.76473  47604       0.19490 0.36802 0.48794   0.00030 0.16422   0.488 0.195 0.404 0.385 
0.76573  47402       0.19435 0.36715 0.48650   0.00030 0.16484   0.486 0.194 0.404 0.384 
0.76673  47200       0.19435 0.36679 0.48598   0.00030 0.16506   0.486 0.194 0.404 0.383 
0.76773  46998       0.19435 0.36642 0.48540   0.00030 0.16531   0.485 0.194 0.404 0.382 
0.76872  46796       0.19309 0.36519 0.48362   0.00030 0.16608   0.484 0.193 0.403 0.381 
0.76972  46594       0.19215 0.36425 0.48220   0.00030 0.16669   0.482 0.192 0.403 0.379 
0.77072  46392       0.19105 0.36323 0.48089   0.00030 0.16726   0.481 0.191 0.403 0.378 
0.77172  46190       0.19089 0.36281 0.48023   0.00030 0.16754   0.480 0.191 0.403 0.377 
0.77272  45988       0.18987 0.36220 0.47969   0.00030 0.16778   0.480 0.190 0.403 0.376 
0.77372  45786       0.18932 0.36131 0.47822   0.00030 0.16841   0.478 0.189 0.403 0.375 
0.77471  45584       0.18877 0.36034 0.47669   0.00030 0.16908   0.477 0.189 0.402 0.374 
0.77571  45382       0.18822 0.35937 0.47523   0.00030 0.16972   0.475 0.188 0.402 0.372 
0.77671  45180       0.18752 0.35839 0.47373   0.00030 0.17037   0.474 0.188 0.401 0.371 
0.77771  44978       0.18579 0.35709 0.47207   0.00030 0.17110   0.472 0.186 0.401 0.369 
0.77871  44776       0.18579 0.35610 0.47009   0.00030 0.17197   0.470 0.186 0.401 0.368 
0.77971  44574       0.18485 0.35514 0.46869   0.00030 0.17259   0.469 0.185 0.401 0.366 
0.78070  44372       0.18414 0.35421 0.46719   0.00030 0.17325   0.467 0.184 0.400 0.365 
0.78170  44170       0.18335 0.35322 0.46576   0.00030 0.17388   0.466 0.183 0.400 0.364 
0.78270  43968       0.18257 0.35224 0.46426   0.00030 0.17455   0.464 0.183 0.400 0.362 
0.78370  43766       0.18210 0.35124 0.46256   0.00030 0.17531   0.463 0.182 0.399 0.361 
0.78470  43564       0.18139 0.35030 0.46112   0.00030 0.17595   0.461 0.181 0.399 0.360 
0.78570  43362       0.18084 0.34930 0.45949   0.00030 0.17668   0.459 0.181 0.399 0.358 
0.78669  43160       0.18053 0.34839 0.45788   0.00030 0.17740   0.458 0.181 0.398 0.357 
0.78769  42958       0.17990 0.34739 0.45628   0.00030 0.17812   0.456 0.180 0.398 0.355 
0.78869  42756       0.17904 0.34634 0.45465   0.00030 0.17886   0.455 0.179 0.398 0.354 
0.78969  42554       0.17801 0.34519 0.45305   0.00030 0.17958   0.453 0.178 0.397 0.352 
0.79069  42352       0.17762 0.34418 0.45138   0.00031 0.18034   0.451 0.178 0.397 0.351 
0.79169  42150       0.17699 0.34319 0.44975   0.00031 0.18108   0.450 0.177 0.396 0.350 
0.79268  41948       0.17605 0.34210 0.44818   0.00031 0.18179   0.448 0.176 0.396 0.348 
0.79368  41746       0.17519 0.34102 0.44647   0.00031 0.18257   0.446 0.175 0.396 0.347 
0.79468  41544       0.17440 0.33993 0.44483   0.00031 0.18332   0.445 0.174 0.395 0.345 
0.79568  41342       0.17385 0.33903 0.44337   0.00031 0.18400   0.443 0.174 0.395 0.344 
0.79668  41140       0.17362 0.33836 0.44214   0.00031 0.18456   0.442 0.174 0.395 0.343 
0.79768  40938       0.17291 0.33725 0.44036   0.00031 0.18538   0.440 0.173 0.395 0.341 
0.79867  40736       0.17244 0.33627 0.43872   0.00031 0.18615   0.439 0.172 0.394 0.340 
0.79967  40534       0.17189 0.33531 0.43712   0.00031 0.18689   0.437 0.172 0.394 0.338 
0.80067  40332       0.17118 0.33425 0.43533   0.00031 0.18772   0.435 0.171 0.394 0.337 
0.80167  40130       0.17001 0.33309 0.43348   0.00031 0.18859   0.433 0.170 0.394 0.335 
0.80267  39928       0.16938 0.33206 0.43181   0.00031 0.18937   0.432 0.169 0.393 0.334 
0.80367  39726       0.16781 0.33085 0.43034   0.00031 0.19006   0.430 0.168 0.393 0.332 
0.80466  39524       0.16741 0.32992 0.42869   0.00031 0.19084   0.429 0.167 0.393 0.331 
0.80566  39322       0.16647 0.32878 0.42698   0.00031 0.19165   0.427 0.166 0.392 0.329 
0.80666  39120       0.16577 0.32767 0.42518   0.00031 0.19250   0.425 0.166 0.392 0.328 
0.80766  38918       0.16537 0.32669 0.42349   0.00031 0.19330   0.423 0.165 0.392 0.326 
0.80866  38716       0.16490 0.32563 0.42162   0.00031 0.19419   0.422 0.165 0.391 0.325 
0.80966  38514       0.16396 0.32450 0.41990   0.00031 0.19502   0.420 0.164 0.391 0.323 
0.81065  38312       0.16247 0.32320 0.41823   0.00031 0.19582   0.418 0.162 0.390 0.322 
0.81165  38110       0.16184 0.32212 0.41645   0.00031 0.19668   0.416 0.162 0.390 0.320 
0.81265  37908       0.16129 0.32118 0.41480   0.00031 0.19747   0.415 0.161 0.390 0.319 
0.81365  37706       0.16074 0.32015 0.41303   0.00031 0.19833   0.413 0.161 0.389 0.317 
0.81465  37504       0.16011 0.31899 0.41118   0.00031 0.19923   0.411 0.160 0.389 0.316 
0.81565  37302       0.15972 0.31801 0.40941   0.00031 0.20009   0.409 0.160 0.389 0.314 
0.81664  37100       0.15901 0.31687 0.40759   0.00032 0.20098   0.408 0.159 0.388 0.313 
0.81764  36898       0.15838 0.31581 0.40580   0.00032 0.20186   0.406 0.158 0.388 0.311 
0.81864  36696       0.15776 0.31455 0.40388   0.00032 0.20281   0.404 0.158 0.387 0.310 
0.81964  36494       0.15642 0.31332 0.40204   0.00032 0.20372   0.402 0.156 0.387 0.308 
0.82064  36292       0.15603 0.31223 0.40008   0.00032 0.20469   0.400 0.156 0.386 0.306 
0.82164  36090       0.15579 0.31133 0.39834   0.00032 0.20556   0.398 0.156 0.386 0.305 
0.82263  35888       0.15571 0.31082 0.39747   0.00032 0.20599   0.397 0.156 0.386 0.304 
0.82363  35686       0.15485 0.30961 0.39547   0.00032 0.20699   0.395 0.155 0.386 0.302 
0.82463  35484       0.15422 0.30844 0.39369   0.00032 0.20788   0.394 0.154 0.385 0.301 
0.82563  35282       0.15273 0.30724 0.39200   0.00032 0.20874   0.392 0.153 0.385 0.299 
0.82663  35080       0.15187 0.30608 0.39012   0.00032 0.20969   0.390 0.152 0.385 0.298 
0.82763  34878       0.15140 0.30502 0.38826   0.00032 0.21063   0.388 0.151 0.384 0.296 
0.82862  34676       0.15092 0.30395 0.38639   0.00032 0.21158   0.386 0.151 0.384 0.295 
0.82962  34474       0.15037 0.30288 0.38461   0.00032 0.21249   0.385 0.150 0.384 0.293 
0.83062  34272       0.14967 0.30180 0.38271   0.00032 0.21346   0.383 0.150 0.383 0.291 
0.83162  34070       0.14912 0.30072 0.38088   0.00032 0.21441   0.381 0.149 0.383 0.290 
0.83262  33868       0.14888 0.29979 0.37906   0.00032 0.21535   0.379 0.149 0.383 0.288 
0.83362  33666       0.14849 0.29878 0.37732   0.00032 0.21625   0.377 0.148 0.383 0.287 
0.83461  33464       0.14794 0.29771 0.37548   0.00032 0.21721   0.375 0.148 0.382 0.285 
0.83561  33262       0.14747 0.29671 0.37372   0.00032 0.21813   0.374 0.147 0.382 0.284 
0.83661  33060       0.14684 0.29562 0.37187   0.00032 0.21909   0.372 0.147 0.382 0.282 
0.83761  32858       0.14653 0.29459 0.36991   0.00032 0.22013   0.370 0.147 0.381 0.280 
0.83861  32656       0.14598 0.29354 0.36814   0.00032 0.22106   0.368 0.146 0.381 0.279 
0.83961  32454       0.14527 0.29240 0.36619   0.00032 0.22210   0.366 0.145 0.381 0.277 
0.84060  32252       0.14496 0.29141 0.36429   0.00033 0.22310   0.364 0.145 0.381 0.276 
0.84160  32050       0.14401 0.29024 0.36229   0.00033 0.22417   0.362 0.144 0.381 0.274 
0.84260  31848       0.14362 0.28918 0.36032   0.00033 0.22523   0.360 0.144 0.380 0.272 
0.84360  31646       0.13349 0.28561 0.35798   0.00033 0.22649   0.358 0.133 0.380 0.271 
0.84460  31444       0.12611 0.28275 0.35602   0.00033 0.22755   0.356 0.126 0.379 0.269 
0.84560  31242       0.12587 0.28181 0.35426   0.00033 0.22851   0.354 0.126 0.379 0.268 
0.84659  31040       0.12525 0.28075 0.35243   0.00033 0.22951   0.352 0.125 0.379 0.266 
0.84759  30838       0.12430 0.27950 0.35052   0.00033 0.23056   0.351 0.124 0.378 0.265 
0.84859  30636       0.12399 0.27849 0.34857   0.00033 0.23163   0.349 0.124 0.378 0.263 
0.84959  30434       0.12305 0.27727 0.34655   0.00033 0.23274   0.347 0.123 0.378 0.261 
0.85059  30232       0.12258 0.27619 0.34454   0.00034 0.23386   0.345 0.123 0.378 0.260 
0.85158  30030       0.12234 0.27520 0.34259   0.00034 0.23494   0.343 0.122 0.378 0.258 
0.85258  29828       0.12163 0.27404 0.34062   0.00034 0.23605   0.341 0.122 0.377 0.257 
0.85358  29626       0.12140 0.27307 0.33873   0.00034 0.23711   0.339 0.121 0.377 0.255 
0.85458  29424       0.12108 0.27202 0.33676   0.00034 0.23822   0.337 0.121 0.377 0.253 
0.85558  29222       0.12006 0.27082 0.33486   0.00034 0.23930   0.335 0.120 0.377 0.252 
0.85658  29020       0.11967 0.26979 0.33294   0.00034 0.24039   0.333 0.120 0.376 0.250 
0.85757  28818       0.11834 0.26858 0.33129   0.00034 0.24133   0.331 0.118 0.376 0.249 
0.85857  28616       0.11779 0.26753 0.32941   0.00034 0.24241   0.329 0.118 0.376 0.247 
0.85957  28414       0.11739 0.26644 0.32755   0.00034 0.24348   0.328 0.117 0.375 0.246 
0.86057  28212       0.11661 0.26531 0.32559   0.00034 0.24461   0.326 0.117 0.375 0.244 
0.86157  28010       0.11598 0.26424 0.32384   0.00034 0.24564   0.324 0.116 0.375 0.242 
0.86257  27808       0.11543 0.26318 0.32193   0.00034 0.24675   0.322 0.115 0.375 0.241 
0.86356  27606       0.11465 0.26203 0.31993   0.00034 0.24792   0.320 0.115 0.374 0.239 
0.86456  27404       0.11417 0.26086 0.31793   0.00034 0.24910   0.318 0.114 0.374 0.237 
0.86556  27202       0.11355 0.25975 0.31596   0.00034 0.25027   0.316 0.114 0.374 0.236 
0.86656  27000       0.11292 0.25858 0.31382   0.00034 0.25154   0.314 0.113 0.373 0.234 
0.86756  26798       0.11190 0.25727 0.31166   0.00034 0.25283   0.312 0.112 0.373 0.232 
0.86856  26596       0.11143 0.25622 0.30970   0.00034 0.25401   0.310 0.111 0.373 0.231 
0.86955  26394       0.11103 0.25511 0.30755   0.00035 0.25531   0.308 0.111 0.373 0.229 
0.87055  26192       0.11064 0.25398 0.30529   0.00035 0.25668   0.305 0.111 0.373 0.227 
0.87155  25990       0.10993 0.25274 0.30310   0.00035 0.25801   0.303 0.110 0.372 0.226 
0.87255  25788       0.10899 0.25151 0.30097   0.00035 0.25932   0.301 0.109 0.372 0.224 
0.87355  25586       0.10805 0.25023 0.29887   0.00035 0.26062   0.299 0.108 0.372 0.222 
0.87455  25384       0.10758 0.24924 0.29706   0.00035 0.26174   0.297 0.108 0.372 0.221 
0.87554  25182       0.10679 0.24797 0.29489   0.00035 0.26309   0.295 0.107 0.371 0.219 
0.87654  24980       0.10624 0.24682 0.29276   0.00035 0.26443   0.293 0.106 0.371 0.217 
0.87754  24778       0.10601 0.24579 0.29066   0.00035 0.26575   0.291 0.106 0.371 0.216 
0.87854  24576       0.10569 0.24477 0.28868   0.00035 0.26700   0.289 0.106 0.371 0.214 
0.87954  24374       0.10514 0.24363 0.28646   0.00035 0.26841   0.286 0.105 0.371 0.212 
0.88054  24172       0.10467 0.24249 0.28436   0.00035 0.26976   0.284 0.105 0.370 0.210 
0.88153  23970       0.10397 0.24124 0.28209   0.00035 0.27122   0.282 0.104 0.370 0.209 
0.88253  23768       0.10365 0.24019 0.28003   0.00035 0.27255   0.280 0.104 0.370 0.207 
0.88353  23566       0.10271 0.23890 0.27788   0.00035 0.27395   0.278 0.103 0.370 0.205 
0.88453  23364       0.10240 0.23779 0.27571   0.00035 0.27538   0.276 0.102 0.369 0.204 
0.88553  23162       0.10240 0.23671 0.27354   0.00036 0.27680   0.274 0.102 0.369 0.202 
0.88653  22960       0.10216 0.23545 0.27113   0.00036 0.27840   0.271 0.102 0.368 0.200 
0.88752  22758       0.10185 0.23425 0.26899   0.00036 0.27983   0.269 0.102 0.368 0.198 
0.88852  22556       0.10169 0.23315 0.26678   0.00036 0.28132   0.267 0.102 0.368 0.197 
0.88952  22354       0.10161 0.23209 0.26461   0.00036 0.28278   0.265 0.102 0.367 0.195 
0.89052  22152       0.10122 0.23092 0.26230   0.00036 0.28435   0.262 0.101 0.367 0.193 
0.89152  21950       0.10098 0.22983 0.26016   0.00036 0.28582   0.260 0.101 0.367 0.191 
0.89252  21748       0.10028 0.22861 0.25790   0.00036 0.28737   0.258 0.100 0.367 0.190 
0.89351  21546       0.09910 0.22724 0.25571   0.00036 0.28889   0.256 0.099 0.366 0.188 
0.89451  21344       0.09902 0.22615 0.25340   0.00036 0.29050   0.253 0.099 0.366 0.186 
0.89551  21142       0.09894 0.22502 0.25106   0.00036 0.29214   0.251 0.099 0.366 0.184 
0.89651  20940       0.09894 0.22402 0.24884   0.00036 0.29371   0.249 0.099 0.366 0.182 
0.89751  20738       0.09871 0.22284 0.24646   0.00036 0.29541   0.246 0.099 0.366 0.181 
0.89851  20536       0.09863 0.22176 0.24414   0.00036 0.29708   0.244 0.099 0.365 0.179 
0.89950  20334       0.09847 0.22051 0.24178   0.00036 0.29878   0.242 0.098 0.365 0.177 
0.90050  20132       0.09831 0.21937 0.23948   0.00036 0.30045   0.239 0.098 0.365 0.175 
0.90150  19930       0.09784 0.21816 0.23709   0.00037 0.30221   0.237 0.098 0.364 0.173 
0.90250  19728       0.09768 0.21700 0.23479   0.00037 0.30390   0.235 0.098 0.364 0.172 
0.90350  19526       0.09768 0.21593 0.23248   0.00037 0.30562   0.232 0.098 0.364 0.170 
0.90450  19324       0.09745 0.21476 0.23004   0.00037 0.30745   0.230 0.097 0.364 0.168 
0.90549  19122       0.09666 0.21350 0.22768   0.00037 0.30924   0.228 0.097 0.364 0.166 
0.90649  18920       0.09643 0.21234 0.22532   0.00037 0.31103   0.225 0.096 0.363 0.164 
0.90749  18718       0.09588 0.21111 0.22290   0.00037 0.31289   0.223 0.096 0.363 0.162 
0.90849  18516       0.09564 0.21004 0.22067   0.00037 0.31461   0.221 0.096 0.363 0.161 
0.90949  18314       0.09525 0.20876 0.21824   0.00037 0.31651   0.218 0.095 0.363 0.159 
0.91049  18112       0.09517 0.20766 0.21588   0.00037 0.31836   0.216 0.095 0.363 0.157 
0.91148  17910       0.09407 0.20637 0.21360   0.00037 0.32017   0.214 0.094 0.363 0.155 
0.91248  17708       0.09344 0.20518 0.21129   0.00037 0.32202   0.211 0.093 0.363 0.153 
0.91348  17506       0.09313 0.20398 0.20881   0.00037 0.32401   0.209 0.093 0.363 0.151 
0.91448  17304       0.09289 0.20284 0.20646   0.00038 0.32592   0.206 0.093 0.362 0.150 
0.91548  17102       0.09093 0.20135 0.20422   0.00038 0.32776   0.204 0.091 0.362 0.148 
0.91648  16900       0.09070 0.20018 0.20178   0.00038 0.32977   0.202 0.091 0.362 0.146 
0.91747  16698       0.09030 0.19890 0.19936   0.00038 0.33180   0.199 0.090 0.362 0.144 
0.91847  16496       0.08999 0.19773 0.19693   0.00038 0.33384   0.197 0.090 0.362 0.142 
0.91947  16294       0.08983 0.19661 0.19450   0.00038 0.33591   0.194 0.090 0.362 0.140 
0.92047  16092       0.08960 0.19547 0.19213   0.00038 0.33794   0.192 0.090 0.362 0.139 
0.92147  15890       0.08928 0.19428 0.18961   0.00038 0.34012   0.190 0.089 0.362 0.137 
0.92247  15688       0.08897 0.19307 0.18716   0.00038 0.34226   0.187 0.089 0.361 0.135 
0.92346  15486       0.08865 0.19190 0.18471   0.00038 0.34443   0.185 0.089 0.361 0.133 
0.92446  15284       0.08834 0.19072 0.18223   0.00038 0.34663   0.182 0.088 0.361 0.131 
0.92546  15082       0.08810 0.18952 0.17978   0.00039 0.34884   0.180 0.088 0.361 0.129 
0.92646  14880       0.08779 0.18830 0.17717   0.00039 0.35122   0.177 0.088 0.361 0.127 
0.92746  14678       0.08763 0.18715 0.17469   0.00039 0.35350   0.175 0.088 0.361 0.125 
0.92846  14476       0.08716 0.18593 0.17222   0.00039 0.35580   0.172 0.087 0.361 0.123 
0.92945  14274       0.08677 0.18468 0.16967   0.00039 0.35820   0.170 0.087 0.361 0.121 
0.93045  14072       0.08653 0.18351 0.16716   0.00039 0.36058   0.167 0.087 0.361 0.120 
0.93145  13870       0.08630 0.18232 0.16458   0.00039 0.36307   0.165 0.086 0.361 0.118 
0.93245  13668       0.08614 0.18117 0.16206   0.00039 0.36552   0.162 0.086 0.361 0.116 
0.93345  13466       0.08614 0.18002 0.15948   0.00039 0.36806   0.159 0.086 0.361 0.114 
0.93445  13264       0.08591 0.17881 0.15688   0.00039 0.37065   0.157 0.086 0.361 0.112 
0.93544  13062       0.08575 0.17761 0.15421   0.00039 0.37335   0.154 0.086 0.361 0.110 
0.93644  12860       0.08567 0.17646 0.15165   0.00040 0.37596   0.152 0.086 0.361 0.108 
0.93744  12658       0.08567 0.17529 0.14898   0.00040 0.37873   0.149 0.086 0.361 0.106 
0.93844  12456       0.08551 0.17405 0.14620   0.00040 0.38165   0.146 0.086 0.361 0.104 
0.93944  12254       0.08536 0.17277 0.14336   0.00040 0.38467   0.143 0.085 0.361 0.102 
0.94044  12052       0.08528 0.17148 0.14049   0.00040 0.38778   0.140 0.085 0.360 0.100 
0.94143  11850       0.08528 0.17030 0.13777   0.00040 0.39076   0.138 0.085 0.360 0.098 
0.94243  11648       0.08465 0.16893 0.13496   0.00040 0.39389   0.135 0.085 0.360 0.096 
0.94343  11446       0.08441 0.16762 0.13208   0.00040 0.39715   0.132 0.084 0.360 0.094 
0.94443  11244       0.08410 0.16626 0.12906   0.00041 0.40062   0.129 0.084 0.360 0.091 
0.94543  11042       0.08386 0.16490 0.12604   0.00041 0.40416   0.126 0.084 0.360 0.089 
0.94643  10840       0.08371 0.16315 0.12362   0.00041 0.40705   0.124 0.084 0.358 0.088 
0.94742  10638       0.08371 0.16070 0.12209   0.00041 0.40889   0.122 0.084 0.350 0.087 
0.94842  10436       0.08363 0.15835 0.12053   0.00041 0.41079   0.121 0.084 0.344 0.085 
0.94942  10234       0.08339 0.15583 0.11886   0.00041 0.41284   0.119 0.083 0.337 0.084 
0.95042  10032       0.08308 0.15334 0.11718   0.00042 0.41492   0.117 0.083 0.330 0.083 
0.95142  9830        0.08188 0.15079 0.11547   0.00042 0.41707   0.115 0.083 0.323 0.082 
0.95242  9628        0.08068 0.14821 0.11377   0.00042 0.41922   0.114 0.083 0.316 0.081 
0.95341  9426        0.07946 0.14559 0.11205   0.00042 0.42144   0.112 0.082 0.309 0.079 
0.95441  9224        0.07815 0.14312 0.11023   0.00042 0.42380   0.110 0.082 0.302 0.078 
0.95541  9022        0.07690 0.14049 0.10851   0.00042 0.42605   0.109 0.082 0.294 0.077 
0.95641  8820        0.07562 0.13783 0.10674   0.00043 0.42841   0.107 0.082 0.287 0.076 
0.95741  8618        0.07438 0.13506 0.10511   0.00043 0.43060   0.105 0.082 0.279 0.074 
0.95841  8416        0.07300 0.13247 0.10330   0.00043 0.43307   0.103 0.081 0.272 0.073 
0.95940  8214        0.07164 0.12981 0.10153   0.00043 0.43551   0.102 0.081 0.265 0.072 
0.96040  8012        0.07019 0.12709 0.09962   0.00044 0.43819   0.100 0.080 0.258 0.070 
0.96140  7810        0.06875 0.12444 0.09778   0.00044 0.44081   0.098 0.080 0.251 0.069 
0.96240  7608        0.06726 0.12185 0.09589   0.00044 0.44353   0.096 0.080 0.244 0.067 
0.96340  7406        0.06571 0.11928 0.09391   0.00044 0.44643   0.094 0.080 0.237 0.066 
0.96440  7204        0.06414 0.11667 0.09190   0.00044 0.44942   0.092 0.080 0.230 0.064 
0.96539  7002        0.06255 0.11405 0.08982   0.00045 0.45255   0.090 0.080 0.224 0.063 
0.96639  6800        0.06096 0.11133 0.08777   0.00045 0.45569   0.088 0.080 0.217 0.061 
0.96739  6598        0.05931 0.10859 0.08559   0.00045 0.45911   0.086 0.079 0.210 0.059 
0.96839  6396        0.05772 0.10588 0.08351   0.00046 0.46243   0.084 0.079 0.203 0.058 
0.96939  6194        0.05611 0.10314 0.08144   0.00046 0.46580   0.081 0.079 0.196 0.056 
0.97039  5992        0.05451 0.10032 0.07939   0.00046 0.46919   0.079 0.079 0.188 0.055 
0.97138  5790        0.05286 0.09754 0.07722   0.00046 0.47285   0.077 0.079 0.181 0.053 
0.97238  5588        0.05122 0.09472 0.07508   0.00047 0.47655   0.075 0.079 0.173 0.051 
0.97338  5386        0.04953 0.09191 0.07286   0.00047 0.48046   0.073 0.079 0.166 0.050 
0.97438  5184        0.04783 0.08908 0.07060   0.00047 0.48453   0.071 0.079 0.159 0.048 
0.97538  4982        0.04609 0.08630 0.06824   0.00048 0.48889   0.068 0.079 0.151 0.046 
0.97638  4780        0.04436 0.08340 0.06594   0.00048 0.49326   0.066 0.079 0.144 0.044 
0.97737  4578        0.04260 0.08051 0.06353   0.00049 0.49795   0.064 0.079 0.137 0.043 
0.97837  4376        0.04081 0.07756 0.06110   0.00049 0.50283   0.061 0.079 0.129 0.041 
0.97937  4174        0.03900 0.07456 0.05864   0.00049 0.50791   0.059 0.079 0.121 0.039 
0.98037  3972        0.03710 0.07157 0.05599   0.00050 0.51357   0.056 0.079 0.114 0.037 
0.98137  3770        0.03519 0.06850 0.05332   0.00050 0.51946   0.053 0.079 0.106 0.035 
0.98237  3568        0.03320 0.06547 0.05045   0.00051 0.52606   0.050 0.079 0.099 0.033 
0.98336  3366        0.03120 0.06237 0.04754   0.00052 0.53305   0.048 0.079 0.091 0.031 
0.98436  3164        0.02917 0.05916 0.04457   0.00052 0.54053   0.045 0.079 0.084 0.029 
0.98536  2962        0.02754 0.05566 0.04214   0.00053 0.54692   0.042 0.076 0.077 0.028 
0.98636  2760        0.02605 0.05196 0.03993   0.00054 0.55298   0.040 0.070 0.072 0.026 
0.98736  2558        0.02448 0.04826 0.03767   0.00054 0.55945   0.038 0.065 0.066 0.024 
0.98836  2356        0.02294 0.04465 0.03553   0.00055 0.56583   0.036 0.060 0.060 0.023 
0.98935  2154        0.02131 0.04131 0.03317   0.00056 0.57325   0.033 0.055 0.056 0.021 
0.99035  1952        0.01969 0.03803 0.03084   0.00057 0.58092   0.031 0.050 0.051 0.020 
0.99135  1750        0.01798 0.03466 0.02830   0.00058 0.58984   0.028 0.046 0.046 0.018 
0.99235  1548        0.01622 0.03131 0.02571   0.00059 0.59955   0.026 0.042 0.042 0.016 
0.99335  1346        0.01437 0.02786 0.02297   0.00060 0.61071   0.023 0.037 0.037 0.014 
0.99435  1144        0.01238 0.02415 0.01997   0.00061 0.62408   0.020 0.033 0.032 0.012 
0.99534  942         0.01041 0.02030 0.01698   0.00063 0.63903   0.017 0.028 0.026 0.010 
0.99634  740         0.00833 0.01632 0.01386   0.00065 0.65688   0.014 0.022 0.021 0.008 
0.99734  538         0.00617 0.01236 0.01053   0.00067 0.67969   0.011 0.017 0.016 0.006 
0.99834  336         0.00410 0.00808 0.00738   0.00070 0.70689   0.007 0.011 0.010 0.004 
0.99934  134         0.00176 0.00343 0.00353   0.00076 0.75631   0.004 0.005 0.004 0.002 
1.00000  0           0.00000 0.00000 0.00000   0.00100 1.00000   0.000 0.000 0.000 0.000 
