F-lost	   TF_cost	min-1	mean-1	max-1	w-mean-1	ext2-1	min-2	mean-2	max-2	w-mean-2	ext2-2	
0.0000	2.0221e+005	1.0000	1.0000	1.0000	1.0000	-0.0000	1.0000	1.0000	1.0000	0.0000	0.0000	
0.0010	2.02e+005 	0.9861	0.9931	1.0000	1.0000	-0.0000	1.0000	1.0000	1.0000	0.0000	0.0000	
0.0020	2.018e+005	0.9859	0.9929	1.0000	1.0000	-0.0000	1.0000	1.0000	1.0000	0.0000	0.0000	
0.0030	2.016e+005	0.9843	0.9922	1.0000	1.0000	-0.0000	1.0000	1.0000	1.0000	0.0000	0.0000	
0.0040	2.014e+005	0.9843	0.9922	1.0000	1.0000	-0.0000	1.0000	1.0000	1.0000	0.0000	0.0000	
0.0050	2.012e+005	0.9843	0.9922	1.0000	1.0000	-0.0000	1.0000	1.0000	1.0000	0.0000	0.0000	
0.0060	2.0099e+005	0.9841	0.9920	1.0000	1.0000	-0.0000	1.0000	1.0000	1.0000	0.0000	0.0000	
0.0070	2.0079e+005	0.9838	0.9919	1.0000	1.0000	-0.0000	1.0000	1.0000	1.0000	0.0000	0.0000	
0.0080	2.0059e+005	0.9828	0.9914	1.0000	1.0000	-0.0000	0.9999	0.9999	0.9999	0.0000	0.0000	
0.0090	2.0039e+005	0.9819	0.9909	1.0000	1.0000	-0.0000	0.9999	0.9999	0.9999	0.0000	0.0000	
0.0100	2.0019e+005	0.9810	0.9905	1.0000	1.0000	-0.0000	0.9999	0.9999	0.9999	0.0000	0.0000	
0.0110	1.9998e+005	0.9804	0.9902	1.0000	1.0000	-0.0000	0.9999	0.9999	0.9999	0.0000	0.0000	
0.0120	1.9978e+005	0.9798	0.9899	1.0000	1.0000	-0.0000	0.9998	0.9998	0.9998	0.0000	0.0000	
0.0130	1.9958e+005	0.9796	0.9898	1.0000	1.0000	-0.0000	0.9998	0.9998	0.9998	0.0000	0.0000	
0.0140	1.9938e+005	0.9794	0.9897	1.0000	1.0000	-0.0000	0.9998	0.9998	0.9998	0.0000	0.0000	
0.0150	1.9918e+005	0.9793	0.9896	1.0000	1.0000	-0.0000	0.9997	0.9997	0.9997	0.0000	0.0000	
0.0160	1.9897e+005	0.9792	0.9896	1.0000	1.0000	-0.0000	0.9997	0.9997	0.9997	0.0000	0.0000	
0.0170	1.9877e+005	0.9790	0.9895	1.0000	1.0000	-0.0000	0.9997	0.9997	0.9997	0.0000	0.0000	
0.0180	1.9857e+005	0.9784	0.9892	1.0000	1.0000	-0.0000	0.9996	0.9996	0.9996	0.0000	0.0000	
0.0190	1.9837e+005	0.9779	0.9890	1.0000	1.0000	-0.0000	0.9996	0.9996	0.9996	0.0000	0.0000	
0.0200	1.9817e+005	0.9778	0.9889	1.0000	1.0000	-0.0000	0.9995	0.9995	0.9995	0.0000	0.0000	
0.0210	1.9796e+005	0.9775	0.9887	1.0000	1.0000	0.0000	0.9994	0.9994	0.9994	0.0000	0.0000	
0.0220	1.9776e+005	0.9770	0.9885	1.0000	1.0000	0.0000	0.9994	0.9994	0.9994	0.0000	0.0000	
0.0230	1.9756e+005	0.9766	0.9883	1.0000	1.0000	0.0000	0.9993	0.9993	0.9993	0.0000	0.0000	
0.0240	1.9736e+005	0.9762	0.9881	1.0000	1.0000	0.0000	0.9992	0.9992	0.9992	0.0000	0.0000	
0.0250	1.9716e+005	0.9760	0.9880	1.0000	1.0000	0.0000	0.9992	0.9992	0.9992	0.0000	0.0000	
0.0260	1.9695e+005	0.9757	0.9879	1.0000	1.0000	0.0000	0.9991	0.9991	0.9991	0.0000	0.0000	
0.0270	1.9675e+005	0.9757	0.9878	1.0000	1.0000	0.0000	0.9990	0.9990	0.9990	0.0000	0.0000	
0.0280	1.9655e+005	0.9755	0.9877	1.0000	1.0000	0.0000	0.9990	0.9990	0.9990	0.0000	0.0000	
0.0290	1.9635e+005	0.9750	0.9875	1.0000	1.0000	0.0000	0.9989	0.9989	0.9989	0.0000	0.0000	
0.0300	1.9615e+005	0.9747	0.9873	1.0000	1.0000	0.0000	0.9988	0.9988	0.9988	0.0000	0.0000	
0.0310	1.9594e+005	0.9746	0.9873	1.0000	1.0000	0.0000	0.9987	0.9987	0.9987	0.0000	0.0000	
0.0320	1.9574e+005	0.9743	0.9871	1.0000	1.0000	0.0000	0.9986	0.9986	0.9986	0.0000	0.0000	
0.0330	1.9554e+005	0.9742	0.9871	1.0000	1.0000	0.0000	0.9986	0.9986	0.9986	0.0000	0.0000	
0.0340	1.9534e+005	0.9742	0.9871	1.0000	1.0000	0.0000	0.9986	0.9986	0.9986	0.0000	0.0000	
0.0350	1.9514e+005	0.9742	0.9871	1.0000	1.0000	0.0000	0.9986	0.9986	0.9986	0.0000	0.0000	
0.0360	1.9493e+005	0.9741	0.9870	1.0000	1.0000	0.0000	0.9986	0.9986	0.9986	0.0000	0.0000	
0.0370	1.9473e+005	0.9741	0.9870	1.0000	1.0000	0.0000	0.9986	0.9986	0.9986	0.0000	0.0000	
0.0380	1.9453e+005	0.9741	0.9870	1.0000	1.0000	0.0000	0.9985	0.9985	0.9985	0.0000	0.0000	
0.0390	1.9433e+005	0.9741	0.9870	1.0000	1.0000	0.0000	0.9985	0.9985	0.9985	0.0000	0.0000	
0.0400	1.9413e+005	0.9741	0.9870	1.0000	1.0000	0.0000	0.9985	0.9985	0.9985	0.0000	0.0000	
0.0410	1.9392e+005	0.9741	0.9870	1.0000	1.0000	0.0000	0.9985	0.9985	0.9985	0.0000	0.0000	
0.0420	1.9372e+005	0.9741	0.9870	0.9999	0.9999	0.0000	0.9985	0.9985	0.9985	0.0000	0.0000	
0.0430	1.9352e+005	0.9741	0.9870	0.9999	0.9999	0.0000	0.9984	0.9984	0.9984	0.0000	0.0000	
0.0440	1.9332e+005	0.9741	0.9870	0.9999	0.9999	0.0000	0.9984	0.9984	0.9984	0.0000	0.0000	
0.0450	1.9312e+005	0.9741	0.9870	0.9999	0.9999	0.0000	0.9984	0.9984	0.9984	0.0000	0.0000	
0.0460	1.9291e+005	0.9741	0.9870	0.9999	0.9999	0.0000	0.9983	0.9983	0.9983	0.0000	0.0000	
0.0470	1.9271e+005	0.9740	0.9870	0.9999	0.9999	0.0000	0.9983	0.9983	0.9983	0.0000	0.0000	
0.0480	1.9251e+005	0.9739	0.9869	0.9999	0.9999	0.0000	0.9982	0.9982	0.9982	0.0000	0.0000	
0.0490	1.9231e+005	0.9733	0.9866	0.9999	0.9999	0.0000	0.9982	0.9982	0.9982	0.0000	0.0000	
0.0500	1.9211e+005	0.9726	0.9863	0.9999	0.9999	0.0000	0.9981	0.9981	0.9981	0.0000	0.0000	
0.0510	1.919e+005	0.9719	0.9859	0.9999	0.9999	0.0000	0.9981	0.9981	0.9981	0.0000	0.0000	
0.0520	1.917e+005	0.9711	0.9855	0.9999	0.9999	0.0000	0.9980	0.9980	0.9980	0.0000	0.0000	
0.0530	1.915e+005	0.9706	0.9853	0.9999	0.9999	0.0000	0.9979	0.9979	0.9979	0.0000	0.0000	
0.0540	1.913e+005	0.9703	0.9851	0.9999	0.9999	0.0000	0.9978	0.9978	0.9978	0.0000	0.0000	
0.0550	1.911e+005	0.9698	0.9848	0.9999	0.9999	0.0000	0.9977	0.9977	0.9977	0.0000	0.0000	
0.0560	1.9089e+005	0.9694	0.9846	0.9999	0.9999	0.0000	0.9977	0.9977	0.9977	0.0000	0.0000	
0.0570	1.9069e+005	0.9687	0.9843	0.9999	0.9999	0.0000	0.9976	0.9976	0.9976	0.0000	0.0000	
0.0580	1.9049e+005	0.9677	0.9838	0.9999	0.9999	0.0000	0.9975	0.9975	0.9975	0.0000	0.0000	
0.0589	1.9029e+005	0.9671	0.9835	0.9999	0.9999	0.0000	0.9974	0.9974	0.9974	0.0000	0.0000	
0.0599	1.9009e+005	0.9667	0.9833	0.9999	0.9999	0.0000	0.9973	0.9973	0.9973	0.0000	0.0000	
0.0609	1.8988e+005	0.9662	0.9830	0.9999	0.9999	0.0000	0.9972	0.9972	0.9972	0.0000	0.0000	
0.0619	1.8968e+005	0.9659	0.9829	0.9999	0.9999	0.0000	0.9971	0.9971	0.9971	0.0000	0.0000	
0.0629	1.8948e+005	0.9652	0.9825	0.9998	0.9998	0.0000	0.9970	0.9970	0.9970	0.0000	0.0000	
0.0639	1.8928e+005	0.9645	0.9822	0.9998	0.9998	0.0000	0.9970	0.9970	0.9970	0.0000	0.0000	
0.0649	1.8908e+005	0.9635	0.9817	0.9998	0.9998	0.0000	0.9969	0.9969	0.9969	0.0000	0.0000	
0.0659	1.8887e+005	0.9629	0.9814	0.9998	0.9998	0.0000	0.9968	0.9968	0.9968	0.0000	0.0000	
0.0669	1.8867e+005	0.9625	0.9811	0.9998	0.9998	0.0000	0.9967	0.9967	0.9967	0.0000	0.0000	
0.0679	1.8847e+005	0.9616	0.9807	0.9998	0.9998	0.0000	0.9966	0.9966	0.9966	0.0000	0.0000	
0.0689	1.8827e+005	0.9607	0.9802	0.9998	0.9998	0.0001	0.9965	0.9965	0.9965	0.0000	0.0000	
0.0699	1.8807e+005	0.9599	0.9798	0.9998	0.9998	0.0001	0.9964	0.9964	0.9964	0.0000	0.0000	
0.0709	1.8786e+005	0.9592	0.9795	0.9998	0.9998	0.0001	0.9963	0.9963	0.9963	0.0000	0.0000	
0.0719	1.8766e+005	0.9581	0.9789	0.9998	0.9998	0.0001	0.9962	0.9962	0.9962	0.0000	0.0000	
0.0729	1.8746e+005	0.9570	0.9784	0.9997	0.9997	0.0001	0.9961	0.9961	0.9961	0.0000	0.0000	
0.0739	1.8726e+005	0.9562	0.9780	0.9997	0.9997	0.0001	0.9960	0.9960	0.9960	0.0000	0.0000	
0.0749	1.8706e+005	0.9549	0.9773	0.9997	0.9997	0.0001	0.9959	0.9959	0.9959	0.0000	0.0000	
0.0759	1.8685e+005	0.9540	0.9769	0.9997	0.9997	0.0001	0.9957	0.9957	0.9957	0.0000	0.0000	
0.0769	1.8665e+005	0.9528	0.9763	0.9997	0.9997	0.0001	0.9956	0.9956	0.9956	0.0000	0.0000	
0.0779	1.8645e+005	0.9515	0.9756	0.9997	0.9997	0.0001	0.9955	0.9955	0.9955	0.0000	0.0000	
0.0789	1.8625e+005	0.9513	0.9755	0.9997	0.9997	0.0001	0.9954	0.9954	0.9954	0.0000	0.0000	
0.0799	1.8605e+005	0.9513	0.9755	0.9997	0.9997	0.0001	0.9953	0.9953	0.9953	0.0000	0.0000	
0.0809	1.8584e+005	0.9513	0.9755	0.9997	0.9997	0.0001	0.9952	0.9952	0.9952	0.0000	0.0000	
0.0819	1.8564e+005	0.9507	0.9752	0.9996	0.9996	0.0001	0.9951	0.9951	0.9951	0.0000	0.0000	
0.0829	1.8544e+005	0.9494	0.9745	0.9996	0.9996	0.0001	0.9950	0.9950	0.9950	0.0000	0.0000	
0.0839	1.8524e+005	0.9487	0.9742	0.9996	0.9996	0.0001	0.9949	0.9949	0.9949	0.0000	0.0000	
0.0849	1.8504e+005	0.9478	0.9737	0.9996	0.9996	0.0001	0.9948	0.9948	0.9948	0.0000	0.0000	
0.0859	1.8483e+005	0.9463	0.9729	0.9996	0.9996	0.0001	0.9947	0.9947	0.9947	0.0000	0.0000	
0.0869	1.8463e+005	0.9454	0.9725	0.9996	0.9996	0.0001	0.9945	0.9945	0.9945	0.0000	0.0000	
0.0879	1.8443e+005	0.9441	0.9718	0.9996	0.9996	0.0001	0.9944	0.9944	0.9944	0.0000	0.0000	
0.0889	1.8423e+005	0.9428	0.9712	0.9995	0.9995	0.0001	0.9943	0.9943	0.9943	0.0000	0.0000	
0.0899	1.8403e+005	0.9421	0.9708	0.9995	0.9995	0.0001	0.9942	0.9942	0.9942	0.0000	0.0000	
0.0909	1.8382e+005	0.9410	0.9702	0.9995	0.9995	0.0001	0.9940	0.9940	0.9940	0.0000	0.0000	
0.0919	1.8362e+005	0.9399	0.9697	0.9995	0.9995	0.0001	0.9939	0.9939	0.9939	0.0000	0.0000	
0.0929	1.8342e+005	0.9386	0.9690	0.9995	0.9995	0.0001	0.9938	0.9938	0.9938	0.0000	0.0000	
0.0939	1.8322e+005	0.9377	0.9686	0.9995	0.9995	0.0001	0.9936	0.9936	0.9936	0.0000	0.0000	
0.0949	1.8302e+005	0.9369	0.9682	0.9994	0.9994	0.0001	0.9935	0.9935	0.9935	0.0000	0.0000	
0.0959	1.8281e+005	0.9359	0.9677	0.9994	0.9994	0.0001	0.9934	0.9934	0.9934	0.0000	0.0000	
0.0969	1.8261e+005	0.9351	0.9672	0.9994	0.9994	0.0002	0.9932	0.9932	0.9932	0.0000	0.0000	
0.0979	1.8241e+005	0.9340	0.9667	0.9994	0.9994	0.0002	0.9931	0.9931	0.9931	0.0000	0.0000	
0.0989	1.8221e+005	0.9334	0.9664	0.9994	0.9994	0.0002	0.9929	0.9929	0.9929	0.0000	0.0000	
0.0999	1.8201e+005	0.9322	0.9658	0.9993	0.9993	0.0002	0.9928	0.9928	0.9928	0.0000	0.0000	
0.1009	1.818e+005	0.9308	0.9651	0.9993	0.9993	0.0002	0.9926	0.9926	0.9926	0.0000	0.0000	
0.1019	1.816e+005	0.9302	0.9648	0.9993	0.9993	0.0002	0.9925	0.9925	0.9925	0.0000	0.0000	
0.1029	1.814e+005	0.9291	0.9642	0.9993	0.9993	0.0002	0.9923	0.9923	0.9923	0.0000	0.0000	
0.1039	1.812e+005	0.9283	0.9638	0.9993	0.9993	0.0002	0.9922	0.9922	0.9922	0.0000	0.0000	
0.1049	1.81e+005 	0.9276	0.9634	0.9992	0.9992	0.0002	0.9920	0.9920	0.9920	0.0000	0.0000	
0.1059	1.8079e+005	0.9261	0.9627	0.9992	0.9992	0.0002	0.9919	0.9919	0.9919	0.0000	0.0000	
0.1069	1.8059e+005	0.9250	0.9621	0.9992	0.9992	0.0002	0.9917	0.9917	0.9917	0.0000	0.0000	
0.1079	1.8039e+005	0.9239	0.9615	0.9992	0.9992	0.0002	0.9915	0.9915	0.9915	0.0000	0.0000	
0.1089	1.8019e+005	0.9231	0.9611	0.9991	0.9991	0.0002	0.9914	0.9914	0.9914	0.0000	0.0000	
0.1099	1.7999e+005	0.9219	0.9605	0.9991	0.9991	0.0002	0.9912	0.9912	0.9912	0.0000	0.0000	
0.1109	1.7978e+005	0.9210	0.9601	0.9991	0.9991	0.0002	0.9910	0.9910	0.9910	0.0000	0.0000	
0.1119	1.7958e+005	0.9200	0.9595	0.9991	0.9991	0.0002	0.9909	0.9909	0.9909	0.0000	0.0000	
0.1129	1.7938e+005	0.9189	0.9590	0.9990	0.9990	0.0002	0.9907	0.9907	0.9907	0.0000	0.0000	
0.1139	1.7918e+005	0.9177	0.9584	0.9990	0.9990	0.0002	0.9905	0.9905	0.9905	0.0000	0.0000	
0.1149	1.7898e+005	0.9166	0.9578	0.9990	0.9990	0.0003	0.9903	0.9903	0.9903	0.0000	0.0000	
0.1159	1.7877e+005	0.9157	0.9573	0.9990	0.9990	0.0003	0.9902	0.9902	0.9902	0.0000	0.0000	
0.1169	1.7857e+005	0.9144	0.9567	0.9989	0.9989	0.0003	0.9900	0.9900	0.9900	0.0000	0.0000	
0.1179	1.7837e+005	0.9129	0.9559	0.9989	0.9989	0.0003	0.9898	0.9898	0.9898	0.0000	0.0000	
0.1189	1.7817e+005	0.9120	0.9554	0.9989	0.9989	0.0003	0.9896	0.9896	0.9896	0.0000	0.0000	
0.1199	1.7797e+005	0.9113	0.9551	0.9988	0.9988	0.0003	0.9894	0.9894	0.9894	0.0000	0.0000	
0.1209	1.7776e+005	0.9101	0.9545	0.9988	0.9988	0.0003	0.9892	0.9892	0.9892	0.0000	0.0000	
0.1219	1.7756e+005	0.9089	0.9539	0.9988	0.9988	0.0003	0.9890	0.9890	0.9890	0.0000	0.0000	
0.1229	1.7736e+005	0.9077	0.9532	0.9988	0.9988	0.0003	0.9888	0.9888	0.9888	0.0000	0.0000	
0.1239	1.7716e+005	0.9062	0.9524	0.9987	0.9987	0.0003	0.9886	0.9886	0.9886	0.0000	0.0000	
0.1249	1.7696e+005	0.9050	0.9518	0.9987	0.9987	0.0003	0.9885	0.9885	0.9885	0.0000	0.0000	
0.1259	1.7675e+005	0.9032	0.9509	0.9987	0.9987	0.0003	0.9883	0.9883	0.9883	0.0000	0.0000	
0.1269	1.7655e+005	0.9019	0.9503	0.9986	0.9986	0.0003	0.9880	0.9880	0.9880	0.0000	0.0000	
0.1279	1.7635e+005	0.9006	0.9496	0.9986	0.9986	0.0004	0.9879	0.9879	0.9879	0.0000	0.0000	
0.1289	1.7615e+005	0.8993	0.9490	0.9986	0.9986	0.0004	0.9877	0.9877	0.9877	0.0000	0.0000	
0.1299	1.7595e+005	0.8974	0.9480	0.9985	0.9985	0.0004	0.9874	0.9874	0.9874	0.0000	0.0000	
0.1309	1.7574e+005	0.8957	0.9471	0.9985	0.9985	0.0004	0.9872	0.9872	0.9872	0.0000	0.0000	
0.1319	1.7554e+005	0.8949	0.9467	0.9985	0.9985	0.0004	0.9870	0.9870	0.9870	0.0000	0.0000	
0.1329	1.7534e+005	0.8933	0.9459	0.9984	0.9984	0.0004	0.9868	0.9868	0.9868	0.0000	0.0000	
0.1339	1.7514e+005	0.8914	0.9449	0.9984	0.9984	0.0004	0.9866	0.9866	0.9866	0.0000	0.0000	
0.1349	1.7494e+005	0.8898	0.9441	0.9984	0.9984	0.0004	0.9864	0.9864	0.9864	0.0000	0.0000	
0.1359	1.7473e+005	0.8883	0.9433	0.9983	0.9983	0.0004	0.9862	0.9862	0.9862	0.0000	0.0000	
0.1369	1.7453e+005	0.8868	0.9425	0.9983	0.9983	0.0004	0.9860	0.9860	0.9860	0.0000	0.0000	
0.1379	1.7433e+005	0.8853	0.9418	0.9982	0.9982	0.0004	0.9858	0.9858	0.9858	0.0000	0.0000	
0.1389	1.7413e+005	0.8839	0.9411	0.9982	0.9982	0.0005	0.9856	0.9856	0.9856	0.0000	0.0000	
0.1399	1.7393e+005	0.8829	0.9405	0.9982	0.9982	0.0005	0.9853	0.9853	0.9853	0.0000	0.0000	
0.1409	1.7372e+005	0.8816	0.9399	0.9981	0.9981	0.0005	0.9851	0.9851	0.9851	0.0000	0.0000	
0.1419	1.7352e+005	0.8808	0.9394	0.9981	0.9981	0.0005	0.9849	0.9849	0.9849	0.0000	0.0000	
0.1429	1.7332e+005	0.8795	0.9388	0.9980	0.9980	0.0005	0.9847	0.9847	0.9847	0.0000	0.0000	
0.1439	1.7312e+005	0.8779	0.9379	0.9980	0.9980	0.0005	0.9844	0.9844	0.9844	0.0000	0.0000	
0.1449	1.7292e+005	0.8768	0.9374	0.9979	0.9979	0.0005	0.9842	0.9842	0.9842	0.0000	0.0000	
0.1459	1.7271e+005	0.8759	0.9369	0.9979	0.9979	0.0005	0.9840	0.9840	0.9840	0.0000	0.0000	
0.1469	1.7251e+005	0.8746	0.9362	0.9979	0.9979	0.0005	0.9837	0.9837	0.9837	0.0000	0.0000	
0.1479	1.7231e+005	0.8736	0.9357	0.9978	0.9978	0.0005	0.9835	0.9835	0.9835	0.0000	0.0000	
0.1489	1.7211e+005	0.8719	0.9348	0.9978	0.9978	0.0006	0.9833	0.9833	0.9833	0.0000	0.0000	
0.1499	1.7191e+005	0.8706	0.9342	0.9977	0.9977	0.0006	0.9830	0.9830	0.9830	0.0000	0.0000	
0.1509	1.717e+005	0.8696	0.9336	0.9977	0.9977	0.0006	0.9828	0.9828	0.9828	0.0000	0.0000	
0.1519	1.715e+005	0.8691	0.9334	0.9976	0.9976	0.0006	0.9825	0.9825	0.9825	0.0000	0.0000	
0.1529	1.713e+005	0.8687	0.9331	0.9976	0.9976	0.0006	0.9822	0.9822	0.9822	0.0000	0.0000	
0.1539	1.711e+005	0.8674	0.9324	0.9975	0.9975	0.0006	0.9820	0.9820	0.9820	0.0000	0.0000	
0.1549	1.709e+005	0.8664	0.9320	0.9975	0.9975	0.0006	0.9817	0.9817	0.9817	0.0000	0.0000	
0.1558	1.7069e+005	0.8656	0.9315	0.9974	0.9974	0.0006	0.9815	0.9815	0.9815	0.0000	0.0000	
0.1568	1.7049e+005	0.8650	0.9312	0.9974	0.9974	0.0007	0.9812	0.9812	0.9812	0.0000	0.0000	
0.1578	1.7029e+005	0.8646	0.9309	0.9973	0.9973	0.0007	0.9809	0.9809	0.9809	0.0000	0.0000	
0.1588	1.7009e+005	0.8638	0.9305	0.9972	0.9972	0.0007	0.9806	0.9806	0.9806	0.0000	0.0000	
0.1598	1.6989e+005	0.8630	0.9301	0.9972	0.9972	0.0007	0.9804	0.9804	0.9804	0.0000	0.0000	
0.1608	1.6968e+005	0.8620	0.9296	0.9971	0.9971	0.0007	0.9801	0.9801	0.9801	0.0000	0.0000	
0.1618	1.6948e+005	0.8613	0.9292	0.9971	0.9971	0.0007	0.9798	0.9798	0.9798	0.0000	0.0000	
0.1628	1.6928e+005	0.8606	0.9288	0.9970	0.9970	0.0007	0.9795	0.9795	0.9795	0.0000	0.0000	
0.1638	1.6908e+005	0.8599	0.9284	0.9970	0.9970	0.0008	0.9793	0.9793	0.9793	0.0000	0.0000	
0.1648	1.6888e+005	0.8593	0.9281	0.9969	0.9969	0.0008	0.9790	0.9790	0.9790	0.0000	0.0000	
0.1658	1.6867e+005	0.8586	0.9277	0.9968	0.9968	0.0008	0.9787	0.9787	0.9787	0.0000	0.0000	
0.1668	1.6847e+005	0.8577	0.9272	0.9968	0.9968	0.0008	0.9784	0.9784	0.9784	0.0000	0.0000	
0.1678	1.6827e+005	0.8570	0.9269	0.9967	0.9967	0.0008	0.9781	0.9781	0.9781	0.0000	0.0000	
0.1688	1.6807e+005	0.8560	0.9263	0.9966	0.9966	0.0008	0.9778	0.9778	0.9778	0.0000	0.0000	
0.1698	1.6787e+005	0.8553	0.9259	0.9966	0.9966	0.0009	0.9775	0.9775	0.9775	0.0000	0.0000	
0.1708	1.6766e+005	0.8545	0.9255	0.9965	0.9965	0.0009	0.9772	0.9772	0.9772	0.0000	0.0000	
0.1718	1.6746e+005	0.8540	0.9252	0.9964	0.9964	0.0009	0.9769	0.9769	0.9769	0.0000	0.0000	
0.1728	1.6726e+005	0.8535	0.9249	0.9964	0.9964	0.0009	0.9766	0.9766	0.9766	0.0000	0.0000	
0.1738	1.6706e+005	0.8528	0.9245	0.9963	0.9963	0.0009	0.9763	0.9763	0.9763	0.0000	0.0000	
0.1748	1.6686e+005	0.8521	0.9241	0.9962	0.9962	0.0009	0.9759	0.9759	0.9759	0.0000	0.0000	
0.1758	1.6665e+005	0.8510	0.9236	0.9962	0.9962	0.0010	0.9756	0.9756	0.9756	0.0000	0.0000	
0.1768	1.6645e+005	0.8505	0.9233	0.9961	0.9961	0.0010	0.9753	0.9753	0.9753	0.0000	0.0000	
0.1778	1.6625e+005	0.8498	0.9229	0.9960	0.9960	0.0010	0.9750	0.9750	0.9750	0.0000	0.0000	
0.1788	1.6605e+005	0.8491	0.9225	0.9959	0.9959	0.0010	0.9747	0.9747	0.9747	0.0000	0.0000	
0.1798	1.6585e+005	0.8478	0.9218	0.9959	0.9959	0.0010	0.9744	0.9744	0.9744	0.0000	0.0000	
0.1808	1.6564e+005	0.8473	0.9215	0.9958	0.9958	0.0011	0.9740	0.9740	0.9740	0.0000	0.0000	
0.1818	1.6544e+005	0.8468	0.9213	0.9957	0.9957	0.0011	0.9737	0.9737	0.9737	0.0000	0.0000	
0.1828	1.6524e+005	0.8459	0.9208	0.9956	0.9956	0.0011	0.9734	0.9734	0.9734	0.0000	0.0000	
0.1838	1.6504e+005	0.8447	0.9201	0.9956	0.9956	0.0011	0.9731	0.9731	0.9731	0.0000	0.0000	
0.1848	1.6484e+005	0.8441	0.9198	0.9955	0.9955	0.0011	0.9727	0.9727	0.9727	0.0000	0.0000	
0.1858	1.6463e+005	0.8431	0.9193	0.9954	0.9954	0.0012	0.9724	0.9724	0.9724	0.0000	0.0000	
0.1868	1.6443e+005	0.8417	0.9185	0.9953	0.9953	0.0012	0.9721	0.9721	0.9721	0.0000	0.0000	
0.1878	1.6423e+005	0.8411	0.9182	0.9952	0.9952	0.0012	0.9717	0.9717	0.9717	0.0000	0.0000	
0.1888	1.6403e+005	0.8401	0.9176	0.9951	0.9951	0.0012	0.9714	0.9714	0.9714	0.0000	0.0000	
0.1898	1.6383e+005	0.8393	0.9172	0.9951	0.9951	0.0012	0.9711	0.9711	0.9711	0.0000	0.0000	
0.1908	1.6362e+005	0.8386	0.9168	0.9950	0.9950	0.0013	0.9707	0.9707	0.9707	0.0000	0.0000	
0.1918	1.6342e+005	0.8379	0.9164	0.9949	0.9949	0.0013	0.9704	0.9704	0.9704	0.0000	0.0000	
0.1928	1.6322e+005	0.8373	0.9161	0.9948	0.9948	0.0013	0.9701	0.9701	0.9701	0.0000	0.0000	
0.1938	1.6302e+005	0.8362	0.9155	0.9947	0.9947	0.0013	0.9697	0.9697	0.9697	0.0000	0.0000	
0.1948	1.6282e+005	0.8354	0.9150	0.9946	0.9946	0.0013	0.9694	0.9694	0.9694	0.0000	0.0000	
0.1958	1.6261e+005	0.8345	0.9145	0.9945	0.9945	0.0014	0.9690	0.9690	0.9690	0.0000	0.0000	
0.1968	1.6241e+005	0.8336	0.9140	0.9944	0.9944	0.0014	0.9687	0.9687	0.9687	0.0000	0.0000	
0.1978	1.6221e+005	0.8331	0.9137	0.9943	0.9943	0.0014	0.9683	0.9683	0.9683	0.0000	0.0000	
0.1988	1.6201e+005	0.8324	0.9133	0.9943	0.9943	0.0014	0.9680	0.9680	0.9680	0.0000	0.0000	
0.1998	1.6181e+005	0.8316	0.9129	0.9942	0.9942	0.0015	0.9676	0.9676	0.9676	0.0000	0.0000	
0.2008	1.616e+005	0.8307	0.9124	0.9941	0.9941	0.0015	0.9673	0.9673	0.9673	0.0000	0.0000	
0.2018	1.614e+005	0.8298	0.9119	0.9940	0.9940	0.0015	0.9669	0.9669	0.9669	0.0000	0.0000	
0.2028	1.612e+005	0.8287	0.9113	0.9939	0.9939	0.0015	0.9666	0.9666	0.9666	0.0000	0.0000	
0.2038	1.61e+005 	0.8277	0.9107	0.9938	0.9938	0.0016	0.9662	0.9662	0.9662	0.0000	0.0000	
0.2048	1.608e+005	0.8270	0.9103	0.9937	0.9937	0.0016	0.9659	0.9659	0.9659	0.0000	0.0000	
0.2058	1.6059e+005	0.8259	0.9097	0.9936	0.9936	0.0016	0.9655	0.9655	0.9655	0.0000	0.0000	
0.2068	1.6039e+005	0.8252	0.9093	0.9935	0.9935	0.0016	0.9651	0.9651	0.9651	0.0000	0.0000	
0.2078	1.6019e+005	0.8242	0.9088	0.9934	0.9934	0.0017	0.9648	0.9648	0.9648	0.0000	0.0000	
0.2088	1.5999e+005	0.8233	0.9083	0.9933	0.9933	0.0017	0.9644	0.9644	0.9644	0.0000	0.0000	
0.2098	1.5979e+005	0.8220	0.9076	0.9932	0.9932	0.0017	0.9640	0.9640	0.9640	0.0000	0.0000	
0.2108	1.5958e+005	0.8207	0.9069	0.9930	0.9930	0.0017	0.9637	0.9637	0.9637	0.0000	0.0000	
0.2118	1.5938e+005	0.8202	0.9066	0.9929	0.9929	0.0018	0.9633	0.9633	0.9633	0.0000	0.0000	
0.2128	1.5918e+005	0.8189	0.9058	0.9928	0.9928	0.0018	0.9629	0.9629	0.9629	0.0000	0.0000	
0.2138	1.5898e+005	0.8180	0.9054	0.9927	0.9927	0.0018	0.9625	0.9625	0.9625	0.0000	0.0000	
0.2148	1.5878e+005	0.8168	0.9047	0.9926	0.9926	0.0019	0.9622	0.9622	0.9622	0.0000	0.0000	
0.2158	1.5857e+005	0.8156	0.9041	0.9925	0.9925	0.0019	0.9618	0.9618	0.9618	0.0000	0.0000	
0.2168	1.5837e+005	0.8147	0.9035	0.9924	0.9924	0.0019	0.9614	0.9614	0.9614	0.0000	0.0000	
0.2178	1.5817e+005	0.8135	0.9029	0.9923	0.9923	0.0019	0.9610	0.9610	0.9610	0.0000	0.0000	
0.2188	1.5797e+005	0.8126	0.9024	0.9921	0.9921	0.0020	0.9606	0.9606	0.9606	0.0000	0.0000	
0.2198	1.5777e+005	0.8117	0.9019	0.9920	0.9920	0.0020	0.9602	0.9602	0.9602	0.0000	0.0000	
0.2208	1.5756e+005	0.8108	0.9013	0.9919	0.9919	0.0020	0.9598	0.9598	0.9598	0.0000	0.0000	
0.2218	1.5736e+005	0.8097	0.9008	0.9918	0.9918	0.0021	0.9594	0.9594	0.9594	0.0000	0.0000	
0.2228	1.5716e+005	0.8090	0.9004	0.9917	0.9917	0.0021	0.9591	0.9591	0.9591	0.0000	0.0000	
0.2238	1.5696e+005	0.8068	0.8992	0.9916	0.9916	0.0021	0.9590	0.9590	0.9590	0.0000	0.0000	
0.2248	1.5676e+005	0.8044	0.8979	0.9915	0.9915	0.0021	0.9586	0.9586	0.9586	0.0000	0.0000	
0.2258	1.5655e+005	0.8028	0.8970	0.9913	0.9913	0.0022	0.9582	0.9582	0.9582	0.0000	0.0000	
0.2268	1.5635e+005	0.8010	0.8961	0.9912	0.9912	0.0022	0.9578	0.9578	0.9578	0.0000	0.0000	
0.2278	1.5615e+005	0.7998	0.8954	0.9911	0.9911	0.0022	0.9574	0.9574	0.9574	0.0000	0.0000	
0.2288	1.5595e+005	0.7981	0.8945	0.9910	0.9910	0.0023	0.9570	0.9570	0.9570	0.0000	0.0000	
0.2298	1.5575e+005	0.7965	0.8937	0.9908	0.9908	0.0023	0.9566	0.9566	0.9566	0.0000	0.0000	
0.2308	1.5554e+005	0.7945	0.8926	0.9907	0.9907	0.0023	0.9562	0.9562	0.9562	0.0000	0.0000	
0.2318	1.5534e+005	0.7929	0.8918	0.9906	0.9906	0.0024	0.9559	0.9559	0.9559	0.0000	0.0000	
0.2328	1.5514e+005	0.7920	0.8912	0.9904	0.9904	0.0024	0.9554	0.9554	0.9554	0.0000	0.0000	
0.2338	1.5494e+005	0.7906	0.8904	0.9903	0.9903	0.0024	0.9550	0.9550	0.9550	0.0000	0.0000	
0.2348	1.5474e+005	0.7891	0.8896	0.9902	0.9902	0.0025	0.9546	0.9546	0.9546	0.0000	0.0000	
0.2358	1.5453e+005	0.7881	0.8891	0.9900	0.9900	0.0025	0.9542	0.9542	0.9542	0.0000	0.0000	
0.2368	1.5433e+005	0.7872	0.8886	0.9899	0.9899	0.0025	0.9538	0.9538	0.9538	0.0000	0.0000	
0.2378	1.5413e+005	0.7857	0.8877	0.9898	0.9898	0.0026	0.9534	0.9534	0.9534	0.0000	0.0000	
0.2388	1.5393e+005	0.7846	0.8871	0.9896	0.9896	0.0026	0.9529	0.9529	0.9529	0.0000	0.0000	
0.2398	1.5373e+005	0.7837	0.8866	0.9895	0.9895	0.0026	0.9525	0.9525	0.9525	0.0000	0.0000	
0.2408	1.5352e+005	0.7821	0.8857	0.9893	0.9893	0.0027	0.9521	0.9521	0.9521	0.0000	0.0000	
0.2418	1.5332e+005	0.7807	0.8849	0.9892	0.9892	0.0027	0.9517	0.9517	0.9517	0.0000	0.0000	
0.2428	1.5312e+005	0.7794	0.8842	0.9890	0.9890	0.0028	0.9512	0.9512	0.9512	0.0000	0.0000	
0.2438	1.5292e+005	0.7780	0.8835	0.9889	0.9889	0.0028	0.9508	0.9508	0.9508	0.0000	0.0000	
0.2448	1.5272e+005	0.7764	0.8826	0.9888	0.9888	0.0028	0.9504	0.9504	0.9504	0.0000	0.0000	
0.2458	1.5251e+005	0.7745	0.8815	0.9886	0.9886	0.0029	0.9500	0.9500	0.9500	0.0000	0.0000	
0.2468	1.5231e+005	0.7732	0.8808	0.9885	0.9885	0.0029	0.9495	0.9495	0.9495	0.0000	0.0000	
0.2478	1.5211e+005	0.7720	0.8801	0.9883	0.9883	0.0029	0.9491	0.9491	0.9491	0.0000	0.0000	
0.2488	1.5191e+005	0.7704	0.8793	0.9881	0.9881	0.0030	0.9486	0.9486	0.9486	0.0000	0.0000	
0.2498	1.5171e+005	0.7689	0.8785	0.9880	0.9880	0.0030	0.9482	0.9482	0.9482	0.0000	0.0000	
0.2508	1.515e+005	0.7677	0.8778	0.9878	0.9878	0.0031	0.9478	0.9478	0.9478	0.0000	0.0000	
0.2518	1.513e+005	0.7662	0.8770	0.9877	0.9877	0.0031	0.9473	0.9473	0.9473	0.0000	0.0000	
0.2527	1.511e+005	0.7640	0.8758	0.9875	0.9875	0.0031	0.9469	0.9469	0.9469	0.0000	0.0000	
0.2537	1.509e+005	0.7622	0.8748	0.9874	0.9874	0.0032	0.9464	0.9464	0.9464	0.0000	0.0000	
0.2547	1.507e+005	0.7604	0.8738	0.9872	0.9872	0.0032	0.9460	0.9460	0.9460	0.0000	0.0000	
0.2557	1.5049e+005	0.7593	0.8731	0.9870	0.9870	0.0033	0.9455	0.9455	0.9455	0.0000	0.0000	
0.2567	1.5029e+005	0.7582	0.8725	0.9869	0.9869	0.0033	0.9451	0.9451	0.9451	0.0000	0.0000	
0.2577	1.5009e+005	0.7567	0.8717	0.9867	0.9867	0.0033	0.9446	0.9446	0.9446	0.0000	0.0000	
0.2587	1.4989e+005	0.7552	0.8709	0.9865	0.9865	0.0034	0.9441	0.9441	0.9441	0.0000	0.0000	
0.2597	1.4969e+005	0.7538	0.8701	0.9864	0.9864	0.0034	0.9437	0.9437	0.9437	0.0000	0.0000	
0.2607	1.4948e+005	0.7523	0.8693	0.9862	0.9862	0.0035	0.9432	0.9432	0.9432	0.0000	0.0000	
0.2617	1.4928e+005	0.7505	0.8682	0.9860	0.9860	0.0035	0.9428	0.9428	0.9428	0.0000	0.0000	
0.2627	1.4908e+005	0.7493	0.8676	0.9858	0.9858	0.0036	0.9423	0.9423	0.9423	0.0000	0.0000	
0.2637	1.4888e+005	0.7476	0.8667	0.9857	0.9857	0.0036	0.9418	0.9418	0.9418	0.0000	0.0000	
0.2647	1.4868e+005	0.7462	0.8659	0.9855	0.9855	0.0036	0.9413	0.9413	0.9413	0.0000	0.0000	
0.2657	1.4847e+005	0.7451	0.8652	0.9853	0.9853	0.0037	0.9409	0.9409	0.9409	0.0000	0.0000	
0.2667	1.4827e+005	0.7441	0.8646	0.9851	0.9851	0.0037	0.9404	0.9404	0.9404	0.0000	0.0000	
0.2677	1.4807e+005	0.7428	0.8639	0.9850	0.9850	0.0038	0.9399	0.9399	0.9399	0.0000	0.0000	
0.2687	1.4787e+005	0.7416	0.8632	0.9848	0.9848	0.0038	0.9394	0.9394	0.9394	0.0000	0.0000	
0.2697	1.4767e+005	0.7402	0.8624	0.9846	0.9846	0.0039	0.9389	0.9389	0.9389	0.0000	0.0000	
0.2707	1.4746e+005	0.7389	0.8617	0.9844	0.9844	0.0039	0.9384	0.9384	0.9384	0.0000	0.0000	
0.2717	1.4726e+005	0.7377	0.8609	0.9842	0.9842	0.0040	0.9379	0.9379	0.9379	0.0000	0.0000	
0.2727	1.4706e+005	0.7365	0.8603	0.9840	0.9840	0.0040	0.9374	0.9374	0.9374	0.0000	0.0000	
0.2737	1.4686e+005	0.7354	0.8596	0.9838	0.9838	0.0041	0.9369	0.9369	0.9369	0.0000	0.0000	
0.2747	1.4666e+005	0.7343	0.8590	0.9837	0.9837	0.0041	0.9364	0.9364	0.9364	0.0000	0.0000	
0.2757	1.4645e+005	0.7332	0.8583	0.9835	0.9835	0.0042	0.9359	0.9359	0.9359	0.0000	0.0000	
0.2767	1.4625e+005	0.7321	0.8577	0.9833	0.9833	0.0042	0.9354	0.9354	0.9354	0.0000	0.0000	
0.2777	1.4605e+005	0.7310	0.8570	0.9831	0.9831	0.0043	0.9349	0.9349	0.9349	0.0000	0.0000	
0.2787	1.4585e+005	0.7298	0.8563	0.9829	0.9829	0.0043	0.9344	0.9344	0.9344	0.0000	0.0000	
0.2797	1.4565e+005	0.7281	0.8554	0.9827	0.9827	0.0044	0.9339	0.9339	0.9339	0.0000	0.0000	
0.2807	1.4544e+005	0.7271	0.8548	0.9825	0.9825	0.0044	0.9334	0.9334	0.9334	0.0000	0.0000	
0.2817	1.4524e+005	0.7259	0.8541	0.9823	0.9823	0.0045	0.9329	0.9329	0.9329	0.0000	0.0000	
0.2827	1.4504e+005	0.7246	0.8533	0.9821	0.9821	0.0045	0.9324	0.9324	0.9324	0.0000	0.0000	
0.2837	1.4484e+005	0.7238	0.8528	0.9819	0.9819	0.0046	0.9319	0.9319	0.9319	0.0000	0.0000	
0.2847	1.4464e+005	0.7227	0.8522	0.9817	0.9817	0.0046	0.9313	0.9313	0.9313	0.0000	0.0000	
0.2857	1.4443e+005	0.7214	0.8514	0.9814	0.9814	0.0047	0.9308	0.9308	0.9308	0.0000	0.0000	
0.2867	1.4423e+005	0.7205	0.8508	0.9812	0.9812	0.0047	0.9303	0.9303	0.9303	0.0000	0.0000	
0.2877	1.4403e+005	0.7195	0.8503	0.9810	0.9810	0.0048	0.9297	0.9297	0.9297	0.0000	0.0000	
0.2887	1.4383e+005	0.7181	0.8495	0.9808	0.9808	0.0048	0.9292	0.9292	0.9292	0.0000	0.0000	
0.2897	1.4363e+005	0.7175	0.8490	0.9806	0.9806	0.0049	0.9287	0.9287	0.9287	0.0000	0.0000	
0.2907	1.4342e+005	0.7161	0.8483	0.9804	0.9804	0.0049	0.9281	0.9281	0.9281	0.0000	0.0000	
0.2917	1.4322e+005	0.7149	0.8475	0.9802	0.9802	0.0050	0.9276	0.9276	0.9276	0.0000	0.0000	
0.2927	1.4302e+005	0.7132	0.8466	0.9799	0.9799	0.0051	0.9271	0.9271	0.9271	0.0000	0.0000	
0.2937	1.4282e+005	0.7124	0.8460	0.9797	0.9797	0.0051	0.9265	0.9265	0.9265	0.0000	0.0000	
0.2947	1.4262e+005	0.7112	0.8453	0.9795	0.9795	0.0052	0.9260	0.9260	0.9260	0.0000	0.0000	
0.2957	1.4241e+005	0.7099	0.8446	0.9793	0.9793	0.0052	0.9255	0.9255	0.9255	0.0000	0.0000	
0.2967	1.4221e+005	0.7092	0.8441	0.9790	0.9790	0.0053	0.9249	0.9249	0.9249	0.0000	0.0000	
0.2977	1.4201e+005	0.7078	0.8433	0.9788	0.9788	0.0053	0.9244	0.9244	0.9244	0.0000	0.0000	
0.2987	1.4181e+005	0.7066	0.8426	0.9786	0.9786	0.0054	0.9238	0.9238	0.9238	0.0000	0.0000	
0.2997	1.4161e+005	0.7054	0.8419	0.9784	0.9784	0.0055	0.9233	0.9233	0.9233	0.0000	0.0000	
0.3007	1.414e+005	0.7040	0.8411	0.9781	0.9781	0.0055	0.9228	0.9228	0.9228	0.0000	0.0000	
0.3017	1.412e+005	0.7026	0.8403	0.9779	0.9779	0.0056	0.9222	0.9222	0.9222	0.0000	0.0000	
0.3027	1.41e+005 	0.7011	0.8394	0.9777	0.9777	0.0056	0.9217	0.9217	0.9217	0.0000	0.0000	
0.3037	1.408e+005	0.7000	0.8387	0.9774	0.9774	0.0057	0.9211	0.9211	0.9211	0.0000	0.0000	
0.3047	1.406e+005	0.6977	0.8374	0.9772	0.9772	0.0058	0.9205	0.9205	0.9205	0.0000	0.0000	
0.3057	1.4039e+005	0.6966	0.8368	0.9769	0.9769	0.0058	0.9200	0.9200	0.9200	0.0000	0.0000	
0.3067	1.4019e+005	0.6953	0.8360	0.9767	0.9767	0.0059	0.9194	0.9194	0.9194	0.0000	0.0000	
0.3077	1.3999e+005	0.6945	0.8355	0.9765	0.9765	0.0059	0.9188	0.9188	0.9188	0.0000	0.0000	
0.3087	1.3979e+005	0.6934	0.8348	0.9762	0.9762	0.0060	0.9183	0.9183	0.9183	0.0000	0.0000	
0.3097	1.3959e+005	0.6920	0.8340	0.9760	0.9760	0.0061	0.9177	0.9177	0.9177	0.0000	0.0000	
0.3107	1.3938e+005	0.6914	0.8336	0.9757	0.9757	0.0061	0.9171	0.9171	0.9171	0.0000	0.0000	
0.3117	1.3918e+005	0.6897	0.8326	0.9754	0.9754	0.0062	0.9166	0.9166	0.9166	0.0000	0.0000	
0.3127	1.3898e+005	0.6882	0.8317	0.9752	0.9752	0.0063	0.9160	0.9160	0.9160	0.0000	0.0000	
0.3137	1.3878e+005	0.6869	0.8309	0.9749	0.9749	0.0063	0.9154	0.9154	0.9154	0.0000	0.0000	
0.3147	1.3858e+005	0.6851	0.8299	0.9747	0.9747	0.0064	0.9148	0.9148	0.9148	0.0000	0.0000	
0.3157	1.3837e+005	0.6839	0.8291	0.9744	0.9744	0.0065	0.9143	0.9143	0.9143	0.0000	0.0000	
0.3167	1.3817e+005	0.6825	0.8283	0.9742	0.9742	0.0065	0.9137	0.9137	0.9137	0.0000	0.0000	
0.3177	1.3797e+005	0.6813	0.8276	0.9739	0.9739	0.0066	0.9131	0.9131	0.9131	0.0000	0.0000	
0.3187	1.3777e+005	0.6796	0.8266	0.9736	0.9736	0.0067	0.9125	0.9125	0.9125	0.0000	0.0000	
0.3197	1.3757e+005	0.6782	0.8258	0.9734	0.9734	0.0067	0.9119	0.9119	0.9119	0.0000	0.0000	
0.3207	1.3736e+005	0.6766	0.8249	0.9731	0.9731	0.0068	0.9113	0.9113	0.9113	0.0000	0.0000	
0.3217	1.3716e+005	0.6755	0.8241	0.9728	0.9728	0.0069	0.9107	0.9107	0.9107	0.0000	0.0000	
0.3227	1.3696e+005	0.6737	0.8231	0.9725	0.9725	0.0069	0.9101	0.9101	0.9101	0.0000	0.0000	
0.3237	1.3676e+005	0.6722	0.8222	0.9723	0.9723	0.0070	0.9095	0.9095	0.9095	0.0000	0.0000	
0.3247	1.3656e+005	0.6712	0.8216	0.9720	0.9720	0.0071	0.9089	0.9089	0.9089	0.0000	0.0000	
0.3257	1.3635e+005	0.6694	0.8206	0.9717	0.9717	0.0072	0.9083	0.9083	0.9083	0.0000	0.0000	
0.3267	1.3615e+005	0.6686	0.8200	0.9714	0.9714	0.0072	0.9077	0.9077	0.9077	0.0000	0.0000	
0.3277	1.3595e+005	0.6673	0.8192	0.9711	0.9711	0.0073	0.9071	0.9071	0.9071	0.0000	0.0000	
0.3287	1.3575e+005	0.6658	0.8183	0.9709	0.9709	0.0074	0.9065	0.9065	0.9065	0.0000	0.0000	
0.3297	1.3555e+005	0.6638	0.8172	0.9706	0.9706	0.0074	0.9059	0.9059	0.9059	0.0000	0.0000	
0.3307	1.3534e+005	0.6622	0.8162	0.9703	0.9703	0.0075	0.9053	0.9053	0.9053	0.0000	0.0000	
0.3317	1.3514e+005	0.6609	0.8154	0.9700	0.9700	0.0076	0.9046	0.9046	0.9046	0.0000	0.0000	
0.3327	1.3494e+005	0.6587	0.8142	0.9697	0.9697	0.0077	0.9040	0.9040	0.9040	0.0000	0.0000	
0.3337	1.3474e+005	0.6575	0.8134	0.9694	0.9694	0.0077	0.9034	0.9034	0.9034	0.0000	0.0000	
0.3347	1.3454e+005	0.6560	0.8125	0.9691	0.9691	0.0078	0.9028	0.9028	0.9028	0.0000	0.0000	
0.3357	1.3433e+005	0.6542	0.8115	0.9688	0.9688	0.0079	0.9022	0.9022	0.9022	0.0000	0.0000	
0.3367	1.3413e+005	0.6526	0.8106	0.9685	0.9685	0.0080	0.9015	0.9015	0.9015	0.0000	0.0000	
0.3377	1.3393e+005	0.6518	0.8100	0.9682	0.9682	0.0080	0.9009	0.9009	0.9009	0.0000	0.0000	
0.3387	1.3373e+005	0.6499	0.8089	0.9679	0.9679	0.0081	0.9003	0.9003	0.9003	0.0000	0.0000	
0.3397	1.3353e+005	0.6472	0.8074	0.9676	0.9676	0.0082	0.8996	0.8996	0.8996	0.0000	0.0000	
0.3407	1.3332e+005	0.6455	0.8064	0.9673	0.9673	0.0083	0.8990	0.8990	0.8990	0.0000	0.0000	
0.3417	1.3312e+005	0.6437	0.8053	0.9670	0.9670	0.0084	0.8984	0.8984	0.8984	0.0000	0.0000	
0.3427	1.3292e+005	0.6422	0.8044	0.9666	0.9666	0.0084	0.8978	0.8978	0.8978	0.0000	0.0000	
0.3437	1.3272e+005	0.6408	0.8036	0.9663	0.9663	0.0085	0.8971	0.8971	0.8971	0.0000	0.0000	
0.3447	1.3252e+005	0.6393	0.8027	0.9660	0.9660	0.0086	0.8965	0.8965	0.8965	0.0000	0.0000	
0.3457	1.3231e+005	0.6375	0.8016	0.9657	0.9657	0.0087	0.8958	0.8958	0.8958	0.0000	0.0000	
0.3467	1.3211e+005	0.6358	0.8006	0.9654	0.9654	0.0088	0.8952	0.8952	0.8952	0.0000	0.0000	
0.3477	1.3191e+005	0.6342	0.7996	0.9651	0.9651	0.0089	0.8945	0.8945	0.8945	0.0000	0.0000	
0.3487	1.3171e+005	0.6324	0.7986	0.9647	0.9647	0.0089	0.8939	0.8939	0.8939	0.0000	0.0000	
0.3496	1.3151e+005	0.6309	0.7976	0.9644	0.9644	0.0090	0.8933	0.8933	0.8933	0.0000	0.0000	
0.3506	1.313e+005	0.6288	0.7964	0.9641	0.9641	0.0091	0.8926	0.8926	0.8926	0.0000	0.0000	
0.3516	1.311e+005	0.6273	0.7955	0.9637	0.9637	0.0092	0.8920	0.8920	0.8920	0.0000	0.0000	
0.3526	1.309e+005	0.6254	0.7944	0.9634	0.9634	0.0093	0.8913	0.8913	0.8913	0.0000	0.0000	
0.3536	1.307e+005	0.6241	0.7936	0.9631	0.9631	0.0094	0.8906	0.8906	0.8906	0.0000	0.0000	
0.3546	1.305e+005	0.6231	0.7929	0.9627	0.9627	0.0094	0.8900	0.8900	0.8900	0.0000	0.0000	
0.3556	1.3029e+005	0.6214	0.7919	0.9624	0.9624	0.0095	0.8893	0.8893	0.8893	0.0000	0.0000	
0.3566	1.3009e+005	0.6196	0.7908	0.9621	0.9621	0.0096	0.8887	0.8887	0.8887	0.0000	0.0000	
0.3576	1.2989e+005	0.6179	0.7898	0.9617	0.9617	0.0097	0.8880	0.8880	0.8880	0.0000	0.0000	
0.3586	1.2969e+005	0.6159	0.7886	0.9614	0.9614	0.0098	0.8873	0.8873	0.8873	0.0000	0.0000	
0.3596	1.2949e+005	0.6141	0.7876	0.9610	0.9610	0.0099	0.8867	0.8867	0.8867	0.0000	0.0000	
0.3606	1.2928e+005	0.6124	0.7865	0.9607	0.9607	0.0100	0.8860	0.8860	0.8860	0.0000	0.0000	
0.3616	1.2908e+005	0.6108	0.7855	0.9603	0.9603	0.0101	0.8853	0.8853	0.8853	0.0000	0.0000	
0.3626	1.2888e+005	0.6092	0.7846	0.9600	0.9600	0.0102	0.8846	0.8846	0.8846	0.0000	0.0000	
0.3636	1.2868e+005	0.6080	0.7838	0.9596	0.9596	0.0103	0.8839	0.8839	0.8839	0.0000	0.0000	
0.3646	1.2848e+005	0.6068	0.7830	0.9593	0.9593	0.0103	0.8833	0.8833	0.8833	0.0000	0.0000	
0.3656	1.2827e+005	0.6057	0.7823	0.9589	0.9589	0.0104	0.8826	0.8826	0.8826	0.0000	0.0000	
0.3666	1.2807e+005	0.6040	0.7813	0.9585	0.9585	0.0105	0.8819	0.8819	0.8819	0.0000	0.0000	
0.3676	1.2787e+005	0.6026	0.7804	0.9582	0.9582	0.0106	0.8812	0.8812	0.8812	0.0000	0.0000	
0.3686	1.2767e+005	0.6012	0.7795	0.9578	0.9578	0.0107	0.8805	0.8805	0.8805	0.0000	0.0000	
0.3696	1.2747e+005	0.5997	0.7786	0.9574	0.9574	0.0108	0.8798	0.8798	0.8798	0.0000	0.0000	
0.3706	1.2726e+005	0.5987	0.7779	0.9571	0.9571	0.0109	0.8791	0.8791	0.8791	0.0000	0.0000	
0.3716	1.2706e+005	0.5971	0.7769	0.9567	0.9567	0.0110	0.8784	0.8784	0.8784	0.0000	0.0000	
0.3726	1.2686e+005	0.5958	0.7760	0.9563	0.9563	0.0111	0.8777	0.8777	0.8777	0.0000	0.0000	
0.3736	1.2666e+005	0.5947	0.7753	0.9559	0.9559	0.0112	0.8770	0.8770	0.8770	0.0000	0.0000	
0.3746	1.2646e+005	0.5929	0.7742	0.9556	0.9556	0.0113	0.8763	0.8763	0.8763	0.0000	0.0000	
0.3756	1.2625e+005	0.5910	0.7731	0.9552	0.9552	0.0114	0.8755	0.8755	0.8755	0.0000	0.0000	
0.3766	1.2605e+005	0.5892	0.7720	0.9548	0.9548	0.0115	0.8748	0.8748	0.8748	0.0000	0.0000	
0.3776	1.2585e+005	0.5879	0.7712	0.9544	0.9544	0.0116	0.8741	0.8741	0.8741	0.0000	0.0000	
0.3786	1.2565e+005	0.5866	0.7703	0.9540	0.9540	0.0117	0.8734	0.8734	0.8734	0.0000	0.0000	
0.3796	1.2545e+005	0.5851	0.7694	0.9536	0.9536	0.0118	0.8727	0.8727	0.8727	0.0000	0.0000	
0.3806	1.2524e+005	0.5836	0.7684	0.9532	0.9532	0.0119	0.8720	0.8720	0.8720	0.0000	0.0000	
0.3816	1.2504e+005	0.5819	0.7674	0.9529	0.9529	0.0120	0.8712	0.8712	0.8712	0.0000	0.0000	
0.3826	1.2484e+005	0.5807	0.7666	0.9525	0.9525	0.0121	0.8705	0.8705	0.8705	0.0000	0.0000	
0.3836	1.2464e+005	0.5796	0.7658	0.9521	0.9521	0.0122	0.8698	0.8698	0.8698	0.0000	0.0000	
0.3846	1.2444e+005	0.5782	0.7649	0.9517	0.9517	0.0123	0.8691	0.8691	0.8691	0.0000	0.0000	
0.3856	1.2423e+005	0.5772	0.7642	0.9513	0.9513	0.0124	0.8683	0.8683	0.8683	0.0000	0.0000	
0.3866	1.2403e+005	0.5761	0.7635	0.9508	0.9508	0.0125	0.8676	0.8676	0.8676	0.0000	0.0000	
0.3876	1.2383e+005	0.5747	0.7626	0.9504	0.9504	0.0126	0.8668	0.8668	0.8668	0.0000	0.0000	
0.3886	1.2363e+005	0.5724	0.7612	0.9500	0.9500	0.0127	0.8661	0.8661	0.8661	0.0000	0.0000	
0.3896	1.2343e+005	0.5707	0.7602	0.9496	0.9496	0.0128	0.8654	0.8654	0.8654	0.0000	0.0000	
0.3906	1.2322e+005	0.5697	0.7595	0.9492	0.9492	0.0129	0.8646	0.8646	0.8646	0.0000	0.0000	
0.3916	1.2302e+005	0.5677	0.7583	0.9488	0.9488	0.0131	0.8639	0.8639	0.8639	0.0000	0.0000	
0.3926	1.2282e+005	0.5664	0.7574	0.9484	0.9484	0.0132	0.8631	0.8631	0.8631	0.0000	0.0000	
0.3936	1.2262e+005	0.5648	0.7564	0.9480	0.9480	0.0133	0.8624	0.8624	0.8624	0.0000	0.0000	
0.3946	1.2242e+005	0.5629	0.7552	0.9475	0.9475	0.0134	0.8616	0.8616	0.8616	0.0000	0.0000	
0.3956	1.2221e+005	0.5619	0.7545	0.9471	0.9471	0.0135	0.8609	0.8609	0.8609	0.0000	0.0000	
0.3966	1.2201e+005	0.5600	0.7533	0.9467	0.9467	0.0136	0.8601	0.8601	0.8601	0.0000	0.0000	
0.3976	1.2181e+005	0.5586	0.7524	0.9463	0.9463	0.0137	0.8594	0.8594	0.8594	0.0000	0.0000	
0.3986	1.2161e+005	0.5571	0.7514	0.9458	0.9458	0.0138	0.8586	0.8586	0.8586	0.0000	0.0000	
0.3996	1.2141e+005	0.5561	0.7508	0.9454	0.9454	0.0139	0.8578	0.8578	0.8578	0.0000	0.0000	
0.4006	1.212e+005	0.5549	0.7499	0.9450	0.9450	0.0141	0.8571	0.8571	0.8571	0.0000	0.0000	
0.4016	1.21e+005 	0.5540	0.7493	0.9445	0.9445	0.0142	0.8563	0.8563	0.8563	0.0000	0.0000	
0.4026	1.208e+005	0.5526	0.7483	0.9441	0.9441	0.0143	0.8556	0.8556	0.8556	0.0000	0.0000	
0.4036	1.206e+005	0.5508	0.7472	0.9436	0.9436	0.0144	0.8548	0.8548	0.8548	0.0000	0.0000	
0.4046	1.204e+005	0.5496	0.7464	0.9432	0.9432	0.0145	0.8540	0.8540	0.8540	0.0000	0.0000	
0.4056	1.2019e+005	0.5484	0.7456	0.9428	0.9428	0.0146	0.8533	0.8533	0.8533	0.0000	0.0000	
0.4066	1.1999e+005	0.5474	0.7448	0.9423	0.9423	0.0147	0.8525	0.8525	0.8525	0.0000	0.0000	
0.4076	1.1979e+005	0.5461	0.7440	0.9419	0.9419	0.0149	0.8517	0.8517	0.8517	0.0000	0.0000	
0.4086	1.1959e+005	0.5449	0.7431	0.9414	0.9414	0.0150	0.8509	0.8509	0.8509	0.0000	0.0000	
0.4096	1.1939e+005	0.5430	0.7420	0.9410	0.9410	0.0151	0.8501	0.8501	0.8501	0.0000	0.0000	
0.4106	1.1918e+005	0.5421	0.7413	0.9405	0.9405	0.0152	0.8494	0.8494	0.8494	0.0000	0.0000	
0.4116	1.1898e+005	0.5405	0.7403	0.9400	0.9400	0.0153	0.8486	0.8486	0.8486	0.0000	0.0000	
0.4126	1.1878e+005	0.5397	0.7396	0.9396	0.9396	0.0155	0.8478	0.8478	0.8478	0.0000	0.0000	
0.4136	1.1858e+005	0.5384	0.7388	0.9391	0.9391	0.0156	0.8470	0.8470	0.8470	0.0000	0.0000	
0.4146	1.1838e+005	0.5374	0.7380	0.9387	0.9387	0.0157	0.8462	0.8462	0.8462	0.0000	0.0000	
0.4156	1.1817e+005	0.5362	0.7372	0.9382	0.9382	0.0158	0.8454	0.8454	0.8454	0.0000	0.0000	
0.4166	1.1797e+005	0.5349	0.7363	0.9377	0.9377	0.0159	0.8446	0.8446	0.8446	0.0000	0.0000	
0.4176	1.1777e+005	0.5336	0.7354	0.9372	0.9372	0.0161	0.8438	0.8438	0.8438	0.0000	0.0000	
0.4186	1.1757e+005	0.5328	0.7348	0.9368	0.9368	0.0162	0.8430	0.8430	0.8430	0.0000	0.0000	
0.4196	1.1737e+005	0.5315	0.7339	0.9363	0.9363	0.0163	0.8422	0.8422	0.8422	0.0000	0.0000	
0.4206	1.1716e+005	0.5300	0.7329	0.9358	0.9358	0.0164	0.8414	0.8414	0.8414	0.0000	0.0000	
0.4216	1.1696e+005	0.5282	0.7317	0.9353	0.9353	0.0166	0.8406	0.8406	0.8406	0.0000	0.0000	
0.4226	1.1676e+005	0.5268	0.7308	0.9349	0.9349	0.0167	0.8398	0.8398	0.8398	0.0000	0.0000	
0.4236	1.1656e+005	0.5260	0.7302	0.9344	0.9344	0.0168	0.8390	0.8390	0.8390	0.0000	0.0000	
0.4246	1.1636e+005	0.5253	0.7296	0.9339	0.9339	0.0170	0.8381	0.8381	0.8381	0.0000	0.0000	
0.4256	1.1615e+005	0.5242	0.7288	0.9334	0.9334	0.0171	0.8373	0.8373	0.8373	0.0000	0.0000	
0.4266	1.1595e+005	0.5232	0.7281	0.9329	0.9329	0.0172	0.8365	0.8365	0.8365	0.0000	0.0000	
0.4276	1.1575e+005	0.5216	0.7270	0.9324	0.9324	0.0173	0.8357	0.8357	0.8357	0.0000	0.0000	
0.4286	1.1555e+005	0.5205	0.7262	0.9319	0.9319	0.0175	0.8349	0.8349	0.8349	0.0000	0.0000	
0.4296	1.1535e+005	0.5191	0.7253	0.9314	0.9314	0.0176	0.8341	0.8341	0.8341	0.0000	0.0000	
0.4306	1.1514e+005	0.5183	0.7246	0.9309	0.9309	0.0177	0.8332	0.8332	0.8332	0.0000	0.0000	
0.4316	1.1494e+005	0.5171	0.7238	0.9304	0.9304	0.0179	0.8324	0.8324	0.8324	0.0000	0.0000	
0.4326	1.1474e+005	0.5160	0.7230	0.9299	0.9299	0.0180	0.8316	0.8316	0.8316	0.0000	0.0000	
0.4336	1.1454e+005	0.5149	0.7222	0.9294	0.9294	0.0181	0.8307	0.8307	0.8307	0.0000	0.0000	
0.4346	1.1434e+005	0.5136	0.7213	0.9289	0.9289	0.0183	0.8299	0.8299	0.8299	0.0000	0.0000	
0.4356	1.1413e+005	0.5123	0.7204	0.9284	0.9284	0.0184	0.8291	0.8291	0.8291	0.0000	0.0000	
0.4366	1.1393e+005	0.5113	0.7196	0.9279	0.9279	0.0185	0.8283	0.8283	0.8283	0.0000	0.0000	
0.4376	1.1373e+005	0.5096	0.7185	0.9274	0.9274	0.0187	0.8274	0.8274	0.8274	0.0000	0.0000	
0.4386	1.1353e+005	0.5087	0.7178	0.9269	0.9269	0.0188	0.8266	0.8266	0.8266	0.0000	0.0000	
0.4396	1.1333e+005	0.5075	0.7169	0.9264	0.9264	0.0189	0.8258	0.8258	0.8258	0.0000	0.0000	
0.4406	1.1312e+005	0.5067	0.7163	0.9259	0.9259	0.0191	0.8249	0.8249	0.8249	0.0000	0.0000	
0.4416	1.1292e+005	0.5060	0.7157	0.9253	0.9253	0.0192	0.8241	0.8241	0.8241	0.0000	0.0000	
0.4426	1.1272e+005	0.5051	0.7149	0.9248	0.9248	0.0194	0.8232	0.8232	0.8232	0.0000	0.0000	
0.4436	1.1252e+005	0.5042	0.7142	0.9243	0.9243	0.0195	0.8224	0.8224	0.8224	0.0000	0.0000	
0.4446	1.1232e+005	0.5034	0.7136	0.9238	0.9238	0.0196	0.8216	0.8216	0.8216	0.0000	0.0000	
0.4456	1.1211e+005	0.5026	0.7129	0.9232	0.9232	0.0198	0.8207	0.8207	0.8207	0.0000	0.0000	
0.4466	1.1191e+005	0.5015	0.7121	0.9227	0.9227	0.0199	0.8199	0.8199	0.8199	0.0000	0.0000	
0.4475	1.1171e+005	0.5007	0.7114	0.9222	0.9222	0.0201	0.8190	0.8190	0.8190	0.0000	0.0000	
0.4485	1.1151e+005	0.5001	0.7109	0.9216	0.9216	0.0202	0.8181	0.8181	0.8181	0.0000	0.0000	
0.4495	1.1131e+005	0.4989	0.7100	0.9211	0.9211	0.0203	0.8173	0.8173	0.8173	0.0000	0.0000	
0.4505	1.111e+005	0.4976	0.7091	0.9206	0.9206	0.0205	0.8164	0.8164	0.8164	0.0000	0.0000	
0.4515	1.109e+005	0.4970	0.7085	0.9200	0.9200	0.0206	0.8156	0.8156	0.8156	0.0000	0.0000	
0.4525	1.107e+005	0.4960	0.7077	0.9195	0.9195	0.0208	0.8147	0.8147	0.8147	0.0000	0.0000	
0.4535	1.105e+005	0.4953	0.7071	0.9189	0.9189	0.0209	0.8139	0.8139	0.8139	0.0000	0.0000	
0.4545	1.103e+005	0.4944	0.7064	0.9184	0.9184	0.0211	0.8130	0.8130	0.8130	0.0000	0.0000	
0.4555	1.1009e+005	0.4935	0.7057	0.9178	0.9178	0.0212	0.8121	0.8121	0.8121	0.0000	0.0000	
0.4565	1.0989e+005	0.4929	0.7051	0.9173	0.9173	0.0214	0.8113	0.8113	0.8113	0.0000	0.0000	
0.4575	1.0969e+005	0.4920	0.7043	0.9167	0.9167	0.0215	0.8104	0.8104	0.8104	0.0000	0.0000	
0.4585	1.0949e+005	0.4910	0.7036	0.9162	0.9162	0.0216	0.8095	0.8095	0.8095	0.0000	0.0000	
0.4595	1.0929e+005	0.4907	0.7032	0.9156	0.9156	0.0218	0.8086	0.8086	0.8086	0.0000	0.0000	
0.4605	1.0908e+005	0.4898	0.7024	0.9151	0.9151	0.0219	0.8078	0.8078	0.8078	0.0000	0.0000	
0.4615	1.0888e+005	0.4891	0.7018	0.9145	0.9145	0.0221	0.8069	0.8069	0.8069	0.0000	0.0000	
0.4625	1.0868e+005	0.4882	0.7011	0.9139	0.9139	0.0222	0.8060	0.8060	0.8060	0.0000	0.0000	
0.4635	1.0848e+005	0.4871	0.7002	0.9134	0.9134	0.0224	0.8051	0.8051	0.8051	0.0000	0.0000	
0.4645	1.0828e+005	0.4866	0.6997	0.9128	0.9128	0.0225	0.8042	0.8042	0.8042	0.0000	0.0000	
0.4655	1.0807e+005	0.4853	0.6988	0.9122	0.9122	0.0227	0.8034	0.8034	0.8034	0.0000	0.0000	
0.4665	1.0787e+005	0.4846	0.6981	0.9117	0.9117	0.0229	0.8025	0.8025	0.8025	0.0000	0.0000	
0.4675	1.0767e+005	0.4839	0.6975	0.9111	0.9111	0.0230	0.8016	0.8016	0.8016	0.0000	0.0000	
0.4685	1.0747e+005	0.4828	0.6966	0.9105	0.9105	0.0232	0.8007	0.8007	0.8007	0.0000	0.0000	
0.4695	1.0727e+005	0.4823	0.6961	0.9099	0.9099	0.0233	0.7998	0.7998	0.7998	0.0000	0.0000	
0.4705	1.0706e+005	0.4816	0.6955	0.9094	0.9094	0.0235	0.7989	0.7989	0.7989	0.0000	0.0000	
0.4715	1.0686e+005	0.4806	0.6947	0.9088	0.9088	0.0236	0.7980	0.7980	0.7980	0.0000	0.0000	
0.4725	1.0666e+005	0.4798	0.6940	0.9082	0.9082	0.0238	0.7971	0.7971	0.7971	0.0000	0.0000	
0.4735	1.0646e+005	0.4793	0.6935	0.9076	0.9076	0.0239	0.7962	0.7962	0.7962	0.0000	0.0000	
0.4745	1.0626e+005	0.4787	0.6929	0.9070	0.9070	0.0241	0.7953	0.7953	0.7953	0.0000	0.0000	
0.4755	1.0605e+005	0.4779	0.6922	0.9064	0.9064	0.0243	0.7944	0.7944	0.7944	0.0000	0.0000	
0.4765	1.0585e+005	0.4774	0.6916	0.9058	0.9058	0.0244	0.7935	0.7935	0.7935	0.0000	0.0000	
0.4775	1.0565e+005	0.4765	0.6909	0.9053	0.9053	0.0246	0.7926	0.7926	0.7926	0.0000	0.0000	
0.4785	1.0545e+005	0.4759	0.6903	0.9047	0.9047	0.0247	0.7917	0.7917	0.7917	0.0000	0.0000	
0.4795	1.0525e+005	0.4757	0.6899	0.9041	0.9041	0.0249	0.7908	0.7908	0.7908	0.0000	0.0000	
0.4805	1.0504e+005	0.4751	0.6893	0.9035	0.9035	0.0251	0.7898	0.7898	0.7898	0.0000	0.0000	
0.4815	1.0484e+005	0.4742	0.6885	0.9029	0.9029	0.0252	0.7889	0.7889	0.7889	0.0000	0.0000	
0.4825	1.0464e+005	0.4737	0.6880	0.9023	0.9023	0.0254	0.7880	0.7880	0.7880	0.0000	0.0000	
0.4835	1.0444e+005	0.4731	0.6874	0.9017	0.9017	0.0255	0.7871	0.7871	0.7871	0.0000	0.0000	
0.4845	1.0424e+005	0.4723	0.6867	0.9010	0.9010	0.0257	0.7862	0.7862	0.7862	0.0000	0.0000	
0.4855	1.0403e+005	0.4715	0.6860	0.9004	0.9004	0.0259	0.7853	0.7853	0.7853	0.0000	0.0000	
0.4865	1.0383e+005	0.4711	0.6854	0.8998	0.8998	0.0260	0.7843	0.7843	0.7843	0.0000	0.0000	
0.4875	1.0363e+005	0.4704	0.6848	0.8992	0.8992	0.0262	0.7834	0.7834	0.7834	0.0000	0.0000	
0.4885	1.0343e+005	0.4696	0.6841	0.8986	0.8986	0.0264	0.7825	0.7825	0.7825	0.0000	0.0000	
0.4895	1.0323e+005	0.4690	0.6835	0.8980	0.8980	0.0265	0.7816	0.7816	0.7816	0.0000	0.0000	
0.4905	1.0302e+005	0.4684	0.6829	0.8974	0.8974	0.0267	0.7806	0.7806	0.7806	0.0000	0.0000	
0.4915	1.0282e+005	0.4678	0.6823	0.8967	0.8967	0.0269	0.7797	0.7797	0.7797	0.0000	0.0000	
0.4925	1.0262e+005	0.4677	0.6819	0.8961	0.8961	0.0270	0.7788	0.7788	0.7788	0.0000	0.0000	
0.4935	1.0242e+005	0.4671	0.6813	0.8955	0.8955	0.0272	0.7778	0.7778	0.7778	0.0000	0.0000	
0.4945	1.0222e+005	0.4663	0.6806	0.8949	0.8949	0.0274	0.7769	0.7769	0.7769	0.0000	0.0000	
0.4955	1.0201e+005	0.4657	0.6799	0.8942	0.8942	0.0276	0.7760	0.7760	0.7760	0.0000	0.0000	
0.4965	1.0181e+005	0.4653	0.6794	0.8936	0.8936	0.0277	0.7750	0.7750	0.7750	0.0000	0.0000	
0.4975	1.0161e+005	0.4646	0.6788	0.8930	0.8930	0.0279	0.7741	0.7741	0.7741	0.0000	0.0000	
0.4985	1.0141e+005	0.4642	0.6782	0.8923	0.8923	0.0281	0.7732	0.7732	0.7732	0.0000	0.0000	
0.4995	1.0121e+005	0.4636	0.6776	0.8917	0.8917	0.0283	0.7722	0.7722	0.7722	0.0000	0.0000	
0.5005	1.01e+005 	0.4628	0.6769	0.8911	0.8911	0.0284	0.7713	0.7713	0.7713	0.0000	0.0000	
0.5015	1.008e+005	0.4614	0.6759	0.8904	0.8904	0.0286	0.7703	0.7703	0.7703	0.0000	0.0000	
0.5025	1.006e+005	0.4609	0.6753	0.8898	0.8898	0.0288	0.7694	0.7694	0.7694	0.0000	0.0000	
0.5035	1.004e+005	0.4600	0.6746	0.8891	0.8891	0.0290	0.7684	0.7684	0.7684	0.0000	0.0000	
0.5045	1.002e+005	0.4593	0.6739	0.8885	0.8885	0.0291	0.7675	0.7675	0.7675	0.0000	0.0000	
0.5055	99994     	0.4586	0.6732	0.8878	0.8878	0.0293	0.7665	0.7665	0.7665	0.0000	0.0000	
0.5065	99792     	0.4579	0.6725	0.8872	0.8872	0.0295	0.7656	0.7656	0.7656	0.0000	0.0000	
0.5075	99590     	0.4569	0.6717	0.8865	0.8865	0.0297	0.7647	0.7647	0.7647	0.0000	0.0000	
0.5085	99388     	0.4560	0.6709	0.8858	0.8858	0.0299	0.7637	0.7637	0.7637	0.0000	0.0000	
0.5095	99186     	0.4551	0.6701	0.8852	0.8852	0.0300	0.7627	0.7627	0.7627	0.0000	0.0000	
0.5105	98984     	0.4542	0.6693	0.8845	0.8845	0.0302	0.7618	0.7618	0.7618	0.0000	0.0000	
0.5115	98782     	0.4532	0.6685	0.8838	0.8838	0.0304	0.7608	0.7608	0.7608	0.0000	0.0000	
0.5125	98580     	0.4523	0.6677	0.8832	0.8832	0.0306	0.7599	0.7599	0.7599	0.0000	0.0000	
0.5135	98378     	0.4512	0.6668	0.8825	0.8825	0.0308	0.7589	0.7589	0.7589	0.0000	0.0000	
0.5145	98176     	0.4501	0.6660	0.8818	0.8818	0.0310	0.7579	0.7579	0.7579	0.0000	0.0000	
0.5155	97974     	0.4489	0.6650	0.8811	0.8811	0.0311	0.7570	0.7570	0.7570	0.0000	0.0000	
0.5165	97772     	0.4478	0.6641	0.8805	0.8805	0.0313	0.7560	0.7560	0.7560	0.0000	0.0000	
0.5175	97570     	0.4472	0.6635	0.8798	0.8798	0.0315	0.7550	0.7550	0.7550	0.0000	0.0000	
0.5185	97368     	0.4462	0.6626	0.8791	0.8791	0.0317	0.7540	0.7540	0.7540	0.0000	0.0000	
0.5195	97166     	0.4452	0.6618	0.8784	0.8784	0.0319	0.7531	0.7531	0.7531	0.0000	0.0000	
0.5205	96964     	0.4446	0.6612	0.8777	0.8777	0.0321	0.7521	0.7521	0.7521	0.0000	0.0000	
0.5215	96762     	0.4442	0.6606	0.8770	0.8770	0.0323	0.7511	0.7511	0.7511	0.0000	0.0000	
0.5225	96560     	0.4435	0.6599	0.8763	0.8763	0.0325	0.7502	0.7502	0.7502	0.0000	0.0000	
0.5235	96358     	0.4426	0.6591	0.8756	0.8756	0.0327	0.7492	0.7492	0.7492	0.0000	0.0000	
0.5245	96156     	0.4417	0.6583	0.8749	0.8749	0.0328	0.7482	0.7482	0.7482	0.0000	0.0000	
0.5255	95954     	0.4404	0.6573	0.8742	0.8742	0.0330	0.7472	0.7472	0.7472	0.0000	0.0000	
0.5265	95752     	0.4393	0.6564	0.8735	0.8735	0.0332	0.7463	0.7463	0.7463	0.0000	0.0000	
0.5275	95550     	0.4388	0.6558	0.8728	0.8728	0.0334	0.7453	0.7453	0.7453	0.0000	0.0000	
0.5285	95348     	0.4379	0.6550	0.8721	0.8721	0.0336	0.7443	0.7443	0.7443	0.0000	0.0000	
0.5295	95146     	0.4374	0.6544	0.8714	0.8714	0.0338	0.7433	0.7433	0.7433	0.0000	0.0000	
0.5305	94944     	0.4368	0.6537	0.8707	0.8707	0.0340	0.7423	0.7423	0.7423	0.0000	0.0000	
0.5315	94742     	0.4360	0.6530	0.8700	0.8700	0.0342	0.7413	0.7413	0.7413	0.0000	0.0000	
0.5325	94540     	0.4352	0.6522	0.8693	0.8693	0.0344	0.7403	0.7403	0.7403	0.0000	0.0000	
0.5335	94338     	0.4343	0.6514	0.8685	0.8685	0.0346	0.7393	0.7393	0.7393	0.0000	0.0000	
0.5345	94136     	0.4335	0.6506	0.8678	0.8678	0.0348	0.7383	0.7383	0.7383	0.0000	0.0000	
0.5355	93934     	0.4324	0.6497	0.8671	0.8671	0.0350	0.7373	0.7373	0.7373	0.0000	0.0000	
0.5365	93732     	0.4315	0.6489	0.8664	0.8664	0.0352	0.7364	0.7364	0.7364	0.0000	0.0000	
0.5375	93530     	0.4314	0.6486	0.8657	0.8657	0.0354	0.7354	0.7354	0.7354	0.0000	0.0000	
0.5385	93328     	0.4305	0.6478	0.8650	0.8650	0.0356	0.7344	0.7344	0.7344	0.0000	0.0000	
0.5395	93126     	0.4299	0.6471	0.8642	0.8642	0.0358	0.7334	0.7334	0.7334	0.0000	0.0000	
0.5405	92924     	0.4292	0.6464	0.8635	0.8635	0.0360	0.7324	0.7324	0.7324	0.0000	0.0000	
0.5415	92722     	0.4285	0.6456	0.8628	0.8628	0.0362	0.7314	0.7314	0.7314	0.0000	0.0000	
0.5425	92520     	0.4273	0.6447	0.8620	0.8620	0.0364	0.7304	0.7304	0.7304	0.0000	0.0000	
0.5435	92318     	0.4265	0.6439	0.8613	0.8613	0.0366	0.7294	0.7294	0.7294	0.0000	0.0000	
0.5444	92116     	0.4258	0.6432	0.8605	0.8605	0.0369	0.7284	0.7284	0.7284	0.0000	0.0000	
0.5454	91914     	0.4247	0.6423	0.8598	0.8598	0.0371	0.7274	0.7274	0.7274	0.0000	0.0000	
0.5464	91712     	0.4238	0.6414	0.8590	0.8590	0.0373	0.7263	0.7263	0.7263	0.0000	0.0000	
0.5474	91510     	0.4227	0.6405	0.8583	0.8583	0.0375	0.7253	0.7253	0.7253	0.0000	0.0000	
0.5484	91308     	0.4219	0.6397	0.8575	0.8575	0.0377	0.7243	0.7243	0.7243	0.0000	0.0000	
0.5494	91106     	0.4205	0.6386	0.8568	0.8568	0.0379	0.7233	0.7233	0.7233	0.0000	0.0000	
0.5504	90904     	0.4202	0.6381	0.8560	0.8560	0.0381	0.7223	0.7223	0.7223	0.0000	0.0000	
0.5514	90702     	0.4194	0.6373	0.8552	0.8552	0.0383	0.7212	0.7212	0.7212	0.0000	0.0000	
0.5524	90500     	0.4188	0.6366	0.8545	0.8545	0.0386	0.7202	0.7202	0.7202	0.0000	0.0000	
0.5534	90298     	0.4178	0.6358	0.8537	0.8537	0.0388	0.7192	0.7192	0.7192	0.0000	0.0000	
0.5544	90096     	0.4172	0.6351	0.8529	0.8529	0.0390	0.7181	0.7181	0.7181	0.0000	0.0000	
0.5554	89894     	0.4162	0.6342	0.8522	0.8522	0.0392	0.7171	0.7171	0.7171	0.0000	0.0000	
0.5564	89692     	0.4151	0.6332	0.8514	0.8514	0.0394	0.7161	0.7161	0.7161	0.0000	0.0000	
0.5574	89490     	0.4145	0.6325	0.8506	0.8506	0.0396	0.7150	0.7150	0.7150	0.0000	0.0000	
0.5584	89288     	0.4133	0.6316	0.8498	0.8498	0.0399	0.7140	0.7140	0.7140	0.0000	0.0000	
0.5594	89086     	0.4121	0.6306	0.8490	0.8490	0.0401	0.7130	0.7130	0.7130	0.0000	0.0000	
0.5604	88884     	0.4111	0.6297	0.8483	0.8483	0.0403	0.7119	0.7119	0.7119	0.0000	0.0000	
0.5614	88682     	0.4101	0.6288	0.8475	0.8475	0.0405	0.7109	0.7109	0.7109	0.0000	0.0000	
0.5624	88480     	0.4094	0.6281	0.8467	0.8467	0.0408	0.7098	0.7098	0.7098	0.0000	0.0000	
0.5634	88278     	0.4087	0.6273	0.8459	0.8459	0.0410	0.7088	0.7088	0.7088	0.0000	0.0000	
0.5644	88076     	0.4075	0.6263	0.8451	0.8451	0.0412	0.7077	0.7077	0.7077	0.0000	0.0000	
0.5654	87874     	0.4064	0.6253	0.8443	0.8443	0.0414	0.7067	0.7067	0.7067	0.0000	0.0000	
0.5664	87672     	0.4057	0.6246	0.8435	0.8435	0.0417	0.7056	0.7056	0.7056	0.0000	0.0000	
0.5674	87470     	0.4049	0.6238	0.8427	0.8427	0.0419	0.7046	0.7046	0.7046	0.0000	0.0000	
0.5684	87268     	0.4039	0.6229	0.8419	0.8419	0.0421	0.7035	0.7035	0.7035	0.0000	0.0000	
0.5694	87066     	0.4024	0.6217	0.8410	0.8410	0.0424	0.7025	0.7025	0.7025	0.0000	0.0000	
0.5704	86864     	0.4014	0.6208	0.8402	0.8402	0.0426	0.7014	0.7014	0.7014	0.0000	0.0000	
0.5714	86662     	0.4008	0.6201	0.8394	0.8394	0.0428	0.7004	0.7004	0.7004	0.0000	0.0000	
0.5724	86460     	0.3995	0.6191	0.8386	0.8386	0.0431	0.6993	0.6993	0.6993	0.0000	0.0000	
0.5734	86258     	0.3990	0.6184	0.8378	0.8378	0.0433	0.6982	0.6982	0.6982	0.0000	0.0000	
0.5744	86056     	0.3981	0.6175	0.8369	0.8369	0.0435	0.6972	0.6972	0.6972	0.0000	0.0000	
0.5754	85854     	0.3969	0.6165	0.8361	0.8361	0.0438	0.6961	0.6961	0.6961	0.0000	0.0000	
0.5764	85652     	0.3962	0.6158	0.8353	0.8353	0.0440	0.6950	0.6950	0.6950	0.0000	0.0000	
0.5774	85450     	0.3955	0.6150	0.8345	0.8345	0.0442	0.6939	0.6939	0.6939	0.0000	0.0000	
0.5784	85248     	0.3947	0.6141	0.8336	0.8336	0.0445	0.6929	0.6929	0.6929	0.0000	0.0000	
0.5794	85046     	0.3937	0.6132	0.8328	0.8328	0.0447	0.6918	0.6918	0.6918	0.0000	0.0000	
0.5804	84844     	0.3926	0.6123	0.8319	0.8319	0.0450	0.6907	0.6907	0.6907	0.0000	0.0000	
0.5814	84642     	0.3921	0.6116	0.8311	0.8311	0.0452	0.6896	0.6896	0.6896	0.0000	0.0000	
0.5824	84440     	0.3912	0.6107	0.8302	0.8302	0.0454	0.6885	0.6885	0.6885	0.0000	0.0000	
0.5834	84238     	0.3904	0.6099	0.8294	0.8294	0.0457	0.6875	0.6875	0.6875	0.0000	0.0000	
0.5844	84036     	0.3895	0.6090	0.8285	0.8285	0.0459	0.6864	0.6864	0.6864	0.0000	0.0000	
0.5854	83834     	0.3878	0.6078	0.8277	0.8277	0.0462	0.6853	0.6853	0.6853	0.0000	0.0000	
0.5864	83632     	0.3867	0.6068	0.8268	0.8268	0.0464	0.6842	0.6842	0.6842	0.0000	0.0000	
0.5874	83430     	0.3852	0.6056	0.8260	0.8260	0.0467	0.6831	0.6831	0.6831	0.0000	0.0000	
0.5884	83228     	0.3841	0.6046	0.8251	0.8251	0.0469	0.6820	0.6820	0.6820	0.0000	0.0000	
0.5894	83026     	0.3831	0.6037	0.8242	0.8242	0.0472	0.6809	0.6809	0.6809	0.0000	0.0000	
0.5904	82824     	0.3816	0.6025	0.8234	0.8234	0.0474	0.6798	0.6798	0.6798	0.0000	0.0000	
0.5914	82622     	0.3798	0.6012	0.8225	0.8225	0.0477	0.6787	0.6787	0.6787	0.0000	0.0000	
0.5924	82420     	0.3793	0.6004	0.8216	0.8216	0.0479	0.6776	0.6776	0.6776	0.0000	0.0000	
0.5934	82218     	0.3782	0.5995	0.8207	0.8207	0.0482	0.6765	0.6765	0.6765	0.0000	0.0000	
0.5944	82016     	0.3771	0.5985	0.8199	0.8199	0.0484	0.6754	0.6754	0.6754	0.0000	0.0000	
0.5954	81814     	0.3761	0.5975	0.8190	0.8190	0.0487	0.6743	0.6743	0.6743	0.0000	0.0000	
0.5964	81612     	0.3750	0.5966	0.8181	0.8181	0.0490	0.6732	0.6732	0.6732	0.0000	0.0000	
0.5974	81410     	0.3733	0.5952	0.8172	0.8172	0.0492	0.6721	0.6721	0.6721	0.0000	0.0000	
0.5984	81208     	0.3725	0.5944	0.8163	0.8163	0.0495	0.6709	0.6709	0.6709	0.0000	0.0000	
0.5994	81006     	0.3713	0.5934	0.8154	0.8154	0.0497	0.6698	0.6698	0.6698	0.0000	0.0000	
0.6004	80804     	0.3699	0.5922	0.8145	0.8145	0.0500	0.6687	0.6687	0.6687	0.0000	0.0000	
0.6014	80602     	0.3684	0.5910	0.8136	0.8136	0.0503	0.6676	0.6676	0.6676	0.0000	0.0000	
0.6024	80400     	0.3673	0.5900	0.8127	0.8127	0.0505	0.6665	0.6665	0.6665	0.0000	0.0000	
0.6034	80198     	0.3664	0.5891	0.8118	0.8118	0.0508	0.6653	0.6653	0.6653	0.0000	0.0000	
0.6044	79996     	0.3655	0.5882	0.8109	0.8109	0.0511	0.6642	0.6642	0.6642	0.0000	0.0000	
0.6054	79794     	0.3644	0.5872	0.8100	0.8100	0.0513	0.6631	0.6631	0.6631	0.0000	0.0000	
0.6064	79592     	0.3634	0.5862	0.8090	0.8090	0.0516	0.6620	0.6620	0.6620	0.0000	0.0000	
0.6074	79390     	0.3622	0.5852	0.8081	0.8081	0.0519	0.6608	0.6608	0.6608	0.0000	0.0000	
0.6084	79188     	0.3614	0.5843	0.8072	0.8072	0.0521	0.6597	0.6597	0.6597	0.0000	0.0000	
0.6094	78986     	0.3603	0.5833	0.8063	0.8063	0.0524	0.6585	0.6585	0.6585	0.0000	0.0000	
0.6104	78784     	0.3591	0.5822	0.8053	0.8053	0.0527	0.6574	0.6574	0.6574	0.0000	0.0000	
0.6114	78582     	0.3581	0.5812	0.8044	0.8044	0.0530	0.6563	0.6563	0.6563	0.0000	0.0000	
0.6124	78380     	0.3570	0.5802	0.8035	0.8035	0.0532	0.6551	0.6551	0.6551	0.0000	0.0000	
0.6134	78178     	0.3560	0.5792	0.8025	0.8025	0.0535	0.6540	0.6540	0.6540	0.0000	0.0000	
0.6144	77976     	0.3546	0.5781	0.8016	0.8016	0.0538	0.6528	0.6528	0.6528	0.0000	0.0000	
0.6154	77774     	0.3536	0.5771	0.8006	0.8006	0.0541	0.6517	0.6517	0.6517	0.0000	0.0000	
0.6164	77572     	0.3522	0.5759	0.7997	0.7997	0.0544	0.6505	0.6505	0.6505	0.0000	0.0000	
0.6174	77370     	0.3515	0.5751	0.7987	0.7987	0.0546	0.6494	0.6494	0.6494	0.0000	0.0000	
0.6184	77168     	0.3504	0.5741	0.7978	0.7978	0.0549	0.6482	0.6482	0.6482	0.0000	0.0000	
0.6194	76966     	0.3491	0.5730	0.7968	0.7968	0.0552	0.6471	0.6471	0.6471	0.0000	0.0000	
0.6204	76764     	0.3481	0.5720	0.7959	0.7959	0.0555	0.6459	0.6459	0.6459	0.0000	0.0000	
0.6214	76562     	0.3472	0.5710	0.7949	0.7949	0.0558	0.6448	0.6448	0.6448	0.0000	0.0000	
0.6224	76360     	0.3464	0.5702	0.7939	0.7939	0.0561	0.6436	0.6436	0.6436	0.0000	0.0000	
0.6234	76158     	0.3450	0.5690	0.7930	0.7930	0.0563	0.6424	0.6424	0.6424	0.0000	0.0000	
0.6244	75956     	0.3450	0.5687	0.7924	0.7924	0.0565	0.6416	0.6416	0.6416	0.0000	0.0000	
0.6254	75754     	0.3450	0.5683	0.7916	0.7916	0.0567	0.6406	0.6406	0.6406	0.0000	0.0000	
0.6264	75552     	0.3447	0.5678	0.7908	0.7908	0.0570	0.6396	0.6396	0.6396	0.0000	0.0000	
0.6274	75350     	0.3447	0.5673	0.7899	0.7899	0.0572	0.6386	0.6386	0.6386	0.0000	0.0000	
0.6284	75148     	0.3439	0.5665	0.7890	0.7890	0.0575	0.6374	0.6374	0.6374	0.0000	0.0000	
0.6294	74946     	0.3432	0.5656	0.7880	0.7880	0.0578	0.6362	0.6362	0.6362	0.0000	0.0000	
0.6304	74744     	0.3422	0.5646	0.7870	0.7870	0.0581	0.6351	0.6351	0.6351	0.0000	0.0000	
0.6314	74542     	0.3413	0.5637	0.7860	0.7860	0.0584	0.6339	0.6339	0.6339	0.0000	0.0000	
0.6324	74340     	0.3405	0.5628	0.7850	0.7850	0.0587	0.6327	0.6327	0.6327	0.0000	0.0000	
0.6334	74138     	0.3395	0.5618	0.7840	0.7840	0.0590	0.6315	0.6315	0.6315	0.0000	0.0000	
0.6344	73936     	0.3387	0.5609	0.7830	0.7830	0.0593	0.6303	0.6303	0.6303	0.0000	0.0000	
0.6354	73734     	0.3380	0.5600	0.7821	0.7821	0.0596	0.6292	0.6292	0.6292	0.0000	0.0000	
0.6364	73532     	0.3370	0.5590	0.7811	0.7811	0.0599	0.6280	0.6280	0.6280	0.0000	0.0000	
0.6374	73330     	0.3363	0.5582	0.7800	0.7800	0.0602	0.6268	0.6268	0.6268	0.0000	0.0000	
0.6384	73128     	0.3348	0.5569	0.7790	0.7790	0.0605	0.6256	0.6256	0.6256	0.0000	0.0000	
0.6394	72926     	0.3339	0.5560	0.7780	0.7780	0.0608	0.6244	0.6244	0.6244	0.0000	0.0000	
0.6404	72724     	0.3329	0.5550	0.7770	0.7770	0.0611	0.6232	0.6232	0.6232	0.0000	0.0000	
0.6413	72522     	0.3322	0.5541	0.7760	0.7760	0.0614	0.6220	0.6220	0.6220	0.0000	0.0000	
0.6423	72320     	0.3314	0.5532	0.7750	0.7750	0.0617	0.6208	0.6208	0.6208	0.0000	0.0000	
0.6433	72118     	0.3304	0.5521	0.7739	0.7739	0.0621	0.6196	0.6196	0.6196	0.0000	0.0000	
0.6443	71916     	0.3296	0.5513	0.7729	0.7729	0.0624	0.6184	0.6184	0.6184	0.0000	0.0000	
0.6453	71714     	0.3288	0.5503	0.7719	0.7719	0.0627	0.6172	0.6172	0.6172	0.0000	0.0000	
0.6463	71512     	0.3278	0.5493	0.7708	0.7708	0.0630	0.6160	0.6160	0.6160	0.0000	0.0000	
0.6473	71310     	0.3272	0.5485	0.7698	0.7698	0.0633	0.6148	0.6148	0.6148	0.0000	0.0000	
0.6483	71108     	0.3265	0.5476	0.7687	0.7687	0.0636	0.6136	0.6136	0.6136	0.0000	0.0000	
0.6493	70906     	0.3257	0.5467	0.7677	0.7677	0.0640	0.6123	0.6123	0.6123	0.0000	0.0000	
0.6503	70704     	0.3243	0.5455	0.7666	0.7666	0.0643	0.6111	0.6111	0.6111	0.0000	0.0000	
0.6513	70502     	0.3237	0.5446	0.7656	0.7656	0.0646	0.6099	0.6099	0.6099	0.0000	0.0000	
0.6523	70300     	0.3230	0.5437	0.7645	0.7645	0.0649	0.6087	0.6087	0.6087	0.0000	0.0000	
0.6533	70098     	0.3222	0.5428	0.7634	0.7634	0.0653	0.6075	0.6075	0.6075	0.0000	0.0000	
0.6543	69896     	0.3212	0.5418	0.7623	0.7623	0.0656	0.6062	0.6062	0.6062	0.0000	0.0000	
0.6553	69694     	0.3205	0.5409	0.7613	0.7613	0.0659	0.6050	0.6050	0.6050	0.0000	0.0000	
0.6563	69492     	0.3198	0.5400	0.7602	0.7602	0.0663	0.6038	0.6038	0.6038	0.0000	0.0000	
0.6573	69290     	0.3186	0.5388	0.7591	0.7591	0.0666	0.6026	0.6026	0.6026	0.0000	0.0000	
0.6583	69088     	0.3179	0.5380	0.7580	0.7580	0.0669	0.6013	0.6013	0.6013	0.0000	0.0000	
0.6593	68886     	0.3172	0.5371	0.7569	0.7569	0.0673	0.6001	0.6001	0.6001	0.0000	0.0000	
0.6603	68684     	0.3165	0.5361	0.7558	0.7558	0.0676	0.5988	0.5988	0.5988	0.0000	0.0000	
0.6613	68482     	0.3154	0.5351	0.7547	0.7547	0.0679	0.5976	0.5976	0.5976	0.0000	0.0000	
0.6623	68280     	0.3145	0.5341	0.7536	0.7536	0.0683	0.5963	0.5963	0.5963	0.0000	0.0000	
0.6633	68078     	0.3140	0.5333	0.7525	0.7525	0.0686	0.5951	0.5951	0.5951	0.0000	0.0000	
0.6643	67876     	0.3134	0.5324	0.7514	0.7514	0.0690	0.5938	0.5938	0.5938	0.0000	0.0000	
0.6653	67674     	0.3124	0.5314	0.7503	0.7503	0.0693	0.5926	0.5926	0.5926	0.0000	0.0000	
0.6663	67472     	0.3113	0.5303	0.7492	0.7492	0.0697	0.5913	0.5913	0.5913	0.0000	0.0000	
0.6673	67270     	0.3105	0.5293	0.7480	0.7480	0.0700	0.5901	0.5901	0.5901	0.0000	0.0000	
0.6683	67068     	0.3099	0.5284	0.7469	0.7469	0.0704	0.5888	0.5888	0.5888	0.0000	0.0000	
0.6693	66866     	0.3092	0.5275	0.7458	0.7458	0.0707	0.5875	0.5875	0.5875	0.0000	0.0000	
0.6703	66664     	0.3084	0.5265	0.7446	0.7446	0.0711	0.5863	0.5863	0.5863	0.0000	0.0000	
0.6713	66462     	0.3077	0.5256	0.7435	0.7435	0.0714	0.5850	0.5850	0.5850	0.0000	0.0000	
0.6723	66260     	0.3065	0.5244	0.7423	0.7423	0.0718	0.5837	0.5837	0.5837	0.0000	0.0000	
0.6733	66058     	0.3058	0.5235	0.7412	0.7412	0.0722	0.5824	0.5824	0.5824	0.0000	0.0000	
0.6743	65856     	0.3053	0.5226	0.7400	0.7400	0.0725	0.5812	0.5812	0.5812	0.0000	0.0000	
0.6753	65654     	0.3047	0.5218	0.7388	0.7388	0.0729	0.5799	0.5799	0.5799	0.0000	0.0000	
0.6763	65452     	0.3036	0.5206	0.7377	0.7377	0.0732	0.5786	0.5786	0.5786	0.0000	0.0000	
0.6773	65250     	0.3030	0.5198	0.7365	0.7365	0.0736	0.5773	0.5773	0.5773	0.0000	0.0000	
0.6783	65048     	0.3022	0.5188	0.7353	0.7353	0.0740	0.5760	0.5760	0.5760	0.0000	0.0000	
0.6793	64846     	0.3014	0.5177	0.7341	0.7341	0.0744	0.5747	0.5747	0.5747	0.0000	0.0000	
0.6803	64644     	0.3011	0.5170	0.7329	0.7329	0.0747	0.5734	0.5734	0.5734	0.0000	0.0000	
0.6813	64442     	0.3004	0.5160	0.7317	0.7317	0.0751	0.5721	0.5721	0.5721	0.0000	0.0000	
0.6823	64240     	0.2995	0.5150	0.7305	0.7305	0.0755	0.5708	0.5708	0.5708	0.0000	0.0000	
0.6833	64038     	0.2989	0.5141	0.7293	0.7293	0.0759	0.5695	0.5695	0.5695	0.0000	0.0000	
0.6843	63836     	0.2981	0.5131	0.7281	0.7281	0.0763	0.5682	0.5682	0.5682	0.0000	0.0000	
0.6853	63634     	0.2971	0.5120	0.7269	0.7269	0.0766	0.5669	0.5669	0.5669	0.0000	0.0000	
0.6863	63432     	0.2965	0.5111	0.7257	0.7257	0.0770	0.5656	0.5656	0.5656	0.0000	0.0000	
0.6873	63230     	0.2956	0.5100	0.7245	0.7245	0.0774	0.5643	0.5643	0.5643	0.0000	0.0000	
0.6883	63028     	0.2949	0.5090	0.7232	0.7232	0.0778	0.5629	0.5629	0.5629	0.0000	0.0000	
0.6893	62826     	0.2938	0.5079	0.7220	0.7220	0.0782	0.5616	0.5616	0.5616	0.0000	0.0000	
0.6903	62624     	0.2934	0.5071	0.7208	0.7208	0.0786	0.5603	0.5603	0.5603	0.0000	0.0000	
0.6913	62422     	0.2926	0.5061	0.7195	0.7195	0.0790	0.5590	0.5590	0.5590	0.0000	0.0000	
0.6923	62220     	0.2920	0.5052	0.7183	0.7183	0.0794	0.5576	0.5576	0.5576	0.0000	0.0000	
0.6933	62018     	0.2911	0.5041	0.7170	0.7170	0.0798	0.5563	0.5563	0.5563	0.0000	0.0000	
0.6943	61816     	0.2901	0.5030	0.7158	0.7158	0.0802	0.5550	0.5550	0.5550	0.0000	0.0000	
0.6953	61614     	0.2891	0.5018	0.7145	0.7145	0.0806	0.5536	0.5536	0.5536	0.0000	0.0000	
0.6963	61412     	0.2886	0.5009	0.7132	0.7132	0.0810	0.5523	0.5523	0.5523	0.0000	0.0000	
0.6973	61210     	0.2879	0.4999	0.7120	0.7120	0.0814	0.5509	0.5509	0.5509	0.0000	0.0000	
0.6983	61008     	0.2867	0.4987	0.7107	0.7107	0.0818	0.5496	0.5496	0.5496	0.0000	0.0000	
0.6993	60806     	0.2857	0.4975	0.7094	0.7094	0.0823	0.5483	0.5483	0.5483	0.0000	0.0000	
0.7003	60604     	0.2852	0.4966	0.7081	0.7081	0.0827	0.5469	0.5469	0.5469	0.0000	0.0000	
0.7013	60402     	0.2843	0.4955	0.7068	0.7068	0.0831	0.5456	0.5456	0.5456	0.0000	0.0000	
0.7023	60200     	0.2836	0.4945	0.7055	0.7055	0.0835	0.5442	0.5442	0.5442	0.0000	0.0000	
0.7033	59998     	0.2827	0.4934	0.7042	0.7042	0.0839	0.5428	0.5428	0.5428	0.0000	0.0000	
0.7043	59796     	0.2815	0.4922	0.7029	0.7029	0.0844	0.5415	0.5415	0.5415	0.0000	0.0000	
0.7053	59594     	0.2810	0.4913	0.7016	0.7016	0.0848	0.5401	0.5401	0.5401	0.0000	0.0000	
0.7063	59392     	0.2797	0.4900	0.7002	0.7002	0.0852	0.5388	0.5388	0.5388	0.0000	0.0000	
0.7073	59190     	0.2786	0.4888	0.6989	0.6989	0.0857	0.5374	0.5374	0.5374	0.0000	0.0000	
0.7083	58988     	0.2776	0.4876	0.6976	0.6976	0.0861	0.5360	0.5360	0.5360	0.0000	0.0000	
0.7093	58786     	0.2766	0.4864	0.6963	0.6963	0.0865	0.5346	0.5346	0.5346	0.0000	0.0000	
0.7103	58584     	0.2759	0.4854	0.6949	0.6949	0.0870	0.5333	0.5333	0.5333	0.0000	0.0000	
0.7113	58382     	0.2748	0.4842	0.6936	0.6936	0.0874	0.5319	0.5319	0.5319	0.0000	0.0000	
0.7123	58180     	0.2738	0.4830	0.6922	0.6922	0.0879	0.5305	0.5305	0.5305	0.0000	0.0000	
0.7133	57978     	0.2733	0.4821	0.6909	0.6909	0.0883	0.5291	0.5291	0.5291	0.0000	0.0000	
0.7143	57776     	0.2717	0.4806	0.6895	0.6895	0.0888	0.5277	0.5277	0.5277	0.0000	0.0000	
0.7153	57574     	0.2708	0.4794	0.6881	0.6881	0.0892	0.5264	0.5264	0.5264	0.0000	0.0000	
0.7163	57372     	0.2697	0.4782	0.6867	0.6867	0.0897	0.5250	0.5250	0.5250	0.0000	0.0000	
0.7173	57170     	0.2688	0.4771	0.6854	0.6854	0.0901	0.5236	0.5236	0.5236	0.0000	0.0000	
0.7183	56968     	0.2677	0.4758	0.6840	0.6840	0.0906	0.5222	0.5222	0.5222	0.0000	0.0000	
0.7193	56766     	0.2669	0.4747	0.6826	0.6826	0.0911	0.5207	0.5207	0.5207	0.0000	0.0000	
0.7203	56564     	0.2659	0.4735	0.6812	0.6812	0.0915	0.5193	0.5193	0.5193	0.0000	0.0000	
0.7213	56362     	0.2652	0.4725	0.6798	0.6798	0.0920	0.5179	0.5179	0.5179	0.0000	0.0000	
0.7223	56160     	0.2642	0.4713	0.6784	0.6784	0.0925	0.5165	0.5165	0.5165	0.0000	0.0000	
0.7233	55958     	0.2634	0.4702	0.6769	0.6769	0.0929	0.5151	0.5151	0.5151	0.0000	0.0000	
0.7243	55756     	0.2620	0.4688	0.6755	0.6755	0.0934	0.5137	0.5137	0.5137	0.0000	0.0000	
0.7253	55554     	0.2610	0.4676	0.6741	0.6741	0.0939	0.5123	0.5123	0.5123	0.0000	0.0000	
0.7263	55352     	0.2602	0.4664	0.6727	0.6727	0.0944	0.5108	0.5108	0.5108	0.0000	0.0000	
0.7273	55150     	0.2591	0.4651	0.6712	0.6712	0.0949	0.5094	0.5094	0.5094	0.0000	0.0000	
0.7283	54948     	0.2578	0.4638	0.6698	0.6698	0.0953	0.5080	0.5080	0.5080	0.0000	0.0000	
0.7293	54746     	0.2568	0.4625	0.6683	0.6683	0.0958	0.5065	0.5065	0.5065	0.0000	0.0000	
0.7303	54544     	0.2559	0.4614	0.6669	0.6669	0.0963	0.5051	0.5051	0.5051	0.0000	0.0000	
0.7313	54342     	0.2543	0.4598	0.6654	0.6654	0.0968	0.5037	0.5037	0.5037	0.0000	0.0000	
0.7323	54140     	0.2533	0.4586	0.6639	0.6639	0.0973	0.5022	0.5022	0.5022	0.0000	0.0000	
0.7333	53938     	0.2522	0.4573	0.6625	0.6625	0.0978	0.5008	0.5008	0.5008	0.0000	0.0000	
0.7343	53736     	0.2512	0.4561	0.6610	0.6610	0.0983	0.4993	0.4993	0.4993	0.0000	0.0000	
0.7353	53534     	0.2506	0.4550	0.6595	0.6595	0.0988	0.4978	0.4978	0.4978	0.0000	0.0000	
0.7363	53332     	0.2492	0.4536	0.6580	0.6580	0.0994	0.4964	0.4964	0.4964	0.0000	0.0000	
0.7373	53130     	0.2477	0.4521	0.6565	0.6565	0.0999	0.4949	0.4949	0.4949	0.0000	0.0000	
0.7382	52928     	0.2469	0.4509	0.6550	0.6550	0.1004	0.4935	0.4935	0.4935	0.0000	0.0000	
0.7392	52726     	0.2459	0.4497	0.6535	0.6535	0.1009	0.4920	0.4920	0.4920	0.0000	0.0000	
0.7402	52524     	0.2452	0.4486	0.6520	0.6520	0.1014	0.4906	0.4906	0.4906	0.0000	0.0000	
0.7412	52322     	0.2441	0.4473	0.6504	0.6504	0.1020	0.4891	0.4891	0.4891	0.0000	0.0000	
0.7422	52120     	0.2430	0.4459	0.6489	0.6489	0.1025	0.4876	0.4876	0.4876	0.0000	0.0000	
0.7432	51918     	0.2419	0.4446	0.6474	0.6474	0.1030	0.4861	0.4861	0.4861	0.0000	0.0000	
0.7442	51716     	0.2408	0.4433	0.6458	0.6458	0.1035	0.4846	0.4846	0.4846	0.0000	0.0000	
0.7452	51514     	0.2403	0.4423	0.6443	0.6443	0.1041	0.4832	0.4832	0.4832	0.0000	0.0000	
0.7462	51312     	0.2391	0.4410	0.6428	0.6428	0.1046	0.4817	0.4817	0.4817	0.0000	0.0000	
0.7472	51110     	0.2391	0.4405	0.6419	0.6419	0.1049	0.4807	0.4807	0.4807	0.0000	0.0000	
0.7482	50908     	0.2389	0.4399	0.6409	0.6409	0.1053	0.4796	0.4796	0.4796	0.0000	0.0000	
0.7492	50706     	0.2389	0.4393	0.6398	0.6398	0.1056	0.4784	0.4784	0.4784	0.0000	0.0000	
0.7502	50504     	0.2389	0.4387	0.6386	0.6386	0.1061	0.4772	0.4772	0.4772	0.0000	0.0000	
0.7512	50302     	0.2389	0.4381	0.6373	0.6373	0.1065	0.4759	0.4759	0.4759	0.0000	0.0000	
0.7522	50100     	0.2388	0.4373	0.6359	0.6359	0.1070	0.4745	0.4745	0.4745	0.0000	0.0000	
0.7532	49898     	0.2387	0.4366	0.6344	0.6344	0.1075	0.4731	0.4731	0.4731	0.0000	0.0000	
0.7542	49696     	0.2382	0.4356	0.6329	0.6329	0.1081	0.4716	0.4716	0.4716	0.0000	0.0000	
0.7552	49494     	0.2371	0.4342	0.6313	0.6313	0.1086	0.4702	0.4702	0.4702	0.0000	0.0000	
0.7562	49292     	0.2362	0.4330	0.6297	0.6297	0.1092	0.4687	0.4687	0.4687	0.0000	0.0000	
0.7572	49090     	0.2349	0.4315	0.6281	0.6281	0.1097	0.4672	0.4672	0.4672	0.0000	0.0000	
0.7582	48888     	0.2340	0.4303	0.6266	0.6266	0.1103	0.4657	0.4657	0.4657	0.0000	0.0000	
0.7592	48686     	0.2335	0.4293	0.6250	0.6250	0.1109	0.4642	0.4642	0.4642	0.0000	0.0000	
0.7602	48484     	0.2327	0.4280	0.6234	0.6234	0.1114	0.4627	0.4627	0.4627	0.0000	0.0000	
0.7612	48282     	0.2316	0.4267	0.6218	0.6218	0.1120	0.4612	0.4612	0.4612	0.0000	0.0000	
0.7622	48080     	0.2308	0.4255	0.6202	0.6202	0.1126	0.4596	0.4596	0.4596	0.0000	0.0000	
0.7632	47878     	0.2294	0.4240	0.6186	0.6186	0.1132	0.4581	0.4581	0.4581	0.0000	0.0000	
0.7642	47676     	0.2283	0.4226	0.6169	0.6169	0.1137	0.4566	0.4566	0.4566	0.0000	0.0000	
0.7652	47474     	0.2276	0.4214	0.6153	0.6153	0.1143	0.4551	0.4551	0.4551	0.0000	0.0000	
0.7662	47272     	0.2265	0.4201	0.6137	0.6137	0.1149	0.4536	0.4536	0.4536	0.0000	0.0000	
0.7672	47070     	0.2259	0.4190	0.6120	0.6120	0.1155	0.4521	0.4521	0.4521	0.0000	0.0000	
0.7682	46868     	0.2251	0.4178	0.6104	0.6104	0.1161	0.4505	0.4505	0.4505	0.0000	0.0000	
0.7692	46666     	0.2245	0.4166	0.6087	0.6087	0.1167	0.4490	0.4490	0.4490	0.0000	0.0000	
0.7702	46464     	0.2230	0.4150	0.6071	0.6071	0.1173	0.4475	0.4475	0.4475	0.0000	0.0000	
0.7712	46262     	0.2223	0.4139	0.6054	0.6054	0.1179	0.4460	0.4460	0.4460	0.0000	0.0000	
0.7722	46060     	0.2213	0.4125	0.6037	0.6037	0.1185	0.4444	0.4444	0.4444	0.0000	0.0000	
0.7732	45858     	0.2205	0.4113	0.6021	0.6021	0.1191	0.4429	0.4429	0.4429	0.0000	0.0000	
0.7742	45656     	0.2196	0.4100	0.6004	0.6004	0.1198	0.4413	0.4413	0.4413	0.0000	0.0000	
0.7752	45454     	0.2191	0.4089	0.5987	0.5987	0.1204	0.4398	0.4398	0.4398	0.0000	0.0000	
0.7762	45252     	0.2180	0.4075	0.5970	0.5970	0.1210	0.4382	0.4382	0.4382	0.0000	0.0000	
0.7772	45050     	0.2170	0.4062	0.5953	0.5953	0.1216	0.4367	0.4367	0.4367	0.0000	0.0000	
0.7782	44848     	0.2159	0.4047	0.5936	0.5936	0.1223	0.4351	0.4351	0.4351	0.0000	0.0000	
0.7792	44646     	0.2145	0.4032	0.5919	0.5919	0.1229	0.4336	0.4336	0.4336	0.0000	0.0000	
0.7802	44444     	0.2134	0.4018	0.5901	0.5901	0.1235	0.4320	0.4320	0.4320	0.0000	0.0000	
0.7812	44242     	0.2124	0.4004	0.5884	0.5884	0.1242	0.4305	0.4305	0.4305	0.0000	0.0000	
0.7822	44040     	0.2106	0.3986	0.5867	0.5867	0.1248	0.4289	0.4289	0.4289	0.0000	0.0000	
0.7832	43838     	0.2100	0.3975	0.5849	0.5849	0.1255	0.4274	0.4274	0.4274	0.0000	0.0000	
0.7842	43636     	0.2097	0.3964	0.5832	0.5832	0.1261	0.4258	0.4258	0.4258	0.0000	0.0000	
0.7852	43434     	0.2086	0.3950	0.5814	0.5814	0.1268	0.4242	0.4242	0.4242	0.0000	0.0000	
0.7862	43232     	0.2079	0.3938	0.5797	0.5797	0.1274	0.4226	0.4226	0.4226	0.0000	0.0000	
0.7872	43030     	0.2069	0.3924	0.5779	0.5779	0.1281	0.4210	0.4210	0.4210	0.0000	0.0000	
0.7882	42828     	0.2064	0.3913	0.5761	0.5761	0.1288	0.4194	0.4194	0.4194	0.0000	0.0000	
0.7892	42626     	0.2057	0.3900	0.5744	0.5744	0.1294	0.4178	0.4178	0.4178	0.0000	0.0000	
0.7902	42424     	0.2049	0.3887	0.5726	0.5726	0.1301	0.4162	0.4162	0.4162	0.0000	0.0000	
0.7912	42222     	0.2044	0.3876	0.5708	0.5708	0.1308	0.4146	0.4146	0.4146	0.0000	0.0000	
0.7922	42020     	0.2035	0.3862	0.5690	0.5690	0.1315	0.4130	0.4130	0.4130	0.0000	0.0000	
0.7932	41818     	0.2028	0.3850	0.5672	0.5672	0.1322	0.4114	0.4114	0.4114	0.0000	0.0000	
0.7942	41616     	0.2022	0.3838	0.5654	0.5654	0.1329	0.4097	0.4097	0.4097	0.0000	0.0000	
0.7952	41414     	0.2013	0.3824	0.5635	0.5635	0.1336	0.4081	0.4081	0.4081	0.0000	0.0000	
0.7962	41212     	0.2007	0.3812	0.5617	0.5617	0.1343	0.4065	0.4065	0.4065	0.0000	0.0000	
0.7972	41010     	0.2000	0.3799	0.5599	0.5599	0.1350	0.4049	0.4049	0.4049	0.0000	0.0000	
0.7982	40808     	0.1990	0.3785	0.5580	0.5580	0.1357	0.4032	0.4032	0.4032	0.0000	0.0000	
0.7992	40606     	0.1978	0.3770	0.5562	0.5562	0.1364	0.4016	0.4016	0.4016	0.0000	0.0000	
0.8002	40404     	0.1966	0.3755	0.5543	0.5543	0.1371	0.4000	0.4000	0.4000	0.0000	0.0000	
0.8012	40202     	0.1961	0.3743	0.5525	0.5525	0.1379	0.3984	0.3984	0.3984	0.0000	0.0000	
0.8022	40000     	0.1952	0.3729	0.5506	0.5506	0.1386	0.3967	0.3967	0.3967	0.0000	0.0000	
0.8032	39798     	0.1941	0.3714	0.5487	0.5487	0.1393	0.3951	0.3951	0.3951	0.0000	0.0000	
0.8042	39596     	0.1930	0.3699	0.5469	0.5469	0.1401	0.3935	0.3935	0.3935	0.0000	0.0000	
0.8052	39394     	0.1927	0.3688	0.5450	0.5450	0.1408	0.3918	0.3918	0.3918	0.0000	0.0000	
0.8062	39192     	0.1914	0.3673	0.5431	0.5431	0.1416	0.3902	0.3902	0.3902	0.0000	0.0000	
0.8072	38990     	0.1907	0.3659	0.5412	0.5412	0.1423	0.3885	0.3885	0.3885	0.0000	0.0000	
0.8082	38788     	0.1897	0.3645	0.5393	0.5393	0.1431	0.3869	0.3869	0.3869	0.0000	0.0000	
0.8092	38586     	0.1884	0.3629	0.5373	0.5373	0.1438	0.3852	0.3852	0.3852	0.0000	0.0000	
0.8102	38384     	0.1876	0.3615	0.5354	0.5354	0.1446	0.3835	0.3835	0.3835	0.0000	0.0000	
0.8112	38182     	0.1870	0.3602	0.5335	0.5335	0.1454	0.3819	0.3819	0.3819	0.0000	0.0000	
0.8122	37980     	0.1861	0.3588	0.5315	0.5315	0.1461	0.3802	0.3802	0.3802	0.0000	0.0000	
0.8132	37778     	0.1848	0.3572	0.5296	0.5296	0.1469	0.3785	0.3785	0.3785	0.0000	0.0000	
0.8142	37576     	0.1843	0.3560	0.5276	0.5276	0.1477	0.3769	0.3769	0.3769	0.0000	0.0000	
0.8152	37374     	0.1830	0.3544	0.5257	0.5257	0.1485	0.3752	0.3752	0.3752	0.0000	0.0000	
0.8162	37172     	0.1823	0.3530	0.5237	0.5237	0.1493	0.3735	0.3735	0.3735	0.0000	0.0000	
0.8172	36970     	0.1812	0.3515	0.5217	0.5217	0.1501	0.3718	0.3718	0.3718	0.0000	0.0000	
0.8182	36768     	0.1801	0.3499	0.5198	0.5198	0.1509	0.3702	0.3702	0.3702	0.0000	0.0000	
0.8192	36566     	0.1790	0.3484	0.5178	0.5178	0.1517	0.3685	0.3685	0.3685	0.0000	0.0000	
0.8202	36364     	0.1779	0.3469	0.5158	0.5158	0.1526	0.3668	0.3668	0.3668	0.0000	0.0000	
0.8212	36162     	0.1771	0.3454	0.5138	0.5138	0.1534	0.3651	0.3651	0.3651	0.0000	0.0000	
0.8222	35960     	0.1764	0.3441	0.5117	0.5117	0.1542	0.3634	0.3634	0.3634	0.0000	0.0000	
0.8232	35758     	0.1757	0.3427	0.5097	0.5097	0.1550	0.3617	0.3617	0.3617	0.0000	0.0000	
0.8242	35556     	0.1742	0.3409	0.5077	0.5077	0.1559	0.3600	0.3600	0.3600	0.0000	0.0000	
0.8252	35354     	0.1736	0.3396	0.5057	0.5057	0.1567	0.3582	0.3582	0.3582	0.0000	0.0000	
0.8262	35152     	0.1727	0.3382	0.5036	0.5036	0.1576	0.3565	0.3565	0.3565	0.0000	0.0000	
0.8272	34950     	0.1721	0.3369	0.5016	0.5016	0.1584	0.3548	0.3548	0.3548	0.0000	0.0000	
0.8282	34748     	0.1713	0.3354	0.4995	0.4995	0.1593	0.3531	0.3531	0.3531	0.0000	0.0000	
0.8292	34546     	0.1702	0.3339	0.4975	0.4975	0.1602	0.3514	0.3514	0.3514	0.0000	0.0000	
0.8302	34344     	0.1685	0.3320	0.4954	0.4954	0.1610	0.3497	0.3497	0.3497	0.0000	0.0000	
0.8312	34142     	0.1677	0.3305	0.4933	0.4933	0.1619	0.3480	0.3480	0.3480	0.0000	0.0000	
0.8322	33940     	0.1672	0.3292	0.4913	0.4913	0.1628	0.3463	0.3463	0.3463	0.0000	0.0000	
0.8332	33738     	0.1661	0.3276	0.4892	0.4892	0.1637	0.3445	0.3445	0.3445	0.0000	0.0000	
0.8342	33536     	0.1656	0.3264	0.4871	0.4871	0.1646	0.3428	0.3428	0.3428	0.0000	0.0000	
0.8351	33334     	0.1651	0.3251	0.4850	0.4850	0.1655	0.3411	0.3411	0.3411	0.0000	0.0000	
0.8361	33132     	0.1644	0.3237	0.4829	0.4829	0.1664	0.3394	0.3394	0.3394	0.0000	0.0000	
0.8371	32930     	0.1636	0.3222	0.4808	0.4808	0.1673	0.3376	0.3376	0.3376	0.0000	0.0000	
0.8381	32728     	0.1631	0.3209	0.4787	0.4787	0.1682	0.3359	0.3359	0.3359	0.0000	0.0000	
0.8391	32526     	0.1622	0.3194	0.4765	0.4765	0.1691	0.3341	0.3341	0.3341	0.0000	0.0000	
0.8401	32324     	0.1614	0.3179	0.4744	0.4744	0.1701	0.3324	0.3324	0.3324	0.0000	0.0000	
0.8411	32122     	0.1603	0.3163	0.4723	0.4723	0.1710	0.3306	0.3306	0.3306	0.0000	0.0000	
0.8421	31920     	0.1596	0.3149	0.4701	0.4701	0.1720	0.3289	0.3289	0.3289	0.0000	0.0000	
0.8431	31718     	0.1593	0.3137	0.4680	0.4680	0.1729	0.3271	0.3271	0.3271	0.0000	0.0000	
0.8441	31516     	0.1582	0.3120	0.4658	0.4658	0.1739	0.3254	0.3254	0.3254	0.0000	0.0000	
0.8451	31314     	0.1570	0.3104	0.4637	0.4637	0.1748	0.3236	0.3236	0.3236	0.0000	0.0000	
0.8461	31112     	0.1565	0.3090	0.4615	0.4615	0.1758	0.3218	0.3218	0.3218	0.0000	0.0000	
0.8471	30910     	0.1554	0.3073	0.4593	0.4593	0.1768	0.3201	0.3201	0.3201	0.0000	0.0000	
0.8481	30708     	0.1543	0.3057	0.4571	0.4571	0.1778	0.3183	0.3183	0.3183	0.0000	0.0000	
0.8491	30506     	0.1533	0.3041	0.4549	0.4549	0.1787	0.3165	0.3165	0.3165	0.0000	0.0000	
0.8501	30304     	0.1528	0.3028	0.4527	0.4527	0.1797	0.3147	0.3147	0.3147	0.0000	0.0000	
0.8511	30102     	0.1516	0.3011	0.4505	0.4505	0.1807	0.3129	0.3129	0.3129	0.0000	0.0000	
0.8521	29900     	0.1511	0.2997	0.4483	0.4483	0.1818	0.3111	0.3111	0.3111	0.0000	0.0000	
0.8531	29698     	0.1501	0.2980	0.4460	0.4460	0.1828	0.3094	0.3094	0.3094	0.0000	0.0000	
0.8541	29496     	0.1493	0.2965	0.4438	0.4438	0.1838	0.3076	0.3076	0.3076	0.0000	0.0000	
0.8551	29294     	0.1484	0.2950	0.4415	0.4415	0.1848	0.3057	0.3057	0.3057	0.0000	0.0000	
0.8561	29092     	0.1472	0.2933	0.4393	0.4393	0.1859	0.3039	0.3039	0.3039	0.0000	0.0000	
0.8571	28890     	0.1463	0.2917	0.4370	0.4370	0.1869	0.3021	0.3021	0.3021	0.0000	0.0000	
0.8581	28688     	0.1456	0.2902	0.4348	0.4348	0.1880	0.3003	0.3003	0.3003	0.0000	0.0000	
0.8591	28486     	0.1448	0.2886	0.4325	0.4325	0.1891	0.2985	0.2985	0.2985	0.0000	0.0000	
0.8601	28284     	0.1439	0.2870	0.4302	0.4302	0.1901	0.2967	0.2967	0.2967	0.0000	0.0000	
0.8611	28082     	0.1430	0.2854	0.4279	0.4279	0.1912	0.2949	0.2949	0.2949	0.0000	0.0000	
0.8621	27880     	0.1424	0.2840	0.4256	0.4256	0.1923	0.2930	0.2930	0.2930	0.0000	0.0000	
0.8631	27678     	0.1418	0.2826	0.4233	0.4233	0.1934	0.2912	0.2912	0.2912	0.0000	0.0000	
0.8641	27476     	0.1405	0.2807	0.4210	0.4210	0.1945	0.2894	0.2894	0.2894	0.0000	0.0000	
0.8651	27274     	0.1398	0.2792	0.4187	0.4187	0.1956	0.2876	0.2876	0.2876	0.0000	0.0000	
0.8661	27072     	0.1392	0.2778	0.4163	0.4163	0.1967	0.2857	0.2857	0.2857	0.0000	0.0000	
0.8671	26870     	0.1379	0.2759	0.4140	0.4140	0.1979	0.2839	0.2839	0.2839	0.0000	0.0000	
0.8681	26668     	0.1368	0.2742	0.4116	0.4116	0.1990	0.2821	0.2821	0.2821	0.0000	0.0000	
0.8691	26466     	0.1357	0.2725	0.4093	0.4093	0.2002	0.2802	0.2802	0.2802	0.0000	0.0000	
0.8701	26264     	0.1346	0.2708	0.4069	0.4069	0.2013	0.2784	0.2784	0.2784	0.0000	0.0000	
0.8711	26062     	0.1338	0.2692	0.4045	0.4045	0.2025	0.2765	0.2765	0.2765	0.0000	0.0000	
0.8721	25860     	0.1333	0.2678	0.4022	0.4022	0.2037	0.2747	0.2747	0.2747	0.0000	0.0000	
0.8731	25658     	0.1325	0.2662	0.3998	0.3998	0.2048	0.2728	0.2728	0.2728	0.0000	0.0000	
0.8741	25456     	0.1316	0.2645	0.3974	0.3974	0.2060	0.2710	0.2710	0.2710	0.0000	0.0000	
0.8751	25254     	0.1304	0.2627	0.3950	0.3950	0.2072	0.2691	0.2691	0.2691	0.0000	0.0000	
0.8761	25052     	0.1293	0.2610	0.3926	0.3926	0.2084	0.2672	0.2672	0.2672	0.0000	0.0000	
0.8771	24850     	0.1278	0.2590	0.3902	0.3902	0.2097	0.2654	0.2654	0.2654	0.0000	0.0000	
0.8781	24648     	0.1268	0.2573	0.3877	0.3877	0.2109	0.2635	0.2635	0.2635	0.0000	0.0000	
0.8791	24446     	0.1258	0.2556	0.3853	0.3853	0.2121	0.2616	0.2616	0.2616	0.0000	0.0000	
0.8801	24244     	0.1247	0.2538	0.3829	0.3829	0.2134	0.2598	0.2598	0.2598	0.0000	0.0000	
0.8811	24042     	0.1238	0.2521	0.3804	0.3804	0.2146	0.2579	0.2579	0.2579	0.0000	0.0000	
0.8821	23840     	0.1227	0.2504	0.3780	0.3780	0.2159	0.2560	0.2560	0.2560	0.0000	0.0000	
0.8831	23638     	0.1219	0.2487	0.3755	0.3755	0.2172	0.2541	0.2541	0.2541	0.0000	0.0000	
0.8841	23436     	0.1210	0.2470	0.3730	0.3730	0.2185	0.2522	0.2522	0.2522	0.0000	0.0000	
0.8851	23234     	0.1200	0.2453	0.3706	0.3706	0.2198	0.2503	0.2503	0.2503	0.0000	0.0000	
0.8861	23032     	0.1191	0.2436	0.3681	0.3681	0.2211	0.2484	0.2484	0.2484	0.0000	0.0000	
0.8871	22830     	0.1183	0.2419	0.3656	0.3656	0.2224	0.2465	0.2465	0.2465	0.0000	0.0000	
0.8881	22628     	0.1169	0.2400	0.3631	0.3631	0.2237	0.2447	0.2447	0.2447	0.0000	0.0000	
0.8891	22426     	0.1156	0.2381	0.3606	0.3606	0.2251	0.2428	0.2428	0.2428	0.0000	0.0000	
0.8901	22224     	0.1143	0.2362	0.3581	0.3581	0.2264	0.2409	0.2409	0.2409	0.0000	0.0000	
0.8911	22022     	0.1129	0.2342	0.3556	0.3556	0.2278	0.2390	0.2390	0.2390	0.0000	0.0000	
0.8921	21820     	0.1117	0.2324	0.3531	0.3531	0.2292	0.2371	0.2371	0.2371	0.0000	0.0000	
0.8931	21618     	0.1109	0.2307	0.3505	0.3505	0.2306	0.2351	0.2351	0.2351	0.0000	0.0000	
0.8941	21416     	0.1093	0.2286	0.3480	0.3480	0.2319	0.2332	0.2332	0.2332	0.0000	0.0000	
0.8951	21214     	0.1079	0.2267	0.3454	0.3454	0.2334	0.2313	0.2313	0.2313	0.0000	0.0000	
0.8961	21012     	0.1070	0.2249	0.3429	0.3429	0.2348	0.2294	0.2294	0.2294	0.0000	0.0000	
0.8971	20810     	0.1057	0.2230	0.3403	0.3403	0.2362	0.2275	0.2275	0.2275	0.0000	0.0000	
0.8981	20608     	0.1044	0.2211	0.3378	0.3378	0.2377	0.2256	0.2256	0.2256	0.0000	0.0000	
0.8991	20406     	0.1032	0.2192	0.3352	0.3352	0.2391	0.2236	0.2236	0.2236	0.0000	0.0000	
0.9001	20204     	0.1022	0.2174	0.3326	0.3326	0.2406	0.2217	0.2217	0.2217	0.0000	0.0000	
0.9011	20002     	0.1012	0.2156	0.3300	0.3300	0.2421	0.2198	0.2198	0.2198	0.0000	0.0000	
0.9021	19800     	0.1000	0.2137	0.3274	0.3274	0.2436	0.2178	0.2178	0.2178	0.0000	0.0000	
0.9031	19598     	0.0982	0.2115	0.3248	0.3248	0.2451	0.2159	0.2159	0.2159	0.0000	0.0000	
0.9041	19396     	0.0966	0.2094	0.3222	0.3222	0.2466	0.2140	0.2140	0.2140	0.0000	0.0000	
0.9051	19194     	0.0955	0.2075	0.3196	0.3196	0.2481	0.2120	0.2120	0.2120	0.0000	0.0000	
0.9061	18992     	0.0938	0.2054	0.3170	0.3170	0.2497	0.2101	0.2101	0.2101	0.0000	0.0000	
0.9071	18790     	0.0923	0.2033	0.3143	0.3143	0.2512	0.2082	0.2082	0.2082	0.0000	0.0000	
0.9081	18588     	0.0904	0.2010	0.3117	0.3117	0.2528	0.2062	0.2062	0.2062	0.0000	0.0000	
0.9091	18386     	0.0886	0.1988	0.3090	0.3090	0.2544	0.2043	0.2043	0.2043	0.0000	0.0000	
0.9101	18184     	0.0870	0.1967	0.3064	0.3064	0.2560	0.2023	0.2023	0.2023	0.0000	0.0000	
0.9111	17982     	0.0852	0.1945	0.3037	0.3037	0.2576	0.2004	0.2004	0.2004	0.0000	0.0000	
0.9121	17780     	0.0840	0.1925	0.3011	0.3011	0.2593	0.1984	0.1984	0.1984	0.0000	0.0000	
0.9131	17578     	0.0823	0.1903	0.2984	0.2984	0.2609	0.1964	0.1964	0.1964	0.0000	0.0000	
0.9141	17376     	0.0811	0.1884	0.2957	0.2957	0.2626	0.1945	0.1945	0.1945	0.0000	0.0000	
0.9151	17174     	0.0799	0.1864	0.2930	0.2930	0.2643	0.1925	0.1925	0.1925	0.0000	0.0000	
0.9161	16972     	0.0783	0.1843	0.2903	0.2903	0.2660	0.1905	0.1905	0.1905	0.0000	0.0000	
0.9171	16770     	0.0770	0.1823	0.2876	0.2876	0.2677	0.1885	0.1885	0.1885	0.0000	0.0000	
0.9181	16568     	0.0754	0.1801	0.2849	0.2849	0.2694	0.1865	0.1865	0.1865	0.0000	0.0000	
0.9191	16366     	0.0742	0.1782	0.2821	0.2821	0.2712	0.1845	0.1845	0.1845	0.0000	0.0000	
0.9201	16164     	0.0725	0.1759	0.2794	0.2794	0.2730	0.1825	0.1825	0.1825	0.0000	0.0000	
0.9211	15962     	0.0708	0.1737	0.2766	0.2766	0.2748	0.1806	0.1806	0.1806	0.0000	0.0000	
0.9221	15760     	0.0695	0.1717	0.2739	0.2739	0.2766	0.1786	0.1786	0.1786	0.0000	0.0000	
0.9231	15558     	0.0678	0.1694	0.2711	0.2711	0.2784	0.1765	0.1765	0.1765	0.0000	0.0000	
0.9241	15356     	0.0656	0.1670	0.2683	0.2683	0.2803	0.1745	0.1745	0.1745	0.0000	0.0000	
0.9251	15154     	0.0638	0.1646	0.2655	0.2655	0.2822	0.1725	0.1725	0.1725	0.0000	0.0000	
0.9261	14952     	0.0621	0.1624	0.2627	0.2627	0.2841	0.1705	0.1705	0.1705	0.0000	0.0000	
0.9271	14750     	0.0605	0.1602	0.2599	0.2599	0.2860	0.1685	0.1685	0.1685	0.0000	0.0000	
0.9281	14548     	0.0580	0.1575	0.2571	0.2571	0.2879	0.1665	0.1665	0.1665	0.0000	0.0000	
0.9291	14346     	0.0568	0.1555	0.2542	0.2542	0.2899	0.1644	0.1644	0.1644	0.0000	0.0000	
0.9301	14144     	0.0552	0.1533	0.2514	0.2514	0.2919	0.1624	0.1624	0.1624	0.0000	0.0000	
0.9311	13942     	0.0539	0.1512	0.2485	0.2485	0.2939	0.1603	0.1603	0.1603	0.0000	0.0000	
0.9321	13740     	0.0524	0.1490	0.2456	0.2456	0.2960	0.1583	0.1583	0.1583	0.0000	0.0000	
0.9330	13538     	0.0512	0.1470	0.2427	0.2427	0.2981	0.1562	0.1562	0.1562	0.0000	0.0000	
0.9340	13336     	0.0505	0.1452	0.2398	0.2398	0.3002	0.1541	0.1541	0.1541	0.0000	0.0000	
0.9350	13134     	0.0495	0.1432	0.2369	0.2369	0.3023	0.1521	0.1521	0.1521	0.0000	0.0000	
0.9360	12932     	0.0491	0.1415	0.2340	0.2340	0.3045	0.1500	0.1500	0.1500	0.0000	0.0000	
0.9370	12730     	0.0484	0.1398	0.2311	0.2311	0.3067	0.1478	0.1478	0.1478	0.0000	0.0000	
0.9380	12528     	0.0476	0.1378	0.2281	0.2281	0.3089	0.1457	0.1457	0.1457	0.0000	0.0000	
0.9390	12326     	0.0473	0.1362	0.2251	0.2251	0.3112	0.1436	0.1436	0.1436	0.0000	0.0000	
0.9400	12124     	0.0466	0.1344	0.2221	0.2221	0.3135	0.1415	0.1415	0.1415	0.0000	0.0000	
0.9410	11922     	0.0464	0.1328	0.2191	0.2191	0.3158	0.1394	0.1394	0.1394	0.0000	0.0000	
0.9420	11720     	0.0453	0.1307	0.2162	0.2162	0.3181	0.1373	0.1373	0.1373	0.0000	0.0000	
0.9430	11518     	0.0445	0.1288	0.2131	0.2131	0.3205	0.1351	0.1351	0.1351	0.0000	0.0000	
0.9440	11316     	0.0436	0.1268	0.2101	0.2101	0.3230	0.1330	0.1330	0.1330	0.0000	0.0000	
0.9450	11114     	0.0426	0.1248	0.2070	0.2070	0.3255	0.1309	0.1309	0.1309	0.0000	0.0000	
0.9460	10912     	0.0415	0.1227	0.2039	0.2039	0.3280	0.1287	0.1287	0.1287	0.0000	0.0000	
0.9470	10710     	0.0410	0.1209	0.2008	0.2008	0.3306	0.1265	0.1265	0.1265	0.0000	0.0000	
0.9480	10508     	0.0402	0.1189	0.1977	0.1977	0.3332	0.1244	0.1244	0.1244	0.0000	0.0000	
0.9490	10306     	0.0387	0.1166	0.1946	0.1946	0.3358	0.1222	0.1222	0.1222	0.0000	0.0000	
0.9500	10104     	0.0377	0.1145	0.1914	0.1914	0.3386	0.1200	0.1200	0.1200	0.0000	0.0000	
0.9510	9902      	0.0366	0.1124	0.1882	0.1882	0.3413	0.1178	0.1178	0.1178	0.0000	0.0000	
0.9520	9700      	0.0357	0.1104	0.1850	0.1850	0.3441	0.1156	0.1156	0.1156	0.0000	0.0000	
0.9530	9498      	0.0347	0.1083	0.1818	0.1818	0.3470	0.1134	0.1134	0.1134	0.0000	0.0000	
0.9540	9296      	0.0340	0.1063	0.1785	0.1785	0.3500	0.1112	0.1112	0.1112	0.0000	0.0000	
0.9550	9094      	0.0331	0.1042	0.1753	0.1753	0.3530	0.1090	0.1090	0.1090	0.0000	0.0000	
0.9560	8892      	0.0321	0.1020	0.1720	0.1720	0.3560	0.1067	0.1067	0.1067	0.0000	0.0000	
0.9570	8690      	0.0313	0.1000	0.1687	0.1687	0.3592	0.1045	0.1045	0.1045	0.0000	0.0000	
0.9580	8488      	0.0313	0.0983	0.1653	0.1653	0.3624	0.1022	0.1022	0.1022	0.0000	0.0000	
0.9590	8286      	0.0307	0.0963	0.1619	0.1619	0.3656	0.1000	0.1000	0.1000	0.0000	0.0000	
0.9600	8084      	0.0302	0.0944	0.1586	0.1586	0.3690	0.0977	0.0977	0.0977	0.0000	0.0000	
0.9610	7882      	0.0298	0.0924	0.1551	0.1551	0.3724	0.0954	0.0954	0.0954	0.0000	0.0000	
0.9620	7680      	0.0291	0.0904	0.1517	0.1517	0.3759	0.0931	0.0931	0.0931	0.0000	0.0000	
0.9630	7478      	0.0285	0.0884	0.1482	0.1482	0.3795	0.0908	0.0908	0.0908	0.0000	0.0000	
0.9640	7276      	0.0281	0.0864	0.1447	0.1447	0.3832	0.0885	0.0885	0.0885	0.0000	0.0000	
0.9650	7074      	0.0277	0.0845	0.1412	0.1412	0.3870	0.0862	0.0862	0.0862	0.0000	0.0000	
0.9660	6872      	0.0273	0.0825	0.1377	0.1377	0.3909	0.0839	0.0839	0.0839	0.0000	0.0000	
0.9670	6670      	0.0266	0.0804	0.1341	0.1341	0.3949	0.0815	0.0815	0.0815	0.0000	0.0000	
0.9680	6468      	0.0261	0.0783	0.1305	0.1305	0.3990	0.0792	0.0792	0.0792	0.0000	0.0000	
0.9690	6266      	0.0254	0.0761	0.1269	0.1269	0.4032	0.0768	0.0768	0.0768	0.0000	0.0000	
0.9700	6064      	0.0250	0.0741	0.1232	0.1232	0.4075	0.0745	0.0745	0.0745	0.0000	0.0000	
0.9710	5862      	0.0247	0.0722	0.1196	0.1196	0.4120	0.0721	0.0721	0.0721	0.0000	0.0000	
0.9720	5660      	0.0240	0.0700	0.1159	0.1159	0.4166	0.0698	0.0698	0.0698	0.0000	0.0000	
0.9730	5458      	0.0235	0.0678	0.1122	0.1122	0.4213	0.0674	0.0674	0.0674	0.0000	0.0000	
0.9740	5256      	0.0231	0.0657	0.1084	0.1084	0.4262	0.0650	0.0650	0.0650	0.0000	0.0000	
0.9750	5054      	0.0226	0.0636	0.1046	0.1046	0.4312	0.0626	0.0626	0.0626	0.0000	0.0000	
0.9760	4852      	0.0223	0.0616	0.1009	0.1009	0.4365	0.0602	0.0602	0.0602	0.0000	0.0000	
0.9770	4650      	0.0218	0.0594	0.0970	0.0970	0.4419	0.0577	0.0577	0.0577	0.0000	0.0000	
0.9780	4448      	0.0213	0.0572	0.0932	0.0932	0.4475	0.0553	0.0553	0.0553	0.0000	0.0000	
0.9790	4246      	0.0207	0.0550	0.0893	0.0893	0.4534	0.0528	0.0528	0.0528	0.0000	0.0000	
0.9800	4044      	0.0200	0.0527	0.0853	0.0853	0.4595	0.0504	0.0504	0.0504	0.0000	0.0000	
0.9810	3842      	0.0196	0.0505	0.0814	0.0814	0.4659	0.0479	0.0479	0.0479	0.0000	0.0000	
0.9820	3640      	0.0188	0.0481	0.0774	0.0774	0.4726	0.0454	0.0454	0.0454	0.0000	0.0000	
0.9830	3438      	0.0179	0.0456	0.0733	0.0733	0.4796	0.0429	0.0429	0.0429	0.0000	0.0000	
0.9840	3236      	0.0170	0.0431	0.0692	0.0692	0.4871	0.0404	0.0404	0.0404	0.0000	0.0000	
0.9850	3034      	0.0165	0.0408	0.0651	0.0651	0.4949	0.0379	0.0379	0.0379	0.0000	0.0000	
0.9860	2832      	0.0160	0.0385	0.0609	0.0609	0.5032	0.0354	0.0354	0.0354	0.0000	0.0000	
0.9870	2630      	0.0150	0.0358	0.0567	0.0567	0.5121	0.0328	0.0328	0.0328	0.0000	0.0000	
0.9880	2428      	0.0137	0.0330	0.0524	0.0524	0.5217	0.0302	0.0302	0.0302	0.0000	0.0000	
0.9890	2226      	0.0130	0.0305	0.0480	0.0480	0.5320	0.0276	0.0276	0.0276	0.0000	0.0000	
0.9900	2024      	0.0122	0.0278	0.0435	0.0435	0.5434	0.0249	0.0249	0.0249	0.0000	0.0000	
0.9910	1822      	0.0112	0.0251	0.0389	0.0389	0.5560	0.0223	0.0223	0.0223	0.0000	0.0000	
0.9920	1620      	0.0108	0.0225	0.0342	0.0342	0.5700	0.0196	0.0196	0.0196	0.0000	0.0000	
0.9930	1418      	0.0103	0.0198	0.0294	0.0294	0.5861	0.0168	0.0168	0.0168	0.0000	0.0000	
0.9940	1216      	0.0097	0.0170	0.0244	0.0244	0.6048	0.0140	0.0140	0.0140	0.0000	0.0000	
0.9950	1014      	0.0086	0.0140	0.0193	0.0193	0.6274	0.0112	0.0112	0.0112	0.0000	0.0000	
0.9960	812       	0.0068	0.0104	0.0140	0.0140	0.6561	0.0084	0.0084	0.0084	0.0000	0.0000	
0.9970	610       	0.0054	0.0080	0.0106	0.0106	0.6788	0.0063	0.0063	0.0063	0.0000	0.0000	
0.9980	408       	0.0047	0.0061	0.0076	0.0076	0.7051	0.0044	0.0044	0.0044	0.0000	0.0000	
0.9990	206       	0.0036	0.0037	0.0038	0.0038	0.7523	0.0022	0.0022	0.0022	0.0000	0.0000	
1.0000	4         	0.0001	0.0001	0.0002	0.0001	0.9047	0.0000	0.0000	0.0000	0.0000	0.0000	
1.0000	0         	0.0000	0.0000	0.0000	0.0000	1.0000	0.0000	0.0000	0.0000	0.0000	0.0000	
