# Prop_landscape_lost  cost_needed_for_top_fraction  min_prop_rem  ave_prop_rem  W_prop_rem  ext-1  ext-2  prop_for_each_biodiversity_feature_(e.g._species)_remaining_at_level_of_removal...
0.00001  2.0221e+005  1.00000 1.00001 1.00002   -0.00000 -0.00000   1.000 1.000 1.000 
0.00101  2.02e+005   0.98611 0.99537 1.00002   0.00058 -0.00000   1.000 0.986 1.000 
0.00201  2.018e+005  0.98587 0.99530 1.00002   0.00039 -0.00000   1.000 0.986 1.000 
0.00301  2.016e+005  0.98430 0.99477 1.00002   0.00033 -0.00000   1.000 0.984 1.000 
0.00401  2.014e+005  0.98430 0.99477 1.00002   0.00026 -0.00000   1.000 0.984 1.000 
0.00500  2.012e+005  0.98430 0.99477 1.00002   0.00022 -0.00000   1.000 0.984 1.000 
0.00600  2.0099e+005  0.98407 0.99468 1.00002   0.00019 -0.00000   1.000 0.984 1.000 
0.00700  2.0079e+005  0.98375 0.99458 1.00002   0.00017 -0.00000   1.000 0.984 1.000 
0.00800  2.0059e+005  0.98281 0.99426 1.00002   0.00016 -0.00000   1.000 0.983 1.000 
0.00900  2.0039e+005  0.98187 0.99394 1.00002   0.00015 -0.00000   1.000 0.982 1.000 
0.01000  2.0019e+005  0.98101 0.99364 1.00002   0.00015 -0.00000   1.000 0.981 1.000 
0.01100  1.9998e+005  0.98038 0.99342 1.00002   0.00014 -0.00000   1.000 0.980 1.000 
0.01200  1.9978e+005  0.97983 0.99323 1.00001   0.00013 -0.00000   1.000 0.980 1.000 
0.01300  1.9958e+005  0.97959 0.99314 1.00001   0.00012 -0.00000   1.000 0.980 1.000 
0.01400  1.9938e+005  0.97936 0.99305 1.00001   0.00012 -0.00000   1.000 0.979 1.000 
0.01499  1.9918e+005  0.97928 0.99301 1.00001   0.00011 -0.00000   1.000 0.979 1.000 
0.01599  1.9897e+005  0.97920 0.99297 1.00001   0.00010 -0.00000   1.000 0.979 1.000 
0.01699  1.9877e+005  0.97896 0.99288 1.00001   0.00010 -0.00000   1.000 0.979 1.000 
0.01799  1.9857e+005  0.97841 0.99268 1.00001   0.00010 -0.00000   1.000 0.978 1.000 
0.01899  1.9837e+005  0.97794 0.99250 1.00000   0.00009 -0.00000   1.000 0.978 1.000 
0.01999  1.9817e+005  0.97779 0.99243 1.00000   0.00009 -0.00000   1.000 0.978 0.999 
0.02099  1.9796e+005  0.97747 0.99230 1.00000   0.00009 0.00000   1.000 0.977 0.999 
0.02199  1.9776e+005  0.97700 0.99213 1.00000   0.00009 0.00000   1.000 0.977 0.999 
0.02299  1.9756e+005  0.97661 0.99197 0.99999   0.00008 0.00000   1.000 0.977 0.999 
0.02399  1.9736e+005  0.97622 0.99182 0.99999   0.00008 0.00000   1.000 0.976 0.999 
0.02498  1.9716e+005  0.97598 0.99172 0.99999   0.00008 0.00000   1.000 0.976 0.999 
0.02598  1.9695e+005  0.97574 0.99161 0.99998   0.00008 0.00000   1.000 0.976 0.999 
0.02698  1.9675e+005  0.97567 0.99156 0.99998   0.00008 0.00000   1.000 0.976 0.999 
0.02798  1.9655e+005  0.97551 0.99148 0.99998   0.00007 0.00001   1.000 0.976 0.999 
0.02898  1.9635e+005  0.97504 0.99130 0.99997   0.00007 0.00001   1.000 0.975 0.999 
0.02998  1.9615e+005  0.97472 0.99117 0.99997   0.00007 0.00001   1.000 0.975 0.999 
0.03098  1.9594e+005  0.97465 0.99111 0.99996   0.00007 0.00001   1.000 0.975 0.999 
0.03198  1.9574e+005  0.97425 0.99095 0.99996   0.00007 0.00001   1.000 0.974 0.999 
0.03298  1.9554e+005  0.97417 0.99091 0.99995   0.00007 0.00001   1.000 0.974 0.999 
0.03397  1.9534e+005  0.97417 0.99091 0.99995   0.00007 0.00001   1.000 0.974 0.999 
0.03497  1.9514e+005  0.97417 0.99091 0.99995   0.00006 0.00001   1.000 0.974 0.999 
0.03597  1.9493e+005  0.97410 0.99088 0.99995   0.00006 0.00001   1.000 0.974 0.999 
0.03697  1.9473e+005  0.97410 0.99087 0.99995   0.00006 0.00001   1.000 0.974 0.999 
0.03797  1.9453e+005  0.97410 0.99087 0.99995   0.00006 0.00001   1.000 0.974 0.999 
0.03897  1.9433e+005  0.97410 0.99086 0.99995   0.00006 0.00001   1.000 0.974 0.999 
0.03997  1.9413e+005  0.97410 0.99085 0.99995   0.00006 0.00001   1.000 0.974 0.999 
0.04097  1.9392e+005  0.97410 0.99084 0.99995   0.00006 0.00001   1.000 0.974 0.998 
0.04197  1.9372e+005  0.97410 0.99083 0.99995   0.00005 0.00001   1.000 0.974 0.998 
0.04297  1.9352e+005  0.97410 0.99082 0.99995   0.00005 0.00001   1.000 0.974 0.998 
0.04396  1.9332e+005  0.97410 0.99081 0.99995   0.00005 0.00001   1.000 0.974 0.998 
0.04496  1.9312e+005  0.97410 0.99080 0.99994   0.00005 0.00001   1.000 0.974 0.998 
0.04596  1.9291e+005  0.97410 0.99078 0.99994   0.00005 0.00001   1.000 0.974 0.998 
0.04696  1.9271e+005  0.97402 0.99074 0.99994   0.00005 0.00001   1.000 0.974 0.998 
0.04796  1.9251e+005  0.97386 0.99067 0.99994   0.00005 0.00002   1.000 0.974 0.998 
0.04896  1.9231e+005  0.97331 0.99047 0.99993   0.00005 0.00002   1.000 0.973 0.998 
0.04996  1.9211e+005  0.97260 0.99022 0.99993   0.00005 0.00002   1.000 0.973 0.998 
0.05096  1.919e+005  0.97190 0.98996 0.99992   0.00005 0.00002   1.000 0.972 0.998 
0.05196  1.917e+005  0.97111 0.98968 0.99992   0.00005 0.00002   1.000 0.971 0.998 
0.05296  1.915e+005  0.97064 0.98949 0.99991   0.00005 0.00002   1.000 0.971 0.998 
0.05395  1.913e+005  0.97033 0.98936 0.99991   0.00005 0.00002   1.000 0.970 0.998 
0.05495  1.911e+005  0.96978 0.98914 0.99990   0.00005 0.00002   1.000 0.970 0.998 
0.05595  1.9089e+005  0.96938 0.98898 0.99990   0.00005 0.00003   1.000 0.969 0.998 
0.05695  1.9069e+005  0.96868 0.98872 0.99989   0.00005 0.00003   1.000 0.969 0.998 
0.05795  1.9049e+005  0.96774 0.98837 0.99988   0.00005 0.00003   1.000 0.968 0.997 
0.05895  1.9029e+005  0.96711 0.98813 0.99988   0.00005 0.00003   1.000 0.967 0.997 
0.05995  1.9009e+005  0.96671 0.98797 0.99987   0.00005 0.00003   1.000 0.967 0.997 
0.06095  1.8988e+005  0.96616 0.98775 0.99986   0.00005 0.00003   1.000 0.966 0.997 
0.06195  1.8968e+005  0.96593 0.98764 0.99985   0.00005 0.00004   1.000 0.966 0.997 
0.06295  1.8948e+005  0.96522 0.98737 0.99985   0.00005 0.00004   1.000 0.965 0.997 
0.06394  1.8928e+005  0.96452 0.98710 0.99984   0.00005 0.00004   1.000 0.965 0.997 
0.06494  1.8908e+005  0.96350 0.98673 0.99983   0.00005 0.00004   1.000 0.963 0.997 
0.06594  1.8887e+005  0.96295 0.98651 0.99982   0.00005 0.00005   1.000 0.963 0.997 
0.06694  1.8867e+005  0.96247 0.98632 0.99981   0.00005 0.00005   1.000 0.962 0.997 
0.06794  1.8847e+005  0.96161 0.98600 0.99980   0.00005 0.00005   1.000 0.962 0.997 
0.06894  1.8827e+005  0.96067 0.98565 0.99979   0.00005 0.00005   1.000 0.961 0.996 
0.06994  1.8807e+005  0.95988 0.98535 0.99978   0.00005 0.00005   1.000 0.960 0.996 
0.07094  1.8786e+005  0.95918 0.98507 0.99977   0.00005 0.00006   1.000 0.959 0.996 
0.07194  1.8766e+005  0.95808 0.98467 0.99976   0.00005 0.00006   1.000 0.958 0.996 
0.07293  1.8746e+005  0.95698 0.98427 0.99975   0.00005 0.00006   1.000 0.957 0.996 
0.07393  1.8726e+005  0.95619 0.98396 0.99974   0.00005 0.00007   1.000 0.956 0.996 
0.07493  1.8706e+005  0.95494 0.98351 0.99973   0.00006 0.00007   1.000 0.955 0.996 
0.07593  1.8685e+005  0.95399 0.98315 0.99971   0.00006 0.00007   1.000 0.954 0.996 
0.07693  1.8665e+005  0.95282 0.98272 0.99970   0.00006 0.00007   1.000 0.953 0.996 
0.07793  1.8645e+005  0.95148 0.98223 0.99969   0.00006 0.00008   1.000 0.951 0.996 
0.07893  1.8625e+005  0.95132 0.98215 0.99968   0.00006 0.00008   1.000 0.951 0.995 
0.07993  1.8605e+005  0.95132 0.98211 0.99967   0.00006 0.00008   1.000 0.951 0.995 
0.08093  1.8584e+005  0.95132 0.98208 0.99966   0.00006 0.00009   1.000 0.951 0.995 
0.08193  1.8564e+005  0.95070 0.98182 0.99964   0.00006 0.00009   1.000 0.951 0.995 
0.08292  1.8544e+005  0.94944 0.98136 0.99963   0.00006 0.00009   1.000 0.949 0.995 
0.08392  1.8524e+005  0.94873 0.98108 0.99962   0.00006 0.00010   1.000 0.949 0.995 
0.08492  1.8504e+005  0.94779 0.98072 0.99960   0.00006 0.00010   1.000 0.948 0.995 
0.08592  1.8483e+005  0.94630 0.98018 0.99959   0.00006 0.00010   1.000 0.946 0.995 
0.08692  1.8463e+005  0.94536 0.97982 0.99957   0.00006 0.00011   1.000 0.945 0.995 
0.08792  1.8443e+005  0.94410 0.97936 0.99956   0.00006 0.00011   1.000 0.944 0.994 
0.08892  1.8423e+005  0.94284 0.97889 0.99954   0.00006 0.00012   1.000 0.943 0.994 
0.08992  1.8403e+005  0.94206 0.97858 0.99952   0.00006 0.00012   1.000 0.942 0.994 
0.09092  1.8382e+005  0.94096 0.97817 0.99951   0.00006 0.00012   1.000 0.941 0.994 
0.09192  1.8362e+005  0.93986 0.97775 0.99949   0.00006 0.00013   0.999 0.940 0.994 
0.09291  1.8342e+005  0.93860 0.97728 0.99947   0.00006 0.00013   0.999 0.939 0.994 
0.09391  1.8322e+005  0.93766 0.97692 0.99946   0.00006 0.00014   0.999 0.938 0.994 
0.09491  1.8302e+005  0.93688 0.97660 0.99944   0.00006 0.00014   0.999 0.937 0.993 
0.09591  1.8281e+005  0.93593 0.97624 0.99942   0.00006 0.00015   0.999 0.936 0.993 
0.09691  1.8261e+005  0.93507 0.97590 0.99940   0.00006 0.00015   0.999 0.935 0.993 
0.09791  1.8241e+005  0.93405 0.97550 0.99938   0.00006 0.00015   0.999 0.934 0.993 
0.09891  1.8221e+005  0.93342 0.97523 0.99936   0.00006 0.00016   0.999 0.933 0.993 
0.09991  1.8201e+005  0.93216 0.97476 0.99934   0.00006 0.00016   0.999 0.932 0.993 
0.10091  1.818e+005  0.93083 0.97426 0.99932   0.00006 0.00017   0.999 0.931 0.993 
0.10190  1.816e+005  0.93020 0.97399 0.99930   0.00006 0.00018   0.999 0.930 0.992 
0.10290  1.814e+005  0.92910 0.97357 0.99928   0.00007 0.00018   0.999 0.929 0.992 
0.10390  1.812e+005  0.92832 0.97325 0.99926   0.00007 0.00019   0.999 0.928 0.992 
0.10490  1.81e+005   0.92761 0.97295 0.99923   0.00007 0.00019   0.999 0.928 0.992 
0.10590  1.8079e+005  0.92612 0.97239 0.99921   0.00007 0.00020   0.999 0.926 0.992 
0.10690  1.8059e+005  0.92502 0.97197 0.99919   0.00007 0.00020   0.999 0.925 0.992 
0.10790  1.8039e+005  0.92392 0.97154 0.99916   0.00007 0.00021   0.999 0.924 0.992 
0.10890  1.8019e+005  0.92313 0.97121 0.99914   0.00007 0.00022   0.999 0.923 0.991 
0.10990  1.7999e+005  0.92188 0.97073 0.99912   0.00007 0.00022   0.999 0.922 0.991 
0.11090  1.7978e+005  0.92101 0.97038 0.99909   0.00007 0.00023   0.999 0.921 0.991 
0.11189  1.7958e+005  0.91999 0.96997 0.99907   0.00007 0.00023   0.999 0.920 0.991 
0.11289  1.7938e+005  0.91889 0.96954 0.99904   0.00007 0.00024   0.999 0.919 0.991 
0.11389  1.7918e+005  0.91772 0.96908 0.99901   0.00007 0.00025   0.999 0.918 0.991 
0.11489  1.7898e+005  0.91662 0.96864 0.99899   0.00007 0.00025   0.999 0.917 0.990 
0.11589  1.7877e+005  0.91567 0.96826 0.99896   0.00007 0.00026   0.999 0.916 0.990 
0.11689  1.7857e+005  0.91442 0.96777 0.99893   0.00007 0.00027   0.999 0.914 0.990 
0.11789  1.7837e+005  0.91293 0.96721 0.99890   0.00007 0.00027   0.999 0.913 0.990 
0.11889  1.7817e+005  0.91198 0.96682 0.99888   0.00007 0.00028   0.999 0.912 0.990 
0.11989  1.7797e+005  0.91128 0.96651 0.99885   0.00007 0.00029   0.999 0.911 0.989 
0.12089  1.7776e+005  0.91010 0.96605 0.99882   0.00007 0.00030   0.999 0.910 0.989 
0.12188  1.7756e+005  0.90892 0.96558 0.99879   0.00007 0.00030   0.999 0.909 0.989 
0.12288  1.7736e+005  0.90774 0.96511 0.99876   0.00007 0.00031   0.999 0.908 0.989 
0.12388  1.7716e+005  0.90617 0.96452 0.99873   0.00007 0.00032   0.999 0.906 0.989 
0.12488  1.7696e+005  0.90499 0.96405 0.99869   0.00007 0.00033   0.999 0.905 0.988 
0.12588  1.7675e+005  0.90319 0.96337 0.99866   0.00007 0.00033   0.999 0.903 0.988 
0.12688  1.7655e+005  0.90193 0.96287 0.99863   0.00008 0.00034   0.999 0.902 0.988 
0.12788  1.7635e+005  0.90060 0.96235 0.99860   0.00008 0.00035   0.999 0.901 0.988 
0.12888  1.7615e+005  0.89934 0.96185 0.99856   0.00008 0.00036   0.999 0.899 0.988 
0.12988  1.7595e+005  0.89738 0.96112 0.99853   0.00008 0.00037   0.999 0.897 0.987 
0.13088  1.7574e+005  0.89573 0.96049 0.99850   0.00008 0.00038   0.998 0.896 0.987 
0.13187  1.7554e+005  0.89486 0.96012 0.99846   0.00008 0.00039   0.998 0.895 0.987 
0.13287  1.7534e+005  0.89329 0.95952 0.99842   0.00008 0.00039   0.998 0.893 0.987 
0.13387  1.7514e+005  0.89141 0.95881 0.99839   0.00008 0.00040   0.998 0.891 0.987 
0.13487  1.7494e+005  0.88984 0.95821 0.99835   0.00008 0.00041   0.998 0.890 0.986 
0.13587  1.7473e+005  0.88827 0.95760 0.99831   0.00008 0.00042   0.998 0.888 0.986 
0.13687  1.7453e+005  0.88678 0.95702 0.99828   0.00008 0.00043   0.998 0.887 0.986 
0.13787  1.7433e+005  0.88528 0.95644 0.99824   0.00008 0.00044   0.998 0.885 0.986 
0.13887  1.7413e+005  0.88395 0.95591 0.99820   0.00008 0.00045   0.998 0.884 0.986 
0.13987  1.7393e+005  0.88285 0.95545 0.99816   0.00008 0.00046   0.998 0.883 0.985 
0.14086  1.7372e+005  0.88159 0.95495 0.99812   0.00008 0.00047   0.998 0.882 0.985 
0.14186  1.7352e+005  0.88081 0.95460 0.99807   0.00008 0.00048   0.998 0.881 0.985 
0.14286  1.7332e+005  0.87947 0.95406 0.99803   0.00008 0.00049   0.998 0.879 0.985 
0.14386  1.7312e+005  0.87790 0.95345 0.99799   0.00008 0.00050   0.998 0.878 0.984 
0.14486  1.7292e+005  0.87680 0.95299 0.99795   0.00008 0.00051   0.998 0.877 0.984 
0.14586  1.7271e+005  0.87586 0.95258 0.99790   0.00008 0.00052   0.998 0.876 0.984 
0.14686  1.7251e+005  0.87461 0.95207 0.99786   0.00008 0.00054   0.998 0.875 0.984 
0.14786  1.7231e+005  0.87358 0.95163 0.99781   0.00008 0.00055   0.998 0.874 0.983 
0.14886  1.7211e+005  0.87194 0.95099 0.99776   0.00009 0.00056   0.998 0.872 0.983 
0.14986  1.7191e+005  0.87060 0.95044 0.99772   0.00009 0.00057   0.998 0.871 0.983 
0.15085  1.717e+005  0.86958 0.95000 0.99767   0.00009 0.00058   0.998 0.870 0.983 
0.15185  1.715e+005  0.86911 0.94974 0.99762   0.00009 0.00060   0.998 0.869 0.983 
0.15285  1.713e+005  0.86872 0.94951 0.99757   0.00009 0.00061   0.998 0.869 0.982 
0.15385  1.711e+005  0.86738 0.94896 0.99752   0.00009 0.00062   0.998 0.867 0.982 
0.15485  1.709e+005  0.86644 0.94854 0.99746   0.00009 0.00063   0.997 0.866 0.982 
0.15585  1.7069e+005  0.86558 0.94815 0.99741   0.00009 0.00065   0.997 0.866 0.981 
0.15685  1.7049e+005  0.86503 0.94786 0.99736   0.00009 0.00066   0.997 0.865 0.981 
0.15785  1.7029e+005  0.86455 0.94759 0.99730   0.00009 0.00068   0.997 0.865 0.981 
0.15885  1.7009e+005  0.86377 0.94722 0.99725   0.00009 0.00069   0.997 0.864 0.981 
0.15985  1.6989e+005  0.86298 0.94685 0.99719   0.00009 0.00070   0.997 0.863 0.980 
0.16084  1.6968e+005  0.86204 0.94642 0.99713   0.00009 0.00072   0.997 0.862 0.980 
0.16184  1.6948e+005  0.86126 0.94605 0.99707   0.00009 0.00073   0.997 0.861 0.980 
0.16284  1.6928e+005  0.86063 0.94572 0.99701   0.00009 0.00075   0.997 0.861 0.980 
0.16384  1.6908e+005  0.85992 0.94538 0.99695   0.00009 0.00076   0.997 0.860 0.979 
0.16484  1.6888e+005  0.85929 0.94505 0.99689   0.00009 0.00078   0.997 0.859 0.979 
0.16584  1.6867e+005  0.85859 0.94469 0.99683   0.00009 0.00079   0.997 0.859 0.979 
0.16684  1.6847e+005  0.85772 0.94429 0.99677   0.00009 0.00081   0.997 0.858 0.978 
0.16784  1.6827e+005  0.85702 0.94393 0.99670   0.00009 0.00083   0.997 0.857 0.978 
0.16884  1.6807e+005  0.85600 0.94347 0.99664   0.00009 0.00084   0.997 0.856 0.978 
0.16984  1.6787e+005  0.85529 0.94311 0.99657   0.00009 0.00086   0.997 0.855 0.977 
0.17083  1.6766e+005  0.85450 0.94273 0.99650   0.00009 0.00087   0.997 0.855 0.977 
0.17183  1.6746e+005  0.85395 0.94242 0.99644   0.00009 0.00089   0.996 0.854 0.977 
0.17283  1.6726e+005  0.85348 0.94214 0.99637   0.00009 0.00091   0.996 0.853 0.977 
0.17383  1.6706e+005  0.85278 0.94178 0.99630   0.00009 0.00093   0.996 0.853 0.976 
0.17483  1.6686e+005  0.85207 0.94141 0.99623   0.00009 0.00094   0.996 0.852 0.976 
0.17583  1.6665e+005  0.85097 0.94092 0.99616   0.00009 0.00096   0.996 0.851 0.976 
0.17683  1.6645e+005  0.85050 0.94063 0.99609   0.00009 0.00098   0.996 0.850 0.975 
0.17783  1.6625e+005  0.84979 0.94027 0.99601   0.00009 0.00100   0.996 0.850 0.975 
0.17883  1.6605e+005  0.84908 0.93990 0.99594   0.00009 0.00102   0.996 0.849 0.975 
0.17982  1.6585e+005  0.84783 0.93935 0.99586   0.00009 0.00104   0.996 0.848 0.974 
0.18082  1.6564e+005  0.84728 0.93904 0.99579   0.00009 0.00105   0.996 0.847 0.974 
0.18182  1.6544e+005  0.84681 0.93874 0.99571   0.00009 0.00107   0.996 0.847 0.974 
0.18282  1.6524e+005  0.84594 0.93832 0.99563   0.00009 0.00109   0.996 0.846 0.973 
0.18382  1.6504e+005  0.84469 0.93777 0.99555   0.00009 0.00111   0.996 0.845 0.973 
0.18482  1.6484e+005  0.84414 0.93745 0.99547   0.00009 0.00113   0.995 0.844 0.973 
0.18582  1.6463e+005  0.84312 0.93697 0.99539   0.00009 0.00115   0.995 0.843 0.972 
0.18682  1.6443e+005  0.84170 0.93637 0.99531   0.00009 0.00117   0.995 0.842 0.972 
0.18782  1.6423e+005  0.84108 0.93602 0.99523   0.00009 0.00120   0.995 0.841 0.972 
0.18882  1.6403e+005  0.84013 0.93556 0.99514   0.00009 0.00122   0.995 0.840 0.971 
0.18981  1.6383e+005  0.83935 0.93516 0.99506   0.00009 0.00124   0.995 0.839 0.971 
0.19081  1.6362e+005  0.83856 0.93476 0.99497   0.00009 0.00126   0.995 0.839 0.971 
0.19181  1.6342e+005  0.83793 0.93441 0.99489   0.00009 0.00128   0.995 0.838 0.970 
0.19281  1.6322e+005  0.83731 0.93406 0.99480   0.00009 0.00130   0.995 0.837 0.970 
0.19381  1.6302e+005  0.83621 0.93355 0.99471   0.00009 0.00133   0.995 0.836 0.970 
0.19481  1.6282e+005  0.83542 0.93314 0.99462   0.00009 0.00135   0.995 0.835 0.969 
0.19581  1.6261e+005  0.83448 0.93268 0.99453   0.00009 0.00137   0.995 0.834 0.969 
0.19681  1.6241e+005  0.83362 0.93225 0.99444   0.00009 0.00139   0.994 0.834 0.969 
0.19781  1.6221e+005  0.83307 0.93192 0.99435   0.00009 0.00142   0.994 0.833 0.968 
0.19881  1.6201e+005  0.83244 0.93156 0.99425   0.00009 0.00144   0.994 0.832 0.968 
0.19980  1.6181e+005  0.83157 0.93112 0.99416   0.00009 0.00146   0.994 0.832 0.968 
0.20080  1.616e+005  0.83071 0.93068 0.99406   0.00009 0.00149   0.994 0.831 0.967 
0.20180  1.614e+005  0.82977 0.93022 0.99397   0.00009 0.00151   0.994 0.830 0.967 
0.20280  1.612e+005  0.82867 0.92971 0.99387   0.00009 0.00154   0.994 0.829 0.967 
0.20380  1.61e+005   0.82773 0.92924 0.99377   0.00009 0.00156   0.994 0.828 0.966 
0.20480  1.608e+005  0.82702 0.92885 0.99367   0.00009 0.00159   0.994 0.827 0.966 
0.20580  1.6059e+005  0.82592 0.92833 0.99357   0.00009 0.00161   0.994 0.826 0.966 
0.20680  1.6039e+005  0.82521 0.92794 0.99347   0.00009 0.00164   0.993 0.825 0.965 
0.20780  1.6019e+005  0.82419 0.92744 0.99336   0.00009 0.00166   0.993 0.824 0.965 
0.20879  1.5999e+005  0.82325 0.92697 0.99326   0.00009 0.00169   0.993 0.823 0.964 
0.20979  1.5979e+005  0.82199 0.92640 0.99315   0.00009 0.00172   0.993 0.822 0.964 
0.21079  1.5958e+005  0.82066 0.92579 0.99305   0.00009 0.00174   0.993 0.821 0.964 
0.21179  1.5938e+005  0.82019 0.92547 0.99294   0.00009 0.00177   0.993 0.820 0.963 
0.21279  1.5918e+005  0.81885 0.92487 0.99283   0.00009 0.00180   0.993 0.819 0.963 
0.21379  1.5898e+005  0.81799 0.92441 0.99272   0.00009 0.00183   0.993 0.818 0.963 
0.21479  1.5878e+005  0.81681 0.92386 0.99261   0.00009 0.00185   0.993 0.817 0.962 
0.21579  1.5857e+005  0.81563 0.92330 0.99249   0.00009 0.00188   0.992 0.816 0.962 
0.21679  1.5837e+005  0.81469 0.92282 0.99238   0.00009 0.00191   0.992 0.815 0.961 
0.21779  1.5817e+005  0.81351 0.92226 0.99226   0.00009 0.00194   0.992 0.814 0.961 
0.21878  1.5797e+005  0.81257 0.92178 0.99215   0.00009 0.00197   0.992 0.813 0.961 
0.21978  1.5777e+005  0.81171 0.92132 0.99203   0.00009 0.00200   0.992 0.812 0.960 
0.22078  1.5756e+005  0.81077 0.92084 0.99191   0.00010 0.00203   0.992 0.811 0.960 
0.22178  1.5736e+005  0.80974 0.92033 0.99179   0.00010 0.00206   0.992 0.810 0.959 
0.22278  1.5716e+005  0.80904 0.91995 0.99168   0.00010 0.00209   0.992 0.809 0.959 
0.22378  1.5696e+005  0.80684 0.91913 0.99159   0.00010 0.00211   0.992 0.807 0.959 
0.22478  1.5676e+005  0.80440 0.91816 0.99146   0.00010 0.00214   0.991 0.804 0.959 
0.22578  1.5655e+005  0.80276 0.91744 0.99134   0.00010 0.00217   0.991 0.803 0.958 
0.22678  1.5635e+005  0.80103 0.91669 0.99121   0.00010 0.00220   0.991 0.801 0.958 
0.22778  1.5615e+005  0.79977 0.91610 0.99109   0.00010 0.00224   0.991 0.800 0.957 
0.22877  1.5595e+005  0.79812 0.91538 0.99096   0.00010 0.00227   0.991 0.798 0.957 
0.22977  1.5575e+005  0.79647 0.91465 0.99083   0.00010 0.00230   0.991 0.796 0.957 
0.23077  1.5554e+005  0.79451 0.91382 0.99070   0.00010 0.00233   0.991 0.795 0.956 
0.23177  1.5534e+005  0.79294 0.91312 0.99057   0.00010 0.00237   0.991 0.793 0.956 
0.23277  1.5514e+005  0.79200 0.91263 0.99044   0.00010 0.00240   0.990 0.792 0.955 
0.23377  1.5494e+005  0.79058 0.91197 0.99030   0.00010 0.00243   0.990 0.791 0.955 
0.23477  1.5474e+005  0.78909 0.91130 0.99017   0.00010 0.00247   0.990 0.789 0.955 
0.23577  1.5453e+005  0.78815 0.91080 0.99003   0.00010 0.00250   0.990 0.788 0.954 
0.23677  1.5433e+005  0.78721 0.91030 0.98990   0.00010 0.00254   0.990 0.787 0.954 
0.23777  1.5413e+005  0.78572 0.90961 0.98976   0.00010 0.00257   0.990 0.786 0.953 
0.23876  1.5393e+005  0.78462 0.90906 0.98962   0.00010 0.00261   0.990 0.785 0.953 
0.23976  1.5373e+005  0.78367 0.90856 0.98948   0.00010 0.00264   0.989 0.784 0.953 
0.24076  1.5352e+005  0.78210 0.90784 0.98933   0.00010 0.00268   0.989 0.782 0.952 
0.24176  1.5332e+005  0.78069 0.90718 0.98919   0.00010 0.00271   0.989 0.781 0.952 
0.24276  1.5312e+005  0.77943 0.90657 0.98904   0.00010 0.00275   0.989 0.779 0.951 
0.24376  1.5292e+005  0.77802 0.90591 0.98890   0.00010 0.00279   0.989 0.778 0.951 
0.24476  1.5272e+005  0.77637 0.90517 0.98875   0.00010 0.00282   0.989 0.776 0.950 
0.24576  1.5251e+005  0.77449 0.90435 0.98860   0.00010 0.00286   0.989 0.774 0.950 
0.24676  1.5231e+005  0.77315 0.90371 0.98845   0.00010 0.00290   0.988 0.773 0.950 
0.24775  1.5211e+005  0.77197 0.90312 0.98830   0.00011 0.00294   0.988 0.772 0.949 
0.24875  1.5191e+005  0.77040 0.90240 0.98815   0.00011 0.00298   0.988 0.770 0.949 
0.24975  1.5171e+005  0.76891 0.90170 0.98799   0.00011 0.00302   0.988 0.769 0.948 
0.25075  1.515e+005  0.76773 0.90111 0.98783   0.00011 0.00306   0.988 0.768 0.948 
0.25175  1.513e+005  0.76624 0.90041 0.98768   0.00011 0.00310   0.988 0.766 0.947 
0.25275  1.511e+005  0.76404 0.89948 0.98752   0.00011 0.00314   0.988 0.764 0.947 
0.25375  1.509e+005  0.76224 0.89867 0.98736   0.00011 0.00318   0.987 0.762 0.946 
0.25475  1.507e+005  0.76035 0.89784 0.98720   0.00011 0.00322   0.987 0.760 0.946 
0.25575  1.5049e+005  0.75925 0.89727 0.98703   0.00011 0.00326   0.987 0.759 0.946 
0.25675  1.5029e+005  0.75823 0.89672 0.98687   0.00011 0.00330   0.987 0.758 0.945 
0.25774  1.5009e+005  0.75674 0.89601 0.98670   0.00011 0.00334   0.987 0.757 0.945 
0.25874  1.4989e+005  0.75525 0.89531 0.98653   0.00011 0.00338   0.987 0.755 0.944 
0.25974  1.4969e+005  0.75376 0.89460 0.98637   0.00011 0.00343   0.986 0.754 0.944 
0.26074  1.4948e+005  0.75234 0.89392 0.98619   0.00011 0.00347   0.986 0.752 0.943 
0.26174  1.4928e+005  0.75046 0.89308 0.98602   0.00011 0.00351   0.986 0.750 0.943 
0.26274  1.4908e+005  0.74928 0.89247 0.98585   0.00011 0.00356   0.986 0.749 0.942 
0.26374  1.4888e+005  0.74763 0.89171 0.98567   0.00011 0.00360   0.986 0.748 0.942 
0.26474  1.4868e+005  0.74622 0.89102 0.98550   0.00011 0.00365   0.985 0.746 0.941 
0.26574  1.4847e+005  0.74512 0.89043 0.98532   0.00011 0.00369   0.985 0.745 0.941 
0.26674  1.4827e+005  0.74410 0.88987 0.98514   0.00011 0.00374   0.985 0.744 0.940 
0.26773  1.4807e+005  0.74276 0.88920 0.98496   0.00011 0.00378   0.985 0.743 0.940 
0.26873  1.4787e+005  0.74158 0.88859 0.98478   0.00011 0.00383   0.985 0.742 0.939 
0.26973  1.4767e+005  0.74017 0.88789 0.98459   0.00011 0.00387   0.985 0.740 0.939 
0.27073  1.4746e+005  0.73892 0.88725 0.98441   0.00011 0.00392   0.984 0.739 0.938 
0.27173  1.4726e+005  0.73766 0.88660 0.98422   0.00011 0.00397   0.984 0.738 0.938 
0.27273  1.4706e+005  0.73648 0.88598 0.98403   0.00011 0.00402   0.984 0.736 0.937 
0.27373  1.4686e+005  0.73538 0.88539 0.98384   0.00011 0.00406   0.984 0.735 0.937 
0.27473  1.4666e+005  0.73428 0.88479 0.98365   0.00011 0.00411   0.984 0.734 0.936 
0.27573  1.4645e+005  0.73318 0.88419 0.98346   0.00011 0.00416   0.983 0.733 0.936 
0.27672  1.4625e+005  0.73208 0.88359 0.98326   0.00011 0.00421   0.983 0.732 0.935 
0.27772  1.4605e+005  0.73098 0.88299 0.98307   0.00012 0.00426   0.983 0.731 0.935 
0.27872  1.4585e+005  0.72981 0.88236 0.98287   0.00012 0.00431   0.983 0.730 0.934 
0.27972  1.4565e+005  0.72808 0.88155 0.98267   0.00012 0.00436   0.983 0.728 0.934 
0.28072  1.4544e+005  0.72714 0.88100 0.98247   0.00012 0.00441   0.982 0.727 0.933 
0.28172  1.4524e+005  0.72588 0.88035 0.98227   0.00012 0.00446   0.982 0.726 0.933 
0.28272  1.4504e+005  0.72462 0.87969 0.98206   0.00012 0.00451   0.982 0.725 0.932 
0.28372  1.4484e+005  0.72376 0.87916 0.98186   0.00012 0.00457   0.982 0.724 0.932 
0.28472  1.4464e+005  0.72274 0.87857 0.98165   0.00012 0.00462   0.982 0.723 0.931 
0.28572  1.4443e+005  0.72140 0.87788 0.98144   0.00012 0.00467   0.981 0.721 0.931 
0.28671  1.4423e+005  0.72046 0.87732 0.98123   0.00012 0.00473   0.981 0.720 0.930 
0.28771  1.4403e+005  0.71952 0.87676 0.98102   0.00012 0.00478   0.981 0.720 0.930 
0.28871  1.4383e+005  0.71811 0.87604 0.98081   0.00012 0.00483   0.981 0.718 0.929 
0.28971  1.4363e+005  0.71748 0.87558 0.98059   0.00012 0.00489   0.981 0.717 0.929 
0.29071  1.4342e+005  0.71614 0.87489 0.98038   0.00012 0.00494   0.980 0.716 0.928 
0.29171  1.4322e+005  0.71489 0.87422 0.98016   0.00012 0.00500   0.980 0.715 0.928 
0.29271  1.4302e+005  0.71324 0.87342 0.97994   0.00012 0.00505   0.980 0.713 0.927 
0.29371  1.4282e+005  0.71237 0.87288 0.97972   0.00012 0.00511   0.980 0.712 0.927 
0.29471  1.4262e+005  0.71120 0.87223 0.97950   0.00012 0.00517   0.979 0.711 0.926 
0.29571  1.4241e+005  0.70994 0.87156 0.97927   0.00012 0.00522   0.979 0.710 0.925 
0.29670  1.4221e+005  0.70915 0.87104 0.97905   0.00012 0.00528   0.979 0.709 0.925 
0.29770  1.4201e+005  0.70782 0.87034 0.97882   0.00012 0.00534   0.979 0.708 0.924 
0.29870  1.4181e+005  0.70656 0.86966 0.97859   0.00012 0.00540   0.979 0.707 0.924 
0.29970  1.4161e+005  0.70539 0.86901 0.97836   0.00012 0.00545   0.978 0.705 0.923 
0.30070  1.414e+005  0.70397 0.86828 0.97813   0.00012 0.00551   0.978 0.704 0.923 
0.30170  1.412e+005  0.70264 0.86758 0.97789   0.00012 0.00557   0.978 0.703 0.922 
0.30270  1.41e+005   0.70107 0.86679 0.97766   0.00012 0.00563   0.978 0.701 0.922 
0.30370  1.408e+005  0.69997 0.86616 0.97742   0.00012 0.00569   0.977 0.700 0.921 
0.30470  1.406e+005  0.69769 0.86514 0.97718   0.00012 0.00575   0.977 0.698 0.921 
0.30570  1.4039e+005  0.69659 0.86450 0.97694   0.00012 0.00582   0.977 0.697 0.920 
0.30669  1.4019e+005  0.69526 0.86379 0.97670   0.00012 0.00588   0.977 0.695 0.919 
0.30769  1.3999e+005  0.69447 0.86326 0.97645   0.00012 0.00594   0.976 0.694 0.919 
0.30869  1.3979e+005  0.69337 0.86262 0.97620   0.00012 0.00600   0.976 0.693 0.918 
0.30969  1.3959e+005  0.69204 0.86190 0.97595   0.00012 0.00607   0.976 0.692 0.918 
0.31069  1.3938e+005  0.69141 0.86141 0.97570   0.00012 0.00613   0.976 0.691 0.917 
0.31169  1.3918e+005  0.68968 0.86057 0.97545   0.00012 0.00619   0.975 0.690 0.917 
0.31269  1.3898e+005  0.68819 0.85979 0.97519   0.00012 0.00626   0.975 0.688 0.916 
0.31369  1.3878e+005  0.68693 0.85909 0.97494   0.00012 0.00633   0.975 0.687 0.915 
0.31469  1.3858e+005  0.68513 0.85821 0.97468   0.00013 0.00639   0.975 0.685 0.915 
0.31568  1.3837e+005  0.68387 0.85751 0.97442   0.00013 0.00646   0.974 0.684 0.914 
0.31668  1.3817e+005  0.68246 0.85676 0.97415   0.00013 0.00652   0.974 0.682 0.914 
0.31768  1.3797e+005  0.68128 0.85608 0.97389   0.00013 0.00659   0.974 0.681 0.913 
0.31868  1.3777e+005  0.67955 0.85522 0.97362   0.00013 0.00666   0.974 0.680 0.912 
0.31968  1.3757e+005  0.67822 0.85449 0.97335   0.00013 0.00673   0.973 0.678 0.912 
0.32068  1.3736e+005  0.67665 0.85368 0.97308   0.00013 0.00680   0.973 0.677 0.911 
0.32168  1.3716e+005  0.67547 0.85300 0.97281   0.00013 0.00687   0.973 0.675 0.911 
0.32268  1.3696e+005  0.67366 0.85211 0.97254   0.00013 0.00694   0.973 0.674 0.910 
0.32368  1.3676e+005  0.67217 0.85132 0.97226   0.00013 0.00701   0.972 0.672 0.910 
0.32468  1.3656e+005  0.67123 0.85071 0.97198   0.00013 0.00708   0.972 0.671 0.909 
0.32567  1.3635e+005  0.66942 0.84981 0.97170   0.00013 0.00715   0.972 0.669 0.908 
0.32667  1.3615e+005  0.66864 0.84925 0.97142   0.00013 0.00722   0.971 0.669 0.908 
0.32767  1.3595e+005  0.66730 0.84851 0.97114   0.00013 0.00730   0.971 0.667 0.907 
0.32867  1.3575e+005  0.66581 0.84771 0.97085   0.00013 0.00737   0.971 0.666 0.906 
0.32967  1.3555e+005  0.66385 0.84676 0.97056   0.00013 0.00744   0.971 0.664 0.906 
0.33067  1.3534e+005  0.66220 0.84591 0.97027   0.00013 0.00752   0.970 0.662 0.905 
0.33167  1.3514e+005  0.66086 0.84516 0.96998   0.00013 0.00759   0.970 0.661 0.905 
0.33267  1.3494e+005  0.65874 0.84415 0.96969   0.00013 0.00767   0.970 0.659 0.904 
0.33367  1.3474e+005  0.65749 0.84343 0.96939   0.00013 0.00774   0.969 0.657 0.903 
0.33467  1.3454e+005  0.65599 0.84263 0.96909   0.00013 0.00782   0.969 0.656 0.903 
0.33566  1.3433e+005  0.65419 0.84172 0.96880   0.00013 0.00789   0.969 0.654 0.902 
0.33666  1.3413e+005  0.65262 0.84089 0.96849   0.00013 0.00797   0.968 0.653 0.902 
0.33766  1.3393e+005  0.65175 0.84028 0.96819   0.00013 0.00805   0.968 0.652 0.901 
0.33866  1.3373e+005  0.64995 0.83937 0.96788   0.00013 0.00813   0.968 0.650 0.900 
0.33966  1.3353e+005  0.64720 0.83814 0.96758   0.00013 0.00821   0.968 0.647 0.900 
0.34066  1.3332e+005  0.64555 0.83728 0.96727   0.00013 0.00829   0.967 0.646 0.899 
0.34166  1.3312e+005  0.64366 0.83634 0.96696   0.00014 0.00837   0.967 0.644 0.898 
0.34266  1.3292e+005  0.64217 0.83553 0.96664   0.00014 0.00845   0.967 0.642 0.898 
0.34366  1.3272e+005  0.64084 0.83476 0.96633   0.00014 0.00853   0.966 0.641 0.897 
0.34466  1.3252e+005  0.63935 0.83394 0.96601   0.00014 0.00861   0.966 0.639 0.896 
0.34565  1.3231e+005  0.63746 0.83300 0.96569   0.00014 0.00869   0.966 0.637 0.896 
0.34665  1.3211e+005  0.63581 0.83213 0.96537   0.00014 0.00877   0.965 0.636 0.895 
0.34765  1.3191e+005  0.63416 0.83125 0.96505   0.00014 0.00885   0.965 0.634 0.895 
0.34865  1.3171e+005  0.63244 0.83036 0.96473   0.00014 0.00894   0.965 0.632 0.894 
0.34965  1.3151e+005  0.63087 0.82951 0.96440   0.00014 0.00902   0.964 0.631 0.893 
0.35065  1.313e+005  0.62882 0.82850 0.96407   0.00014 0.00911   0.964 0.629 0.893 
0.35165  1.311e+005  0.62733 0.82768 0.96374   0.00014 0.00919   0.964 0.627 0.892 
0.35265  1.309e+005  0.62545 0.82672 0.96341   0.00014 0.00928   0.963 0.625 0.891 
0.35365  1.307e+005  0.62411 0.82594 0.96307   0.00014 0.00936   0.963 0.624 0.891 
0.35464  1.305e+005  0.62309 0.82527 0.96274   0.00014 0.00945   0.963 0.623 0.890 
0.35564  1.3029e+005  0.62144 0.82439 0.96240   0.00014 0.00954   0.962 0.621 0.889 
0.35664  1.3009e+005  0.61964 0.82345 0.96206   0.00014 0.00962   0.962 0.620 0.889 
0.35764  1.2989e+005  0.61791 0.82254 0.96171   0.00014 0.00971   0.962 0.618 0.888 
0.35864  1.2969e+005  0.61587 0.82152 0.96137   0.00014 0.00980   0.961 0.616 0.887 
0.35964  1.2949e+005  0.61414 0.82061 0.96102   0.00014 0.00989   0.961 0.614 0.887 
0.36064  1.2928e+005  0.61241 0.81969 0.96067   0.00014 0.00998   0.961 0.612 0.886 
0.36164  1.2908e+005  0.61076 0.81879 0.96032   0.00014 0.01007   0.960 0.611 0.885 
0.36264  1.2888e+005  0.60919 0.81793 0.95997   0.00014 0.01016   0.960 0.609 0.885 
0.36364  1.2868e+005  0.60801 0.81719 0.95961   0.00014 0.01025   0.960 0.608 0.884 
0.36463  1.2848e+005  0.60676 0.81642 0.95926   0.00014 0.01035   0.959 0.607 0.883 
0.36563  1.2827e+005  0.60566 0.81570 0.95890   0.00014 0.01044   0.959 0.606 0.883 
0.36663  1.2807e+005  0.60401 0.81481 0.95854   0.00014 0.01053   0.959 0.604 0.882 
0.36763  1.2787e+005  0.60260 0.81398 0.95817   0.00015 0.01062   0.958 0.603 0.881 
0.36863  1.2767e+005  0.60118 0.81316 0.95781   0.00015 0.01072   0.958 0.601 0.880 
0.36963  1.2747e+005  0.59969 0.81230 0.95744   0.00015 0.01081   0.957 0.600 0.880 
0.37063  1.2726e+005  0.59875 0.81163 0.95707   0.00015 0.01091   0.957 0.599 0.879 
0.37163  1.2706e+005  0.59710 0.81072 0.95670   0.00015 0.01101   0.957 0.597 0.878 
0.37263  1.2686e+005  0.59577 0.80992 0.95632   0.00015 0.01110   0.956 0.596 0.878 
0.37363  1.2666e+005  0.59474 0.80922 0.95594   0.00015 0.01120   0.956 0.595 0.877 
0.37462  1.2646e+005  0.59286 0.80823 0.95556   0.00015 0.01130   0.956 0.593 0.876 
0.37562  1.2625e+005  0.59098 0.80723 0.95518   0.00015 0.01140   0.955 0.591 0.876 
0.37662  1.2605e+005  0.58925 0.80629 0.95480   0.00015 0.01150   0.955 0.589 0.875 
0.37762  1.2585e+005  0.58791 0.80548 0.95441   0.00015 0.01160   0.954 0.588 0.874 
0.37862  1.2565e+005  0.58658 0.80467 0.95403   0.00015 0.01170   0.954 0.587 0.873 
0.37962  1.2545e+005  0.58509 0.80380 0.95364   0.00015 0.01180   0.954 0.585 0.873 
0.38062  1.2524e+005  0.58359 0.80293 0.95325   0.00015 0.01190   0.953 0.584 0.872 
0.38162  1.2504e+005  0.58194 0.80201 0.95285   0.00015 0.01200   0.953 0.582 0.871 
0.38262  1.2484e+005  0.58069 0.80122 0.95246   0.00015 0.01210   0.952 0.581 0.871 
0.38361  1.2464e+005  0.57959 0.80048 0.95206   0.00015 0.01221   0.952 0.580 0.870 
0.38461  1.2444e+005  0.57818 0.79963 0.95166   0.00015 0.01231   0.952 0.578 0.869 
0.38561  1.2423e+005  0.57715 0.79891 0.95125   0.00015 0.01242   0.951 0.577 0.868 
0.38661  1.2403e+005  0.57606 0.79816 0.95085   0.00015 0.01252   0.951 0.576 0.868 
0.38761  1.2383e+005  0.57472 0.79733 0.95044   0.00015 0.01263   0.950 0.575 0.867 
0.38861  1.2363e+005  0.57236 0.79617 0.95003   0.00015 0.01273   0.950 0.572 0.866 
0.38961  1.2343e+005  0.57072 0.79523 0.94962   0.00015 0.01284   0.950 0.571 0.865 
0.39061  1.2322e+005  0.56969 0.79450 0.94921   0.00015 0.01295   0.949 0.570 0.865 
0.39161  1.2302e+005  0.56773 0.79347 0.94879   0.00015 0.01306   0.949 0.568 0.864 
0.39261  1.2282e+005  0.56640 0.79263 0.94838   0.00015 0.01316   0.948 0.566 0.863 
0.39360  1.2262e+005  0.56483 0.79172 0.94796   0.00015 0.01327   0.948 0.565 0.862 
0.39460  1.2242e+005  0.56294 0.79070 0.94753   0.00015 0.01338   0.948 0.563 0.862 
0.39560  1.2221e+005  0.56192 0.78997 0.94711   0.00015 0.01349   0.947 0.562 0.861 
0.39660  1.2201e+005  0.55996 0.78892 0.94668   0.00016 0.01360   0.947 0.560 0.860 
0.39760  1.2181e+005  0.55862 0.78808 0.94626   0.00016 0.01372   0.946 0.559 0.859 
0.39860  1.2161e+005  0.55705 0.78716 0.94583   0.00016 0.01383   0.946 0.557 0.859 
0.39960  1.2141e+005  0.55611 0.78645 0.94539   0.00016 0.01394   0.945 0.556 0.858 
0.40060  1.212e+005  0.55493 0.78566 0.94496   0.00016 0.01405   0.945 0.555 0.857 
0.40160  1.21e+005   0.55399 0.78494 0.94452   0.00016 0.01417   0.945 0.554 0.856 
0.40260  1.208e+005  0.55258 0.78407 0.94408   0.00016 0.01428   0.944 0.553 0.856 
0.40359  1.206e+005  0.55085 0.78309 0.94364   0.00016 0.01440   0.944 0.551 0.855 
0.40459  1.204e+005  0.54959 0.78227 0.94320   0.00016 0.01451   0.943 0.550 0.854 
0.40559  1.2019e+005  0.54841 0.78147 0.94275   0.00016 0.01463   0.943 0.548 0.853 
0.40659  1.1999e+005  0.54739 0.78073 0.94230   0.00016 0.01475   0.942 0.547 0.852 
0.40759  1.1979e+005  0.54606 0.77987 0.94186   0.00016 0.01486   0.942 0.546 0.852 
0.40859  1.1959e+005  0.54488 0.77907 0.94141   0.00016 0.01498   0.941 0.545 0.851 
0.40959  1.1939e+005  0.54300 0.77803 0.94095   0.00016 0.01510   0.941 0.543 0.850 
0.41059  1.1918e+005  0.54205 0.77730 0.94050   0.00016 0.01522   0.940 0.542 0.849 
0.41159  1.1898e+005  0.54048 0.77636 0.94004   0.00016 0.01534   0.940 0.540 0.849 
0.41259  1.1878e+005  0.53970 0.77568 0.93958   0.00016 0.01546   0.940 0.540 0.848 
0.41358  1.1858e+005  0.53844 0.77485 0.93912   0.00016 0.01558   0.939 0.538 0.847 
0.41458  1.1838e+005  0.53742 0.77409 0.93865   0.00016 0.01570   0.939 0.537 0.846 
0.41558  1.1817e+005  0.53624 0.77328 0.93818   0.00016 0.01583   0.938 0.536 0.845 
0.41658  1.1797e+005  0.53491 0.77241 0.93772   0.00016 0.01595   0.938 0.535 0.845 
0.41758  1.1777e+005  0.53357 0.77154 0.93725   0.00016 0.01607   0.937 0.534 0.844 
0.41858  1.1757e+005  0.53279 0.77085 0.93677   0.00016 0.01620   0.937 0.533 0.843 
0.41958  1.1737e+005  0.53145 0.76998 0.93630   0.00016 0.01632   0.936 0.531 0.842 
0.42058  1.1716e+005  0.52996 0.76906 0.93582   0.00016 0.01645   0.936 0.530 0.841 
0.42158  1.1696e+005  0.52816 0.76803 0.93534   0.00016 0.01657   0.935 0.528 0.841 
0.42257  1.1676e+005  0.52682 0.76715 0.93486   0.00016 0.01670   0.935 0.527 0.840 
0.42357  1.1656e+005  0.52604 0.76646 0.93438   0.00016 0.01683   0.934 0.526 0.839 
0.42457  1.1636e+005  0.52533 0.76579 0.93389   0.00016 0.01695   0.934 0.525 0.838 
0.42557  1.1615e+005  0.52415 0.76496 0.93340   0.00016 0.01708   0.933 0.524 0.837 
0.42657  1.1595e+005  0.52321 0.76421 0.93291   0.00016 0.01721   0.933 0.523 0.837 
0.42757  1.1575e+005  0.52164 0.76325 0.93242   0.00016 0.01734   0.932 0.522 0.836 
0.42857  1.1555e+005  0.52054 0.76245 0.93193   0.00016 0.01747   0.932 0.521 0.835 
0.42957  1.1535e+005  0.51913 0.76154 0.93143   0.00016 0.01760   0.931 0.519 0.834 
0.43057  1.1514e+005  0.51826 0.76081 0.93094   0.00017 0.01773   0.931 0.518 0.833 
0.43157  1.1494e+005  0.51708 0.75998 0.93044   0.00017 0.01786   0.930 0.517 0.832 
0.43256  1.1474e+005  0.51598 0.75917 0.92993   0.00017 0.01800   0.930 0.516 0.832 
0.43356  1.1454e+005  0.51488 0.75835 0.92943   0.00017 0.01813   0.929 0.515 0.831 
0.43456  1.1434e+005  0.51363 0.75749 0.92893   0.00017 0.01826   0.929 0.514 0.830 
0.43556  1.1413e+005  0.51229 0.75660 0.92842   0.00017 0.01840   0.928 0.512 0.829 
0.43656  1.1393e+005  0.51127 0.75582 0.92791   0.00017 0.01853   0.928 0.511 0.828 
0.43756  1.1373e+005  0.50962 0.75482 0.92740   0.00017 0.01867   0.927 0.510 0.827 
0.43856  1.1353e+005  0.50868 0.75405 0.92688   0.00017 0.01880   0.927 0.509 0.827 
0.43956  1.1333e+005  0.50750 0.75321 0.92637   0.00017 0.01894   0.926 0.508 0.826 
0.44056  1.1312e+005  0.50672 0.75250 0.92585   0.00017 0.01908   0.926 0.507 0.825 
0.44156  1.1292e+005  0.50601 0.75181 0.92533   0.00017 0.01921   0.925 0.506 0.824 
0.44255  1.1272e+005  0.50507 0.75104 0.92481   0.00017 0.01935   0.925 0.505 0.823 
0.44355  1.1252e+005  0.50421 0.75030 0.92429   0.00017 0.01949   0.924 0.504 0.822 
0.44455  1.1232e+005  0.50342 0.74958 0.92376   0.00017 0.01963   0.924 0.503 0.822 
0.44555  1.1211e+005  0.50256 0.74883 0.92323   0.00017 0.01977   0.923 0.503 0.821 
0.44655  1.1191e+005  0.50154 0.74803 0.92270   0.00017 0.01991   0.923 0.502 0.820 
0.44755  1.1171e+005  0.50067 0.74728 0.92217   0.00017 0.02005   0.922 0.501 0.819 
0.44855  1.1151e+005  0.50012 0.74663 0.92164   0.00017 0.02019   0.922 0.500 0.818 
0.44955  1.1131e+005  0.49894 0.74578 0.92110   0.00017 0.02034   0.921 0.499 0.817 
0.45055  1.111e+005  0.49761 0.74487 0.92056   0.00017 0.02048   0.921 0.498 0.816 
0.45154  1.109e+005  0.49698 0.74420 0.92002   0.00017 0.02062   0.920 0.497 0.816 
0.45254  1.107e+005  0.49596 0.74339 0.91948   0.00017 0.02077   0.919 0.496 0.815 
0.45354  1.105e+005  0.49525 0.74268 0.91893   0.00017 0.02091   0.919 0.495 0.814 
0.45454  1.103e+005  0.49439 0.74193 0.91839   0.00017 0.02106   0.918 0.494 0.813 
0.45554  1.1009e+005  0.49353 0.74117 0.91784   0.00017 0.02121   0.918 0.494 0.812 
0.45654  1.0989e+005  0.49290 0.74048 0.91729   0.00017 0.02135   0.917 0.493 0.811 
0.45754  1.0969e+005  0.49196 0.73969 0.91673   0.00017 0.02150   0.917 0.492 0.810 
0.45854  1.0949e+005  0.49101 0.73890 0.91618   0.00017 0.02165   0.916 0.491 0.810 
0.45954  1.0929e+005  0.49070 0.73832 0.91562   0.00017 0.02180   0.916 0.491 0.809 
0.46054  1.0908e+005  0.48976 0.73752 0.91506   0.00017 0.02195   0.915 0.490 0.808 
0.46153  1.0888e+005  0.48913 0.73683 0.91450   0.00017 0.02210   0.915 0.489 0.807 
0.46253  1.0868e+005  0.48819 0.73604 0.91394   0.00017 0.02225   0.914 0.488 0.806 
0.46353  1.0848e+005  0.48709 0.73519 0.91337   0.00017 0.02240   0.913 0.487 0.805 
0.46453  1.0828e+005  0.48662 0.73455 0.91281   0.00017 0.02255   0.913 0.487 0.804 
0.46553  1.0807e+005  0.48528 0.73363 0.91224   0.00017 0.02270   0.912 0.485 0.803 
0.46653  1.0787e+005  0.48457 0.73290 0.91167   0.00017 0.02285   0.912 0.485 0.802 
0.46753  1.0767e+005  0.48387 0.73218 0.91109   0.00017 0.02301   0.911 0.484 0.802 
0.46853  1.0747e+005  0.48277 0.73132 0.91052   0.00017 0.02316   0.911 0.483 0.801 
0.46953  1.0727e+005  0.48230 0.73067 0.90994   0.00017 0.02332   0.910 0.482 0.800 
0.47053  1.0706e+005  0.48159 0.72995 0.90936   0.00017 0.02347   0.909 0.482 0.799 
0.47152  1.0686e+005  0.48057 0.72912 0.90878   0.00017 0.02363   0.909 0.481 0.798 
0.47252  1.0666e+005  0.47978 0.72836 0.90820   0.00017 0.02379   0.908 0.480 0.797 
0.47352  1.0646e+005  0.47931 0.72771 0.90762   0.00017 0.02394   0.908 0.479 0.796 
0.47452  1.0626e+005  0.47869 0.72701 0.90703   0.00017 0.02410   0.907 0.479 0.795 
0.47552  1.0605e+005  0.47790 0.72624 0.90644   0.00017 0.02426   0.906 0.478 0.794 
0.47652  1.0585e+005  0.47735 0.72556 0.90585   0.00017 0.02442   0.906 0.477 0.793 
0.47752  1.0565e+005  0.47649 0.72477 0.90526   0.00017 0.02458   0.905 0.476 0.793 
0.47852  1.0545e+005  0.47594 0.72409 0.90466   0.00017 0.02474   0.905 0.476 0.792 
0.47952  1.0525e+005  0.47570 0.72351 0.90406   0.00017 0.02490   0.904 0.476 0.791 
0.48052  1.0504e+005  0.47507 0.72279 0.90346   0.00017 0.02506   0.903 0.475 0.790 
0.48151  1.0484e+005  0.47421 0.72200 0.90286   0.00017 0.02522   0.903 0.474 0.789 
0.48251  1.0464e+005  0.47374 0.72134 0.90226   0.00017 0.02539   0.902 0.474 0.788 
0.48351  1.0444e+005  0.47311 0.72062 0.90165   0.00017 0.02555   0.902 0.473 0.787 
0.48451  1.0424e+005  0.47232 0.71985 0.90105   0.00017 0.02571   0.901 0.472 0.786 
0.48551  1.0403e+005  0.47154 0.71908 0.90044   0.00018 0.02588   0.900 0.472 0.785 
0.48651  1.0383e+005  0.47107 0.71841 0.89983   0.00018 0.02604   0.900 0.471 0.784 
0.48751  1.0363e+005  0.47036 0.71766 0.89921   0.00018 0.02621   0.899 0.470 0.783 
0.48851  1.0343e+005  0.46958 0.71689 0.89860   0.00018 0.02638   0.899 0.470 0.782 
0.48951  1.0323e+005  0.46903 0.71619 0.89798   0.00018 0.02654   0.898 0.469 0.782 
0.49050  1.0302e+005  0.46840 0.71547 0.89736   0.00018 0.02671   0.897 0.468 0.781 
0.49150  1.0282e+005  0.46777 0.71474 0.89674   0.00018 0.02688   0.897 0.468 0.780 
0.49250  1.0262e+005  0.46769 0.71420 0.89612   0.00018 0.02705   0.896 0.468 0.779 
0.49350  1.0242e+005  0.46714 0.71349 0.89549   0.00018 0.02722   0.895 0.467 0.778 
0.49450  1.0222e+005  0.46628 0.71269 0.89486   0.00018 0.02739   0.895 0.466 0.777 
0.49550  1.0201e+005  0.46565 0.71196 0.89423   0.00018 0.02756   0.894 0.466 0.776 
0.49650  1.0181e+005  0.46526 0.71130 0.89360   0.00018 0.02773   0.894 0.465 0.775 
0.49750  1.0161e+005  0.46455 0.71054 0.89297   0.00018 0.02790   0.893 0.465 0.774 
0.49850  1.0141e+005  0.46416 0.70988 0.89233   0.00018 0.02808   0.892 0.464 0.773 
0.49950  1.0121e+005  0.46361 0.70917 0.89169   0.00018 0.02825   0.892 0.464 0.772 
0.50049  1.01e+005   0.46282 0.70838 0.89105   0.00018 0.02843   0.891 0.463 0.771 
0.50149  1.008e+005  0.46141 0.70739 0.89041   0.00018 0.02860   0.890 0.461 0.770 
0.50249  1.006e+005  0.46094 0.70670 0.88976   0.00018 0.02878   0.890 0.461 0.769 
0.50349  1.004e+005  0.46000 0.70585 0.88911   0.00018 0.02896   0.889 0.460 0.768 
0.50449  1.002e+005  0.45929 0.70508 0.88846   0.00018 0.02913   0.888 0.459 0.767 
0.50549  99994       0.45858 0.70431 0.88781   0.00018 0.02931   0.888 0.459 0.767 
0.50649  99792       0.45788 0.70354 0.88715   0.00018 0.02949   0.887 0.458 0.766 
0.50749  99590       0.45693 0.70269 0.88650   0.00018 0.02967   0.886 0.457 0.765 
0.50849  99388       0.45599 0.70184 0.88583   0.00018 0.02985   0.886 0.456 0.764 
0.50949  99186       0.45513 0.70101 0.88517   0.00018 0.03003   0.885 0.455 0.763 
0.51048  98984       0.45419 0.70016 0.88451   0.00018 0.03022   0.885 0.454 0.762 
0.51148  98782       0.45316 0.69928 0.88384   0.00018 0.03040   0.884 0.453 0.761 
0.51248  98580       0.45230 0.69844 0.88317   0.00018 0.03058   0.883 0.452 0.760 
0.51348  98378       0.45120 0.69753 0.88249   0.00018 0.03077   0.882 0.451 0.759 
0.51448  98176       0.45010 0.69662 0.88182   0.00018 0.03095   0.882 0.450 0.758 
0.51548  97974       0.44892 0.69568 0.88114   0.00018 0.03114   0.881 0.449 0.757 
0.51648  97772       0.44782 0.69476 0.88046   0.00018 0.03133   0.880 0.448 0.756 
0.51748  97570       0.44720 0.69400 0.87978   0.00018 0.03151   0.880 0.447 0.755 
0.51848  97368       0.44618 0.69311 0.87909   0.00018 0.03170   0.879 0.446 0.754 
0.51947  97166       0.44516 0.69221 0.87840   0.00018 0.03189   0.878 0.445 0.753 
0.52047  96964       0.44461 0.69148 0.87772   0.00018 0.03208   0.878 0.445 0.752 
0.52147  96762       0.44421 0.69080 0.87703   0.00018 0.03227   0.877 0.444 0.751 
0.52247  96560       0.44351 0.69000 0.87634   0.00018 0.03246   0.876 0.444 0.750 
0.52347  96358       0.44256 0.68913 0.87564   0.00018 0.03266   0.876 0.443 0.749 
0.52447  96156       0.44170 0.68828 0.87494   0.00018 0.03285   0.875 0.442 0.748 
0.52547  95954       0.44044 0.68731 0.87424   0.00018 0.03304   0.874 0.440 0.747 
0.52647  95752       0.43934 0.68638 0.87354   0.00018 0.03324   0.874 0.439 0.746 
0.52747  95550       0.43879 0.68563 0.87283   0.00018 0.03343   0.873 0.439 0.745 
0.52847  95348       0.43793 0.68478 0.87212   0.00018 0.03363   0.872 0.438 0.744 
0.52946  95146       0.43738 0.68402 0.87141   0.00018 0.03383   0.871 0.437 0.743 
0.53046  94944       0.43675 0.68325 0.87070   0.00018 0.03402   0.871 0.437 0.742 
0.53146  94742       0.43597 0.68242 0.86998   0.00018 0.03422   0.870 0.436 0.741 
0.53246  94540       0.43518 0.68158 0.86926   0.00018 0.03442   0.869 0.435 0.740 
0.53346  94338       0.43432 0.68072 0.86854   0.00018 0.03462   0.869 0.434 0.739 
0.53446  94136       0.43345 0.67986 0.86782   0.00018 0.03482   0.868 0.433 0.738 
0.53546  93934       0.43236 0.67892 0.86709   0.00018 0.03503   0.867 0.432 0.737 
0.53646  93732       0.43149 0.67809 0.86640   0.00018 0.03522   0.866 0.431 0.736 
0.53746  93530       0.43141 0.67752 0.86571   0.00018 0.03541   0.866 0.431 0.735 
0.53846  93328       0.43055 0.67666 0.86498   0.00019 0.03561   0.865 0.431 0.734 
0.53945  93126       0.42992 0.67586 0.86424   0.00019 0.03582   0.864 0.430 0.733 
0.54045  92924       0.42921 0.67505 0.86351   0.00019 0.03602   0.864 0.429 0.732 
0.54145  92722       0.42851 0.67423 0.86277   0.00019 0.03623   0.863 0.429 0.731 
0.54245  92520       0.42733 0.67325 0.86203   0.00019 0.03644   0.862 0.427 0.730 
0.54345  92318       0.42647 0.67238 0.86128   0.00019 0.03664   0.861 0.426 0.729 
0.54445  92116       0.42584 0.67158 0.86054   0.00019 0.03685   0.861 0.426 0.728 
0.54545  91914       0.42474 0.67063 0.85979   0.00019 0.03706   0.860 0.425 0.727 
0.54645  91712       0.42380 0.66973 0.85904   0.00019 0.03727   0.859 0.424 0.726 
0.54745  91510       0.42270 0.66877 0.85829   0.00019 0.03748   0.858 0.423 0.725 
0.54845  91308       0.42191 0.66792 0.85753   0.00019 0.03770   0.858 0.422 0.724 
0.54944  91106       0.42050 0.66686 0.85677   0.00019 0.03791   0.857 0.420 0.723 
0.55044  90904       0.42018 0.66615 0.85601   0.00019 0.03812   0.856 0.420 0.722 
0.55144  90702       0.41940 0.66530 0.85525   0.00019 0.03834   0.855 0.419 0.721 
0.55244  90500       0.41877 0.66449 0.85448   0.00019 0.03855   0.854 0.419 0.720 
0.55344  90298       0.41783 0.66357 0.85371   0.00019 0.03877   0.854 0.418 0.719 
0.55444  90096       0.41720 0.66276 0.85294   0.00019 0.03899   0.853 0.417 0.718 
0.55544  89894       0.41618 0.66182 0.85217   0.00019 0.03920   0.852 0.416 0.717 
0.55644  89692       0.41508 0.66085 0.85139   0.00019 0.03942   0.851 0.415 0.716 
0.55744  89490       0.41445 0.66003 0.85061   0.00019 0.03964   0.851 0.414 0.715 
0.55843  89288       0.41327 0.65904 0.84983   0.00019 0.03986   0.850 0.413 0.714 
0.55943  89086       0.41210 0.65804 0.84905   0.00019 0.04009   0.849 0.412 0.713 
0.56043  88884       0.41108 0.65709 0.84826   0.00019 0.04031   0.848 0.411 0.712 
0.56143  88682       0.41005 0.65614 0.84747   0.00019 0.04053   0.847 0.410 0.711 
0.56243  88480       0.40943 0.65531 0.84667   0.00019 0.04076   0.847 0.409 0.710 
0.56343  88278       0.40872 0.65446 0.84588   0.00019 0.04098   0.846 0.409 0.709 
0.56443  88076       0.40746 0.65343 0.84508   0.00019 0.04121   0.845 0.407 0.708 
0.56543  87874       0.40636 0.65245 0.84428   0.00019 0.04144   0.844 0.406 0.707 
0.56643  87672       0.40566 0.65159 0.84348   0.00019 0.04166   0.843 0.406 0.706 
0.56743  87470       0.40487 0.65071 0.84267   0.00019 0.04189   0.843 0.405 0.705 
0.56842  87268       0.40393 0.64977 0.84186   0.00019 0.04212   0.842 0.404 0.704 
0.56942  87066       0.40236 0.64863 0.84105   0.00019 0.04235   0.841 0.402 0.702 
0.57042  86864       0.40142 0.64769 0.84023   0.00019 0.04259   0.840 0.401 0.701 
0.57142  86662       0.40079 0.64685 0.83942   0.00019 0.04282   0.839 0.401 0.700 
0.57242  86460       0.39953 0.64580 0.83860   0.00019 0.04305   0.839 0.400 0.699 
0.57342  86258       0.39898 0.64499 0.83777   0.00019 0.04329   0.838 0.399 0.698 
0.57442  86056       0.39812 0.64407 0.83695   0.00019 0.04352   0.837 0.398 0.697 
0.57542  85854       0.39694 0.64305 0.83612   0.00019 0.04376   0.836 0.397 0.696 
0.57642  85652       0.39623 0.64218 0.83529   0.00019 0.04400   0.835 0.396 0.695 
0.57742  85450       0.39553 0.64131 0.83445   0.00019 0.04424   0.834 0.396 0.694 
0.57841  85248       0.39466 0.64038 0.83362   0.00020 0.04448   0.834 0.395 0.693 
0.57941  85046       0.39372 0.63943 0.83278   0.00020 0.04472   0.833 0.394 0.692 
0.58041  84844       0.39262 0.63843 0.83193   0.00020 0.04496   0.832 0.393 0.691 
0.58141  84642       0.39207 0.63760 0.83109   0.00020 0.04520   0.831 0.392 0.690 
0.58241  84440       0.39121 0.63666 0.83024   0.00020 0.04544   0.830 0.391 0.689 
0.58341  84238       0.39042 0.63576 0.82939   0.00020 0.04569   0.829 0.390 0.687 
0.58441  84036       0.38948 0.63479 0.82854   0.00020 0.04593   0.829 0.389 0.686 
0.58541  83834       0.38783 0.63360 0.82768   0.00020 0.04618   0.828 0.388 0.685 
0.58641  83632       0.38673 0.63258 0.82682   0.00020 0.04643   0.827 0.387 0.684 
0.58741  83430       0.38524 0.63143 0.82596   0.00020 0.04668   0.826 0.385 0.683 
0.58840  83228       0.38406 0.63038 0.82510   0.00020 0.04693   0.825 0.384 0.682 
0.58940  83026       0.38312 0.62942 0.82423   0.00020 0.04718   0.824 0.383 0.681 
0.59040  82824       0.38163 0.62826 0.82336   0.00020 0.04743   0.823 0.382 0.680 
0.59140  82622       0.37982 0.62701 0.82249   0.00020 0.04768   0.822 0.380 0.679 
0.59240  82420       0.37927 0.62616 0.82161   0.00020 0.04794   0.822 0.379 0.678 
0.59340  82218       0.37817 0.62513 0.82073   0.00020 0.04819   0.821 0.378 0.676 
0.59440  82016       0.37707 0.62411 0.81985   0.00020 0.04845   0.820 0.377 0.675 
0.59540  81814       0.37605 0.62310 0.81897   0.00020 0.04870   0.819 0.376 0.674 
0.59640  81612       0.37503 0.62209 0.81808   0.00020 0.04896   0.818 0.375 0.673 
0.59739  81410       0.37331 0.62085 0.81719   0.00020 0.04922   0.817 0.373 0.672 
0.59839  81208       0.37252 0.61992 0.81630   0.00020 0.04948   0.816 0.373 0.671 
0.59939  81006       0.37134 0.61886 0.81540   0.00020 0.04974   0.815 0.371 0.670 
0.60039  80804       0.36985 0.61769 0.81450   0.00020 0.05000   0.815 0.370 0.669 
0.60139  80602       0.36844 0.61655 0.81360   0.00020 0.05026   0.814 0.368 0.668 
0.60239  80400       0.36726 0.61548 0.81270   0.00020 0.05053   0.813 0.367 0.666 
0.60339  80198       0.36640 0.61451 0.81179   0.00020 0.05079   0.812 0.366 0.665 
0.60439  79996       0.36545 0.61351 0.81088   0.00020 0.05106   0.811 0.365 0.664 
0.60539  79794       0.36443 0.61249 0.80996   0.00020 0.05133   0.810 0.364 0.663 
0.60639  79592       0.36341 0.61147 0.80905   0.00020 0.05160   0.809 0.363 0.662 
0.60738  79390       0.36223 0.61039 0.80813   0.00020 0.05187   0.808 0.362 0.661 
0.60838  79188       0.36145 0.60944 0.80720   0.00021 0.05214   0.807 0.361 0.660 
0.60938  78986       0.36027 0.60836 0.80627   0.00021 0.05241   0.806 0.360 0.659 
0.61038  78784       0.35909 0.60728 0.80534   0.00021 0.05268   0.805 0.359 0.657 
0.61138  78582       0.35807 0.60625 0.80441   0.00021 0.05296   0.804 0.358 0.656 
0.61238  78380       0.35697 0.60519 0.80347   0.00021 0.05324   0.803 0.357 0.655 
0.61338  78178       0.35595 0.60415 0.80253   0.00021 0.05351   0.803 0.356 0.654 
0.61438  77976       0.35462 0.60301 0.80159   0.00021 0.05379   0.802 0.355 0.653 
0.61538  77774       0.35360 0.60197 0.80064   0.00021 0.05407   0.801 0.354 0.652 
0.61638  77572       0.35218 0.60080 0.79969   0.00021 0.05435   0.800 0.352 0.651 
0.61737  77370       0.35148 0.59987 0.79875   0.00021 0.05463   0.799 0.351 0.649 
0.61837  77168       0.35038 0.59880 0.79779   0.00021 0.05491   0.798 0.350 0.648 
0.61937  76966       0.34912 0.59768 0.79683   0.00021 0.05520   0.797 0.349 0.647 
0.62037  76764       0.34810 0.59663 0.79587   0.00021 0.05548   0.796 0.348 0.646 
0.62137  76562       0.34716 0.59560 0.79490   0.00021 0.05577   0.795 0.347 0.645 
0.62237  76360       0.34645 0.59465 0.79393   0.00021 0.05606   0.794 0.346 0.644 
0.62337  76158       0.34504 0.59348 0.79298   0.00021 0.05634   0.793 0.345 0.642 
0.62437  75956       0.34504 0.59299 0.79235   0.00021 0.05653   0.792 0.345 0.642 
0.62537  75754       0.34504 0.59243 0.79163   0.00021 0.05674   0.792 0.345 0.641 
0.62636  75552       0.34472 0.59172 0.79082   0.00021 0.05698   0.791 0.345 0.640 
0.62736  75350       0.34472 0.59107 0.78993   0.00021 0.05725   0.790 0.345 0.639 
0.62836  75148       0.34394 0.59011 0.78897   0.00021 0.05754   0.789 0.344 0.637 
0.62936  74946       0.34323 0.58915 0.78799   0.00021 0.05783   0.788 0.343 0.636 
0.63036  74744       0.34221 0.58809 0.78701   0.00021 0.05812   0.787 0.342 0.635 
0.63136  74542       0.34135 0.58709 0.78602   0.00021 0.05842   0.786 0.341 0.634 
0.63236  74340       0.34048 0.58607 0.78504   0.00021 0.05871   0.785 0.340 0.633 
0.63336  74138       0.33954 0.58504 0.78404   0.00021 0.05901   0.784 0.340 0.632 
0.63436  73936       0.33868 0.58402 0.78305   0.00021 0.05931   0.783 0.339 0.630 
0.63536  73734       0.33797 0.58306 0.78206   0.00021 0.05961   0.782 0.338 0.629 
0.63635  73532       0.33703 0.58201 0.78105   0.00021 0.05991   0.781 0.337 0.628 
0.63735  73330       0.33632 0.58105 0.78005   0.00021 0.06021   0.780 0.336 0.627 
0.63835  73128       0.33483 0.57982 0.77904   0.00021 0.06052   0.779 0.335 0.626 
0.63935  72926       0.33389 0.57877 0.77802   0.00021 0.06082   0.778 0.334 0.624 
0.64035  72724       0.33294 0.57772 0.77700   0.00021 0.06113   0.777 0.333 0.623 
0.64135  72522       0.33216 0.57671 0.77598   0.00021 0.06144   0.776 0.332 0.622 
0.64235  72320       0.33137 0.57571 0.77496   0.00022 0.06175   0.775 0.331 0.621 
0.64335  72118       0.33035 0.57462 0.77393   0.00022 0.06206   0.774 0.330 0.620 
0.64435  71916       0.32965 0.57364 0.77289   0.00022 0.06237   0.773 0.330 0.618 
0.64535  71714       0.32878 0.57260 0.77185   0.00022 0.06269   0.772 0.329 0.617 
0.64634  71512       0.32784 0.57154 0.77081   0.00022 0.06301   0.771 0.328 0.616 
0.64734  71310       0.32721 0.57058 0.76977   0.00022 0.06332   0.770 0.327 0.615 
0.64834  71108       0.32650 0.56960 0.76872   0.00022 0.06364   0.769 0.327 0.614 
0.64934  70906       0.32572 0.56858 0.76767   0.00022 0.06396   0.768 0.326 0.612 
0.65034  70704       0.32431 0.56735 0.76661   0.00022 0.06428   0.767 0.324 0.611 
0.65134  70502       0.32368 0.56639 0.76555   0.00022 0.06461   0.766 0.324 0.610 
0.65234  70300       0.32297 0.56539 0.76449   0.00022 0.06493   0.764 0.323 0.609 
0.65334  70098       0.32219 0.56436 0.76342   0.00022 0.06526   0.763 0.322 0.607 
0.65434  69896       0.32124 0.56328 0.76234   0.00022 0.06559   0.762 0.321 0.606 
0.65534  69694       0.32046 0.56225 0.76127   0.00022 0.06592   0.761 0.320 0.605 
0.65633  69492       0.31983 0.56126 0.76019   0.00022 0.06625   0.760 0.320 0.604 
0.65733  69290       0.31857 0.56008 0.75910   0.00022 0.06659   0.759 0.319 0.603 
0.65833  69088       0.31795 0.55909 0.75801   0.00022 0.06692   0.758 0.318 0.601 
0.65933  68886       0.31724 0.55807 0.75691   0.00022 0.06726   0.757 0.317 0.600 
0.66033  68684       0.31645 0.55703 0.75582   0.00022 0.06760   0.756 0.316 0.599 
0.66133  68482       0.31543 0.55592 0.75473   0.00022 0.06793   0.755 0.315 0.598 
0.66233  68280       0.31449 0.55482 0.75363   0.00022 0.06827   0.754 0.314 0.596 
0.66333  68078       0.31402 0.55388 0.75252   0.00022 0.06862   0.753 0.314 0.595 
0.66433  67876       0.31339 0.55288 0.75140   0.00022 0.06896   0.751 0.313 0.594 
0.66532  67674       0.31245 0.55177 0.75028   0.00022 0.06931   0.750 0.312 0.593 
0.66632  67472       0.31135 0.55061 0.74915   0.00022 0.06966   0.749 0.311 0.591 
0.66732  67270       0.31049 0.54953 0.74803   0.00022 0.07001   0.748 0.310 0.590 
0.66832  67068       0.30986 0.54851 0.74689   0.00022 0.07036   0.747 0.310 0.589 
0.66932  66866       0.30915 0.54748 0.74575   0.00022 0.07072   0.746 0.309 0.588 
0.67032  66664       0.30844 0.54644 0.74461   0.00022 0.07107   0.745 0.308 0.586 
0.67132  66462       0.30774 0.54540 0.74346   0.00022 0.07143   0.743 0.308 0.585 
0.67232  66260       0.30648 0.54417 0.74231   0.00022 0.07179   0.742 0.306 0.584 
0.67332  66058       0.30577 0.54312 0.74115   0.00022 0.07215   0.741 0.306 0.582 
0.67432  65856       0.30530 0.54215 0.73999   0.00022 0.07252   0.740 0.305 0.581 
0.67531  65654       0.30467 0.54113 0.73883   0.00023 0.07288   0.739 0.305 0.580 
0.67631  65452       0.30358 0.53994 0.73766   0.00023 0.07325   0.738 0.304 0.579 
0.67731  65250       0.30303 0.53894 0.73648   0.00023 0.07362   0.736 0.303 0.577 
0.67831  65048       0.30224 0.53785 0.73530   0.00023 0.07399   0.735 0.302 0.576 
0.67931  64846       0.30138 0.53674 0.73411   0.00023 0.07436   0.734 0.301 0.575 
0.68031  64644       0.30106 0.53580 0.73293   0.00023 0.07474   0.733 0.301 0.573 
0.68131  64442       0.30036 0.53473 0.73173   0.00023 0.07511   0.732 0.300 0.572 
0.68231  64240       0.29949 0.53362 0.73053   0.00023 0.07549   0.731 0.299 0.571 
0.68331  64038       0.29886 0.53257 0.72933   0.00023 0.07588   0.729 0.299 0.570 
0.68431  63836       0.29808 0.53146 0.72812   0.00023 0.07626   0.728 0.298 0.568 
0.68530  63634       0.29714 0.53031 0.72690   0.00023 0.07664   0.727 0.297 0.567 
0.68630  63432       0.29651 0.52925 0.72569   0.00023 0.07703   0.726 0.297 0.566 
0.68730  63230       0.29557 0.52810 0.72446   0.00023 0.07742   0.724 0.296 0.564 
0.68830  63028       0.29486 0.52701 0.72323   0.00023 0.07781   0.723 0.295 0.563 
0.68930  62826       0.29384 0.52582 0.72200   0.00023 0.07820   0.722 0.294 0.562 
0.69030  62624       0.29345 0.52483 0.72076   0.00023 0.07860   0.721 0.293 0.560 
0.69130  62422       0.29258 0.52369 0.71952   0.00023 0.07900   0.720 0.293 0.559 
0.69230  62220       0.29203 0.52264 0.71827   0.00023 0.07940   0.718 0.292 0.558 
0.69330  62018       0.29109 0.52147 0.71702   0.00023 0.07980   0.717 0.291 0.556 
0.69429  61816       0.29015 0.52029 0.71576   0.00023 0.08020   0.716 0.290 0.555 
0.69529  61614       0.28913 0.51909 0.71449   0.00023 0.08061   0.714 0.289 0.554 
0.69629  61412       0.28858 0.51803 0.71323   0.00023 0.08102   0.713 0.289 0.552 
0.69729  61210       0.28787 0.51692 0.71195   0.00023 0.08143   0.712 0.288 0.551 
0.69829  61008       0.28669 0.51565 0.71067   0.00023 0.08184   0.711 0.287 0.550 
0.69929  60806       0.28567 0.51444 0.70939   0.00023 0.08226   0.709 0.286 0.548 
0.70029  60604       0.28520 0.51340 0.70810   0.00023 0.08267   0.708 0.285 0.547 
0.70129  60402       0.28426 0.51221 0.70680   0.00023 0.08309   0.707 0.284 0.546 
0.70229  60200       0.28355 0.51108 0.70550   0.00023 0.08352   0.706 0.284 0.544 
0.70329  59998       0.28269 0.50991 0.70420   0.00023 0.08394   0.704 0.283 0.543 
0.70428  59796       0.28151 0.50863 0.70289   0.00024 0.08437   0.703 0.282 0.542 
0.70528  59594       0.28096 0.50755 0.70157   0.00024 0.08480   0.702 0.281 0.540 
0.70628  59392       0.27970 0.50623 0.70025   0.00024 0.08523   0.700 0.280 0.539 
0.70728  59190       0.27860 0.50497 0.69892   0.00024 0.08566   0.699 0.279 0.537 
0.70828  58988       0.27758 0.50374 0.69760   0.00024 0.08609   0.698 0.278 0.536 
0.70928  58786       0.27656 0.50249 0.69626   0.00024 0.08653   0.696 0.277 0.535 
0.71028  58584       0.27586 0.50135 0.69492   0.00024 0.08697   0.695 0.276 0.533 
0.71128  58382       0.27484 0.50010 0.69357   0.00024 0.08742   0.694 0.275 0.532 
0.71228  58180       0.27381 0.49885 0.69221   0.00024 0.08786   0.692 0.274 0.531 
0.71328  57978       0.27327 0.49775 0.69085   0.00024 0.08831   0.691 0.273 0.529 
0.71427  57776       0.27169 0.49631 0.68949   0.00024 0.08876   0.689 0.272 0.528 
0.71527  57574       0.27075 0.49507 0.68812   0.00024 0.08922   0.688 0.271 0.526 
0.71627  57372       0.26965 0.49379 0.68674   0.00024 0.08967   0.687 0.270 0.525 
0.71727  57170       0.26879 0.49257 0.68536   0.00024 0.09013   0.685 0.269 0.524 
0.71827  56968       0.26769 0.49127 0.68397   0.00024 0.09059   0.684 0.268 0.522 
0.71927  56766       0.26690 0.49008 0.68258   0.00024 0.09105   0.683 0.267 0.521 
0.72027  56564       0.26588 0.48880 0.68118   0.00024 0.09152   0.681 0.266 0.519 
0.72127  56362       0.26518 0.48763 0.67977   0.00024 0.09199   0.680 0.265 0.518 
0.72227  56160       0.26423 0.48637 0.67836   0.00024 0.09246   0.678 0.264 0.517 
0.72327  55958       0.26345 0.48516 0.67695   0.00024 0.09293   0.677 0.263 0.515 
0.72426  55756       0.26204 0.48375 0.67552   0.00024 0.09341   0.676 0.262 0.514 
0.72526  55554       0.26102 0.48246 0.67410   0.00024 0.09389   0.674 0.261 0.512 
0.72626  55352       0.26015 0.48121 0.67266   0.00024 0.09437   0.673 0.260 0.511 
0.72726  55150       0.25905 0.47989 0.67122   0.00025 0.09486   0.671 0.259 0.509 
0.72826  54948       0.25780 0.47851 0.66978   0.00025 0.09535   0.670 0.258 0.508 
0.72926  54746       0.25677 0.47721 0.66832   0.00025 0.09584   0.668 0.257 0.507 
0.73026  54544       0.25591 0.47596 0.66687   0.00025 0.09633   0.667 0.256 0.505 
0.73126  54342       0.25426 0.47444 0.66540   0.00025 0.09683   0.665 0.254 0.504 
0.73226  54140       0.25332 0.47315 0.66393   0.00025 0.09733   0.664 0.253 0.502 
0.73325  53938       0.25222 0.47181 0.66246   0.00025 0.09783   0.662 0.252 0.501 
0.73425  53736       0.25120 0.47049 0.66098   0.00025 0.09833   0.661 0.251 0.499 
0.73525  53534       0.25057 0.46930 0.65949   0.00025 0.09884   0.659 0.251 0.498 
0.73625  53332       0.24924 0.46787 0.65799   0.00025 0.09935   0.658 0.249 0.496 
0.73725  53130       0.24774 0.46639 0.65649   0.00025 0.09987   0.656 0.248 0.495 
0.73825  52928       0.24688 0.46512 0.65499   0.00025 0.10038   0.655 0.247 0.493 
0.73925  52726       0.24594 0.46381 0.65347   0.00025 0.10090   0.653 0.246 0.492 
0.74025  52524       0.24515 0.46255 0.65195   0.00025 0.10143   0.652 0.245 0.491 
0.74125  52322       0.24413 0.46121 0.65043   0.00025 0.10195   0.650 0.244 0.489 
0.74225  52120       0.24295 0.45982 0.64890   0.00025 0.10248   0.649 0.243 0.488 
0.74324  51918       0.24186 0.45844 0.64736   0.00025 0.10301   0.647 0.242 0.486 
0.74424  51716       0.24083 0.45710 0.64582   0.00025 0.10355   0.646 0.241 0.485 
0.74524  51514       0.24028 0.45590 0.64426   0.00025 0.10409   0.644 0.240 0.483 
0.74624  51312       0.23911 0.45456 0.64282   0.00025 0.10459   0.643 0.239 0.482 
0.74724  51110       0.23911 0.45391 0.64192   0.00025 0.10490   0.642 0.239 0.481 
0.74824  50908       0.23887 0.45312 0.64091   0.00026 0.10525   0.641 0.239 0.480 
0.74924  50706       0.23887 0.45236 0.63981   0.00026 0.10564   0.640 0.239 0.478 
0.75024  50504       0.23887 0.45154 0.63860   0.00026 0.10606   0.639 0.239 0.477 
0.75124  50302       0.23887 0.45067 0.63730   0.00026 0.10652   0.637 0.239 0.476 
0.75224  50100       0.23879 0.44973 0.63590   0.00026 0.10701   0.636 0.239 0.474 
0.75323  49898       0.23871 0.44874 0.63441   0.00026 0.10753   0.634 0.239 0.473 
0.75423  49696       0.23824 0.44758 0.63286   0.00026 0.10808   0.633 0.238 0.472 
0.75523  49494       0.23707 0.44617 0.63130   0.00026 0.10863   0.631 0.237 0.470 
0.75623  49292       0.23620 0.44486 0.62973   0.00026 0.10918   0.630 0.236 0.469 
0.75723  49090       0.23487 0.44339 0.62815   0.00026 0.10974   0.628 0.235 0.467 
0.75823  48888       0.23400 0.44208 0.62656   0.00026 0.11030   0.627 0.234 0.466 
0.75923  48686       0.23353 0.44089 0.62497   0.00026 0.11087   0.625 0.234 0.464 
0.76023  48484       0.23267 0.43957 0.62338   0.00026 0.11144   0.623 0.233 0.463 
0.76123  48282       0.23157 0.43817 0.62178   0.00026 0.11201   0.622 0.232 0.461 
0.76223  48080       0.23078 0.43687 0.62017   0.00026 0.11258   0.620 0.231 0.460 
0.76322  47878       0.22945 0.43538 0.61856   0.00026 0.11316   0.619 0.229 0.458 
0.76422  47676       0.22835 0.43397 0.61693   0.00026 0.11374   0.617 0.228 0.457 
0.76522  47474       0.22756 0.43266 0.61531   0.00026 0.11433   0.615 0.228 0.455 
0.76622  47272       0.22654 0.43127 0.61367   0.00026 0.11492   0.614 0.227 0.454 
0.76722  47070       0.22591 0.43000 0.61203   0.00026 0.11551   0.612 0.226 0.452 
0.76822  46868       0.22513 0.42869 0.61039   0.00026 0.11610   0.610 0.225 0.451 
0.76922  46666       0.22450 0.42742 0.60873   0.00026 0.11670   0.609 0.225 0.449 
0.77022  46464       0.22301 0.42586 0.60708   0.00026 0.11730   0.607 0.223 0.447 
0.77122  46262       0.22230 0.42456 0.60541   0.00026 0.11791   0.605 0.222 0.446 
0.77221  46060       0.22128 0.42315 0.60374   0.00027 0.11852   0.604 0.221 0.444 
0.77321  45858       0.22050 0.42181 0.60206   0.00027 0.11913   0.602 0.220 0.443 
0.77421  45656       0.21963 0.42045 0.60038   0.00027 0.11975   0.600 0.220 0.441 
0.77521  45454       0.21908 0.41918 0.59869   0.00027 0.12037   0.599 0.219 0.440 
0.77621  45252       0.21798 0.41774 0.59699   0.00027 0.12099   0.597 0.218 0.438 
0.77721  45050       0.21704 0.41634 0.59529   0.00027 0.12162   0.595 0.217 0.437 
0.77821  44848       0.21586 0.41486 0.59358   0.00027 0.12225   0.594 0.216 0.435 
0.77921  44646       0.21453 0.41333 0.59186   0.00027 0.12289   0.592 0.215 0.434 
0.78021  44444       0.21343 0.41187 0.59014   0.00027 0.12353   0.590 0.213 0.432 
0.78121  44242       0.21241 0.41043 0.58842   0.00027 0.12417   0.588 0.212 0.430 
0.78220  44040       0.21060 0.40874 0.58668   0.00027 0.12481   0.587 0.211 0.429 
0.78320  43838       0.20997 0.40742 0.58494   0.00027 0.12546   0.585 0.210 0.427 
0.78420  43636       0.20966 0.40621 0.58320   0.00027 0.12612   0.583 0.210 0.426 
0.78520  43434       0.20864 0.40475 0.58144   0.00027 0.12677   0.581 0.209 0.424 
0.78620  43232       0.20793 0.40340 0.57968   0.00027 0.12744   0.580 0.208 0.423 
0.78720  43030       0.20691 0.40195 0.57792   0.00027 0.12810   0.578 0.207 0.421 
0.78820  42828       0.20644 0.40066 0.57614   0.00027 0.12877   0.576 0.206 0.419 
0.78920  42626       0.20573 0.39930 0.57436   0.00027 0.12944   0.574 0.206 0.418 
0.79020  42424       0.20487 0.39788 0.57258   0.00028 0.13012   0.573 0.205 0.416 
0.79120  42222       0.20440 0.39659 0.57078   0.00028 0.13080   0.571 0.204 0.415 
0.79219  42020       0.20346 0.39514 0.56898   0.00028 0.13149   0.569 0.203 0.413 
0.79319  41818       0.20283 0.39379 0.56718   0.00028 0.13218   0.567 0.203 0.411 
0.79419  41616       0.20220 0.39244 0.56536   0.00028 0.13287   0.565 0.202 0.410 
0.79519  41414       0.20126 0.39098 0.56354   0.00028 0.13357   0.564 0.201 0.408 
0.79619  41212       0.20071 0.38964 0.56172   0.00028 0.13428   0.562 0.201 0.407 
0.79719  41010       0.20000 0.38825 0.55988   0.00028 0.13498   0.560 0.200 0.405 
0.79819  40808       0.19898 0.38676 0.55804   0.00028 0.13569   0.558 0.199 0.403 
0.79919  40606       0.19780 0.38521 0.55620   0.00028 0.13641   0.556 0.198 0.402 
0.80019  40404       0.19663 0.38366 0.55435   0.00028 0.13713   0.554 0.197 0.400 
0.80118  40202       0.19608 0.38231 0.55248   0.00028 0.13786   0.552 0.196 0.398 
0.80218  40000       0.19521 0.38086 0.55062   0.00028 0.13859   0.551 0.195 0.397 
0.80318  39798       0.19411 0.37932 0.54874   0.00028 0.13932   0.549 0.194 0.395 
0.80418  39596       0.19301 0.37778 0.54686   0.00028 0.14006   0.547 0.193 0.393 
0.80518  39394       0.19270 0.37649 0.54497   0.00028 0.14080   0.545 0.193 0.392 
0.80618  39192       0.19144 0.37489 0.54307   0.00028 0.14155   0.543 0.191 0.390 
0.80718  38990       0.19066 0.37345 0.54117   0.00029 0.14230   0.541 0.191 0.389 
0.80818  38788       0.18972 0.37194 0.53926   0.00029 0.14306   0.539 0.190 0.387 
0.80918  38586       0.18838 0.37030 0.53734   0.00029 0.14383   0.537 0.188 0.385 
0.81018  38384       0.18759 0.36885 0.53541   0.00029 0.14459   0.535 0.188 0.384 
0.81117  38182       0.18697 0.36744 0.53348   0.00029 0.14537   0.533 0.187 0.382 
0.81217  37980       0.18610 0.36595 0.53154   0.00029 0.14615   0.532 0.186 0.380 
0.81317  37778       0.18485 0.36432 0.52959   0.00029 0.14693   0.530 0.185 0.379 
0.81417  37576       0.18430 0.36293 0.52764   0.00029 0.14772   0.528 0.184 0.377 
0.81517  37374       0.18304 0.36130 0.52568   0.00029 0.14851   0.526 0.183 0.375 
0.81617  37172       0.18233 0.35985 0.52371   0.00029 0.14931   0.524 0.182 0.373 
0.81717  36970       0.18123 0.35826 0.52173   0.00029 0.15011   0.522 0.181 0.372 
0.81817  36768       0.18006 0.35665 0.51975   0.00029 0.15092   0.520 0.180 0.370 
0.81917  36566       0.17896 0.35506 0.51776   0.00029 0.15173   0.518 0.179 0.368 
0.82017  36364       0.17794 0.35349 0.51577   0.00029 0.15255   0.516 0.178 0.367 
0.82116  36162       0.17707 0.35197 0.51376   0.00029 0.15338   0.514 0.177 0.365 
0.82216  35960       0.17644 0.35052 0.51175   0.00030 0.15421   0.512 0.176 0.363 
0.82316  35758       0.17566 0.34901 0.50973   0.00030 0.15504   0.510 0.176 0.362 
0.82416  35556       0.17417 0.34728 0.50770   0.00030 0.15588   0.508 0.174 0.360 
0.82516  35354       0.17362 0.34584 0.50567   0.00030 0.15673   0.506 0.174 0.358 
0.82616  35152       0.17268 0.34428 0.50363   0.00030 0.15758   0.504 0.173 0.357 
0.82716  34950       0.17213 0.34285 0.50159   0.00030 0.15844   0.502 0.172 0.355 
0.82816  34748       0.17126 0.34130 0.49953   0.00030 0.15930   0.500 0.171 0.353 
0.82916  34546       0.17024 0.33971 0.49747   0.00030 0.16017   0.497 0.170 0.351 
0.83016  34344       0.16851 0.33787 0.49541   0.00030 0.16104   0.495 0.169 0.350 
0.83115  34142       0.16773 0.33635 0.49334   0.00030 0.16192   0.493 0.168 0.348 
0.83215  33940       0.16718 0.33490 0.49126   0.00030 0.16280   0.491 0.167 0.346 
0.83315  33738       0.16608 0.33327 0.48918   0.00030 0.16369   0.489 0.166 0.345 
0.83415  33536       0.16561 0.33184 0.48709   0.00030 0.16458   0.487 0.166 0.343 
0.83515  33334       0.16514 0.33041 0.48500   0.00030 0.16548   0.485 0.165 0.341 
0.83615  33132       0.16443 0.32889 0.48290   0.00030 0.16639   0.483 0.164 0.339 
0.83715  32930       0.16364 0.32735 0.48079   0.00031 0.16730   0.481 0.164 0.338 
0.83815  32728       0.16310 0.32588 0.47867   0.00031 0.16822   0.479 0.163 0.336 
0.83915  32526       0.16223 0.32431 0.47655   0.00031 0.16914   0.477 0.162 0.334 
0.84014  32324       0.16137 0.32273 0.47442   0.00031 0.17007   0.474 0.161 0.332 
0.84114  32122       0.16035 0.32109 0.47228   0.00031 0.17101   0.472 0.160 0.331 
0.84214  31920       0.15964 0.31955 0.47013   0.00031 0.17195   0.470 0.160 0.329 
0.84314  31718       0.15933 0.31815 0.46798   0.00031 0.17290   0.468 0.159 0.327 
0.84414  31516       0.15823 0.31647 0.46582   0.00031 0.17386   0.466 0.158 0.325 
0.84514  31314       0.15705 0.31477 0.46365   0.00031 0.17482   0.464 0.157 0.324 
0.84614  31112       0.15650 0.31327 0.46148   0.00031 0.17579   0.461 0.156 0.322 
0.84714  30910       0.15540 0.31158 0.45929   0.00031 0.17677   0.459 0.155 0.320 
0.84814  30708       0.15430 0.30989 0.45710   0.00031 0.17775   0.457 0.154 0.318 
0.84914  30506       0.15328 0.30823 0.45490   0.00031 0.17874   0.455 0.153 0.317 
0.85013  30304       0.15281 0.30674 0.45269   0.00032 0.17974   0.453 0.153 0.315 
0.85113  30102       0.15163 0.30501 0.45048   0.00032 0.18075   0.450 0.152 0.313 
0.85213  29900       0.15108 0.30350 0.44826   0.00032 0.18176   0.448 0.151 0.311 
0.85313  29698       0.15006 0.30181 0.44602   0.00032 0.18278   0.446 0.150 0.309 
0.85413  29496       0.14927 0.30021 0.44379   0.00032 0.18381   0.444 0.149 0.308 
0.85513  29294       0.14841 0.29856 0.44154   0.00032 0.18484   0.442 0.148 0.306 
0.85613  29092       0.14723 0.29682 0.43928   0.00032 0.18588   0.439 0.147 0.304 
0.85713  28890       0.14629 0.29515 0.43702   0.00032 0.18693   0.437 0.146 0.302 
0.85813  28688       0.14558 0.29355 0.43475   0.00032 0.18799   0.435 0.146 0.300 
0.85913  28486       0.14480 0.29193 0.43247   0.00032 0.18906   0.432 0.145 0.299 
0.86012  28284       0.14386 0.29025 0.43019   0.00032 0.19013   0.430 0.144 0.297 
0.86112  28082       0.14299 0.28859 0.42790   0.00032 0.19121   0.428 0.143 0.295 
0.86212  27880       0.14244 0.28703 0.42560   0.00032 0.19230   0.426 0.142 0.293 
0.86312  27678       0.14182 0.28544 0.42329   0.00033 0.19340   0.423 0.142 0.291 
0.86412  27476       0.14048 0.28362 0.42097   0.00033 0.19450   0.421 0.140 0.289 
0.86512  27274       0.13977 0.28200 0.41865   0.00033 0.19562   0.419 0.140 0.288 
0.86612  27072       0.13922 0.28043 0.41632   0.00033 0.19674   0.416 0.139 0.286 
0.86712  26870       0.13789 0.27859 0.41398   0.00033 0.19787   0.414 0.138 0.284 
0.86812  26668       0.13679 0.27683 0.41163   0.00033 0.19901   0.412 0.137 0.282 
0.86911  26466       0.13569 0.27506 0.40928   0.00033 0.20016   0.409 0.136 0.280 
0.87011  26264       0.13459 0.27329 0.40692   0.00033 0.20131   0.407 0.135 0.278 
0.87111  26062       0.13381 0.27162 0.40455   0.00033 0.20248   0.405 0.134 0.277 
0.87211  25860       0.13333 0.27005 0.40217   0.00033 0.20365   0.402 0.133 0.275 
0.87311  25658       0.13255 0.26838 0.39979   0.00033 0.20484   0.400 0.133 0.273 
0.87411  25456       0.13161 0.26665 0.39739   0.00034 0.20603   0.397 0.132 0.271 
0.87511  25254       0.13043 0.26484 0.39499   0.00034 0.20723   0.395 0.130 0.269 
0.87611  25052       0.12933 0.26305 0.39259   0.00034 0.20844   0.393 0.129 0.267 
0.87711  24850       0.12776 0.26110 0.39017   0.00034 0.20966   0.390 0.128 0.265 
0.87811  24648       0.12682 0.25936 0.38775   0.00034 0.21089   0.388 0.127 0.264 
0.87910  24446       0.12580 0.25758 0.38532   0.00034 0.21213   0.385 0.126 0.262 
0.88010  24244       0.12470 0.25577 0.38288   0.00034 0.21338   0.383 0.125 0.260 
0.88110  24042       0.12375 0.25402 0.38043   0.00034 0.21464   0.380 0.124 0.258 
0.88210  23840       0.12273 0.25224 0.37798   0.00034 0.21591   0.378 0.123 0.256 
0.88310  23638       0.12195 0.25052 0.37552   0.00035 0.21719   0.376 0.122 0.254 
0.88410  23436       0.12101 0.24875 0.37305   0.00035 0.21848   0.373 0.121 0.252 
0.88510  23234       0.11999 0.24696 0.37057   0.00035 0.21978   0.371 0.120 0.250 
0.88610  23032       0.11912 0.24522 0.36809   0.00035 0.22109   0.368 0.119 0.248 
0.88710  22830       0.11826 0.24347 0.36560   0.00035 0.22241   0.366 0.118 0.247 
0.88810  22628       0.11692 0.24156 0.36311   0.00035 0.22374   0.363 0.117 0.245 
0.88909  22426       0.11559 0.23965 0.36061   0.00035 0.22508   0.361 0.116 0.243 
0.89009  22224       0.11433 0.23776 0.35810   0.00035 0.22643   0.358 0.114 0.241 
0.89109  22022       0.11292 0.23582 0.35558   0.00035 0.22779   0.356 0.113 0.239 
0.89209  21820       0.11166 0.23393 0.35306   0.00036 0.22917   0.353 0.112 0.237 
0.89309  21618       0.11088 0.23218 0.35053   0.00036 0.23055   0.351 0.111 0.235 
0.89409  21416       0.10931 0.23018 0.34799   0.00036 0.23195   0.348 0.109 0.233 
0.89509  21214       0.10789 0.22822 0.34544   0.00036 0.23336   0.345 0.108 0.231 
0.89609  21012       0.10695 0.22642 0.34289   0.00036 0.23478   0.343 0.107 0.229 
0.89709  20810       0.10569 0.22451 0.34033   0.00036 0.23621   0.340 0.106 0.227 
0.89809  20608       0.10436 0.22256 0.33776   0.00036 0.23765   0.338 0.104 0.226 
0.89908  20406       0.10318 0.22067 0.33519   0.00036 0.23911   0.335 0.103 0.224 
0.90008  20204       0.10216 0.21882 0.33260   0.00037 0.24058   0.333 0.102 0.222 
0.90108  20002       0.10122 0.21700 0.33002   0.00037 0.24206   0.330 0.101 0.220 
0.90208  19800       0.09996 0.21508 0.32742   0.00037 0.24356   0.327 0.100 0.218 
0.90308  19598       0.09816 0.21296 0.32482   0.00037 0.24506   0.325 0.098 0.216 
0.90408  19396       0.09659 0.21093 0.32221   0.00037 0.24658   0.322 0.097 0.214 
0.90508  19194       0.09549 0.20904 0.31959   0.00037 0.24812   0.320 0.095 0.212 
0.90608  18992       0.09384 0.20697 0.31697   0.00037 0.24967   0.317 0.094 0.210 
0.90708  18790       0.09227 0.20492 0.31434   0.00038 0.25123   0.314 0.092 0.208 
0.90807  18588       0.09038 0.20276 0.31169   0.00038 0.25281   0.312 0.090 0.206 
0.90907  18386       0.08858 0.20063 0.30905   0.00038 0.25440   0.309 0.089 0.204 
0.91007  18184       0.08701 0.19857 0.30639   0.00038 0.25601   0.306 0.087 0.202 
0.91107  17982       0.08520 0.19643 0.30372   0.00038 0.25763   0.304 0.085 0.200 
0.91207  17780       0.08402 0.19449 0.30105   0.00038 0.25927   0.301 0.084 0.198 
0.91307  17578       0.08229 0.19237 0.29837   0.00039 0.26092   0.298 0.082 0.196 
0.91407  17376       0.08112 0.19042 0.29568   0.00039 0.26260   0.296 0.081 0.194 
0.91507  17174       0.07986 0.18844 0.29298   0.00039 0.26428   0.293 0.080 0.192 
0.91607  16972       0.07829 0.18635 0.29028   0.00039 0.26599   0.290 0.078 0.190 
0.91707  16770       0.07703 0.18438 0.28759   0.00039 0.26769   0.288 0.077 0.189 
0.91806  16568       0.07538 0.18226 0.28486   0.00039 0.26944   0.285 0.075 0.187 
0.91906  16366       0.07421 0.18029 0.28213   0.00040 0.27119   0.282 0.074 0.185 
0.92006  16164       0.07248 0.17813 0.27939   0.00040 0.27297   0.279 0.072 0.183 
0.92106  15962       0.07083 0.17600 0.27663   0.00040 0.27477   0.277 0.071 0.181 
0.92206  15760       0.06949 0.17397 0.27387   0.00040 0.27659   0.274 0.069 0.179 
0.92306  15558       0.06777 0.17180 0.27110   0.00040 0.27843   0.271 0.068 0.177 
0.92406  15356       0.06565 0.16950 0.26831   0.00041 0.28029   0.268 0.066 0.175 
0.92506  15154       0.06376 0.16727 0.26552   0.00041 0.28217   0.266 0.064 0.173 
0.92606  14952       0.06211 0.16511 0.26271   0.00041 0.28407   0.263 0.062 0.171 
0.92706  14750       0.06046 0.16295 0.25990   0.00041 0.28600   0.260 0.060 0.168 
0.92805  14548       0.05803 0.16052 0.25707   0.00042 0.28795   0.257 0.058 0.166 
0.92905  14346       0.05677 0.15848 0.25423   0.00042 0.28992   0.254 0.057 0.164 
0.93005  14144       0.05520 0.15632 0.25138   0.00042 0.29192   0.251 0.055 0.162 
0.93105  13942       0.05395 0.15427 0.24851   0.00042 0.29395   0.249 0.054 0.160 
0.93205  13740       0.05238 0.15210 0.24564   0.00042 0.29600   0.246 0.052 0.158 
0.93305  13538       0.05120 0.15005 0.24275   0.00043 0.29808   0.243 0.051 0.156 
0.93405  13336       0.05049 0.14816 0.23985   0.00043 0.30019   0.240 0.050 0.154 
0.93505  13134       0.04955 0.14618 0.23693   0.00043 0.30232   0.237 0.050 0.152 
0.93605  12932       0.04908 0.14434 0.23400   0.00043 0.30449   0.234 0.049 0.150 
0.93705  12730       0.04845 0.14245 0.23106   0.00043 0.30669   0.231 0.048 0.148 
0.93804  12528       0.04759 0.14048 0.22810   0.00043 0.30892   0.228 0.048 0.146 
0.93904  12326       0.04727 0.13867 0.22513   0.00044 0.31118   0.225 0.047 0.144 
0.94004  12124       0.04664 0.13676 0.22214   0.00044 0.31347   0.222 0.047 0.142 
0.94104  11922       0.04641 0.13497 0.21914   0.00044 0.31581   0.219 0.046 0.139 
0.94204  11720       0.04531 0.13292 0.21616   0.00044 0.31814   0.216 0.045 0.137 
0.94304  11518       0.04452 0.13093 0.21313   0.00044 0.32055   0.213 0.045 0.135 
0.94404  11316       0.04358 0.12889 0.21007   0.00044 0.32299   0.210 0.044 0.133 
0.94504  11114       0.04256 0.12681 0.20701   0.00045 0.32548   0.207 0.043 0.131 
0.94604  10912       0.04146 0.12470 0.20392   0.00045 0.32801   0.204 0.041 0.129 
0.94703  10710       0.04099 0.12278 0.20082   0.00045 0.33058   0.201 0.041 0.127 
0.94803  10508       0.04020 0.12075 0.19769   0.00045 0.33320   0.198 0.040 0.124 
0.94903  10306       0.03871 0.11849 0.19457   0.00046 0.33585   0.195 0.039 0.122 
0.95003  10104       0.03769 0.11637 0.19141   0.00046 0.33856   0.191 0.038 0.120 
0.95103  9902        0.03659 0.11421 0.18823   0.00046 0.34133   0.188 0.037 0.118 
0.95203  9700        0.03573 0.11213 0.18502   0.00046 0.34415   0.185 0.036 0.116 
0.95303  9498        0.03471 0.10997 0.18180   0.00047 0.34702   0.182 0.035 0.113 
0.95403  9296        0.03400 0.10791 0.17855   0.00047 0.34996   0.179 0.034 0.111 
0.95503  9094        0.03306 0.10577 0.17528   0.00047 0.35296   0.175 0.033 0.109 
0.95603  8892        0.03212 0.10361 0.17198   0.00047 0.35602   0.172 0.032 0.107 
0.95702  8690        0.03133 0.10149 0.16866   0.00048 0.35915   0.169 0.031 0.104 
0.95802  8488        0.03133 0.09962 0.16532   0.00048 0.36235   0.165 0.031 0.102 
0.95902  8286        0.03070 0.09754 0.16195   0.00048 0.36563   0.162 0.031 0.100 
0.96002  8084        0.03015 0.09547 0.15856   0.00048 0.36898   0.159 0.030 0.098 
0.96102  7882        0.02976 0.09343 0.15514   0.00049 0.37241   0.155 0.030 0.095 
0.96202  7680        0.02905 0.09129 0.15169   0.00049 0.37592   0.152 0.029 0.093 
0.96302  7478        0.02850 0.08918 0.14822   0.00049 0.37952   0.148 0.029 0.091 
0.96402  7276        0.02811 0.08712 0.14473   0.00049 0.38321   0.145 0.028 0.089 
0.96502  7074        0.02772 0.08504 0.14121   0.00050 0.38699   0.141 0.028 0.086 
0.96602  6872        0.02733 0.08295 0.13767   0.00050 0.39087   0.138 0.027 0.084 
0.96701  6670        0.02662 0.08075 0.13410   0.00050 0.39486   0.134 0.027 0.082 
0.96801  6468        0.02607 0.07859 0.13051   0.00050 0.39895   0.131 0.026 0.079 
0.96901  6266        0.02536 0.07637 0.12689   0.00051 0.40316   0.127 0.025 0.077 
0.97001  6064        0.02505 0.07426 0.12324   0.00051 0.40750   0.123 0.025 0.074 
0.97101  5862        0.02474 0.07215 0.11957   0.00051 0.41196   0.120 0.025 0.072 
0.97201  5660        0.02403 0.06989 0.11587   0.00052 0.41656   0.116 0.024 0.070 
0.97301  5458        0.02348 0.06767 0.11215   0.00052 0.42130   0.112 0.023 0.067 
0.97401  5256        0.02309 0.06549 0.10841   0.00052 0.42619   0.108 0.023 0.065 
0.97501  5054        0.02262 0.06328 0.10464   0.00053 0.43124   0.105 0.023 0.063 
0.97600  4852        0.02230 0.06111 0.10085   0.00053 0.43646   0.101 0.022 0.060 
0.97700  4650        0.02183 0.05886 0.09703   0.00053 0.44189   0.097 0.022 0.058 
0.97800  4448        0.02128 0.05658 0.09317   0.00054 0.44752   0.093 0.021 0.055 
0.97900  4246        0.02065 0.05425 0.08927   0.00054 0.45339   0.089 0.021 0.053 
0.98000  4044        0.02002 0.05191 0.08534   0.00055 0.45951   0.085 0.020 0.050 
0.98100  3842        0.01955 0.04961 0.08138   0.00055 0.46590   0.081 0.020 0.048 
0.98200  3640        0.01885 0.04721 0.07737   0.00056 0.47260   0.077 0.019 0.045 
0.98300  3438        0.01790 0.04472 0.07332   0.00056 0.47963   0.073 0.018 0.043 
0.98400  3236        0.01696 0.04220 0.06923   0.00057 0.48705   0.069 0.017 0.040 
0.98500  3034        0.01649 0.03983 0.06509   0.00057 0.49489   0.065 0.016 0.038 
0.98599  2832        0.01602 0.03743 0.06091   0.00058 0.50322   0.061 0.016 0.035 
0.98699  2630        0.01500 0.03481 0.05666   0.00059 0.51210   0.057 0.015 0.033 
0.98799  2428        0.01366 0.03207 0.05235   0.00059 0.52166   0.052 0.014 0.030 
0.98899  2226        0.01296 0.02949 0.04796   0.00060 0.53204   0.048 0.013 0.028 
0.98999  2024        0.01217 0.02686 0.04347   0.00061 0.54340   0.043 0.012 0.025 
0.99099  1822        0.01123 0.02413 0.03888   0.00062 0.55596   0.039 0.011 0.022 
0.99199  1620        0.01084 0.02152 0.03418   0.00063 0.57003   0.034 0.011 0.020 
0.99299  1418        0.01029 0.01882 0.02935   0.00064 0.58609   0.029 0.010 0.017 
0.99399  1216        0.00966 0.01602 0.02438   0.00065 0.60484   0.024 0.010 0.014 
0.99499  1014        0.00864 0.01303 0.01927   0.00067 0.62743   0.019 0.009 0.011 
0.99598  812         0.00683 0.00973 0.01399   0.00069 0.65610   0.014 0.007 0.008 
0.99698  610         0.00542 0.00747 0.01064   0.00071 0.67880   0.011 0.005 0.006 
0.99798  408         0.00444 0.00557 0.00756   0.00073 0.70512   0.008 0.005 0.004 
0.99898  206         0.00222 0.00320 0.00376   0.00076 0.75229   0.004 0.004 0.002 
0.99998  4           0.00005 0.00010 0.00008   0.00090 0.90466   0.000 0.000 0.000 
1.00000  0           0.00000 0.00000 0.00000   0.00100 1.00000   0.000 0.000 0.000 
