# Prop_landscape_lost  cost_needed_for_top_fraction  min_prop_rem  ave_prop_rem  W_prop_rem  ext-1  ext-2  prop_for_each_biodiversity_feature_(e.g._species)_remaining_at_level_of_removal...
0.00001  2.0202e+005  1.00000 1.00000 1.00000   -0.00000 -0.00000   1.000 
0.00101  2.0181e+005  0.99998 0.99998 0.99998   0.00000 0.00000   1.000 
0.00201  2.0161e+005  0.99992 0.99992 0.99992   0.00001 0.00002   1.000 
0.00301  2.0141e+005  0.99986 0.99986 0.99986   0.00001 0.00004   1.000 
0.00401  2.0121e+005  0.99979 0.99979 0.99979   0.00001 0.00005   1.000 
0.00501  2.0101e+005  0.99971 0.99971 0.99971   0.00001 0.00007   1.000 
0.00601  2.008e+005  0.99964 0.99964 0.99964   0.00001 0.00009   1.000 
0.00701  2.006e+005  0.99956 0.99956 0.99956   0.00001 0.00011   1.000 
0.00801  2.004e+005  0.99947 0.99947 0.99947   0.00001 0.00013   0.999 
0.00901  2.002e+005  0.99939 0.99939 0.99939   0.00002 0.00015   0.999 
0.01001  2e+005      0.99930 0.99930 0.99930   0.00002 0.00018   0.999 
0.01101  1.9979e+005  0.99921 0.99921 0.99921   0.00002 0.00020   0.999 
0.01201  1.9959e+005  0.99911 0.99911 0.99911   0.00002 0.00022   0.999 
0.01301  1.9939e+005  0.99902 0.99902 0.99902   0.00002 0.00025   0.999 
0.01401  1.9919e+005  0.99892 0.99892 0.99892   0.00002 0.00027   0.999 
0.01501  1.9899e+005  0.99882 0.99882 0.99882   0.00002 0.00029   0.999 
0.01601  1.9878e+005  0.99872 0.99872 0.99872   0.00002 0.00032   0.999 
0.01701  1.9858e+005  0.99862 0.99862 0.99862   0.00002 0.00034   0.999 
0.01801  1.9838e+005  0.99852 0.99852 0.99852   0.00002 0.00037   0.999 
0.01901  1.9818e+005  0.99842 0.99842 0.99842   0.00002 0.00040   0.998 
0.02001  1.9798e+005  0.99831 0.99831 0.99831   0.00002 0.00042   0.998 
0.02101  1.9777e+005  0.99820 0.99820 0.99820   0.00002 0.00045   0.998 
0.02201  1.9757e+005  0.99810 0.99810 0.99810   0.00002 0.00048   0.998 
0.02301  1.9737e+005  0.99799 0.99799 0.99799   0.00002 0.00050   0.998 
0.02401  1.9717e+005  0.99788 0.99788 0.99788   0.00002 0.00053   0.998 
0.02501  1.9697e+005  0.99776 0.99776 0.99776   0.00002 0.00056   0.998 
0.02601  1.9676e+005  0.99765 0.99765 0.99765   0.00002 0.00059   0.998 
0.02701  1.9656e+005  0.99754 0.99754 0.99754   0.00002 0.00062   0.998 
0.02801  1.9636e+005  0.99742 0.99742 0.99742   0.00002 0.00064   0.997 
0.02901  1.9616e+005  0.99731 0.99731 0.99731   0.00002 0.00067   0.997 
0.03001  1.9596e+005  0.99719 0.99719 0.99719   0.00002 0.00070   0.997 
0.03101  1.9575e+005  0.99708 0.99708 0.99708   0.00002 0.00073   0.997 
0.03201  1.9555e+005  0.99696 0.99696 0.99696   0.00002 0.00076   0.997 
0.03301  1.9535e+005  0.99684 0.99684 0.99684   0.00002 0.00079   0.997 
0.03401  1.9515e+005  0.99672 0.99672 0.99672   0.00002 0.00082   0.997 
0.03501  1.9495e+005  0.99660 0.99660 0.99660   0.00002 0.00085   0.997 
0.03601  1.9474e+005  0.99647 0.99647 0.99647   0.00002 0.00088   0.996 
0.03701  1.9454e+005  0.99635 0.99635 0.99635   0.00002 0.00091   0.996 
0.03801  1.9434e+005  0.99623 0.99623 0.99623   0.00002 0.00094   0.996 
0.03901  1.9414e+005  0.99610 0.99610 0.99610   0.00002 0.00098   0.996 
0.04001  1.9394e+005  0.99598 0.99598 0.99598   0.00002 0.00101   0.996 
0.04101  1.9373e+005  0.99585 0.99585 0.99585   0.00002 0.00104   0.996 
0.04201  1.9353e+005  0.99572 0.99572 0.99572   0.00002 0.00107   0.996 
0.04301  1.9333e+005  0.99559 0.99559 0.99559   0.00003 0.00110   0.996 
0.04401  1.9313e+005  0.99546 0.99546 0.99546   0.00003 0.00114   0.995 
0.04501  1.9293e+005  0.99533 0.99533 0.99533   0.00003 0.00117   0.995 
0.04601  1.9272e+005  0.99520 0.99520 0.99520   0.00003 0.00120   0.995 
0.04701  1.9252e+005  0.99506 0.99506 0.99506   0.00003 0.00124   0.995 
0.04801  1.9232e+005  0.99493 0.99493 0.99493   0.00003 0.00127   0.995 
0.04901  1.9212e+005  0.99479 0.99479 0.99479   0.00003 0.00130   0.995 
0.05001  1.9192e+005  0.99465 0.99465 0.99465   0.00003 0.00134   0.995 
0.05101  1.9171e+005  0.99452 0.99452 0.99452   0.00003 0.00137   0.995 
0.05201  1.9151e+005  0.99438 0.99438 0.99438   0.00003 0.00141   0.994 
0.05301  1.9131e+005  0.99423 0.99423 0.99423   0.00003 0.00144   0.994 
0.05401  1.9111e+005  0.99409 0.99409 0.99409   0.00003 0.00148   0.994 
0.05500  1.9091e+005  0.99395 0.99395 0.99395   0.00003 0.00152   0.994 
0.05600  1.907e+005  0.99380 0.99380 0.99380   0.00003 0.00155   0.994 
0.05700  1.905e+005  0.99366 0.99366 0.99366   0.00003 0.00159   0.994 
0.05800  1.903e+005  0.99351 0.99351 0.99351   0.00003 0.00163   0.994 
0.05900  1.901e+005  0.99336 0.99336 0.99336   0.00003 0.00166   0.993 
0.06000  1.899e+005  0.99321 0.99321 0.99321   0.00003 0.00170   0.993 
0.06100  1.8969e+005  0.99306 0.99306 0.99306   0.00003 0.00174   0.993 
0.06200  1.8949e+005  0.99290 0.99290 0.99290   0.00003 0.00178   0.993 
0.06300  1.8929e+005  0.99275 0.99275 0.99275   0.00003 0.00182   0.993 
0.06400  1.8909e+005  0.99259 0.99259 0.99259   0.00003 0.00186   0.993 
0.06500  1.8889e+005  0.99243 0.99243 0.99243   0.00003 0.00190   0.992 
0.06600  1.8868e+005  0.99227 0.99227 0.99227   0.00003 0.00194   0.992 
0.06700  1.8848e+005  0.99211 0.99211 0.99211   0.00003 0.00198   0.992 
0.06800  1.8828e+005  0.99195 0.99195 0.99195   0.00003 0.00202   0.992 
0.06900  1.8808e+005  0.99178 0.99178 0.99178   0.00003 0.00206   0.992 
0.07000  1.8788e+005  0.99162 0.99162 0.99162   0.00003 0.00210   0.992 
0.07100  1.8767e+005  0.99145 0.99145 0.99145   0.00003 0.00214   0.991 
0.07200  1.8747e+005  0.99128 0.99128 0.99128   0.00003 0.00219   0.991 
0.07300  1.8727e+005  0.99111 0.99111 0.99111   0.00003 0.00223   0.991 
0.07400  1.8707e+005  0.99094 0.99094 0.99094   0.00003 0.00227   0.991 
0.07500  1.8687e+005  0.99077 0.99077 0.99077   0.00003 0.00232   0.991 
0.07600  1.8666e+005  0.99060 0.99060 0.99060   0.00003 0.00236   0.991 
0.07700  1.8646e+005  0.99042 0.99042 0.99042   0.00003 0.00240   0.990 
0.07800  1.8626e+005  0.99024 0.99024 0.99024   0.00003 0.00245   0.990 
0.07900  1.8606e+005  0.99006 0.99006 0.99006   0.00003 0.00249   0.990 
0.08000  1.8586e+005  0.98988 0.98988 0.98988   0.00003 0.00254   0.990 
0.08100  1.8565e+005  0.98970 0.98970 0.98970   0.00003 0.00259   0.990 
0.08200  1.8545e+005  0.98951 0.98951 0.98951   0.00003 0.00263   0.990 
0.08300  1.8525e+005  0.98933 0.98933 0.98933   0.00003 0.00268   0.989 
0.08400  1.8505e+005  0.98914 0.98914 0.98914   0.00003 0.00273   0.989 
0.08500  1.8485e+005  0.98895 0.98895 0.98895   0.00003 0.00277   0.989 
0.08600  1.8464e+005  0.98876 0.98876 0.98876   0.00003 0.00282   0.989 
0.08700  1.8444e+005  0.98857 0.98857 0.98857   0.00003 0.00287   0.989 
0.08800  1.8424e+005  0.98837 0.98837 0.98837   0.00003 0.00292   0.988 
0.08900  1.8404e+005  0.98818 0.98818 0.98818   0.00003 0.00297   0.988 
0.09000  1.8384e+005  0.98798 0.98798 0.98798   0.00003 0.00302   0.988 
0.09100  1.8363e+005  0.98778 0.98778 0.98778   0.00003 0.00307   0.988 
0.09200  1.8343e+005  0.98758 0.98758 0.98758   0.00003 0.00312   0.988 
0.09300  1.8323e+005  0.98738 0.98738 0.98738   0.00003 0.00317   0.987 
0.09400  1.8303e+005  0.98717 0.98717 0.98717   0.00003 0.00322   0.987 
0.09500  1.8283e+005  0.98697 0.98697 0.98697   0.00003 0.00327   0.987 
0.09600  1.8262e+005  0.98676 0.98676 0.98676   0.00003 0.00333   0.987 
0.09700  1.8242e+005  0.98655 0.98655 0.98655   0.00003 0.00338   0.987 
0.09800  1.8222e+005  0.98634 0.98634 0.98634   0.00003 0.00343   0.986 
0.09900  1.8202e+005  0.98612 0.98612 0.98612   0.00003 0.00349   0.986 
0.10000  1.8182e+005  0.98591 0.98591 0.98591   0.00004 0.00354   0.986 
0.10100  1.8161e+005  0.98569 0.98569 0.98569   0.00004 0.00360   0.986 
0.10200  1.8141e+005  0.98547 0.98547 0.98547   0.00004 0.00365   0.985 
0.10300  1.8121e+005  0.98525 0.98525 0.98525   0.00004 0.00371   0.985 
0.10400  1.8101e+005  0.98503 0.98503 0.98503   0.00004 0.00376   0.985 
0.10500  1.8081e+005  0.98481 0.98481 0.98481   0.00004 0.00382   0.985 
0.10600  1.806e+005  0.98458 0.98458 0.98458   0.00004 0.00388   0.985 
0.10700  1.804e+005  0.98435 0.98435 0.98435   0.00004 0.00394   0.984 
0.10800  1.802e+005  0.98412 0.98412 0.98412   0.00004 0.00399   0.984 
0.10900  1.8e+005    0.98389 0.98389 0.98389   0.00004 0.00405   0.984 
0.11000  1.798e+005  0.98365 0.98365 0.98365   0.00004 0.00411   0.984 
0.11100  1.7959e+005  0.98342 0.98342 0.98342   0.00004 0.00417   0.983 
0.11200  1.7939e+005  0.98318 0.98318 0.98318   0.00004 0.00423   0.983 
0.11300  1.7919e+005  0.98294 0.98294 0.98294   0.00004 0.00429   0.983 
0.11400  1.7899e+005  0.98269 0.98269 0.98269   0.00004 0.00435   0.983 
0.11500  1.7879e+005  0.98245 0.98245 0.98245   0.00004 0.00442   0.982 
0.11600  1.7858e+005  0.98220 0.98220 0.98220   0.00004 0.00448   0.982 
0.11700  1.7838e+005  0.98195 0.98195 0.98195   0.00004 0.00454   0.982 
0.11800  1.7818e+005  0.98170 0.98170 0.98170   0.00004 0.00461   0.982 
0.11900  1.7798e+005  0.98145 0.98145 0.98145   0.00004 0.00467   0.981 
0.12000  1.7778e+005  0.98119 0.98119 0.98119   0.00004 0.00474   0.981 
0.12100  1.7757e+005  0.98094 0.98094 0.98094   0.00004 0.00480   0.981 
0.12200  1.7737e+005  0.98068 0.98068 0.98068   0.00004 0.00487   0.981 
0.12300  1.7717e+005  0.98041 0.98041 0.98041   0.00004 0.00493   0.980 
0.12400  1.7697e+005  0.98015 0.98015 0.98015   0.00004 0.00500   0.980 
0.12500  1.7677e+005  0.97988 0.97988 0.97988   0.00004 0.00507   0.980 
0.12600  1.7656e+005  0.97961 0.97961 0.97961   0.00004 0.00514   0.980 
0.12700  1.7636e+005  0.97934 0.97934 0.97934   0.00004 0.00520   0.979 
0.12800  1.7616e+005  0.97907 0.97907 0.97907   0.00004 0.00527   0.979 
0.12900  1.7596e+005  0.97879 0.97879 0.97879   0.00004 0.00534   0.979 
0.13000  1.7576e+005  0.97852 0.97852 0.97852   0.00004 0.00541   0.979 
0.13100  1.7555e+005  0.97824 0.97824 0.97824   0.00004 0.00549   0.978 
0.13200  1.7535e+005  0.97796 0.97796 0.97796   0.00004 0.00556   0.978 
0.13300  1.7515e+005  0.97767 0.97767 0.97767   0.00004 0.00563   0.978 
0.13400  1.7495e+005  0.97738 0.97738 0.97738   0.00004 0.00570   0.977 
0.13500  1.7475e+005  0.97709 0.97709 0.97709   0.00004 0.00578   0.977 
0.13600  1.7454e+005  0.97680 0.97680 0.97680   0.00004 0.00585   0.977 
0.13700  1.7434e+005  0.97651 0.97651 0.97651   0.00004 0.00593   0.977 
0.13800  1.7414e+005  0.97621 0.97621 0.97621   0.00004 0.00600   0.976 
0.13900  1.7394e+005  0.97591 0.97591 0.97591   0.00004 0.00608   0.976 
0.14000  1.7374e+005  0.97561 0.97561 0.97561   0.00004 0.00615   0.976 
0.14100  1.7353e+005  0.97531 0.97531 0.97531   0.00004 0.00623   0.975 
0.14200  1.7333e+005  0.97501 0.97501 0.97501   0.00004 0.00631   0.975 
0.14300  1.7313e+005  0.97470 0.97470 0.97470   0.00004 0.00639   0.975 
0.14400  1.7293e+005  0.97439 0.97439 0.97439   0.00004 0.00647   0.974 
0.14500  1.7273e+005  0.97408 0.97408 0.97408   0.00004 0.00655   0.974 
0.14600  1.7252e+005  0.97376 0.97376 0.97376   0.00005 0.00663   0.974 
0.14700  1.7232e+005  0.97344 0.97344 0.97344   0.00005 0.00671   0.973 
0.14800  1.7212e+005  0.97313 0.97313 0.97313   0.00005 0.00679   0.973 
0.14900  1.7192e+005  0.97280 0.97280 0.97280   0.00005 0.00687   0.973 
0.15000  1.7172e+005  0.97248 0.97248 0.97248   0.00005 0.00695   0.972 
0.15100  1.7151e+005  0.97215 0.97215 0.97215   0.00005 0.00704   0.972 
0.15200  1.7131e+005  0.97183 0.97183 0.97183   0.00005 0.00712   0.972 
0.15300  1.7111e+005  0.97150 0.97150 0.97150   0.00005 0.00720   0.971 
0.15400  1.7091e+005  0.97116 0.97116 0.97116   0.00005 0.00729   0.971 
0.15500  1.7071e+005  0.97083 0.97083 0.97083   0.00005 0.00737   0.971 
0.15600  1.705e+005  0.97049 0.97049 0.97049   0.00005 0.00746   0.970 
0.15700  1.703e+005  0.97015 0.97015 0.97015   0.00005 0.00755   0.970 
0.15800  1.701e+005  0.96981 0.96981 0.96981   0.00005 0.00764   0.970 
0.15900  1.699e+005  0.96946 0.96946 0.96946   0.00005 0.00772   0.969 
0.16000  1.697e+005  0.96911 0.96911 0.96911   0.00005 0.00781   0.969 
0.16100  1.6949e+005  0.96876 0.96876 0.96876   0.00005 0.00790   0.969 
0.16200  1.6929e+005  0.96841 0.96841 0.96841   0.00005 0.00799   0.968 
0.16300  1.6909e+005  0.96806 0.96806 0.96806   0.00005 0.00808   0.968 
0.16400  1.6889e+005  0.96770 0.96770 0.96770   0.00005 0.00817   0.968 
0.16500  1.6869e+005  0.96734 0.96734 0.96734   0.00005 0.00827   0.967 
0.16600  1.6848e+005  0.96698 0.96698 0.96698   0.00005 0.00836   0.967 
0.16700  1.6828e+005  0.96661 0.96661 0.96661   0.00005 0.00845   0.967 
0.16799  1.6808e+005  0.96624 0.96624 0.96624   0.00005 0.00855   0.966 
0.16899  1.6788e+005  0.96587 0.96587 0.96587   0.00005 0.00864   0.966 
0.16999  1.6768e+005  0.96550 0.96550 0.96550   0.00005 0.00874   0.966 
0.17099  1.6747e+005  0.96513 0.96513 0.96513   0.00005 0.00883   0.965 
0.17199  1.6727e+005  0.96475 0.96475 0.96475   0.00005 0.00893   0.965 
0.17299  1.6707e+005  0.96437 0.96437 0.96437   0.00005 0.00903   0.964 
0.17399  1.6687e+005  0.96399 0.96399 0.96399   0.00005 0.00913   0.964 
0.17499  1.6667e+005  0.96360 0.96360 0.96360   0.00005 0.00923   0.964 
0.17599  1.6646e+005  0.96322 0.96322 0.96322   0.00005 0.00933   0.963 
0.17699  1.6626e+005  0.96283 0.96283 0.96283   0.00005 0.00943   0.963 
0.17799  1.6606e+005  0.96243 0.96243 0.96243   0.00005 0.00953   0.962 
0.17899  1.6586e+005  0.96204 0.96204 0.96204   0.00005 0.00963   0.962 
0.17999  1.6566e+005  0.96164 0.96164 0.96164   0.00005 0.00973   0.962 
0.18099  1.6545e+005  0.96124 0.96124 0.96124   0.00005 0.00983   0.961 
0.18199  1.6525e+005  0.96084 0.96084 0.96084   0.00005 0.00994   0.961 
0.18299  1.6505e+005  0.96044 0.96044 0.96044   0.00005 0.01004   0.960 
0.18399  1.6485e+005  0.96003 0.96003 0.96003   0.00005 0.01015   0.960 
0.18499  1.6465e+005  0.95962 0.95962 0.95962   0.00006 0.01025   0.960 
0.18599  1.6444e+005  0.95921 0.95921 0.95921   0.00006 0.01036   0.959 
0.18699  1.6424e+005  0.95880 0.95880 0.95880   0.00006 0.01046   0.959 
0.18799  1.6404e+005  0.95838 0.95838 0.95838   0.00006 0.01057   0.958 
0.18899  1.6384e+005  0.95796 0.95796 0.95796   0.00006 0.01068   0.958 
0.18999  1.6364e+005  0.95754 0.95754 0.95754   0.00006 0.01079   0.958 
0.19099  1.6343e+005  0.95712 0.95712 0.95712   0.00006 0.01090   0.957 
0.19199  1.6323e+005  0.95669 0.95669 0.95669   0.00006 0.01101   0.957 
0.19299  1.6303e+005  0.95627 0.95627 0.95627   0.00006 0.01112   0.956 
0.19399  1.6283e+005  0.95584 0.95584 0.95584   0.00006 0.01123   0.956 
0.19499  1.6263e+005  0.95540 0.95540 0.95540   0.00006 0.01134   0.955 
0.19599  1.6242e+005  0.95497 0.95497 0.95497   0.00006 0.01145   0.955 
0.19699  1.6222e+005  0.95453 0.95453 0.95453   0.00006 0.01157   0.955 
0.19799  1.6202e+005  0.95409 0.95409 0.95409   0.00006 0.01168   0.954 
0.19899  1.6182e+005  0.95365 0.95365 0.95365   0.00006 0.01179   0.954 
0.19999  1.6162e+005  0.95320 0.95320 0.95320   0.00006 0.01191   0.953 
0.20099  1.6141e+005  0.95276 0.95276 0.95276   0.00006 0.01203   0.953 
0.20199  1.6121e+005  0.95231 0.95231 0.95231   0.00006 0.01214   0.952 
0.20299  1.6101e+005  0.95186 0.95186 0.95186   0.00006 0.01226   0.952 
0.20399  1.6081e+005  0.95140 0.95140 0.95140   0.00006 0.01238   0.951 
0.20499  1.6061e+005  0.95095 0.95095 0.95095   0.00006 0.01250   0.951 
0.20599  1.604e+005  0.95049 0.95049 0.95049   0.00006 0.01261   0.950 
0.20699  1.602e+005  0.95003 0.95003 0.95003   0.00006 0.01273   0.950 
0.20799  1.6e+005    0.94957 0.94957 0.94957   0.00006 0.01285   0.950 
0.20899  1.598e+005  0.94910 0.94910 0.94910   0.00006 0.01297   0.949 
0.20999  1.596e+005  0.94864 0.94864 0.94864   0.00006 0.01310   0.949 
0.21099  1.5939e+005  0.94817 0.94817 0.94817   0.00006 0.01322   0.948 
0.21199  1.5919e+005  0.94770 0.94770 0.94770   0.00006 0.01334   0.948 
0.21299  1.5899e+005  0.94722 0.94722 0.94722   0.00006 0.01346   0.947 
0.21399  1.5879e+005  0.94675 0.94675 0.94675   0.00006 0.01359   0.947 
0.21499  1.5859e+005  0.94627 0.94627 0.94627   0.00006 0.01371   0.946 
0.21599  1.5838e+005  0.94579 0.94579 0.94579   0.00006 0.01384   0.946 
0.21699  1.5818e+005  0.94531 0.94531 0.94531   0.00006 0.01396   0.945 
0.21799  1.5798e+005  0.94483 0.94483 0.94483   0.00006 0.01409   0.945 
0.21899  1.5778e+005  0.94434 0.94434 0.94434   0.00006 0.01421   0.944 
0.21999  1.5758e+005  0.94385 0.94385 0.94385   0.00006 0.01434   0.944 
0.22099  1.5737e+005  0.94336 0.94336 0.94336   0.00007 0.01447   0.943 
0.22199  1.5717e+005  0.94287 0.94287 0.94287   0.00007 0.01460   0.943 
0.22299  1.5697e+005  0.94238 0.94238 0.94238   0.00007 0.01473   0.942 
0.22399  1.5677e+005  0.94188 0.94188 0.94188   0.00007 0.01486   0.942 
0.22499  1.5657e+005  0.94138 0.94138 0.94138   0.00007 0.01499   0.941 
0.22599  1.5636e+005  0.94088 0.94088 0.94088   0.00007 0.01512   0.941 
0.22699  1.5616e+005  0.94038 0.94038 0.94038   0.00007 0.01525   0.940 
0.22799  1.5596e+005  0.93988 0.93988 0.93988   0.00007 0.01538   0.940 
0.22899  1.5576e+005  0.93937 0.93937 0.93937   0.00007 0.01551   0.939 
0.22999  1.5556e+005  0.93887 0.93887 0.93887   0.00007 0.01565   0.939 
0.23099  1.5535e+005  0.93836 0.93836 0.93836   0.00007 0.01578   0.938 
0.23199  1.5515e+005  0.93784 0.93784 0.93784   0.00007 0.01591   0.938 
0.23299  1.5495e+005  0.93733 0.93733 0.93733   0.00007 0.01605   0.937 
0.23399  1.5475e+005  0.93681 0.93681 0.93681   0.00007 0.01619   0.937 
0.23499  1.5455e+005  0.93630 0.93630 0.93630   0.00007 0.01632   0.936 
0.23599  1.5434e+005  0.93578 0.93578 0.93578   0.00007 0.01646   0.936 
0.23699  1.5414e+005  0.93526 0.93526 0.93526   0.00007 0.01659   0.935 
0.23799  1.5394e+005  0.93473 0.93473 0.93473   0.00007 0.01673   0.935 
0.23899  1.5374e+005  0.93421 0.93421 0.93421   0.00007 0.01687   0.934 
0.23999  1.5354e+005  0.93368 0.93368 0.93368   0.00007 0.01701   0.934 
0.24099  1.5333e+005  0.93315 0.93315 0.93315   0.00007 0.01715   0.933 
0.24199  1.5313e+005  0.93262 0.93262 0.93262   0.00007 0.01729   0.933 
0.24299  1.5293e+005  0.93209 0.93209 0.93209   0.00007 0.01743   0.932 
0.24399  1.5273e+005  0.93156 0.93156 0.93156   0.00007 0.01757   0.932 
0.24499  1.5253e+005  0.93102 0.93102 0.93102   0.00007 0.01771   0.931 
0.24599  1.5232e+005  0.93048 0.93048 0.93048   0.00007 0.01785   0.930 
0.24699  1.5212e+005  0.92994 0.92994 0.92994   0.00007 0.01799   0.930 
0.24799  1.5192e+005  0.92940 0.92940 0.92940   0.00007 0.01814   0.929 
0.24899  1.5172e+005  0.92886 0.92886 0.92886   0.00007 0.01828   0.929 
0.24999  1.5152e+005  0.92832 0.92832 0.92832   0.00007 0.01842   0.928 
0.25099  1.5131e+005  0.92777 0.92777 0.92777   0.00007 0.01857   0.928 
0.25199  1.5111e+005  0.92722 0.92722 0.92722   0.00007 0.01871   0.927 
0.25299  1.5091e+005  0.92668 0.92668 0.92668   0.00007 0.01886   0.927 
0.25399  1.5071e+005  0.92612 0.92612 0.92612   0.00007 0.01900   0.926 
0.25499  1.5051e+005  0.92557 0.92557 0.92557   0.00007 0.01915   0.926 
0.25599  1.503e+005  0.92502 0.92502 0.92502   0.00008 0.01930   0.925 
0.25699  1.501e+005  0.92446 0.92446 0.92446   0.00008 0.01944   0.924 
0.25799  1.499e+005  0.92390 0.92390 0.92390   0.00008 0.01959   0.924 
0.25899  1.497e+005  0.92334 0.92334 0.92334   0.00008 0.01974   0.923 
0.25999  1.495e+005  0.92278 0.92278 0.92278   0.00008 0.01989   0.923 
0.26099  1.4929e+005  0.92222 0.92222 0.92222   0.00008 0.02004   0.922 
0.26199  1.4909e+005  0.92165 0.92165 0.92165   0.00008 0.02019   0.922 
0.26299  1.4889e+005  0.92109 0.92109 0.92109   0.00008 0.02034   0.921 
0.26399  1.4869e+005  0.92052 0.92052 0.92052   0.00008 0.02049   0.921 
0.26499  1.4849e+005  0.91995 0.91995 0.91995   0.00008 0.02064   0.920 
0.26599  1.4828e+005  0.91938 0.91938 0.91938   0.00008 0.02080   0.919 
0.26699  1.4808e+005  0.91880 0.91880 0.91880   0.00008 0.02095   0.919 
0.26799  1.4788e+005  0.91823 0.91823 0.91823   0.00008 0.02110   0.918 
0.26899  1.4768e+005  0.91765 0.91765 0.91765   0.00008 0.02126   0.918 
0.26999  1.4748e+005  0.91707 0.91707 0.91707   0.00008 0.02141   0.917 
0.27099  1.4727e+005  0.91649 0.91649 0.91649   0.00008 0.02157   0.916 
0.27199  1.4707e+005  0.91590 0.91590 0.91590   0.00008 0.02172   0.916 
0.27299  1.4687e+005  0.91532 0.91532 0.91532   0.00008 0.02188   0.915 
0.27399  1.4667e+005  0.91473 0.91473 0.91473   0.00008 0.02204   0.915 
0.27499  1.4647e+005  0.91414 0.91414 0.91414   0.00008 0.02219   0.914 
0.27599  1.4626e+005  0.91354 0.91354 0.91354   0.00008 0.02235   0.914 
0.27699  1.4606e+005  0.91295 0.91295 0.91295   0.00008 0.02251   0.913 
0.27799  1.4586e+005  0.91235 0.91235 0.91235   0.00008 0.02267   0.912 
0.27899  1.4566e+005  0.91175 0.91175 0.91175   0.00008 0.02283   0.912 
0.27998  1.4546e+005  0.91114 0.91114 0.91114   0.00008 0.02299   0.911 
0.28098  1.4525e+005  0.91054 0.91054 0.91054   0.00008 0.02316   0.911 
0.28198  1.4505e+005  0.90993 0.90993 0.90993   0.00008 0.02332   0.910 
0.28298  1.4485e+005  0.90932 0.90932 0.90932   0.00008 0.02348   0.909 
0.28398  1.4465e+005  0.90871 0.90871 0.90871   0.00008 0.02365   0.909 
0.28498  1.4445e+005  0.90809 0.90809 0.90809   0.00008 0.02381   0.908 
0.28598  1.4424e+005  0.90748 0.90748 0.90748   0.00008 0.02398   0.907 
0.28698  1.4404e+005  0.90686 0.90686 0.90686   0.00008 0.02415   0.907 
0.28798  1.4384e+005  0.90624 0.90624 0.90624   0.00008 0.02431   0.906 
0.28898  1.4364e+005  0.90561 0.90561 0.90561   0.00008 0.02448   0.906 
0.28998  1.4344e+005  0.90499 0.90499 0.90499   0.00008 0.02465   0.905 
0.29098  1.4323e+005  0.90436 0.90436 0.90436   0.00008 0.02482   0.904 
0.29198  1.4303e+005  0.90373 0.90373 0.90373   0.00009 0.02499   0.904 
0.29298  1.4283e+005  0.90309 0.90309 0.90309   0.00009 0.02516   0.903 
0.29398  1.4263e+005  0.90246 0.90246 0.90246   0.00009 0.02533   0.902 
0.29498  1.4243e+005  0.90182 0.90182 0.90182   0.00009 0.02550   0.902 
0.29598  1.4222e+005  0.90118 0.90118 0.90118   0.00009 0.02568   0.901 
0.29698  1.4202e+005  0.90054 0.90054 0.90054   0.00009 0.02585   0.901 
0.29798  1.4182e+005  0.89989 0.89989 0.89989   0.00009 0.02603   0.900 
0.29898  1.4162e+005  0.89924 0.89924 0.89924   0.00009 0.02620   0.899 
0.29998  1.4142e+005  0.89859 0.89859 0.89859   0.00009 0.02638   0.899 
0.30098  1.4121e+005  0.89794 0.89794 0.89794   0.00009 0.02655   0.898 
0.30198  1.4101e+005  0.89729 0.89729 0.89729   0.00009 0.02673   0.897 
0.30298  1.4081e+005  0.89663 0.89663 0.89663   0.00009 0.02691   0.897 
0.30398  1.4061e+005  0.89597 0.89597 0.89597   0.00009 0.02709   0.896 
0.30498  1.4041e+005  0.89531 0.89531 0.89531   0.00009 0.02727   0.895 
0.30598  1.402e+005  0.89465 0.89465 0.89465   0.00009 0.02745   0.895 
0.30698  1.4e+005    0.89398 0.89398 0.89398   0.00009 0.02763   0.894 
0.30798  1.398e+005  0.89331 0.89331 0.89331   0.00009 0.02781   0.893 
0.30898  1.396e+005  0.89264 0.89264 0.89264   0.00009 0.02799   0.893 
0.30998  1.394e+005  0.89197 0.89197 0.89197   0.00009 0.02818   0.892 
0.31098  1.3919e+005  0.89129 0.89129 0.89129   0.00009 0.02836   0.891 
0.31198  1.3899e+005  0.89062 0.89062 0.89062   0.00009 0.02855   0.891 
0.31298  1.3879e+005  0.88994 0.88994 0.88994   0.00009 0.02873   0.890 
0.31398  1.3859e+005  0.88925 0.88925 0.88925   0.00009 0.02892   0.889 
0.31498  1.3839e+005  0.88857 0.88857 0.88857   0.00009 0.02910   0.889 
0.31598  1.3818e+005  0.88788 0.88788 0.88788   0.00009 0.02929   0.888 
0.31698  1.3798e+005  0.88719 0.88719 0.88719   0.00009 0.02948   0.887 
0.31798  1.3778e+005  0.88650 0.88650 0.88650   0.00009 0.02967   0.886 
0.31898  1.3758e+005  0.88581 0.88581 0.88581   0.00009 0.02986   0.886 
0.31998  1.3738e+005  0.88511 0.88511 0.88511   0.00009 0.03005   0.885 
0.32098  1.3717e+005  0.88441 0.88441 0.88441   0.00009 0.03024   0.884 
0.32198  1.3697e+005  0.88371 0.88371 0.88371   0.00009 0.03043   0.884 
0.32298  1.3677e+005  0.88301 0.88301 0.88301   0.00009 0.03063   0.883 
0.32398  1.3657e+005  0.88230 0.88230 0.88230   0.00009 0.03082   0.882 
0.32498  1.3637e+005  0.88159 0.88159 0.88159   0.00010 0.03101   0.882 
0.32598  1.3616e+005  0.88089 0.88089 0.88089   0.00010 0.03121   0.881 
0.32698  1.3596e+005  0.88017 0.88017 0.88017   0.00010 0.03141   0.880 
0.32798  1.3576e+005  0.87946 0.87946 0.87946   0.00010 0.03160   0.879 
0.32898  1.3556e+005  0.87874 0.87874 0.87874   0.00010 0.03180   0.879 
0.32998  1.3536e+005  0.87802 0.87802 0.87802   0.00010 0.03200   0.878 
0.33098  1.3515e+005  0.87730 0.87730 0.87730   0.00010 0.03220   0.877 
0.33198  1.3495e+005  0.87658 0.87658 0.87658   0.00010 0.03240   0.877 
0.33298  1.3475e+005  0.87586 0.87586 0.87586   0.00010 0.03260   0.876 
0.33398  1.3455e+005  0.87513 0.87513 0.87513   0.00010 0.03280   0.875 
0.33498  1.3435e+005  0.87440 0.87440 0.87440   0.00010 0.03300   0.874 
0.33598  1.3414e+005  0.87367 0.87367 0.87367   0.00010 0.03320   0.874 
0.33698  1.3394e+005  0.87294 0.87294 0.87294   0.00010 0.03340   0.873 
0.33798  1.3374e+005  0.87220 0.87220 0.87220   0.00010 0.03361   0.872 
0.33898  1.3354e+005  0.87146 0.87146 0.87146   0.00010 0.03381   0.871 
0.33998  1.3334e+005  0.87072 0.87072 0.87072   0.00010 0.03402   0.871 
0.34098  1.3313e+005  0.86998 0.86998 0.86998   0.00010 0.03422   0.870 
0.34198  1.3293e+005  0.86924 0.86924 0.86924   0.00010 0.03443   0.869 
0.34298  1.3273e+005  0.86849 0.86849 0.86849   0.00010 0.03464   0.868 
0.34398  1.3253e+005  0.86774 0.86774 0.86774   0.00010 0.03484   0.868 
0.34498  1.3233e+005  0.86699 0.86699 0.86699   0.00010 0.03505   0.867 
0.34598  1.3212e+005  0.86624 0.86624 0.86624   0.00010 0.03526   0.866 
0.34698  1.3192e+005  0.86548 0.86548 0.86548   0.00010 0.03547   0.865 
0.34798  1.3172e+005  0.86473 0.86473 0.86473   0.00010 0.03568   0.865 
0.34898  1.3152e+005  0.86397 0.86397 0.86397   0.00010 0.03589   0.864 
0.34998  1.3132e+005  0.86321 0.86321 0.86321   0.00010 0.03611   0.863 
0.35098  1.3111e+005  0.86245 0.86245 0.86245   0.00010 0.03632   0.862 
0.35198  1.3091e+005  0.86168 0.86168 0.86168   0.00010 0.03653   0.862 
0.35298  1.3071e+005  0.86091 0.86091 0.86091   0.00010 0.03675   0.861 
0.35398  1.3051e+005  0.86015 0.86015 0.86015   0.00010 0.03696   0.860 
0.35498  1.3031e+005  0.85938 0.85938 0.85938   0.00010 0.03718   0.859 
0.35598  1.301e+005  0.85860 0.85860 0.85860   0.00010 0.03740   0.859 
0.35698  1.299e+005  0.85783 0.85783 0.85783   0.00011 0.03761   0.858 
0.35798  1.297e+005  0.85705 0.85705 0.85705   0.00011 0.03783   0.857 
0.35898  1.295e+005  0.85627 0.85627 0.85627   0.00011 0.03805   0.856 
0.35998  1.293e+005  0.85549 0.85549 0.85549   0.00011 0.03827   0.855 
0.36098  1.2909e+005  0.85471 0.85471 0.85471   0.00011 0.03849   0.855 
0.36198  1.2889e+005  0.85393 0.85393 0.85393   0.00011 0.03871   0.854 
0.36298  1.2869e+005  0.85314 0.85314 0.85314   0.00011 0.03893   0.853 
0.36398  1.2849e+005  0.85235 0.85235 0.85235   0.00011 0.03915   0.852 
0.36498  1.2829e+005  0.85156 0.85156 0.85156   0.00011 0.03937   0.852 
0.36598  1.2808e+005  0.85077 0.85077 0.85077   0.00011 0.03960   0.851 
0.36698  1.2788e+005  0.84997 0.84997 0.84997   0.00011 0.03982   0.850 
0.36798  1.2768e+005  0.84918 0.84918 0.84918   0.00011 0.04005   0.849 
0.36898  1.2748e+005  0.84838 0.84838 0.84838   0.00011 0.04027   0.848 
0.36998  1.2728e+005  0.84758 0.84758 0.84758   0.00011 0.04050   0.848 
0.37098  1.2707e+005  0.84678 0.84678 0.84678   0.00011 0.04073   0.847 
0.37198  1.2687e+005  0.84598 0.84598 0.84598   0.00011 0.04095   0.846 
0.37298  1.2667e+005  0.84517 0.84517 0.84517   0.00011 0.04118   0.845 
0.37398  1.2647e+005  0.84436 0.84436 0.84436   0.00011 0.04141   0.844 
0.37498  1.2627e+005  0.84355 0.84355 0.84355   0.00011 0.04164   0.844 
0.37598  1.2606e+005  0.84274 0.84274 0.84274   0.00011 0.04187   0.843 
0.37698  1.2586e+005  0.84193 0.84193 0.84193   0.00011 0.04210   0.842 
0.37798  1.2566e+005  0.84112 0.84112 0.84112   0.00011 0.04233   0.841 
0.37898  1.2546e+005  0.84030 0.84030 0.84030   0.00011 0.04257   0.840 
0.37998  1.2526e+005  0.83948 0.83948 0.83948   0.00011 0.04280   0.839 
0.38098  1.2505e+005  0.83866 0.83866 0.83866   0.00011 0.04303   0.839 
0.38198  1.2485e+005  0.83784 0.83784 0.83784   0.00011 0.04327   0.838 
0.38298  1.2465e+005  0.83702 0.83702 0.83702   0.00011 0.04350   0.837 
0.38398  1.2445e+005  0.83619 0.83619 0.83619   0.00011 0.04374   0.836 
0.38498  1.2425e+005  0.83537 0.83537 0.83537   0.00011 0.04398   0.835 
0.38598  1.2404e+005  0.83454 0.83454 0.83454   0.00011 0.04421   0.835 
0.38698  1.2384e+005  0.83371 0.83371 0.83371   0.00011 0.04445   0.834 
0.38798  1.2364e+005  0.83288 0.83288 0.83288   0.00011 0.04469   0.833 
0.38898  1.2344e+005  0.83204 0.83204 0.83204   0.00012 0.04493   0.832 
0.38998  1.2324e+005  0.83121 0.83121 0.83121   0.00012 0.04517   0.831 
0.39098  1.2303e+005  0.83037 0.83037 0.83037   0.00012 0.04541   0.830 
0.39197  1.2283e+005  0.82954 0.82954 0.82954   0.00012 0.04565   0.830 
0.39297  1.2263e+005  0.82870 0.82870 0.82870   0.00012 0.04589   0.829 
0.39397  1.2243e+005  0.82786 0.82786 0.82786   0.00012 0.04613   0.828 
0.39497  1.2223e+005  0.82701 0.82701 0.82701   0.00012 0.04637   0.827 
0.39597  1.2202e+005  0.82617 0.82617 0.82617   0.00012 0.04662   0.826 
0.39697  1.2182e+005  0.82533 0.82533 0.82533   0.00012 0.04686   0.825 
0.39797  1.2162e+005  0.82448 0.82448 0.82448   0.00012 0.04711   0.824 
0.39897  1.2142e+005  0.82363 0.82363 0.82363   0.00012 0.04735   0.824 
0.39997  1.2122e+005  0.82278 0.82278 0.82278   0.00012 0.04760   0.823 
0.40097  1.2101e+005  0.82193 0.82193 0.82193   0.00012 0.04784   0.822 
0.40197  1.2081e+005  0.82108 0.82108 0.82108   0.00012 0.04809   0.821 
0.40297  1.2061e+005  0.82022 0.82022 0.82022   0.00012 0.04834   0.820 
0.40397  1.2041e+005  0.81937 0.81937 0.81937   0.00012 0.04859   0.819 
0.40497  1.2021e+005  0.81851 0.81851 0.81851   0.00012 0.04883   0.819 
0.40597  1.2e+005    0.81765 0.81765 0.81765   0.00012 0.04908   0.818 
0.40697  1.198e+005  0.81679 0.81679 0.81679   0.00012 0.04933   0.817 
0.40797  1.196e+005  0.81593 0.81593 0.81593   0.00012 0.04958   0.816 
0.40897  1.194e+005  0.81507 0.81507 0.81507   0.00012 0.04984   0.815 
0.40997  1.192e+005  0.81421 0.81421 0.81421   0.00012 0.05009   0.814 
0.41097  1.1899e+005  0.81334 0.81334 0.81334   0.00012 0.05034   0.813 
0.41197  1.1879e+005  0.81248 0.81248 0.81248   0.00012 0.05059   0.812 
0.41297  1.1859e+005  0.81161 0.81161 0.81161   0.00012 0.05085   0.812 
0.41397  1.1839e+005  0.81074 0.81074 0.81074   0.00012 0.05110   0.811 
0.41497  1.1819e+005  0.80987 0.80987 0.80987   0.00012 0.05136   0.810 
0.41597  1.1798e+005  0.80900 0.80900 0.80900   0.00012 0.05161   0.809 
0.41697  1.1778e+005  0.80812 0.80812 0.80812   0.00012 0.05187   0.808 
0.41797  1.1758e+005  0.80725 0.80725 0.80725   0.00012 0.05212   0.807 
0.41897  1.1738e+005  0.80638 0.80638 0.80638   0.00012 0.05238   0.806 
0.41997  1.1718e+005  0.80550 0.80550 0.80550   0.00013 0.05264   0.805 
0.42097  1.1697e+005  0.80462 0.80462 0.80462   0.00013 0.05290   0.805 
0.42197  1.1677e+005  0.80374 0.80374 0.80374   0.00013 0.05315   0.804 
0.42297  1.1657e+005  0.80286 0.80286 0.80286   0.00013 0.05341   0.803 
0.42397  1.1637e+005  0.80198 0.80198 0.80198   0.00013 0.05367   0.802 
0.42497  1.1617e+005  0.80110 0.80110 0.80110   0.00013 0.05393   0.801 
0.42597  1.1596e+005  0.80022 0.80022 0.80022   0.00013 0.05419   0.800 
0.42697  1.1576e+005  0.79934 0.79934 0.79934   0.00013 0.05445   0.799 
0.42797  1.1556e+005  0.79845 0.79845 0.79845   0.00013 0.05472   0.798 
0.42897  1.1536e+005  0.79756 0.79756 0.79756   0.00013 0.05498   0.798 
0.42997  1.1516e+005  0.79668 0.79668 0.79668   0.00013 0.05524   0.797 
0.43097  1.1495e+005  0.79579 0.79579 0.79579   0.00013 0.05551   0.796 
0.43197  1.1475e+005  0.79490 0.79490 0.79490   0.00013 0.05577   0.795 
0.43297  1.1455e+005  0.79401 0.79401 0.79401   0.00013 0.05603   0.794 
0.43397  1.1435e+005  0.79311 0.79311 0.79311   0.00013 0.05630   0.793 
0.43497  1.1415e+005  0.79222 0.79222 0.79222   0.00013 0.05657   0.792 
0.43597  1.1394e+005  0.79133 0.79133 0.79133   0.00013 0.05683   0.791 
0.43697  1.1374e+005  0.79043 0.79043 0.79043   0.00013 0.05710   0.790 
0.43797  1.1354e+005  0.78953 0.78953 0.78953   0.00013 0.05737   0.790 
0.43897  1.1334e+005  0.78863 0.78863 0.78863   0.00013 0.05764   0.789 
0.43997  1.1314e+005  0.78773 0.78773 0.78773   0.00013 0.05790   0.788 
0.44097  1.1293e+005  0.78683 0.78683 0.78683   0.00013 0.05817   0.787 
0.44197  1.1273e+005  0.78593 0.78593 0.78593   0.00013 0.05844   0.786 
0.44297  1.1253e+005  0.78503 0.78503 0.78503   0.00013 0.05871   0.785 
0.44397  1.1233e+005  0.78413 0.78413 0.78413   0.00013 0.05899   0.784 
0.44497  1.1213e+005  0.78322 0.78322 0.78322   0.00013 0.05926   0.783 
0.44597  1.1192e+005  0.78232 0.78232 0.78232   0.00013 0.05953   0.782 
0.44697  1.1172e+005  0.78141 0.78141 0.78141   0.00013 0.05980   0.781 
0.44797  1.1152e+005  0.78050 0.78050 0.78050   0.00013 0.06007   0.781 
0.44897  1.1132e+005  0.77959 0.77959 0.77959   0.00013 0.06035   0.780 
0.44997  1.1112e+005  0.77868 0.77868 0.77868   0.00013 0.06062   0.779 
0.45097  1.1091e+005  0.77777 0.77777 0.77777   0.00013 0.06090   0.778 
0.45197  1.1071e+005  0.77686 0.77686 0.77686   0.00014 0.06117   0.777 
0.45297  1.1051e+005  0.77594 0.77594 0.77594   0.00014 0.06145   0.776 
0.45397  1.1031e+005  0.77503 0.77503 0.77503   0.00014 0.06173   0.775 
0.45497  1.1011e+005  0.77411 0.77411 0.77411   0.00014 0.06200   0.774 
0.45597  1.099e+005  0.77319 0.77319 0.77319   0.00014 0.06228   0.773 
0.45697  1.097e+005  0.77227 0.77227 0.77227   0.00014 0.06256   0.772 
0.45797  1.095e+005  0.77135 0.77135 0.77135   0.00014 0.06284   0.771 
0.45897  1.093e+005  0.77043 0.77043 0.77043   0.00014 0.06312   0.770 
0.45997  1.091e+005  0.76951 0.76951 0.76951   0.00014 0.06340   0.770 
0.46097  1.0889e+005  0.76858 0.76858 0.76858   0.00014 0.06368   0.769 
0.46197  1.0869e+005  0.76765 0.76765 0.76765   0.00014 0.06397   0.768 
0.46297  1.0849e+005  0.76673 0.76673 0.76673   0.00014 0.06425   0.767 
0.46397  1.0829e+005  0.76580 0.76580 0.76580   0.00014 0.06453   0.766 
0.46497  1.0809e+005  0.76487 0.76487 0.76487   0.00014 0.06482   0.765 
0.46597  1.0788e+005  0.76393 0.76393 0.76393   0.00014 0.06510   0.764 
0.46697  1.0768e+005  0.76300 0.76300 0.76300   0.00014 0.06539   0.763 
0.46797  1.0748e+005  0.76206 0.76206 0.76206   0.00014 0.06568   0.762 
0.46897  1.0728e+005  0.76113 0.76113 0.76113   0.00014 0.06596   0.761 
0.46997  1.0708e+005  0.76019 0.76019 0.76019   0.00014 0.06625   0.760 
0.47097  1.0687e+005  0.75925 0.75925 0.75925   0.00014 0.06654   0.759 
0.47197  1.0667e+005  0.75831 0.75831 0.75831   0.00014 0.06683   0.758 
0.47297  1.0647e+005  0.75736 0.75736 0.75736   0.00014 0.06712   0.757 
0.47397  1.0627e+005  0.75642 0.75642 0.75642   0.00014 0.06741   0.756 
0.47497  1.0607e+005  0.75547 0.75547 0.75547   0.00014 0.06770   0.755 
0.47597  1.0586e+005  0.75453 0.75453 0.75453   0.00014 0.06799   0.755 
0.47697  1.0566e+005  0.75358 0.75358 0.75358   0.00014 0.06829   0.754 
0.47797  1.0546e+005  0.75263 0.75263 0.75263   0.00014 0.06858   0.753 
0.47897  1.0526e+005  0.75167 0.75167 0.75167   0.00014 0.06888   0.752 
0.47997  1.0506e+005  0.75072 0.75072 0.75072   0.00014 0.06917   0.751 
0.48097  1.0485e+005  0.74976 0.74976 0.74976   0.00014 0.06947   0.750 
0.48197  1.0465e+005  0.74880 0.74880 0.74880   0.00014 0.06977   0.749 
0.48297  1.0445e+005  0.74785 0.74785 0.74785   0.00014 0.07006   0.748 
0.48397  1.0425e+005  0.74688 0.74688 0.74688   0.00015 0.07036   0.747 
0.48497  1.0405e+005  0.74592 0.74592 0.74592   0.00015 0.07066   0.746 
0.48597  1.0384e+005  0.74496 0.74496 0.74496   0.00015 0.07096   0.745 
0.48697  1.0364e+005  0.74399 0.74399 0.74399   0.00015 0.07126   0.744 
0.48797  1.0344e+005  0.74302 0.74302 0.74302   0.00015 0.07157   0.743 
0.48897  1.0324e+005  0.74206 0.74206 0.74206   0.00015 0.07187   0.742 
0.48997  1.0304e+005  0.74108 0.74108 0.74108   0.00015 0.07217   0.741 
0.49097  1.0283e+005  0.74011 0.74011 0.74011   0.00015 0.07248   0.740 
0.49197  1.0263e+005  0.73914 0.73914 0.73914   0.00015 0.07278   0.739 
0.49297  1.0243e+005  0.73816 0.73816 0.73816   0.00015 0.07309   0.738 
0.49397  1.0223e+005  0.73718 0.73718 0.73718   0.00015 0.07340   0.737 
0.49497  1.0203e+005  0.73621 0.73621 0.73621   0.00015 0.07370   0.736 
0.49597  1.0182e+005  0.73522 0.73522 0.73522   0.00015 0.07401   0.735 
0.49697  1.0162e+005  0.73424 0.73424 0.73424   0.00015 0.07432   0.734 
0.49797  1.0142e+005  0.73326 0.73326 0.73326   0.00015 0.07463   0.733 
0.49897  1.0122e+005  0.73227 0.73227 0.73227   0.00015 0.07494   0.732 
0.49997  1.0102e+005  0.73128 0.73128 0.73128   0.00015 0.07526   0.731 
0.50097  1.0081e+005  0.73029 0.73029 0.73029   0.00015 0.07557   0.730 
0.50197  1.0061e+005  0.72930 0.72930 0.72930   0.00015 0.07588   0.729 
0.50297  1.0041e+005  0.72831 0.72831 0.72831   0.00015 0.07620   0.728 
0.50397  1.0021e+005  0.72732 0.72732 0.72732   0.00015 0.07651   0.727 
0.50496  1.0001e+005  0.72632 0.72632 0.72632   0.00015 0.07683   0.726 
0.50596  99804       0.72532 0.72532 0.72532   0.00015 0.07715   0.725 
0.50696  99602       0.72432 0.72432 0.72432   0.00015 0.07746   0.724 
0.50796  99400       0.72332 0.72332 0.72332   0.00015 0.07778   0.723 
0.50896  99198       0.72232 0.72232 0.72232   0.00015 0.07810   0.722 
0.50996  98996       0.72131 0.72131 0.72131   0.00015 0.07842   0.721 
0.51096  98794       0.72031 0.72031 0.72031   0.00015 0.07875   0.720 
0.51196  98592       0.71930 0.71930 0.71930   0.00015 0.07907   0.719 
0.51296  98390       0.71829 0.71829 0.71829   0.00015 0.07939   0.718 
0.51396  98188       0.71728 0.71728 0.71728   0.00015 0.07972   0.717 
0.51496  97986       0.71626 0.71626 0.71626   0.00016 0.08004   0.716 
0.51596  97784       0.71525 0.71525 0.71525   0.00016 0.08037   0.715 
0.51696  97582       0.71423 0.71423 0.71423   0.00016 0.08069   0.714 
0.51796  97380       0.71321 0.71321 0.71321   0.00016 0.08102   0.713 
0.51896  97178       0.71219 0.71219 0.71219   0.00016 0.08135   0.712 
0.51996  96976       0.71117 0.71117 0.71117   0.00016 0.08168   0.711 
0.52096  96774       0.71015 0.71015 0.71015   0.00016 0.08201   0.710 
0.52196  96572       0.70912 0.70912 0.70912   0.00016 0.08234   0.709 
0.52296  96370       0.70810 0.70810 0.70810   0.00016 0.08268   0.708 
0.52396  96168       0.70707 0.70707 0.70707   0.00016 0.08301   0.707 
0.52496  95966       0.70604 0.70604 0.70604   0.00016 0.08334   0.706 
0.52596  95764       0.70501 0.70501 0.70501   0.00016 0.08368   0.705 
0.52696  95562       0.70397 0.70397 0.70397   0.00016 0.08401   0.704 
0.52796  95360       0.70294 0.70294 0.70294   0.00016 0.08435   0.703 
0.52896  95158       0.70190 0.70190 0.70190   0.00016 0.08469   0.702 
0.52996  94956       0.70086 0.70086 0.70086   0.00016 0.08503   0.701 
0.53096  94754       0.69982 0.69982 0.69982   0.00016 0.08537   0.700 
0.53196  94552       0.69878 0.69878 0.69878   0.00016 0.08571   0.699 
0.53296  94350       0.69773 0.69773 0.69773   0.00016 0.08605   0.698 
0.53396  94148       0.69669 0.69669 0.69669   0.00016 0.08639   0.697 
0.53496  93946       0.69564 0.69564 0.69564   0.00016 0.08674   0.696 
0.53596  93744       0.69459 0.69459 0.69459   0.00016 0.08708   0.695 
0.53696  93542       0.69354 0.69354 0.69354   0.00016 0.08743   0.694 
0.53796  93340       0.69249 0.69249 0.69249   0.00016 0.08777   0.692 
0.53896  93138       0.69144 0.69144 0.69144   0.00016 0.08812   0.691 
0.53996  92936       0.69038 0.69038 0.69038   0.00016 0.08847   0.690 
0.54096  92734       0.68933 0.68933 0.68933   0.00016 0.08882   0.689 
0.54196  92532       0.68827 0.68827 0.68827   0.00016 0.08917   0.688 
0.54296  92330       0.68721 0.68721 0.68721   0.00016 0.08952   0.687 
0.54396  92128       0.68615 0.68615 0.68615   0.00016 0.08987   0.686 
0.54496  91926       0.68508 0.68508 0.68508   0.00017 0.09022   0.685 
0.54596  91724       0.68402 0.68402 0.68402   0.00017 0.09058   0.684 
0.54696  91522       0.68295 0.68295 0.68295   0.00017 0.09093   0.683 
0.54796  91320       0.68188 0.68188 0.68188   0.00017 0.09129   0.682 
0.54896  91118       0.68081 0.68081 0.68081   0.00017 0.09164   0.681 
0.54996  90916       0.67974 0.67974 0.67974   0.00017 0.09200   0.680 
0.55096  90714       0.67867 0.67867 0.67867   0.00017 0.09236   0.679 
0.55196  90512       0.67759 0.67759 0.67759   0.00017 0.09272   0.678 
0.55296  90310       0.67652 0.67652 0.67652   0.00017 0.09308   0.677 
0.55396  90108       0.67544 0.67544 0.67544   0.00017 0.09344   0.675 
0.55496  89906       0.67436 0.67436 0.67436   0.00017 0.09380   0.674 
0.55596  89704       0.67328 0.67328 0.67328   0.00017 0.09417   0.673 
0.55696  89502       0.67220 0.67220 0.67220   0.00017 0.09453   0.672 
0.55796  89300       0.67111 0.67111 0.67111   0.00017 0.09490   0.671 
0.55896  89098       0.67003 0.67003 0.67003   0.00017 0.09526   0.670 
0.55996  88896       0.66894 0.66894 0.66894   0.00017 0.09563   0.669 
0.56096  88694       0.66785 0.66785 0.66785   0.00017 0.09600   0.668 
0.56196  88492       0.66676 0.66676 0.66676   0.00017 0.09637   0.667 
0.56296  88290       0.66567 0.66567 0.66567   0.00017 0.09674   0.666 
0.56396  88088       0.66458 0.66458 0.66458   0.00017 0.09711   0.665 
0.56496  87886       0.66348 0.66348 0.66348   0.00017 0.09748   0.663 
0.56596  87684       0.66238 0.66238 0.66238   0.00017 0.09785   0.662 
0.56696  87482       0.66129 0.66129 0.66129   0.00017 0.09823   0.661 
0.56796  87280       0.66019 0.66019 0.66019   0.00017 0.09860   0.660 
0.56896  87078       0.65908 0.65908 0.65908   0.00017 0.09898   0.659 
0.56996  86876       0.65798 0.65798 0.65798   0.00017 0.09936   0.658 
0.57096  86674       0.65688 0.65688 0.65688   0.00017 0.09973   0.657 
0.57196  86472       0.65577 0.65577 0.65577   0.00017 0.10011   0.656 
0.57296  86270       0.65466 0.65466 0.65466   0.00018 0.10049   0.655 
0.57396  86068       0.65356 0.65356 0.65356   0.00018 0.10087   0.654 
0.57496  85866       0.65245 0.65245 0.65245   0.00018 0.10126   0.652 
0.57596  85664       0.65133 0.65133 0.65133   0.00018 0.10164   0.651 
0.57696  85462       0.65022 0.65022 0.65022   0.00018 0.10202   0.650 
0.57796  85260       0.64911 0.64911 0.64911   0.00018 0.10241   0.649 
0.57896  85058       0.64799 0.64799 0.64799   0.00018 0.10279   0.648 
0.57996  84856       0.64687 0.64687 0.64687   0.00018 0.10318   0.647 
0.58096  84654       0.64575 0.64575 0.64575   0.00018 0.10357   0.646 
0.58196  84452       0.64463 0.64463 0.64463   0.00018 0.10396   0.645 
0.58296  84250       0.64351 0.64351 0.64351   0.00018 0.10435   0.644 
0.58396  84048       0.64239 0.64239 0.64239   0.00018 0.10474   0.642 
0.58496  83846       0.64126 0.64126 0.64126   0.00018 0.10513   0.641 
0.58596  83644       0.64013 0.64013 0.64013   0.00018 0.10553   0.640 
0.58696  83442       0.63900 0.63900 0.63900   0.00018 0.10592   0.639 
0.58796  83240       0.63787 0.63787 0.63787   0.00018 0.10632   0.638 
0.58896  83038       0.63674 0.63674 0.63674   0.00018 0.10671   0.637 
0.58996  82836       0.63561 0.63561 0.63561   0.00018 0.10711   0.636 
0.59096  82634       0.63447 0.63447 0.63447   0.00018 0.10751   0.634 
0.59196  82432       0.63333 0.63333 0.63333   0.00018 0.10791   0.633 
0.59296  82230       0.63220 0.63220 0.63220   0.00018 0.10831   0.632 
0.59396  82028       0.63106 0.63106 0.63106   0.00018 0.10871   0.631 
0.59496  81826       0.62991 0.62991 0.62991   0.00018 0.10912   0.630 
0.59596  81624       0.62877 0.62877 0.62877   0.00018 0.10952   0.629 
0.59696  81422       0.62762 0.62762 0.62762   0.00018 0.10993   0.628 
0.59796  81220       0.62648 0.62648 0.62648   0.00018 0.11034   0.626 
0.59896  81018       0.62533 0.62533 0.62533   0.00018 0.11074   0.625 
0.59996  80816       0.62418 0.62418 0.62418   0.00018 0.11115   0.624 
0.60096  80614       0.62303 0.62303 0.62303   0.00019 0.11156   0.623 
0.60196  80412       0.62187 0.62187 0.62187   0.00019 0.11197   0.622 
0.60296  80210       0.62072 0.62072 0.62072   0.00019 0.11239   0.621 
0.60396  80008       0.61956 0.61956 0.61956   0.00019 0.11280   0.620 
0.60496  79806       0.61841 0.61841 0.61841   0.00019 0.11321   0.618 
0.60596  79604       0.61725 0.61725 0.61725   0.00019 0.11363   0.617 
0.60696  79402       0.61609 0.61609 0.61609   0.00019 0.11405   0.616 
0.60796  79200       0.61492 0.61492 0.61492   0.00019 0.11447   0.615 
0.60896  78998       0.61376 0.61376 0.61376   0.00019 0.11489   0.614 
0.60996  78796       0.61259 0.61259 0.61259   0.00019 0.11531   0.613 
0.61096  78594       0.61143 0.61143 0.61143   0.00019 0.11573   0.611 
0.61196  78392       0.61026 0.61026 0.61026   0.00019 0.11615   0.610 
0.61296  78190       0.60909 0.60909 0.60909   0.00019 0.11658   0.609 
0.61396  77988       0.60791 0.60791 0.60791   0.00019 0.11700   0.608 
0.61496  77786       0.60674 0.60674 0.60674   0.00019 0.11743   0.607 
0.61595  77584       0.60556 0.60556 0.60556   0.00019 0.11786   0.606 
0.61695  77382       0.60439 0.60439 0.60439   0.00019 0.11828   0.604 
0.61795  77180       0.60321 0.60321 0.60321   0.00019 0.11872   0.603 
0.61895  76978       0.60202 0.60202 0.60202   0.00019 0.11915   0.602 
0.61995  76776       0.60084 0.60084 0.60084   0.00019 0.11958   0.601 
0.62095  76574       0.59966 0.59966 0.59966   0.00019 0.12001   0.600 
0.62195  76372       0.59847 0.59847 0.59847   0.00019 0.12045   0.598 
0.62295  76170       0.59729 0.59729 0.59729   0.00019 0.12089   0.597 
0.62395  75968       0.59610 0.59610 0.59610   0.00019 0.12132   0.596 
0.62495  75766       0.59491 0.59491 0.59491   0.00019 0.12176   0.595 
0.62595  75564       0.59372 0.59372 0.59372   0.00019 0.12220   0.594 
0.62695  75362       0.59253 0.59253 0.59253   0.00020 0.12264   0.593 
0.62795  75160       0.59133 0.59133 0.59133   0.00020 0.12308   0.591 
0.62895  74958       0.59014 0.59014 0.59014   0.00020 0.12353   0.590 
0.62995  74756       0.58894 0.58894 0.58894   0.00020 0.12397   0.589 
0.63095  74554       0.58774 0.58774 0.58774   0.00020 0.12442   0.588 
0.63195  74352       0.58654 0.58654 0.58654   0.00020 0.12487   0.587 
0.63295  74150       0.58534 0.58534 0.58534   0.00020 0.12532   0.585 
0.63395  73948       0.58413 0.58413 0.58413   0.00020 0.12577   0.584 
0.63495  73746       0.58293 0.58293 0.58293   0.00020 0.12622   0.583 
0.63595  73544       0.58172 0.58172 0.58172   0.00020 0.12667   0.582 
0.63695  73342       0.58051 0.58051 0.58051   0.00020 0.12712   0.581 
0.63795  73140       0.57930 0.57930 0.57930   0.00020 0.12758   0.579 
0.63895  72938       0.57809 0.57809 0.57809   0.00020 0.12804   0.578 
0.63995  72736       0.57687 0.57687 0.57687   0.00020 0.12849   0.577 
0.64095  72534       0.57566 0.57566 0.57566   0.00020 0.12895   0.576 
0.64195  72332       0.57444 0.57444 0.57444   0.00020 0.12942   0.574 
0.64295  72130       0.57322 0.57322 0.57322   0.00020 0.12988   0.573 
0.64395  71928       0.57200 0.57200 0.57200   0.00020 0.13034   0.572 
0.64495  71726       0.57077 0.57077 0.57077   0.00020 0.13081   0.571 
0.64595  71524       0.56955 0.56955 0.56955   0.00020 0.13128   0.570 
0.64695  71322       0.56832 0.56832 0.56832   0.00020 0.13174   0.568 
0.64795  71120       0.56709 0.56709 0.56709   0.00020 0.13221   0.567 
0.64895  70918       0.56586 0.56586 0.56586   0.00020 0.13269   0.566 
0.64995  70716       0.56462 0.56462 0.56462   0.00020 0.13316   0.565 
0.65095  70514       0.56339 0.56339 0.56339   0.00020 0.13363   0.563 
0.65195  70312       0.56215 0.56215 0.56215   0.00021 0.13411   0.562 
0.65295  70110       0.56091 0.56091 0.56091   0.00021 0.13459   0.561 
0.65395  69908       0.55966 0.55966 0.55966   0.00021 0.13507   0.560 
0.65495  69706       0.55842 0.55842 0.55842   0.00021 0.13555   0.558 
0.65595  69504       0.55717 0.55717 0.55717   0.00021 0.13603   0.557 
0.65695  69302       0.55592 0.55592 0.55592   0.00021 0.13652   0.556 
0.65795  69100       0.55466 0.55466 0.55466   0.00021 0.13701   0.555 
0.65895  68898       0.55341 0.55341 0.55341   0.00021 0.13750   0.553 
0.65995  68696       0.55215 0.55215 0.55215   0.00021 0.13799   0.552 
0.66095  68494       0.55089 0.55089 0.55089   0.00021 0.13848   0.551 
0.66195  68292       0.54963 0.54963 0.54963   0.00021 0.13897   0.550 
0.66295  68090       0.54836 0.54836 0.54836   0.00021 0.13947   0.548 
0.66395  67888       0.54709 0.54709 0.54709   0.00021 0.13997   0.547 
0.66495  67686       0.54582 0.54582 0.54582   0.00021 0.14047   0.546 
0.66595  67484       0.54455 0.54455 0.54455   0.00021 0.14097   0.545 
0.66695  67282       0.54327 0.54327 0.54327   0.00021 0.14147   0.543 
0.66795  67080       0.54199 0.54199 0.54199   0.00021 0.14198   0.542 
0.66895  66878       0.54071 0.54071 0.54071   0.00021 0.14248   0.541 
0.66995  66676       0.53943 0.53943 0.53943   0.00021 0.14299   0.539 
0.67095  66474       0.53815 0.53815 0.53815   0.00021 0.14350   0.538 
0.67195  66272       0.53686 0.53686 0.53686   0.00021 0.14402   0.537 
0.67295  66070       0.53557 0.53557 0.53557   0.00021 0.14453   0.536 
0.67395  65868       0.53427 0.53427 0.53427   0.00021 0.14505   0.534 
0.67495  65666       0.53298 0.53298 0.53298   0.00022 0.14557   0.533 
0.67595  65464       0.53168 0.53168 0.53168   0.00022 0.14609   0.532 
0.67695  65262       0.53038 0.53038 0.53038   0.00022 0.14661   0.530 
0.67795  65060       0.52908 0.52908 0.52908   0.00022 0.14713   0.529 
0.67895  64858       0.52777 0.52777 0.52777   0.00022 0.14766   0.528 
0.67995  64656       0.52647 0.52647 0.52647   0.00022 0.14819   0.526 
0.68095  64454       0.52516 0.52516 0.52516   0.00022 0.14872   0.525 
0.68195  64252       0.52385 0.52385 0.52385   0.00022 0.14925   0.524 
0.68295  64050       0.52253 0.52253 0.52253   0.00022 0.14979   0.523 
0.68395  63848       0.52121 0.52121 0.52121   0.00022 0.15032   0.521 
0.68495  63646       0.51989 0.51989 0.51989   0.00022 0.15086   0.520 
0.68595  63444       0.51857 0.51857 0.51857   0.00022 0.15140   0.519 
0.68695  63242       0.51725 0.51725 0.51725   0.00022 0.15194   0.517 
0.68795  63040       0.51592 0.51592 0.51592   0.00022 0.15249   0.516 
0.68895  62838       0.51459 0.51459 0.51459   0.00022 0.15303   0.515 
0.68995  62636       0.51326 0.51326 0.51326   0.00022 0.15358   0.513 
0.69095  62434       0.51193 0.51193 0.51193   0.00022 0.15413   0.512 
0.69195  62232       0.51059 0.51059 0.51059   0.00022 0.15469   0.511 
0.69295  62030       0.50925 0.50925 0.50925   0.00022 0.15524   0.509 
0.69395  61828       0.50791 0.50791 0.50791   0.00022 0.15580   0.508 
0.69495  61626       0.50657 0.50657 0.50657   0.00022 0.15636   0.507 
0.69595  61424       0.50522 0.50522 0.50522   0.00023 0.15692   0.505 
0.69695  61222       0.50388 0.50388 0.50388   0.00023 0.15748   0.504 
0.69795  61020       0.50252 0.50252 0.50252   0.00023 0.15804   0.503 
0.69895  60818       0.50117 0.50117 0.50117   0.00023 0.15861   0.501 
0.69995  60616       0.49982 0.49982 0.49982   0.00023 0.15918   0.500 
0.70095  60414       0.49846 0.49846 0.49846   0.00023 0.15975   0.498 
0.70195  60212       0.49710 0.49710 0.49710   0.00023 0.16033   0.497 
0.70295  60010       0.49574 0.49574 0.49574   0.00023 0.16090   0.496 
0.70395  59808       0.49437 0.49437 0.49437   0.00023 0.16148   0.494 
0.70495  59606       0.49301 0.49301 0.49301   0.00023 0.16206   0.493 
0.70595  59404       0.49164 0.49164 0.49164   0.00023 0.16264   0.492 
0.70695  59202       0.49027 0.49027 0.49027   0.00023 0.16323   0.490 
0.70795  59000       0.48889 0.48889 0.48889   0.00023 0.16381   0.489 
0.70895  58798       0.48752 0.48752 0.48752   0.00023 0.16440   0.488 
0.70995  58596       0.48614 0.48614 0.48614   0.00023 0.16499   0.486 
0.71095  58394       0.48476 0.48476 0.48476   0.00023 0.16559   0.485 
0.71195  58192       0.48337 0.48337 0.48337   0.00023 0.16618   0.483 
0.71295  57990       0.48199 0.48199 0.48199   0.00023 0.16678   0.482 
0.71395  57788       0.48060 0.48060 0.48060   0.00023 0.16738   0.481 
0.71495  57586       0.47921 0.47921 0.47921   0.00023 0.16798   0.479 
0.71595  57384       0.47782 0.47782 0.47782   0.00024 0.16859   0.478 
0.71695  57182       0.47642 0.47642 0.47642   0.00024 0.16920   0.476 
0.71795  56980       0.47503 0.47503 0.47503   0.00024 0.16981   0.475 
0.71895  56778       0.47363 0.47363 0.47363   0.00024 0.17042   0.474 
0.71995  56576       0.47223 0.47223 0.47223   0.00024 0.17103   0.472 
0.72095  56374       0.47082 0.47082 0.47082   0.00024 0.17165   0.471 
0.72195  56172       0.46942 0.46942 0.46942   0.00024 0.17227   0.469 
0.72295  55970       0.46801 0.46801 0.46801   0.00024 0.17289   0.468 
0.72395  55768       0.46660 0.46660 0.46660   0.00024 0.17351   0.467 
0.72495  55566       0.46519 0.46519 0.46519   0.00024 0.17414   0.465 
0.72595  55364       0.46377 0.46377 0.46377   0.00024 0.17477   0.464 
0.72695  55162       0.46235 0.46235 0.46235   0.00024 0.17540   0.462 
0.72795  54960       0.46093 0.46093 0.46093   0.00024 0.17603   0.461 
0.72894  54758       0.45951 0.45951 0.45951   0.00024 0.17667   0.460 
0.72994  54556       0.45809 0.45809 0.45809   0.00024 0.17731   0.458 
0.73094  54354       0.45666 0.45666 0.45666   0.00024 0.17795   0.457 
0.73194  54152       0.45523 0.45523 0.45523   0.00024 0.17859   0.455 
0.73294  53950       0.45380 0.45380 0.45380   0.00024 0.17924   0.454 
0.73394  53748       0.45237 0.45237 0.45237   0.00024 0.17989   0.452 
0.73494  53546       0.45094 0.45094 0.45094   0.00025 0.18054   0.451 
0.73594  53344       0.44950 0.44950 0.44950   0.00025 0.18119   0.449 
0.73694  53142       0.44806 0.44806 0.44806   0.00025 0.18185   0.448 
0.73794  52940       0.44662 0.44662 0.44662   0.00025 0.18251   0.447 
0.73894  52738       0.44517 0.44517 0.44517   0.00025 0.18317   0.445 
0.73994  52536       0.44373 0.44373 0.44373   0.00025 0.18383   0.444 
0.74094  52334       0.44228 0.44228 0.44228   0.00025 0.18450   0.442 
0.74194  52132       0.44083 0.44083 0.44083   0.00025 0.18517   0.441 
0.74294  51930       0.43938 0.43938 0.43938   0.00025 0.18584   0.439 
0.74394  51728       0.43792 0.43792 0.43792   0.00025 0.18651   0.438 
0.74494  51526       0.43647 0.43647 0.43647   0.00025 0.18719   0.436 
0.74594  51324       0.43501 0.43501 0.43501   0.00025 0.18787   0.435 
0.74694  51122       0.43355 0.43355 0.43355   0.00025 0.18855   0.434 
0.74794  50920       0.43209 0.43209 0.43209   0.00025 0.18924   0.432 
0.74894  50718       0.43062 0.43062 0.43062   0.00025 0.18993   0.431 
0.74994  50516       0.42915 0.42915 0.42915   0.00025 0.19062   0.429 
0.75094  50314       0.42768 0.42768 0.42768   0.00025 0.19131   0.428 
0.75194  50112       0.42621 0.42621 0.42621   0.00025 0.19201   0.426 
0.75294  49910       0.42474 0.42474 0.42474   0.00026 0.19271   0.425 
0.75394  49708       0.42326 0.42326 0.42326   0.00026 0.19341   0.423 
0.75494  49506       0.42179 0.42179 0.42179   0.00026 0.19411   0.422 
0.75594  49304       0.42031 0.42031 0.42031   0.00026 0.19482   0.420 
0.75694  49102       0.41883 0.41883 0.41883   0.00026 0.19553   0.419 
0.75794  48900       0.41734 0.41734 0.41734   0.00026 0.19625   0.417 
0.75894  48698       0.41586 0.41586 0.41586   0.00026 0.19696   0.416 
0.75994  48496       0.41437 0.41437 0.41437   0.00026 0.19768   0.414 
0.76094  48294       0.41288 0.41288 0.41288   0.00026 0.19840   0.413 
0.76194  48092       0.41139 0.41139 0.41139   0.00026 0.19913   0.411 
0.76294  47890       0.40990 0.40990 0.40990   0.00026 0.19986   0.410 
0.76394  47688       0.40840 0.40840 0.40840   0.00026 0.20059   0.408 
0.76494  47486       0.40691 0.40691 0.40691   0.00026 0.20132   0.407 
0.76594  47284       0.40541 0.40541 0.40541   0.00026 0.20206   0.405 
0.76694  47082       0.40391 0.40391 0.40391   0.00026 0.20279   0.404 
0.76794  46880       0.40240 0.40240 0.40240   0.00026 0.20354   0.402 
0.76894  46678       0.40090 0.40090 0.40090   0.00027 0.20428   0.401 
0.76994  46476       0.39939 0.39939 0.39939   0.00027 0.20503   0.399 
0.77094  46274       0.39789 0.39789 0.39789   0.00027 0.20578   0.398 
0.77194  46072       0.39638 0.39638 0.39638   0.00027 0.20654   0.396 
0.77294  45870       0.39486 0.39486 0.39486   0.00027 0.20729   0.395 
0.77394  45668       0.39335 0.39335 0.39335   0.00027 0.20805   0.393 
0.77494  45466       0.39184 0.39184 0.39184   0.00027 0.20882   0.392 
0.77594  45264       0.39032 0.39032 0.39032   0.00027 0.20959   0.390 
0.77694  45062       0.38880 0.38880 0.38880   0.00027 0.21036   0.389 
0.77794  44860       0.38728 0.38728 0.38728   0.00027 0.21113   0.387 
0.77894  44658       0.38576 0.38576 0.38576   0.00027 0.21190   0.386 
0.77994  44456       0.38423 0.38423 0.38423   0.00027 0.21268   0.384 
0.78094  44254       0.38271 0.38271 0.38271   0.00027 0.21347   0.383 
0.78194  44052       0.38118 0.38118 0.38118   0.00027 0.21425   0.381 
0.78294  43850       0.37965 0.37965 0.37965   0.00027 0.21504   0.380 
0.78394  43648       0.37812 0.37812 0.37812   0.00027 0.21584   0.378 
0.78494  43446       0.37659 0.37659 0.37659   0.00028 0.21663   0.377 
0.78594  43244       0.37505 0.37505 0.37505   0.00028 0.21743   0.375 
0.78694  43042       0.37351 0.37351 0.37351   0.00028 0.21823   0.374 
0.78794  42840       0.37197 0.37197 0.37197   0.00028 0.21904   0.372 
0.78894  42638       0.37043 0.37043 0.37043   0.00028 0.21985   0.370 
0.78994  42436       0.36889 0.36889 0.36889   0.00028 0.22066   0.369 
0.79094  42234       0.36735 0.36735 0.36735   0.00028 0.22148   0.367 
0.79194  42032       0.36580 0.36580 0.36580   0.00028 0.22230   0.366 
0.79294  41830       0.36426 0.36426 0.36426   0.00028 0.22312   0.364 
0.79394  41628       0.36271 0.36271 0.36271   0.00028 0.22395   0.363 
0.79494  41426       0.36116 0.36116 0.36116   0.00028 0.22478   0.361 
0.79594  41224       0.35961 0.35961 0.35961   0.00028 0.22562   0.360 
0.79694  41022       0.35805 0.35805 0.35805   0.00028 0.22645   0.358 
0.79794  40820       0.35650 0.35650 0.35650   0.00028 0.22729   0.356 
0.79894  40618       0.35494 0.35494 0.35494   0.00029 0.22814   0.355 
0.79994  40416       0.35338 0.35338 0.35338   0.00029 0.22899   0.353 
0.80094  40214       0.35182 0.35182 0.35182   0.00029 0.22984   0.352 
0.80194  40012       0.35026 0.35026 0.35026   0.00029 0.23069   0.350 
0.80294  39810       0.34870 0.34870 0.34870   0.00029 0.23155   0.349 
0.80394  39608       0.34714 0.34714 0.34714   0.00029 0.23242   0.347 
0.80494  39406       0.34557 0.34557 0.34557   0.00029 0.23329   0.346 
0.80594  39204       0.34400 0.34400 0.34400   0.00029 0.23416   0.344 
0.80694  39002       0.34243 0.34243 0.34243   0.00029 0.23503   0.342 
0.80794  38800       0.34086 0.34086 0.34086   0.00029 0.23591   0.341 
0.80894  38598       0.33929 0.33929 0.33929   0.00029 0.23679   0.339 
0.80994  38396       0.33771 0.33771 0.33771   0.00029 0.23768   0.338 
0.81094  38194       0.33613 0.33613 0.33613   0.00029 0.23857   0.336 
0.81194  37992       0.33455 0.33455 0.33455   0.00029 0.23947   0.335 
0.81294  37790       0.33297 0.33297 0.33297   0.00030 0.24037   0.333 
0.81394  37588       0.33139 0.33139 0.33139   0.00030 0.24127   0.331 
0.81494  37386       0.32980 0.32980 0.32980   0.00030 0.24218   0.330 
0.81594  37184       0.32822 0.32822 0.32822   0.00030 0.24310   0.328 
0.81694  36982       0.32663 0.32663 0.32663   0.00030 0.24401   0.327 
0.81794  36780       0.32504 0.32504 0.32504   0.00030 0.24494   0.325 
0.81894  36578       0.32344 0.32344 0.32344   0.00030 0.24586   0.323 
0.81994  36376       0.32185 0.32185 0.32185   0.00030 0.24680   0.322 
0.82094  36174       0.32025 0.32025 0.32025   0.00030 0.24773   0.320 
0.82194  35972       0.31865 0.31865 0.31865   0.00030 0.24867   0.319 
0.82294  35770       0.31705 0.31705 0.31705   0.00030 0.24962   0.317 
0.82394  35568       0.31544 0.31544 0.31544   0.00030 0.25057   0.315 
0.82494  35366       0.31384 0.31384 0.31384   0.00030 0.25153   0.314 
0.82594  35164       0.31223 0.31223 0.31223   0.00031 0.25249   0.312 
0.82694  34962       0.31062 0.31062 0.31062   0.00031 0.25345   0.311 
0.82794  34760       0.30901 0.30901 0.30901   0.00031 0.25442   0.309 
0.82894  34558       0.30739 0.30739 0.30739   0.00031 0.25540   0.307 
0.82994  34356       0.30577 0.30577 0.30577   0.00031 0.25638   0.306 
0.83094  34154       0.30415 0.30415 0.30415   0.00031 0.25737   0.304 
0.83194  33952       0.30253 0.30253 0.30253   0.00031 0.25836   0.303 
0.83294  33750       0.30091 0.30091 0.30091   0.00031 0.25936   0.301 
0.83394  33548       0.29928 0.29928 0.29928   0.00031 0.26036   0.299 
0.83494  33346       0.29765 0.29765 0.29765   0.00031 0.26137   0.298 
0.83594  33144       0.29602 0.29602 0.29602   0.00031 0.26238   0.296 
0.83694  32942       0.29439 0.29439 0.29439   0.00031 0.26340   0.294 
0.83794  32740       0.29275 0.29275 0.29275   0.00032 0.26443   0.293 
0.83894  32538       0.29111 0.29111 0.29111   0.00032 0.26546   0.291 
0.83994  32336       0.28947 0.28947 0.28947   0.00032 0.26650   0.289 
0.84093  32134       0.28783 0.28783 0.28783   0.00032 0.26754   0.288 
0.84193  31932       0.28619 0.28619 0.28619   0.00032 0.26859   0.286 
0.84293  31730       0.28454 0.28454 0.28454   0.00032 0.26964   0.285 
0.84393  31528       0.28289 0.28289 0.28289   0.00032 0.27070   0.283 
0.84493  31326       0.28124 0.28124 0.28124   0.00032 0.27177   0.281 
0.84593  31124       0.27958 0.27958 0.27958   0.00032 0.27285   0.280 
0.84693  30922       0.27792 0.27792 0.27792   0.00032 0.27393   0.278 
0.84793  30720       0.27626 0.27626 0.27626   0.00032 0.27501   0.276 
0.84893  30518       0.27460 0.27460 0.27460   0.00032 0.27610   0.275 
0.84993  30316       0.27294 0.27294 0.27294   0.00033 0.27720   0.273 
0.85093  30114       0.27127 0.27127 0.27127   0.00033 0.27831   0.271 
0.85193  29912       0.26960 0.26960 0.26960   0.00033 0.27942   0.270 
0.85293  29710       0.26793 0.26793 0.26793   0.00033 0.28054   0.268 
0.85393  29508       0.26626 0.26626 0.26626   0.00033 0.28167   0.266 
0.85493  29306       0.26458 0.26458 0.26458   0.00033 0.28280   0.265 
0.85593  29104       0.26291 0.26291 0.26291   0.00033 0.28394   0.263 
0.85693  28902       0.26123 0.26123 0.26123   0.00033 0.28509   0.261 
0.85793  28700       0.25954 0.25954 0.25954   0.00033 0.28624   0.260 
0.85893  28498       0.25786 0.25786 0.25786   0.00033 0.28740   0.258 
0.85993  28296       0.25617 0.25617 0.25617   0.00034 0.28857   0.256 
0.86093  28094       0.25448 0.25448 0.25448   0.00034 0.28975   0.254 
0.86193  27892       0.25279 0.25279 0.25279   0.00034 0.29093   0.253 
0.86293  27690       0.25110 0.25110 0.25110   0.00034 0.29212   0.251 
0.86393  27488       0.24940 0.24940 0.24940   0.00034 0.29332   0.249 
0.86493  27286       0.24770 0.24770 0.24770   0.00034 0.29452   0.248 
0.86593  27084       0.24600 0.24600 0.24600   0.00034 0.29574   0.246 
0.86693  26882       0.24430 0.24430 0.24430   0.00034 0.29696   0.244 
0.86793  26680       0.24259 0.24259 0.24259   0.00034 0.29819   0.243 
0.86893  26478       0.24089 0.24089 0.24089   0.00034 0.29943   0.241 
0.86993  26276       0.23918 0.23918 0.23918   0.00035 0.30067   0.239 
0.87093  26074       0.23746 0.23746 0.23746   0.00035 0.30193   0.237 
0.87193  25872       0.23575 0.23575 0.23575   0.00035 0.30319   0.236 
0.87293  25670       0.23403 0.23403 0.23403   0.00035 0.30446   0.234 
0.87393  25468       0.23232 0.23232 0.23232   0.00035 0.30574   0.232 
0.87493  25266       0.23060 0.23060 0.23060   0.00035 0.30703   0.231 
0.87593  25064       0.22887 0.22887 0.22887   0.00035 0.30833   0.229 
0.87693  24862       0.22715 0.22715 0.22715   0.00035 0.30964   0.227 
0.87793  24660       0.22542 0.22542 0.22542   0.00035 0.31095   0.225 
0.87893  24458       0.22369 0.22369 0.22369   0.00035 0.31228   0.224 
0.87993  24256       0.22196 0.22196 0.22196   0.00036 0.31361   0.222 
0.88093  24054       0.22023 0.22023 0.22023   0.00036 0.31496   0.220 
0.88193  23852       0.21849 0.21849 0.21849   0.00036 0.31631   0.218 
0.88293  23650       0.21675 0.21675 0.21675   0.00036 0.31767   0.217 
0.88393  23448       0.21502 0.21502 0.21502   0.00036 0.31905   0.215 
0.88493  23246       0.21327 0.21327 0.21327   0.00036 0.32043   0.213 
0.88593  23044       0.21153 0.21153 0.21153   0.00036 0.32182   0.212 
0.88693  22842       0.20978 0.20978 0.20978   0.00036 0.32323   0.210 
0.88793  22640       0.20804 0.20804 0.20804   0.00037 0.32464   0.208 
0.88893  22438       0.20629 0.20629 0.20629   0.00037 0.32607   0.206 
0.88993  22236       0.20454 0.20454 0.20454   0.00037 0.32750   0.205 
0.89093  22034       0.20278 0.20278 0.20278   0.00037 0.32895   0.203 
0.89193  21832       0.20103 0.20103 0.20103   0.00037 0.33040   0.201 
0.89293  21630       0.19927 0.19927 0.19927   0.00037 0.33187   0.199 
0.89393  21428       0.19751 0.19751 0.19751   0.00037 0.33335   0.198 
0.89493  21226       0.19575 0.19575 0.19575   0.00037 0.33484   0.196 
0.89593  21024       0.19398 0.19398 0.19398   0.00037 0.33635   0.194 
0.89693  20822       0.19222 0.19222 0.19222   0.00038 0.33786   0.192 
0.89793  20620       0.19045 0.19045 0.19045   0.00038 0.33939   0.190 
0.89893  20418       0.18868 0.18868 0.18868   0.00038 0.34093   0.189 
0.89993  20216       0.18691 0.18691 0.18691   0.00038 0.34248   0.187 
0.90093  20014       0.18514 0.18514 0.18514   0.00038 0.34404   0.185 
0.90193  19812       0.18337 0.18337 0.18337   0.00038 0.34562   0.183 
0.90293  19610       0.18159 0.18159 0.18159   0.00038 0.34721   0.182 
0.90393  19408       0.17981 0.17981 0.17981   0.00039 0.34881   0.180 
0.90493  19206       0.17803 0.17803 0.17803   0.00039 0.35043   0.178 
0.90593  19004       0.17625 0.17625 0.17625   0.00039 0.35206   0.176 
0.90693  18802       0.17447 0.17447 0.17447   0.00039 0.35371   0.174 
0.90793  18600       0.17268 0.17268 0.17268   0.00039 0.35537   0.173 
0.90893  18398       0.17090 0.17090 0.17090   0.00039 0.35704   0.171 
0.90993  18196       0.16911 0.16911 0.16911   0.00039 0.35873   0.169 
0.91093  17994       0.16732 0.16732 0.16732   0.00040 0.36044   0.167 
0.91193  17792       0.16552 0.16552 0.16552   0.00040 0.36216   0.166 
0.91293  17590       0.16373 0.16373 0.16373   0.00040 0.36389   0.164 
0.91393  17388       0.16193 0.16193 0.16193   0.00040 0.36564   0.162 
0.91493  17186       0.16014 0.16014 0.16014   0.00040 0.36741   0.160 
0.91593  16984       0.15834 0.15834 0.15834   0.00040 0.36920   0.158 
0.91693  16782       0.15653 0.15653 0.15653   0.00040 0.37100   0.157 
0.91793  16580       0.15473 0.15473 0.15473   0.00041 0.37282   0.155 
0.91893  16378       0.15292 0.15292 0.15292   0.00041 0.37466   0.153 
0.91993  16176       0.15112 0.15112 0.15112   0.00041 0.37651   0.151 
0.92093  15974       0.14931 0.14931 0.14931   0.00041 0.37839   0.149 
0.92193  15772       0.14750 0.14750 0.14750   0.00041 0.38028   0.147 
0.92293  15570       0.14569 0.14569 0.14569   0.00041 0.38219   0.146 
0.92393  15368       0.14387 0.14387 0.14387   0.00042 0.38412   0.144 
0.92493  15166       0.14206 0.14206 0.14206   0.00042 0.38608   0.142 
0.92593  14964       0.14024 0.14024 0.14024   0.00042 0.38805   0.140 
0.92693  14762       0.13842 0.13842 0.13842   0.00042 0.39004   0.138 
0.92793  14560       0.13660 0.13660 0.13660   0.00042 0.39206   0.137 
0.92893  14358       0.13478 0.13478 0.13478   0.00042 0.39410   0.135 
0.92993  14156       0.13295 0.13295 0.13295   0.00043 0.39616   0.133 
0.93093  13954       0.13112 0.13112 0.13112   0.00043 0.39824   0.131 
0.93193  13752       0.12930 0.12930 0.12930   0.00043 0.40035   0.129 
0.93293  13550       0.12747 0.12747 0.12747   0.00043 0.40249   0.127 
0.93393  13348       0.12563 0.12563 0.12563   0.00043 0.40464   0.126 
0.93493  13146       0.12380 0.12380 0.12380   0.00043 0.40683   0.124 
0.93593  12944       0.12196 0.12196 0.12196   0.00044 0.40904   0.122 
0.93693  12742       0.12012 0.12012 0.12012   0.00044 0.41128   0.120 
0.93793  12540       0.11828 0.11828 0.11828   0.00044 0.41355   0.118 
0.93893  12338       0.11644 0.11644 0.11644   0.00044 0.41585   0.116 
0.93993  12136       0.11460 0.11460 0.11460   0.00044 0.41817   0.115 
0.94093  11934       0.11275 0.11275 0.11275   0.00045 0.42053   0.113 
0.94193  11732       0.11090 0.11090 0.11090   0.00045 0.42292   0.111 
0.94293  11530       0.10905 0.10905 0.10905   0.00045 0.42535   0.109 
0.94393  11328       0.10719 0.10719 0.10719   0.00045 0.42781   0.107 
0.94493  11126       0.10534 0.10534 0.10534   0.00045 0.43030   0.105 
0.94593  10924       0.10348 0.10348 0.10348   0.00046 0.43283   0.103 
0.94693  10722       0.10162 0.10162 0.10162   0.00046 0.43540   0.102 
0.94793  10520       0.09976 0.09976 0.09976   0.00046 0.43800   0.100 
0.94893  10318       0.09789 0.09789 0.09789   0.00046 0.44065   0.098 
0.94993  10116       0.09602 0.09602 0.09602   0.00047 0.44334   0.096 
0.95093  9914        0.09415 0.09415 0.09415   0.00047 0.44607   0.094 
0.95193  9712        0.09228 0.09228 0.09228   0.00047 0.44884   0.092 
0.95292  9510        0.09041 0.09041 0.09041   0.00047 0.45166   0.090 
0.95392  9308        0.08853 0.08853 0.08853   0.00048 0.45453   0.089 
0.95492  9106        0.08665 0.08665 0.08665   0.00048 0.45745   0.087 
0.95592  8904        0.08477 0.08477 0.08477   0.00048 0.46042   0.085 
0.95692  8702        0.08288 0.08288 0.08288   0.00048 0.46344   0.083 
0.95792  8500        0.08100 0.08100 0.08100   0.00049 0.46652   0.081 
0.95892  8298        0.07911 0.07911 0.07911   0.00049 0.46966   0.079 
0.95992  8096        0.07722 0.07722 0.07722   0.00049 0.47286   0.077 
0.96092  7894        0.07532 0.07532 0.07532   0.00049 0.47612   0.075 
0.96192  7692        0.07342 0.07342 0.07342   0.00050 0.47945   0.073 
0.96292  7490        0.07153 0.07153 0.07153   0.00050 0.48285   0.072 
0.96392  7288        0.06962 0.06962 0.06962   0.00050 0.48632   0.070 
0.96492  7086        0.06772 0.06772 0.06772   0.00051 0.48988   0.068 
0.96592  6884        0.06581 0.06581 0.06581   0.00051 0.49351   0.066 
0.96692  6682        0.06390 0.06390 0.06390   0.00051 0.49722   0.064 
0.96792  6480        0.06199 0.06199 0.06199   0.00052 0.50103   0.062 
0.96892  6278        0.06007 0.06007 0.06007   0.00052 0.50494   0.060 
0.96992  6076        0.05815 0.05815 0.05815   0.00052 0.50894   0.058 
0.97092  5874        0.05623 0.05623 0.05623   0.00053 0.51305   0.056 
0.97192  5672        0.05430 0.05430 0.05430   0.00053 0.51728   0.054 
0.97292  5470        0.05237 0.05237 0.05237   0.00054 0.52162   0.052 
0.97392  5268        0.05044 0.05044 0.05044   0.00054 0.52610   0.050 
0.97492  5066        0.04850 0.04850 0.04850   0.00054 0.53072   0.049 
0.97592  4864        0.04656 0.04656 0.04656   0.00055 0.53548   0.047 
0.97692  4662        0.04461 0.04461 0.04461   0.00055 0.54041   0.045 
0.97792  4460        0.04266 0.04266 0.04266   0.00056 0.54552   0.043 
0.97892  4258        0.04071 0.04071 0.04071   0.00056 0.55082   0.041 
0.97992  4056        0.03875 0.03875 0.03875   0.00057 0.55633   0.039 
0.98092  3854        0.03678 0.03678 0.03678   0.00057 0.56206   0.037 
0.98192  3652        0.03481 0.03481 0.03481   0.00058 0.56805   0.035 
0.98292  3450        0.03284 0.03284 0.03284   0.00058 0.57431   0.033 
0.98392  3248        0.03086 0.03086 0.03086   0.00059 0.58088   0.031 
0.98492  3046        0.02887 0.02887 0.02887   0.00060 0.58779   0.029 
0.98592  2844        0.02688 0.02688 0.02688   0.00060 0.59508   0.027 
0.98692  2642        0.02489 0.02489 0.02489   0.00061 0.60281   0.025 
0.98792  2440        0.02289 0.02289 0.02289   0.00062 0.61105   0.023 
0.98892  2238        0.02088 0.02088 0.02088   0.00063 0.61986   0.021 
0.98992  2036        0.01887 0.01887 0.01887   0.00064 0.62936   0.019 
0.99092  1834        0.01686 0.01686 0.01686   0.00064 0.63968   0.017 
0.99192  1632        0.01484 0.01484 0.01484   0.00066 0.65100   0.015 
0.99292  1430        0.01281 0.01281 0.01281   0.00067 0.66358   0.013 
0.99392  1228        0.01078 0.01078 0.01078   0.00068 0.67779   0.011 
0.99492  1026        0.00874 0.00874 0.00874   0.00070 0.69422   0.009 
0.99592  824         0.00670 0.00670 0.00670   0.00072 0.71389   0.007 
0.99692  622         0.00478 0.00478 0.00478   0.00074 0.73705   0.005 
0.99792  420         0.00336 0.00336 0.00336   0.00076 0.75925   0.003 
0.99892  218         0.00180 0.00180 0.00180   0.00079 0.79414   0.002 
0.99992  16          0.00014 0.00014 0.00014   0.00089 0.89045   0.000 
1.00000  0           0.00000 0.00000 0.00000   0.00100 1.00000   0.000 
