ADMU id: 0: F-lost, TF-cost	min-1 mean-1 wmean-1 max-1	min-2 mean-2 wmean-2 max-2	
0.00001	0         	0.62916 	0.73107 	0.62916 	0.92168 	0.66346 	0.66346 	0.00000 	0.66346 	
0.00101	0         	0.62916 	0.72578 	0.62916 	0.91273 	0.66346 	0.66346 	0.00000 	0.66346 	
0.00201	0         	0.62916 	0.72292 	0.62916 	0.90693 	0.66345 	0.66345 	0.00000 	0.66345 	
0.00300	0         	0.62916 	0.72157 	0.62916 	0.90441 	0.66340 	0.66340 	0.00000 	0.66340 	
0.00400	0         	0.62915 	0.71972 	0.62915 	0.89978 	0.66333 	0.66333 	0.00000 	0.66333 	
0.00500	0         	0.62888 	0.71817 	0.62913 	0.89649 	0.66326 	0.66326 	0.00000 	0.66326 	
0.00600	0         	0.62761 	0.71682 	0.62912 	0.89374 	0.66317 	0.66317 	0.00000 	0.66317 	
0.00700	0         	0.62591 	0.71544 	0.62911 	0.89130 	0.66308 	0.66308 	0.00000 	0.66308 	
0.00800	0         	0.62351 	0.71380 	0.62910 	0.88879 	0.66299 	0.66299 	0.00000 	0.66299 	
0.00899	0         	0.62267 	0.71297 	0.62909 	0.88714 	0.66290 	0.66290 	0.00000 	0.66290 	
0.00999	0         	0.62182 	0.71234 	0.62907 	0.88612 	0.66280 	0.66280 	0.00000 	0.66280 	
0.01099	0         	0.62069 	0.71185 	0.62906 	0.88581 	0.66271 	0.66271 	0.00000 	0.66271 	
0.01199	0         	0.61928 	0.71128 	0.62905 	0.88550 	0.66260 	0.66260 	0.00000 	0.66260 	
0.01299	0         	0.61752 	0.71058 	0.62904 	0.88518 	0.66250 	0.66250 	0.00000 	0.66250 	
0.01399	0         	0.61624 	0.70999 	0.62903 	0.88471 	0.66239 	0.66239 	0.00000 	0.66239 	
0.01498	0         	0.61490 	0.70939 	0.62901 	0.88424 	0.66228 	0.66228 	0.00000 	0.66228 	
0.01598	0         	0.61406 	0.70889 	0.62900 	0.88361 	0.66217 	0.66217 	0.00000 	0.66217 	
0.01698	0         	0.61307 	0.70832 	0.62899 	0.88291 	0.66205 	0.66205 	0.00000 	0.66205 	
0.01798	0         	0.61145 	0.70746 	0.62898 	0.88196 	0.66194 	0.66194 	0.00000 	0.66194 	
0.01898	0         	0.61039 	0.70687 	0.62897 	0.88126 	0.66181 	0.66181 	0.00000 	0.66181 	
0.01998	0         	0.60905 	0.70618 	0.62895 	0.88055 	0.66169 	0.66169 	0.00000 	0.66169 	
0.02097	0         	0.60785 	0.70533 	0.62894 	0.87922 	0.66156 	0.66156 	0.00000 	0.66156 	
0.02197	0         	0.60658 	0.70446 	0.62893 	0.87788 	0.66143 	0.66143 	0.00000 	0.66143 	
0.02297	0         	0.60524 	0.70364 	0.62891 	0.87678 	0.66129 	0.66129 	0.00000 	0.66129 	
0.02397	0         	0.60397 	0.70290 	0.62888 	0.87584 	0.66116 	0.66116 	0.00000 	0.66116 	
0.02497	0         	0.60284 	0.70212 	0.62886 	0.87466 	0.66102 	0.66102 	0.00000 	0.66102 	
0.02597	0         	0.60157 	0.70122 	0.62883 	0.87325 	0.66088 	0.66088 	0.00000 	0.66088 	
0.02696	0         	0.60037 	0.70036 	0.62881 	0.87192 	0.66073 	0.66073 	0.00000 	0.66073 	
0.02796	0         	0.59846 	0.69912 	0.62879 	0.87011 	0.66058 	0.66058 	0.00000 	0.66058 	
0.02896	0         	0.59747 	0.69781 	0.62876 	0.86721 	0.66044 	0.66044 	0.00000 	0.66044 	
0.02996	0         	0.59627 	0.69670 	0.62874 	0.86509 	0.66029 	0.66029 	0.00000 	0.66029 	
0.03096	0         	0.59444 	0.69563 	0.62871 	0.86375 	0.66013 	0.66013 	0.00000 	0.66013 	
0.03196	0         	0.59296 	0.69469 	0.62869 	0.86242 	0.65997 	0.65997 	0.00000 	0.65997 	
0.03295	0         	0.59190 	0.69378 	0.62867 	0.86077 	0.65981 	0.65981 	0.00000 	0.65981 	
0.03395	0         	0.59049 	0.69296 	0.62864 	0.85975 	0.65965 	0.65965 	0.00000 	0.65965 	
0.03495	0         	0.58922 	0.69208 	0.62862 	0.85841 	0.65948 	0.65948 	0.00000 	0.65948 	
0.03595	0         	0.58802 	0.69120 	0.62859 	0.85700 	0.65931 	0.65931 	0.00000 	0.65931 	
0.03695	0         	0.58689 	0.69040 	0.62857 	0.85574 	0.65914 	0.65914 	0.00000 	0.65914 	
0.03795	0         	0.58618 	0.68979 	0.62854 	0.85465 	0.65897 	0.65897 	0.00000 	0.65897 	
0.03894	0         	0.58428 	0.68883 	0.62850 	0.85370 	0.65879 	0.65879 	0.00000 	0.65879 	
0.03994	0         	0.58251 	0.68786 	0.62847 	0.85260 	0.65861 	0.65861 	0.00000 	0.65861 	
0.04094	0         	0.58131 	0.68719 	0.62843 	0.85182 	0.65842 	0.65842 	0.00000 	0.65842 	
0.04194	0         	0.58004 	0.68626 	0.62840 	0.85033 	0.65823 	0.65823 	0.00000 	0.65823 	
0.04294	0         	0.57948 	0.68564 	0.62836 	0.84907 	0.65804 	0.65804 	0.00000 	0.65804 	
0.04394	0         	0.57807 	0.68474 	0.62832 	0.84782 	0.65784 	0.65784 	0.00000 	0.65784 	
0.04493	0         	0.57665 	0.68386 	0.62829 	0.84664 	0.65765 	0.65765 	0.00000 	0.65765 	
0.04593	0         	0.57552 	0.68303 	0.62825 	0.84530 	0.65744 	0.65744 	0.00000 	0.65744 	
0.04693	0         	0.57397 	0.68213 	0.62822 	0.84420 	0.65724 	0.65724 	0.00000 	0.65724 	
0.04793	0         	0.57270 	0.68133 	0.62818 	0.84311 	0.65703 	0.65703 	0.00000 	0.65703 	
0.04893	0         	0.57115 	0.68038 	0.62814 	0.84185 	0.65682 	0.65682 	0.00000 	0.65682 	
0.04993	0         	0.57002 	0.67938 	0.62809 	0.84004 	0.65661 	0.65661 	0.00000 	0.65661 	
0.05092	0         	0.56903 	0.67823 	0.62804 	0.83761 	0.65639 	0.65639 	0.00000 	0.65639 	
0.05192	0         	0.56790 	0.67718 	0.62799 	0.83565 	0.65617 	0.65617 	0.00000 	0.65617 	
0.05292	0         	0.56649 	0.67575 	0.62794 	0.83282 	0.65595 	0.65595 	0.00000 	0.65595 	
0.05392	0         	0.56473 	0.67452 	0.62790 	0.83094 	0.65573 	0.65573 	0.00000 	0.65573 	
0.05492	0         	0.56332 	0.67328 	0.62785 	0.82866 	0.65550 	0.65550 	0.00000 	0.65550 	
0.05592	0         	0.56183 	0.67201 	0.62780 	0.82639 	0.65527 	0.65527 	0.00000 	0.65527 	
0.05691	0         	0.56078 	0.67109 	0.62775 	0.82474 	0.65503 	0.65503 	0.00000 	0.65503 	
0.05791	0         	0.56000 	0.67026 	0.62769 	0.82309 	0.65479 	0.65479 	0.00000 	0.65479 	
0.05891	0         	0.55922 	0.66943 	0.62763 	0.82144 	0.65455 	0.65455 	0.00000 	0.65455 	
0.05991	0         	0.55845 	0.66847 	0.62757 	0.81940 	0.65431 	0.65431 	0.00000 	0.65431 	
0.06091	0         	0.55732 	0.66747 	0.62751 	0.81759 	0.65406 	0.65406 	0.00000 	0.65406 	
0.06191	0         	0.55654 	0.66662 	0.62745 	0.81587 	0.65380 	0.65380 	0.00000 	0.65380 	
0.06290	0         	0.55541 	0.66551 	0.62739 	0.81375 	0.65354 	0.65354 	0.00000 	0.65354 	
0.06390	0         	0.55400 	0.66445 	0.62732 	0.81202 	0.65328 	0.65328 	0.00000 	0.65328 	
0.06490	0         	0.55280 	0.66340 	0.62725 	0.81014 	0.65301 	0.65301 	0.00000 	0.65301 	
0.06590	0         	0.55174 	0.66215 	0.62718 	0.80755 	0.65274 	0.65274 	0.00000 	0.65274 	
0.06690	0         	0.55075 	0.66094 	0.62710 	0.80496 	0.65247 	0.65247 	0.00000 	0.65247 	
0.06790	0         	0.54977 	0.65969 	0.62703 	0.80229 	0.65219 	0.65219 	0.00000 	0.65219 	
0.06889	0         	0.54899 	0.65771 	0.62696 	0.79718 	0.65192 	0.65192 	0.00000 	0.65192 	
0.06989	0         	0.54835 	0.65301 	0.62692 	0.78376 	0.65177 	0.65177 	0.00000 	0.65177 	
0.07089	0         	0.54828 	0.64870 	0.62685 	0.77097 	0.65159 	0.65159 	0.00000 	0.65159 	
0.07189	0         	0.54744 	0.64630 	0.62678 	0.76469 	0.65135 	0.65135 	0.00000 	0.65135 	
0.07289	0         	0.54659 	0.64434 	0.62670 	0.75974 	0.65108 	0.65108 	0.00000 	0.65108 	
0.07389	0         	0.54518 	0.64220 	0.62662 	0.75479 	0.65081 	0.65081 	0.00000 	0.65081 	
0.07488	0         	0.54426 	0.64006 	0.62653 	0.74938 	0.65054 	0.65054 	0.00000 	0.65054 	
0.07588	0         	0.54334 	0.63810 	0.62645 	0.74451 	0.65026 	0.65026 	0.00000 	0.65026 	
0.07688	0         	0.54207 	0.63571 	0.62636 	0.73870 	0.64998 	0.64998 	0.00000 	0.64998 	
0.07788	0         	0.54073 	0.63343 	0.62628 	0.73329 	0.64970 	0.64970 	0.00000 	0.64970 	
0.07888	0         	0.53996 	0.63134 	0.62619 	0.72787 	0.64941 	0.64941 	0.00000 	0.64941 	
0.07988	0         	0.53855 	0.62895 	0.62609 	0.72222 	0.64911 	0.64911 	0.00000 	0.64911 	
0.08087	0         	0.53685 	0.62663 	0.62600 	0.71704 	0.64881 	0.64881 	0.00000 	0.64881 	
0.08187	0         	0.53537 	0.62424 	0.62590 	0.71146 	0.64851 	0.64851 	0.00000 	0.64851 	
0.08287	0         	0.53375 	0.62187 	0.62581 	0.70605 	0.64821 	0.64821 	0.00000 	0.64821 	
0.08387	0         	0.53283 	0.61977 	0.62571 	0.70079 	0.64790 	0.64790 	0.00000 	0.64790 	
0.08487	0         	0.53128 	0.61750 	0.62561 	0.69561 	0.64758 	0.64758 	0.00000 	0.64758 	
0.08587	0         	0.52979 	0.61535 	0.62551 	0.69074 	0.64726 	0.64726 	0.00000 	0.64726 	
0.08686	0         	0.52754 	0.61283 	0.62540 	0.68556 	0.64695 	0.64695 	0.00000 	0.64695 	
0.08786	0         	0.52549 	0.61086 	0.62529 	0.68179 	0.64661 	0.64661 	0.00000 	0.64661 	
0.08886	0         	0.52351 	0.60885 	0.62518 	0.67786 	0.64628 	0.64628 	0.00000 	0.64628 	
0.08986	0         	0.52231 	0.60740 	0.62507 	0.67480 	0.64593 	0.64593 	0.00000 	0.64593 	
0.09086	0         	0.52090 	0.60579 	0.62497 	0.67151 	0.64559 	0.64559 	0.00000 	0.64559 	
0.09186	0         	0.51893 	0.60400 	0.62485 	0.66821 	0.64524 	0.64524 	0.00000 	0.64524 	
0.09285	0         	0.51709 	0.60219 	0.62473 	0.66476 	0.64489 	0.64489 	0.00000 	0.64489 	
0.09385	0         	0.51547 	0.60054 	0.62461 	0.66154 	0.64453 	0.64453 	0.00000 	0.64453 	
0.09485	0         	0.51434 	0.59897 	0.62449 	0.65808 	0.64417 	0.64417 	0.00000 	0.64417 	
0.09585	0         	0.51349 	0.59776 	0.62437 	0.65541 	0.64380 	0.64380 	0.00000 	0.64380 	
0.09685	0         	0.51229 	0.59632 	0.62425 	0.65243 	0.64342 	0.64342 	0.00000 	0.64342 	
0.09785	0         	0.51138 	0.59508 	0.62412 	0.64976 	0.64303 	0.64303 	0.00000 	0.64303 	
0.09884	0         	0.51067 	0.59407 	0.62398 	0.64756 	0.64263 	0.64263 	0.00000 	0.64263 	
0.09984	0         	0.50975 	0.59309 	0.62385 	0.64568 	0.64222 	0.64222 	0.00000 	0.64222 	
0.10084	0         	0.50912 	0.59247 	0.62372 	0.64458 	0.64181 	0.64181 	0.00000 	0.64181 	
0.10184	0         	0.50771 	0.59138 	0.62359 	0.64285 	0.64139 	0.64139 	0.00000 	0.64139 	
0.10284	0         	0.50672 	0.59059 	0.62345 	0.64160 	0.64096 	0.64096 	0.00000 	0.64096 	
0.10384	0         	0.50615 	0.58988 	0.62330 	0.64019 	0.64054 	0.64054 	0.00000 	0.64054 	
0.10483	0         	0.50552 	0.58904 	0.62316 	0.63846 	0.64010 	0.64010 	0.00000 	0.64010 	
0.10583	0         	0.50453 	0.58809 	0.62301 	0.63673 	0.63967 	0.63967 	0.00000 	0.63967 	
0.10683	0         	0.50368 	0.58739 	0.62287 	0.63563 	0.63923 	0.63923 	0.00000 	0.63923 	
0.10783	0         	0.50305 	0.58679 	0.62272 	0.63461 	0.63878 	0.63878 	0.00000 	0.63878 	
0.10883	0         	0.50220 	0.58607 	0.62257 	0.63343 	0.63834 	0.63834 	0.00000 	0.63834 	
0.10983	0         	0.50086 	0.58523 	0.62241 	0.63241 	0.63788 	0.63788 	0.00000 	0.63788 	
0.11082	0         	0.49966 	0.58452 	0.62226 	0.63163 	0.63742 	0.63742 	0.00000 	0.63742 	
0.11182	0         	0.49818 	0.58371 	0.62210 	0.63084 	0.63696 	0.63696 	0.00000 	0.63696 	
0.11282	0         	0.49733 	0.58290 	0.62194 	0.62943 	0.63649 	0.63649 	0.00000 	0.63649 	
0.11382	0         	0.49649 	0.58233 	0.62179 	0.62872 	0.63601 	0.63601 	0.00000 	0.63601 	
0.11482	0         	0.49550 	0.58164 	0.62163 	0.62778 	0.63554 	0.63554 	0.00000 	0.63554 	
0.11582	0         	0.49465 	0.58109 	0.62146 	0.62715 	0.63506 	0.63506 	0.00000 	0.63506 	
0.11681	0         	0.49359 	0.58045 	0.62129 	0.62645 	0.63458 	0.63458 	0.00000 	0.63458 	
0.11781	0         	0.49246 	0.57959 	0.62113 	0.62519 	0.63411 	0.63411 	0.00000 	0.63411 	
0.11881	0         	0.49134 	0.57783 	0.62097 	0.62119 	0.63367 	0.63367 	0.00000 	0.63367 	
0.11981	0         	0.49007 	0.57646 	0.62080 	0.62080 	0.63320 	0.63320 	0.00000 	0.63320 	
0.12081	0         	0.48901 	0.57563 	0.62063 	0.62063 	0.63271 	0.63271 	0.00000 	0.63271 	
0.12181	0         	0.48802 	0.57486 	0.62046 	0.62046 	0.63223 	0.63223 	0.00000 	0.63223 	
0.12280	0         	0.48682 	0.57403 	0.62028 	0.62028 	0.63174 	0.63174 	0.00000 	0.63174 	
0.12380	0         	0.48583 	0.57335 	0.62010 	0.62010 	0.63125 	0.63125 	0.00000 	0.63125 	
0.12480	0         	0.48513 	0.57261 	0.61992 	0.61992 	0.63077 	0.63077 	0.00000 	0.63077 	
0.12580	0         	0.48435 	0.57198 	0.61974 	0.61974 	0.63028 	0.63028 	0.00000 	0.63028 	
0.12680	0         	0.48337 	0.57138 	0.61956 	0.61956 	0.62979 	0.62979 	0.00000 	0.62979 	
0.12780	0         	0.48210 	0.57050 	0.61937 	0.61937 	0.62930 	0.62930 	0.00000 	0.62930 	
0.12879	0         	0.48118 	0.56950 	0.61918 	0.61918 	0.62881 	0.62881 	0.00000 	0.62881 	
0.12979	0         	0.48012 	0.56835 	0.61898 	0.61898 	0.62832 	0.62832 	0.00000 	0.62832 	
0.13079	0         	0.47941 	0.56727 	0.61879 	0.61879 	0.62783 	0.62783 	0.00000 	0.62783 	
0.13179	0         	0.47850 	0.56638 	0.61860 	0.61860 	0.62735 	0.62735 	0.00000 	0.62735 	
0.13279	0         	0.47716 	0.56565 	0.61840 	0.61840 	0.62687 	0.62687 	0.00000 	0.62687 	
0.13379	0         	0.47589 	0.56487 	0.61819 	0.61819 	0.62639 	0.62639 	0.00000 	0.62639 	
0.13478	0         	0.47469 	0.56412 	0.61799 	0.61799 	0.62590 	0.62590 	0.00000 	0.62590 	
0.13578	0         	0.47342 	0.56329 	0.61778 	0.61778 	0.62541 	0.62541 	0.00000 	0.62541 	
0.13678	0         	0.47229 	0.56239 	0.61756 	0.61756 	0.62492 	0.62492 	0.00000 	0.62492 	
0.13778	0         	0.47123 	0.56152 	0.61735 	0.61735 	0.62442 	0.62442 	0.00000 	0.62442 	
0.13878	0         	0.47017 	0.56091 	0.61713 	0.61713 	0.62392 	0.62392 	0.00000 	0.62392 	
0.13978	0         	0.46869 	0.55972 	0.61691 	0.61691 	0.62341 	0.62341 	0.00000 	0.62341 	
0.14077	0         	0.46749 	0.55893 	0.61668 	0.61668 	0.62290 	0.62290 	0.00000 	0.62290 	
0.14177	0         	0.46679 	0.55815 	0.61645 	0.61645 	0.62239 	0.62239 	0.00000 	0.62239 	
0.14277	0         	0.46559 	0.55720 	0.61622 	0.61622 	0.62187 	0.62187 	0.00000 	0.62187 	
0.14377	0         	0.46460 	0.55611 	0.61599 	0.61599 	0.62134 	0.62134 	0.00000 	0.62134 	
0.14477	0         	0.46368 	0.55515 	0.61575 	0.61575 	0.62082 	0.62082 	0.00000 	0.62082 	
0.14577	0         	0.46270 	0.55406 	0.61551 	0.61551 	0.62029 	0.62029 	0.00000 	0.62029 	
0.14676	0         	0.46150 	0.55298 	0.61527 	0.61527 	0.61976 	0.61976 	0.00000 	0.61976 	
0.14776	0         	0.45987 	0.55178 	0.61502 	0.61502 	0.61922 	0.61922 	0.00000 	0.61922 	
0.14876	0         	0.45875 	0.55072 	0.61477 	0.61477 	0.61869 	0.61869 	0.00000 	0.61869 	
0.14976	0         	0.45734 	0.54964 	0.61452 	0.61452 	0.61813 	0.61813 	0.00000 	0.61813 	
0.15076	0         	0.45599 	0.54846 	0.61426 	0.61426 	0.61759 	0.61759 	0.00000 	0.61759 	
0.15176	0         	0.45465 	0.54740 	0.61400 	0.61400 	0.61704 	0.61704 	0.00000 	0.61704 	
0.15275	0         	0.45360 	0.54643 	0.61374 	0.61374 	0.61648 	0.61648 	0.00000 	0.61648 	
0.15375	0         	0.45254 	0.54542 	0.61347 	0.61347 	0.61593 	0.61593 	0.00000 	0.61593 	
0.15475	0         	0.45148 	0.54417 	0.61321 	0.61321 	0.61536 	0.61536 	0.00000 	0.61536 	
0.15575	0         	0.45063 	0.54317 	0.61294 	0.61294 	0.61479 	0.61479 	0.00000 	0.61479 	
0.15675	0         	0.44972 	0.54214 	0.61267 	0.61267 	0.61425 	0.61425 	0.00000 	0.61425 	
0.15775	0         	0.44894 	0.54119 	0.61240 	0.61240 	0.61367 	0.61367 	0.00000 	0.61367 	
0.15874	0         	0.44809 	0.54006 	0.61212 	0.61212 	0.61309 	0.61309 	0.00000 	0.61309 	
0.15974	0         	0.44689 	0.53889 	0.61185 	0.61185 	0.61252 	0.61252 	0.00000 	0.61252 	
0.16074	0         	0.44640 	0.53808 	0.61156 	0.61156 	0.61193 	0.61193 	0.00000 	0.61193 	
0.16174	0         	0.44541 	0.53700 	0.61127 	0.61127 	0.61135 	0.61135 	0.00000 	0.61135 	
0.16274	0         	0.44471 	0.53588 	0.61098 	0.61098 	0.61077 	0.61077 	0.00000 	0.61077 	
0.16374	0         	0.44407 	0.53505 	0.61069 	0.61069 	0.61018 	0.61018 	0.00000 	0.61018 	
0.16473	0         	0.44294 	0.53387 	0.61040 	0.61040 	0.60959 	0.60959 	0.00000 	0.60959 	
0.16573	0         	0.44196 	0.53281 	0.61009 	0.61009 	0.60899 	0.60899 	0.00000 	0.60899 	
0.16673	0         	0.44097 	0.53162 	0.60979 	0.60979 	0.60839 	0.60839 	0.00000 	0.60839 	
0.16773	0         	0.43942 	0.53051 	0.60949 	0.60949 	0.60779 	0.60779 	0.00000 	0.60779 	
0.16873	0         	0.43878 	0.52978 	0.60927 	0.60927 	0.60736 	0.60736 	0.00000 	0.60736 	
0.16973	0         	0.43801 	0.52887 	0.60898 	0.60898 	0.60678 	0.60678 	0.00000 	0.60678 	
0.17072	0         	0.43688 	0.52763 	0.60867 	0.60867 	0.60618 	0.60618 	0.00000 	0.60618 	
0.17172	0         	0.43589 	0.52668 	0.60835 	0.60835 	0.60556 	0.60556 	0.00000 	0.60556 	
0.17272	0         	0.43511 	0.52558 	0.60804 	0.60804 	0.60494 	0.60494 	0.00000 	0.60494 	
0.17372	0         	0.43392 	0.52434 	0.60771 	0.60771 	0.60432 	0.60432 	0.00000 	0.60432 	
0.17472	0         	0.43328 	0.52354 	0.60744 	0.60744 	0.60380 	0.60380 	0.00000 	0.60380 	
0.17572	0         	0.43279 	0.52277 	0.60721 	0.60721 	0.60335 	0.60335 	0.00000 	0.60335 	
0.17671	0         	0.43215 	0.52170 	0.60689 	0.60689 	0.60275 	0.60275 	0.00000 	0.60275 	
0.17771	0         	0.43109 	0.52048 	0.60656 	0.60656 	0.60212 	0.60212 	0.00000 	0.60212 	
0.17871	0         	0.43018 	0.51943 	0.60623 	0.60623 	0.60147 	0.60147 	0.00000 	0.60147 	
0.17971	0         	0.42891 	0.51811 	0.60589 	0.60589 	0.60084 	0.60084 	0.00000 	0.60084 	
0.18071	0         	0.42764 	0.51676 	0.60555 	0.60555 	0.60020 	0.60020 	0.00000 	0.60020 	
0.18171	0         	0.42630 	0.51544 	0.60521 	0.60521 	0.59955 	0.59955 	0.00000 	0.59955 	
0.18270	0         	0.42524 	0.51427 	0.60486 	0.60486 	0.59891 	0.59891 	0.00000 	0.59891 	
0.18370	0         	0.42383 	0.51289 	0.60451 	0.60451 	0.59825 	0.59825 	0.00000 	0.59825 	
0.18470	0         	0.42256 	0.51157 	0.60416 	0.60416 	0.59759 	0.59759 	0.00000 	0.59759 	
0.18570	0         	0.42115 	0.51014 	0.60381 	0.60381 	0.59694 	0.59694 	0.00000 	0.59694 	
0.18670	0         	0.41995 	0.50895 	0.60353 	0.60353 	0.59643 	0.59643 	0.00000 	0.59643 	
0.18770	0         	0.41903 	0.50818 	0.60332 	0.60332 	0.59604 	0.59604 	0.00000 	0.59604 	
0.18869	0         	0.41804 	0.50715 	0.60302 	0.60302 	0.59549 	0.59549 	0.00000 	0.59549 	
0.18969	0         	0.41649 	0.50541 	0.60266 	0.60266 	0.59484 	0.59484 	0.00000 	0.59484 	
0.19069	0         	0.41508 	0.50429 	0.60229 	0.60229 	0.59417 	0.59417 	0.00000 	0.59417 	
0.19169	0         	0.41367 	0.50297 	0.60192 	0.60192 	0.59348 	0.59348 	0.00000 	0.59348 	
0.19269	0         	0.41233 	0.50164 	0.60156 	0.60156 	0.59283 	0.59283 	0.00000 	0.59283 	
0.19369	0         	0.41155 	0.50069 	0.60129 	0.60129 	0.59236 	0.59236 	0.00000 	0.59236 	
0.19468	0         	0.41085 	0.49992 	0.60109 	0.60109 	0.59199 	0.59199 	0.00000 	0.59199 	
0.19568	0         	0.40993 	0.49895 	0.60075 	0.60075 	0.59139 	0.59139 	0.00000 	0.59139 	
0.19668	0         	0.40859 	0.49783 	0.60038 	0.60038 	0.59073 	0.59073 	0.00000 	0.59073 	
0.19768	0         	0.40739 	0.49670 	0.60000 	0.60000 	0.59004 	0.59004 	0.00000 	0.59004 	
0.19868	0         	0.40662 	0.49561 	0.59961 	0.59961 	0.58935 	0.58935 	0.00000 	0.58935 	
0.19968	0         	0.40535 	0.49463 	0.59922 	0.59922 	0.58865 	0.58865 	0.00000 	0.58865 	
0.20067	0         	0.40379 	0.49338 	0.59883 	0.59883 	0.58796 	0.58796 	0.00000 	0.58796 	
0.20167	0         	0.40259 	0.49233 	0.59843 	0.59843 	0.58726 	0.58726 	0.00000 	0.58726 	
0.20267	0         	0.40168 	0.49118 	0.59803 	0.59803 	0.58656 	0.58656 	0.00000 	0.58656 	
0.20367	0         	0.40083 	0.49019 	0.59763 	0.59763 	0.58586 	0.58586 	0.00000 	0.58586 	
0.20467	0         	0.39970 	0.48921 	0.59722 	0.59722 	0.58515 	0.58515 	0.00000 	0.58515 	
0.20567	0         	0.39886 	0.48829 	0.59683 	0.59683 	0.58446 	0.58446 	0.00000 	0.58446 	
0.20666	0         	0.39822 	0.48770 	0.59655 	0.59655 	0.58397 	0.58397 	0.00000 	0.58397 	
0.20766	0         	0.39787 	0.48712 	0.59634 	0.59634 	0.58360 	0.58360 	0.00000 	0.58360 	
0.20866	0         	0.39695 	0.48658 	0.59611 	0.59611 	0.58321 	0.58321 	0.00000 	0.58321 	
0.20966	0         	0.39582 	0.48553 	0.59572 	0.59572 	0.58254 	0.58254 	0.00000 	0.58254 	
0.21066	0         	0.39491 	0.48467 	0.59532 	0.59532 	0.58185 	0.58185 	0.00000 	0.58185 	
0.21166	0         	0.39385 	0.48370 	0.59490 	0.59490 	0.58112 	0.58112 	0.00000 	0.58112 	
0.21265	0         	0.39293 	0.48289 	0.59447 	0.59447 	0.58039 	0.58039 	0.00000 	0.58039 	
0.21365	0         	0.39222 	0.48214 	0.59411 	0.59411 	0.57976 	0.57976 	0.00000 	0.57976 	
0.21465	0         	0.39159 	0.48131 	0.59382 	0.59382 	0.57927 	0.57927 	0.00000 	0.57927 	
0.21565	0         	0.39138 	0.48094 	0.59362 	0.59362 	0.57893 	0.57893 	0.00000 	0.57893 	
0.21665	0         	0.39088 	0.48053 	0.59343 	0.59343 	0.57862 	0.57862 	0.00000 	0.57862 	
0.21765	0         	0.39025 	0.47979 	0.59304 	0.59304 	0.57794 	0.57794 	0.00000 	0.57794 	
0.21864	0         	0.38983 	0.47912 	0.59263 	0.59263 	0.57724 	0.57724 	0.00000 	0.57724 	
0.21964	0         	0.38919 	0.47821 	0.59219 	0.59219 	0.57650 	0.57650 	0.00000 	0.57650 	
0.22064	0         	0.38806 	0.47711 	0.59175 	0.59175 	0.57576 	0.57576 	0.00000 	0.57576 	
0.22164	0         	0.38708 	0.47617 	0.59130 	0.59130 	0.57501 	0.57501 	0.00000 	0.57501 	
0.22264	0         	0.38644 	0.47544 	0.59086 	0.59086 	0.57426 	0.57426 	0.00000 	0.57426 	
0.22364	0         	0.38496 	0.47419 	0.59041 	0.59041 	0.57352 	0.57352 	0.00000 	0.57352 	
0.22463	0         	0.38411 	0.47339 	0.58996 	0.58996 	0.57276 	0.57276 	0.00000 	0.57276 	
0.22563	0         	0.38291 	0.47242 	0.58950 	0.58950 	0.57199 	0.57199 	0.00000 	0.57199 	
0.22663	0         	0.38178 	0.47145 	0.58904 	0.58904 	0.57124 	0.57124 	0.00000 	0.57124 	
0.22763	0         	0.38066 	0.47042 	0.58866 	0.58866 	0.57060 	0.57060 	0.00000 	0.57060 	
0.22863	0         	0.38002 	0.46982 	0.58836 	0.58836 	0.57010 	0.57010 	0.00000 	0.57010 	
0.22963	0         	0.37939 	0.46926 	0.58809 	0.58809 	0.56967 	0.56967 	0.00000 	0.56967 	
0.23062	0         	0.37896 	0.46899 	0.58794 	0.58794 	0.56940 	0.56940 	0.00000 	0.56940 	
0.23162	0         	0.37861 	0.46859 	0.58773 	0.58773 	0.56906 	0.56906 	0.00000 	0.56906 	
0.23262	0         	0.37762 	0.46770 	0.58728 	0.58728 	0.56832 	0.56832 	0.00000 	0.56832 	
0.23362	0         	0.37663 	0.46670 	0.58685 	0.58685 	0.56762 	0.56762 	0.00000 	0.56762 	
0.23462	0         	0.37565 	0.46574 	0.58638 	0.58638 	0.56685 	0.56685 	0.00000 	0.56685 	
0.23562	0         	0.37473 	0.46486 	0.58590 	0.58590 	0.56607 	0.56607 	0.00000 	0.56607 	
0.23661	0         	0.37424 	0.46430 	0.58559 	0.58559 	0.56555 	0.56555 	0.00000 	0.56555 	
0.23761	0         	0.37381 	0.46389 	0.58531 	0.58531 	0.56511 	0.56511 	0.00000 	0.56511 	
0.23861	0         	0.37353 	0.46341 	0.58504 	0.58504 	0.56467 	0.56467 	0.00000 	0.56467 	
0.23961	0         	0.37297 	0.46290 	0.58487 	0.58487 	0.56439 	0.56439 	0.00000 	0.56439 	
0.24061	0         	0.37247 	0.46261 	0.58471 	0.58471 	0.56413 	0.56413 	0.00000 	0.56413 	
0.24161	0         	0.37170 	0.46157 	0.58427 	0.58427 	0.56341 	0.56341 	0.00000 	0.56341 	
0.24260	0         	0.37043 	0.46069 	0.58384 	0.58384 	0.56271 	0.56271 	0.00000 	0.56271 	
0.24360	0         	0.36937 	0.45979 	0.58336 	0.58336 	0.56195 	0.56195 	0.00000 	0.56195 	
0.24460	0         	0.36852 	0.45885 	0.58287 	0.58287 	0.56117 	0.56117 	0.00000 	0.56117 	
0.24560	0         	0.36768 	0.45780 	0.58238 	0.58238 	0.56039 	0.56039 	0.00000 	0.56039 	
0.24660	0         	0.36683 	0.45691 	0.58188 	0.58188 	0.55958 	0.55958 	0.00000 	0.55958 	
0.24760	0         	0.36577 	0.45610 	0.58138 	0.58138 	0.55878 	0.55878 	0.00000 	0.55878 	
0.24859	0         	0.36457 	0.45506 	0.58087 	0.58087 	0.55798 	0.55798 	0.00000 	0.55798 	
0.24959	0         	0.36380 	0.45413 	0.58037 	0.58037 	0.55718 	0.55718 	0.00000 	0.55718 	
0.25059	0         	0.36274 	0.45322 	0.57987 	0.57987 	0.55639 	0.55639 	0.00000 	0.55639 	
0.25159	0         	0.36196 	0.45265 	0.57949 	0.57949 	0.55578 	0.55578 	0.00000 	0.55578 	
0.25259	0         	0.36133 	0.45225 	0.57923 	0.57923 	0.55537 	0.55537 	0.00000 	0.55537 	
0.25359	0         	0.36076 	0.45175 	0.57901 	0.57901 	0.55502 	0.55502 	0.00000 	0.55502 	
0.25458	0         	0.36034 	0.45133 	0.57878 	0.57878 	0.55465 	0.55465 	0.00000 	0.55465 	
0.25558	0         	0.36006 	0.45109 	0.57859 	0.57859 	0.55436 	0.55436 	0.00000 	0.55436 	
0.25658	0         	0.35999 	0.45077 	0.57841 	0.57841 	0.55407 	0.55407 	0.00000 	0.55407 	
0.25758	0         	0.35921 	0.45013 	0.57797 	0.57797 	0.55338 	0.55338 	0.00000 	0.55338 	
0.25858	0         	0.35836 	0.44932 	0.57748 	0.57748 	0.55260 	0.55260 	0.00000 	0.55260 	
0.25958	0         	0.35794 	0.44865 	0.57699 	0.57699 	0.55183 	0.55183 	0.00000 	0.55183 	
0.26057	0         	0.35745 	0.44763 	0.57648 	0.57648 	0.55104 	0.55104 	0.00000 	0.55104 	
0.26157	0         	0.35660 	0.44683 	0.57595 	0.57595 	0.55021 	0.55021 	0.00000 	0.55021 	
0.26257	0         	0.35575 	0.44617 	0.57543 	0.57543 	0.54941 	0.54941 	0.00000 	0.54941 	
0.26357	0         	0.35547 	0.44573 	0.57511 	0.57511 	0.54890 	0.54890 	0.00000 	0.54890 	
0.26457	0         	0.35512 	0.44543 	0.57486 	0.57486 	0.54851 	0.54851 	0.00000 	0.54851 	
0.26557	0         	0.35498 	0.44525 	0.57470 	0.57470 	0.54827 	0.54827 	0.00000 	0.54827 	
0.26656	0         	0.35448 	0.44489 	0.57451 	0.57451 	0.54797 	0.54797 	0.00000 	0.54797 	
0.26756	0         	0.35420 	0.44460 	0.57432 	0.57432 	0.54768 	0.54768 	0.00000 	0.54768 	
0.26856	0         	0.35343 	0.44409 	0.57397 	0.57397 	0.54714 	0.54714 	0.00000 	0.54714 	
0.26956	0         	0.35272 	0.44350 	0.57344 	0.57344 	0.54633 	0.54633 	0.00000 	0.54633 	
0.27056	0         	0.35180 	0.44287 	0.57294 	0.57294 	0.54555 	0.54555 	0.00000 	0.54555 	
0.27156	0         	0.35145 	0.44237 	0.57241 	0.57241 	0.54473 	0.54473 	0.00000 	0.54473 	
0.27255	0         	0.35053 	0.44162 	0.57187 	0.57187 	0.54389 	0.54389 	0.00000 	0.54389 	
0.27355	0         	0.34891 	0.44079 	0.57132 	0.57132 	0.54306 	0.54306 	0.00000 	0.54306 	
0.27455	0         	0.34856 	0.44020 	0.57077 	0.57077 	0.54222 	0.54222 	0.00000 	0.54222 	
0.27555	0         	0.34807 	0.43962 	0.57022 	0.57022 	0.54138 	0.54138 	0.00000 	0.54138 	
0.27655	0         	0.34729 	0.43899 	0.56966 	0.56966 	0.54054 	0.54054 	0.00000 	0.54054 	
0.27755	0         	0.34644 	0.43829 	0.56911 	0.56911 	0.53968 	0.53968 	0.00000 	0.53968 	
0.27854	0         	0.34567 	0.43771 	0.56855 	0.56855 	0.53884 	0.53884 	0.00000 	0.53884 	
0.27954	0         	0.34475 	0.43683 	0.56799 	0.56799 	0.53799 	0.53799 	0.00000 	0.53799 	
0.28054	0         	0.34433 	0.43635 	0.56746 	0.56746 	0.53720 	0.53720 	0.00000 	0.53720 	
0.28154	0         	0.34362 	0.43575 	0.56699 	0.56699 	0.53649 	0.53649 	0.00000 	0.53649 	
0.28254	0         	0.34313 	0.43544 	0.56671 	0.56671 	0.53606 	0.53606 	0.00000 	0.53606 	
0.28354	0         	0.34270 	0.43513 	0.56651 	0.56651 	0.53574 	0.53574 	0.00000 	0.53574 	
0.28453	0         	0.34249 	0.43487 	0.56627 	0.56627 	0.53538 	0.53538 	0.00000 	0.53538 	
0.28553	0         	0.34214 	0.43456 	0.56598 	0.56598 	0.53494 	0.53494 	0.00000 	0.53494 	
0.28653	0         	0.34150 	0.43411 	0.56560 	0.56560 	0.53436 	0.53436 	0.00000 	0.53436 	
0.28753	0         	0.34059 	0.43345 	0.56516 	0.56516 	0.53369 	0.53369 	0.00000 	0.53369 	
0.28853	0         	0.33988 	0.43272 	0.56462 	0.56462 	0.53290 	0.53290 	0.00000 	0.53290 	
0.28953	0         	0.33925 	0.43198 	0.56406 	0.56406 	0.53206 	0.53206 	0.00000 	0.53206 	
0.29052	0         	0.33847 	0.43132 	0.56348 	0.56348 	0.53119 	0.53119 	0.00000 	0.53119 	
0.29152	0         	0.33727 	0.43047 	0.56292 	0.56292 	0.53036 	0.53036 	0.00000 	0.53036 	
0.29252	0         	0.33621 	0.42974 	0.56240 	0.56240 	0.52957 	0.52957 	0.00000 	0.52957 	
0.29352	0         	0.33579 	0.42928 	0.56201 	0.56201 	0.52897 	0.52897 	0.00000 	0.52897 	
0.29452	0         	0.33516 	0.42891 	0.56169 	0.56169 	0.52851 	0.52851 	0.00000 	0.52851 	
0.29552	0         	0.33466 	0.42836 	0.56130 	0.56130 	0.52794 	0.52794 	0.00000 	0.52794 	
0.29651	0         	0.33417 	0.42785 	0.56091 	0.56091 	0.52736 	0.52736 	0.00000 	0.52736 	
0.29751	0         	0.33353 	0.42745 	0.56058 	0.56058 	0.52687 	0.52687 	0.00000 	0.52687 	
0.29851	0         	0.33318 	0.42704 	0.56017 	0.56017 	0.52626 	0.52626 	0.00000 	0.52626 	
0.29951	0         	0.33269 	0.42644 	0.55974 	0.55974 	0.52562 	0.52562 	0.00000 	0.52562 	
0.30051	0         	0.33184 	0.42578 	0.55923 	0.55923 	0.52486 	0.52486 	0.00000 	0.52486 	
0.30151	0         	0.33135 	0.42516 	0.55864 	0.55864 	0.52399 	0.52399 	0.00000 	0.52399 	
0.30250	0         	0.33057 	0.42448 	0.55808 	0.55808 	0.52314 	0.52314 	0.00000 	0.52314 	
0.30350	0         	0.33001 	0.42375 	0.55747 	0.55747 	0.52226 	0.52226 	0.00000 	0.52226 	
0.30450	0         	0.32902 	0.42301 	0.55687 	0.55687 	0.52137 	0.52137 	0.00000 	0.52137 	
0.30550	0         	0.32782 	0.42220 	0.55627 	0.55627 	0.52049 	0.52049 	0.00000 	0.52049 	
0.30650	0         	0.32683 	0.42135 	0.55567 	0.55567 	0.51960 	0.51960 	0.00000 	0.51960 	
0.30750	0         	0.32634 	0.42068 	0.55507 	0.55507 	0.51872 	0.51872 	0.00000 	0.51872 	
0.30849	0         	0.32521 	0.41981 	0.55447 	0.55447 	0.51784 	0.51784 	0.00000 	0.51784 	
0.30949	0         	0.32422 	0.41910 	0.55386 	0.55386 	0.51695 	0.51695 	0.00000 	0.51695 	
0.31049	0         	0.32331 	0.41831 	0.55327 	0.55327 	0.51609 	0.51609 	0.00000 	0.51609 	
0.31149	0         	0.32204 	0.41746 	0.55271 	0.55271 	0.51528 	0.51528 	0.00000 	0.51528 	
0.31249	0         	0.32119 	0.41672 	0.55220 	0.55220 	0.51454 	0.51454 	0.00000 	0.51454 	
0.31349	0         	0.32034 	0.41602 	0.55181 	0.55181 	0.51397 	0.51397 	0.00000 	0.51397 	
0.31448	0         	0.31978 	0.41534 	0.55137 	0.55137 	0.51333 	0.51333 	0.00000 	0.51333 	
0.31548	0         	0.31957 	0.41493 	0.55088 	0.55088 	0.51262 	0.51262 	0.00000 	0.51262 	
0.31648	0         	0.31907 	0.41447 	0.55040 	0.55040 	0.51191 	0.51191 	0.00000 	0.51191 	
0.31748	0         	0.31865 	0.41402 	0.54992 	0.54992 	0.51122 	0.51122 	0.00000 	0.51122 	
0.31848	0         	0.31823 	0.41355 	0.54942 	0.54942 	0.51050 	0.51050 	0.00000 	0.51050 	
0.31948	0         	0.31787 	0.41303 	0.54892 	0.54892 	0.50979 	0.50979 	0.00000 	0.50979 	
0.32047	0         	0.31759 	0.41263 	0.54839 	0.54839 	0.50902 	0.50902 	0.00000 	0.50902 	
0.32147	0         	0.31689 	0.41197 	0.54781 	0.54781 	0.50818 	0.50818 	0.00000 	0.50818 	
0.32247	0         	0.31674 	0.41135 	0.54721 	0.54721 	0.50731 	0.50731 	0.00000 	0.50731 	
0.32347	0         	0.31604 	0.41055 	0.54662 	0.54662 	0.50646 	0.50646 	0.00000 	0.50646 	
0.32447	0         	0.31519 	0.40972 	0.54605 	0.54605 	0.50564 	0.50564 	0.00000 	0.50564 	
0.32547	0         	0.31470 	0.40908 	0.54558 	0.54558 	0.50496 	0.50496 	0.00000 	0.50496 	
0.32646	0         	0.31392 	0.40833 	0.54512 	0.54512 	0.50430 	0.50430 	0.00000 	0.50430 	
0.32746	0         	0.31322 	0.40766 	0.54460 	0.54460 	0.50354 	0.50354 	0.00000 	0.50354 	
0.32846	0         	0.31237 	0.40667 	0.54407 	0.54407 	0.50279 	0.50279 	0.00000 	0.50279 	
0.32946	0         	0.31131 	0.40570 	0.54354 	0.54354 	0.50202 	0.50202 	0.00000 	0.50202 	
0.33046	0         	0.31075 	0.40500 	0.54302 	0.54302 	0.50128 	0.50128 	0.00000 	0.50128 	
0.33146	0         	0.31018 	0.40404 	0.54251 	0.54251 	0.50055 	0.50055 	0.00000 	0.50055 	
0.33245	0         	0.30955 	0.40294 	0.54198 	0.54198 	0.49979 	0.49979 	0.00000 	0.49979 	
0.33345	0         	0.30863 	0.40173 	0.54145 	0.54145 	0.49902 	0.49902 	0.00000 	0.49902 	
0.33445	0         	0.30793 	0.40070 	0.54087 	0.54087 	0.49818 	0.49818 	0.00000 	0.49818 	
0.33545	0         	0.30694 	0.39939 	0.54023 	0.54023 	0.49727 	0.49727 	0.00000 	0.49727 	
0.33645	0         	0.30609 	0.39832 	0.53958 	0.53958 	0.49635 	0.49635 	0.00000 	0.49635 	
0.33745	0         	0.30560 	0.39723 	0.53893 	0.53893 	0.49543 	0.49543 	0.00000 	0.49543 	
0.33844	0         	0.30496 	0.39612 	0.53828 	0.53828 	0.49450 	0.49450 	0.00000 	0.49450 	
0.33944	0         	0.30384 	0.39469 	0.53763 	0.53763 	0.49357 	0.49357 	0.00000 	0.49357 	
0.34044	0         	0.30271 	0.39311 	0.53698 	0.53698 	0.49264 	0.49264 	0.00000 	0.49264 	
0.34144	0         	0.30158 	0.39215 	0.53634 	0.53634 	0.49172 	0.49172 	0.00000 	0.49172 	
0.34244	0         	0.30045 	0.39140 	0.53576 	0.53576 	0.49089 	0.49089 	0.00000 	0.49089 	
0.34344	0         	0.30003 	0.39086 	0.53528 	0.53528 	0.49022 	0.49022 	0.00000 	0.49022 	
0.34443	0         	0.29911 	0.39017 	0.53477 	0.53477 	0.48949 	0.48949 	0.00000 	0.48949 	
0.34543	0         	0.29791 	0.38939 	0.53425 	0.53425 	0.48875 	0.48875 	0.00000 	0.48875 	
0.34643	0         	0.29692 	0.38862 	0.53372 	0.53372 	0.48800 	0.48800 	0.00000 	0.48800 	
0.34743	0         	0.29629 	0.38802 	0.53318 	0.53318 	0.48723 	0.48723 	0.00000 	0.48723 	
0.34843	0         	0.29586 	0.38750 	0.53267 	0.53267 	0.48650 	0.48650 	0.00000 	0.48650 	
0.34943	0         	0.29530 	0.38699 	0.53216 	0.53216 	0.48579 	0.48579 	0.00000 	0.48579 	
0.35042	0         	0.29488 	0.38645 	0.53160 	0.53160 	0.48499 	0.48499 	0.00000 	0.48499 	
0.35142	0         	0.29459 	0.38600 	0.53107 	0.53107 	0.48424 	0.48424 	0.00000 	0.48424 	
0.35242	0         	0.29445 	0.38557 	0.53055 	0.53055 	0.48349 	0.48349 	0.00000 	0.48349 	
0.35342	0         	0.29396 	0.38501 	0.52999 	0.52999 	0.48270 	0.48270 	0.00000 	0.48270 	
0.35442	0         	0.29340 	0.38437 	0.52942 	0.52942 	0.48191 	0.48191 	0.00000 	0.48191 	
0.35542	0         	0.29234 	0.38367 	0.52885 	0.52885 	0.48111 	0.48111 	0.00000 	0.48111 	
0.35641	0         	0.29191 	0.38314 	0.52832 	0.52832 	0.48037 	0.48037 	0.00000 	0.48037 	
0.35741	0         	0.29149 	0.38272 	0.52780 	0.52780 	0.47964 	0.47964 	0.00000 	0.47964 	
0.35841	0         	0.29107 	0.38214 	0.52727 	0.52727 	0.47889 	0.47889 	0.00000 	0.47889 	
0.35941	0         	0.29064 	0.38149 	0.52668 	0.52668 	0.47806 	0.47806 	0.00000 	0.47806 	
0.36041	0         	0.28966 	0.38067 	0.52601 	0.52601 	0.47712 	0.47712 	0.00000 	0.47712 	
0.36141	0         	0.28895 	0.38000 	0.52531 	0.52531 	0.47616 	0.47616 	0.00000 	0.47616 	
0.36240	0         	0.28839 	0.37939 	0.52461 	0.52461 	0.47519 	0.47519 	0.00000 	0.47519 	
0.36340	0         	0.28754 	0.37846 	0.52391 	0.52391 	0.47421 	0.47421 	0.00000 	0.47421 	
0.36440	0         	0.28698 	0.37789 	0.52324 	0.52324 	0.47327 	0.47327 	0.00000 	0.47327 	
0.36540	0         	0.28641 	0.37726 	0.52269 	0.52269 	0.47250 	0.47250 	0.00000 	0.47250 	
0.36640	0         	0.28620 	0.37678 	0.52212 	0.52212 	0.47171 	0.47171 	0.00000 	0.47171 	
0.36740	0         	0.28557 	0.37618 	0.52150 	0.52150 	0.47086 	0.47086 	0.00000 	0.47086 	
0.36839	0         	0.28479 	0.37551 	0.52096 	0.52096 	0.47011 	0.47011 	0.00000 	0.47011 	
0.36939	0         	0.28422 	0.37497 	0.52045 	0.52045 	0.46940 	0.46940 	0.00000 	0.46940 	
0.37039	0         	0.28352 	0.37419 	0.51992 	0.51992 	0.46868 	0.46868 	0.00000 	0.46868 	
0.37139	0         	0.28295 	0.37345 	0.51929 	0.51929 	0.46781 	0.46781 	0.00000 	0.46781 	
0.37239	0         	0.28267 	0.37301 	0.51873 	0.51873 	0.46704 	0.46704 	0.00000 	0.46704 	
0.37339	0         	0.28246 	0.37253 	0.51813 	0.51813 	0.46621 	0.46621 	0.00000 	0.46621 	
0.37438	0         	0.28176 	0.37188 	0.51750 	0.51750 	0.46536 	0.46536 	0.00000 	0.46536 	
0.37538	0         	0.28119 	0.37113 	0.51691 	0.51691 	0.46454 	0.46454 	0.00000 	0.46454 	
0.37638	0         	0.28063 	0.37046 	0.51632 	0.51632 	0.46373 	0.46373 	0.00000 	0.46373 	
0.37738	0         	0.28027 	0.36995 	0.51571 	0.51571 	0.46289 	0.46289 	0.00000 	0.46289 	
0.37838	0         	0.27964 	0.36927 	0.51515 	0.51515 	0.46213 	0.46213 	0.00000 	0.46213 	
0.37938	0         	0.27900 	0.36866 	0.51459 	0.51459 	0.46137 	0.46137 	0.00000 	0.46137 	
0.38037	0         	0.27830 	0.36805 	0.51401 	0.51401 	0.46057 	0.46057 	0.00000 	0.46057 	
0.38137	0         	0.27781 	0.36738 	0.51336 	0.51336 	0.45969 	0.45969 	0.00000 	0.45969 	
0.38237	0         	0.27703 	0.36653 	0.51262 	0.51262 	0.45868 	0.45868 	0.00000 	0.45868 	
0.38337	0         	0.27597 	0.36572 	0.51187 	0.51187 	0.45766 	0.45766 	0.00000 	0.45766 	
0.38437	0         	0.27541 	0.36499 	0.51112 	0.51112 	0.45665 	0.45665 	0.00000 	0.45665 	
0.38537	0         	0.27456 	0.36427 	0.51050 	0.51050 	0.45580 	0.45580 	0.00000 	0.45580 	
0.38636	0         	0.27393 	0.36349 	0.50981 	0.50981 	0.45486 	0.45486 	0.00000 	0.45486 	
0.38736	0         	0.27322 	0.36295 	0.50930 	0.50930 	0.45418 	0.45418 	0.00000 	0.45418 	
0.38836	0         	0.27287 	0.36237 	0.50870 	0.50870 	0.45336 	0.45336 	0.00000 	0.45336 	
0.38936	0         	0.27195 	0.36147 	0.50801 	0.50801 	0.45243 	0.45243 	0.00000 	0.45243 	
0.39036	0         	0.27124 	0.36080 	0.50734 	0.50734 	0.45151 	0.45151 	0.00000 	0.45151 	
0.39136	0         	0.26990 	0.35983 	0.50671 	0.50671 	0.45067 	0.45067 	0.00000 	0.45067 	
0.39235	0         	0.26899 	0.35909 	0.50603 	0.50603 	0.44975 	0.44975 	0.00000 	0.44975 	
0.39335	0         	0.26814 	0.35826 	0.50532 	0.50532 	0.44880 	0.44880 	0.00000 	0.44880 	
0.39435	0         	0.26765 	0.35766 	0.50473 	0.50473 	0.44800 	0.44800 	0.00000 	0.44800 	
0.39535	0         	0.26715 	0.35710 	0.50409 	0.50409 	0.44714 	0.44714 	0.00000 	0.44714 	
0.39635	0         	0.26666 	0.35639 	0.50348 	0.50348 	0.44630 	0.44630 	0.00000 	0.44630 	
0.39735	0         	0.26610 	0.35573 	0.50285 	0.50285 	0.44546 	0.44546 	0.00000 	0.44546 	
0.39834	0         	0.26560 	0.35504 	0.50222 	0.50222 	0.44463 	0.44463 	0.00000 	0.44463 	
0.39934	0         	0.26504 	0.35437 	0.50155 	0.50155 	0.44373 	0.44373 	0.00000 	0.44373 	
0.40034	0         	0.26384 	0.35343 	0.50079 	0.50079 	0.44271 	0.44271 	0.00000 	0.44271 	
0.40134	0         	0.26271 	0.35237 	0.50000 	0.50000 	0.44166 	0.44166 	0.00000 	0.44166 	
0.40234	0         	0.26215 	0.35158 	0.49921 	0.49921 	0.44060 	0.44060 	0.00000 	0.44060 	
0.40334	0         	0.26172 	0.35106 	0.49872 	0.49872 	0.43995 	0.43995 	0.00000 	0.43995 	
0.40433	0         	0.26038 	0.34997 	0.49796 	0.49796 	0.43894 	0.43894 	0.00000 	0.43894 	
0.40533	0         	0.25982 	0.34930 	0.49730 	0.49730 	0.43806 	0.43806 	0.00000 	0.43806 	
0.40633	0         	0.25918 	0.34840 	0.49656 	0.49656 	0.43708 	0.43708 	0.00000 	0.43708 	
0.40733	0         	0.25812 	0.34744 	0.49584 	0.49584 	0.43612 	0.43612 	0.00000 	0.43612 	
0.40833	0         	0.25728 	0.34659 	0.49516 	0.49516 	0.43523 	0.43523 	0.00000 	0.43523 	
0.40933	0         	0.25643 	0.34572 	0.49449 	0.49449 	0.43435 	0.43435 	0.00000 	0.43435 	
0.41032	0         	0.25587 	0.34490 	0.49378 	0.49378 	0.43342 	0.43342 	0.00000 	0.43342 	
0.41132	0         	0.25537 	0.34427 	0.49309 	0.49309 	0.43250 	0.43250 	0.00000 	0.43250 	
0.41232	0         	0.25474 	0.34346 	0.49240 	0.49240 	0.43158 	0.43158 	0.00000 	0.43158 	
0.41332	0         	0.25368 	0.34238 	0.49169 	0.49169 	0.43066 	0.43066 	0.00000 	0.43066 	
0.41432	0         	0.25297 	0.34161 	0.49105 	0.49105 	0.42981 	0.42981 	0.00000 	0.42981 	
0.41531	0         	0.25241 	0.34070 	0.49038 	0.49038 	0.42894 	0.42894 	0.00000 	0.42894 	
0.41631	0         	0.25178 	0.33997 	0.48967 	0.48967 	0.42801 	0.42801 	0.00000 	0.42801 	
0.41731	0         	0.25036 	0.33876 	0.48887 	0.48887 	0.42695 	0.42695 	0.00000 	0.42695 	
0.41831	0         	0.24959 	0.33786 	0.48804 	0.48804 	0.42586 	0.42586 	0.00000 	0.42586 	
0.41931	0         	0.24874 	0.33704 	0.48745 	0.48745 	0.42510 	0.42510 	0.00000 	0.42510 	
0.42031	0         	0.24797 	0.33619 	0.48669 	0.48669 	0.42411 	0.42411 	0.00000 	0.42411 	
0.42130	0         	0.24705 	0.33530 	0.48596 	0.48596 	0.42315 	0.42315 	0.00000 	0.42315 	
0.42230	0         	0.24663 	0.33460 	0.48523 	0.48523 	0.42219 	0.42219 	0.00000 	0.42219 	
0.42330	0         	0.24599 	0.33384 	0.48445 	0.48445 	0.42119 	0.42119 	0.00000 	0.42119 	
0.42430	0         	0.24543 	0.33318 	0.48376 	0.48376 	0.42027 	0.42027 	0.00000 	0.42027 	
0.42530	0         	0.24458 	0.33220 	0.48300 	0.48300 	0.41930 	0.41930 	0.00000 	0.41930 	
0.42630	0         	0.24338 	0.33124 	0.48226 	0.48226 	0.41834 	0.41834 	0.00000 	0.41834 	
0.42729	0         	0.24303 	0.33051 	0.48160 	0.48160 	0.41749 	0.41749 	0.00000 	0.41749 	
0.42829	0         	0.24239 	0.32972 	0.48088 	0.48088 	0.41656 	0.41656 	0.00000 	0.41656 	
0.42929	0         	0.24176 	0.32887 	0.48021 	0.48021 	0.41570 	0.41570 	0.00000 	0.41570 	
0.43029	0         	0.24091 	0.32815 	0.47954 	0.47954 	0.41485 	0.41485 	0.00000 	0.41485 	
0.43129	0         	0.23971 	0.32714 	0.47880 	0.47880 	0.41390 	0.41390 	0.00000 	0.41390 	
0.43229	0         	0.23901 	0.32627 	0.47807 	0.47807 	0.41295 	0.41295 	0.00000 	0.41295 	
0.43328	0         	0.23823 	0.32514 	0.47727 	0.47727 	0.41194 	0.41194 	0.00000 	0.41194 	
0.43428	0         	0.23760 	0.32433 	0.47650 	0.47650 	0.41095 	0.41095 	0.00000 	0.41095 	
0.43528	0         	0.23689 	0.32343 	0.47577 	0.47577 	0.41003 	0.41003 	0.00000 	0.41003 	
0.43628	0         	0.23626 	0.32248 	0.47503 	0.47503 	0.40909 	0.40909 	0.00000 	0.40909 	
0.43728	0         	0.23590 	0.32154 	0.47428 	0.47428 	0.40814 	0.40814 	0.00000 	0.40814 	
0.43828	0         	0.23527 	0.32035 	0.47348 	0.47348 	0.40714 	0.40714 	0.00000 	0.40714 	
0.43927	0         	0.23428 	0.31911 	0.47272 	0.47272 	0.40617 	0.40617 	0.00000 	0.40617 	
0.44027	0         	0.23343 	0.31817 	0.47198 	0.47198 	0.40523 	0.40523 	0.00000 	0.40523 	
0.44127	0         	0.23308 	0.31714 	0.47129 	0.47129 	0.40434 	0.40434 	0.00000 	0.40434 	
0.44227	0         	0.23224 	0.31606 	0.47054 	0.47054 	0.40338 	0.40338 	0.00000 	0.40338 	
0.44327	0         	0.23167 	0.31512 	0.46977 	0.46977 	0.40242 	0.40242 	0.00000 	0.40242 	
0.44427	0         	0.23068 	0.31396 	0.46901 	0.46901 	0.40145 	0.40145 	0.00000 	0.40145 	
0.44526	0         	0.23019 	0.31320 	0.46835 	0.46835 	0.40062 	0.40062 	0.00000 	0.40062 	
0.44626	0         	0.22913 	0.31201 	0.46756 	0.46756 	0.39962 	0.39962 	0.00000 	0.39962 	
0.44726	0         	0.22828 	0.31088 	0.46680 	0.46680 	0.39866 	0.39866 	0.00000 	0.39866 	
0.44826	0         	0.22744 	0.30979 	0.46605 	0.46605 	0.39774 	0.39774 	0.00000 	0.39774 	
0.44926	0         	0.22652 	0.30870 	0.46533 	0.46533 	0.39684 	0.39684 	0.00000 	0.39684 	
0.45026	0         	0.22617 	0.30784 	0.46469 	0.46469 	0.39600 	0.39600 	0.00000 	0.39600 	
0.45125	0         	0.22532 	0.30649 	0.46384 	0.46384 	0.39496 	0.39496 	0.00000 	0.39496 	
0.45225	0         	0.22462 	0.30540 	0.46307 	0.46307 	0.39400 	0.39400 	0.00000 	0.39400 	
0.45325	0         	0.22384 	0.30431 	0.46230 	0.46230 	0.39304 	0.39304 	0.00000 	0.39304 	
0.45425	0         	0.22306 	0.30332 	0.46152 	0.46152 	0.39205 	0.39205 	0.00000 	0.39205 	
0.45525	0         	0.22257 	0.30221 	0.46072 	0.46072 	0.39106 	0.39106 	0.00000 	0.39106 	
0.45625	0         	0.22158 	0.30106 	0.45991 	0.45991 	0.39006 	0.39006 	0.00000 	0.39006 	
0.45724	0         	0.22026 	0.30008 	0.45917 	0.45917 	0.38914 	0.38914 	0.00000 	0.38914 	
0.45824	0         	0.21854 	0.29886 	0.45835 	0.45835 	0.38815 	0.38815 	0.00000 	0.38815 	
0.45924	0         	0.21744 	0.29786 	0.45753 	0.45753 	0.38714 	0.38714 	0.00000 	0.38714 	
0.46024	0         	0.21508 	0.29653 	0.45672 	0.45672 	0.38613 	0.38613 	0.00000 	0.38613 	
0.46124	0         	0.21351 	0.29529 	0.45592 	0.45592 	0.38514 	0.38514 	0.00000 	0.38514 	
0.46224	0         	0.21210 	0.29429 	0.45512 	0.45512 	0.38414 	0.38414 	0.00000 	0.38414 	
0.46323	0         	0.21068 	0.29319 	0.45430 	0.45430 	0.38313 	0.38313 	0.00000 	0.38313 	
0.46423	0         	0.20919 	0.29222 	0.45350 	0.45350 	0.38214 	0.38214 	0.00000 	0.38214 	
0.46523	0         	0.20786 	0.29131 	0.45268 	0.45268 	0.38115 	0.38115 	0.00000 	0.38115 	
0.46623	0         	0.20684 	0.29052 	0.45189 	0.45189 	0.38017 	0.38017 	0.00000 	0.38017 	
0.46723	0         	0.20597 	0.28984 	0.45114 	0.45114 	0.37924 	0.37924 	0.00000 	0.37924 	
0.46823	0         	0.20495 	0.28913 	0.45036 	0.45036 	0.37829 	0.37829 	0.00000 	0.37829 	
0.46922	0         	0.20393 	0.28827 	0.44952 	0.44952 	0.37725 	0.37725 	0.00000 	0.37725 	
0.47022	0         	0.20291 	0.28748 	0.44873 	0.44873 	0.37628 	0.37628 	0.00000 	0.37628 	
0.47122	0         	0.20205 	0.28683 	0.44795 	0.44795 	0.37533 	0.37533 	0.00000 	0.37533 	
0.47222	0         	0.20103 	0.28586 	0.44709 	0.44709 	0.37428 	0.37428 	0.00000 	0.37428 	
0.47322	0         	0.20008 	0.28511 	0.44629 	0.44629 	0.37330 	0.37330 	0.00000 	0.37330 	
0.47422	0         	0.19945 	0.28426 	0.44542 	0.44542 	0.37223 	0.37223 	0.00000 	0.37223 	
0.47521	0         	0.19875 	0.28341 	0.44458 	0.44458 	0.37121 	0.37121 	0.00000 	0.37121 	
0.47621	0         	0.19796 	0.28267 	0.44370 	0.44370 	0.37014 	0.37014 	0.00000 	0.37014 	
0.47721	0         	0.19710 	0.28188 	0.44284 	0.44284 	0.36908 	0.36908 	0.00000 	0.36908 	
0.47821	0         	0.19647 	0.28122 	0.44196 	0.44196 	0.36803 	0.36803 	0.00000 	0.36803 	
0.47921	0         	0.19616 	0.28052 	0.44111 	0.44111 	0.36702 	0.36702 	0.00000 	0.36702 	
0.48021	0         	0.19592 	0.27992 	0.44033 	0.44033 	0.36605 	0.36605 	0.00000 	0.36605 	
0.48120	0         	0.19545 	0.27925 	0.43948 	0.43948 	0.36499 	0.36499 	0.00000 	0.36499 	
0.48220	0         	0.19514 	0.27864 	0.43859 	0.43859 	0.36389 	0.36389 	0.00000 	0.36389 	
0.48320	0         	0.19482 	0.27801 	0.43773 	0.43773 	0.36285 	0.36285 	0.00000 	0.36285 	
0.48420	0         	0.19435 	0.27730 	0.43690 	0.43690 	0.36184 	0.36184 	0.00000 	0.36184 	
0.48520	0         	0.19404 	0.27665 	0.43600 	0.43600 	0.36075 	0.36075 	0.00000 	0.36075 	
0.48620	0         	0.19364 	0.27606 	0.43511 	0.43511 	0.35969 	0.35969 	0.00000 	0.35969 	
0.48719	0         	0.19333 	0.27541 	0.43419 	0.43419 	0.35861 	0.35861 	0.00000 	0.35861 	
0.48819	0         	0.19278 	0.27472 	0.43330 	0.43330 	0.35755 	0.35755 	0.00000 	0.35755 	
0.48919	0         	0.19270 	0.27418 	0.43238 	0.43238 	0.35646 	0.35646 	0.00000 	0.35646 	
0.49019	0         	0.19254 	0.27367 	0.43157 	0.43157 	0.35551 	0.35551 	0.00000 	0.35551 	
0.49119	0         	0.19223 	0.27314 	0.43073 	0.43073 	0.35452 	0.35452 	0.00000 	0.35452 	
0.49219	0         	0.19207 	0.27251 	0.42983 	0.42983 	0.35348 	0.35348 	0.00000 	0.35348 	
0.49318	0         	0.19168 	0.27195 	0.42897 	0.42897 	0.35248 	0.35248 	0.00000 	0.35248 	
0.49418	0         	0.19137 	0.27126 	0.42820 	0.42820 	0.35159 	0.35159 	0.00000 	0.35159 	
0.49518	0         	0.19113 	0.27068 	0.42733 	0.42733 	0.35059 	0.35059 	0.00000 	0.35059 	
0.49618	0         	0.19089 	0.27012 	0.42639 	0.42639 	0.34950 	0.34950 	0.00000 	0.34950 	
0.49718	0         	0.19050 	0.26942 	0.42546 	0.42546 	0.34844 	0.34844 	0.00000 	0.34844 	
0.49818	0         	0.18980 	0.26878 	0.42451 	0.42451 	0.34735 	0.34735 	0.00000 	0.34735 	
0.49917	0         	0.18948 	0.26825 	0.42361 	0.42361 	0.34632 	0.34632 	0.00000 	0.34632 	
0.50017	0         	0.18917 	0.26777 	0.42274 	0.42274 	0.34533 	0.34533 	0.00000 	0.34533 	
0.50117	0         	0.18893 	0.26730 	0.42193 	0.42193 	0.34440 	0.34440 	0.00000 	0.34440 	
0.50217	0         	0.18846 	0.26674 	0.42101 	0.42101 	0.34337 	0.34337 	0.00000 	0.34337 	
0.50317	0         	0.18815 	0.26626 	0.42009 	0.42009 	0.34234 	0.34234 	0.00000 	0.34234 	
0.50417	0         	0.18783 	0.26562 	0.41932 	0.41932 	0.34147 	0.34147 	0.00000 	0.34147 	
0.50516	0         	0.18736 	0.26510 	0.41844 	0.41844 	0.34048 	0.34048 	0.00000 	0.34048 	
0.50616	0         	0.18720 	0.26454 	0.41749 	0.41749 	0.33941 	0.33941 	0.00000 	0.33941 	
0.50716	0         	0.18705 	0.26399 	0.41657 	0.41657 	0.33838 	0.33838 	0.00000 	0.33838 	
0.50816	0         	0.18650 	0.26334 	0.41558 	0.41558 	0.33728 	0.33728 	0.00000 	0.33728 	
0.50916	0         	0.18603 	0.26270 	0.41464 	0.41464 	0.33624 	0.33624 	0.00000 	0.33624 	
0.51016	0         	0.18555 	0.26205 	0.41372 	0.41372 	0.33521 	0.33521 	0.00000 	0.33521 	
0.51115	0         	0.18532 	0.26155 	0.41288 	0.41288 	0.33429 	0.33429 	0.00000 	0.33429 	
0.51215	0         	0.18508 	0.26110 	0.41199 	0.41199 	0.33330 	0.33330 	0.00000 	0.33330 	
0.51315	0         	0.18485 	0.26054 	0.41103 	0.41103 	0.33225 	0.33225 	0.00000 	0.33225 	
0.51415	0         	0.18446 	0.25990 	0.41021 	0.41021 	0.33134 	0.33134 	0.00000 	0.33134 	
0.51515	0         	0.18427 	0.25958 	0.41003 	0.41003 	0.33096 	0.33096 	0.00000 	0.33096 	
0.51615	0         	0.18356 	0.25926 	0.40977 	0.40977 	0.33049 	0.33049 	0.00000 	0.33049 	
0.51714	0         	0.18279 	0.25887 	0.40937 	0.40937 	0.32987 	0.32987 	0.00000 	0.32987 	
0.51814	0         	0.18229 	0.25840 	0.40862 	0.40862 	0.32904 	0.32904 	0.00000 	0.32904 	
0.51914	0         	0.18201 	0.25792 	0.40768 	0.40768 	0.32800 	0.32800 	0.00000 	0.32800 	
0.52014	0         	0.18123 	0.25721 	0.40665 	0.40665 	0.32691 	0.32691 	0.00000 	0.32691 	
0.52114	0         	0.18081 	0.25668 	0.40570 	0.40570 	0.32587 	0.32587 	0.00000 	0.32587 	
0.52214	0         	0.17982 	0.25596 	0.40470 	0.40470 	0.32477 	0.32477 	0.00000 	0.32477 	
0.52313	0         	0.17947 	0.25543 	0.40378 	0.40378 	0.32377 	0.32377 	0.00000 	0.32377 	
0.52413	0         	0.17891 	0.25481 	0.40281 	0.40281 	0.32272 	0.32272 	0.00000 	0.32272 	
0.52513	0         	0.17855 	0.25432 	0.40183 	0.40183 	0.32168 	0.32168 	0.00000 	0.32168 	
0.52613	0         	0.17820 	0.25383 	0.40095 	0.40095 	0.32072 	0.32072 	0.00000 	0.32072 	
0.52713	0         	0.17735 	0.25318 	0.40002 	0.40002 	0.31973 	0.31973 	0.00000 	0.31973 	
0.52813	0         	0.17658 	0.25254 	0.39910 	0.39910 	0.31874 	0.31874 	0.00000 	0.31874 	
0.52912	0         	0.17594 	0.25181 	0.39809 	0.39809 	0.31767 	0.31767 	0.00000 	0.31767 	
0.53012	0         	0.17524 	0.25117 	0.39703 	0.39703 	0.31654 	0.31654 	0.00000 	0.31654 	
0.53112	0         	0.17467 	0.25051 	0.39600 	0.39600 	0.31544 	0.31544 	0.00000 	0.31544 	
0.53212	0         	0.17439 	0.24993 	0.39526 	0.39526 	0.31462 	0.31462 	0.00000 	0.31462 	
0.53312	0         	0.17390 	0.24939 	0.39421 	0.39421 	0.31351 	0.31351 	0.00000 	0.31351 	
0.53412	0         	0.17270 	0.24855 	0.39320 	0.39320 	0.31244 	0.31244 	0.00000 	0.31244 	
0.53511	0         	0.17256 	0.24805 	0.39225 	0.39225 	0.31142 	0.31142 	0.00000 	0.31142 	
0.53611	0         	0.17213 	0.24756 	0.39142 	0.39142 	0.31055 	0.31055 	0.00000 	0.31055 	
0.53711	0         	0.17157 	0.24690 	0.39050 	0.39050 	0.30958 	0.30958 	0.00000 	0.30958 	
0.53811	0         	0.17079 	0.24620 	0.38948 	0.38948 	0.30851 	0.30851 	0.00000 	0.30851 	
0.53911	0         	0.17023 	0.24559 	0.38846 	0.38846 	0.30743 	0.30743 	0.00000 	0.30743 	
0.54011	0         	0.16952 	0.24493 	0.38742 	0.38742 	0.30634 	0.30634 	0.00000 	0.30634 	
0.54110	0         	0.16889 	0.24317 	0.38670 	0.38670 	0.30553 	0.30553 	0.00000 	0.30553 	
0.54210	0         	0.16832 	0.24252 	0.38569 	0.38569 	0.30447 	0.30447 	0.00000 	0.30447 	
0.54310	0         	0.16727 	0.24181 	0.38470 	0.38470 	0.30343 	0.30343 	0.00000 	0.30343 	
0.54410	0         	0.16670 	0.24119 	0.38366 	0.38366 	0.30234 	0.30234 	0.00000 	0.30234 	
0.54510	0         	0.16600 	0.24055 	0.38267 	0.38267 	0.30130 	0.30130 	0.00000 	0.30130 	
0.54610	0         	0.16536 	0.23991 	0.38178 	0.38178 	0.30035 	0.30035 	0.00000 	0.30035 	
0.54709	0         	0.16480 	0.23919 	0.38074 	0.38074 	0.29926 	0.29926 	0.00000 	0.29926 	
0.54809	0         	0.16444 	0.23874 	0.37982 	0.37982 	0.29828 	0.29828 	0.00000 	0.29828 	
0.54909	0         	0.16374 	0.23808 	0.37884 	0.37884 	0.29727 	0.29727 	0.00000 	0.29727 	
0.55009	0         	0.16296 	0.23741 	0.37785 	0.37785 	0.29624 	0.29624 	0.00000 	0.29624 	
0.55109	0         	0.16212 	0.23674 	0.37686 	0.37686 	0.29521 	0.29521 	0.00000 	0.29521 	
0.55209	0         	0.16134 	0.23608 	0.37586 	0.37586 	0.29419 	0.29419 	0.00000 	0.29419 	
0.55308	0         	0.16078 	0.23527 	0.37480 	0.37480 	0.29310 	0.29310 	0.00000 	0.29310 	
0.55408	0         	0.15993 	0.23458 	0.37389 	0.37389 	0.29214 	0.29214 	0.00000 	0.29214 	
0.55508	0         	0.15958 	0.23399 	0.37285 	0.37285 	0.29106 	0.29106 	0.00000 	0.29106 	
0.55608	0         	0.15873 	0.23322 	0.37180 	0.37180 	0.28997 	0.28997 	0.00000 	0.28997 	
0.55708	0         	0.15838 	0.23265 	0.37089 	0.37089 	0.28903 	0.28903 	0.00000 	0.28903 	
0.55808	0         	0.15767 	0.23202 	0.36981 	0.36981 	0.28791 	0.28791 	0.00000 	0.28791 	
0.55907	0         	0.15697 	0.23136 	0.36876 	0.36876 	0.28683 	0.28683 	0.00000 	0.28683 	
0.56007	0         	0.15605 	0.23067 	0.36777 	0.36777 	0.28581 	0.28581 	0.00000 	0.28581 	
0.56107	0         	0.15549 	0.23005 	0.36678 	0.36678 	0.28479 	0.28479 	0.00000 	0.28479 	
0.56207	0         	0.15464 	0.22939 	0.36579 	0.36579 	0.28376 	0.28376 	0.00000 	0.28376 	
0.56307	0         	0.15365 	0.22867 	0.36478 	0.36478 	0.28273 	0.28273 	0.00000 	0.28273 	
0.56407	0         	0.15280 	0.22796 	0.36374 	0.36374 	0.28167 	0.28167 	0.00000 	0.28167 	
0.56506	0         	0.15238 	0.22745 	0.36272 	0.36272 	0.28062 	0.28062 	0.00000 	0.28062 	
0.56606	0         	0.15146 	0.22676 	0.36164 	0.36164 	0.27952 	0.27952 	0.00000 	0.27952 	
0.56706	0         	0.15083 	0.22613 	0.36063 	0.36063 	0.27850 	0.27850 	0.00000 	0.27850 	
0.56806	0         	0.15069 	0.22562 	0.35961 	0.35961 	0.27748 	0.27748 	0.00000 	0.27748 	
0.56906	0         	0.15041 	0.22516 	0.35861 	0.35861 	0.27647 	0.27647 	0.00000 	0.27647 	
0.57006	0         	0.14942 	0.22442 	0.35753 	0.35753 	0.27541 	0.27541 	0.00000 	0.27541 	
0.57105	0         	0.14878 	0.22382 	0.35652 	0.35652 	0.27440 	0.27440 	0.00000 	0.27440 	
0.57205	0         	0.14766 	0.22302 	0.35549 	0.35549 	0.27337 	0.27337 	0.00000 	0.27337 	
0.57305	0         	0.14653 	0.22225 	0.35438 	0.35438 	0.27226 	0.27226 	0.00000 	0.27226 	
0.57405	0         	0.14603 	0.22176 	0.35340 	0.35340 	0.27129 	0.27129 	0.00000 	0.27129 	
0.57505	0         	0.14533 	0.22111 	0.35233 	0.35233 	0.27021 	0.27021 	0.00000 	0.27021 	
0.57605	0         	0.14455 	0.22045 	0.35119 	0.35119 	0.26900 	0.26900 	0.00000 	0.26900 	
0.57704	0         	0.14363 	0.21973 	0.35011 	0.35011 	0.26794 	0.26794 	0.00000 	0.26794 	
0.57804	0         	0.14293 	0.21916 	0.34909 	0.34909 	0.26694 	0.26694 	0.00000 	0.26694 	
0.57904	0         	0.14187 	0.21836 	0.34801 	0.34801 	0.26585 	0.26585 	0.00000 	0.26585 	
0.58004	0         	0.14081 	0.21759 	0.34683 	0.34683 	0.26472 	0.26472 	0.00000 	0.26472 	
0.58104	0         	0.13954 	0.21675 	0.34573 	0.34573 	0.26364 	0.26364 	0.00000 	0.26364 	
0.58204	0         	0.13870 	0.21602 	0.34462 	0.34462 	0.26255 	0.26255 	0.00000 	0.26255 	
0.58303	0         	0.13778 	0.21535 	0.34352 	0.34352 	0.26147 	0.26147 	0.00000 	0.26147 	
0.58403	0         	0.13714 	0.21477 	0.34256 	0.34256 	0.26052 	0.26052 	0.00000 	0.26052 	
0.58503	0         	0.13658 	0.21415 	0.34145 	0.34145 	0.25943 	0.25943 	0.00000 	0.25943 	
0.58603	0         	0.13609 	0.21353 	0.34032 	0.34032 	0.25833 	0.25833 	0.00000 	0.25833 	
0.58703	0         	0.13545 	0.21287 	0.33911 	0.33911 	0.25718 	0.25718 	0.00000 	0.25718 	
0.58803	0         	0.13475 	0.21217 	0.33796 	0.33796 	0.25607 	0.25607 	0.00000 	0.25607 	
0.58902	0         	0.13404 	0.21147 	0.33688 	0.33688 	0.25502 	0.25502 	0.00000 	0.25502 	
0.59002	0         	0.13362 	0.21091 	0.33577 	0.33577 	0.25397 	0.25397 	0.00000 	0.25397 	
0.59102	0         	0.13284 	0.21019 	0.33456 	0.33456 	0.25282 	0.25282 	0.00000 	0.25282 	
0.59202	0         	0.13228 	0.20961 	0.33347 	0.33347 	0.25181 	0.25181 	0.00000 	0.25181 	
0.59302	0         	0.13164 	0.20897 	0.33226 	0.33226 	0.25066 	0.25066 	0.00000 	0.25066 	
0.59402	0         	0.13051 	0.20813 	0.33102 	0.33102 	0.24950 	0.24950 	0.00000 	0.24950 	
0.59501	0         	0.12981 	0.20746 	0.32988 	0.32988 	0.24841 	0.24841 	0.00000 	0.24841 	
0.59601	0         	0.12924 	0.20684 	0.32874 	0.32874 	0.24733 	0.24733 	0.00000 	0.24733 	
0.59701	0         	0.12903 	0.20627 	0.32763 	0.32763 	0.24629 	0.24629 	0.00000 	0.24629 	
0.59801	0         	0.12847 	0.20565 	0.32649 	0.32649 	0.24522 	0.24522 	0.00000 	0.24522 	
0.59901	0         	0.12797 	0.20504 	0.32531 	0.32531 	0.24409 	0.24409 	0.00000 	0.24409 	
0.60001	0         	0.12706 	0.20423 	0.32411 	0.32411 	0.24297 	0.24297 	0.00000 	0.24297 	
0.60100	0         	0.12663 	0.20367 	0.32302 	0.32302 	0.24195 	0.24195 	0.00000 	0.24195 	
0.60200	0         	0.12614 	0.20295 	0.32180 	0.32180 	0.24083 	0.24083 	0.00000 	0.24083 	
0.60300	0         	0.12565 	0.20233 	0.32067 	0.32067 	0.23978 	0.23978 	0.00000 	0.23978 	
0.60400	0         	0.12445 	0.20151 	0.31949 	0.31949 	0.23867 	0.23867 	0.00000 	0.23867 	
0.60500	0         	0.12409 	0.20094 	0.31831 	0.31831 	0.23759 	0.23759 	0.00000 	0.23759 	
0.60600	0         	0.12360 	0.20025 	0.31705 	0.31705 	0.23640 	0.23640 	0.00000 	0.23640 	
0.60699	0         	0.12325 	0.19974 	0.31594 	0.31594 	0.23539 	0.23539 	0.00000 	0.23539 	
0.60799	0         	0.12275 	0.19918 	0.31483 	0.31483 	0.23436 	0.23436 	0.00000 	0.23436 	
0.60899	0         	0.12198 	0.19844 	0.31364 	0.31364 	0.23325 	0.23325 	0.00000 	0.23325 	
0.60999	0         	0.12134 	0.19779 	0.31248 	0.31248 	0.23219 	0.23219 	0.00000 	0.23219 	
0.61099	0         	0.12078 	0.19713 	0.31129 	0.31129 	0.23111 	0.23111 	0.00000 	0.23111 	
0.61199	0         	0.12035 	0.19646 	0.31002 	0.31002 	0.22995 	0.22995 	0.00000 	0.22995 	
0.61298	0         	0.11979 	0.19577 	0.30889 	0.30889 	0.22892 	0.22892 	0.00000 	0.22892 	
0.61398	0         	0.11923 	0.19518 	0.30770 	0.30770 	0.22783 	0.22783 	0.00000 	0.22783 	
0.61498	0         	0.11838 	0.19439 	0.30642 	0.30642 	0.22666 	0.22666 	0.00000 	0.22666 	
0.61598	0         	0.11774 	0.19375 	0.30535 	0.30535 	0.22570 	0.22570 	0.00000 	0.22570 	
0.61698	0         	0.11746 	0.19318 	0.30417 	0.30417 	0.22463 	0.22463 	0.00000 	0.22463 	
0.61798	0         	0.11711 	0.19263 	0.30302 	0.30302 	0.22358 	0.22358 	0.00000 	0.22358 	
0.61897	0         	0.11655 	0.19195 	0.30179 	0.30179 	0.22247 	0.22247 	0.00000 	0.22247 	
0.61997	0         	0.11619 	0.19143 	0.30066 	0.30066 	0.22143 	0.22143 	0.00000 	0.22143 	
0.62097	0         	0.11584 	0.19084 	0.29955 	0.29955 	0.22047 	0.22047 	0.00000 	0.22047 	
0.62197	0         	0.11513 	0.19012 	0.29841 	0.29841 	0.21944 	0.21944 	0.00000 	0.21944 	
0.62297	0         	0.11464 	0.18947 	0.29728 	0.29728 	0.21842 	0.21842 	0.00000 	0.21842 	
0.62397	0         	0.11365 	0.18862 	0.29602 	0.29602 	0.21728 	0.21728 	0.00000 	0.21728 	
0.62496	0         	0.11281 	0.18789 	0.29485 	0.29485 	0.21623 	0.21623 	0.00000 	0.21623 	
0.62596	0         	0.11210 	0.18722 	0.29377 	0.29377 	0.21525 	0.21525 	0.00000 	0.21525 	
0.62696	0         	0.11132 	0.18658 	0.29262 	0.29262 	0.21423 	0.21423 	0.00000 	0.21423 	
0.62796	0         	0.11027 	0.18580 	0.29151 	0.29151 	0.21323 	0.21323 	0.00000 	0.21323 	
0.62896	0         	0.10970 	0.18523 	0.29035 	0.29035 	0.21220 	0.21220 	0.00000 	0.21220 	
0.62996	0         	0.10900 	0.18454 	0.28914 	0.28914 	0.21112 	0.21112 	0.00000 	0.21112 	
0.63095	0         	0.10780 	0.18371 	0.28786 	0.28786 	0.20999 	0.20999 	0.00000 	0.20999 	
0.63195	0         	0.10702 	0.18310 	0.28695 	0.28695 	0.20916 	0.20916 	0.00000 	0.20916 	
0.63295	0         	0.10674 	0.18260 	0.28581 	0.28581 	0.20814 	0.20814 	0.00000 	0.20814 	
0.63395	0         	0.10582 	0.18182 	0.28454 	0.28454 	0.20704 	0.20704 	0.00000 	0.20704 	
0.63495	0         	0.10540 	0.18124 	0.28332 	0.28332 	0.20595 	0.20595 	0.00000 	0.20595 	
0.63595	0         	0.10462 	0.18060 	0.28232 	0.28232 	0.20507 	0.20507 	0.00000 	0.20507 	
0.63694	0         	0.10378 	0.17992 	0.28120 	0.28120 	0.20407 	0.20407 	0.00000 	0.20407 	
0.63794	0         	0.10279 	0.17915 	0.28006 	0.28006 	0.20306 	0.20306 	0.00000 	0.20306 	
0.63894	0         	0.10222 	0.17857 	0.27895 	0.27895 	0.20209 	0.20209 	0.00000 	0.20209 	
0.63994	0         	0.10095 	0.17766 	0.27756 	0.27756 	0.20087 	0.20087 	0.00000 	0.20087 	
0.64094	0         	0.10011 	0.17701 	0.27646 	0.27646 	0.19992 	0.19992 	0.00000 	0.19992 	
0.64194	0         	0.09947 	0.17627 	0.27511 	0.27511 	0.19872 	0.19872 	0.00000 	0.19872 	
0.64293	0         	0.09863 	0.17553 	0.27406 	0.27406 	0.19780 	0.19780 	0.00000 	0.19780 	
0.64393	0         	0.09834 	0.17497 	0.27299 	0.27299 	0.19688 	0.19688 	0.00000 	0.19688 	
0.64493	0         	0.09736 	0.17415 	0.27174 	0.27174 	0.19579 	0.19579 	0.00000 	0.19579 	
0.64593	0         	0.09679 	0.17343 	0.27070 	0.27070 	0.19488 	0.19488 	0.00000 	0.19488 	
0.64693	0         	0.09552 	0.17246 	0.26937 	0.26937 	0.19373 	0.19373 	0.00000 	0.19373 	
0.64793	0         	0.09489 	0.17174 	0.26830 	0.26830 	0.19281 	0.19281 	0.00000 	0.19281 	
0.64892	0         	0.09439 	0.17096 	0.26717 	0.26717 	0.19183 	0.19183 	0.00000 	0.19183 	
0.64992	0         	0.09376 	0.17012 	0.26582 	0.26582 	0.19068 	0.19068 	0.00000 	0.19068 	
0.65092	0         	0.09319 	0.16934 	0.26460 	0.26460 	0.18963 	0.18963 	0.00000 	0.18963 	
0.65192	0         	0.09199 	0.16812 	0.26325 	0.26325 	0.18847 	0.18847 	0.00000 	0.18847 	
0.65292	0         	0.09164 	0.16727 	0.26182 	0.26182 	0.18725 	0.18725 	0.00000 	0.18725 	
0.65392	0         	0.09108 	0.16650 	0.26047 	0.26047 	0.18610 	0.18610 	0.00000 	0.18610 	
0.65491	0         	0.09044 	0.16555 	0.25913 	0.25913 	0.18495 	0.18495 	0.00000 	0.18495 	
0.65591	0         	0.09009 	0.16472 	0.25777 	0.25777 	0.18381 	0.18381 	0.00000 	0.18381 	
0.65691	0         	0.08924 	0.16370 	0.25626 	0.25626 	0.18252 	0.18252 	0.00000 	0.18252 	
0.65791	0         	0.08854 	0.16278 	0.25491 	0.25491 	0.18138 	0.18138 	0.00000 	0.18138 	
0.65891	0         	0.08811 	0.16196 	0.25353 	0.25353 	0.18021 	0.18021 	0.00000 	0.18021 	
0.65991	0         	0.08720 	0.16094 	0.25215 	0.25215 	0.17906 	0.17906 	0.00000 	0.17906 	
0.66090	0         	0.08614 	0.15983 	0.25059 	0.25059 	0.17776 	0.17776 	0.00000 	0.17776 	
0.66190	0         	0.08550 	0.15885 	0.24909 	0.24909 	0.17650 	0.17650 	0.00000 	0.17650 	
0.66290	0         	0.08473 	0.15794 	0.24775 	0.24775 	0.17537 	0.17537 	0.00000 	0.17537 	
0.66390	0         	0.08416 	0.15702 	0.24634 	0.24634 	0.17420 	0.17420 	0.00000 	0.17420 	
0.66490	0         	0.08325 	0.15600 	0.24481 	0.24481 	0.17292 	0.17292 	0.00000 	0.17292 	
0.66590	0         	0.08240 	0.15499 	0.24335 	0.24335 	0.17168 	0.17168 	0.00000 	0.17168 	
0.66689	0         	0.08198 	0.15428 	0.24202 	0.24202 	0.17058 	0.17058 	0.00000 	0.17058 	
0.66789	0         	0.08134 	0.15311 	0.24048 	0.24048 	0.16931 	0.16931 	0.00000 	0.16931 	
0.66889	0         	0.08071 	0.15201 	0.23900 	0.23900 	0.16809 	0.16809 	0.00000 	0.16809 	
0.66989	0         	0.08007 	0.15103 	0.23741 	0.23741 	0.16677 	0.16677 	0.00000 	0.16677 	
0.67089	0         	0.07944 	0.15001 	0.23586 	0.23586 	0.16550 	0.16550 	0.00000 	0.16550 	
0.67189	0         	0.07894 	0.14905 	0.23441 	0.23441 	0.16431 	0.16431 	0.00000 	0.16431 	
0.67288	0         	0.07781 	0.14794 	0.23299 	0.23299 	0.16311 	0.16311 	0.00000 	0.16311 	
0.67388	0         	0.07676 	0.14684 	0.23145 	0.23145 	0.16184 	0.16184 	0.00000 	0.16184 	
0.67488	0         	0.07549 	0.14564 	0.22998 	0.22998 	0.16064 	0.16064 	0.00000 	0.16064 	
0.67588	0         	0.07492 	0.14445 	0.22833 	0.22833 	0.15930 	0.15930 	0.00000 	0.15930 	
0.67688	0         	0.07414 	0.14344 	0.22678 	0.22678 	0.15804 	0.15804 	0.00000 	0.15804 	
0.67788	0         	0.07337 	0.14233 	0.22530 	0.22530 	0.15684 	0.15684 	0.00000 	0.15684 	
0.67887	0         	0.07295 	0.14149 	0.22386 	0.22386 	0.15565 	0.15565 	0.00000 	0.15565 	
0.67987	0         	0.07238 	0.14041 	0.22219 	0.22219 	0.15431 	0.15431 	0.00000 	0.15431 	
0.68087	0         	0.07175 	0.13949 	0.22068 	0.22068 	0.15308 	0.15308 	0.00000 	0.15308 	
0.68187	0         	0.07062 	0.13835 	0.21912 	0.21912 	0.15182 	0.15182 	0.00000 	0.15182 	
0.68287	0         	0.06991 	0.13741 	0.21761 	0.21761 	0.15062 	0.15062 	0.00000 	0.15062 	
0.68387	0         	0.06857 	0.13623 	0.21597 	0.21597 	0.14931 	0.14931 	0.00000 	0.14931 	
0.68486	0         	0.06794 	0.13545 	0.21450 	0.21450 	0.14813 	0.14813 	0.00000 	0.14813 	
0.68586	0         	0.06723 	0.13449 	0.21287 	0.21287 	0.14683 	0.14683 	0.00000 	0.14683 	
0.68686	0         	0.06638 	0.13360 	0.21121 	0.21121 	0.14552 	0.14552 	0.00000 	0.14552 	
0.68786	0         	0.06561 	0.13272 	0.20958 	0.20958 	0.14423 	0.14423 	0.00000 	0.14423 	
0.68886	0         	0.06497 	0.13179 	0.20799 	0.20799 	0.14296 	0.14296 	0.00000 	0.14296 	
0.68986	0         	0.06434 	0.13101 	0.20660 	0.20660 	0.14184 	0.14184 	0.00000 	0.14184 	
0.69085	0         	0.06406 	0.13021 	0.20501 	0.20501 	0.14060 	0.14060 	0.00000 	0.14060 	
0.69185	0         	0.06349 	0.12947 	0.20352 	0.20352 	0.13943 	0.13943 	0.00000 	0.13943 	
0.69285	0         	0.06265 	0.12855 	0.20183 	0.20183 	0.13810 	0.13810 	0.00000 	0.13810 	
0.69385	0         	0.06180 	0.12770 	0.20037 	0.20037 	0.13696 	0.13696 	0.00000 	0.13696 	
0.69485	0         	0.06116 	0.12681 	0.19873 	0.19873 	0.13568 	0.13568 	0.00000 	0.13568 	
0.69585	0         	0.06053 	0.12599 	0.19723 	0.19723 	0.13452 	0.13452 	0.00000 	0.13452 	
0.69684	0         	0.05989 	0.12516 	0.19569 	0.19569 	0.13332 	0.13332 	0.00000 	0.13332 	
0.69784	0         	0.05919 	0.12423 	0.19405 	0.19405 	0.13205 	0.13205 	0.00000 	0.13205 	
0.69884	0         	0.05869 	0.12337 	0.19253 	0.19253 	0.13088 	0.13088 	0.00000 	0.13088 	
0.69984	0         	0.05806 	0.12245 	0.19105 	0.19105 	0.12974 	0.12974 	0.00000 	0.12974 	
0.70084	0         	0.05743 	0.12141 	0.18932 	0.18932 	0.12841 	0.12841 	0.00000 	0.12841 	
0.70184	0         	0.05658 	0.12039 	0.18783 	0.18783 	0.12727 	0.12727 	0.00000 	0.12727 	
0.70283	0         	0.05644 	0.11966 	0.18633 	0.18633 	0.12612 	0.12612 	0.00000 	0.12612 	
0.70383	0         	0.05545 	0.11853 	0.18462 	0.18462 	0.12480 	0.12480 	0.00000 	0.12480 	
0.70483	0         	0.05446 	0.11751 	0.18296 	0.18296 	0.12355 	0.12355 	0.00000 	0.12355 	
0.70583	0         	0.05362 	0.11617 	0.18165 	0.18165 	0.12252 	0.12252 	0.00000 	0.12252 	
0.70683	0         	0.05277 	0.11509 	0.18030 	0.18030 	0.12146 	0.12146 	0.00000 	0.12146 	
0.70783	0         	0.05242 	0.11425 	0.17867 	0.17867 	0.12023 	0.12023 	0.00000 	0.12023 	
0.70882	0         	0.05178 	0.11321 	0.17705 	0.17705 	0.11900 	0.11900 	0.00000 	0.11900 	
0.70982	0         	0.05164 	0.11246 	0.17557 	0.17557 	0.11790 	0.11790 	0.00000 	0.11790 	
0.71082	0         	0.05093 	0.11146 	0.17399 	0.17399 	0.11672 	0.11672 	0.00000 	0.11672 	
0.71182	0         	0.05044 	0.11064 	0.17249 	0.17249 	0.11560 	0.11560 	0.00000 	0.11560 	
0.71282	0         	0.05002 	0.10984 	0.17097 	0.17097 	0.11447 	0.11447 	0.00000 	0.11447 	
0.71382	0         	0.04952 	0.10909 	0.16929 	0.16929 	0.11321 	0.11321 	0.00000 	0.11321 	
0.71481	0         	0.04854 	0.10812 	0.16784 	0.16784 	0.11212 	0.11212 	0.00000 	0.11212 	
0.71581	0         	0.04734 	0.10708 	0.16610 	0.16610 	0.11084 	0.11084 	0.00000 	0.11084 	
0.71681	0         	0.04656 	0.10619 	0.16458 	0.16458 	0.10970 	0.10970 	0.00000 	0.10970 	
0.71781	0         	0.04621 	0.10540 	0.16281 	0.16281 	0.10839 	0.10839 	0.00000 	0.10839 	
0.71881	0         	0.04578 	0.10462 	0.16130 	0.16130 	0.10732 	0.10732 	0.00000 	0.10732 	
0.71981	0         	0.04529 	0.10396 	0.15987 	0.15987 	0.10632 	0.10632 	0.00000 	0.10632 	
0.72080	0         	0.04487 	0.10324 	0.15837 	0.15837 	0.10528 	0.10528 	0.00000 	0.10528 	
0.72180	0         	0.04430 	0.10238 	0.15697 	0.15697 	0.10428 	0.10428 	0.00000 	0.10428 	
0.72280	0         	0.04409 	0.10169 	0.15552 	0.15552 	0.10327 	0.10327 	0.00000 	0.10327 	
0.72380	0         	0.04360 	0.10089 	0.15401 	0.15401 	0.10222 	0.10222 	0.00000 	0.10222 	
0.72480	0         	0.04346 	0.10034 	0.15264 	0.15264 	0.10125 	0.10125 	0.00000 	0.10125 	
0.72580	0         	0.04325 	0.09975 	0.15125 	0.15125 	0.10028 	0.10028 	0.00000 	0.10028 	
0.72679	0         	0.04254 	0.09897 	0.14971 	0.14971 	0.09921 	0.09921 	0.00000 	0.09921 	
0.72779	0         	0.04219 	0.09759 	0.14748 	0.14748 	0.09759 	0.09759 	0.00000 	0.09759 	
0.72879	0         	0.04162 	0.09683 	0.14583 	0.14583 	0.09628 	0.09628 	0.00000 	0.09628 	
0.72979	0         	0.04056 	0.09614 	0.14482 	0.14482 	0.09523 	0.09523 	0.00000 	0.09523 	
0.73079	0         	0.03958 	0.09550 	0.14389 	0.14389 	0.09451 	0.09451 	0.00000 	0.09451 	
0.73179	0         	0.03915 	0.09480 	0.14239 	0.14239 	0.09346 	0.09346 	0.00000 	0.09346 	
0.73278	0         	0.03873 	0.09407 	0.14070 	0.14070 	0.09230 	0.09230 	0.00000 	0.09230 	
0.73378	0         	0.03810 	0.09326 	0.13914 	0.13914 	0.09119 	0.09119 	0.00000 	0.09119 	
0.73478	0         	0.03767 	0.09266 	0.13776 	0.13776 	0.09023 	0.09023 	0.00000 	0.09023 	
0.73578	0         	0.03725 	0.09193 	0.13607 	0.13607 	0.08907 	0.08907 	0.00000 	0.08907 	
0.73678	0         	0.03711 	0.09137 	0.13461 	0.13461 	0.08807 	0.08807 	0.00000 	0.08807 	
0.73778	0         	0.03690 	0.09074 	0.13310 	0.13310 	0.08705 	0.08705 	0.00000 	0.08705 	
0.73877	0         	0.03676 	0.09025 	0.13176 	0.13176 	0.08615 	0.08615 	0.00000 	0.08615 	
0.73977	0         	0.03633 	0.08954 	0.13020 	0.13020 	0.08510 	0.08510 	0.00000 	0.08510 	
0.74077	0         	0.03556 	0.08861 	0.12875 	0.12875 	0.08410 	0.08410 	0.00000 	0.08410 	
0.74177	0         	0.03541 	0.08814 	0.12746 	0.12746 	0.08324 	0.08324 	0.00000 	0.08324 	
0.74277	0         	0.03513 	0.08751 	0.12594 	0.12594 	0.08222 	0.08222 	0.00000 	0.08222 	
0.74377	0         	0.03478 	0.08690 	0.12448 	0.12448 	0.08124 	0.08124 	0.00000 	0.08124 	
0.74476	0         	0.03471 	0.08642 	0.12309 	0.12309 	0.08032 	0.08032 	0.00000 	0.08032 	
0.74576	0         	0.03436 	0.08580 	0.12161 	0.12161 	0.07934 	0.07934 	0.00000 	0.07934 	
0.74676	0         	0.03422 	0.08526 	0.12010 	0.12010 	0.07834 	0.07834 	0.00000 	0.07834 	
0.74776	0         	0.03372 	0.08462 	0.11867 	0.11867 	0.07741 	0.07741 	0.00000 	0.07741 	
0.74876	0         	0.03365 	0.08414 	0.11732 	0.11732 	0.07651 	0.07651 	0.00000 	0.07651 	
0.74976	0         	0.03323 	0.08308 	0.11527 	0.11527 	0.07518 	0.07518 	0.00000 	0.07518 	
0.75075	0         	0.03295 	0.08198 	0.11287 	0.11287 	0.07364 	0.07364 	0.00000 	0.07364 	
0.75175	0         	0.03295 	0.08143 	0.11169 	0.11169 	0.07288 	0.07288 	0.00000 	0.07288 	
0.75275	0         	0.03273 	0.08069 	0.11015 	0.11015 	0.07189 	0.07189 	0.00000 	0.07189 	
0.75375	0         	0.03259 	0.07982 	0.10864 	0.10864 	0.07091 	0.07091 	0.00000 	0.07091 	
0.75475	0         	0.03210 	0.07859 	0.10692 	0.10692 	0.06978 	0.06978 	0.00000 	0.06978 	
0.75575	0         	0.03182 	0.07730 	0.10538 	0.10538 	0.06878 	0.06878 	0.00000 	0.06878 	
0.75674	0         	0.03139 	0.07676 	0.10418 	0.10418 	0.06799 	0.06799 	0.00000 	0.06799 	
0.75774	0         	0.03111 	0.07598 	0.10299 	0.10299 	0.06719 	0.06719 	0.00000 	0.06719 	
0.75874	0         	0.03090 	0.07539 	0.10151 	0.10151 	0.06624 	0.06624 	0.00000 	0.06624 	
0.75974	0         	0.02942 	0.07184 	0.10052 	0.10052 	0.06535 	0.06535 	0.00000 	0.06535 	
0.76074	0         	0.02914 	0.07135 	0.09933 	0.09933 	0.06458 	0.06458 	0.00000 	0.06458 	
0.76174	0         	0.02899 	0.07083 	0.09799 	0.09799 	0.06371 	0.06371 	0.00000 	0.06371 	
0.76273	0         	0.02857 	0.07017 	0.09642 	0.09642 	0.06270 	0.06270 	0.00000 	0.06270 	
0.76373	0         	0.02808 	0.06957 	0.09511 	0.09511 	0.06184 	0.06184 	0.00000 	0.06184 	
0.76473	0         	0.02780 	0.06902 	0.09382 	0.09382 	0.06102 	0.06102 	0.00000 	0.06102 	
0.76573	0         	0.02751 	0.06838 	0.09226 	0.09226 	0.06002 	0.06002 	0.00000 	0.06002 	
0.76673	0         	0.02730 	0.06765 	0.09099 	0.09099 	0.05918 	0.05918 	0.00000 	0.05918 	
0.76773	0         	0.02660 	0.06690 	0.08961 	0.08961 	0.05830 	0.05830 	0.00000 	0.05830 	
0.76872	0         	0.02596 	0.06528 	0.08781 	0.08781 	0.05716 	0.05716 	0.00000 	0.05716 	
0.76972	0         	0.02540 	0.05907 	0.08508 	0.08508 	0.05544 	0.05544 	0.00000 	0.05544 	
0.77072	0         	0.02519 	0.05700 	0.08384 	0.08384 	0.05468 	0.05468 	0.00000 	0.05468 	
0.77172	0         	0.02497 	0.05638 	0.08261 	0.08261 	0.05390 	0.05390 	0.00000 	0.05390 	
0.77272	0         	0.02462 	0.05567 	0.08123 	0.08123 	0.05302 	0.05302 	0.00000 	0.05302 	
0.77372	0         	0.02441 	0.05511 	0.07998 	0.07998 	0.05224 	0.05224 	0.00000 	0.05224 	
0.77471	0         	0.02413 	0.05435 	0.07860 	0.07860 	0.05137 	0.05137 	0.00000 	0.05137 	
0.77571	0         	0.02370 	0.05351 	0.07674 	0.07674 	0.05024 	0.05024 	0.00000 	0.05024 	
0.77671	0         	0.02328 	0.05261 	0.07534 	0.07534 	0.04934 	0.04934 	0.00000 	0.04934 	
0.77771	0         	0.02321 	0.05206 	0.07385 	0.07385 	0.04841 	0.04841 	0.00000 	0.04841 	
0.77871	0         	0.02307 	0.05151 	0.07247 	0.07247 	0.04755 	0.04755 	0.00000 	0.04755 	
0.77971	0         	0.02250 	0.05078 	0.07096 	0.07096 	0.04661 	0.04661 	0.00000 	0.04661 	
0.78070	0         	0.02201 	0.05012 	0.06953 	0.06953 	0.04573 	0.04573 	0.00000 	0.04573 	
0.78170	0         	0.02053 	0.04797 	0.06827 	0.06827 	0.04482 	0.04482 	0.00000 	0.04482 	
0.78270	0         	0.01630 	0.04217 	0.06727 	0.06727 	0.04390 	0.04390 	0.00000 	0.04390 	
0.78370	0         	0.01608 	0.04164 	0.06597 	0.06597 	0.04309 	0.04309 	0.00000 	0.04309 	
0.78470	0         	0.01601 	0.04115 	0.06465 	0.06465 	0.04229 	0.04229 	0.00000 	0.04229 	
0.78570	0         	0.01594 	0.04056 	0.06319 	0.06319 	0.04139 	0.04139 	0.00000 	0.04139 	
0.78669	0         	0.01545 	0.03980 	0.06163 	0.06163 	0.04041 	0.04041 	0.00000 	0.04041 	
0.78769	0         	0.01489 	0.03879 	0.06033 	0.06033 	0.03955 	0.03955 	0.00000 	0.03955 	
0.78869	0         	0.01467 	0.03822 	0.05898 	0.05898 	0.03871 	0.03871 	0.00000 	0.03871 	
0.78969	0         	0.01411 	0.03756 	0.05780 	0.05780 	0.03795 	0.03795 	0.00000 	0.03795 	
0.79069	0         	0.01397 	0.03702 	0.05641 	0.05641 	0.03710 	0.03710 	0.00000 	0.03710 	
0.79169	0         	0.01376 	0.03652 	0.05521 	0.05521 	0.03636 	0.03636 	0.00000 	0.03636 	
0.79268	0         	0.01355 	0.03596 	0.05404 	0.05404 	0.03563 	0.03563 	0.00000 	0.03563 	
0.79368	0         	0.01347 	0.03545 	0.05275 	0.05275 	0.03484 	0.03484 	0.00000 	0.03484 	
0.79468	0         	0.01333 	0.03482 	0.05162 	0.05162 	0.03412 	0.03412 	0.00000 	0.03412 	
0.79568	0         	0.01298 	0.03428 	0.05045 	0.05045 	0.03340 	0.03340 	0.00000 	0.03340 	
0.79668	0         	0.01277 	0.03378 	0.04932 	0.04932 	0.03264 	0.03264 	0.00000 	0.03264 	
0.79768	0         	0.01263 	0.03325 	0.04802 	0.04802 	0.03185 	0.03185 	0.00000 	0.03185 	
0.79867	0         	0.01256 	0.03270 	0.04682 	0.04682 	0.03113 	0.03113 	0.00000 	0.03113 	
0.79967	0         	0.01235 	0.03221 	0.04566 	0.04566 	0.03039 	0.03039 	0.00000 	0.03039 	
0.80067	0         	0.01206 	0.03167 	0.04445 	0.04445 	0.02963 	0.02963 	0.00000 	0.02963 	
0.80167	0         	0.01192 	0.03124 	0.04331 	0.04331 	0.02894 	0.02894 	0.00000 	0.02894 	
0.80267	0         	0.01178 	0.03079 	0.04212 	0.04212 	0.02821 	0.02821 	0.00000 	0.02821 	
0.80367	0         	0.01143 	0.03023 	0.04079 	0.04079 	0.02740 	0.02740 	0.00000 	0.02740 	
0.80466	0         	0.01136 	0.02979 	0.03953 	0.03953 	0.02662 	0.02662 	0.00000 	0.02662 	
0.80566	0         	0.01136 	0.02937 	0.03834 	0.03840 	0.02590 	0.02590 	0.00000 	0.02590 	
0.80666	0         	0.01093 	0.02879 	0.03703 	0.03840 	0.02511 	0.02511 	0.00000 	0.02511 	
0.80766	0         	0.01086 	0.02838 	0.03588 	0.03840 	0.02440 	0.02440 	0.00000 	0.02440 	
0.80866	0         	0.01044 	0.02786 	0.03473 	0.03840 	0.02369 	0.02369 	0.00000 	0.02369 	
0.80966	0         	0.01037 	0.02742 	0.03349 	0.03840 	0.02295 	0.02295 	0.00000 	0.02295 	
0.81065	0         	0.01023 	0.02692 	0.03215 	0.03840 	0.02214 	0.02214 	0.00000 	0.02214 	
0.81165	0         	0.01009 	0.02645 	0.03085 	0.03840 	0.02136 	0.02136 	0.00000 	0.02136 	
0.81265	0         	0.00988 	0.02598 	0.02967 	0.03840 	0.02065 	0.02065 	0.00000 	0.02065 	
0.81365	0         	0.00959 	0.02549 	0.02847 	0.03840 	0.01992 	0.01992 	0.00000 	0.01992 	
0.81465	0         	0.00938 	0.02499 	0.02718 	0.03840 	0.01915 	0.01915 	0.00000 	0.01915 	
0.81565	0         	0.00917 	0.02444 	0.02575 	0.03840 	0.01828 	0.01828 	0.00000 	0.01828 	
0.81664	0         	0.00875 	0.02385 	0.02441 	0.03840 	0.01747 	0.01747 	0.00000 	0.01747 	
0.81764	0         	0.00840 	0.02284 	0.02305 	0.03706 	0.01661 	0.01661 	0.00000 	0.01661 	
0.81864	0         	0.00804 	0.02230 	0.02179 	0.03706 	0.01585 	0.01585 	0.00000 	0.01585 	
0.81964	0         	0.00783 	0.02176 	0.02046 	0.03698 	0.01504 	0.01504 	0.00000 	0.01504 	
0.82064	0         	0.00748 	0.02122 	0.01919 	0.03698 	0.01426 	0.01426 	0.00000 	0.01426 	
0.82164	0         	0.00741 	0.02078 	0.01793 	0.03698 	0.01350 	0.01350 	0.00000 	0.01350 	
0.82263	0         	0.00734 	0.02033 	0.01666 	0.03698 	0.01274 	0.01274 	0.00000 	0.01274 	
0.82363	0         	0.00734 	0.02018 	0.01622 	0.03698 	0.01246 	0.01246 	0.00000 	0.01246 	
0.82463	0         	0.00734 	0.02017 	0.01619 	0.03698 	0.01244 	0.01244 	0.00000 	0.01244 	
0.82563	0         	0.00734 	0.02017 	0.01619 	0.03698 	0.01244 	0.01244 	0.00000 	0.01244 	
0.82663	0         	0.00734 	0.02017 	0.01619 	0.03698 	0.01244 	0.01244 	0.00000 	0.01244 	
0.82763	0         	0.00734 	0.02015 	0.01613 	0.03698 	0.01237 	0.01237 	0.00000 	0.01237 	
0.82862	0         	0.00720 	0.02006 	0.01609 	0.03691 	0.01234 	0.01234 	0.00000 	0.01234 	
0.82962	0         	0.00720 	0.02006 	0.01608 	0.03691 	0.01232 	0.01232 	0.00000 	0.01232 	
0.83062	0         	0.00720 	0.02005 	0.01605 	0.03691 	0.01229 	0.01229 	0.00000 	0.01229 	
0.83162	0         	0.00720 	0.01991 	0.01595 	0.03659 	0.01221 	0.01221 	0.00000 	0.01221 	
0.83262	0         	0.00720 	0.01990 	0.01593 	0.03659 	0.01218 	0.01218 	0.00000 	0.01218 	
0.83362	0         	0.00720 	0.01990 	0.01591 	0.03659 	0.01217 	0.01217 	0.00000 	0.01217 	
0.83461	0         	0.00713 	0.01984 	0.01588 	0.03651 	0.01213 	0.01213 	0.00000 	0.01213 	
0.83561	0         	0.00705 	0.01981 	0.01585 	0.03651 	0.01211 	0.01211 	0.00000 	0.01211 	
0.83661	0         	0.00698 	0.01977 	0.01582 	0.03651 	0.01208 	0.01208 	0.00000 	0.01208 	
0.83761	0         	0.00691 	0.01973 	0.01576 	0.03651 	0.01201 	0.01201 	0.00000 	0.01201 	
0.83861	0         	0.00691 	0.01972 	0.01574 	0.03651 	0.01200 	0.01200 	0.00000 	0.01200 	
0.83961	0         	0.00691 	0.01972 	0.01574 	0.03651 	0.01200 	0.01200 	0.00000 	0.01200 	
0.84060	0         	0.00684 	0.01969 	0.01573 	0.03651 	0.01198 	0.01198 	0.00000 	0.01198 	
0.84160	0         	0.00677 	0.01964 	0.01571 	0.03644 	0.01196 	0.01196 	0.00000 	0.01196 	
0.84260	0         	0.00677 	0.01960 	0.01560 	0.03644 	0.01187 	0.01187 	0.00000 	0.01187 	
0.84360	0         	0.00677 	0.01960 	0.01558 	0.03644 	0.01185 	0.01185 	0.00000 	0.01185 	
0.84460	0         	0.00677 	0.01946 	0.01549 	0.03612 	0.01176 	0.01176 	0.00000 	0.01176 	
0.84560	0         	0.00677 	0.01943 	0.01547 	0.03604 	0.01174 	0.01174 	0.00000 	0.01174 	
0.84659	0         	0.00677 	0.01942 	0.01545 	0.03604 	0.01173 	0.01173 	0.00000 	0.01173 	
0.84759	0         	0.00670 	0.01938 	0.01541 	0.03604 	0.01168 	0.01168 	0.00000 	0.01168 	
0.84859	0         	0.00635 	0.01921 	0.01523 	0.03604 	0.01150 	0.01150 	0.00000 	0.01150 	
0.84959	0         	0.00628 	0.01918 	0.01521 	0.03604 	0.01147 	0.01147 	0.00000 	0.01147 	
0.85059	0         	0.00621 	0.01914 	0.01517 	0.03604 	0.01144 	0.01144 	0.00000 	0.01144 	
0.85158	0         	0.00614 	0.01909 	0.01509 	0.03604 	0.01136 	0.01136 	0.00000 	0.01136 	
0.85258	0         	0.00607 	0.01904 	0.01500 	0.03604 	0.01127 	0.01127 	0.00000 	0.01127 	
0.85358	0         	0.00607 	0.01903 	0.01498 	0.03604 	0.01125 	0.01125 	0.00000 	0.01125 	
0.85458	0         	0.00607 	0.01903 	0.01498 	0.03604 	0.01125 	0.01125 	0.00000 	0.01125 	
0.85558	0         	0.00607 	0.01900 	0.01490 	0.03604 	0.01119 	0.01119 	0.00000 	0.01119 	
0.85658	0         	0.00600 	0.01894 	0.01478 	0.03604 	0.01108 	0.01108 	0.00000 	0.01108 	
0.85757	0         	0.00600 	0.01891 	0.01476 	0.03596 	0.01106 	0.01106 	0.00000 	0.01106 	
0.85857	0         	0.00593 	0.01847 	0.01453 	0.03494 	0.01083 	0.01083 	0.00000 	0.01083 	
0.85957	0         	0.00593 	0.01847 	0.01453 	0.03494 	0.01082 	0.01082 	0.00000 	0.01082 	
0.86057	0         	0.00571 	0.01835 	0.01441 	0.03494 	0.01068 	0.01068 	0.00000 	0.01068 	
0.86157	0         	0.00571 	0.01817 	0.01426 	0.03455 	0.01056 	0.01056 	0.00000 	0.01056 	
0.86257	0         	0.00550 	0.01799 	0.01416 	0.03432 	0.01045 	0.01045 	0.00000 	0.01045 	
0.86356	0         	0.00536 	0.01787 	0.01394 	0.03432 	0.01025 	0.01025 	0.00000 	0.01025 	
0.86456	0         	0.00536 	0.01785 	0.01388 	0.03432 	0.01019 	0.01019 	0.00000 	0.01019 	
0.86556	0         	0.00536 	0.01784 	0.01386 	0.03432 	0.01017 	0.01017 	0.00000 	0.01017 	
0.86656	0         	0.00536 	0.01781 	0.01382 	0.03424 	0.01015 	0.01015 	0.00000 	0.01015 	
0.86756	0         	0.00536 	0.01780 	0.01381 	0.03424 	0.01013 	0.01013 	0.00000 	0.01013 	
0.86856	0         	0.00529 	0.01769 	0.01363 	0.03416 	0.00998 	0.00998 	0.00000 	0.00998 	
0.86955	0         	0.00529 	0.01730 	0.01348 	0.03314 	0.00985 	0.00985 	0.00000 	0.00985 	
0.87055	0         	0.00529 	0.01725 	0.01340 	0.03306 	0.00978 	0.00978 	0.00000 	0.00978 	
0.87155	0         	0.00522 	0.01721 	0.01336 	0.03306 	0.00975 	0.00975 	0.00000 	0.00975 	
0.87255	0         	0.00522 	0.01721 	0.01335 	0.03306 	0.00974 	0.00974 	0.00000 	0.00974 	
0.87355	0         	0.00522 	0.01720 	0.01333 	0.03306 	0.00972 	0.00972 	0.00000 	0.00972 	
0.87455	0         	0.00473 	0.01681 	0.01279 	0.03290 	0.00922 	0.00922 	0.00000 	0.00922 	
0.87554	0         	0.00473 	0.01676 	0.01265 	0.03290 	0.00909 	0.00909 	0.00000 	0.00909 	
0.87654	0         	0.00466 	0.01673 	0.01264 	0.03290 	0.00908 	0.00908 	0.00000 	0.00908 	
0.87754	0         	0.00459 	0.01670 	0.01262 	0.03290 	0.00906 	0.00906 	0.00000 	0.00906 	
0.87854	0         	0.00459 	0.01669 	0.01259 	0.03290 	0.00904 	0.00904 	0.00000 	0.00904 	
0.87954	0         	0.00430 	0.01598 	0.01231 	0.03133 	0.00882 	0.00882 	0.00000 	0.00882 	
0.88054	0         	0.00430 	0.01559 	0.01215 	0.03031 	0.00870 	0.00870 	0.00000 	0.00870 	
0.88153	0         	0.00416 	0.01507 	0.01192 	0.02913 	0.00851 	0.00851 	0.00000 	0.00851 	
0.88253	0         	0.00395 	0.01490 	0.01185 	0.02890 	0.00846 	0.00846 	0.00000 	0.00846 	
0.88353	0         	0.00395 	0.01488 	0.01179 	0.02890 	0.00841 	0.00841 	0.00000 	0.00841 	
0.88453	0         	0.00388 	0.01476 	0.01173 	0.02866 	0.00837 	0.00837 	0.00000 	0.00837 	
0.88553	0         	0.00381 	0.01472 	0.01167 	0.02866 	0.00831 	0.00831 	0.00000 	0.00831 	
0.88653	0         	0.00381 	0.01471 	0.01166 	0.02866 	0.00830 	0.00830 	0.00000 	0.00830 	
0.88752	0         	0.00381 	0.01471 	0.01166 	0.02866 	0.00830 	0.00830 	0.00000 	0.00830 	
0.88852	0         	0.00381 	0.01470 	0.01164 	0.02866 	0.00828 	0.00828 	0.00000 	0.00828 	
0.88952	0         	0.00367 	0.01444 	0.01146 	0.02819 	0.00813 	0.00813 	0.00000 	0.00813 	
0.89052	0         	0.00367 	0.01443 	0.01144 	0.02819 	0.00812 	0.00812 	0.00000 	0.00812 	
0.89152	0         	0.00367 	0.01440 	0.01134 	0.02819 	0.00804 	0.00804 	0.00000 	0.00804 	
0.89252	0         	0.00367 	0.01437 	0.01132 	0.02811 	0.00803 	0.00803 	0.00000 	0.00803 	
0.89351	0         	0.00367 	0.01435 	0.01128 	0.02811 	0.00798 	0.00798 	0.00000 	0.00798 	
0.89451	0         	0.00353 	0.01427 	0.01118 	0.02811 	0.00790 	0.00790 	0.00000 	0.00790 	
0.89551	0         	0.00353 	0.01408 	0.01100 	0.02772 	0.00775 	0.00775 	0.00000 	0.00775 	
0.89651	0         	0.00353 	0.01407 	0.01097 	0.02772 	0.00773 	0.00773 	0.00000 	0.00773 	
0.89751	0         	0.00346 	0.01401 	0.01092 	0.02764 	0.00769 	0.00769 	0.00000 	0.00769 	
0.89851	0         	0.00346 	0.01400 	0.01090 	0.02764 	0.00767 	0.00767 	0.00000 	0.00767 	
0.89950	0         	0.00346 	0.01399 	0.01089 	0.02764 	0.00767 	0.00767 	0.00000 	0.00767 	
0.90050	0         	0.00346 	0.01367 	0.01077 	0.02678 	0.00758 	0.00758 	0.00000 	0.00758 	
0.90150	0         	0.00346 	0.01366 	0.01073 	0.02678 	0.00755 	0.00755 	0.00000 	0.00755 	
0.90250	0         	0.00346 	0.01363 	0.01066 	0.02678 	0.00750 	0.00750 	0.00000 	0.00750 	
0.90350	0         	0.00346 	0.01362 	0.01064 	0.02678 	0.00748 	0.00748 	0.00000 	0.00748 	
0.90450	0         	0.00346 	0.01360 	0.01056 	0.02678 	0.00742 	0.00742 	0.00000 	0.00742 	
0.90549	0         	0.00346 	0.01358 	0.01050 	0.02678 	0.00738 	0.00738 	0.00000 	0.00738 	
0.90649	0         	0.00346 	0.01356 	0.01045 	0.02678 	0.00734 	0.00734 	0.00000 	0.00734 	
0.90749	0         	0.00346 	0.01336 	0.01032 	0.02631 	0.00725 	0.00725 	0.00000 	0.00725 	
0.90849	0         	0.00346 	0.01336 	0.01031 	0.02631 	0.00724 	0.00724 	0.00000 	0.00724 	
0.90949	0         	0.00332 	0.01325 	0.01012 	0.02631 	0.00710 	0.00710 	0.00000 	0.00710 	
0.91049	0         	0.00332 	0.01325 	0.01012 	0.02631 	0.00710 	0.00710 	0.00000 	0.00710 	
0.91148	0         	0.00332 	0.01324 	0.01009 	0.02631 	0.00707 	0.00707 	0.00000 	0.00707 	
0.91248	0         	0.00332 	0.01323 	0.01006 	0.02631 	0.00706 	0.00706 	0.00000 	0.00706 	
0.91348	0         	0.00332 	0.01316 	0.01003 	0.02615 	0.00703 	0.00703 	0.00000 	0.00703 	
0.91448	0         	0.00332 	0.01315 	0.00999 	0.02615 	0.00701 	0.00701 	0.00000 	0.00701 	
0.91548	0         	0.00332 	0.01291 	0.00983 	0.02560 	0.00689 	0.00689 	0.00000 	0.00689 	
0.91648	0         	0.00289 	0.01245 	0.00934 	0.02513 	0.00656 	0.00656 	0.00000 	0.00656 	
0.91747	0         	0.00289 	0.01245 	0.00933 	0.02513 	0.00655 	0.00655 	0.00000 	0.00655 	
0.91847	0         	0.00289 	0.01245 	0.00933 	0.02513 	0.00655 	0.00655 	0.00000 	0.00655 	
0.91947	0         	0.00289 	0.01244 	0.00931 	0.02513 	0.00653 	0.00653 	0.00000 	0.00653 	
0.92047	0         	0.00289 	0.01243 	0.00928 	0.02513 	0.00652 	0.00652 	0.00000 	0.00652 	
0.92147	0         	0.00289 	0.01243 	0.00928 	0.02513 	0.00652 	0.00652 	0.00000 	0.00652 	
0.92247	0         	0.00289 	0.01225 	0.00905 	0.02481 	0.00636 	0.00636 	0.00000 	0.00636 	
0.92346	0         	0.00289 	0.01225 	0.00904 	0.02481 	0.00635 	0.00635 	0.00000 	0.00635 	
0.92446	0         	0.00289 	0.01223 	0.00899 	0.02481 	0.00632 	0.00632 	0.00000 	0.00632 	
0.92546	0         	0.00289 	0.01223 	0.00898 	0.02481 	0.00631 	0.00631 	0.00000 	0.00631 	
0.92646	0         	0.00289 	0.01222 	0.00895 	0.02481 	0.00629 	0.00629 	0.00000 	0.00629 	
0.92746	0         	0.00289 	0.01215 	0.00889 	0.02466 	0.00625 	0.00625 	0.00000 	0.00625 	
0.92846	0         	0.00289 	0.01213 	0.00885 	0.02466 	0.00622 	0.00622 	0.00000 	0.00622 	
0.92945	0         	0.00289 	0.01212 	0.00880 	0.02466 	0.00619 	0.00619 	0.00000 	0.00619 	
0.93045	0         	0.00289 	0.01196 	0.00865 	0.02434 	0.00608 	0.00608 	0.00000 	0.00608 	
0.93145	0         	0.00289 	0.01141 	0.00833 	0.02301 	0.00586 	0.00586 	0.00000 	0.00586 	
0.93245	0         	0.00289 	0.01141 	0.00833 	0.02301 	0.00586 	0.00586 	0.00000 	0.00586 	
0.93345	0         	0.00289 	0.01140 	0.00830 	0.02301 	0.00585 	0.00585 	0.00000 	0.00585 	
0.93445	0         	0.00282 	0.01119 	0.00799 	0.02277 	0.00562 	0.00562 	0.00000 	0.00562 	
0.93544	0         	0.00282 	0.01097 	0.00787 	0.02222 	0.00554 	0.00554 	0.00000 	0.00554 	
0.93644	0         	0.00282 	0.01096 	0.00783 	0.02222 	0.00551 	0.00551 	0.00000 	0.00551 	
0.93744	0         	0.00282 	0.01095 	0.00781 	0.02222 	0.00550 	0.00550 	0.00000 	0.00550 	
0.93844	0         	0.00282 	0.01081 	0.00771 	0.02191 	0.00543 	0.00543 	0.00000 	0.00543 	
0.93944	0         	0.00282 	0.01056 	0.00757 	0.02128 	0.00534 	0.00534 	0.00000 	0.00534 	
0.94044	0         	0.00282 	0.01043 	0.00749 	0.02097 	0.00529 	0.00529 	0.00000 	0.00529 	
0.94143	0         	0.00282 	0.01043 	0.00749 	0.02097 	0.00529 	0.00529 	0.00000 	0.00529 	
0.94243	0         	0.00282 	0.01043 	0.00749 	0.02097 	0.00529 	0.00529 	0.00000 	0.00529 	
0.94343	0         	0.00282 	0.01042 	0.00748 	0.02097 	0.00528 	0.00528 	0.00000 	0.00528 	
0.94443	0         	0.00282 	0.01034 	0.00740 	0.02081 	0.00523 	0.00523 	0.00000 	0.00523 	
0.94543	0         	0.00282 	0.01034 	0.00738 	0.02081 	0.00522 	0.00522 	0.00000 	0.00522 	
0.94643	0         	0.00282 	0.01033 	0.00737 	0.02081 	0.00521 	0.00521 	0.00000 	0.00521 	
0.94742	0         	0.00282 	0.01030 	0.00736 	0.02073 	0.00520 	0.00520 	0.00000 	0.00520 	
0.94842	0         	0.00282 	0.01030 	0.00734 	0.02073 	0.00519 	0.00519 	0.00000 	0.00519 	
0.94942	0         	0.00282 	0.01029 	0.00733 	0.02073 	0.00519 	0.00519 	0.00000 	0.00519 	
0.95042	0         	0.00282 	0.01028 	0.00729 	0.02073 	0.00516 	0.00516 	0.00000 	0.00516 	
0.95142	0         	0.00219 	0.00476 	0.00457 	0.00754 	0.00351 	0.00351 	0.00000 	0.00351 	
0.95242	0         	0.00198 	0.00288 	0.00345 	0.00345 	0.00285 	0.00285 	0.00000 	0.00285 	
0.95341	0         	0.00198 	0.00284 	0.00342 	0.00342 	0.00283 	0.00283 	0.00000 	0.00283 	
0.95441	0         	0.00198 	0.00277 	0.00336 	0.00336 	0.00279 	0.00279 	0.00000 	0.00279 	
0.95541	0         	0.00198 	0.00277 	0.00336 	0.00336 	0.00279 	0.00279 	0.00000 	0.00279 	
0.95641	0         	0.00198 	0.00277 	0.00336 	0.00336 	0.00279 	0.00279 	0.00000 	0.00279 	
0.95741	0         	0.00198 	0.00277 	0.00335 	0.00335 	0.00278 	0.00278 	0.00000 	0.00278 	
0.95841	0         	0.00198 	0.00277 	0.00335 	0.00335 	0.00278 	0.00278 	0.00000 	0.00278 	
0.95940	0         	0.00198 	0.00276 	0.00332 	0.00332 	0.00277 	0.00277 	0.00000 	0.00277 	
0.96040	0         	0.00198 	0.00258 	0.00317 	0.00317 	0.00267 	0.00267 	0.00000 	0.00267 	
0.96140	0         	0.00198 	0.00258 	0.00317 	0.00317 	0.00267 	0.00267 	0.00000 	0.00267 	
0.96240	0         	0.00190 	0.00243 	0.00303 	0.00303 	0.00258 	0.00258 	0.00000 	0.00258 	
0.96340	0         	0.00190 	0.00241 	0.00297 	0.00297 	0.00255 	0.00255 	0.00000 	0.00255 	
0.96440	0         	0.00190 	0.00238 	0.00287 	0.00287 	0.00248 	0.00248 	0.00000 	0.00248 	
0.96539	0         	0.00190 	0.00238 	0.00287 	0.00287 	0.00248 	0.00248 	0.00000 	0.00248 	
0.96639	0         	0.00190 	0.00237 	0.00286 	0.00286 	0.00247 	0.00247 	0.00000 	0.00247 	
0.96739	0         	0.00183 	0.00220 	0.00264 	0.00264 	0.00233 	0.00233 	0.00000 	0.00233 	
0.96839	0         	0.00183 	0.00217 	0.00256 	0.00256 	0.00229 	0.00229 	0.00000 	0.00229 	
0.96939	0         	0.00183 	0.00213 	0.00245 	0.00245 	0.00222 	0.00222 	0.00000 	0.00222 	
0.97039	0         	0.00183 	0.00209 	0.00241 	0.00241 	0.00219 	0.00219 	0.00000 	0.00219 	
0.97138	0         	0.00183 	0.00209 	0.00239 	0.00239 	0.00218 	0.00218 	0.00000 	0.00218 	
0.97238	0         	0.00183 	0.00209 	0.00239 	0.00239 	0.00218 	0.00218 	0.00000 	0.00218 	
0.97338	0         	0.00183 	0.00207 	0.00233 	0.00233 	0.00215 	0.00215 	0.00000 	0.00215 	
0.97438	0         	0.00183 	0.00202 	0.00226 	0.00226 	0.00210 	0.00210 	0.00000 	0.00210 	
0.97538	0         	0.00126 	0.00172 	0.00207 	0.00207 	0.00199 	0.00199 	0.00000 	0.00199 	
0.97638	0         	0.00102 	0.00162 	0.00200 	0.00200 	0.00194 	0.00194 	0.00000 	0.00194 	
0.97737	0         	0.00102 	0.00161 	0.00198 	0.00198 	0.00193 	0.00193 	0.00000 	0.00193 	
0.97837	0         	0.00094 	0.00158 	0.00195 	0.00195 	0.00191 	0.00191 	0.00000 	0.00191 	
0.97937	0         	0.00094 	0.00157 	0.00192 	0.00192 	0.00189 	0.00189 	0.00000 	0.00189 	
0.98037	0         	0.00094 	0.00157 	0.00192 	0.00192 	0.00189 	0.00189 	0.00000 	0.00189 	
0.98137	0         	0.00094 	0.00157 	0.00192 	0.00192 	0.00189 	0.00189 	0.00000 	0.00189 	
0.98237	0         	0.00094 	0.00156 	0.00191 	0.00191 	0.00188 	0.00188 	0.00000 	0.00188 	
0.98336	0         	0.00094 	0.00156 	0.00191 	0.00191 	0.00188 	0.00188 	0.00000 	0.00188 	
0.98436	0         	0.00094 	0.00156 	0.00189 	0.00189 	0.00187 	0.00187 	0.00000 	0.00187 	
0.98536	0         	0.00094 	0.00155 	0.00188 	0.00188 	0.00186 	0.00186 	0.00000 	0.00186 	
0.98636	0         	0.00094 	0.00155 	0.00188 	0.00188 	0.00186 	0.00186 	0.00000 	0.00186 	
0.98736	0         	0.00094 	0.00155 	0.00188 	0.00188 	0.00186 	0.00186 	0.00000 	0.00186 	
0.98836	0         	0.00094 	0.00155 	0.00188 	0.00188 	0.00186 	0.00186 	0.00000 	0.00186 	
0.98935	0         	0.00086 	0.00139 	0.00177 	0.00177 	0.00174 	0.00174 	0.00000 	0.00174 	
0.99035	0         	0.00063 	0.00120 	0.00156 	0.00156 	0.00154 	0.00154 	0.00000 	0.00154 	
0.99135	0         	0.00047 	0.00101 	0.00134 	0.00134 	0.00134 	0.00134 	0.00000 	0.00134 	
0.99235	0         	0.00039 	0.00081 	0.00112 	0.00112 	0.00113 	0.00113 	0.00000 	0.00113 	
0.99335	0         	0.00039 	0.00065 	0.00086 	0.00086 	0.00088 	0.00088 	0.00000 	0.00088 	
0.99435	0         	0.00024 	0.00038 	0.00055 	0.00055 	0.00060 	0.00060 	0.00000 	0.00060 	
0.99534	0         	0.00024 	0.00038 	0.00055 	0.00055 	0.00060 	0.00060 	0.00000 	0.00060 	
0.99634	0         	0.00024 	0.00038 	0.00055 	0.00055 	0.00060 	0.00060 	0.00000 	0.00060 	
0.99734	0         	0.00024 	0.00031 	0.00040 	0.00040 	0.00043 	0.00043 	0.00000 	0.00043 	
0.99834	0         	0.00015 	0.00020 	0.00015 	0.00024 	0.00017 	0.00017 	0.00000 	0.00017 	
0.99934	0         	0.00000 	0.00000 	0.00000 	0.00000 	0.00000 	0.00000 	0.00000 	0.00000 	
1.00000	0         	0.00000 	0.00000 	0.00000 	0.00000 	0.00000 	0.00000 	0.00000 	0.00000 	
