ADMU id: 1: F-lost, TF-cost	min-1 mean-1 wmean-1 max-1	min-2 mean-2 wmean-2 max-2	
0.00001	0         	0.07829 	0.26895 	0.37085 	0.37085 	0.33654 	0.33654 	0.00000 	0.33654 	
0.00101	0         	0.07829 	0.26895 	0.37085 	0.37085 	0.33654 	0.33654 	0.00000 	0.33654 	
0.00201	0         	0.07829 	0.26895 	0.37085 	0.37085 	0.33654 	0.33654 	0.00000 	0.33654 	
0.00300	0         	0.07829 	0.26895 	0.37085 	0.37085 	0.33654 	0.33654 	0.00000 	0.33654 	
0.00400	0         	0.07829 	0.26895 	0.37085 	0.37085 	0.33654 	0.33654 	0.00000 	0.33654 	
0.00500	0         	0.07829 	0.26895 	0.37085 	0.37085 	0.33654 	0.33654 	0.00000 	0.33654 	
0.00600	0         	0.07829 	0.26895 	0.37085 	0.37085 	0.33654 	0.33654 	0.00000 	0.33654 	
0.00700	0         	0.07829 	0.26895 	0.37085 	0.37085 	0.33654 	0.33654 	0.00000 	0.33654 	
0.00800	0         	0.07829 	0.26895 	0.37085 	0.37085 	0.33654 	0.33654 	0.00000 	0.33654 	
0.00899	0         	0.07829 	0.26895 	0.37085 	0.37085 	0.33654 	0.33654 	0.00000 	0.33654 	
0.00999	0         	0.07829 	0.26895 	0.37085 	0.37085 	0.33654 	0.33654 	0.00000 	0.33654 	
0.01099	0         	0.07829 	0.26895 	0.37085 	0.37085 	0.33654 	0.33654 	0.00000 	0.33654 	
0.01199	0         	0.07829 	0.26895 	0.37085 	0.37085 	0.33654 	0.33654 	0.00000 	0.33654 	
0.01299	0         	0.07829 	0.26895 	0.37085 	0.37085 	0.33654 	0.33654 	0.00000 	0.33654 	
0.01399	0         	0.07829 	0.26895 	0.37085 	0.37085 	0.33654 	0.33654 	0.00000 	0.33654 	
0.01498	0         	0.07829 	0.26895 	0.37085 	0.37085 	0.33654 	0.33654 	0.00000 	0.33654 	
0.01598	0         	0.07829 	0.26895 	0.37085 	0.37085 	0.33654 	0.33654 	0.00000 	0.33654 	
0.01698	0         	0.07829 	0.26895 	0.37085 	0.37085 	0.33654 	0.33654 	0.00000 	0.33654 	
0.01798	0         	0.07829 	0.26895 	0.37085 	0.37085 	0.33654 	0.33654 	0.00000 	0.33654 	
0.01898	0         	0.07829 	0.26895 	0.37085 	0.37085 	0.33654 	0.33654 	0.00000 	0.33654 	
0.01998	0         	0.07829 	0.26895 	0.37085 	0.37085 	0.33654 	0.33654 	0.00000 	0.33654 	
0.02097	0         	0.07829 	0.26895 	0.37085 	0.37085 	0.33654 	0.33654 	0.00000 	0.33654 	
0.02197	0         	0.07829 	0.26895 	0.37085 	0.37085 	0.33654 	0.33654 	0.00000 	0.33654 	
0.02297	0         	0.07829 	0.26895 	0.37085 	0.37085 	0.33654 	0.33654 	0.00000 	0.33654 	
0.02397	0         	0.07829 	0.26895 	0.37085 	0.37085 	0.33654 	0.33654 	0.00000 	0.33654 	
0.02497	0         	0.07829 	0.26895 	0.37085 	0.37085 	0.33654 	0.33654 	0.00000 	0.33654 	
0.02597	0         	0.07829 	0.26895 	0.37085 	0.37085 	0.33654 	0.33654 	0.00000 	0.33654 	
0.02696	0         	0.07829 	0.26895 	0.37085 	0.37085 	0.33654 	0.33654 	0.00000 	0.33654 	
0.02796	0         	0.07829 	0.26895 	0.37085 	0.37085 	0.33654 	0.33654 	0.00000 	0.33654 	
0.02896	0         	0.07829 	0.26895 	0.37085 	0.37085 	0.33654 	0.33654 	0.00000 	0.33654 	
0.02996	0         	0.07829 	0.26895 	0.37085 	0.37085 	0.33654 	0.33654 	0.00000 	0.33654 	
0.03096	0         	0.07829 	0.26895 	0.37085 	0.37085 	0.33654 	0.33654 	0.00000 	0.33654 	
0.03196	0         	0.07829 	0.26895 	0.37085 	0.37085 	0.33654 	0.33654 	0.00000 	0.33654 	
0.03295	0         	0.07829 	0.26895 	0.37085 	0.37085 	0.33654 	0.33654 	0.00000 	0.33654 	
0.03395	0         	0.07829 	0.26895 	0.37085 	0.37085 	0.33654 	0.33654 	0.00000 	0.33654 	
0.03495	0         	0.07829 	0.26895 	0.37085 	0.37085 	0.33654 	0.33654 	0.00000 	0.33654 	
0.03595	0         	0.07829 	0.26895 	0.37085 	0.37085 	0.33654 	0.33654 	0.00000 	0.33654 	
0.03695	0         	0.07829 	0.26895 	0.37085 	0.37085 	0.33654 	0.33654 	0.00000 	0.33654 	
0.03795	0         	0.07829 	0.26895 	0.37085 	0.37085 	0.33654 	0.33654 	0.00000 	0.33654 	
0.03894	0         	0.07829 	0.26895 	0.37085 	0.37085 	0.33654 	0.33654 	0.00000 	0.33654 	
0.03994	0         	0.07829 	0.26895 	0.37085 	0.37085 	0.33654 	0.33654 	0.00000 	0.33654 	
0.04094	0         	0.07829 	0.26895 	0.37085 	0.37085 	0.33654 	0.33654 	0.00000 	0.33654 	
0.04194	0         	0.07829 	0.26895 	0.37085 	0.37085 	0.33654 	0.33654 	0.00000 	0.33654 	
0.04294	0         	0.07829 	0.26895 	0.37085 	0.37085 	0.33654 	0.33654 	0.00000 	0.33654 	
0.04394	0         	0.07829 	0.26895 	0.37085 	0.37085 	0.33654 	0.33654 	0.00000 	0.33654 	
0.04493	0         	0.07829 	0.26895 	0.37085 	0.37085 	0.33654 	0.33654 	0.00000 	0.33654 	
0.04593	0         	0.07829 	0.26895 	0.37085 	0.37085 	0.33654 	0.33654 	0.00000 	0.33654 	
0.04693	0         	0.07829 	0.26895 	0.37085 	0.37085 	0.33654 	0.33654 	0.00000 	0.33654 	
0.04793	0         	0.07829 	0.26895 	0.37085 	0.37085 	0.33654 	0.33654 	0.00000 	0.33654 	
0.04893	0         	0.07829 	0.26895 	0.37085 	0.37085 	0.33654 	0.33654 	0.00000 	0.33654 	
0.04993	0         	0.07829 	0.26895 	0.37085 	0.37085 	0.33654 	0.33654 	0.00000 	0.33654 	
0.05092	0         	0.07829 	0.26895 	0.37085 	0.37085 	0.33654 	0.33654 	0.00000 	0.33654 	
0.05192	0         	0.07829 	0.26895 	0.37085 	0.37085 	0.33654 	0.33654 	0.00000 	0.33654 	
0.05292	0         	0.07829 	0.26895 	0.37085 	0.37085 	0.33654 	0.33654 	0.00000 	0.33654 	
0.05392	0         	0.07829 	0.26895 	0.37085 	0.37085 	0.33654 	0.33654 	0.00000 	0.33654 	
0.05492	0         	0.07829 	0.26895 	0.37085 	0.37085 	0.33654 	0.33654 	0.00000 	0.33654 	
0.05592	0         	0.07829 	0.26895 	0.37085 	0.37085 	0.33654 	0.33654 	0.00000 	0.33654 	
0.05691	0         	0.07829 	0.26895 	0.37085 	0.37085 	0.33654 	0.33654 	0.00000 	0.33654 	
0.05791	0         	0.07829 	0.26895 	0.37085 	0.37085 	0.33654 	0.33654 	0.00000 	0.33654 	
0.05891	0         	0.07829 	0.26895 	0.37085 	0.37085 	0.33654 	0.33654 	0.00000 	0.33654 	
0.05991	0         	0.07829 	0.26895 	0.37085 	0.37085 	0.33654 	0.33654 	0.00000 	0.33654 	
0.06091	0         	0.07829 	0.26895 	0.37085 	0.37085 	0.33654 	0.33654 	0.00000 	0.33654 	
0.06191	0         	0.07829 	0.26895 	0.37085 	0.37085 	0.33654 	0.33654 	0.00000 	0.33654 	
0.06290	0         	0.07829 	0.26895 	0.37085 	0.37085 	0.33654 	0.33654 	0.00000 	0.33654 	
0.06390	0         	0.07829 	0.26895 	0.37085 	0.37085 	0.33654 	0.33654 	0.00000 	0.33654 	
0.06490	0         	0.07829 	0.26895 	0.37085 	0.37085 	0.33654 	0.33654 	0.00000 	0.33654 	
0.06590	0         	0.07829 	0.26895 	0.37085 	0.37085 	0.33654 	0.33654 	0.00000 	0.33654 	
0.06690	0         	0.07829 	0.26895 	0.37085 	0.37085 	0.33654 	0.33654 	0.00000 	0.33654 	
0.06790	0         	0.07829 	0.26895 	0.37085 	0.37085 	0.33654 	0.33654 	0.00000 	0.33654 	
0.06889	0         	0.07829 	0.26895 	0.37085 	0.37085 	0.33654 	0.33654 	0.00000 	0.33654 	
0.06989	0         	0.07829 	0.26895 	0.37085 	0.37085 	0.33654 	0.33654 	0.00000 	0.33654 	
0.07089	0         	0.07829 	0.26895 	0.37085 	0.37085 	0.33654 	0.33654 	0.00000 	0.33654 	
0.07189	0         	0.07829 	0.26895 	0.37085 	0.37085 	0.33654 	0.33654 	0.00000 	0.33654 	
0.07289	0         	0.07829 	0.26895 	0.37085 	0.37085 	0.33654 	0.33654 	0.00000 	0.33654 	
0.07389	0         	0.07829 	0.26895 	0.37085 	0.37085 	0.33654 	0.33654 	0.00000 	0.33654 	
0.07488	0         	0.07829 	0.26895 	0.37085 	0.37085 	0.33654 	0.33654 	0.00000 	0.33654 	
0.07588	0         	0.07829 	0.26895 	0.37085 	0.37085 	0.33654 	0.33654 	0.00000 	0.33654 	
0.07688	0         	0.07829 	0.26895 	0.37085 	0.37085 	0.33654 	0.33654 	0.00000 	0.33654 	
0.07788	0         	0.07829 	0.26895 	0.37085 	0.37085 	0.33654 	0.33654 	0.00000 	0.33654 	
0.07888	0         	0.07829 	0.26895 	0.37085 	0.37085 	0.33654 	0.33654 	0.00000 	0.33654 	
0.07988	0         	0.07829 	0.26895 	0.37085 	0.37085 	0.33654 	0.33654 	0.00000 	0.33654 	
0.08087	0         	0.07829 	0.26895 	0.37085 	0.37085 	0.33654 	0.33654 	0.00000 	0.33654 	
0.08187	0         	0.07829 	0.26895 	0.37085 	0.37085 	0.33654 	0.33654 	0.00000 	0.33654 	
0.08287	0         	0.07829 	0.26895 	0.37085 	0.37085 	0.33654 	0.33654 	0.00000 	0.33654 	
0.08387	0         	0.07829 	0.26895 	0.37085 	0.37085 	0.33654 	0.33654 	0.00000 	0.33654 	
0.08487	0         	0.07829 	0.26895 	0.37085 	0.37085 	0.33654 	0.33654 	0.00000 	0.33654 	
0.08587	0         	0.07829 	0.26895 	0.37085 	0.37085 	0.33654 	0.33654 	0.00000 	0.33654 	
0.08686	0         	0.07829 	0.26895 	0.37085 	0.37085 	0.33654 	0.33654 	0.00000 	0.33654 	
0.08786	0         	0.07829 	0.26895 	0.37085 	0.37085 	0.33654 	0.33654 	0.00000 	0.33654 	
0.08886	0         	0.07829 	0.26895 	0.37085 	0.37085 	0.33654 	0.33654 	0.00000 	0.33654 	
0.08986	0         	0.07829 	0.26895 	0.37085 	0.37085 	0.33654 	0.33654 	0.00000 	0.33654 	
0.09086	0         	0.07829 	0.26895 	0.37085 	0.37085 	0.33654 	0.33654 	0.00000 	0.33654 	
0.09186	0         	0.07829 	0.26895 	0.37085 	0.37085 	0.33654 	0.33654 	0.00000 	0.33654 	
0.09285	0         	0.07829 	0.26895 	0.37085 	0.37085 	0.33654 	0.33654 	0.00000 	0.33654 	
0.09385	0         	0.07829 	0.26895 	0.37085 	0.37085 	0.33654 	0.33654 	0.00000 	0.33654 	
0.09485	0         	0.07829 	0.26895 	0.37085 	0.37085 	0.33654 	0.33654 	0.00000 	0.33654 	
0.09585	0         	0.07829 	0.26895 	0.37085 	0.37085 	0.33654 	0.33654 	0.00000 	0.33654 	
0.09685	0         	0.07829 	0.26895 	0.37085 	0.37085 	0.33654 	0.33654 	0.00000 	0.33654 	
0.09785	0         	0.07829 	0.26895 	0.37085 	0.37085 	0.33654 	0.33654 	0.00000 	0.33654 	
0.09884	0         	0.07829 	0.26895 	0.37085 	0.37085 	0.33654 	0.33654 	0.00000 	0.33654 	
0.09984	0         	0.07829 	0.26895 	0.37085 	0.37085 	0.33654 	0.33654 	0.00000 	0.33654 	
0.10084	0         	0.07829 	0.26895 	0.37085 	0.37085 	0.33654 	0.33654 	0.00000 	0.33654 	
0.10184	0         	0.07829 	0.26895 	0.37085 	0.37085 	0.33654 	0.33654 	0.00000 	0.33654 	
0.10284	0         	0.07829 	0.26895 	0.37085 	0.37085 	0.33654 	0.33654 	0.00000 	0.33654 	
0.10384	0         	0.07829 	0.26895 	0.37085 	0.37085 	0.33654 	0.33654 	0.00000 	0.33654 	
0.10483	0         	0.07829 	0.26895 	0.37085 	0.37085 	0.33654 	0.33654 	0.00000 	0.33654 	
0.10583	0         	0.07829 	0.26895 	0.37085 	0.37085 	0.33654 	0.33654 	0.00000 	0.33654 	
0.10683	0         	0.07829 	0.26895 	0.37085 	0.37085 	0.33654 	0.33654 	0.00000 	0.33654 	
0.10783	0         	0.07829 	0.26895 	0.37085 	0.37085 	0.33654 	0.33654 	0.00000 	0.33654 	
0.10883	0         	0.07829 	0.26895 	0.37085 	0.37085 	0.33654 	0.33654 	0.00000 	0.33654 	
0.10983	0         	0.07829 	0.26895 	0.37085 	0.37085 	0.33654 	0.33654 	0.00000 	0.33654 	
0.11082	0         	0.07829 	0.26895 	0.37085 	0.37085 	0.33654 	0.33654 	0.00000 	0.33654 	
0.11182	0         	0.07829 	0.26895 	0.37085 	0.37085 	0.33654 	0.33654 	0.00000 	0.33654 	
0.11282	0         	0.07829 	0.26895 	0.37085 	0.37085 	0.33654 	0.33654 	0.00000 	0.33654 	
0.11382	0         	0.07829 	0.26895 	0.37085 	0.37085 	0.33654 	0.33654 	0.00000 	0.33654 	
0.11482	0         	0.07829 	0.26895 	0.37085 	0.37085 	0.33654 	0.33654 	0.00000 	0.33654 	
0.11582	0         	0.07829 	0.26895 	0.37085 	0.37085 	0.33654 	0.33654 	0.00000 	0.33654 	
0.11681	0         	0.07829 	0.26895 	0.37085 	0.37085 	0.33654 	0.33654 	0.00000 	0.33654 	
0.11781	0         	0.07829 	0.26895 	0.37085 	0.37085 	0.33654 	0.33654 	0.00000 	0.33654 	
0.11881	0         	0.07829 	0.26895 	0.37085 	0.37085 	0.33654 	0.33654 	0.00000 	0.33654 	
0.11981	0         	0.07829 	0.26895 	0.37085 	0.37085 	0.33654 	0.33654 	0.00000 	0.33654 	
0.12081	0         	0.07829 	0.26895 	0.37085 	0.37085 	0.33654 	0.33654 	0.00000 	0.33654 	
0.12181	0         	0.07829 	0.26895 	0.37085 	0.37085 	0.33654 	0.33654 	0.00000 	0.33654 	
0.12280	0         	0.07829 	0.26895 	0.37085 	0.37085 	0.33654 	0.33654 	0.00000 	0.33654 	
0.12380	0         	0.07829 	0.26895 	0.37085 	0.37085 	0.33654 	0.33654 	0.00000 	0.33654 	
0.12480	0         	0.07829 	0.26895 	0.37085 	0.37085 	0.33654 	0.33654 	0.00000 	0.33654 	
0.12580	0         	0.07829 	0.26895 	0.37085 	0.37085 	0.33654 	0.33654 	0.00000 	0.33654 	
0.12680	0         	0.07829 	0.26895 	0.37085 	0.37085 	0.33654 	0.33654 	0.00000 	0.33654 	
0.12780	0         	0.07829 	0.26895 	0.37085 	0.37085 	0.33654 	0.33654 	0.00000 	0.33654 	
0.12879	0         	0.07829 	0.26895 	0.37085 	0.37085 	0.33654 	0.33654 	0.00000 	0.33654 	
0.12979	0         	0.07829 	0.26895 	0.37085 	0.37085 	0.33654 	0.33654 	0.00000 	0.33654 	
0.13079	0         	0.07829 	0.26895 	0.37085 	0.37085 	0.33654 	0.33654 	0.00000 	0.33654 	
0.13179	0         	0.07829 	0.26895 	0.37085 	0.37085 	0.33654 	0.33654 	0.00000 	0.33654 	
0.13279	0         	0.07829 	0.26895 	0.37085 	0.37085 	0.33654 	0.33654 	0.00000 	0.33654 	
0.13379	0         	0.07829 	0.26895 	0.37085 	0.37085 	0.33654 	0.33654 	0.00000 	0.33654 	
0.13478	0         	0.07829 	0.26895 	0.37085 	0.37085 	0.33654 	0.33654 	0.00000 	0.33654 	
0.13578	0         	0.07829 	0.26895 	0.37085 	0.37085 	0.33654 	0.33654 	0.00000 	0.33654 	
0.13678	0         	0.07829 	0.26895 	0.37085 	0.37085 	0.33654 	0.33654 	0.00000 	0.33654 	
0.13778	0         	0.07829 	0.26895 	0.37085 	0.37085 	0.33654 	0.33654 	0.00000 	0.33654 	
0.13878	0         	0.07829 	0.26895 	0.37085 	0.37085 	0.33654 	0.33654 	0.00000 	0.33654 	
0.13978	0         	0.07829 	0.26895 	0.37085 	0.37085 	0.33654 	0.33654 	0.00000 	0.33654 	
0.14077	0         	0.07829 	0.26895 	0.37085 	0.37085 	0.33654 	0.33654 	0.00000 	0.33654 	
0.14177	0         	0.07829 	0.26895 	0.37085 	0.37085 	0.33654 	0.33654 	0.00000 	0.33654 	
0.14277	0         	0.07829 	0.26895 	0.37085 	0.37085 	0.33654 	0.33654 	0.00000 	0.33654 	
0.14377	0         	0.07829 	0.26895 	0.37085 	0.37085 	0.33654 	0.33654 	0.00000 	0.33654 	
0.14477	0         	0.07829 	0.26895 	0.37085 	0.37085 	0.33654 	0.33654 	0.00000 	0.33654 	
0.14577	0         	0.07829 	0.26895 	0.37085 	0.37085 	0.33654 	0.33654 	0.00000 	0.33654 	
0.14676	0         	0.07829 	0.26895 	0.37085 	0.37085 	0.33654 	0.33654 	0.00000 	0.33654 	
0.14776	0         	0.07829 	0.26895 	0.37085 	0.37085 	0.33654 	0.33654 	0.00000 	0.33654 	
0.14876	0         	0.07829 	0.26895 	0.37085 	0.37085 	0.33654 	0.33654 	0.00000 	0.33654 	
0.14976	0         	0.07829 	0.26895 	0.37085 	0.37085 	0.33654 	0.33654 	0.00000 	0.33654 	
0.15076	0         	0.07829 	0.26895 	0.37085 	0.37085 	0.33654 	0.33654 	0.00000 	0.33654 	
0.15176	0         	0.07829 	0.26895 	0.37085 	0.37085 	0.33654 	0.33654 	0.00000 	0.33654 	
0.15275	0         	0.07829 	0.26895 	0.37085 	0.37085 	0.33654 	0.33654 	0.00000 	0.33654 	
0.15375	0         	0.07829 	0.26895 	0.37085 	0.37085 	0.33654 	0.33654 	0.00000 	0.33654 	
0.15475	0         	0.07829 	0.26895 	0.37085 	0.37085 	0.33654 	0.33654 	0.00000 	0.33654 	
0.15575	0         	0.07829 	0.26895 	0.37085 	0.37085 	0.33654 	0.33654 	0.00000 	0.33654 	
0.15675	0         	0.07829 	0.26895 	0.37085 	0.37085 	0.33654 	0.33654 	0.00000 	0.33654 	
0.15775	0         	0.07829 	0.26895 	0.37085 	0.37085 	0.33654 	0.33654 	0.00000 	0.33654 	
0.15874	0         	0.07829 	0.26895 	0.37085 	0.37085 	0.33654 	0.33654 	0.00000 	0.33654 	
0.15974	0         	0.07829 	0.26895 	0.37085 	0.37085 	0.33654 	0.33654 	0.00000 	0.33654 	
0.16074	0         	0.07829 	0.26895 	0.37085 	0.37085 	0.33654 	0.33654 	0.00000 	0.33654 	
0.16174	0         	0.07829 	0.26895 	0.37085 	0.37085 	0.33654 	0.33654 	0.00000 	0.33654 	
0.16274	0         	0.07829 	0.26895 	0.37085 	0.37085 	0.33654 	0.33654 	0.00000 	0.33654 	
0.16374	0         	0.07829 	0.26895 	0.37085 	0.37085 	0.33654 	0.33654 	0.00000 	0.33654 	
0.16473	0         	0.07829 	0.26895 	0.37085 	0.37085 	0.33654 	0.33654 	0.00000 	0.33654 	
0.16573	0         	0.07829 	0.26895 	0.37085 	0.37085 	0.33654 	0.33654 	0.00000 	0.33654 	
0.16673	0         	0.07829 	0.26895 	0.37085 	0.37085 	0.33654 	0.33654 	0.00000 	0.33654 	
0.16773	0         	0.07829 	0.26895 	0.37085 	0.37085 	0.33654 	0.33654 	0.00000 	0.33654 	
0.16873	0         	0.07829 	0.26895 	0.37084 	0.37084 	0.33652 	0.33652 	0.00000 	0.33652 	
0.16973	0         	0.07829 	0.26895 	0.37084 	0.37084 	0.33652 	0.33652 	0.00000 	0.33652 	
0.17072	0         	0.07829 	0.26895 	0.37084 	0.37084 	0.33652 	0.33652 	0.00000 	0.33652 	
0.17172	0         	0.07829 	0.26895 	0.37084 	0.37084 	0.33652 	0.33652 	0.00000 	0.33652 	
0.17272	0         	0.07829 	0.26895 	0.37084 	0.37084 	0.33652 	0.33652 	0.00000 	0.33652 	
0.17372	0         	0.07829 	0.26895 	0.37084 	0.37084 	0.33652 	0.33652 	0.00000 	0.33652 	
0.17472	0         	0.07829 	0.26895 	0.37084 	0.37084 	0.33651 	0.33651 	0.00000 	0.33651 	
0.17572	0         	0.07829 	0.26895 	0.37084 	0.37084 	0.33649 	0.33649 	0.00000 	0.33649 	
0.17671	0         	0.07829 	0.26895 	0.37084 	0.37084 	0.33649 	0.33649 	0.00000 	0.33649 	
0.17771	0         	0.07829 	0.26895 	0.37084 	0.37084 	0.33649 	0.33649 	0.00000 	0.33649 	
0.17871	0         	0.07829 	0.26895 	0.37084 	0.37084 	0.33649 	0.33649 	0.00000 	0.33649 	
0.17971	0         	0.07829 	0.26895 	0.37084 	0.37084 	0.33649 	0.33649 	0.00000 	0.33649 	
0.18071	0         	0.07829 	0.26895 	0.37084 	0.37084 	0.33649 	0.33649 	0.00000 	0.33649 	
0.18171	0         	0.07829 	0.26895 	0.37084 	0.37084 	0.33649 	0.33649 	0.00000 	0.33649 	
0.18270	0         	0.07829 	0.26895 	0.37084 	0.37084 	0.33649 	0.33649 	0.00000 	0.33649 	
0.18370	0         	0.07829 	0.26895 	0.37084 	0.37084 	0.33649 	0.33649 	0.00000 	0.33649 	
0.18470	0         	0.07829 	0.26895 	0.37084 	0.37084 	0.33649 	0.33649 	0.00000 	0.33649 	
0.18570	0         	0.07829 	0.26895 	0.37084 	0.37084 	0.33649 	0.33649 	0.00000 	0.33649 	
0.18670	0         	0.07829 	0.26895 	0.37084 	0.37084 	0.33647 	0.33647 	0.00000 	0.33647 	
0.18770	0         	0.07829 	0.26895 	0.37084 	0.37084 	0.33644 	0.33644 	0.00000 	0.33644 	
0.18869	0         	0.07829 	0.26895 	0.37084 	0.37084 	0.33642 	0.33642 	0.00000 	0.33642 	
0.18969	0         	0.07829 	0.26895 	0.37084 	0.37084 	0.33642 	0.33642 	0.00000 	0.33642 	
0.19069	0         	0.07829 	0.26895 	0.37084 	0.37084 	0.33642 	0.33642 	0.00000 	0.33642 	
0.19169	0         	0.07829 	0.26895 	0.37084 	0.37084 	0.33642 	0.33642 	0.00000 	0.33642 	
0.19269	0         	0.07829 	0.26895 	0.37084 	0.37084 	0.33642 	0.33642 	0.00000 	0.33642 	
0.19369	0         	0.07829 	0.26895 	0.37083 	0.37083 	0.33639 	0.33639 	0.00000 	0.33639 	
0.19468	0         	0.07829 	0.26895 	0.37083 	0.37083 	0.33636 	0.33636 	0.00000 	0.33636 	
0.19568	0         	0.07829 	0.26895 	0.37083 	0.37083 	0.33635 	0.33635 	0.00000 	0.33635 	
0.19668	0         	0.07829 	0.26895 	0.37083 	0.37083 	0.33634 	0.33634 	0.00000 	0.33634 	
0.19768	0         	0.07829 	0.26895 	0.37083 	0.37083 	0.33634 	0.33634 	0.00000 	0.33634 	
0.19868	0         	0.07829 	0.26895 	0.37083 	0.37083 	0.33634 	0.33634 	0.00000 	0.33634 	
0.19968	0         	0.07829 	0.26895 	0.37083 	0.37083 	0.33634 	0.33634 	0.00000 	0.33634 	
0.20067	0         	0.07829 	0.26895 	0.37083 	0.37083 	0.33634 	0.33634 	0.00000 	0.33634 	
0.20167	0         	0.07829 	0.26895 	0.37083 	0.37083 	0.33634 	0.33634 	0.00000 	0.33634 	
0.20267	0         	0.07829 	0.26895 	0.37083 	0.37083 	0.33634 	0.33634 	0.00000 	0.33634 	
0.20367	0         	0.07829 	0.26895 	0.37083 	0.37083 	0.33634 	0.33634 	0.00000 	0.33634 	
0.20467	0         	0.07829 	0.26895 	0.37083 	0.37083 	0.33634 	0.33634 	0.00000 	0.33634 	
0.20567	0         	0.07829 	0.26895 	0.37083 	0.37083 	0.33634 	0.33634 	0.00000 	0.33634 	
0.20666	0         	0.07829 	0.26895 	0.37082 	0.37082 	0.33631 	0.33631 	0.00000 	0.33631 	
0.20766	0         	0.07829 	0.26895 	0.37082 	0.37082 	0.33627 	0.33627 	0.00000 	0.33627 	
0.20866	0         	0.07829 	0.26894 	0.37081 	0.37081 	0.33623 	0.33623 	0.00000 	0.33623 	
0.20966	0         	0.07829 	0.26894 	0.37081 	0.37081 	0.33622 	0.33622 	0.00000 	0.33622 	
0.21066	0         	0.07829 	0.26894 	0.37081 	0.37081 	0.33622 	0.33622 	0.00000 	0.33622 	
0.21166	0         	0.07829 	0.26894 	0.37081 	0.37081 	0.33622 	0.33622 	0.00000 	0.33622 	
0.21265	0         	0.07829 	0.26894 	0.37081 	0.37081 	0.33622 	0.33622 	0.00000 	0.33622 	
0.21365	0         	0.07829 	0.26894 	0.37081 	0.37081 	0.33620 	0.33620 	0.00000 	0.33620 	
0.21465	0         	0.07829 	0.26894 	0.37081 	0.37081 	0.33617 	0.33617 	0.00000 	0.33617 	
0.21565	0         	0.07829 	0.26894 	0.37080 	0.37080 	0.33612 	0.33612 	0.00000 	0.33612 	
0.21665	0         	0.07829 	0.26894 	0.37079 	0.37079 	0.33607 	0.33607 	0.00000 	0.33607 	
0.21765	0         	0.07829 	0.26894 	0.37079 	0.37079 	0.33606 	0.33606 	0.00000 	0.33606 	
0.21864	0         	0.07829 	0.26894 	0.37079 	0.37079 	0.33606 	0.33606 	0.00000 	0.33606 	
0.21964	0         	0.07829 	0.26894 	0.37079 	0.37079 	0.33606 	0.33606 	0.00000 	0.33606 	
0.22064	0         	0.07829 	0.26894 	0.37079 	0.37079 	0.33606 	0.33606 	0.00000 	0.33606 	
0.22164	0         	0.07829 	0.26894 	0.37079 	0.37079 	0.33606 	0.33606 	0.00000 	0.33606 	
0.22264	0         	0.07829 	0.26894 	0.37079 	0.37079 	0.33606 	0.33606 	0.00000 	0.33606 	
0.22364	0         	0.07829 	0.26894 	0.37079 	0.37079 	0.33606 	0.33606 	0.00000 	0.33606 	
0.22463	0         	0.07829 	0.26894 	0.37079 	0.37079 	0.33606 	0.33606 	0.00000 	0.33606 	
0.22563	0         	0.07829 	0.26894 	0.37079 	0.37079 	0.33606 	0.33606 	0.00000 	0.33606 	
0.22663	0         	0.07829 	0.26894 	0.37079 	0.37079 	0.33606 	0.33606 	0.00000 	0.33606 	
0.22763	0         	0.07829 	0.26894 	0.37079 	0.37079 	0.33604 	0.33604 	0.00000 	0.33604 	
0.22863	0         	0.07829 	0.26893 	0.37079 	0.37079 	0.33600 	0.33600 	0.00000 	0.33600 	
0.22963	0         	0.07829 	0.26893 	0.37078 	0.37078 	0.33596 	0.33596 	0.00000 	0.33596 	
0.23062	0         	0.07829 	0.26893 	0.37077 	0.37077 	0.33590 	0.33590 	0.00000 	0.33590 	
0.23162	0         	0.07829 	0.26893 	0.37076 	0.37076 	0.33584 	0.33584 	0.00000 	0.33584 	
0.23262	0         	0.07829 	0.26893 	0.37076 	0.37076 	0.33584 	0.33584 	0.00000 	0.33584 	
0.23362	0         	0.07829 	0.26893 	0.37076 	0.37076 	0.33583 	0.33583 	0.00000 	0.33583 	
0.23462	0         	0.07829 	0.26893 	0.37076 	0.37076 	0.33583 	0.33583 	0.00000 	0.33583 	
0.23562	0         	0.07829 	0.26893 	0.37076 	0.37076 	0.33583 	0.33583 	0.00000 	0.33583 	
0.23661	0         	0.07829 	0.26893 	0.37076 	0.37076 	0.33580 	0.33580 	0.00000 	0.33580 	
0.23761	0         	0.07829 	0.26892 	0.37075 	0.37075 	0.33575 	0.33575 	0.00000 	0.33575 	
0.23861	0         	0.07829 	0.26892 	0.37075 	0.37075 	0.33570 	0.33570 	0.00000 	0.33570 	
0.23961	0         	0.07829 	0.26892 	0.37074 	0.37074 	0.33563 	0.33563 	0.00000 	0.33563 	
0.24061	0         	0.07829 	0.26891 	0.37072 	0.37072 	0.33556 	0.33556 	0.00000 	0.33556 	
0.24161	0         	0.07829 	0.26891 	0.37072 	0.37072 	0.33556 	0.33556 	0.00000 	0.33556 	
0.24260	0         	0.07829 	0.26891 	0.37072 	0.37072 	0.33554 	0.33554 	0.00000 	0.33554 	
0.24360	0         	0.07829 	0.26891 	0.37072 	0.37072 	0.33554 	0.33554 	0.00000 	0.33554 	
0.24460	0         	0.07829 	0.26891 	0.37072 	0.37072 	0.33554 	0.33554 	0.00000 	0.33554 	
0.24560	0         	0.07829 	0.26891 	0.37072 	0.37072 	0.33554 	0.33554 	0.00000 	0.33554 	
0.24660	0         	0.07829 	0.26891 	0.37072 	0.37072 	0.33554 	0.33554 	0.00000 	0.33554 	
0.24760	0         	0.07829 	0.26891 	0.37072 	0.37072 	0.33554 	0.33554 	0.00000 	0.33554 	
0.24859	0         	0.07829 	0.26891 	0.37072 	0.37072 	0.33554 	0.33554 	0.00000 	0.33554 	
0.24959	0         	0.07829 	0.26891 	0.37072 	0.37072 	0.33554 	0.33554 	0.00000 	0.33554 	
0.25059	0         	0.07829 	0.26891 	0.37072 	0.37072 	0.33554 	0.33554 	0.00000 	0.33554 	
0.25159	0         	0.07829 	0.26891 	0.37072 	0.37072 	0.33551 	0.33551 	0.00000 	0.33551 	
0.25259	0         	0.07829 	0.26891 	0.37071 	0.37071 	0.33545 	0.33545 	0.00000 	0.33545 	
0.25359	0         	0.07829 	0.26891 	0.37070 	0.37070 	0.33539 	0.33539 	0.00000 	0.33539 	
0.25458	0         	0.07829 	0.26890 	0.37069 	0.37069 	0.33533 	0.33533 	0.00000 	0.33533 	
0.25558	0         	0.07829 	0.26890 	0.37068 	0.37068 	0.33526 	0.33526 	0.00000 	0.33526 	
0.25658	0         	0.07829 	0.26890 	0.37067 	0.37067 	0.33519 	0.33519 	0.00000 	0.33519 	
0.25758	0         	0.07829 	0.26889 	0.37067 	0.37067 	0.33517 	0.33517 	0.00000 	0.33517 	
0.25858	0         	0.07829 	0.26889 	0.37067 	0.37067 	0.33516 	0.33516 	0.00000 	0.33516 	
0.25958	0         	0.07829 	0.26889 	0.37066 	0.37066 	0.33516 	0.33516 	0.00000 	0.33516 	
0.26057	0         	0.07829 	0.26889 	0.37066 	0.37066 	0.33516 	0.33516 	0.00000 	0.33516 	
0.26157	0         	0.07829 	0.26889 	0.37066 	0.37066 	0.33516 	0.33516 	0.00000 	0.33516 	
0.26257	0         	0.07829 	0.26889 	0.37066 	0.37066 	0.33515 	0.33515 	0.00000 	0.33515 	
0.26357	0         	0.07829 	0.26889 	0.37066 	0.37066 	0.33511 	0.33511 	0.00000 	0.33511 	
0.26457	0         	0.07829 	0.26889 	0.37065 	0.37065 	0.33504 	0.33504 	0.00000 	0.33504 	
0.26557	0         	0.07829 	0.26888 	0.37063 	0.37063 	0.33496 	0.33496 	0.00000 	0.33496 	
0.26656	0         	0.07829 	0.26888 	0.37062 	0.37062 	0.33488 	0.33488 	0.00000 	0.33488 	
0.26756	0         	0.07829 	0.26888 	0.37061 	0.37061 	0.33481 	0.33481 	0.00000 	0.33481 	
0.26856	0         	0.07829 	0.26887 	0.37060 	0.37060 	0.33477 	0.33477 	0.00000 	0.33477 	
0.26956	0         	0.07829 	0.26887 	0.37060 	0.37060 	0.33476 	0.33476 	0.00000 	0.33476 	
0.27056	0         	0.07829 	0.26887 	0.37060 	0.37060 	0.33476 	0.33476 	0.00000 	0.33476 	
0.27156	0         	0.07829 	0.26887 	0.37060 	0.37060 	0.33475 	0.33475 	0.00000 	0.33475 	
0.27255	0         	0.07829 	0.26887 	0.37060 	0.37060 	0.33475 	0.33475 	0.00000 	0.33475 	
0.27355	0         	0.07829 	0.26887 	0.37060 	0.37060 	0.33475 	0.33475 	0.00000 	0.33475 	
0.27455	0         	0.07829 	0.26887 	0.37060 	0.37060 	0.33475 	0.33475 	0.00000 	0.33475 	
0.27555	0         	0.07829 	0.26887 	0.37060 	0.37060 	0.33475 	0.33475 	0.00000 	0.33475 	
0.27655	0         	0.07829 	0.26887 	0.37060 	0.37060 	0.33475 	0.33475 	0.00000 	0.33475 	
0.27755	0         	0.07829 	0.26887 	0.37060 	0.37060 	0.33475 	0.33475 	0.00000 	0.33475 	
0.27854	0         	0.07829 	0.26887 	0.37060 	0.37060 	0.33475 	0.33475 	0.00000 	0.33475 	
0.27954	0         	0.07829 	0.26887 	0.37060 	0.37060 	0.33475 	0.33475 	0.00000 	0.33475 	
0.28054	0         	0.07829 	0.26887 	0.37060 	0.37060 	0.33474 	0.33474 	0.00000 	0.33474 	
0.28154	0         	0.07829 	0.26887 	0.37059 	0.37059 	0.33472 	0.33472 	0.00000 	0.33472 	
0.28254	0         	0.07829 	0.26887 	0.37058 	0.37058 	0.33466 	0.33466 	0.00000 	0.33466 	
0.28354	0         	0.07829 	0.26886 	0.37057 	0.37057 	0.33459 	0.33459 	0.00000 	0.33459 	
0.28453	0         	0.07829 	0.26886 	0.37055 	0.37055 	0.33452 	0.33452 	0.00000 	0.33452 	
0.28553	0         	0.07829 	0.26885 	0.37054 	0.37054 	0.33446 	0.33446 	0.00000 	0.33446 	
0.28653	0         	0.07829 	0.26885 	0.37054 	0.37054 	0.33442 	0.33442 	0.00000 	0.33442 	
0.28753	0         	0.07829 	0.26885 	0.37053 	0.37053 	0.33439 	0.33439 	0.00000 	0.33439 	
0.28853	0         	0.07829 	0.26885 	0.37053 	0.37053 	0.33438 	0.33438 	0.00000 	0.33438 	
0.28953	0         	0.07829 	0.26885 	0.37053 	0.37053 	0.33438 	0.33438 	0.00000 	0.33438 	
0.29052	0         	0.07829 	0.26885 	0.37053 	0.37053 	0.33438 	0.33438 	0.00000 	0.33438 	
0.29152	0         	0.07829 	0.26885 	0.37053 	0.37053 	0.33437 	0.33437 	0.00000 	0.33437 	
0.29252	0         	0.07829 	0.26885 	0.37052 	0.37052 	0.33436 	0.33436 	0.00000 	0.33436 	
0.29352	0         	0.07829 	0.26884 	0.37052 	0.37052 	0.33433 	0.33433 	0.00000 	0.33433 	
0.29452	0         	0.07829 	0.26884 	0.37051 	0.37051 	0.33426 	0.33426 	0.00000 	0.33426 	
0.29552	0         	0.07829 	0.26884 	0.37050 	0.37050 	0.33422 	0.33422 	0.00000 	0.33422 	
0.29651	0         	0.07829 	0.26884 	0.37049 	0.37049 	0.33418 	0.33418 	0.00000 	0.33418 	
0.29751	0         	0.07829 	0.26883 	0.37048 	0.37048 	0.33412 	0.33412 	0.00000 	0.33412 	
0.29851	0         	0.07829 	0.26883 	0.37047 	0.37047 	0.33408 	0.33408 	0.00000 	0.33408 	
0.29951	0         	0.07829 	0.26883 	0.37046 	0.37046 	0.33405 	0.33405 	0.00000 	0.33405 	
0.30051	0         	0.07829 	0.26882 	0.37045 	0.37045 	0.33403 	0.33403 	0.00000 	0.33403 	
0.30151	0         	0.07829 	0.26882 	0.37045 	0.37045 	0.33403 	0.33403 	0.00000 	0.33403 	
0.30250	0         	0.07829 	0.26882 	0.37045 	0.37045 	0.33403 	0.33403 	0.00000 	0.33403 	
0.30350	0         	0.07829 	0.26882 	0.37045 	0.37045 	0.33403 	0.33403 	0.00000 	0.33403 	
0.30450	0         	0.07829 	0.26882 	0.37045 	0.37045 	0.33403 	0.33403 	0.00000 	0.33403 	
0.30550	0         	0.07829 	0.26882 	0.37045 	0.37045 	0.33403 	0.33403 	0.00000 	0.33403 	
0.30650	0         	0.07829 	0.26882 	0.37045 	0.37045 	0.33403 	0.33403 	0.00000 	0.33403 	
0.30750	0         	0.07829 	0.26882 	0.37045 	0.37045 	0.33403 	0.33403 	0.00000 	0.33403 	
0.30849	0         	0.07829 	0.26882 	0.37045 	0.37045 	0.33403 	0.33403 	0.00000 	0.33403 	
0.30949	0         	0.07829 	0.26882 	0.37045 	0.37045 	0.33403 	0.33403 	0.00000 	0.33403 	
0.31049	0         	0.07829 	0.26882 	0.37045 	0.37045 	0.33402 	0.33402 	0.00000 	0.33402 	
0.31149	0         	0.07829 	0.26882 	0.37045 	0.37045 	0.33401 	0.33401 	0.00000 	0.33401 	
0.31249	0         	0.07829 	0.26882 	0.37045 	0.37045 	0.33399 	0.33399 	0.00000 	0.33399 	
0.31349	0         	0.07829 	0.26882 	0.37044 	0.37044 	0.33394 	0.33394 	0.00000 	0.33394 	
0.31448	0         	0.07829 	0.26882 	0.37043 	0.37043 	0.33390 	0.33390 	0.00000 	0.33390 	
0.31548	0         	0.07829 	0.26881 	0.37042 	0.37042 	0.33387 	0.33387 	0.00000 	0.33387 	
0.31648	0         	0.07829 	0.26881 	0.37042 	0.37042 	0.33384 	0.33384 	0.00000 	0.33384 	
0.31748	0         	0.07829 	0.26881 	0.37041 	0.37041 	0.33381 	0.33381 	0.00000 	0.33381 	
0.31848	0         	0.07829 	0.26881 	0.37040 	0.37040 	0.33379 	0.33379 	0.00000 	0.33379 	
0.31948	0         	0.07829 	0.26881 	0.37040 	0.37040 	0.33376 	0.33376 	0.00000 	0.33376 	
0.32047	0         	0.07829 	0.26880 	0.37039 	0.37039 	0.33374 	0.33374 	0.00000 	0.33374 	
0.32147	0         	0.07829 	0.26880 	0.37039 	0.37039 	0.33373 	0.33373 	0.00000 	0.33373 	
0.32247	0         	0.07829 	0.26880 	0.37039 	0.37039 	0.33372 	0.33372 	0.00000 	0.33372 	
0.32347	0         	0.07829 	0.26880 	0.37039 	0.37039 	0.33372 	0.33372 	0.00000 	0.33372 	
0.32447	0         	0.07829 	0.26880 	0.37038 	0.37038 	0.33370 	0.33370 	0.00000 	0.33370 	
0.32547	0         	0.07829 	0.26880 	0.37038 	0.37038 	0.33367 	0.33367 	0.00000 	0.33367 	
0.32646	0         	0.07829 	0.26880 	0.37037 	0.37037 	0.33363 	0.33363 	0.00000 	0.33363 	
0.32746	0         	0.07829 	0.26879 	0.37036 	0.37036 	0.33361 	0.33361 	0.00000 	0.33361 	
0.32846	0         	0.07829 	0.26879 	0.37036 	0.37036 	0.33359 	0.33359 	0.00000 	0.33359 	
0.32946	0         	0.07829 	0.26879 	0.37035 	0.37035 	0.33356 	0.33356 	0.00000 	0.33356 	
0.33046	0         	0.07829 	0.26879 	0.37035 	0.37035 	0.33353 	0.33353 	0.00000 	0.33353 	
0.33146	0         	0.07829 	0.26879 	0.37034 	0.37034 	0.33351 	0.33351 	0.00000 	0.33351 	
0.33245	0         	0.07829 	0.26878 	0.37033 	0.37033 	0.33348 	0.33348 	0.00000 	0.33348 	
0.33345	0         	0.07829 	0.26878 	0.37033 	0.37033 	0.33346 	0.33346 	0.00000 	0.33346 	
0.33445	0         	0.07829 	0.26878 	0.37032 	0.37032 	0.33345 	0.33345 	0.00000 	0.33345 	
0.33545	0         	0.07829 	0.26878 	0.37032 	0.37032 	0.33345 	0.33345 	0.00000 	0.33345 	
0.33645	0         	0.07829 	0.26878 	0.37032 	0.37032 	0.33345 	0.33345 	0.00000 	0.33345 	
0.33745	0         	0.07829 	0.26878 	0.37032 	0.37032 	0.33345 	0.33345 	0.00000 	0.33345 	
0.33844	0         	0.07829 	0.26878 	0.37032 	0.37032 	0.33345 	0.33345 	0.00000 	0.33345 	
0.33944	0         	0.07829 	0.26878 	0.37032 	0.37032 	0.33345 	0.33345 	0.00000 	0.33345 	
0.34044	0         	0.07829 	0.26878 	0.37032 	0.37032 	0.33345 	0.33345 	0.00000 	0.33345 	
0.34144	0         	0.07829 	0.26878 	0.37032 	0.37032 	0.33344 	0.33344 	0.00000 	0.33344 	
0.34244	0         	0.07829 	0.26878 	0.37032 	0.37032 	0.33343 	0.33343 	0.00000 	0.33343 	
0.34344	0         	0.07829 	0.26878 	0.37031 	0.37031 	0.33339 	0.33339 	0.00000 	0.33339 	
0.34443	0         	0.07829 	0.26877 	0.37031 	0.37031 	0.33335 	0.33335 	0.00000 	0.33335 	
0.34543	0         	0.07829 	0.26877 	0.37030 	0.37030 	0.33333 	0.33333 	0.00000 	0.33333 	
0.34643	0         	0.07829 	0.26877 	0.37029 	0.37029 	0.33330 	0.33330 	0.00000 	0.33330 	
0.34743	0         	0.07829 	0.26877 	0.37029 	0.37029 	0.33327 	0.33327 	0.00000 	0.33327 	
0.34843	0         	0.07829 	0.26877 	0.37028 	0.37028 	0.33324 	0.33324 	0.00000 	0.33324 	
0.34943	0         	0.07829 	0.26876 	0.37027 	0.37027 	0.33320 	0.33320 	0.00000 	0.33320 	
0.35042	0         	0.07829 	0.26876 	0.37026 	0.37026 	0.33317 	0.33317 	0.00000 	0.33317 	
0.35142	0         	0.07829 	0.26876 	0.37026 	0.37026 	0.33314 	0.33314 	0.00000 	0.33314 	
0.35242	0         	0.07829 	0.26876 	0.37025 	0.37025 	0.33311 	0.33311 	0.00000 	0.33311 	
0.35342	0         	0.07829 	0.26875 	0.37024 	0.37024 	0.33308 	0.33308 	0.00000 	0.33308 	
0.35442	0         	0.07829 	0.26875 	0.37024 	0.37024 	0.33306 	0.33306 	0.00000 	0.33306 	
0.35542	0         	0.07829 	0.26875 	0.37023 	0.37023 	0.33303 	0.33303 	0.00000 	0.33303 	
0.35641	0         	0.07829 	0.26875 	0.37022 	0.37022 	0.33300 	0.33300 	0.00000 	0.33300 	
0.35741	0         	0.07829 	0.26874 	0.37021 	0.37021 	0.33296 	0.33296 	0.00000 	0.33296 	
0.35841	0         	0.07829 	0.26874 	0.37020 	0.37020 	0.33293 	0.33293 	0.00000 	0.33293 	
0.35941	0         	0.07829 	0.26874 	0.37020 	0.37020 	0.33290 	0.33290 	0.00000 	0.33290 	
0.36041	0         	0.07829 	0.26874 	0.37020 	0.37020 	0.33290 	0.33290 	0.00000 	0.33290 	
0.36141	0         	0.07829 	0.26874 	0.37020 	0.37020 	0.33290 	0.33290 	0.00000 	0.33290 	
0.36240	0         	0.07829 	0.26874 	0.37020 	0.37020 	0.33290 	0.33290 	0.00000 	0.33290 	
0.36340	0         	0.07829 	0.26874 	0.37020 	0.37020 	0.33290 	0.33290 	0.00000 	0.33290 	
0.36440	0         	0.07829 	0.26874 	0.37019 	0.37019 	0.33289 	0.33289 	0.00000 	0.33289 	
0.36540	0         	0.07829 	0.26874 	0.37019 	0.37019 	0.33286 	0.33286 	0.00000 	0.33286 	
0.36640	0         	0.07829 	0.26873 	0.37018 	0.37018 	0.33283 	0.33283 	0.00000 	0.33283 	
0.36740	0         	0.07829 	0.26873 	0.37018 	0.37018 	0.33281 	0.33281 	0.00000 	0.33281 	
0.36839	0         	0.07829 	0.26873 	0.37017 	0.37017 	0.33277 	0.33277 	0.00000 	0.33277 	
0.36939	0         	0.07829 	0.26872 	0.37015 	0.37015 	0.33272 	0.33272 	0.00000 	0.33272 	
0.37039	0         	0.07829 	0.26872 	0.37014 	0.37014 	0.33269 	0.33269 	0.00000 	0.33269 	
0.37139	0         	0.07829 	0.26872 	0.37014 	0.37014 	0.33266 	0.33266 	0.00000 	0.33266 	
0.37239	0         	0.07829 	0.26872 	0.37013 	0.37013 	0.33263 	0.33263 	0.00000 	0.33263 	
0.37339	0         	0.07829 	0.26871 	0.37012 	0.37012 	0.33260 	0.33260 	0.00000 	0.33260 	
0.37438	0         	0.07829 	0.26871 	0.37012 	0.37012 	0.33258 	0.33258 	0.00000 	0.33258 	
0.37538	0         	0.07829 	0.26871 	0.37011 	0.37011 	0.33255 	0.33255 	0.00000 	0.33255 	
0.37638	0         	0.07829 	0.26871 	0.37010 	0.37010 	0.33251 	0.33251 	0.00000 	0.33251 	
0.37738	0         	0.07829 	0.26870 	0.37010 	0.37010 	0.33249 	0.33249 	0.00000 	0.33249 	
0.37838	0         	0.07829 	0.26870 	0.37009 	0.37009 	0.33245 	0.33245 	0.00000 	0.33245 	
0.37938	0         	0.07829 	0.26870 	0.37008 	0.37008 	0.33241 	0.33241 	0.00000 	0.33241 	
0.38037	0         	0.07829 	0.26869 	0.37006 	0.37006 	0.33237 	0.33237 	0.00000 	0.33237 	
0.38137	0         	0.07829 	0.26869 	0.37006 	0.37006 	0.33235 	0.33235 	0.00000 	0.33235 	
0.38237	0         	0.07829 	0.26869 	0.37006 	0.37006 	0.33235 	0.33235 	0.00000 	0.33235 	
0.38337	0         	0.07829 	0.26869 	0.37006 	0.37006 	0.33235 	0.33235 	0.00000 	0.33235 	
0.38437	0         	0.07829 	0.26869 	0.37006 	0.37006 	0.33235 	0.33235 	0.00000 	0.33235 	
0.38537	0         	0.07829 	0.26869 	0.37005 	0.37005 	0.33232 	0.33232 	0.00000 	0.33232 	
0.38636	0         	0.07829 	0.26869 	0.37005 	0.37005 	0.33231 	0.33231 	0.00000 	0.33231 	
0.38736	0         	0.07829 	0.26868 	0.37003 	0.37003 	0.33225 	0.33225 	0.00000 	0.33225 	
0.38836	0         	0.07829 	0.26868 	0.37002 	0.37002 	0.33222 	0.33222 	0.00000 	0.33222 	
0.38936	0         	0.07829 	0.26868 	0.37002 	0.37002 	0.33220 	0.33220 	0.00000 	0.33220 	
0.39036	0         	0.07829 	0.26868 	0.37002 	0.37002 	0.33218 	0.33218 	0.00000 	0.33218 	
0.39136	0         	0.07829 	0.26868 	0.37001 	0.37001 	0.33215 	0.33215 	0.00000 	0.33215 	
0.39235	0         	0.07829 	0.26867 	0.37000 	0.37000 	0.33213 	0.33213 	0.00000 	0.33213 	
0.39335	0         	0.07829 	0.26867 	0.37000 	0.37000 	0.33211 	0.33211 	0.00000 	0.33211 	
0.39435	0         	0.07829 	0.26867 	0.36999 	0.36999 	0.33209 	0.33209 	0.00000 	0.33209 	
0.39535	0         	0.07829 	0.26867 	0.36999 	0.36999 	0.33206 	0.33206 	0.00000 	0.33206 	
0.39635	0         	0.07829 	0.26867 	0.36998 	0.36998 	0.33203 	0.33203 	0.00000 	0.33203 	
0.39735	0         	0.07829 	0.26866 	0.36997 	0.36997 	0.33200 	0.33200 	0.00000 	0.33200 	
0.39834	0         	0.07829 	0.26866 	0.36996 	0.36996 	0.33196 	0.33196 	0.00000 	0.33196 	
0.39934	0         	0.07829 	0.26866 	0.36995 	0.36995 	0.33193 	0.33193 	0.00000 	0.33193 	
0.40034	0         	0.07829 	0.26866 	0.36995 	0.36995 	0.33193 	0.33193 	0.00000 	0.33193 	
0.40134	0         	0.07829 	0.26866 	0.36995 	0.36995 	0.33193 	0.33193 	0.00000 	0.33193 	
0.40234	0         	0.07829 	0.26866 	0.36995 	0.36995 	0.33193 	0.33193 	0.00000 	0.33193 	
0.40334	0         	0.07829 	0.26865 	0.36993 	0.36993 	0.33186 	0.33186 	0.00000 	0.33186 	
0.40433	0         	0.07829 	0.26865 	0.36993 	0.36993 	0.33185 	0.33185 	0.00000 	0.33185 	
0.40533	0         	0.07829 	0.26865 	0.36992 	0.36992 	0.33182 	0.33182 	0.00000 	0.33182 	
0.40633	0         	0.07829 	0.26865 	0.36992 	0.36992 	0.33180 	0.33180 	0.00000 	0.33180 	
0.40733	0         	0.07829 	0.26864 	0.36991 	0.36991 	0.33179 	0.33179 	0.00000 	0.33179 	
0.40833	0         	0.07829 	0.26864 	0.36991 	0.36991 	0.33176 	0.33176 	0.00000 	0.33176 	
0.40933	0         	0.07829 	0.26864 	0.36990 	0.36990 	0.33172 	0.33172 	0.00000 	0.33172 	
0.41032	0         	0.07829 	0.26864 	0.36990 	0.36990 	0.33170 	0.33170 	0.00000 	0.33170 	
0.41132	0         	0.07829 	0.26864 	0.36989 	0.36989 	0.33167 	0.33167 	0.00000 	0.33167 	
0.41232	0         	0.07829 	0.26863 	0.36988 	0.36988 	0.33164 	0.33164 	0.00000 	0.33164 	
0.41332	0         	0.07829 	0.26863 	0.36987 	0.36987 	0.33161 	0.33161 	0.00000 	0.33161 	
0.41432	0         	0.07829 	0.26863 	0.36986 	0.36986 	0.33158 	0.33158 	0.00000 	0.33158 	
0.41531	0         	0.07829 	0.26862 	0.36985 	0.36985 	0.33154 	0.33154 	0.00000 	0.33154 	
0.41631	0         	0.07829 	0.26862 	0.36984 	0.36984 	0.33151 	0.33151 	0.00000 	0.33151 	
0.41731	0         	0.07829 	0.26862 	0.36984 	0.36984 	0.33151 	0.33151 	0.00000 	0.33151 	
0.41831	0         	0.07829 	0.26862 	0.36984 	0.36984 	0.33151 	0.33151 	0.00000 	0.33151 	
0.41931	0         	0.07829 	0.26862 	0.36983 	0.36983 	0.33145 	0.33145 	0.00000 	0.33145 	
0.42031	0         	0.07829 	0.26861 	0.36982 	0.36982 	0.33143 	0.33143 	0.00000 	0.33143 	
0.42130	0         	0.07829 	0.26861 	0.36981 	0.36981 	0.33140 	0.33140 	0.00000 	0.33140 	
0.42230	0         	0.07829 	0.26861 	0.36981 	0.36981 	0.33138 	0.33138 	0.00000 	0.33138 	
0.42330	0         	0.07829 	0.26861 	0.36980 	0.36980 	0.33136 	0.33136 	0.00000 	0.33136 	
0.42430	0         	0.07829 	0.26860 	0.36980 	0.36980 	0.33132 	0.33132 	0.00000 	0.33132 	
0.42530	0         	0.07829 	0.26860 	0.36979 	0.36979 	0.33130 	0.33130 	0.00000 	0.33130 	
0.42630	0         	0.07829 	0.26860 	0.36978 	0.36978 	0.33127 	0.33127 	0.00000 	0.33127 	
0.42729	0         	0.07829 	0.26860 	0.36977 	0.36977 	0.33123 	0.33123 	0.00000 	0.33123 	
0.42829	0         	0.07829 	0.26859 	0.36976 	0.36976 	0.33119 	0.33119 	0.00000 	0.33119 	
0.42929	0         	0.07829 	0.26859 	0.36975 	0.36975 	0.33115 	0.33115 	0.00000 	0.33115 	
0.43029	0         	0.07829 	0.26859 	0.36974 	0.36974 	0.33110 	0.33110 	0.00000 	0.33110 	
0.43129	0         	0.07829 	0.26858 	0.36973 	0.36973 	0.33107 	0.33107 	0.00000 	0.33107 	
0.43229	0         	0.07829 	0.26858 	0.36972 	0.36972 	0.33104 	0.33104 	0.00000 	0.33104 	
0.43328	0         	0.07829 	0.26858 	0.36971 	0.36971 	0.33101 	0.33101 	0.00000 	0.33101 	
0.43428	0         	0.07829 	0.26857 	0.36970 	0.36970 	0.33099 	0.33099 	0.00000 	0.33099 	
0.43528	0         	0.07829 	0.26857 	0.36969 	0.36969 	0.33095 	0.33095 	0.00000 	0.33095 	
0.43628	0         	0.07829 	0.26857 	0.36968 	0.36968 	0.33092 	0.33092 	0.00000 	0.33092 	
0.43728	0         	0.07829 	0.26856 	0.36967 	0.36967 	0.33088 	0.33088 	0.00000 	0.33088 	
0.43828	0         	0.07829 	0.26856 	0.36967 	0.36967 	0.33086 	0.33086 	0.00000 	0.33086 	
0.43927	0         	0.07829 	0.26856 	0.36966 	0.36966 	0.33083 	0.33083 	0.00000 	0.33083 	
0.44027	0         	0.07829 	0.26856 	0.36965 	0.36965 	0.33079 	0.33079 	0.00000 	0.33079 	
0.44127	0         	0.07829 	0.26855 	0.36963 	0.36963 	0.33074 	0.33074 	0.00000 	0.33074 	
0.44227	0         	0.07829 	0.26855 	0.36962 	0.36962 	0.33070 	0.33070 	0.00000 	0.33070 	
0.44327	0         	0.07829 	0.26854 	0.36961 	0.36961 	0.33067 	0.33067 	0.00000 	0.33067 	
0.44427	0         	0.07829 	0.26854 	0.36960 	0.36960 	0.33063 	0.33063 	0.00000 	0.33063 	
0.44526	0         	0.07829 	0.26853 	0.36958 	0.36958 	0.33058 	0.33058 	0.00000 	0.33058 	
0.44626	0         	0.07829 	0.26853 	0.36957 	0.36957 	0.33055 	0.33055 	0.00000 	0.33055 	
0.44726	0         	0.07829 	0.26853 	0.36956 	0.36956 	0.33051 	0.33051 	0.00000 	0.33051 	
0.44826	0         	0.07829 	0.26852 	0.36955 	0.36955 	0.33047 	0.33047 	0.00000 	0.33047 	
0.44926	0         	0.07829 	0.26852 	0.36954 	0.36954 	0.33042 	0.33042 	0.00000 	0.33042 	
0.45026	0         	0.07829 	0.26852 	0.36953 	0.36953 	0.33038 	0.33038 	0.00000 	0.33038 	
0.45125	0         	0.07829 	0.26851 	0.36952 	0.36952 	0.33036 	0.33036 	0.00000 	0.33036 	
0.45225	0         	0.07829 	0.26851 	0.36951 	0.36951 	0.33032 	0.33032 	0.00000 	0.33032 	
0.45325	0         	0.07829 	0.26851 	0.36950 	0.36950 	0.33028 	0.33028 	0.00000 	0.33028 	
0.45425	0         	0.07829 	0.26850 	0.36949 	0.36949 	0.33024 	0.33024 	0.00000 	0.33024 	
0.45525	0         	0.07829 	0.26850 	0.36948 	0.36948 	0.33020 	0.33020 	0.00000 	0.33020 	
0.45625	0         	0.07829 	0.26849 	0.36947 	0.36947 	0.33017 	0.33017 	0.00000 	0.33017 	
0.45724	0         	0.07829 	0.26849 	0.36945 	0.36945 	0.33011 	0.33011 	0.00000 	0.33011 	
0.45824	0         	0.07829 	0.26848 	0.36944 	0.36944 	0.33008 	0.33008 	0.00000 	0.33008 	
0.45924	0         	0.07829 	0.26848 	0.36942 	0.36942 	0.33005 	0.33005 	0.00000 	0.33005 	
0.46024	0         	0.07829 	0.26848 	0.36942 	0.36942 	0.33001 	0.33001 	0.00000 	0.33001 	
0.46124	0         	0.07829 	0.26847 	0.36940 	0.36940 	0.32997 	0.32997 	0.00000 	0.32997 	
0.46224	0         	0.07829 	0.26847 	0.36939 	0.36939 	0.32993 	0.32993 	0.00000 	0.32993 	
0.46323	0         	0.07829 	0.26847 	0.36938 	0.36938 	0.32989 	0.32989 	0.00000 	0.32989 	
0.46423	0         	0.07829 	0.26846 	0.36937 	0.36937 	0.32984 	0.32984 	0.00000 	0.32984 	
0.46523	0         	0.07829 	0.26846 	0.36935 	0.36935 	0.32980 	0.32980 	0.00000 	0.32980 	
0.46623	0         	0.07829 	0.26845 	0.36934 	0.36934 	0.32975 	0.32975 	0.00000 	0.32975 	
0.46723	0         	0.07829 	0.26845 	0.36932 	0.36932 	0.32971 	0.32971 	0.00000 	0.32971 	
0.46823	0         	0.07829 	0.26844 	0.36931 	0.36931 	0.32965 	0.32965 	0.00000 	0.32965 	
0.46922	0         	0.07829 	0.26844 	0.36929 	0.36929 	0.32961 	0.32961 	0.00000 	0.32961 	
0.47022	0         	0.07829 	0.26843 	0.36927 	0.36927 	0.32956 	0.32956 	0.00000 	0.32956 	
0.47122	0         	0.07829 	0.26843 	0.36926 	0.36926 	0.32950 	0.32950 	0.00000 	0.32950 	
0.47222	0         	0.07829 	0.26842 	0.36924 	0.36924 	0.32946 	0.32946 	0.00000 	0.32946 	
0.47322	0         	0.07829 	0.26842 	0.36923 	0.36923 	0.32941 	0.32941 	0.00000 	0.32941 	
0.47422	0         	0.07829 	0.26841 	0.36922 	0.36922 	0.32938 	0.32938 	0.00000 	0.32938 	
0.47521	0         	0.07829 	0.26841 	0.36920 	0.36920 	0.32933 	0.32933 	0.00000 	0.32933 	
0.47621	0         	0.07829 	0.26840 	0.36919 	0.36919 	0.32929 	0.32929 	0.00000 	0.32929 	
0.47721	0         	0.07829 	0.26840 	0.36918 	0.36918 	0.32925 	0.32925 	0.00000 	0.32925 	
0.47821	0         	0.07829 	0.26839 	0.36916 	0.36916 	0.32920 	0.32920 	0.00000 	0.32920 	
0.47921	0         	0.07829 	0.26839 	0.36914 	0.36914 	0.32916 	0.32916 	0.00000 	0.32916 	
0.48021	0         	0.07829 	0.26838 	0.36912 	0.36912 	0.32909 	0.32909 	0.00000 	0.32909 	
0.48120	0         	0.07829 	0.26838 	0.36911 	0.36911 	0.32904 	0.32904 	0.00000 	0.32904 	
0.48220	0         	0.07829 	0.26837 	0.36910 	0.36910 	0.32900 	0.32900 	0.00000 	0.32900 	
0.48320	0         	0.07829 	0.26837 	0.36908 	0.36908 	0.32895 	0.32895 	0.00000 	0.32895 	
0.48420	0         	0.07829 	0.26836 	0.36906 	0.36906 	0.32889 	0.32889 	0.00000 	0.32889 	
0.48520	0         	0.07829 	0.26835 	0.36905 	0.36905 	0.32885 	0.32885 	0.00000 	0.32885 	
0.48620	0         	0.07829 	0.26835 	0.36903 	0.36903 	0.32881 	0.32881 	0.00000 	0.32881 	
0.48719	0         	0.07829 	0.26835 	0.36902 	0.36902 	0.32877 	0.32877 	0.00000 	0.32877 	
0.48819	0         	0.07829 	0.26834 	0.36901 	0.36901 	0.32872 	0.32872 	0.00000 	0.32872 	
0.48919	0         	0.07829 	0.26834 	0.36899 	0.36899 	0.32868 	0.32868 	0.00000 	0.32868 	
0.49019	0         	0.07829 	0.26833 	0.36897 	0.36897 	0.32861 	0.32861 	0.00000 	0.32861 	
0.49119	0         	0.07829 	0.26832 	0.36895 	0.36895 	0.32855 	0.32855 	0.00000 	0.32855 	
0.49219	0         	0.07829 	0.26832 	0.36893 	0.36893 	0.32850 	0.32850 	0.00000 	0.32850 	
0.49318	0         	0.07829 	0.26831 	0.36891 	0.36891 	0.32845 	0.32845 	0.00000 	0.32845 	
0.49418	0         	0.07829 	0.26830 	0.36888 	0.36888 	0.32836 	0.32836 	0.00000 	0.32836 	
0.49518	0         	0.07829 	0.26830 	0.36887 	0.36887 	0.32831 	0.32831 	0.00000 	0.32831 	
0.49618	0         	0.07829 	0.26829 	0.36885 	0.36885 	0.32826 	0.32826 	0.00000 	0.32826 	
0.49718	0         	0.07829 	0.26829 	0.36884 	0.36884 	0.32822 	0.32822 	0.00000 	0.32822 	
0.49818	0         	0.07829 	0.26828 	0.36882 	0.36882 	0.32817 	0.32817 	0.00000 	0.32817 	
0.49917	0         	0.07829 	0.26827 	0.36880 	0.36880 	0.32812 	0.32812 	0.00000 	0.32812 	
0.50017	0         	0.07829 	0.26827 	0.36878 	0.36878 	0.32806 	0.32806 	0.00000 	0.32806 	
0.50117	0         	0.07829 	0.26826 	0.36876 	0.36876 	0.32798 	0.32798 	0.00000 	0.32798 	
0.50217	0         	0.07829 	0.26825 	0.36874 	0.36874 	0.32792 	0.32792 	0.00000 	0.32792 	
0.50317	0         	0.07829 	0.26825 	0.36872 	0.36872 	0.32787 	0.32787 	0.00000 	0.32787 	
0.50417	0         	0.07829 	0.26823 	0.36869 	0.36869 	0.32778 	0.32778 	0.00000 	0.32778 	
0.50516	0         	0.07829 	0.26823 	0.36866 	0.36866 	0.32771 	0.32771 	0.00000 	0.32771 	
0.50616	0         	0.07829 	0.26822 	0.36865 	0.36865 	0.32766 	0.32766 	0.00000 	0.32766 	
0.50716	0         	0.07829 	0.26822 	0.36863 	0.36863 	0.32760 	0.32760 	0.00000 	0.32760 	
0.50816	0         	0.07829 	0.26821 	0.36861 	0.36861 	0.32756 	0.32756 	0.00000 	0.32756 	
0.50916	0         	0.07829 	0.26820 	0.36859 	0.36859 	0.32750 	0.32750 	0.00000 	0.32750 	
0.51016	0         	0.07829 	0.26820 	0.36857 	0.36857 	0.32744 	0.32744 	0.00000 	0.32744 	
0.51115	0         	0.07829 	0.26819 	0.36854 	0.36854 	0.32736 	0.32736 	0.00000 	0.32736 	
0.51215	0         	0.07829 	0.26818 	0.36852 	0.36852 	0.32729 	0.32729 	0.00000 	0.32729 	
0.51315	0         	0.07829 	0.26817 	0.36850 	0.36850 	0.32723 	0.32723 	0.00000 	0.32723 	
0.51415	0         	0.07829 	0.26816 	0.36847 	0.36847 	0.32715 	0.32715 	0.00000 	0.32715 	
0.51515	0         	0.07829 	0.26816 	0.36847 	0.36847 	0.32715 	0.32715 	0.00000 	0.32715 	
0.51615	0         	0.07829 	0.26816 	0.36847 	0.36847 	0.32715 	0.32715 	0.00000 	0.32715 	
0.51714	0         	0.07829 	0.26816 	0.36847 	0.36847 	0.32715 	0.32715 	0.00000 	0.32715 	
0.51814	0         	0.07829 	0.26815 	0.36843 	0.36843 	0.32704 	0.32704 	0.00000 	0.32704 	
0.51914	0         	0.07829 	0.26814 	0.36841 	0.36841 	0.32699 	0.32699 	0.00000 	0.32699 	
0.52014	0         	0.07829 	0.26814 	0.36840 	0.36840 	0.32695 	0.32695 	0.00000 	0.32695 	
0.52114	0         	0.07829 	0.26813 	0.36837 	0.36837 	0.32689 	0.32689 	0.00000 	0.32689 	
0.52214	0         	0.07829 	0.26813 	0.36836 	0.36836 	0.32684 	0.32684 	0.00000 	0.32684 	
0.52313	0         	0.07829 	0.26812 	0.36833 	0.36833 	0.32677 	0.32677 	0.00000 	0.32677 	
0.52413	0         	0.07829 	0.26811 	0.36831 	0.36831 	0.32671 	0.32671 	0.00000 	0.32671 	
0.52513	0         	0.07829 	0.26810 	0.36829 	0.36829 	0.32665 	0.32665 	0.00000 	0.32665 	
0.52613	0         	0.07829 	0.26809 	0.36826 	0.36826 	0.32656 	0.32656 	0.00000 	0.32656 	
0.52713	0         	0.07829 	0.26808 	0.36823 	0.36823 	0.32649 	0.32649 	0.00000 	0.32649 	
0.52813	0         	0.07829 	0.26807 	0.36820 	0.36820 	0.32642 	0.32642 	0.00000 	0.32642 	
0.52912	0         	0.07829 	0.26807 	0.36818 	0.36818 	0.32636 	0.32636 	0.00000 	0.32636 	
0.53012	0         	0.07829 	0.26806 	0.36817 	0.36817 	0.32632 	0.32632 	0.00000 	0.32632 	
0.53112	0         	0.07829 	0.26806 	0.36815 	0.36815 	0.32626 	0.32626 	0.00000 	0.32626 	
0.53212	0         	0.07829 	0.26804 	0.36811 	0.36811 	0.32618 	0.32618 	0.00000 	0.32618 	
0.53312	0         	0.07829 	0.26804 	0.36810 	0.36810 	0.32613 	0.32613 	0.00000 	0.32613 	
0.53412	0         	0.07829 	0.26803 	0.36807 	0.36807 	0.32607 	0.32607 	0.00000 	0.32607 	
0.53511	0         	0.07829 	0.26802 	0.36805 	0.36805 	0.32600 	0.32600 	0.00000 	0.32600 	
0.53611	0         	0.07829 	0.26801 	0.36801 	0.36801 	0.32590 	0.32590 	0.00000 	0.32590 	
0.53711	0         	0.07829 	0.26800 	0.36798 	0.36798 	0.32581 	0.32581 	0.00000 	0.32581 	
0.53811	0         	0.07829 	0.26799 	0.36795 	0.36795 	0.32575 	0.32575 	0.00000 	0.32575 	
0.53911	0         	0.07829 	0.26798 	0.36793 	0.36793 	0.32569 	0.32569 	0.00000 	0.32569 	
0.54011	0         	0.07829 	0.26798 	0.36791 	0.36791 	0.32563 	0.32563 	0.00000 	0.32563 	
0.54110	0         	0.07829 	0.26797 	0.36788 	0.36788 	0.32556 	0.32556 	0.00000 	0.32556 	
0.54210	0         	0.07829 	0.26796 	0.36786 	0.36786 	0.32549 	0.32549 	0.00000 	0.32549 	
0.54310	0         	0.07829 	0.26795 	0.36783 	0.36783 	0.32542 	0.32542 	0.00000 	0.32542 	
0.54410	0         	0.07829 	0.26794 	0.36780 	0.36780 	0.32535 	0.32535 	0.00000 	0.32535 	
0.54510	0         	0.07829 	0.26793 	0.36777 	0.36777 	0.32528 	0.32528 	0.00000 	0.32528 	
0.54610	0         	0.07829 	0.26792 	0.36773 	0.36773 	0.32517 	0.32517 	0.00000 	0.32517 	
0.54709	0         	0.07829 	0.26791 	0.36770 	0.36770 	0.32510 	0.32510 	0.00000 	0.32510 	
0.54809	0         	0.07829 	0.26790 	0.36767 	0.36767 	0.32502 	0.32502 	0.00000 	0.32502 	
0.54909	0         	0.07829 	0.26789 	0.36764 	0.36764 	0.32493 	0.32493 	0.00000 	0.32493 	
0.55009	0         	0.07829 	0.26787 	0.36761 	0.36761 	0.32484 	0.32484 	0.00000 	0.32484 	
0.55109	0         	0.07829 	0.26786 	0.36757 	0.36757 	0.32476 	0.32476 	0.00000 	0.32476 	
0.55209	0         	0.07829 	0.26785 	0.36754 	0.36754 	0.32467 	0.32467 	0.00000 	0.32467 	
0.55308	0         	0.07829 	0.26784 	0.36751 	0.36751 	0.32460 	0.32460 	0.00000 	0.32460 	
0.55408	0         	0.07829 	0.26783 	0.36747 	0.36747 	0.32451 	0.32451 	0.00000 	0.32451 	
0.55508	0         	0.07829 	0.26782 	0.36744 	0.36744 	0.32443 	0.32443 	0.00000 	0.32443 	
0.55608	0         	0.07829 	0.26781 	0.36741 	0.36741 	0.32435 	0.32435 	0.00000 	0.32435 	
0.55708	0         	0.07829 	0.26780 	0.36737 	0.36737 	0.32424 	0.32424 	0.00000 	0.32424 	
0.55808	0         	0.07829 	0.26779 	0.36734 	0.36734 	0.32416 	0.32416 	0.00000 	0.32416 	
0.55907	0         	0.07829 	0.26778 	0.36731 	0.36731 	0.32408 	0.32408 	0.00000 	0.32408 	
0.56007	0         	0.07829 	0.26776 	0.36728 	0.36728 	0.32399 	0.32399 	0.00000 	0.32399 	
0.56107	0         	0.07829 	0.26775 	0.36724 	0.36724 	0.32389 	0.32389 	0.00000 	0.32389 	
0.56207	0         	0.07829 	0.26774 	0.36720 	0.36720 	0.32379 	0.32379 	0.00000 	0.32379 	
0.56307	0         	0.07829 	0.26773 	0.36716 	0.36716 	0.32369 	0.32369 	0.00000 	0.32369 	
0.56407	0         	0.07829 	0.26771 	0.36712 	0.36712 	0.32360 	0.32360 	0.00000 	0.32360 	
0.56506	0         	0.07829 	0.26770 	0.36708 	0.36708 	0.32350 	0.32350 	0.00000 	0.32350 	
0.56606	0         	0.07829 	0.26769 	0.36705 	0.36705 	0.32342 	0.32342 	0.00000 	0.32342 	
0.56706	0         	0.07829 	0.26768 	0.36701 	0.36701 	0.32332 	0.32332 	0.00000 	0.32332 	
0.56806	0         	0.07829 	0.26766 	0.36697 	0.36697 	0.32321 	0.32321 	0.00000 	0.32321 	
0.56906	0         	0.07829 	0.26765 	0.36692 	0.36692 	0.32310 	0.32310 	0.00000 	0.32310 	
0.57006	0         	0.07829 	0.26764 	0.36689 	0.36689 	0.32301 	0.32301 	0.00000 	0.32301 	
0.57105	0         	0.07829 	0.26762 	0.36684 	0.36684 	0.32290 	0.32290 	0.00000 	0.32290 	
0.57205	0         	0.07829 	0.26761 	0.36680 	0.36680 	0.32279 	0.32279 	0.00000 	0.32279 	
0.57305	0         	0.07829 	0.26760 	0.36677 	0.36677 	0.32272 	0.32272 	0.00000 	0.32272 	
0.57405	0         	0.07829 	0.26758 	0.36672 	0.36672 	0.32260 	0.32260 	0.00000 	0.32260 	
0.57505	0         	0.07829 	0.26757 	0.36668 	0.36668 	0.32250 	0.32250 	0.00000 	0.32250 	
0.57605	0         	0.07829 	0.26756 	0.36665 	0.36665 	0.32242 	0.32242 	0.00000 	0.32242 	
0.57704	0         	0.07829 	0.26754 	0.36661 	0.36661 	0.32233 	0.32233 	0.00000 	0.32233 	
0.57804	0         	0.07829 	0.26753 	0.36657 	0.36657 	0.32221 	0.32221 	0.00000 	0.32221 	
0.57904	0         	0.07829 	0.26751 	0.36653 	0.36653 	0.32211 	0.32211 	0.00000 	0.32211 	
0.58004	0         	0.07829 	0.26750 	0.36650 	0.36650 	0.32203 	0.32203 	0.00000 	0.32203 	
0.58104	0         	0.07829 	0.26749 	0.36646 	0.36646 	0.32194 	0.32194 	0.00000 	0.32194 	
0.58204	0         	0.07829 	0.26748 	0.36641 	0.36641 	0.32184 	0.32184 	0.00000 	0.32184 	
0.58303	0         	0.07829 	0.26746 	0.36637 	0.36637 	0.32173 	0.32173 	0.00000 	0.32173 	
0.58403	0         	0.07829 	0.26745 	0.36633 	0.36633 	0.32164 	0.32164 	0.00000 	0.32164 	
0.58503	0         	0.07829 	0.26744 	0.36629 	0.36629 	0.32154 	0.32154 	0.00000 	0.32154 	
0.58603	0         	0.07829 	0.26742 	0.36625 	0.36625 	0.32144 	0.32144 	0.00000 	0.32144 	
0.58703	0         	0.07829 	0.26741 	0.36622 	0.36622 	0.32135 	0.32135 	0.00000 	0.32135 	
0.58803	0         	0.07829 	0.26740 	0.36617 	0.36617 	0.32125 	0.32125 	0.00000 	0.32125 	
0.58902	0         	0.07829 	0.26738 	0.36612 	0.36612 	0.32114 	0.32114 	0.00000 	0.32114 	
0.59002	0         	0.07829 	0.26737 	0.36608 	0.36608 	0.32102 	0.32102 	0.00000 	0.32102 	
0.59102	0         	0.07829 	0.26735 	0.36604 	0.36604 	0.32093 	0.32093 	0.00000 	0.32093 	
0.59202	0         	0.07829 	0.26734 	0.36599 	0.36599 	0.32082 	0.32082 	0.00000 	0.32082 	
0.59302	0         	0.07829 	0.26732 	0.36596 	0.36596 	0.32073 	0.32073 	0.00000 	0.32073 	
0.59402	0         	0.07829 	0.26731 	0.36592 	0.36592 	0.32065 	0.32065 	0.00000 	0.32065 	
0.59501	0         	0.07829 	0.26730 	0.36588 	0.36588 	0.32053 	0.32053 	0.00000 	0.32053 	
0.59601	0         	0.07829 	0.26728 	0.36582 	0.36582 	0.32042 	0.32042 	0.00000 	0.32042 	
0.59701	0         	0.07829 	0.26726 	0.36577 	0.36577 	0.32029 	0.32029 	0.00000 	0.32029 	
0.59801	0         	0.07829 	0.26725 	0.36573 	0.36573 	0.32018 	0.32018 	0.00000 	0.32018 	
0.59901	0         	0.07829 	0.26723 	0.36568 	0.36568 	0.32007 	0.32007 	0.00000 	0.32007 	
0.60001	0         	0.07829 	0.26722 	0.36564 	0.36564 	0.31996 	0.31996 	0.00000 	0.31996 	
0.60100	0         	0.07829 	0.26720 	0.36558 	0.36558 	0.31982 	0.31982 	0.00000 	0.31982 	
0.60200	0         	0.07829 	0.26719 	0.36554 	0.36554 	0.31973 	0.31973 	0.00000 	0.31973 	
0.60300	0         	0.07829 	0.26717 	0.36549 	0.36549 	0.31960 	0.31960 	0.00000 	0.31960 	
0.60400	0         	0.07829 	0.26715 	0.36544 	0.36544 	0.31949 	0.31949 	0.00000 	0.31949 	
0.60500	0         	0.07829 	0.26714 	0.36540 	0.36540 	0.31938 	0.31938 	0.00000 	0.31938 	
0.60600	0         	0.07829 	0.26712 	0.36536 	0.36536 	0.31928 	0.31928 	0.00000 	0.31928 	
0.60699	0         	0.07829 	0.26711 	0.36530 	0.36530 	0.31915 	0.31915 	0.00000 	0.31915 	
0.60799	0         	0.07829 	0.26709 	0.36524 	0.36524 	0.31901 	0.31901 	0.00000 	0.31901 	
0.60899	0         	0.07829 	0.26707 	0.36519 	0.36519 	0.31889 	0.31889 	0.00000 	0.31889 	
0.60999	0         	0.07829 	0.26705 	0.36514 	0.36514 	0.31876 	0.31876 	0.00000 	0.31876 	
0.61099	0         	0.07829 	0.26703 	0.36508 	0.36508 	0.31863 	0.31863 	0.00000 	0.31863 	
0.61199	0         	0.07829 	0.26702 	0.36504 	0.36504 	0.31852 	0.31852 	0.00000 	0.31852 	
0.61298	0         	0.07829 	0.26700 	0.36498 	0.36498 	0.31838 	0.31838 	0.00000 	0.31838 	
0.61398	0         	0.07829 	0.26698 	0.36492 	0.36492 	0.31824 	0.31824 	0.00000 	0.31824 	
0.61498	0         	0.07829 	0.26696 	0.36487 	0.36487 	0.31813 	0.31813 	0.00000 	0.31813 	
0.61598	0         	0.07829 	0.26694 	0.36480 	0.36480 	0.31796 	0.31796 	0.00000 	0.31796 	
0.61698	0         	0.07829 	0.26692 	0.36474 	0.36474 	0.31782 	0.31782 	0.00000 	0.31782 	
0.61798	0         	0.07829 	0.26690 	0.36468 	0.36468 	0.31767 	0.31767 	0.00000 	0.31767 	
0.61897	0         	0.07829 	0.26688 	0.36463 	0.36463 	0.31753 	0.31753 	0.00000 	0.31753 	
0.61997	0         	0.07829 	0.26686 	0.36456 	0.36456 	0.31738 	0.31738 	0.00000 	0.31738 	
0.62097	0         	0.07829 	0.26684 	0.36449 	0.36449 	0.31721 	0.31721 	0.00000 	0.31721 	
0.62197	0         	0.07829 	0.26681 	0.36442 	0.36442 	0.31704 	0.31704 	0.00000 	0.31704 	
0.62297	0         	0.07829 	0.26679 	0.36434 	0.36434 	0.31687 	0.31687 	0.00000 	0.31687 	
0.62397	0         	0.07829 	0.26677 	0.36429 	0.36429 	0.31675 	0.31675 	0.00000 	0.31675 	
0.62496	0         	0.07829 	0.26675 	0.36422 	0.36422 	0.31659 	0.31659 	0.00000 	0.31659 	
0.62596	0         	0.07829 	0.26672 	0.36414 	0.36414 	0.31640 	0.31640 	0.00000 	0.31640 	
0.62696	0         	0.07829 	0.26670 	0.36407 	0.36407 	0.31623 	0.31623 	0.00000 	0.31623 	
0.62796	0         	0.07829 	0.26667 	0.36400 	0.36400 	0.31608 	0.31608 	0.00000 	0.31608 	
0.62896	0         	0.07829 	0.26665 	0.36393 	0.36393 	0.31591 	0.31591 	0.00000 	0.31591 	
0.62996	0         	0.07829 	0.26662 	0.36385 	0.36385 	0.31575 	0.31575 	0.00000 	0.31575 	
0.63095	0         	0.07829 	0.26660 	0.36379 	0.36379 	0.31560 	0.31560 	0.00000 	0.31560 	
0.63195	0         	0.07829 	0.26657 	0.36370 	0.36370 	0.31538 	0.31538 	0.00000 	0.31538 	
0.63295	0         	0.07829 	0.26654 	0.36361 	0.36361 	0.31520 	0.31520 	0.00000 	0.31520 	
0.63395	0         	0.07829 	0.26652 	0.36355 	0.36355 	0.31504 	0.31504 	0.00000 	0.31504 	
0.63495	0         	0.07829 	0.26650 	0.36348 	0.36348 	0.31487 	0.31487 	0.00000 	0.31487 	
0.63595	0         	0.07829 	0.26647 	0.36338 	0.36338 	0.31464 	0.31464 	0.00000 	0.31464 	
0.63694	0         	0.07829 	0.26644 	0.36331 	0.36331 	0.31446 	0.31446 	0.00000 	0.31446 	
0.63794	0         	0.07829 	0.26641 	0.36322 	0.36322 	0.31427 	0.31427 	0.00000 	0.31427 	
0.63894	0         	0.07829 	0.26638 	0.36313 	0.36313 	0.31406 	0.31406 	0.00000 	0.31406 	
0.63994	0         	0.07829 	0.26636 	0.36307 	0.36307 	0.31393 	0.31393 	0.00000 	0.31393 	
0.64094	0         	0.07829 	0.26633 	0.36298 	0.36298 	0.31371 	0.31371 	0.00000 	0.31371 	
0.64194	0         	0.07829 	0.26631 	0.36292 	0.36292 	0.31357 	0.31357 	0.00000 	0.31357 	
0.64293	0         	0.07829 	0.26628 	0.36282 	0.36282 	0.31335 	0.31335 	0.00000 	0.31335 	
0.64393	0         	0.07829 	0.26625 	0.36272 	0.36272 	0.31311 	0.31311 	0.00000 	0.31311 	
0.64493	0         	0.07829 	0.26622 	0.36265 	0.36265 	0.31295 	0.31295 	0.00000 	0.31295 	
0.64593	0         	0.07829 	0.26619 	0.36255 	0.36255 	0.31270 	0.31270 	0.00000 	0.31270 	
0.64693	0         	0.07829 	0.26616 	0.36247 	0.36247 	0.31254 	0.31254 	0.00000 	0.31254 	
0.64793	0         	0.07829 	0.26613 	0.36238 	0.36238 	0.31230 	0.31230 	0.00000 	0.31230 	
0.64892	0         	0.07829 	0.26610 	0.36228 	0.36228 	0.31208 	0.31208 	0.00000 	0.31208 	
0.64992	0         	0.07829 	0.26607 	0.36220 	0.36220 	0.31192 	0.31192 	0.00000 	0.31192 	
0.65092	0         	0.07829 	0.26604 	0.36211 	0.36211 	0.31171 	0.31171 	0.00000 	0.31171 	
0.65192	0         	0.07829 	0.26601 	0.36203 	0.36203 	0.31155 	0.31155 	0.00000 	0.31155 	
0.65292	0         	0.07829 	0.26599 	0.36195 	0.36195 	0.31141 	0.31141 	0.00000 	0.31141 	
0.65392	0         	0.07829 	0.26596 	0.36187 	0.36187 	0.31124 	0.31124 	0.00000 	0.31124 	
0.65491	0         	0.07829 	0.26593 	0.36178 	0.36178 	0.31106 	0.31106 	0.00000 	0.31106 	
0.65591	0         	0.07829 	0.26590 	0.36169 	0.36169 	0.31089 	0.31089 	0.00000 	0.31089 	
0.65691	0         	0.07829 	0.26588 	0.36162 	0.36162 	0.31076 	0.31076 	0.00000 	0.31076 	
0.65791	0         	0.07829 	0.26585 	0.36153 	0.36153 	0.31059 	0.31059 	0.00000 	0.31059 	
0.65891	0         	0.07829 	0.26582 	0.36145 	0.36145 	0.31041 	0.31041 	0.00000 	0.31041 	
0.65991	0         	0.07829 	0.26579 	0.36135 	0.36135 	0.31023 	0.31023 	0.00000 	0.31023 	
0.66090	0         	0.07829 	0.26577 	0.36129 	0.36129 	0.31010 	0.31010 	0.00000 	0.31010 	
0.66190	0         	0.07829 	0.26574 	0.36121 	0.36121 	0.30995 	0.30995 	0.00000 	0.30995 	
0.66290	0         	0.07829 	0.26571 	0.36111 	0.36111 	0.30976 	0.30976 	0.00000 	0.30976 	
0.66390	0         	0.07829 	0.26568 	0.36101 	0.36101 	0.30958 	0.30958 	0.00000 	0.30958 	
0.66490	0         	0.07829 	0.26565 	0.36093 	0.36093 	0.30944 	0.30944 	0.00000 	0.30944 	
0.66590	0         	0.07829 	0.26562 	0.36085 	0.36085 	0.30929 	0.30929 	0.00000 	0.30929 	
0.66689	0         	0.07829 	0.26559 	0.36074 	0.36074 	0.30909 	0.30909 	0.00000 	0.30909 	
0.66789	0         	0.07829 	0.26556 	0.36066 	0.36066 	0.30893 	0.30893 	0.00000 	0.30893 	
0.66889	0         	0.07829 	0.26553 	0.36057 	0.36057 	0.30876 	0.30876 	0.00000 	0.30876 	
0.66989	0         	0.07829 	0.26550 	0.36049 	0.36049 	0.30862 	0.30862 	0.00000 	0.30862 	
0.67089	0         	0.07829 	0.26547 	0.36041 	0.36041 	0.30846 	0.30846 	0.00000 	0.30846 	
0.67189	0         	0.07829 	0.26544 	0.36030 	0.36030 	0.30828 	0.30828 	0.00000 	0.30828 	
0.67288	0         	0.07829 	0.26541 	0.36022 	0.36022 	0.30812 	0.30812 	0.00000 	0.30812 	
0.67388	0         	0.07829 	0.26538 	0.36012 	0.36012 	0.30796 	0.30796 	0.00000 	0.30796 	
0.67488	0         	0.07829 	0.26535 	0.36002 	0.36002 	0.30778 	0.30778 	0.00000 	0.30778 	
0.67588	0         	0.07829 	0.26532 	0.35995 	0.35995 	0.30765 	0.30765 	0.00000 	0.30765 	
0.67688	0         	0.07829 	0.26529 	0.35985 	0.35985 	0.30747 	0.30747 	0.00000 	0.30747 	
0.67788	0         	0.07829 	0.26525 	0.35974 	0.35974 	0.30728 	0.30728 	0.00000 	0.30728 	
0.67887	0         	0.07829 	0.26522 	0.35963 	0.35963 	0.30709 	0.30709 	0.00000 	0.30709 	
0.67987	0         	0.07829 	0.26519 	0.35954 	0.35954 	0.30693 	0.30693 	0.00000 	0.30693 	
0.68087	0         	0.07829 	0.26515 	0.35944 	0.35944 	0.30676 	0.30676 	0.00000 	0.30676 	
0.68187	0         	0.07829 	0.26512 	0.35934 	0.35934 	0.30658 	0.30658 	0.00000 	0.30658 	
0.68287	0         	0.07829 	0.26508 	0.35922 	0.35922 	0.30638 	0.30638 	0.00000 	0.30638 	
0.68387	0         	0.07829 	0.26505 	0.35913 	0.35913 	0.30621 	0.30621 	0.00000 	0.30621 	
0.68486	0         	0.07829 	0.26501 	0.35901 	0.35901 	0.30601 	0.30601 	0.00000 	0.30601 	
0.68586	0         	0.07829 	0.26498 	0.35891 	0.35891 	0.30584 	0.30584 	0.00000 	0.30584 	
0.68686	0         	0.07829 	0.26495 	0.35882 	0.35882 	0.30568 	0.30568 	0.00000 	0.30568 	
0.68786	0         	0.07829 	0.26491 	0.35871 	0.35871 	0.30550 	0.30550 	0.00000 	0.30550 	
0.68886	0         	0.07829 	0.26488 	0.35861 	0.35861 	0.30532 	0.30532 	0.00000 	0.30532 	
0.68986	0         	0.07829 	0.26483 	0.35848 	0.35848 	0.30510 	0.30510 	0.00000 	0.30510 	
0.69085	0         	0.07829 	0.26479 	0.35836 	0.35836 	0.30490 	0.30490 	0.00000 	0.30490 	
0.69185	0         	0.07829 	0.26475 	0.35822 	0.35822 	0.30467 	0.30467 	0.00000 	0.30467 	
0.69285	0         	0.07829 	0.26471 	0.35811 	0.35811 	0.30449 	0.30449 	0.00000 	0.30449 	
0.69385	0         	0.07829 	0.26466 	0.35797 	0.35797 	0.30424 	0.30424 	0.00000 	0.30424 	
0.69485	0         	0.07829 	0.26462 	0.35784 	0.35784 	0.30404 	0.30404 	0.00000 	0.30404 	
0.69585	0         	0.07829 	0.26457 	0.35770 	0.35773 	0.30380 	0.30380 	0.00000 	0.30380 	
0.69684	0         	0.07829 	0.26452 	0.35755 	0.35773 	0.30357 	0.30357 	0.00000 	0.30357 	
0.69784	0         	0.07829 	0.26448 	0.35742 	0.35773 	0.30336 	0.30336 	0.00000 	0.30336 	
0.69884	0         	0.07829 	0.26443 	0.35727 	0.35773 	0.30311 	0.30311 	0.00000 	0.30311 	
0.69984	0         	0.07829 	0.26438 	0.35711 	0.35773 	0.30285 	0.30285 	0.00000 	0.30285 	
0.70084	0         	0.07829 	0.26434 	0.35699 	0.35773 	0.30266 	0.30266 	0.00000 	0.30266 	
0.70184	0         	0.07829 	0.26428 	0.35683 	0.35773 	0.30239 	0.30239 	0.00000 	0.30239 	
0.70283	0         	0.07829 	0.26423 	0.35667 	0.35773 	0.30213 	0.30213 	0.00000 	0.30213 	
0.70383	0         	0.07829 	0.26418 	0.35653 	0.35773 	0.30192 	0.30192 	0.00000 	0.30192 	
0.70483	0         	0.07829 	0.26414 	0.35639 	0.35773 	0.30170 	0.30170 	0.00000 	0.30170 	
0.70583	0         	0.07829 	0.26408 	0.35622 	0.35773 	0.30142 	0.30142 	0.00000 	0.30142 	
0.70683	0         	0.07829 	0.26402 	0.35604 	0.35773 	0.30115 	0.30115 	0.00000 	0.30115 	
0.70783	0         	0.07829 	0.26397 	0.35589 	0.35773 	0.30092 	0.30092 	0.00000 	0.30092 	
0.70882	0         	0.07829 	0.26392 	0.35573 	0.35773 	0.30067 	0.30067 	0.00000 	0.30067 	
0.70982	0         	0.07829 	0.26385 	0.35554 	0.35773 	0.30037 	0.30037 	0.00000 	0.30037 	
0.71082	0         	0.07829 	0.26379 	0.35537 	0.35773 	0.30011 	0.30011 	0.00000 	0.30011 	
0.71182	0         	0.07829 	0.26373 	0.35517 	0.35773 	0.29981 	0.29981 	0.00000 	0.29981 	
0.71282	0         	0.07829 	0.26367 	0.35498 	0.35773 	0.29953 	0.29953 	0.00000 	0.29953 	
0.71382	0         	0.07829 	0.26361 	0.35482 	0.35773 	0.29928 	0.29928 	0.00000 	0.29928 	
0.71481	0         	0.07829 	0.26355 	0.35462 	0.35773 	0.29899 	0.29899 	0.00000 	0.29899 	
0.71581	0         	0.07829 	0.26350 	0.35447 	0.35773 	0.29876 	0.29876 	0.00000 	0.29876 	
0.71681	0         	0.07829 	0.26343 	0.35427 	0.35773 	0.29847 	0.29847 	0.00000 	0.29847 	
0.71781	0         	0.07829 	0.26338 	0.35411 	0.35773 	0.29824 	0.29824 	0.00000 	0.29824 	
0.71881	0         	0.07829 	0.26331 	0.35390 	0.35773 	0.29792 	0.29792 	0.00000 	0.29792 	
0.71981	0         	0.07829 	0.26323 	0.35366 	0.35773 	0.29757 	0.29757 	0.00000 	0.29757 	
0.72080	0         	0.07829 	0.26315 	0.35344 	0.35773 	0.29724 	0.29724 	0.00000 	0.29724 	
0.72180	0         	0.07829 	0.26308 	0.35322 	0.35773 	0.29692 	0.29692 	0.00000 	0.29692 	
0.72280	0         	0.07829 	0.26300 	0.35299 	0.35773 	0.29657 	0.29657 	0.00000 	0.29657 	
0.72380	0         	0.07829 	0.26293 	0.35276 	0.35773 	0.29624 	0.29624 	0.00000 	0.29624 	
0.72480	0         	0.07829 	0.26285 	0.35253 	0.35773 	0.29589 	0.29589 	0.00000 	0.29589 	
0.72580	0         	0.07829 	0.26276 	0.35227 	0.35773 	0.29551 	0.29551 	0.00000 	0.29551 	
0.72679	0         	0.07829 	0.26269 	0.35204 	0.35773 	0.29517 	0.29517 	0.00000 	0.29517 	
0.72779	0         	0.07829 	0.26267 	0.35198 	0.35773 	0.29508 	0.29508 	0.00000 	0.29508 	
0.72879	0         	0.07829 	0.26264 	0.35192 	0.35773 	0.29498 	0.29498 	0.00000 	0.29498 	
0.72979	0         	0.07829 	0.26264 	0.35192 	0.35773 	0.29498 	0.29498 	0.00000 	0.29498 	
0.73079	0         	0.07829 	0.26255 	0.35163 	0.35773 	0.29456 	0.29456 	0.00000 	0.29456 	
0.73179	0         	0.07829 	0.26247 	0.35138 	0.35773 	0.29420 	0.29420 	0.00000 	0.29420 	
0.73278	0         	0.07829 	0.26239 	0.35117 	0.35773 	0.29389 	0.29389 	0.00000 	0.29389 	
0.73378	0         	0.07829 	0.26233 	0.35096 	0.35773 	0.29359 	0.29359 	0.00000 	0.29359 	
0.73478	0         	0.07829 	0.26223 	0.35068 	0.35773 	0.29319 	0.29319 	0.00000 	0.29319 	
0.73578	0         	0.07829 	0.26216 	0.35045 	0.35773 	0.29288 	0.29288 	0.00000 	0.29288 	
0.73678	0         	0.07829 	0.26206 	0.35017 	0.35773 	0.29250 	0.29250 	0.00000 	0.29250 	
0.73778	0         	0.07829 	0.26198 	0.34991 	0.35773 	0.29212 	0.29212 	0.00000 	0.29212 	
0.73877	0         	0.07829 	0.26187 	0.34959 	0.35773 	0.29168 	0.29168 	0.00000 	0.29168 	
0.73977	0         	0.07829 	0.26178 	0.34933 	0.35773 	0.29131 	0.29131 	0.00000 	0.29131 	
0.74077	0         	0.07829 	0.26169 	0.34906 	0.35773 	0.29093 	0.29093 	0.00000 	0.29093 	
0.74177	0         	0.07829 	0.26158 	0.34872 	0.35773 	0.29047 	0.29047 	0.00000 	0.29047 	
0.74277	0         	0.07829 	0.26149 	0.34844 	0.35773 	0.29009 	0.29009 	0.00000 	0.29009 	
0.74377	0         	0.07829 	0.26139 	0.34815 	0.35773 	0.28967 	0.28967 	0.00000 	0.28967 	
0.74476	0         	0.07829 	0.26128 	0.34782 	0.35773 	0.28923 	0.28923 	0.00000 	0.28923 	
0.74576	0         	0.07829 	0.26118 	0.34752 	0.35773 	0.28882 	0.28882 	0.00000 	0.28882 	
0.74676	0         	0.07829 	0.26108 	0.34722 	0.35773 	0.28841 	0.28841 	0.00000 	0.28841 	
0.74776	0         	0.07829 	0.26097 	0.34690 	0.35773 	0.28796 	0.28796 	0.00000 	0.28796 	
0.74876	0         	0.07829 	0.26086 	0.34657 	0.35773 	0.28750 	0.28750 	0.00000 	0.28750 	
0.74976	0         	0.07829 	0.26080 	0.34639 	0.35773 	0.28727 	0.28727 	0.00000 	0.28727 	
0.75075	0         	0.07829 	0.26077 	0.34630 	0.35773 	0.28715 	0.28715 	0.00000 	0.28715 	
0.75175	0         	0.07829 	0.26065 	0.34592 	0.35773 	0.28662 	0.28662 	0.00000 	0.28662 	
0.75275	0         	0.07829 	0.26054 	0.34561 	0.35773 	0.28620 	0.28620 	0.00000 	0.28620 	
0.75375	0         	0.07829 	0.26044 	0.34529 	0.35773 	0.28577 	0.28577 	0.00000 	0.28577 	
0.75475	0         	0.07829 	0.26035 	0.34504 	0.35773 	0.28543 	0.28543 	0.00000 	0.28543 	
0.75575	0         	0.07829 	0.26025 	0.34473 	0.35773 	0.28501 	0.28501 	0.00000 	0.28501 	
0.75674	0         	0.07829 	0.26012 	0.34434 	0.35773 	0.28449 	0.28449 	0.00000 	0.28449 	
0.75774	0         	0.07829 	0.26000 	0.34397 	0.35773 	0.28400 	0.28400 	0.00000 	0.28400 	
0.75874	0         	0.07829 	0.25988 	0.34363 	0.35773 	0.28355 	0.28355 	0.00000 	0.28355 	
0.75974	0         	0.07829 	0.25982 	0.34345 	0.35773 	0.28331 	0.28331 	0.00000 	0.28331 	
0.76074	0         	0.07829 	0.25969 	0.34304 	0.35773 	0.28277 	0.28277 	0.00000 	0.28277 	
0.76174	0         	0.07829 	0.25956 	0.34265 	0.35773 	0.28227 	0.28227 	0.00000 	0.28227 	
0.76273	0         	0.07829 	0.25944 	0.34232 	0.35773 	0.28183 	0.28183 	0.00000 	0.28183 	
0.76373	0         	0.07829 	0.25932 	0.34194 	0.35773 	0.28135 	0.28135 	0.00000 	0.28135 	
0.76473	0         	0.07829 	0.25918 	0.34151 	0.35773 	0.28082 	0.28082 	0.00000 	0.28082 	
0.76573	0         	0.07829 	0.25906 	0.34116 	0.35773 	0.28037 	0.28037 	0.00000 	0.28037 	
0.76673	0         	0.07829 	0.25892 	0.34075 	0.35773 	0.27986 	0.27986 	0.00000 	0.27986 	
0.76773	0         	0.07829 	0.25879 	0.34036 	0.35773 	0.27936 	0.27936 	0.00000 	0.27936 	
0.76872	0         	0.07829 	0.25869 	0.34006 	0.35773 	0.27900 	0.27900 	0.00000 	0.27900 	
0.76972	0         	0.07829 	0.25869 	0.34006 	0.35773 	0.27900 	0.27900 	0.00000 	0.27900 	
0.77072	0         	0.07829 	0.25854 	0.33961 	0.35773 	0.27844 	0.27844 	0.00000 	0.27844 	
0.77172	0         	0.07829 	0.25839 	0.33916 	0.35773 	0.27787 	0.27787 	0.00000 	0.27787 	
0.77272	0         	0.07829 	0.25825 	0.33874 	0.35773 	0.27734 	0.27734 	0.00000 	0.27734 	
0.77372	0         	0.07829 	0.25810 	0.33827 	0.35773 	0.27676 	0.27676 	0.00000 	0.27676 	
0.77471	0         	0.07829 	0.25796 	0.33785 	0.35773 	0.27624 	0.27624 	0.00000 	0.27624 	
0.77571	0         	0.07829 	0.25785 	0.33753 	0.35773 	0.27586 	0.27586 	0.00000 	0.27586 	
0.77671	0         	0.07829 	0.25771 	0.33712 	0.35773 	0.27536 	0.27536 	0.00000 	0.27536 	
0.77771	0         	0.07829 	0.25757 	0.33671 	0.35773 	0.27485 	0.27485 	0.00000 	0.27485 	
0.77871	0         	0.07829 	0.25743 	0.33626 	0.35773 	0.27432 	0.27432 	0.00000 	0.27432 	
0.77971	0         	0.07829 	0.25729 	0.33585 	0.35773 	0.27382 	0.27382 	0.00000 	0.27382 	
0.78070	0         	0.07829 	0.25714 	0.33539 	0.35773 	0.27329 	0.27329 	0.00000 	0.27329 	
0.78170	0         	0.07829 	0.25703 	0.33506 	0.35773 	0.27291 	0.27291 	0.00000 	0.27291 	
0.78270	0         	0.07829 	0.25698 	0.33493 	0.35773 	0.27274 	0.27274 	0.00000 	0.27274 	
0.78370	0         	0.07829 	0.25682 	0.33443 	0.35773 	0.27216 	0.27216 	0.00000 	0.27216 	
0.78470	0         	0.07829 	0.25665 	0.33393 	0.35773 	0.27157 	0.27157 	0.00000 	0.27157 	
0.78570	0         	0.07829 	0.25649 	0.33346 	0.35773 	0.27102 	0.27102 	0.00000 	0.27102 	
0.78669	0         	0.07829 	0.25635 	0.33303 	0.35773 	0.27051 	0.27051 	0.00000 	0.27051 	
0.78769	0         	0.07829 	0.25620 	0.33259 	0.35773 	0.26999 	0.26999 	0.00000 	0.26999 	
0.78869	0         	0.07829 	0.25604 	0.33210 	0.35773 	0.26942 	0.26942 	0.00000 	0.26942 	
0.78969	0         	0.07829 	0.25587 	0.33159 	0.35773 	0.26881 	0.26881 	0.00000 	0.26881 	
0.79069	0         	0.07829 	0.25570 	0.33109 	0.35773 	0.26822 	0.26822 	0.00000 	0.26822 	
0.79169	0         	0.07829 	0.25551 	0.33052 	0.35773 	0.26758 	0.26758 	0.00000 	0.26758 	
0.79268	0         	0.07829 	0.25533 	0.32997 	0.35773 	0.26693 	0.26693 	0.00000 	0.26693 	
0.79368	0         	0.07829 	0.25515 	0.32943 	0.35773 	0.26629 	0.26629 	0.00000 	0.26629 	
0.79468	0         	0.07829 	0.25496 	0.32888 	0.35773 	0.26565 	0.26565 	0.00000 	0.26565 	
0.79568	0         	0.07829 	0.25477 	0.32830 	0.35773 	0.26498 	0.26498 	0.00000 	0.26498 	
0.79668	0         	0.07829 	0.25460 	0.32779 	0.35773 	0.26439 	0.26439 	0.00000 	0.26439 	
0.79768	0         	0.07829 	0.25441 	0.32722 	0.35773 	0.26375 	0.26375 	0.00000 	0.26375 	
0.79867	0         	0.07829 	0.25421 	0.32662 	0.35773 	0.26307 	0.26307 	0.00000 	0.26307 	
0.79967	0         	0.07829 	0.25402 	0.32605 	0.35773 	0.26243 	0.26243 	0.00000 	0.26243 	
0.80067	0         	0.07829 	0.25384 	0.32549 	0.35773 	0.26178 	0.26178 	0.00000 	0.26178 	
0.80167	0         	0.07829 	0.25363 	0.32488 	0.35773 	0.26107 	0.26107 	0.00000 	0.26107 	
0.80267	0         	0.07829 	0.25343 	0.32427 	0.35773 	0.26039 	0.26039 	0.00000 	0.26039 	
0.80367	0         	0.07829 	0.25324 	0.32369 	0.35773 	0.25975 	0.25975 	0.00000 	0.25975 	
0.80466	0         	0.07829 	0.25304 	0.32311 	0.35773 	0.25910 	0.25910 	0.00000 	0.25910 	
0.80566	0         	0.07829 	0.25283 	0.32247 	0.35773 	0.25839 	0.25839 	0.00000 	0.25839 	
0.80666	0         	0.07829 	0.25263 	0.32188 	0.35773 	0.25773 	0.25773 	0.00000 	0.25773 	
0.80766	0         	0.07829 	0.25242 	0.32126 	0.35773 	0.25701 	0.25701 	0.00000 	0.25701 	
0.80866	0         	0.07829 	0.25221 	0.32062 	0.35773 	0.25630 	0.25630 	0.00000 	0.25630 	
0.80966	0         	0.07829 	0.25200 	0.31998 	0.35773 	0.25561 	0.25561 	0.00000 	0.25561 	
0.81065	0         	0.07829 	0.25179 	0.31936 	0.35773 	0.25494 	0.25494 	0.00000 	0.25494 	
0.81165	0         	0.07829 	0.25159 	0.31874 	0.35773 	0.25425 	0.25425 	0.00000 	0.25425 	
0.81265	0         	0.07829 	0.25136 	0.31808 	0.35773 	0.25351 	0.25351 	0.00000 	0.25351 	
0.81365	0         	0.07829 	0.25115 	0.31744 	0.35773 	0.25279 	0.25279 	0.00000 	0.25279 	
0.81465	0         	0.07829 	0.25093 	0.31678 	0.35773 	0.25209 	0.25209 	0.00000 	0.25209 	
0.81565	0         	0.07829 	0.25073 	0.31618 	0.35773 	0.25145 	0.25145 	0.00000 	0.25145 	
0.81664	0         	0.07829 	0.25052 	0.31553 	0.35773 	0.25076 	0.25076 	0.00000 	0.25076 	
0.81764	0         	0.07829 	0.25033 	0.31496 	0.35773 	0.25017 	0.25017 	0.00000 	0.25017 	
0.81864	0         	0.07829 	0.25010 	0.31430 	0.35773 	0.24946 	0.24946 	0.00000 	0.24946 	
0.81964	0         	0.07829 	0.24989 	0.31366 	0.35773 	0.24879 	0.24879 	0.00000 	0.24879 	
0.82064	0         	0.07829 	0.24967 	0.31300 	0.35773 	0.24810 	0.24810 	0.00000 	0.24810 	
0.82164	0         	0.07829 	0.24944 	0.31231 	0.35773 	0.24738 	0.24738 	0.00000 	0.24738 	
0.82263	0         	0.07829 	0.24921 	0.31160 	0.35773 	0.24666 	0.24666 	0.00000 	0.24666 	
0.82363	0         	0.07829 	0.24889 	0.31066 	0.35773 	0.24565 	0.24565 	0.00000 	0.24565 	
0.82463	0         	0.07829 	0.24852 	0.30954 	0.35773 	0.24450 	0.24450 	0.00000 	0.24450 	
0.82563	0         	0.07829 	0.24814 	0.30839 	0.35773 	0.24332 	0.24332 	0.00000 	0.24332 	
0.82663	0         	0.07829 	0.24775 	0.30723 	0.35773 	0.24213 	0.24213 	0.00000 	0.24213 	
0.82763	0         	0.07829 	0.24738 	0.30613 	0.35773 	0.24100 	0.24100 	0.00000 	0.24100 	
0.82862	0         	0.07829 	0.24700 	0.30498 	0.35773 	0.23984 	0.23984 	0.00000 	0.23984 	
0.82962	0         	0.07829 	0.24660 	0.30378 	0.35773 	0.23866 	0.23866 	0.00000 	0.23866 	
0.83062	0         	0.07829 	0.24621 	0.30260 	0.35773 	0.23748 	0.23748 	0.00000 	0.23748 	
0.83162	0         	0.07829 	0.24582 	0.30146 	0.35773 	0.23636 	0.23636 	0.00000 	0.23636 	
0.83262	0         	0.07829 	0.24542 	0.30025 	0.35773 	0.23518 	0.23518 	0.00000 	0.23518 	
0.83362	0         	0.07829 	0.24501 	0.29900 	0.35773 	0.23398 	0.23398 	0.00000 	0.23398 	
0.83461	0         	0.07829 	0.24460 	0.29778 	0.35773 	0.23280 	0.23280 	0.00000 	0.23280 	
0.83561	0         	0.07829 	0.24419 	0.29655 	0.35773 	0.23159 	0.23159 	0.00000 	0.23159 	
0.83661	0         	0.07829 	0.24378 	0.29531 	0.35773 	0.23039 	0.23039 	0.00000 	0.23039 	
0.83761	0         	0.07829 	0.24337 	0.29409 	0.35773 	0.22922 	0.22922 	0.00000 	0.22922 	
0.83861	0         	0.07829 	0.24295 	0.29282 	0.35773 	0.22799 	0.22799 	0.00000 	0.22799 	
0.83961	0         	0.07829 	0.24251 	0.29152 	0.35773 	0.22675 	0.22675 	0.00000 	0.22675 	
0.84060	0         	0.07829 	0.24209 	0.29025 	0.35773 	0.22551 	0.22551 	0.00000 	0.22551 	
0.84160	0         	0.07829 	0.24166 	0.28896 	0.35773 	0.22426 	0.22426 	0.00000 	0.22426 	
0.84260	0         	0.07829 	0.24126 	0.28776 	0.35773 	0.22308 	0.22308 	0.00000 	0.22308 	
0.84360	0         	0.07829 	0.24083 	0.28646 	0.35773 	0.22182 	0.22182 	0.00000 	0.22182 	
0.84460	0         	0.07829 	0.24042 	0.28523 	0.35773 	0.22062 	0.22062 	0.00000 	0.22062 	
0.84560	0         	0.07829 	0.23998 	0.28394 	0.35773 	0.21934 	0.21934 	0.00000 	0.21934 	
0.84659	0         	0.07829 	0.23955 	0.28263 	0.35773 	0.21804 	0.21804 	0.00000 	0.21804 	
0.84759	0         	0.07829 	0.23912 	0.28133 	0.35773 	0.21678 	0.21678 	0.00000 	0.21678 	
0.84859	0         	0.07829 	0.23873 	0.28016 	0.35773 	0.21563 	0.21563 	0.00000 	0.21563 	
0.84959	0         	0.07829 	0.23829 	0.27884 	0.35773 	0.21433 	0.21433 	0.00000 	0.21433 	
0.85059	0         	0.07829 	0.23785 	0.27752 	0.35773 	0.21303 	0.21303 	0.00000 	0.21303 	
0.85158	0         	0.07829 	0.23742 	0.27625 	0.35773 	0.21175 	0.21175 	0.00000 	0.21175 	
0.85258	0         	0.07829 	0.23700 	0.27498 	0.35773 	0.21048 	0.21048 	0.00000 	0.21048 	
0.85358	0         	0.07829 	0.23654 	0.27360 	0.35773 	0.20916 	0.20916 	0.00000 	0.20916 	
0.85458	0         	0.07829 	0.23608 	0.27221 	0.35773 	0.20779 	0.20779 	0.00000 	0.20779 	
0.85558	0         	0.07829 	0.23563 	0.27087 	0.35773 	0.20650 	0.20650 	0.00000 	0.20650 	
0.85658	0         	0.07829 	0.23519 	0.26955 	0.35773 	0.20524 	0.20524 	0.00000 	0.20524 	
0.85757	0         	0.07829 	0.23473 	0.26817 	0.35773 	0.20388 	0.20388 	0.00000 	0.20388 	
0.85857	0         	0.07829 	0.23432 	0.26695 	0.35773 	0.20271 	0.20271 	0.00000 	0.20271 	
0.85957	0         	0.07829 	0.23384 	0.26550 	0.35773 	0.20133 	0.20133 	0.00000 	0.20133 	
0.86057	0         	0.07829 	0.23341 	0.26421 	0.35773 	0.20005 	0.20005 	0.00000 	0.20005 	
0.86157	0         	0.07829 	0.23297 	0.26288 	0.35773 	0.19878 	0.19878 	0.00000 	0.19878 	
0.86257	0         	0.07829 	0.23251 	0.26151 	0.35773 	0.19746 	0.19746 	0.00000 	0.19746 	
0.86356	0         	0.07829 	0.23209 	0.26025 	0.35773 	0.19624 	0.19624 	0.00000 	0.19624 	
0.86456	0         	0.07829 	0.23162 	0.25883 	0.35773 	0.19487 	0.19487 	0.00000 	0.19487 	
0.86556	0         	0.07829 	0.23113 	0.25736 	0.35773 	0.19346 	0.19346 	0.00000 	0.19346 	
0.86656	0         	0.07829 	0.23063 	0.25588 	0.35773 	0.19206 	0.19206 	0.00000 	0.19206 	
0.86756	0         	0.07829 	0.23013 	0.25438 	0.35773 	0.19063 	0.19063 	0.00000 	0.19063 	
0.86856	0         	0.07829 	0.22967 	0.25301 	0.35773 	0.18933 	0.18933 	0.00000 	0.18933 	
0.86955	0         	0.07829 	0.22920 	0.25159 	0.35773 	0.18802 	0.18802 	0.00000 	0.18802 	
0.87055	0         	0.07829 	0.22871 	0.25012 	0.35773 	0.18663 	0.18663 	0.00000 	0.18663 	
0.87155	0         	0.07829 	0.22821 	0.24861 	0.35773 	0.18520 	0.18520 	0.00000 	0.18520 	
0.87255	0         	0.07829 	0.22767 	0.24700 	0.35773 	0.18377 	0.18377 	0.00000 	0.18377 	
0.87355	0         	0.07829 	0.22713 	0.24538 	0.35773 	0.18234 	0.18234 	0.00000 	0.18234 	
0.87455	0         	0.07829 	0.22676 	0.24425 	0.35773 	0.18136 	0.18136 	0.00000 	0.18136 	
0.87554	0         	0.07829 	0.22625 	0.24273 	0.35773 	0.18002 	0.18002 	0.00000 	0.18002 	
0.87654	0         	0.07829 	0.22569 	0.24106 	0.35773 	0.17858 	0.17858 	0.00000 	0.17858 	
0.87754	0         	0.07829 	0.22513 	0.23937 	0.35773 	0.17714 	0.17714 	0.00000 	0.17714 	
0.87854	0         	0.07829 	0.22456 	0.23767 	0.35773 	0.17570 	0.17570 	0.00000 	0.17570 	
0.87954	0         	0.07829 	0.22406 	0.23617 	0.35773 	0.17446 	0.17446 	0.00000 	0.17446 	
0.88054	0         	0.07829 	0.22352 	0.23455 	0.35773 	0.17312 	0.17312 	0.00000 	0.17312 	
0.88153	0         	0.07829 	0.22300 	0.23299 	0.35773 	0.17182 	0.17182 	0.00000 	0.17182 	
0.88253	0         	0.07829 	0.22242 	0.23125 	0.35773 	0.17040 	0.17040 	0.00000 	0.17040 	
0.88353	0         	0.07829 	0.22184 	0.22950 	0.35773 	0.16897 	0.16897 	0.00000 	0.16897 	
0.88453	0         	0.07829 	0.22125 	0.22772 	0.35773 	0.16753 	0.16753 	0.00000 	0.16753 	
0.88553	0         	0.07829 	0.22065 	0.22594 	0.35773 	0.16609 	0.16609 	0.00000 	0.16609 	
0.88653	0         	0.07829 	0.22004 	0.22410 	0.35773 	0.16461 	0.16461 	0.00000 	0.16461 	
0.88752	0         	0.07829 	0.21942 	0.22223 	0.35773 	0.16310 	0.16310 	0.00000 	0.16310 	
0.88852	0         	0.07829 	0.21879 	0.22036 	0.35773 	0.16161 	0.16161 	0.00000 	0.16161 	
0.88952	0         	0.07829 	0.21822 	0.21865 	0.35773 	0.16023 	0.16023 	0.00000 	0.16023 	
0.89052	0         	0.07829 	0.21759 	0.21676 	0.35773 	0.15873 	0.15873 	0.00000 	0.15873 	
0.89152	0         	0.07829 	0.21699 	0.21494 	0.35773 	0.15727 	0.15727 	0.00000 	0.15727 	
0.89252	0         	0.07829 	0.21635 	0.21304 	0.35773 	0.15575 	0.15575 	0.00000 	0.15575 	
0.89351	0         	0.07829 	0.21572 	0.21115 	0.35773 	0.15424 	0.15424 	0.00000 	0.15424 	
0.89451	0         	0.07829 	0.21510 	0.20929 	0.35773 	0.15277 	0.15277 	0.00000 	0.15277 	
0.89551	0         	0.07829 	0.21451 	0.20751 	0.35773 	0.15136 	0.15136 	0.00000 	0.15136 	
0.89651	0         	0.07829 	0.21386 	0.20557 	0.35773 	0.14982 	0.14982 	0.00000 	0.14982 	
0.89751	0         	0.07829 	0.21321 	0.20362 	0.35773 	0.14829 	0.14829 	0.00000 	0.14829 	
0.89851	0         	0.07829 	0.21255 	0.20163 	0.35773 	0.14674 	0.14674 	0.00000 	0.14674 	
0.89950	0         	0.07829 	0.21188 	0.19961 	0.35773 	0.14517 	0.14517 	0.00000 	0.14517 	
0.90050	0         	0.07829 	0.21123 	0.19766 	0.35773 	0.14368 	0.14368 	0.00000 	0.14368 	
0.90150	0         	0.07829 	0.21055 	0.19562 	0.35773 	0.14212 	0.14212 	0.00000 	0.14212 	
0.90250	0         	0.07829 	0.20988 	0.19361 	0.35773 	0.14059 	0.14059 	0.00000 	0.14059 	
0.90350	0         	0.07829 	0.20918 	0.19153 	0.35773 	0.13901 	0.13901 	0.00000 	0.13901 	
0.90450	0         	0.07829 	0.20851 	0.18950 	0.35773 	0.13747 	0.13747 	0.00000 	0.13747 	
0.90549	0         	0.07829 	0.20782 	0.18743 	0.35773 	0.13591 	0.13591 	0.00000 	0.13591 	
0.90649	0         	0.07829 	0.20712 	0.18534 	0.35773 	0.13434 	0.13434 	0.00000 	0.13434 	
0.90749	0         	0.07829 	0.20644 	0.18330 	0.35773 	0.13281 	0.13281 	0.00000 	0.13281 	
0.90849	0         	0.07829 	0.20572 	0.18113 	0.35773 	0.13119 	0.13119 	0.00000 	0.13119 	
0.90949	0         	0.07829 	0.20505 	0.17912 	0.35773 	0.12971 	0.12971 	0.00000 	0.12971 	
0.91049	0         	0.07829 	0.20432 	0.17693 	0.35773 	0.12807 	0.12807 	0.00000 	0.12807 	
0.91148	0         	0.07829 	0.20359 	0.17475 	0.35773 	0.12645 	0.12645 	0.00000 	0.12645 	
0.91248	0         	0.07829 	0.20285 	0.17253 	0.35773 	0.12483 	0.12483 	0.00000 	0.12483 	
0.91348	0         	0.07829 	0.20211 	0.17032 	0.35773 	0.12320 	0.12320 	0.00000 	0.12320 	
0.91448	0         	0.07829 	0.20137 	0.16809 	0.35773 	0.12157 	0.12157 	0.00000 	0.12157 	
0.91548	0         	0.07829 	0.20066 	0.16597 	0.35773 	0.12002 	0.12002 	0.00000 	0.12002 	
0.91648	0         	0.07829 	0.20005 	0.16413 	0.35773 	0.11869 	0.11869 	0.00000 	0.11869 	
0.91747	0         	0.07829 	0.19929 	0.16184 	0.35773 	0.11704 	0.11704 	0.00000 	0.11704 	
0.91847	0         	0.07829 	0.19851 	0.15950 	0.35773 	0.11537 	0.11537 	0.00000 	0.11537 	
0.91947	0         	0.07829 	0.19774 	0.15719 	0.35773 	0.11370 	0.11370 	0.00000 	0.11370 	
0.92047	0         	0.07829 	0.19696 	0.15486 	0.35773 	0.11204 	0.11204 	0.00000 	0.11204 	
0.92147	0         	0.07829 	0.19617 	0.15249 	0.35773 	0.11035 	0.11035 	0.00000 	0.11035 	
0.92247	0         	0.07829 	0.19545 	0.15034 	0.35773 	0.10881 	0.10881 	0.00000 	0.10881 	
0.92346	0         	0.07829 	0.19466 	0.14796 	0.35773 	0.10711 	0.10711 	0.00000 	0.10711 	
0.92446	0         	0.07829 	0.19387 	0.14560 	0.35773 	0.10544 	0.10544 	0.00000 	0.10544 	
0.92546	0         	0.07829 	0.19307 	0.14319 	0.35773 	0.10373 	0.10373 	0.00000 	0.10373 	
0.92646	0         	0.07829 	0.19227 	0.14078 	0.35773 	0.10203 	0.10203 	0.00000 	0.10203 	
0.92746	0         	0.07829 	0.19147 	0.13839 	0.35773 	0.10035 	0.10035 	0.00000 	0.10035 	
0.92846	0         	0.07829 	0.19066 	0.13596 	0.35773 	0.09864 	0.09864 	0.00000 	0.09864 	
0.92945	0         	0.07829 	0.18985 	0.13352 	0.35773 	0.09694 	0.09694 	0.00000 	0.09694 	
0.93045	0         	0.07829 	0.18907 	0.13118 	0.35773 	0.09530 	0.09530 	0.00000 	0.09530 	
0.93145	0         	0.07829 	0.18833 	0.12898 	0.35773 	0.09377 	0.09377 	0.00000 	0.09377 	
0.93245	0         	0.07829 	0.18750 	0.12647 	0.35773 	0.09201 	0.09201 	0.00000 	0.09201 	
0.93345	0         	0.07829 	0.18666 	0.12397 	0.35773 	0.09025 	0.09025 	0.00000 	0.09025 	
0.93445	0         	0.07829 	0.18592 	0.12173 	0.35773 	0.08869 	0.08869 	0.00000 	0.08869 	
0.93544	0         	0.07829 	0.18510 	0.11929 	0.35773 	0.08699 	0.08699 	0.00000 	0.08699 	
0.93644	0         	0.07829 	0.18426 	0.11676 	0.35773 	0.08524 	0.08524 	0.00000 	0.08524 	
0.93744	0         	0.07829 	0.18341 	0.11421 	0.35773 	0.08347 	0.08347 	0.00000 	0.08347 	
0.93844	0         	0.07829 	0.18257 	0.11170 	0.35773 	0.08174 	0.08174 	0.00000 	0.08174 	
0.93944	0         	0.07829 	0.18175 	0.10922 	0.35773 	0.08005 	0.08005 	0.00000 	0.08005 	
0.94044	0         	0.07829 	0.18046 	0.10697 	0.35611 	0.07852 	0.07852 	0.00000 	0.07852 	
0.94143	0         	0.07829 	0.17802 	0.10539 	0.35039 	0.07742 	0.07742 	0.00000 	0.07742 	
0.94243	0         	0.07829 	0.17561 	0.10379 	0.34475 	0.07629 	0.07629 	0.00000 	0.07629 	
0.94343	0         	0.07829 	0.17315 	0.10221 	0.33897 	0.07519 	0.07519 	0.00000 	0.07519 	
0.94443	0         	0.07829 	0.17076 	0.10066 	0.33332 	0.07410 	0.07410 	0.00000 	0.07410 	
0.94543	0         	0.07829 	0.16828 	0.09908 	0.32747 	0.07298 	0.07298 	0.00000 	0.07298 	
0.94643	0         	0.07829 	0.16589 	0.09742 	0.32196 	0.07180 	0.07180 	0.00000 	0.07180 	
0.94742	0         	0.07829 	0.16350 	0.09574 	0.31646 	0.07062 	0.07062 	0.00000 	0.07062 	
0.94842	0         	0.07829 	0.16110 	0.09405 	0.31096 	0.06942 	0.06942 	0.00000 	0.06942 	
0.94942	0         	0.07829 	0.15862 	0.09240 	0.30518 	0.06825 	0.06825 	0.00000 	0.06825 	
0.95042	0         	0.07829 	0.15615 	0.09077 	0.29939 	0.06708 	0.06708 	0.00000 	0.06708 	
0.95142	0         	0.07829 	0.15595 	0.09060 	0.29897 	0.06696 	0.06696 	0.00000 	0.06696 	
0.95242	0         	0.07829 	0.15367 	0.08997 	0.29276 	0.06642 	0.06642 	0.00000 	0.06642 	
0.95341	0         	0.07829 	0.15119 	0.08830 	0.28698 	0.06520 	0.06520 	0.00000 	0.06520 	
0.95441	0         	0.07829 	0.14875 	0.08663 	0.28133 	0.06398 	0.06398 	0.00000 	0.06398 	
0.95541	0         	0.07829 	0.14633 	0.08486 	0.27583 	0.06271 	0.06271 	0.00000 	0.06271 	
0.95641	0         	0.07829 	0.14395 	0.08303 	0.27054 	0.06141 	0.06141 	0.00000 	0.06141 	
0.95741	0         	0.07829 	0.14158 	0.08120 	0.26525 	0.06009 	0.06009 	0.00000 	0.06009 	
0.95841	0         	0.07829 	0.13913 	0.07936 	0.25975 	0.05877 	0.05877 	0.00000 	0.05877 	
0.95940	0         	0.07756 	0.13665 	0.07756 	0.25410 	0.05746 	0.05746 	0.00000 	0.05746 	
0.96040	0         	0.07578 	0.13434 	0.07578 	0.24895 	0.05618 	0.05618 	0.00000 	0.05618 	
0.96140	0         	0.07388 	0.13190 	0.07388 	0.24352 	0.05481 	0.05481 	0.00000 	0.05481 	
0.96240	0         	0.07205 	0.12955 	0.07205 	0.23830 	0.05349 	0.05349 	0.00000 	0.05349 	
0.96340	0         	0.07014 	0.12710 	0.07014 	0.23287 	0.05209 	0.05209 	0.00000 	0.05209 	
0.96440	0         	0.06830 	0.12458 	0.06830 	0.22716 	0.05073 	0.05073 	0.00000 	0.05073 	
0.96539	0         	0.06642 	0.12188 	0.06642 	0.22095 	0.04933 	0.04933 	0.00000 	0.04933 	
0.96639	0         	0.06451 	0.11923 	0.06451 	0.21488 	0.04792 	0.04792 	0.00000 	0.04792 	
0.96739	0         	0.06270 	0.11674 	0.06270 	0.20924 	0.04659 	0.04659 	0.00000 	0.04659 	
0.96839	0         	0.06079 	0.11408 	0.06079 	0.20317 	0.04518 	0.04518 	0.00000 	0.04518 	
0.96939	0         	0.05891 	0.11141 	0.05891 	0.19703 	0.04379 	0.04379 	0.00000 	0.04379 	
0.97039	0         	0.05697 	0.10863 	0.05697 	0.19062 	0.04235 	0.04235 	0.00000 	0.04235 	
0.97138	0         	0.05497 	0.10584 	0.05497 	0.18427 	0.04087 	0.04087 	0.00000 	0.04087 	
0.97238	0         	0.05293 	0.10302 	0.05293 	0.17785 	0.03936 	0.03936 	0.00000 	0.03936 	
0.97338	0         	0.05096 	0.10015 	0.05096 	0.17122 	0.03787 	0.03787 	0.00000 	0.03787 	
0.97438	0         	0.04895 	0.09732 	0.04895 	0.16473 	0.03638 	0.03638 	0.00000 	0.03638 	
0.97538	0         	0.04701 	0.09456 	0.04701 	0.15838 	0.03492 	0.03492 	0.00000 	0.03492 	
0.97638	0         	0.04498 	0.09165 	0.04498 	0.15168 	0.03341 	0.03341 	0.00000 	0.03341 	
0.97737	0         	0.04287 	0.08866 	0.04287 	0.14483 	0.03186 	0.03186 	0.00000 	0.03186 	
0.97837	0         	0.04076 	0.08566 	0.04076 	0.13792 	0.03032 	0.03032 	0.00000 	0.03032 	
0.97937	0         	0.03863 	0.08262 	0.03863 	0.13094 	0.02877 	0.02877 	0.00000 	0.02877 	
0.98037	0         	0.03645 	0.07954 	0.03645 	0.12388 	0.02719 	0.02719 	0.00000 	0.02719 	
0.98137	0         	0.03425 	0.07638 	0.03425 	0.11662 	0.02560 	0.02560 	0.00000 	0.02560 	
0.98237	0         	0.03202 	0.07324 	0.03202 	0.10942 	0.02399 	0.02399 	0.00000 	0.02399 	
0.98336	0         	0.02976 	0.07002 	0.02976 	0.10201 	0.02238 	0.02238 	0.00000 	0.02238 	
0.98436	0         	0.02746 	0.06674 	0.02746 	0.09446 	0.02074 	0.02074 	0.00000 	0.02074 	
0.98536	0         	0.02523 	0.06333 	0.02523 	0.08727 	0.01916 	0.01916 	0.00000 	0.01916 	
0.98636	0         	0.02351 	0.05928 	0.02351 	0.08169 	0.01792 	0.01792 	0.00000 	0.01792 	
0.98736	0         	0.02180 	0.05513 	0.02180 	0.07598 	0.01665 	0.01665 	0.00000 	0.01665 	
0.98836	0         	0.02010 	0.05093 	0.02010 	0.07034 	0.01537 	0.01537 	0.00000 	0.01537 	
0.98935	0         	0.01858 	0.04721 	0.01858 	0.06519 	0.01421 	0.01421 	0.00000 	0.01421 	
0.99035	0         	0.01712 	0.04364 	0.01712 	0.06025 	0.01310 	0.01310 	0.00000 	0.01310 	
0.99135	0         	0.01567 	0.03995 	0.01567 	0.05496 	0.01198 	0.01198 	0.00000 	0.01198 	
0.99235	0         	0.01421 	0.03621 	0.01421 	0.04974 	0.01085 	0.01085 	0.00000 	0.01085 	
0.99335	0         	0.01271 	0.03231 	0.01271 	0.04416 	0.00967 	0.00967 	0.00000 	0.00967 	
0.99435	0         	0.01139 	0.02782 	0.01139 	0.03760 	0.00852 	0.00852 	0.00000 	0.00852 	
0.99534	0         	0.00973 	0.02248 	0.00973 	0.02977 	0.00706 	0.00706 	0.00000 	0.00706 	
0.99634	0         	0.00797 	0.01723 	0.00797 	0.02229 	0.00551 	0.00551 	0.00000 	0.00551 	
0.99734	0         	0.00615 	0.01276 	0.00615 	0.01618 	0.00414 	0.00414 	0.00000 	0.00414 	
0.99834	0         	0.00421 	0.00820 	0.00421 	0.01052 	0.00279 	0.00279 	0.00000 	0.00279 	
0.99934	0         	0.00185 	0.00332 	0.00185 	0.00424 	0.00122 	0.00122 	0.00000 	0.00122 	
1.00000	0         	0.00000 	0.00000 	0.00000 	0.00000 	0.00000 	0.00000 	0.00000 	0.00000 	
