F-lost	   TF_cost	min-1	mean-1	max-1	w-mean-1	ext2-1	min-2	mean-2	max-2	w-mean-2	ext2-2	
0.0000	2.0433e+005	1.0000	1.0000	1.0001	1.0000	-0.0000	1.0000	1.0000	1.0001	0.0000	0.0000	
0.0010	2.0412e+005	0.9999	0.9999	1.0001	1.0000	0.0000	0.9998	0.9999	1.0001	0.0000	0.0000	
0.0020	2.0392e+005	0.9997	0.9998	1.0001	0.9999	0.0000	0.9995	0.9998	1.0001	0.0000	0.0000	
0.0030	2.0372e+005	0.9995	0.9997	1.0000	0.9998	0.0001	0.9993	0.9997	1.0000	0.0000	0.0000	
0.0040	2.0351e+005	0.9993	0.9996	1.0000	0.9997	0.0001	0.9990	0.9996	1.0000	0.0000	0.0000	
0.0050	2.0331e+005	0.9991	0.9995	1.0000	0.9996	0.0001	0.9987	0.9995	1.0000	0.0000	0.0000	
0.0060	2.031e+005	0.9989	0.9994	1.0000	0.9995	0.0001	0.9984	0.9993	1.0000	0.0000	0.0000	
0.0070	2.029e+005	0.9987	0.9993	1.0000	0.9994	0.0002	0.9980	0.9992	1.0000	0.0000	0.0000	
0.0080	2.027e+005	0.9985	0.9992	1.0000	0.9992	0.0002	0.9977	0.9991	1.0000	0.0000	0.0000	
0.0090	2.0249e+005	0.9983	0.9990	1.0000	0.9991	0.0002	0.9974	0.9989	1.0000	0.0000	0.0000	
0.0100	2.0229e+005	0.9980	0.9989	1.0000	0.9990	0.0002	0.9970	0.9988	1.0000	0.0000	0.0000	
0.0110	2.0208e+005	0.9978	0.9988	1.0000	0.9989	0.0003	0.9967	0.9986	1.0000	0.0000	0.0000	
0.0120	2.0188e+005	0.9976	0.9986	1.0000	0.9988	0.0003	0.9963	0.9985	1.0000	0.0000	0.0000	
0.0130	2.0168e+005	0.9973	0.9985	1.0000	0.9986	0.0003	0.9959	0.9983	1.0000	0.0000	0.0000	
0.0140	2.0147e+005	0.9971	0.9983	1.0000	0.9985	0.0004	0.9955	0.9982	1.0000	0.0000	0.0000	
0.0150	2.0127e+005	0.9968	0.9982	1.0000	0.9983	0.0004	0.9952	0.9980	1.0000	0.0000	0.0000	
0.0160	2.0106e+005	0.9966	0.9980	1.0000	0.9982	0.0004	0.9948	0.9978	1.0000	0.0000	0.0000	
0.0170	2.0086e+005	0.9963	0.9979	1.0000	0.9981	0.0005	0.9944	0.9977	1.0000	0.0000	0.0000	
0.0180	2.0066e+005	0.9961	0.9977	1.0000	0.9979	0.0005	0.9940	0.9975	1.0000	0.0000	0.0000	
0.0190	2.0045e+005	0.9958	0.9975	1.0000	0.9978	0.0006	0.9936	0.9974	1.0000	0.0000	0.0000	
0.0200	2.0025e+005	0.9955	0.9974	1.0000	0.9976	0.0006	0.9932	0.9972	1.0000	0.0000	0.0000	
0.0210	2.0004e+005	0.9953	0.9972	1.0000	0.9975	0.0006	0.9928	0.9970	1.0000	0.0000	0.0000	
0.0220	1.9984e+005	0.9950	0.9971	1.0000	0.9973	0.0007	0.9924	0.9968	1.0000	0.0000	0.0000	
0.0230	1.9964e+005	0.9947	0.9969	1.0000	0.9972	0.0007	0.9920	0.9967	1.0000	0.0000	0.0000	
0.0240	1.9943e+005	0.9944	0.9967	1.0000	0.9971	0.0007	0.9916	0.9965	1.0000	0.0000	0.0000	
0.0250	1.9923e+005	0.9941	0.9966	1.0000	0.9969	0.0008	0.9912	0.9963	1.0000	0.0000	0.0000	
0.0260	1.9902e+005	0.9939	0.9964	1.0000	0.9967	0.0008	0.9908	0.9962	1.0000	0.0000	0.0000	
0.0270	1.9882e+005	0.9936	0.9962	1.0000	0.9966	0.0009	0.9904	0.9960	1.0000	0.0000	0.0000	
0.0280	1.9862e+005	0.9933	0.9960	1.0000	0.9964	0.0009	0.9900	0.9958	1.0000	0.0000	0.0000	
0.0290	1.9841e+005	0.9930	0.9959	1.0000	0.9963	0.0009	0.9896	0.9956	1.0000	0.0000	0.0000	
0.0300	1.9821e+005	0.9927	0.9957	1.0000	0.9961	0.0010	0.9892	0.9955	1.0000	0.0000	0.0000	
0.0310	1.98e+005 	0.9924	0.9955	1.0000	0.9960	0.0010	0.9888	0.9953	1.0000	0.0000	0.0000	
0.0320	1.978e+005	0.9921	0.9953	1.0000	0.9958	0.0011	0.9884	0.9951	1.0000	0.0000	0.0000	
0.0330	1.976e+005	0.9918	0.9952	1.0000	0.9956	0.0011	0.9880	0.9949	1.0000	0.0000	0.0000	
0.0340	1.9739e+005	0.9914	0.9950	0.9999	0.9955	0.0011	0.9875	0.9947	0.9999	0.0000	0.0000	
0.0350	1.9719e+005	0.9911	0.9948	0.9999	0.9953	0.0012	0.9871	0.9945	0.9999	0.0000	0.0000	
0.0360	1.9698e+005	0.9908	0.9946	0.9999	0.9951	0.0012	0.9867	0.9943	0.9999	0.0000	0.0000	
0.0370	1.9678e+005	0.9905	0.9944	0.9999	0.9950	0.0013	0.9863	0.9942	0.9999	0.0000	0.0000	
0.0379	1.9658e+005	0.9901	0.9942	0.9999	0.9948	0.0013	0.9859	0.9940	0.9999	0.0000	0.0000	
0.0389	1.9637e+005	0.9898	0.9940	0.9999	0.9946	0.0013	0.9854	0.9938	0.9999	0.0000	0.0000	
0.0399	1.9617e+005	0.9895	0.9939	0.9999	0.9945	0.0014	0.9850	0.9936	0.9999	0.0000	0.0000	
0.0409	1.9596e+005	0.9891	0.9937	0.9999	0.9943	0.0014	0.9846	0.9934	0.9999	0.0000	0.0000	
0.0419	1.9576e+005	0.9888	0.9935	0.9999	0.9941	0.0015	0.9841	0.9932	0.9999	0.0000	0.0000	
0.0429	1.9556e+005	0.9885	0.9933	0.9998	0.9939	0.0015	0.9837	0.9930	0.9998	0.0000	0.0000	
0.0439	1.9535e+005	0.9881	0.9931	0.9998	0.9938	0.0016	0.9832	0.9928	0.9998	0.0000	0.0000	
0.0449	1.9515e+005	0.9878	0.9929	0.9998	0.9936	0.0016	0.9828	0.9925	0.9998	0.0000	0.0000	
0.0459	1.9494e+005	0.9874	0.9927	0.9998	0.9934	0.0017	0.9823	0.9923	0.9998	0.0000	0.0000	
0.0469	1.9474e+005	0.9871	0.9925	0.9998	0.9932	0.0017	0.9819	0.9921	0.9998	0.0000	0.0000	
0.0479	1.9454e+005	0.9867	0.9923	0.9998	0.9930	0.0017	0.9814	0.9919	0.9998	0.0000	0.0000	
0.0489	1.9433e+005	0.9863	0.9921	0.9998	0.9929	0.0018	0.9810	0.9917	0.9998	0.0000	0.0000	
0.0499	1.9413e+005	0.9860	0.9919	0.9998	0.9927	0.0018	0.9806	0.9915	0.9998	0.0000	0.0000	
0.0509	1.9392e+005	0.9856	0.9917	0.9998	0.9925	0.0019	0.9801	0.9913	0.9998	0.0000	0.0000	
0.0519	1.9372e+005	0.9853	0.9915	0.9997	0.9923	0.0019	0.9797	0.9911	0.9997	0.0000	0.0000	
0.0529	1.9352e+005	0.9849	0.9913	0.9997	0.9921	0.0020	0.9792	0.9909	0.9997	0.0000	0.0000	
0.0539	1.9331e+005	0.9845	0.9911	0.9997	0.9920	0.0020	0.9788	0.9907	0.9997	0.0000	0.0000	
0.0549	1.9311e+005	0.9842	0.9909	0.9997	0.9918	0.0021	0.9784	0.9905	0.9997	0.0000	0.0000	
0.0559	1.929e+005	0.9838	0.9907	0.9997	0.9916	0.0021	0.9779	0.9903	0.9997	0.0000	0.0000	
0.0569	1.927e+005	0.9834	0.9905	0.9997	0.9914	0.0022	0.9775	0.9901	0.9997	0.0000	0.0000	
0.0579	1.925e+005	0.9831	0.9903	0.9997	0.9912	0.0022	0.9770	0.9899	0.9997	0.0000	0.0000	
0.0589	1.9229e+005	0.9827	0.9901	0.9997	0.9910	0.0023	0.9766	0.9897	0.9997	0.0000	0.0000	
0.0599	1.9209e+005	0.9823	0.9899	0.9997	0.9909	0.0023	0.9761	0.9894	0.9997	0.0000	0.0000	
0.0609	1.9188e+005	0.9819	0.9897	0.9997	0.9907	0.0023	0.9757	0.9892	0.9997	0.0000	0.0000	
0.0619	1.9168e+005	0.9816	0.9895	0.9997	0.9905	0.0024	0.9752	0.9890	0.9997	0.0000	0.0000	
0.0629	1.9148e+005	0.9812	0.9893	0.9996	0.9903	0.0024	0.9748	0.9888	0.9996	0.0000	0.0000	
0.0639	1.9127e+005	0.9808	0.9891	0.9996	0.9901	0.0025	0.9743	0.9886	0.9996	0.0000	0.0000	
0.0649	1.9107e+005	0.9804	0.9888	0.9996	0.9899	0.0025	0.9739	0.9884	0.9996	0.0000	0.0000	
0.0659	1.9086e+005	0.9800	0.9886	0.9996	0.9897	0.0026	0.9734	0.9882	0.9996	0.0000	0.0000	
0.0669	1.9066e+005	0.9797	0.9884	0.9996	0.9896	0.0026	0.9730	0.9880	0.9996	0.0000	0.0000	
0.0679	1.9046e+005	0.9793	0.9882	0.9996	0.9894	0.0027	0.9725	0.9877	0.9996	0.0000	0.0000	
0.0689	1.9025e+005	0.9789	0.9880	0.9996	0.9892	0.0027	0.9721	0.9875	0.9996	0.0000	0.0000	
0.0699	1.9005e+005	0.9785	0.9878	0.9996	0.9890	0.0028	0.9716	0.9873	0.9996	0.0000	0.0000	
0.0709	1.8984e+005	0.9781	0.9876	0.9996	0.9888	0.0028	0.9711	0.9871	0.9996	0.0000	0.0000	
0.0719	1.8964e+005	0.9777	0.9874	0.9996	0.9886	0.0029	0.9707	0.9869	0.9996	0.0000	0.0000	
0.0729	1.8944e+005	0.9773	0.9872	0.9995	0.9884	0.0029	0.9702	0.9867	0.9995	0.0000	0.0000	
0.0739	1.8923e+005	0.9769	0.9869	0.9995	0.9882	0.0030	0.9697	0.9864	0.9995	0.0000	0.0000	
0.0749	1.8903e+005	0.9765	0.9867	0.9995	0.9880	0.0030	0.9693	0.9862	0.9995	0.0000	0.0000	
0.0759	1.8882e+005	0.9762	0.9865	0.9995	0.9878	0.0031	0.9688	0.9860	0.9995	0.0000	0.0000	
0.0769	1.8862e+005	0.9758	0.9863	0.9995	0.9876	0.0031	0.9683	0.9858	0.9995	0.0000	0.0000	
0.0779	1.8842e+005	0.9754	0.9861	0.9995	0.9874	0.0032	0.9678	0.9855	0.9995	0.0000	0.0000	
0.0789	1.8821e+005	0.9750	0.9858	0.9995	0.9872	0.0032	0.9673	0.9853	0.9995	0.0000	0.0000	
0.0799	1.8801e+005	0.9746	0.9856	0.9995	0.9870	0.0033	0.9669	0.9851	0.9995	0.0000	0.0000	
0.0809	1.878e+005	0.9742	0.9854	0.9995	0.9868	0.0033	0.9664	0.9849	0.9995	0.0000	0.0000	
0.0819	1.876e+005	0.9738	0.9852	0.9994	0.9866	0.0034	0.9659	0.9846	0.9994	0.0000	0.0000	
0.0829	1.874e+005	0.9734	0.9850	0.9994	0.9864	0.0034	0.9654	0.9844	0.9994	0.0000	0.0000	
0.0839	1.8719e+005	0.9729	0.9847	0.9994	0.9862	0.0035	0.9649	0.9842	0.9994	0.0000	0.0000	
0.0849	1.8699e+005	0.9725	0.9845	0.9994	0.9860	0.0035	0.9644	0.9839	0.9994	0.0000	0.0000	
0.0859	1.8678e+005	0.9721	0.9843	0.9994	0.9858	0.0036	0.9639	0.9837	0.9994	0.0000	0.0000	
0.0869	1.8658e+005	0.9717	0.9840	0.9993	0.9856	0.0036	0.9634	0.9835	0.9993	0.0000	0.0000	
0.0879	1.8638e+005	0.9713	0.9838	0.9993	0.9854	0.0037	0.9629	0.9832	0.9993	0.0000	0.0000	
0.0889	1.8617e+005	0.9709	0.9836	0.9993	0.9852	0.0037	0.9624	0.9830	0.9993	0.0000	0.0000	
0.0899	1.8597e+005	0.9705	0.9834	0.9993	0.9850	0.0038	0.9619	0.9828	0.9993	0.0000	0.0000	
0.0909	1.8576e+005	0.9701	0.9831	0.9993	0.9847	0.0039	0.9614	0.9825	0.9993	0.0000	0.0000	
0.0919	1.8556e+005	0.9697	0.9829	0.9993	0.9845	0.0039	0.9609	0.9823	0.9993	0.0000	0.0000	
0.0929	1.8536e+005	0.9693	0.9827	0.9993	0.9843	0.0040	0.9604	0.9821	0.9993	0.0000	0.0000	
0.0939	1.8515e+005	0.9688	0.9824	0.9993	0.9841	0.0040	0.9599	0.9818	0.9993	0.0000	0.0000	
0.0949	1.8495e+005	0.9684	0.9822	0.9992	0.9839	0.0041	0.9594	0.9816	0.9992	0.0000	0.0000	
0.0959	1.8474e+005	0.9681	0.9820	0.9992	0.9837	0.0041	0.9589	0.9814	0.9992	0.0000	0.0000	
0.0969	1.8454e+005	0.9677	0.9817	0.9992	0.9835	0.0042	0.9584	0.9811	0.9992	0.0000	0.0000	
0.0979	1.8434e+005	0.9673	0.9815	0.9992	0.9833	0.0042	0.9578	0.9809	0.9992	0.0000	0.0000	
0.0989	1.8413e+005	0.9669	0.9813	0.9992	0.9831	0.0043	0.9573	0.9807	0.9992	0.0000	0.0000	
0.0998	1.8393e+005	0.9665	0.9811	0.9992	0.9829	0.0043	0.9567	0.9804	0.9992	0.0000	0.0000	
0.1008	1.8372e+005	0.9661	0.9808	0.9992	0.9827	0.0044	0.9562	0.9802	0.9992	0.0000	0.0000	
0.1018	1.8352e+005	0.9657	0.9806	0.9992	0.9824	0.0044	0.9556	0.9799	0.9992	0.0000	0.0000	
0.1028	1.8332e+005	0.9653	0.9803	0.9992	0.9822	0.0045	0.9551	0.9797	0.9992	0.0000	0.0000	
0.1038	1.8311e+005	0.9648	0.9801	0.9992	0.9820	0.0045	0.9545	0.9795	0.9992	0.0000	0.0000	
0.1048	1.8291e+005	0.9644	0.9799	0.9992	0.9818	0.0046	0.9540	0.9792	0.9992	0.0000	0.0000	
0.1058	1.827e+005	0.9640	0.9796	0.9992	0.9816	0.0047	0.9535	0.9790	0.9992	0.0000	0.0000	
0.1068	1.825e+005	0.9636	0.9794	0.9992	0.9814	0.0047	0.9530	0.9787	0.9992	0.0000	0.0000	
0.1078	1.823e+005	0.9632	0.9791	0.9992	0.9812	0.0048	0.9524	0.9785	0.9992	0.0000	0.0000	
0.1088	1.8209e+005	0.9627	0.9789	0.9992	0.9809	0.0048	0.9519	0.9783	0.9992	0.0000	0.0000	
0.1098	1.8189e+005	0.9623	0.9787	0.9992	0.9807	0.0049	0.9514	0.9780	0.9992	0.0000	0.0000	
0.1108	1.8168e+005	0.9619	0.9784	0.9992	0.9805	0.0049	0.9509	0.9778	0.9992	0.0000	0.0000	
0.1118	1.8148e+005	0.9615	0.9782	0.9992	0.9803	0.0050	0.9503	0.9775	0.9992	0.0000	0.0000	
0.1128	1.8128e+005	0.9610	0.9779	0.9992	0.9801	0.0050	0.9498	0.9773	0.9992	0.0000	0.0000	
0.1138	1.8107e+005	0.9606	0.9777	0.9992	0.9799	0.0051	0.9493	0.9771	0.9992	0.0000	0.0000	
0.1148	1.8087e+005	0.9602	0.9775	0.9991	0.9796	0.0052	0.9488	0.9768	0.9991	0.0000	0.0000	
0.1158	1.8066e+005	0.9598	0.9772	0.9991	0.9794	0.0052	0.9483	0.9766	0.9991	0.0000	0.0000	
0.1168	1.8046e+005	0.9593	0.9770	0.9991	0.9792	0.0053	0.9477	0.9763	0.9991	0.0000	0.0000	
0.1178	1.8026e+005	0.9589	0.9767	0.9991	0.9790	0.0053	0.9472	0.9761	0.9991	0.0000	0.0000	
0.1188	1.8005e+005	0.9585	0.9765	0.9991	0.9788	0.0054	0.9467	0.9758	0.9991	0.0000	0.0000	
0.1198	1.7985e+005	0.9580	0.9763	0.9991	0.9785	0.0054	0.9461	0.9756	0.9991	0.0000	0.0000	
0.1208	1.7964e+005	0.9576	0.9760	0.9991	0.9783	0.0055	0.9456	0.9754	0.9991	0.0000	0.0000	
0.1218	1.7944e+005	0.9572	0.9758	0.9991	0.9781	0.0056	0.9451	0.9751	0.9991	0.0000	0.0000	
0.1228	1.7924e+005	0.9568	0.9755	0.9991	0.9779	0.0056	0.9446	0.9749	0.9991	0.0000	0.0000	
0.1238	1.7903e+005	0.9563	0.9753	0.9991	0.9777	0.0057	0.9440	0.9746	0.9991	0.0000	0.0000	
0.1248	1.7883e+005	0.9559	0.9750	0.9991	0.9774	0.0057	0.9435	0.9744	0.9991	0.0000	0.0000	
0.1258	1.7862e+005	0.9554	0.9748	0.9990	0.9772	0.0058	0.9430	0.9741	0.9990	0.0000	0.0000	
0.1268	1.7842e+005	0.9550	0.9745	0.9990	0.9770	0.0058	0.9424	0.9739	0.9990	0.0000	0.0000	
0.1278	1.7822e+005	0.9546	0.9743	0.9990	0.9768	0.0059	0.9419	0.9736	0.9990	0.0000	0.0000	
0.1288	1.7801e+005	0.9541	0.9740	0.9990	0.9765	0.0060	0.9413	0.9734	0.9990	0.0000	0.0000	
0.1298	1.7781e+005	0.9537	0.9738	0.9990	0.9763	0.0060	0.9408	0.9731	0.9990	0.0000	0.0000	
0.1308	1.776e+005	0.9533	0.9735	0.9990	0.9761	0.0061	0.9403	0.9729	0.9990	0.0000	0.0000	
0.1318	1.774e+005	0.9528	0.9733	0.9990	0.9759	0.0061	0.9397	0.9726	0.9990	0.0000	0.0000	
0.1328	1.772e+005	0.9524	0.9730	0.9989	0.9756	0.0062	0.9391	0.9724	0.9989	0.0000	0.0000	
0.1338	1.7699e+005	0.9520	0.9727	0.9989	0.9753	0.0063	0.9386	0.9721	0.9989	0.0000	0.0000	
0.1348	1.7679e+005	0.9515	0.9724	0.9989	0.9751	0.0063	0.9380	0.9718	0.9989	0.0000	0.0000	
0.1358	1.7658e+005	0.9511	0.9722	0.9988	0.9748	0.0064	0.9374	0.9716	0.9988	0.0000	0.0000	
0.1368	1.7638e+005	0.9507	0.9719	0.9988	0.9746	0.0065	0.9369	0.9713	0.9988	0.0000	0.0000	
0.1378	1.7618e+005	0.9502	0.9716	0.9988	0.9744	0.0065	0.9363	0.9710	0.9988	0.0000	0.0000	
0.1388	1.7597e+005	0.9498	0.9714	0.9988	0.9741	0.0066	0.9358	0.9708	0.9988	0.0000	0.0000	
0.1398	1.7577e+005	0.9493	0.9711	0.9988	0.9739	0.0066	0.9352	0.9705	0.9988	0.0000	0.0000	
0.1408	1.7556e+005	0.9489	0.9709	0.9988	0.9737	0.0067	0.9347	0.9703	0.9988	0.0000	0.0000	
0.1418	1.7536e+005	0.9485	0.9706	0.9988	0.9734	0.0068	0.9341	0.9700	0.9988	0.0000	0.0000	
0.1428	1.7516e+005	0.9480	0.9704	0.9987	0.9732	0.0068	0.9336	0.9698	0.9987	0.0000	0.0000	
0.1438	1.7495e+005	0.9476	0.9701	0.9987	0.9730	0.0069	0.9330	0.9695	0.9987	0.0000	0.0000	
0.1448	1.7475e+005	0.9471	0.9698	0.9987	0.9727	0.0069	0.9325	0.9693	0.9987	0.0000	0.0000	
0.1458	1.7454e+005	0.9467	0.9696	0.9987	0.9725	0.0070	0.9320	0.9690	0.9987	0.0000	0.0000	
0.1468	1.7434e+005	0.9462	0.9693	0.9987	0.9723	0.0071	0.9314	0.9688	0.9987	0.0000	0.0000	
0.1478	1.7414e+005	0.9458	0.9691	0.9987	0.9720	0.0071	0.9309	0.9685	0.9987	0.0000	0.0000	
0.1488	1.7393e+005	0.9453	0.9688	0.9987	0.9718	0.0072	0.9303	0.9682	0.9987	0.0000	0.0000	
0.1498	1.7373e+005	0.9449	0.9685	0.9986	0.9716	0.0072	0.9298	0.9680	0.9986	0.0000	0.0000	
0.1508	1.7352e+005	0.9444	0.9683	0.9986	0.9713	0.0073	0.9292	0.9677	0.9986	0.0000	0.0000	
0.1518	1.7332e+005	0.9440	0.9680	0.9986	0.9711	0.0074	0.9287	0.9675	0.9986	0.0000	0.0000	
0.1528	1.7312e+005	0.9435	0.9678	0.9986	0.9708	0.0074	0.9281	0.9672	0.9986	0.0000	0.0000	
0.1538	1.7291e+005	0.9431	0.9675	0.9986	0.9706	0.0075	0.9276	0.9669	0.9986	0.0000	0.0000	
0.1548	1.7271e+005	0.9426	0.9672	0.9986	0.9704	0.0075	0.9270	0.9667	0.9986	0.0000	0.0000	
0.1558	1.725e+005	0.9422	0.9670	0.9985	0.9701	0.0076	0.9265	0.9664	0.9985	0.0000	0.0000	
0.1568	1.723e+005	0.9417	0.9667	0.9985	0.9699	0.0077	0.9259	0.9662	0.9985	0.0000	0.0000	
0.1578	1.721e+005	0.9413	0.9664	0.9985	0.9696	0.0077	0.9254	0.9659	0.9985	0.0000	0.0000	
0.1588	1.7189e+005	0.9408	0.9662	0.9985	0.9694	0.0078	0.9248	0.9656	0.9985	0.0000	0.0000	
0.1598	1.7169e+005	0.9403	0.9659	0.9985	0.9692	0.0079	0.9243	0.9654	0.9985	0.0000	0.0000	
0.1608	1.7148e+005	0.9399	0.9656	0.9984	0.9689	0.0079	0.9237	0.9651	0.9984	0.0000	0.0000	
0.1617	1.7128e+005	0.9394	0.9654	0.9984	0.9687	0.0080	0.9232	0.9649	0.9984	0.0000	0.0000	
0.1627	1.7108e+005	0.9390	0.9651	0.9984	0.9684	0.0080	0.9227	0.9646	0.9984	0.0000	0.0000	
0.1637	1.7087e+005	0.9385	0.9649	0.9984	0.9682	0.0081	0.9221	0.9643	0.9984	0.0000	0.0000	
0.1647	1.7067e+005	0.9381	0.9646	0.9983	0.9680	0.0082	0.9215	0.9641	0.9983	0.0000	0.0000	
0.1657	1.7046e+005	0.9376	0.9643	0.9983	0.9677	0.0082	0.9210	0.9638	0.9983	0.0000	0.0000	
0.1667	1.7026e+005	0.9371	0.9641	0.9983	0.9675	0.0083	0.9204	0.9635	0.9983	0.0000	0.0000	
0.1677	1.7006e+005	0.9367	0.9638	0.9983	0.9673	0.0084	0.9199	0.9633	0.9983	0.0000	0.0000	
0.1687	1.6985e+005	0.9363	0.9635	0.9983	0.9670	0.0084	0.9194	0.9631	0.9983	0.0000	0.0000	
0.1697	1.6965e+005	0.9358	0.9632	0.9983	0.9667	0.0085	0.9188	0.9628	0.9983	0.0000	0.0000	
0.1707	1.6944e+005	0.9354	0.9629	0.9983	0.9665	0.0086	0.9183	0.9626	0.9983	0.0000	0.0000	
0.1717	1.6924e+005	0.9349	0.9627	0.9982	0.9662	0.0086	0.9177	0.9623	0.9982	0.0000	0.0000	
0.1727	1.6904e+005	0.9345	0.9624	0.9982	0.9660	0.0087	0.9172	0.9620	0.9982	0.0000	0.0000	
0.1737	1.6883e+005	0.9340	0.9621	0.9981	0.9657	0.0088	0.9166	0.9617	0.9981	0.0000	0.0000	
0.1747	1.6863e+005	0.9336	0.9618	0.9981	0.9654	0.0088	0.9161	0.9615	0.9981	0.0000	0.0000	
0.1757	1.6842e+005	0.9331	0.9615	0.9981	0.9652	0.0089	0.9155	0.9612	0.9981	0.0000	0.0000	
0.1767	1.6822e+005	0.9326	0.9612	0.9980	0.9649	0.0090	0.9150	0.9609	0.9980	0.0000	0.0000	
0.1777	1.6802e+005	0.9322	0.9610	0.9980	0.9647	0.0090	0.9144	0.9607	0.9980	0.0000	0.0000	
0.1787	1.6781e+005	0.9317	0.9607	0.9980	0.9644	0.0091	0.9139	0.9604	0.9980	0.0000	0.0000	
0.1797	1.6761e+005	0.9312	0.9604	0.9979	0.9642	0.0092	0.9133	0.9601	0.9979	0.0000	0.0000	
0.1807	1.674e+005	0.9308	0.9601	0.9979	0.9639	0.0092	0.9128	0.9598	0.9979	0.0000	0.0000	
0.1817	1.672e+005	0.9303	0.9599	0.9979	0.9637	0.0093	0.9122	0.9596	0.9979	0.0000	0.0000	
0.1827	1.67e+005 	0.9298	0.9596	0.9978	0.9634	0.0094	0.9117	0.9593	0.9978	0.0000	0.0000	
0.1837	1.6679e+005	0.9293	0.9593	0.9978	0.9631	0.0094	0.9111	0.9590	0.9978	0.0000	0.0000	
0.1847	1.6659e+005	0.9289	0.9590	0.9977	0.9629	0.0095	0.9106	0.9587	0.9977	0.0000	0.0000	
0.1857	1.6638e+005	0.9284	0.9587	0.9977	0.9626	0.0096	0.9100	0.9584	0.9977	0.0000	0.0000	
0.1867	1.6618e+005	0.9279	0.9584	0.9977	0.9624	0.0096	0.9095	0.9582	0.9977	0.0000	0.0000	
0.1877	1.6598e+005	0.9274	0.9582	0.9976	0.9621	0.0097	0.9089	0.9579	0.9976	0.0000	0.0000	
0.1887	1.6577e+005	0.9270	0.9579	0.9976	0.9618	0.0098	0.9084	0.9576	0.9976	0.0000	0.0000	
0.1897	1.6557e+005	0.9265	0.9576	0.9975	0.9616	0.0098	0.9078	0.9573	0.9975	0.0000	0.0000	
0.1907	1.6536e+005	0.9260	0.9573	0.9975	0.9613	0.0099	0.9073	0.9571	0.9975	0.0000	0.0000	
0.1917	1.6516e+005	0.9255	0.9570	0.9975	0.9611	0.0100	0.9067	0.9568	0.9975	0.0000	0.0000	
0.1927	1.6496e+005	0.9250	0.9567	0.9974	0.9608	0.0100	0.9061	0.9565	0.9974	0.0000	0.0000	
0.1937	1.6475e+005	0.9245	0.9564	0.9974	0.9605	0.0101	0.9056	0.9562	0.9974	0.0000	0.0000	
0.1947	1.6455e+005	0.9241	0.9562	0.9973	0.9603	0.0102	0.9050	0.9559	0.9973	0.0000	0.0000	
0.1957	1.6434e+005	0.9236	0.9559	0.9973	0.9600	0.0103	0.9045	0.9556	0.9973	0.0000	0.0000	
0.1967	1.6414e+005	0.9231	0.9556	0.9972	0.9597	0.0103	0.9039	0.9554	0.9972	0.0000	0.0000	
0.1977	1.6394e+005	0.9226	0.9553	0.9972	0.9595	0.0104	0.9033	0.9551	0.9972	0.0000	0.0000	
0.1987	1.6373e+005	0.9221	0.9550	0.9971	0.9592	0.0105	0.9028	0.9548	0.9971	0.0000	0.0000	
0.1997	1.6353e+005	0.9216	0.9547	0.9971	0.9589	0.0105	0.9022	0.9545	0.9971	0.0000	0.0000	
0.2007	1.6332e+005	0.9211	0.9544	0.9970	0.9587	0.0106	0.9017	0.9542	0.9970	0.0000	0.0000	
0.2017	1.6312e+005	0.9206	0.9541	0.9970	0.9584	0.0107	0.9011	0.9539	0.9970	0.0000	0.0000	
0.2027	1.6292e+005	0.9201	0.9538	0.9969	0.9581	0.0107	0.9005	0.9536	0.9969	0.0000	0.0000	
0.2037	1.6271e+005	0.9196	0.9535	0.9969	0.9579	0.0108	0.9000	0.9533	0.9969	0.0000	0.0000	
0.2047	1.6251e+005	0.9191	0.9532	0.9968	0.9576	0.0109	0.8994	0.9531	0.9968	0.0000	0.0000	
0.2057	1.623e+005	0.9186	0.9529	0.9968	0.9573	0.0110	0.8989	0.9528	0.9968	0.0000	0.0000	
0.2067	1.621e+005	0.9181	0.9526	0.9967	0.9570	0.0110	0.8983	0.9525	0.9967	0.0000	0.0000	
0.2077	1.619e+005	0.9176	0.9523	0.9967	0.9568	0.0111	0.8977	0.9522	0.9967	0.0000	0.0000	
0.2087	1.6169e+005	0.9171	0.9520	0.9966	0.9565	0.0112	0.8972	0.9519	0.9966	0.0000	0.0000	
0.2097	1.6149e+005	0.9166	0.9517	0.9966	0.9562	0.0112	0.8966	0.9516	0.9966	0.0000	0.0000	
0.2107	1.6128e+005	0.9161	0.9515	0.9966	0.9560	0.0113	0.8960	0.9513	0.9966	0.0000	0.0000	
0.2117	1.6108e+005	0.9156	0.9511	0.9965	0.9557	0.0114	0.8954	0.9510	0.9965	0.0000	0.0000	
0.2127	1.6088e+005	0.9151	0.9508	0.9964	0.9554	0.0115	0.8949	0.9507	0.9964	0.0000	0.0000	
0.2137	1.6067e+005	0.9146	0.9505	0.9964	0.9551	0.0115	0.8943	0.9504	0.9964	0.0000	0.0000	
0.2147	1.6047e+005	0.9141	0.9502	0.9963	0.9549	0.0116	0.8937	0.9501	0.9963	0.0000	0.0000	
0.2157	1.6026e+005	0.9136	0.9499	0.9963	0.9546	0.0117	0.8932	0.9498	0.9963	0.0000	0.0000	
0.2167	1.6006e+005	0.9131	0.9496	0.9962	0.9543	0.0118	0.8926	0.9495	0.9962	0.0000	0.0000	
0.2177	1.5986e+005	0.9126	0.9493	0.9962	0.9540	0.0118	0.8920	0.9492	0.9962	0.0000	0.0000	
0.2187	1.5965e+005	0.9121	0.9490	0.9961	0.9537	0.0119	0.8915	0.9490	0.9961	0.0000	0.0000	
0.2197	1.5945e+005	0.9115	0.9487	0.9961	0.9535	0.0120	0.8909	0.9487	0.9961	0.0000	0.0000	
0.2207	1.5924e+005	0.9110	0.9484	0.9961	0.9532	0.0120	0.8903	0.9484	0.9961	0.0000	0.0000	
0.2217	1.5904e+005	0.9105	0.9481	0.9960	0.9529	0.0121	0.8897	0.9481	0.9960	0.0000	0.0000	
0.2227	1.5884e+005	0.9100	0.9478	0.9959	0.9526	0.0122	0.8892	0.9478	0.9959	0.0000	0.0000	
0.2236	1.5863e+005	0.9095	0.9475	0.9959	0.9523	0.0123	0.8886	0.9475	0.9959	0.0000	0.0000	
0.2246	1.5843e+005	0.9089	0.9472	0.9958	0.9520	0.0124	0.8880	0.9472	0.9958	0.0000	0.0000	
0.2256	1.5822e+005	0.9084	0.9469	0.9958	0.9518	0.0124	0.8874	0.9468	0.9958	0.0000	0.0000	
0.2266	1.5802e+005	0.9079	0.9465	0.9957	0.9515	0.0125	0.8869	0.9465	0.9957	0.0000	0.0000	
0.2276	1.5782e+005	0.9074	0.9462	0.9957	0.9512	0.0126	0.8863	0.9462	0.9957	0.0000	0.0000	
0.2286	1.5761e+005	0.9069	0.9459	0.9956	0.9509	0.0127	0.8857	0.9459	0.9956	0.0000	0.0000	
0.2296	1.5741e+005	0.9063	0.9456	0.9956	0.9506	0.0127	0.8852	0.9457	0.9956	0.0000	0.0000	
0.2306	1.572e+005	0.9058	0.9453	0.9955	0.9503	0.0128	0.8846	0.9454	0.9955	0.0000	0.0000	
0.2316	1.57e+005 	0.9053	0.9450	0.9955	0.9500	0.0129	0.8840	0.9451	0.9955	0.0000	0.0000	
0.2326	1.568e+005	0.9047	0.9447	0.9955	0.9498	0.0130	0.8834	0.9448	0.9955	0.0000	0.0000	
0.2336	1.5659e+005	0.9042	0.9444	0.9954	0.9495	0.0130	0.8829	0.9445	0.9954	0.0000	0.0000	
0.2346	1.5639e+005	0.9037	0.9441	0.9954	0.9492	0.0131	0.8823	0.9442	0.9954	0.0000	0.0000	
0.2356	1.5618e+005	0.9031	0.9437	0.9953	0.9489	0.0132	0.8817	0.9439	0.9953	0.0000	0.0000	
0.2366	1.5598e+005	0.9026	0.9434	0.9953	0.9486	0.0133	0.8811	0.9436	0.9953	0.0000	0.0000	
0.2376	1.5578e+005	0.9021	0.9431	0.9952	0.9483	0.0133	0.8806	0.9433	0.9952	0.0000	0.0000	
0.2386	1.5557e+005	0.9015	0.9428	0.9952	0.9480	0.0134	0.8800	0.9430	0.9952	0.0000	0.0000	
0.2396	1.5537e+005	0.9010	0.9425	0.9952	0.9477	0.0135	0.8794	0.9427	0.9952	0.0000	0.0000	
0.2406	1.5516e+005	0.9005	0.9422	0.9951	0.9474	0.0136	0.8788	0.9424	0.9951	0.0000	0.0000	
0.2416	1.5496e+005	0.8999	0.9418	0.9951	0.9472	0.0137	0.8783	0.9421	0.9951	0.0000	0.0000	
0.2426	1.5476e+005	0.8994	0.9415	0.9950	0.9469	0.0137	0.8777	0.9418	0.9950	0.0000	0.0000	
0.2436	1.5455e+005	0.8988	0.9412	0.9949	0.9465	0.0138	0.8771	0.9414	0.9949	0.0000	0.0000	
0.2446	1.5435e+005	0.8983	0.9408	0.9949	0.9462	0.0139	0.8765	0.9411	0.9949	0.0000	0.0000	
0.2456	1.5414e+005	0.8977	0.9405	0.9948	0.9459	0.0140	0.8760	0.9408	0.9948	0.0000	0.0000	
0.2466	1.5394e+005	0.8972	0.9402	0.9948	0.9456	0.0141	0.8754	0.9405	0.9948	0.0000	0.0000	
0.2476	1.5374e+005	0.8966	0.9398	0.9947	0.9453	0.0141	0.8748	0.9402	0.9947	0.0000	0.0000	
0.2486	1.5353e+005	0.8961	0.9395	0.9947	0.9450	0.0142	0.8742	0.9399	0.9947	0.0000	0.0000	
0.2496	1.5333e+005	0.8955	0.9392	0.9946	0.9447	0.0143	0.8736	0.9396	0.9946	0.0000	0.0000	
0.2506	1.5312e+005	0.8950	0.9389	0.9946	0.9444	0.0144	0.8730	0.9393	0.9946	0.0000	0.0000	
0.2516	1.5292e+005	0.8944	0.9385	0.9945	0.9441	0.0145	0.8724	0.9390	0.9945	0.0000	0.0000	
0.2526	1.5272e+005	0.8939	0.9382	0.9945	0.9438	0.0145	0.8719	0.9387	0.9945	0.0000	0.0000	
0.2536	1.5251e+005	0.8933	0.9378	0.9944	0.9435	0.0146	0.8713	0.9384	0.9944	0.0000	0.0000	
0.2546	1.5231e+005	0.8928	0.9375	0.9944	0.9432	0.0147	0.8707	0.9381	0.9944	0.0000	0.0000	
0.2556	1.521e+005	0.8923	0.9371	0.9943	0.9428	0.0148	0.8702	0.9378	0.9943	0.0000	0.0000	
0.2566	1.519e+005	0.8917	0.9367	0.9942	0.9425	0.0149	0.8696	0.9374	0.9942	0.0000	0.0000	
0.2576	1.517e+005	0.8912	0.9363	0.9942	0.9421	0.0150	0.8690	0.9371	0.9942	0.0000	0.0000	
0.2586	1.5149e+005	0.8906	0.9360	0.9941	0.9418	0.0151	0.8685	0.9368	0.9941	0.0000	0.0000	
0.2596	1.5129e+005	0.8901	0.9356	0.9941	0.9415	0.0152	0.8679	0.9365	0.9941	0.0000	0.0000	
0.2606	1.5108e+005	0.8895	0.9353	0.9940	0.9411	0.0153	0.8673	0.9362	0.9940	0.0000	0.0000	
0.2616	1.5088e+005	0.8889	0.9349	0.9939	0.9408	0.0153	0.8667	0.9359	0.9939	0.0000	0.0000	
0.2626	1.5068e+005	0.8884	0.9346	0.9939	0.9405	0.0154	0.8661	0.9356	0.9939	0.0000	0.0000	
0.2636	1.5047e+005	0.8878	0.9342	0.9938	0.9402	0.0155	0.8655	0.9352	0.9938	0.0000	0.0000	
0.2646	1.5027e+005	0.8872	0.9339	0.9938	0.9399	0.0156	0.8649	0.9349	0.9938	0.0000	0.0000	
0.2656	1.5006e+005	0.8867	0.9335	0.9937	0.9396	0.0157	0.8643	0.9346	0.9937	0.0000	0.0000	
0.2666	1.4986e+005	0.8861	0.9332	0.9937	0.9392	0.0158	0.8637	0.9343	0.9937	0.0000	0.0000	
0.2676	1.4966e+005	0.8855	0.9328	0.9936	0.9389	0.0159	0.8631	0.9340	0.9936	0.0000	0.0000	
0.2686	1.4945e+005	0.8850	0.9325	0.9936	0.9386	0.0159	0.8625	0.9337	0.9936	0.0000	0.0000	
0.2696	1.4925e+005	0.8844	0.9321	0.9935	0.9383	0.0160	0.8620	0.9333	0.9935	0.0000	0.0000	
0.2706	1.4904e+005	0.8838	0.9318	0.9935	0.9379	0.0161	0.8614	0.9330	0.9935	0.0000	0.0000	
0.2716	1.4884e+005	0.8832	0.9314	0.9934	0.9376	0.0162	0.8608	0.9327	0.9934	0.0000	0.0000	
0.2726	1.4864e+005	0.8827	0.9311	0.9934	0.9373	0.0163	0.8602	0.9324	0.9934	0.0000	0.0000	
0.2736	1.4843e+005	0.8821	0.9307	0.9933	0.9370	0.0164	0.8596	0.9321	0.9933	0.0000	0.0000	
0.2746	1.4823e+005	0.8815	0.9304	0.9932	0.9366	0.0165	0.8590	0.9317	0.9932	0.0000	0.0000	
0.2756	1.4802e+005	0.8809	0.9300	0.9932	0.9363	0.0166	0.8584	0.9314	0.9932	0.0000	0.0000	
0.2766	1.4782e+005	0.8803	0.9296	0.9931	0.9360	0.0167	0.8578	0.9311	0.9931	0.0000	0.0000	
0.2776	1.4762e+005	0.8797	0.9293	0.9930	0.9357	0.0167	0.8572	0.9307	0.9930	0.0000	0.0000	
0.2786	1.4741e+005	0.8792	0.9289	0.9930	0.9353	0.0168	0.8566	0.9304	0.9930	0.0000	0.0000	
0.2796	1.4721e+005	0.8786	0.9285	0.9929	0.9350	0.0169	0.8560	0.9301	0.9929	0.0000	0.0000	
0.2806	1.47e+005 	0.8780	0.9282	0.9928	0.9347	0.0170	0.8554	0.9298	0.9928	0.0000	0.0000	
0.2816	1.468e+005	0.8774	0.9278	0.9928	0.9343	0.0171	0.8548	0.9294	0.9928	0.0000	0.0000	
0.2826	1.466e+005	0.8768	0.9275	0.9927	0.9340	0.0172	0.8542	0.9291	0.9927	0.0000	0.0000	
0.2836	1.4639e+005	0.8762	0.9271	0.9926	0.9336	0.0173	0.8536	0.9287	0.9926	0.0000	0.0000	
0.2846	1.4619e+005	0.8756	0.9267	0.9925	0.9333	0.0174	0.8530	0.9284	0.9925	0.0000	0.0000	
0.2855	1.4598e+005	0.8750	0.9264	0.9925	0.9330	0.0175	0.8524	0.9281	0.9925	0.0000	0.0000	
0.2865	1.4578e+005	0.8744	0.9260	0.9924	0.9326	0.0176	0.8517	0.9277	0.9924	0.0000	0.0000	
0.2875	1.4558e+005	0.8738	0.9257	0.9924	0.9323	0.0176	0.8511	0.9274	0.9924	0.0000	0.0000	
0.2885	1.4537e+005	0.8732	0.9253	0.9924	0.9320	0.0177	0.8505	0.9271	0.9924	0.0000	0.0000	
0.2895	1.4517e+005	0.8726	0.9250	0.9923	0.9317	0.0178	0.8499	0.9268	0.9923	0.0000	0.0000	
0.2905	1.4496e+005	0.8720	0.9246	0.9923	0.9314	0.0179	0.8492	0.9265	0.9923	0.0000	0.0000	
0.2915	1.4476e+005	0.8714	0.9243	0.9922	0.9311	0.0180	0.8486	0.9261	0.9922	0.0000	0.0000	
0.2925	1.4456e+005	0.8708	0.9239	0.9921	0.9307	0.0181	0.8480	0.9258	0.9921	0.0000	0.0000	
0.2935	1.4435e+005	0.8702	0.9235	0.9921	0.9304	0.0182	0.8474	0.9254	0.9921	0.0000	0.0000	
0.2945	1.4415e+005	0.8696	0.9232	0.9920	0.9300	0.0183	0.8468	0.9251	0.9920	0.0000	0.0000	
0.2955	1.4394e+005	0.8690	0.9228	0.9919	0.9297	0.0184	0.8462	0.9248	0.9919	0.0000	0.0000	
0.2965	1.4374e+005	0.8684	0.9224	0.9918	0.9294	0.0184	0.8456	0.9244	0.9918	0.0000	0.0000	
0.2975	1.4354e+005	0.8678	0.9220	0.9918	0.9290	0.0185	0.8450	0.9241	0.9918	0.0000	0.0000	
0.2985	1.4333e+005	0.8672	0.9217	0.9917	0.9287	0.0186	0.8444	0.9237	0.9917	0.0000	0.0000	
0.2995	1.4313e+005	0.8665	0.9213	0.9916	0.9283	0.0187	0.8437	0.9234	0.9916	0.0000	0.0000	
0.3005	1.4292e+005	0.8659	0.9209	0.9916	0.9280	0.0188	0.8431	0.9230	0.9916	0.0000	0.0000	
0.3015	1.4272e+005	0.8653	0.9205	0.9915	0.9276	0.0189	0.8425	0.9227	0.9915	0.0000	0.0000	
0.3025	1.4252e+005	0.8647	0.9202	0.9914	0.9273	0.0190	0.8419	0.9223	0.9914	0.0000	0.0000	
0.3035	1.4231e+005	0.8641	0.9198	0.9913	0.9269	0.0191	0.8413	0.9220	0.9913	0.0000	0.0000	
0.3045	1.4211e+005	0.8634	0.9194	0.9913	0.9266	0.0192	0.8407	0.9217	0.9913	0.0000	0.0000	
0.3055	1.419e+005	0.8628	0.9190	0.9912	0.9262	0.0193	0.8400	0.9213	0.9912	0.0000	0.0000	
0.3065	1.417e+005	0.8622	0.9186	0.9911	0.9259	0.0194	0.8394	0.9210	0.9911	0.0000	0.0000	
0.3075	1.415e+005	0.8616	0.9183	0.9910	0.9255	0.0195	0.8388	0.9206	0.9910	0.0000	0.0000	
0.3085	1.4129e+005	0.8609	0.9179	0.9909	0.9252	0.0196	0.8382	0.9203	0.9909	0.0000	0.0000	
0.3095	1.4109e+005	0.8603	0.9175	0.9909	0.9248	0.0197	0.8376	0.9199	0.9909	0.0000	0.0000	
0.3105	1.4088e+005	0.8597	0.9171	0.9908	0.9245	0.0198	0.8370	0.9196	0.9908	0.0000	0.0000	
0.3115	1.4068e+005	0.8590	0.9168	0.9907	0.9241	0.0199	0.8364	0.9192	0.9907	0.0000	0.0000	
0.3125	1.4048e+005	0.8584	0.9164	0.9906	0.9238	0.0200	0.8358	0.9189	0.9906	0.0000	0.0000	
0.3135	1.4027e+005	0.8578	0.9160	0.9905	0.9234	0.0201	0.8352	0.9185	0.9905	0.0000	0.0000	
0.3145	1.4007e+005	0.8571	0.9156	0.9905	0.9231	0.0202	0.8345	0.9182	0.9905	0.0000	0.0000	
0.3155	1.3986e+005	0.8565	0.9152	0.9904	0.9227	0.0203	0.8339	0.9178	0.9904	0.0000	0.0000	
0.3165	1.3966e+005	0.8558	0.9148	0.9903	0.9224	0.0204	0.8333	0.9174	0.9903	0.0000	0.0000	
0.3175	1.3946e+005	0.8552	0.9144	0.9902	0.9220	0.0205	0.8327	0.9171	0.9902	0.0000	0.0000	
0.3185	1.3925e+005	0.8546	0.9140	0.9902	0.9217	0.0206	0.8320	0.9167	0.9902	0.0000	0.0000	
0.3195	1.3905e+005	0.8539	0.9137	0.9901	0.9213	0.0207	0.8314	0.9164	0.9901	0.0000	0.0000	
0.3205	1.3884e+005	0.8533	0.9133	0.9900	0.9209	0.0208	0.8308	0.9160	0.9900	0.0000	0.0000	
0.3215	1.3864e+005	0.8526	0.9129	0.9899	0.9206	0.0209	0.8302	0.9157	0.9899	0.0000	0.0000	
0.3225	1.3844e+005	0.8520	0.9125	0.9899	0.9202	0.0210	0.8295	0.9153	0.9899	0.0000	0.0000	
0.3235	1.3823e+005	0.8513	0.9121	0.9898	0.9199	0.0211	0.8289	0.9149	0.9898	0.0000	0.0000	
0.3245	1.3803e+005	0.8507	0.9117	0.9897	0.9195	0.0212	0.8282	0.9146	0.9897	0.0000	0.0000	
0.3255	1.3782e+005	0.8500	0.9113	0.9896	0.9191	0.0213	0.8276	0.9142	0.9896	0.0000	0.0000	
0.3265	1.3762e+005	0.8493	0.9109	0.9895	0.9188	0.0214	0.8270	0.9139	0.9895	0.0000	0.0000	
0.3275	1.3742e+005	0.8487	0.9105	0.9894	0.9184	0.0215	0.8263	0.9135	0.9894	0.0000	0.0000	
0.3285	1.3721e+005	0.8480	0.9101	0.9893	0.9180	0.0216	0.8257	0.9131	0.9893	0.0000	0.0000	
0.3295	1.3701e+005	0.8474	0.9097	0.9893	0.9176	0.0217	0.8251	0.9127	0.9893	0.0000	0.0000	
0.3305	1.368e+005	0.8467	0.9093	0.9892	0.9172	0.0218	0.8244	0.9124	0.9892	0.0000	0.0000	
0.3315	1.366e+005	0.8460	0.9088	0.9890	0.9168	0.0219	0.8238	0.9120	0.9890	0.0000	0.0000	
0.3325	1.364e+005	0.8454	0.9084	0.9889	0.9165	0.0220	0.8231	0.9116	0.9889	0.0000	0.0000	
0.3335	1.3619e+005	0.8447	0.9080	0.9889	0.9161	0.0221	0.8225	0.9112	0.9889	0.0000	0.0000	
0.3345	1.3599e+005	0.8440	0.9076	0.9887	0.9157	0.0222	0.8218	0.9108	0.9887	0.0000	0.0000	
0.3355	1.3578e+005	0.8433	0.9072	0.9886	0.9153	0.0223	0.8212	0.9105	0.9886	0.0000	0.0000	
0.3365	1.3558e+005	0.8427	0.9067	0.9885	0.9149	0.0224	0.8205	0.9101	0.9885	0.0000	0.0000	
0.3375	1.3538e+005	0.8420	0.9063	0.9884	0.9145	0.0225	0.8199	0.9097	0.9884	0.0000	0.0000	
0.3385	1.3517e+005	0.8413	0.9059	0.9883	0.9141	0.0226	0.8192	0.9093	0.9883	0.0000	0.0000	
0.3395	1.3497e+005	0.8406	0.9054	0.9882	0.9137	0.0227	0.8186	0.9089	0.9882	0.0000	0.0000	
0.3405	1.3476e+005	0.8400	0.9050	0.9882	0.9133	0.0229	0.8180	0.9086	0.9882	0.0000	0.0000	
0.3415	1.3456e+005	0.8393	0.9046	0.9882	0.9129	0.0230	0.8174	0.9083	0.9882	0.0000	0.0000	
0.3425	1.3436e+005	0.8387	0.9042	0.9882	0.9126	0.0231	0.8169	0.9080	0.9882	0.0000	0.0000	
0.3435	1.3415e+005	0.8380	0.9037	0.9882	0.9122	0.0232	0.8163	0.9076	0.9882	0.0000	0.0000	
0.3445	1.3395e+005	0.8373	0.9033	0.9881	0.9118	0.0233	0.8156	0.9073	0.9881	0.0000	0.0000	
0.3455	1.3374e+005	0.8366	0.9029	0.9880	0.9114	0.0234	0.8150	0.9069	0.9880	0.0000	0.0000	
0.3465	1.3354e+005	0.8359	0.9024	0.9879	0.9110	0.0235	0.8143	0.9065	0.9879	0.0000	0.0000	
0.3474	1.3334e+005	0.8353	0.9020	0.9878	0.9106	0.0236	0.8137	0.9061	0.9878	0.0000	0.0000	
0.3484	1.3313e+005	0.8346	0.9016	0.9877	0.9102	0.0237	0.8131	0.9057	0.9877	0.0000	0.0000	
0.3494	1.3293e+005	0.8339	0.9011	0.9876	0.9098	0.0238	0.8124	0.9054	0.9876	0.0000	0.0000	
0.3504	1.3272e+005	0.8332	0.9007	0.9875	0.9094	0.0240	0.8118	0.9050	0.9875	0.0000	0.0000	
0.3514	1.3252e+005	0.8325	0.9001	0.9870	0.9088	0.0241	0.8111	0.9044	0.9870	0.0000	0.0000	
0.3524	1.3232e+005	0.8319	0.8996	0.9867	0.9083	0.0243	0.8105	0.9040	0.9867	0.0000	0.0000	
0.3534	1.3211e+005	0.8312	0.8991	0.9865	0.9078	0.0244	0.8099	0.9035	0.9865	0.0000	0.0000	
0.3544	1.3191e+005	0.8305	0.8986	0.9863	0.9074	0.0245	0.8092	0.9031	0.9863	0.0000	0.0000	
0.3554	1.317e+005	0.8298	0.8981	0.9862	0.9069	0.0246	0.8086	0.9027	0.9862	0.0000	0.0000	
0.3564	1.315e+005	0.8291	0.8977	0.9861	0.9065	0.0247	0.8079	0.9023	0.9861	0.0000	0.0000	
0.3574	1.313e+005	0.8284	0.8972	0.9859	0.9061	0.0249	0.8073	0.9019	0.9859	0.0000	0.0000	
0.3584	1.3109e+005	0.8277	0.8968	0.9858	0.9057	0.0250	0.8066	0.9015	0.9858	0.0000	0.0000	
0.3594	1.3089e+005	0.8270	0.8963	0.9857	0.9053	0.0251	0.8060	0.9011	0.9857	0.0000	0.0000	
0.3604	1.3068e+005	0.8263	0.8959	0.9856	0.9048	0.0252	0.8053	0.9007	0.9856	0.0000	0.0000	
0.3614	1.3048e+005	0.8256	0.8954	0.9854	0.9044	0.0253	0.8047	0.9003	0.9854	0.0000	0.0000	
0.3624	1.3028e+005	0.8249	0.8949	0.9853	0.9040	0.0255	0.8040	0.8999	0.9853	0.0000	0.0000	
0.3634	1.3007e+005	0.8242	0.8945	0.9852	0.9036	0.0256	0.8033	0.8995	0.9852	0.0000	0.0000	
0.3644	1.2987e+005	0.8235	0.8940	0.9850	0.9031	0.0257	0.8027	0.8991	0.9850	0.0000	0.0000	
0.3654	1.2966e+005	0.8228	0.8936	0.9849	0.9027	0.0258	0.8020	0.8987	0.9849	0.0000	0.0000	
0.3664	1.2946e+005	0.8221	0.8931	0.9848	0.9023	0.0259	0.8013	0.8983	0.9848	0.0000	0.0000	
0.3674	1.2926e+005	0.8214	0.8927	0.9847	0.9019	0.0260	0.8006	0.8979	0.9847	0.0000	0.0000	
0.3684	1.2905e+005	0.8207	0.8922	0.9846	0.9014	0.0262	0.8000	0.8975	0.9846	0.0000	0.0000	
0.3694	1.2885e+005	0.8200	0.8917	0.9844	0.9010	0.0263	0.7993	0.8970	0.9844	0.0000	0.0000	
0.3704	1.2864e+005	0.8193	0.8913	0.9843	0.9006	0.0264	0.7986	0.8966	0.9843	0.0000	0.0000	
0.3714	1.2844e+005	0.8186	0.8908	0.9842	0.9002	0.0265	0.7979	0.8962	0.9842	0.0000	0.0000	
0.3724	1.2824e+005	0.8179	0.8904	0.9841	0.8997	0.0266	0.7972	0.8958	0.9841	0.0000	0.0000	
0.3734	1.2803e+005	0.8172	0.8899	0.9840	0.8993	0.0268	0.7966	0.8954	0.9840	0.0000	0.0000	
0.3744	1.2783e+005	0.8164	0.8894	0.9839	0.8989	0.0269	0.7959	0.8950	0.9839	0.0000	0.0000	
0.3754	1.2762e+005	0.8157	0.8890	0.9838	0.8985	0.0270	0.7952	0.8946	0.9838	0.0000	0.0000	
0.3764	1.2742e+005	0.8150	0.8885	0.9837	0.8981	0.0271	0.7945	0.8943	0.9837	0.0000	0.0000	
0.3774	1.2722e+005	0.8143	0.8881	0.9836	0.8976	0.0272	0.7939	0.8939	0.9836	0.0000	0.0000	
0.3784	1.2701e+005	0.8136	0.8876	0.9835	0.8972	0.0274	0.7932	0.8935	0.9835	0.0000	0.0000	
0.3794	1.2681e+005	0.8129	0.8871	0.9834	0.8968	0.0275	0.7925	0.8930	0.9834	0.0000	0.0000	
0.3804	1.266e+005	0.8121	0.8867	0.9833	0.8963	0.0276	0.7918	0.8926	0.9833	0.0000	0.0000	
0.3814	1.264e+005	0.8114	0.8862	0.9832	0.8959	0.0277	0.7911	0.8922	0.9832	0.0000	0.0000	
0.3824	1.262e+005	0.8107	0.8857	0.9831	0.8955	0.0278	0.7904	0.8918	0.9831	0.0000	0.0000	
0.3834	1.2599e+005	0.8100	0.8853	0.9830	0.8950	0.0280	0.7897	0.8914	0.9830	0.0000	0.0000	
0.3844	1.2579e+005	0.8092	0.8848	0.9829	0.8946	0.0281	0.7890	0.8910	0.9829	0.0000	0.0000	
0.3854	1.2558e+005	0.8085	0.8843	0.9828	0.8942	0.0282	0.7883	0.8906	0.9828	0.0000	0.0000	
0.3864	1.2538e+005	0.8078	0.8838	0.9827	0.8937	0.0283	0.7876	0.8902	0.9827	0.0000	0.0000	
0.3874	1.2518e+005	0.8070	0.8834	0.9825	0.8933	0.0285	0.7869	0.8898	0.9825	0.0000	0.0000	
0.3884	1.2497e+005	0.8063	0.8829	0.9824	0.8928	0.0286	0.7862	0.8893	0.9824	0.0000	0.0000	
0.3894	1.2477e+005	0.8056	0.8824	0.9823	0.8924	0.0287	0.7855	0.8889	0.9823	0.0000	0.0000	
0.3904	1.2456e+005	0.8048	0.8819	0.9821	0.8919	0.0289	0.7848	0.8885	0.9821	0.0000	0.0000	
0.3914	1.2436e+005	0.8041	0.8814	0.9820	0.8914	0.0290	0.7841	0.8880	0.9820	0.0000	0.0000	
0.3924	1.2416e+005	0.8034	0.8809	0.9819	0.8910	0.0291	0.7834	0.8876	0.9819	0.0000	0.0000	
0.3934	1.2395e+005	0.8026	0.8804	0.9818	0.8905	0.0293	0.7826	0.8872	0.9818	0.0000	0.0000	
0.3944	1.2375e+005	0.8019	0.8799	0.9817	0.8901	0.0294	0.7819	0.8868	0.9817	0.0000	0.0000	
0.3954	1.2354e+005	0.8012	0.8794	0.9816	0.8896	0.0295	0.7811	0.8863	0.9816	0.0000	0.0000	
0.3964	1.2334e+005	0.8004	0.8789	0.9814	0.8892	0.0296	0.7804	0.8859	0.9814	0.0000	0.0000	
0.3974	1.2314e+005	0.7997	0.8784	0.9813	0.8887	0.0298	0.7796	0.8855	0.9813	0.0000	0.0000	
0.3984	1.2293e+005	0.7989	0.8779	0.9812	0.8883	0.0299	0.7789	0.8850	0.9812	0.0000	0.0000	
0.3994	1.2273e+005	0.7982	0.8774	0.9810	0.8878	0.0300	0.7781	0.8846	0.9810	0.0000	0.0000	
0.4004	1.2252e+005	0.7975	0.8769	0.9809	0.8873	0.0302	0.7773	0.8841	0.9809	0.0000	0.0000	
0.4014	1.2232e+005	0.7967	0.8764	0.9807	0.8868	0.0303	0.7765	0.8837	0.9807	0.0000	0.0000	
0.4024	1.2212e+005	0.7960	0.8759	0.9806	0.8864	0.0304	0.7757	0.8832	0.9806	0.0000	0.0000	
0.4034	1.2191e+005	0.7952	0.8754	0.9804	0.8859	0.0306	0.7749	0.8828	0.9804	0.0000	0.0000	
0.4044	1.2171e+005	0.7945	0.8749	0.9803	0.8854	0.0307	0.7741	0.8823	0.9803	0.0000	0.0000	
0.4054	1.215e+005	0.7937	0.8744	0.9802	0.8849	0.0308	0.7733	0.8819	0.9802	0.0000	0.0000	
0.4064	1.213e+005	0.7930	0.8738	0.9800	0.8845	0.0310	0.7725	0.8814	0.9800	0.0000	0.0000	
0.4074	1.211e+005	0.7922	0.8733	0.9799	0.8840	0.0311	0.7717	0.8809	0.9799	0.0000	0.0000	
0.4084	1.2089e+005	0.7915	0.8728	0.9797	0.8835	0.0313	0.7709	0.8805	0.9797	0.0000	0.0000	
0.4093	1.2069e+005	0.7907	0.8722	0.9795	0.8830	0.0314	0.7701	0.8800	0.9795	0.0000	0.0000	
0.4103	1.2048e+005	0.7899	0.8717	0.9794	0.8825	0.0316	0.7693	0.8795	0.9794	0.0000	0.0000	
0.4113	1.2028e+005	0.7892	0.8712	0.9792	0.8820	0.0317	0.7685	0.8790	0.9792	0.0000	0.0000	
0.4123	1.2008e+005	0.7884	0.8706	0.9790	0.8815	0.0318	0.7677	0.8785	0.9790	0.0000	0.0000	
0.4133	1.1987e+005	0.7876	0.8701	0.9789	0.8810	0.0320	0.7668	0.8781	0.9789	0.0000	0.0000	
0.4143	1.1967e+005	0.7869	0.8695	0.9787	0.8805	0.0321	0.7660	0.8776	0.9787	0.0000	0.0000	
0.4153	1.1946e+005	0.7861	0.8690	0.9786	0.8799	0.0323	0.7652	0.8771	0.9786	0.0000	0.0000	
0.4163	1.1926e+005	0.7853	0.8684	0.9784	0.8794	0.0324	0.7643	0.8766	0.9784	0.0000	0.0000	
0.4173	1.1906e+005	0.7845	0.8679	0.9783	0.8789	0.0326	0.7635	0.8761	0.9783	0.0000	0.0000	
0.4183	1.1885e+005	0.7837	0.8673	0.9781	0.8784	0.0327	0.7626	0.8756	0.9781	0.0000	0.0000	
0.4193	1.1865e+005	0.7830	0.8668	0.9779	0.8779	0.0329	0.7618	0.8752	0.9779	0.0000	0.0000	
0.4203	1.1844e+005	0.7822	0.8662	0.9778	0.8774	0.0330	0.7610	0.8747	0.9778	0.0000	0.0000	
0.4213	1.1824e+005	0.7814	0.8657	0.9776	0.8769	0.0332	0.7601	0.8742	0.9776	0.0000	0.0000	
0.4223	1.1804e+005	0.7806	0.8651	0.9775	0.8764	0.0333	0.7592	0.8737	0.9775	0.0000	0.0000	
0.4233	1.1783e+005	0.7798	0.8645	0.9773	0.8758	0.0335	0.7583	0.8732	0.9773	0.0000	0.0000	
0.4243	1.1763e+005	0.7790	0.8640	0.9772	0.8753	0.0336	0.7574	0.8727	0.9772	0.0000	0.0000	
0.4253	1.1742e+005	0.7782	0.8634	0.9770	0.8748	0.0338	0.7565	0.8722	0.9770	0.0000	0.0000	
0.4263	1.1722e+005	0.7773	0.8628	0.9769	0.8743	0.0339	0.7556	0.8717	0.9769	0.0000	0.0000	
0.4273	1.1702e+005	0.7765	0.8623	0.9767	0.8737	0.0341	0.7547	0.8712	0.9767	0.0000	0.0000	
0.4283	1.1681e+005	0.7757	0.8617	0.9766	0.8732	0.0342	0.7539	0.8707	0.9766	0.0000	0.0000	
0.4293	1.1661e+005	0.7749	0.8611	0.9764	0.8726	0.0344	0.7530	0.8702	0.9764	0.0000	0.0000	
0.4303	1.164e+005	0.7741	0.8605	0.9762	0.8721	0.0345	0.7521	0.8696	0.9762	0.0000	0.0000	
0.4313	1.162e+005	0.7732	0.8600	0.9761	0.8716	0.0347	0.7512	0.8691	0.9761	0.0000	0.0000	
0.4323	1.16e+005 	0.7724	0.8594	0.9759	0.8710	0.0349	0.7503	0.8686	0.9759	0.0000	0.0000	
0.4333	1.1579e+005	0.7716	0.8588	0.9757	0.8705	0.0350	0.7494	0.8681	0.9757	0.0000	0.0000	
0.4343	1.1559e+005	0.7707	0.8582	0.9755	0.8699	0.0352	0.7484	0.8676	0.9755	0.0000	0.0000	
0.4353	1.1538e+005	0.7699	0.8576	0.9753	0.8694	0.0353	0.7475	0.8670	0.9753	0.0000	0.0000	
0.4363	1.1518e+005	0.7691	0.8570	0.9752	0.8688	0.0355	0.7466	0.8665	0.9752	0.0000	0.0000	
0.4373	1.1498e+005	0.7682	0.8564	0.9750	0.8683	0.0357	0.7457	0.8660	0.9750	0.0000	0.0000	
0.4383	1.1477e+005	0.7674	0.8558	0.9749	0.8677	0.0358	0.7448	0.8655	0.9749	0.0000	0.0000	
0.4393	1.1457e+005	0.7665	0.8552	0.9747	0.8672	0.0360	0.7439	0.8649	0.9747	0.0000	0.0000	
0.4403	1.1436e+005	0.7657	0.8546	0.9745	0.8666	0.0362	0.7429	0.8644	0.9745	0.0000	0.0000	
0.4413	1.1416e+005	0.7648	0.8540	0.9743	0.8660	0.0363	0.7420	0.8639	0.9743	0.0000	0.0000	
0.4423	1.1396e+005	0.7639	0.8534	0.9741	0.8655	0.0365	0.7410	0.8633	0.9741	0.0000	0.0000	
0.4433	1.1375e+005	0.7631	0.8528	0.9740	0.8649	0.0366	0.7401	0.8628	0.9740	0.0000	0.0000	
0.4443	1.1355e+005	0.7622	0.8522	0.9738	0.8643	0.0368	0.7391	0.8622	0.9738	0.0000	0.0000	
0.4453	1.1334e+005	0.7613	0.8516	0.9736	0.8638	0.0370	0.7382	0.8617	0.9736	0.0000	0.0000	
0.4463	1.1314e+005	0.7605	0.8509	0.9735	0.8632	0.0371	0.7372	0.8612	0.9735	0.0000	0.0000	
0.4473	1.1294e+005	0.7596	0.8503	0.9733	0.8626	0.0373	0.7363	0.8606	0.9733	0.0000	0.0000	
0.4483	1.1273e+005	0.7587	0.8497	0.9731	0.8620	0.0375	0.7353	0.8601	0.9731	0.0000	0.0000	
0.4493	1.1253e+005	0.7578	0.8491	0.9729	0.8615	0.0377	0.7343	0.8595	0.9729	0.0000	0.0000	
0.4503	1.1232e+005	0.7569	0.8484	0.9728	0.8609	0.0378	0.7333	0.8589	0.9728	0.0000	0.0000	
0.4513	1.1212e+005	0.7560	0.8478	0.9726	0.8603	0.0380	0.7323	0.8584	0.9726	0.0000	0.0000	
0.4523	1.1192e+005	0.7552	0.8472	0.9724	0.8597	0.0382	0.7314	0.8578	0.9724	0.0000	0.0000	
0.4533	1.1171e+005	0.7543	0.8465	0.9722	0.8591	0.0383	0.7304	0.8573	0.9722	0.0000	0.0000	
0.4543	1.1151e+005	0.7534	0.8459	0.9720	0.8585	0.0385	0.7294	0.8567	0.9720	0.0000	0.0000	
0.4553	1.113e+005	0.7525	0.8453	0.9718	0.8579	0.0387	0.7284	0.8562	0.9718	0.0000	0.0000	
0.4563	1.111e+005	0.7516	0.8446	0.9717	0.8573	0.0389	0.7274	0.8556	0.9717	0.0000	0.0000	
0.4573	1.109e+005	0.7507	0.8440	0.9715	0.8568	0.0390	0.7264	0.8550	0.9715	0.0000	0.0000	
0.4583	1.1069e+005	0.7498	0.8434	0.9713	0.8562	0.0392	0.7254	0.8545	0.9713	0.0000	0.0000	
0.4593	1.1049e+005	0.7488	0.8427	0.9711	0.8556	0.0394	0.7244	0.8539	0.9711	0.0000	0.0000	
0.4603	1.1028e+005	0.7479	0.8421	0.9709	0.8550	0.0396	0.7235	0.8533	0.9709	0.0000	0.0000	
0.4613	1.1008e+005	0.7470	0.8414	0.9708	0.8544	0.0398	0.7225	0.8527	0.9708	0.0000	0.0000	
0.4623	1.0988e+005	0.7461	0.8408	0.9706	0.8538	0.0399	0.7215	0.8522	0.9706	0.0000	0.0000	
0.4633	1.0967e+005	0.7451	0.8401	0.9704	0.8531	0.0401	0.7204	0.8516	0.9704	0.0000	0.0000	
0.4643	1.0947e+005	0.7442	0.8395	0.9701	0.8525	0.0403	0.7194	0.8510	0.9701	0.0000	0.0000	
0.4653	1.0926e+005	0.7433	0.8388	0.9698	0.8519	0.0405	0.7185	0.8503	0.9698	0.0000	0.0000	
0.4663	1.0906e+005	0.7423	0.8381	0.9695	0.8512	0.0407	0.7174	0.8497	0.9695	0.0000	0.0000	
0.4673	1.0886e+005	0.7414	0.8374	0.9693	0.8506	0.0409	0.7164	0.8491	0.9693	0.0000	0.0000	
0.4683	1.0865e+005	0.7405	0.8368	0.9690	0.8500	0.0411	0.7155	0.8485	0.9690	0.0000	0.0000	
0.4693	1.0845e+005	0.7395	0.8361	0.9688	0.8494	0.0412	0.7144	0.8479	0.9688	0.0000	0.0000	
0.4703	1.0824e+005	0.7385	0.8354	0.9685	0.8487	0.0414	0.7134	0.8473	0.9685	0.0000	0.0000	
0.4712	1.0804e+005	0.7376	0.8347	0.9683	0.8481	0.0416	0.7124	0.8467	0.9683	0.0000	0.0000	
0.4722	1.0784e+005	0.7366	0.8340	0.9681	0.8474	0.0418	0.7114	0.8460	0.9681	0.0000	0.0000	
0.4732	1.0763e+005	0.7357	0.8334	0.9679	0.8468	0.0420	0.7104	0.8454	0.9679	0.0000	0.0000	
0.4742	1.0743e+005	0.7347	0.8327	0.9676	0.8462	0.0422	0.7094	0.8449	0.9676	0.0000	0.0000	
0.4752	1.0722e+005	0.7338	0.8320	0.9674	0.8455	0.0424	0.7084	0.8442	0.9674	0.0000	0.0000	
0.4762	1.0702e+005	0.7328	0.8313	0.9671	0.8449	0.0426	0.7074	0.8436	0.9671	0.0000	0.0000	
0.4772	1.0682e+005	0.7319	0.8306	0.9669	0.8443	0.0428	0.7064	0.8430	0.9669	0.0000	0.0000	
0.4782	1.0661e+005	0.7309	0.8299	0.9666	0.8436	0.0430	0.7054	0.8424	0.9666	0.0000	0.0000	
0.4792	1.0641e+005	0.7299	0.8293	0.9664	0.8430	0.0431	0.7045	0.8418	0.9664	0.0000	0.0000	
0.4802	1.062e+005	0.7290	0.8286	0.9661	0.8423	0.0433	0.7035	0.8412	0.9661	0.0000	0.0000	
0.4812	1.06e+005 	0.7279	0.8279	0.9656	0.8417	0.0435	0.7026	0.8404	0.9656	0.0000	0.0000	
0.4822	1.058e+005	0.7269	0.8272	0.9653	0.8410	0.0437	0.7016	0.8398	0.9653	0.0000	0.0000	
0.4832	1.0559e+005	0.7260	0.8265	0.9650	0.8404	0.0439	0.7006	0.8391	0.9650	0.0000	0.0000	
0.4842	1.0539e+005	0.7250	0.8258	0.9647	0.8397	0.0441	0.6996	0.8385	0.9647	0.0000	0.0000	
0.4852	1.0518e+005	0.7241	0.8251	0.9644	0.8390	0.0443	0.6986	0.8379	0.9644	0.0000	0.0000	
0.4862	1.0498e+005	0.7231	0.8244	0.9640	0.8383	0.0445	0.6976	0.8372	0.9640	0.0000	0.0000	
0.4872	1.0478e+005	0.7221	0.8236	0.9638	0.8376	0.0447	0.6966	0.8365	0.9638	0.0000	0.0000	
0.4882	1.0457e+005	0.7211	0.8229	0.9635	0.8370	0.0449	0.6956	0.8359	0.9635	0.0000	0.0000	
0.4892	1.0437e+005	0.7201	0.8222	0.9632	0.8363	0.0451	0.6947	0.8353	0.9632	0.0000	0.0000	
0.4902	1.0416e+005	0.7191	0.8215	0.9629	0.8356	0.0453	0.6937	0.8347	0.9629	0.0000	0.0000	
0.4912	1.0396e+005	0.7181	0.8208	0.9627	0.8350	0.0456	0.6927	0.8340	0.9627	0.0000	0.0000	
0.4922	1.0376e+005	0.7171	0.8201	0.9624	0.8343	0.0458	0.6917	0.8334	0.9624	0.0000	0.0000	
0.4932	1.0355e+005	0.7161	0.8193	0.9621	0.8336	0.0460	0.6908	0.8328	0.9621	0.0000	0.0000	
0.4942	1.0335e+005	0.7151	0.8186	0.9618	0.8329	0.0462	0.6898	0.8321	0.9618	0.0000	0.0000	
0.4952	1.0314e+005	0.7141	0.8179	0.9616	0.8322	0.0464	0.6888	0.8315	0.9616	0.0000	0.0000	
0.4962	1.0294e+005	0.7130	0.8171	0.9612	0.8315	0.0466	0.6878	0.8308	0.9612	0.0000	0.0000	
0.4972	1.0274e+005	0.7120	0.8164	0.9609	0.8308	0.0468	0.6868	0.8302	0.9609	0.0000	0.0000	
0.4982	1.0253e+005	0.7110	0.8156	0.9606	0.8301	0.0470	0.6858	0.8295	0.9606	0.0000	0.0000	
0.4992	1.0233e+005	0.7100	0.8149	0.9603	0.8294	0.0472	0.6848	0.8289	0.9603	0.0000	0.0000	
0.5002	1.0212e+005	0.7090	0.8141	0.9601	0.8287	0.0474	0.6838	0.8282	0.9601	0.0000	0.0000	
0.5012	1.0192e+005	0.7079	0.8134	0.9598	0.8281	0.0476	0.6829	0.8276	0.9598	0.0000	0.0000	
0.5022	1.0172e+005	0.7069	0.8127	0.9595	0.8274	0.0479	0.6819	0.8270	0.9595	0.0000	0.0000	
0.5032	1.0151e+005	0.7058	0.8121	0.9594	0.8268	0.0480	0.6814	0.8265	0.9594	0.0000	0.0000	
0.5042	1.0131e+005	0.7046	0.8116	0.9594	0.8264	0.0482	0.6810	0.8261	0.9594	0.0000	0.0000	
0.5052	1.011e+005	0.7036	0.8110	0.9593	0.8258	0.0483	0.6804	0.8257	0.9593	0.0000	0.0000	
0.5062	1.009e+005	0.7025	0.8103	0.9591	0.8252	0.0485	0.6795	0.8251	0.9591	0.0000	0.0000	
0.5072	1.007e+005	0.7018	0.8100	0.9591	0.8249	0.0486	0.6793	0.8248	0.9591	0.0000	0.0000	
0.5082	1.0049e+005	0.7010	0.8097	0.9591	0.8246	0.0487	0.6791	0.8246	0.9591	0.0000	0.0000	
0.5092	1.0029e+005	0.7002	0.8093	0.9591	0.8243	0.0488	0.6789	0.8243	0.9591	0.0000	0.0000	
0.5102	1.0008e+005	0.6993	0.8090	0.9591	0.8240	0.0489	0.6787	0.8241	0.9591	0.0000	0.0000	
0.5112	99879     	0.6984	0.8086	0.9591	0.8237	0.0490	0.6785	0.8238	0.9591	0.0000	0.0000	
0.5122	99675     	0.6975	0.8083	0.9591	0.8233	0.0491	0.6783	0.8235	0.9591	0.0000	0.0000	
0.5132	99471     	0.6966	0.8079	0.9591	0.8230	0.0492	0.6781	0.8232	0.9591	0.0000	0.0000	
0.5142	99267     	0.6956	0.8075	0.9591	0.8227	0.0494	0.6779	0.8230	0.9591	0.0000	0.0000	
0.5152	99063     	0.6947	0.8071	0.9591	0.8223	0.0495	0.6777	0.8227	0.9591	0.0000	0.0000	
0.5162	98859     	0.6937	0.8067	0.9591	0.8219	0.0496	0.6774	0.8223	0.9591	0.0000	0.0000	
0.5172	98655     	0.6927	0.8063	0.9591	0.8216	0.0497	0.6772	0.8220	0.9591	0.0000	0.0000	
0.5182	98451     	0.6916	0.8058	0.9591	0.8212	0.0498	0.6769	0.8217	0.9591	0.0000	0.0000	
0.5192	98247     	0.6906	0.8054	0.9591	0.8208	0.0500	0.6766	0.8214	0.9591	0.0000	0.0000	
0.5202	98043     	0.6895	0.8050	0.9591	0.8204	0.0501	0.6764	0.8210	0.9591	0.0000	0.0000	
0.5212	97839     	0.6884	0.8045	0.9591	0.8200	0.0502	0.6761	0.8207	0.9591	0.0000	0.0000	
0.5222	97635     	0.6874	0.8040	0.9591	0.8196	0.0504	0.6758	0.8204	0.9591	0.0000	0.0000	
0.5232	97431     	0.6863	0.8036	0.9591	0.8191	0.0505	0.6755	0.8200	0.9591	0.0000	0.0000	
0.5242	97227     	0.6851	0.8031	0.9591	0.8187	0.0506	0.6752	0.8196	0.9591	0.0000	0.0000	
0.5252	97023     	0.6840	0.8026	0.9591	0.8183	0.0508	0.6749	0.8193	0.9591	0.0000	0.0000	
0.5262	96819     	0.6830	0.8020	0.9589	0.8177	0.0510	0.6744	0.8188	0.9589	0.0000	0.0000	
0.5272	96615     	0.6820	0.8014	0.9588	0.8171	0.0511	0.6736	0.8183	0.9588	0.0000	0.0000	
0.5282	96411     	0.6810	0.8007	0.9586	0.8165	0.0513	0.6729	0.8178	0.9586	0.0000	0.0000	
0.5292	96207     	0.6800	0.8001	0.9584	0.8159	0.0515	0.6722	0.8172	0.9584	0.0000	0.0000	
0.5302	96003     	0.6789	0.7995	0.9582	0.8153	0.0517	0.6715	0.8167	0.9582	0.0000	0.0000	
0.5312	95799     	0.6779	0.7988	0.9581	0.8147	0.0519	0.6707	0.8162	0.9581	0.0000	0.0000	
0.5322	95595     	0.6769	0.7982	0.9579	0.8141	0.0521	0.6700	0.8157	0.9579	0.0000	0.0000	
0.5331	95391     	0.6758	0.7975	0.9577	0.8135	0.0523	0.6692	0.8151	0.9577	0.0000	0.0000	
0.5341	95187     	0.6747	0.7968	0.9575	0.8129	0.0525	0.6685	0.8146	0.9575	0.0000	0.0000	
0.5351	94983     	0.6736	0.7963	0.9575	0.8124	0.0526	0.6681	0.8142	0.9575	0.0000	0.0000	
0.5361	94779     	0.6725	0.7957	0.9573	0.8119	0.0528	0.6674	0.8136	0.9573	0.0000	0.0000	
0.5371	94575     	0.6714	0.7950	0.9572	0.8113	0.0530	0.6667	0.8131	0.9572	0.0000	0.0000	
0.5381	94371     	0.6703	0.7944	0.9569	0.8106	0.0532	0.6660	0.8125	0.9569	0.0000	0.0000	
0.5391	94167     	0.6692	0.7937	0.9568	0.8100	0.0534	0.6652	0.8120	0.9568	0.0000	0.0000	
0.5401	93963     	0.6681	0.7931	0.9566	0.8094	0.0536	0.6645	0.8114	0.9566	0.0000	0.0000	
0.5411	93759     	0.6670	0.7924	0.9564	0.8088	0.0538	0.6638	0.8109	0.9564	0.0000	0.0000	
0.5421	93555     	0.6660	0.7917	0.9562	0.8082	0.0540	0.6630	0.8103	0.9562	0.0000	0.0000	
0.5431	93351     	0.6649	0.7911	0.9560	0.8076	0.0542	0.6623	0.8098	0.9560	0.0000	0.0000	
0.5441	93147     	0.6638	0.7904	0.9558	0.8070	0.0544	0.6616	0.8092	0.9558	0.0000	0.0000	
0.5451	92943     	0.6627	0.7897	0.9556	0.8063	0.0546	0.6608	0.8087	0.9556	0.0000	0.0000	
0.5461	92739     	0.6616	0.7891	0.9554	0.8057	0.0548	0.6600	0.8081	0.9554	0.0000	0.0000	
0.5471	92535     	0.6605	0.7884	0.9552	0.8051	0.0550	0.6593	0.8075	0.9552	0.0000	0.0000	
0.5481	92331     	0.6593	0.7877	0.9550	0.8044	0.0552	0.6585	0.8069	0.9550	0.0000	0.0000	
0.5491	92127     	0.6583	0.7870	0.9548	0.8038	0.0554	0.6577	0.8064	0.9548	0.0000	0.0000	
0.5501	91923     	0.6572	0.7864	0.9546	0.8032	0.0556	0.6570	0.8059	0.9546	0.0000	0.0000	
0.5511	91719     	0.6560	0.7857	0.9546	0.8026	0.0558	0.6560	0.8053	0.9546	0.0000	0.0000	
0.5521	91515     	0.6549	0.7850	0.9544	0.8019	0.0560	0.6549	0.8047	0.9544	0.0000	0.0000	
0.5531	91311     	0.6538	0.7843	0.9541	0.8013	0.0562	0.6538	0.8042	0.9541	0.0000	0.0000	
0.5541	91107     	0.6527	0.7836	0.9539	0.8006	0.0564	0.6527	0.8036	0.9539	0.0000	0.0000	
0.5551	90903     	0.6516	0.7829	0.9537	0.7999	0.0566	0.6516	0.8030	0.9537	0.0000	0.0000	
0.5561	90699     	0.6505	0.7821	0.9535	0.7993	0.0568	0.6505	0.8024	0.9535	0.0000	0.0000	
0.5571	90495     	0.6494	0.7814	0.9533	0.7986	0.0571	0.6494	0.8018	0.9533	0.0000	0.0000	
0.5581	90291     	0.6483	0.7807	0.9531	0.7979	0.0573	0.6483	0.8012	0.9531	0.0000	0.0000	
0.5591	90087     	0.6472	0.7800	0.9528	0.7973	0.0575	0.6472	0.8006	0.9528	0.0000	0.0000	
0.5601	89883     	0.6461	0.7792	0.9526	0.7966	0.0577	0.6461	0.7999	0.9526	0.0000	0.0000	
0.5611	89679     	0.6449	0.7785	0.9524	0.7959	0.0579	0.6449	0.7994	0.9524	0.0000	0.0000	
0.5621	89475     	0.6438	0.7778	0.9521	0.7952	0.0581	0.6438	0.7988	0.9521	0.0000	0.0000	
0.5631	89271     	0.6427	0.7771	0.9519	0.7945	0.0584	0.6427	0.7981	0.9519	0.0000	0.0000	
0.5641	89067     	0.6417	0.7763	0.9516	0.7938	0.0586	0.6417	0.7975	0.9516	0.0000	0.0000	
0.5651	88863     	0.6406	0.7756	0.9513	0.7931	0.0588	0.6406	0.7969	0.9513	0.0000	0.0000	
0.5661	88659     	0.6395	0.7748	0.9511	0.7925	0.0590	0.6395	0.7963	0.9511	0.0000	0.0000	
0.5671	88455     	0.6384	0.7741	0.9508	0.7918	0.0593	0.6384	0.7956	0.9508	0.0000	0.0000	
0.5681	88251     	0.6373	0.7733	0.9506	0.7911	0.0595	0.6373	0.7950	0.9506	0.0000	0.0000	
0.5691	88047     	0.6361	0.7726	0.9504	0.7904	0.0597	0.6361	0.7944	0.9504	0.0000	0.0000	
0.5701	87843     	0.6350	0.7718	0.9501	0.7897	0.0599	0.6350	0.7938	0.9501	0.0000	0.0000	
0.5711	87639     	0.6339	0.7711	0.9499	0.7890	0.0602	0.6339	0.7932	0.9499	0.0000	0.0000	
0.5721	87435     	0.6328	0.7704	0.9497	0.7883	0.0604	0.6328	0.7925	0.9497	0.0000	0.0000	
0.5731	87231     	0.6317	0.7696	0.9494	0.7876	0.0606	0.6317	0.7919	0.9494	0.0000	0.0000	
0.5741	87027     	0.6306	0.7688	0.9492	0.7869	0.0609	0.6306	0.7913	0.9492	0.0000	0.0000	
0.5751	86823     	0.6294	0.7681	0.9489	0.7862	0.0611	0.6294	0.7906	0.9489	0.0000	0.0000	
0.5761	86619     	0.6283	0.7673	0.9487	0.7855	0.0613	0.6283	0.7900	0.9487	0.0000	0.0000	
0.5771	86415     	0.6273	0.7666	0.9484	0.7847	0.0616	0.6273	0.7894	0.9484	0.0000	0.0000	
0.5781	86211     	0.6262	0.7658	0.9482	0.7840	0.0618	0.6262	0.7887	0.9482	0.0000	0.0000	
0.5791	86007     	0.6251	0.7650	0.9480	0.7833	0.0620	0.6251	0.7881	0.9480	0.0000	0.0000	
0.5801	85803     	0.6240	0.7642	0.9477	0.7826	0.0623	0.6240	0.7875	0.9477	0.0000	0.0000	
0.5811	85599     	0.6229	0.7634	0.9475	0.7818	0.0625	0.6229	0.7868	0.9475	0.0000	0.0000	
0.5821	85395     	0.6218	0.7627	0.9474	0.7812	0.0627	0.6218	0.7862	0.9474	0.0000	0.0000	
0.5831	85191     	0.6207	0.7619	0.9471	0.7804	0.0630	0.6207	0.7856	0.9471	0.0000	0.0000	
0.5841	84987     	0.6196	0.7611	0.9469	0.7797	0.0632	0.6196	0.7849	0.9469	0.0000	0.0000	
0.5851	84783     	0.6185	0.7604	0.9466	0.7790	0.0634	0.6185	0.7843	0.9466	0.0000	0.0000	
0.5861	84579     	0.6174	0.7596	0.9464	0.7782	0.0637	0.6174	0.7837	0.9464	0.0000	0.0000	
0.5871	84375     	0.6163	0.7588	0.9461	0.7775	0.0639	0.6163	0.7830	0.9461	0.0000	0.0000	
0.5881	84171     	0.6152	0.7580	0.9459	0.7768	0.0642	0.6152	0.7824	0.9459	0.0000	0.0000	
0.5891	83967     	0.6141	0.7572	0.9456	0.7761	0.0644	0.6141	0.7817	0.9456	0.0000	0.0000	
0.5901	83763     	0.6130	0.7564	0.9453	0.7753	0.0647	0.6130	0.7811	0.9453	0.0000	0.0000	
0.5911	83559     	0.6119	0.7557	0.9450	0.7746	0.0649	0.6119	0.7804	0.9450	0.0000	0.0000	
0.5921	83355     	0.6108	0.7549	0.9448	0.7739	0.0651	0.6108	0.7798	0.9448	0.0000	0.0000	
0.5931	83151     	0.6097	0.7541	0.9445	0.7731	0.0654	0.6097	0.7791	0.9445	0.0000	0.0000	
0.5941	82947     	0.6086	0.7533	0.9442	0.7724	0.0656	0.6086	0.7785	0.9442	0.0000	0.0000	
0.5951	82743     	0.6074	0.7525	0.9439	0.7716	0.0659	0.6074	0.7778	0.9439	0.0000	0.0000	
0.5960	82539     	0.6063	0.7517	0.9436	0.7709	0.0661	0.6063	0.7771	0.9436	0.0000	0.0000	
0.5970	82335     	0.6052	0.7509	0.9433	0.7701	0.0664	0.6052	0.7764	0.9433	0.0000	0.0000	
0.5980	82131     	0.6041	0.7501	0.9431	0.7694	0.0666	0.6041	0.7758	0.9431	0.0000	0.0000	
0.5990	81927     	0.6030	0.7493	0.9428	0.7687	0.0669	0.6030	0.7751	0.9428	0.0000	0.0000	
0.6000	81723     	0.6018	0.7485	0.9424	0.7679	0.0671	0.6018	0.7744	0.9424	0.0000	0.0000	
0.6010	81519     	0.6007	0.7477	0.9421	0.7671	0.0674	0.6007	0.7737	0.9421	0.0000	0.0000	
0.6020	81315     	0.5996	0.7469	0.9418	0.7664	0.0676	0.5996	0.7731	0.9418	0.0000	0.0000	
0.6030	81111     	0.5984	0.7461	0.9415	0.7656	0.0679	0.5984	0.7724	0.9415	0.0000	0.0000	
0.6040	80907     	0.5973	0.7453	0.9413	0.7649	0.0681	0.5973	0.7717	0.9413	0.0000	0.0000	
0.6050	80703     	0.5961	0.7445	0.9409	0.7641	0.0684	0.5961	0.7710	0.9409	0.0000	0.0000	
0.6060	80499     	0.5950	0.7437	0.9406	0.7634	0.0686	0.5950	0.7703	0.9406	0.0000	0.0000	
0.6070	80295     	0.5939	0.7428	0.9402	0.7626	0.0689	0.5939	0.7696	0.9402	0.0000	0.0000	
0.6080	80091     	0.5927	0.7420	0.9399	0.7618	0.0692	0.5927	0.7689	0.9399	0.0000	0.0000	
0.6090	79887     	0.5916	0.7412	0.9395	0.7610	0.0694	0.5916	0.7682	0.9395	0.0000	0.0000	
0.6100	79683     	0.5904	0.7404	0.9392	0.7602	0.0697	0.5904	0.7675	0.9392	0.0000	0.0000	
0.6110	79479     	0.5893	0.7395	0.9389	0.7595	0.0699	0.5893	0.7668	0.9389	0.0000	0.0000	
0.6120	79275     	0.5881	0.7387	0.9385	0.7587	0.0702	0.5881	0.7661	0.9385	0.0000	0.0000	
0.6130	79071     	0.5869	0.7379	0.9382	0.7579	0.0705	0.5869	0.7654	0.9382	0.0000	0.0000	
0.6140	78867     	0.5858	0.7371	0.9379	0.7572	0.0707	0.5858	0.7647	0.9379	0.0000	0.0000	
0.6150	78663     	0.5846	0.7362	0.9375	0.7563	0.0710	0.5846	0.7640	0.9375	0.0000	0.0000	
0.6160	78459     	0.5835	0.7354	0.9371	0.7555	0.0713	0.5835	0.7632	0.9371	0.0000	0.0000	
0.6170	78255     	0.5823	0.7346	0.9368	0.7548	0.0715	0.5823	0.7625	0.9368	0.0000	0.0000	
0.6180	78051     	0.5811	0.7337	0.9364	0.7540	0.0718	0.5811	0.7618	0.9364	0.0000	0.0000	
0.6190	77847     	0.5800	0.7329	0.9361	0.7532	0.0721	0.5800	0.7611	0.9361	0.0000	0.0000	
0.6200	77643     	0.5788	0.7321	0.9358	0.7524	0.0723	0.5788	0.7604	0.9358	0.0000	0.0000	
0.6210	77439     	0.5776	0.7312	0.9354	0.7516	0.0726	0.5776	0.7597	0.9354	0.0000	0.0000	
0.6220	77235     	0.5764	0.7303	0.9350	0.7508	0.0729	0.5764	0.7589	0.9350	0.0000	0.0000	
0.6230	77031     	0.5753	0.7295	0.9347	0.7500	0.0731	0.5753	0.7582	0.9347	0.0000	0.0000	
0.6240	76827     	0.5741	0.7286	0.9342	0.7492	0.0734	0.5741	0.7575	0.9342	0.0000	0.0000	
0.6250	76623     	0.5729	0.7278	0.9339	0.7484	0.0737	0.5729	0.7567	0.9339	0.0000	0.0000	
0.6260	76419     	0.5717	0.7269	0.9335	0.7476	0.0740	0.5717	0.7560	0.9335	0.0000	0.0000	
0.6270	76215     	0.5706	0.7261	0.9332	0.7468	0.0743	0.5706	0.7553	0.9332	0.0000	0.0000	
0.6280	76011     	0.5694	0.7252	0.9328	0.7459	0.0745	0.5694	0.7545	0.9328	0.0000	0.0000	
0.6290	75807     	0.5682	0.7243	0.9324	0.7451	0.0748	0.5682	0.7538	0.9324	0.0000	0.0000	
0.6300	75603     	0.5670	0.7234	0.9320	0.7443	0.0751	0.5670	0.7530	0.9320	0.0000	0.0000	
0.6310	75399     	0.5659	0.7225	0.9316	0.7435	0.0754	0.5659	0.7523	0.9316	0.0000	0.0000	
0.6320	75195     	0.5646	0.7217	0.9312	0.7426	0.0757	0.5646	0.7515	0.9312	0.0000	0.0000	
0.6330	74991     	0.5634	0.7208	0.9309	0.7418	0.0760	0.5634	0.7508	0.9309	0.0000	0.0000	
0.6340	74787     	0.5623	0.7199	0.9305	0.7410	0.0762	0.5623	0.7500	0.9305	0.0000	0.0000	
0.6350	74583     	0.5610	0.7190	0.9301	0.7401	0.0765	0.5610	0.7493	0.9301	0.0000	0.0000	
0.6360	74379     	0.5598	0.7181	0.9298	0.7393	0.0768	0.5598	0.7485	0.9298	0.0000	0.0000	
0.6370	74175     	0.5587	0.7172	0.9293	0.7384	0.0771	0.5587	0.7478	0.9293	0.0000	0.0000	
0.6380	73971     	0.5574	0.7163	0.9289	0.7376	0.0774	0.5574	0.7470	0.9289	0.0000	0.0000	
0.6390	73767     	0.5562	0.7154	0.9285	0.7367	0.0777	0.5562	0.7462	0.9285	0.0000	0.0000	
0.6400	73563     	0.5550	0.7145	0.9282	0.7359	0.0780	0.5550	0.7454	0.9282	0.0000	0.0000	
0.6410	73359     	0.5538	0.7136	0.9277	0.7350	0.0783	0.5538	0.7446	0.9277	0.0000	0.0000	
0.6420	73155     	0.5526	0.7126	0.9273	0.7341	0.0786	0.5526	0.7438	0.9273	0.0000	0.0000	
0.6430	72951     	0.5514	0.7117	0.9269	0.7332	0.0789	0.5514	0.7430	0.9269	0.0000	0.0000	
0.6440	72747     	0.5502	0.7108	0.9264	0.7323	0.0792	0.5502	0.7422	0.9264	0.0000	0.0000	
0.6450	72543     	0.5490	0.7098	0.9260	0.7314	0.0796	0.5490	0.7414	0.9260	0.0000	0.0000	
0.6460	72339     	0.5478	0.7088	0.9255	0.7305	0.0799	0.5478	0.7406	0.9255	0.0000	0.0000	
0.6470	72135     	0.5465	0.7079	0.9250	0.7296	0.0802	0.5465	0.7397	0.9250	0.0000	0.0000	
0.6480	71931     	0.5453	0.7069	0.9245	0.7287	0.0805	0.5453	0.7389	0.9245	0.0000	0.0000	
0.6490	71727     	0.5441	0.7059	0.9240	0.7277	0.0808	0.5441	0.7380	0.9240	0.0000	0.0000	
0.6500	71523     	0.5429	0.7050	0.9236	0.7268	0.0811	0.5429	0.7372	0.9236	0.0000	0.0000	
0.6510	71319     	0.5417	0.7040	0.9232	0.7260	0.0815	0.5417	0.7364	0.9232	0.0000	0.0000	
0.6520	71115     	0.5405	0.7031	0.9228	0.7250	0.0818	0.5405	0.7356	0.9228	0.0000	0.0000	
0.6530	70911     	0.5393	0.7021	0.9223	0.7241	0.0821	0.5393	0.7348	0.9223	0.0000	0.0000	
0.6540	70707     	0.5381	0.7012	0.9218	0.7232	0.0824	0.5381	0.7340	0.9218	0.0000	0.0000	
0.6550	70503     	0.5369	0.7002	0.9214	0.7223	0.0827	0.5369	0.7332	0.9214	0.0000	0.0000	
0.6560	70299     	0.5357	0.6992	0.9209	0.7214	0.0831	0.5357	0.7323	0.9209	0.0000	0.0000	
0.6570	70095     	0.5345	0.6982	0.9205	0.7205	0.0834	0.5345	0.7315	0.9205	0.0000	0.0000	
0.6579	69891     	0.5332	0.6973	0.9200	0.7196	0.0837	0.5332	0.7307	0.9200	0.0000	0.0000	
0.6589	69687     	0.5320	0.6963	0.9196	0.7186	0.0840	0.5320	0.7299	0.9196	0.0000	0.0000	
0.6599	69483     	0.5307	0.6953	0.9193	0.7177	0.0844	0.5307	0.7291	0.9193	0.0000	0.0000	
0.6609	69279     	0.5295	0.6943	0.9188	0.7168	0.0847	0.5295	0.7282	0.9188	0.0000	0.0000	
0.6619	69075     	0.5283	0.6934	0.9183	0.7159	0.0850	0.5283	0.7274	0.9183	0.0000	0.0000	
0.6629	68871     	0.5270	0.6924	0.9179	0.7149	0.0854	0.5270	0.7266	0.9179	0.0000	0.0000	
0.6639	68667     	0.5256	0.6915	0.9178	0.7142	0.0857	0.5256	0.7260	0.9178	0.0000	0.0000	
0.6649	68463     	0.5244	0.6905	0.9174	0.7132	0.0860	0.5244	0.7251	0.9174	0.0000	0.0000	
0.6659	68259     	0.5231	0.6895	0.9169	0.7123	0.0863	0.5231	0.7243	0.9169	0.0000	0.0000	
0.6669	68055     	0.5219	0.6885	0.9165	0.7113	0.0867	0.5219	0.7234	0.9165	0.0000	0.0000	
0.6679	67851     	0.5206	0.6875	0.9160	0.7104	0.0870	0.5206	0.7226	0.9160	0.0000	0.0000	
0.6689	67647     	0.5193	0.6865	0.9155	0.7094	0.0874	0.5193	0.7217	0.9155	0.0000	0.0000	
0.6699	67443     	0.5181	0.6855	0.9151	0.7084	0.0877	0.5181	0.7209	0.9151	0.0000	0.0000	
0.6709	67239     	0.5168	0.6845	0.9147	0.7075	0.0880	0.5168	0.7200	0.9147	0.0000	0.0000	
0.6719	67035     	0.5156	0.6835	0.9142	0.7066	0.0884	0.5156	0.7192	0.9142	0.0000	0.0000	
0.6729	66831     	0.5143	0.6825	0.9138	0.7056	0.0887	0.5143	0.7183	0.9138	0.0000	0.0000	
0.6739	66627     	0.5131	0.6814	0.9132	0.7046	0.0891	0.5131	0.7174	0.9132	0.0000	0.0000	
0.6749	66423     	0.5118	0.6804	0.9127	0.7036	0.0894	0.5118	0.7166	0.9127	0.0000	0.0000	
0.6759	66219     	0.5105	0.6794	0.9123	0.7027	0.0898	0.5105	0.7157	0.9123	0.0000	0.0000	
0.6769	66015     	0.5093	0.6783	0.9118	0.7017	0.0901	0.5093	0.7148	0.9118	0.0000	0.0000	
0.6779	65811     	0.5081	0.6773	0.9112	0.7007	0.0905	0.5081	0.7140	0.9112	0.0000	0.0000	
0.6789	65607     	0.5068	0.6763	0.9109	0.6998	0.0908	0.5068	0.7132	0.9109	0.0000	0.0000	
0.6799	65403     	0.5055	0.6753	0.9104	0.6988	0.0912	0.5055	0.7123	0.9104	0.0000	0.0000	
0.6809	65199     	0.5043	0.6743	0.9100	0.6979	0.0915	0.5043	0.7115	0.9100	0.0000	0.0000	
0.6819	64995     	0.5030	0.6733	0.9096	0.6969	0.0919	0.5030	0.7106	0.9096	0.0000	0.0000	
0.6829	64791     	0.5018	0.6723	0.9091	0.6959	0.0922	0.5018	0.7098	0.9091	0.0000	0.0000	
0.6839	64587     	0.5006	0.6713	0.9087	0.6950	0.0926	0.5006	0.7090	0.9087	0.0000	0.0000	
0.6849	64383     	0.4994	0.6702	0.9083	0.6940	0.0929	0.4994	0.7082	0.9083	0.0000	0.0000	
0.6859	64179     	0.4981	0.6692	0.9079	0.6931	0.0933	0.4981	0.7073	0.9079	0.0000	0.0000	
0.6869	63975     	0.4968	0.6682	0.9074	0.6921	0.0937	0.4968	0.7065	0.9074	0.0000	0.0000	
0.6879	63771     	0.4956	0.6671	0.9071	0.6911	0.0940	0.4956	0.7056	0.9071	0.0000	0.0000	
0.6889	63567     	0.4943	0.6661	0.9066	0.6901	0.0944	0.4943	0.7047	0.9066	0.0000	0.0000	
0.6899	63363     	0.4930	0.6650	0.9060	0.6891	0.0948	0.4930	0.7038	0.9060	0.0000	0.0000	
0.6909	63159     	0.4917	0.6639	0.9053	0.6881	0.0952	0.4917	0.7029	0.9053	0.0000	0.0000	
0.6919	62955     	0.4905	0.6629	0.9049	0.6871	0.0955	0.4905	0.7020	0.9049	0.0000	0.0000	
0.6929	62751     	0.4892	0.6619	0.9045	0.6861	0.0959	0.4892	0.7012	0.9045	0.0000	0.0000	
0.6939	62547     	0.4879	0.6608	0.9041	0.6851	0.0963	0.4879	0.7003	0.9041	0.0000	0.0000	
0.6949	62343     	0.4866	0.6597	0.9037	0.6841	0.0966	0.4866	0.6995	0.9037	0.0000	0.0000	
0.6959	62139     	0.4853	0.6587	0.9033	0.6832	0.0970	0.4853	0.6986	0.9033	0.0000	0.0000	
0.6969	61935     	0.4840	0.6576	0.9028	0.6822	0.0974	0.4840	0.6978	0.9028	0.0000	0.0000	
0.6979	61731     	0.4827	0.6566	0.9024	0.6812	0.0978	0.4827	0.6969	0.9024	0.0000	0.0000	
0.6989	61527     	0.4814	0.6555	0.9020	0.6801	0.0981	0.4814	0.6960	0.9020	0.0000	0.0000	
0.6999	61323     	0.4801	0.6544	0.9015	0.6792	0.0985	0.4801	0.6951	0.9015	0.0000	0.0000	
0.7009	61119     	0.4787	0.6534	0.9011	0.6782	0.0989	0.4787	0.6943	0.9011	0.0000	0.0000	
0.7019	60915     	0.4774	0.6523	0.9006	0.6771	0.0993	0.4774	0.6934	0.9006	0.0000	0.0000	
0.7029	60711     	0.4761	0.6512	0.9002	0.6761	0.0997	0.4761	0.6925	0.9002	0.0000	0.0000	
0.7039	60507     	0.4748	0.6501	0.8997	0.6751	0.1001	0.4748	0.6916	0.8997	0.0000	0.0000	
0.7049	60303     	0.4734	0.6490	0.8993	0.6741	0.1005	0.4734	0.6907	0.8993	0.0000	0.0000	
0.7059	60099     	0.4721	0.6479	0.8988	0.6730	0.1009	0.4721	0.6898	0.8988	0.0000	0.0000	
0.7069	59895     	0.4708	0.6468	0.8983	0.6720	0.1012	0.4708	0.6889	0.8983	0.0000	0.0000	
0.7079	59691     	0.4695	0.6457	0.8978	0.6709	0.1016	0.4695	0.6880	0.8978	0.0000	0.0000	
0.7089	59487     	0.4681	0.6446	0.8973	0.6699	0.1020	0.4681	0.6871	0.8973	0.0000	0.0000	
0.7099	59283     	0.4668	0.6435	0.8968	0.6689	0.1024	0.4668	0.6861	0.8968	0.0000	0.0000	
0.7109	59079     	0.4654	0.6424	0.8964	0.6678	0.1028	0.4654	0.6853	0.8964	0.0000	0.0000	
0.7119	58875     	0.4641	0.6413	0.8958	0.6667	0.1033	0.4641	0.6843	0.8958	0.0000	0.0000	
0.7129	58671     	0.4628	0.6402	0.8952	0.6657	0.1037	0.4628	0.6833	0.8952	0.0000	0.0000	
0.7139	58467     	0.4614	0.6390	0.8946	0.6646	0.1041	0.4614	0.6824	0.8946	0.0000	0.0000	
0.7149	58263     	0.4601	0.6379	0.8940	0.6635	0.1045	0.4601	0.6814	0.8940	0.0000	0.0000	
0.7159	58059     	0.4587	0.6368	0.8934	0.6624	0.1049	0.4587	0.6805	0.8934	0.0000	0.0000	
0.7169	57855     	0.4573	0.6356	0.8929	0.6614	0.1053	0.4573	0.6795	0.8929	0.0000	0.0000	
0.7179	57651     	0.4560	0.6345	0.8924	0.6603	0.1057	0.4560	0.6786	0.8924	0.0000	0.0000	
0.7189	57447     	0.4546	0.6334	0.8920	0.6592	0.1062	0.4546	0.6777	0.8920	0.0000	0.0000	
0.7198	57243     	0.4532	0.6322	0.8914	0.6582	0.1066	0.4532	0.6767	0.8914	0.0000	0.0000	
0.7208	57039     	0.4518	0.6311	0.8908	0.6571	0.1070	0.4518	0.6757	0.8908	0.0000	0.0000	
0.7218	56835     	0.4504	0.6300	0.8903	0.6560	0.1074	0.4504	0.6748	0.8903	0.0000	0.0000	
0.7228	56631     	0.4490	0.6288	0.8898	0.6549	0.1079	0.4490	0.6739	0.8898	0.0000	0.0000	
0.7238	56427     	0.4476	0.6277	0.8893	0.6539	0.1083	0.4476	0.6729	0.8893	0.0000	0.0000	
0.7248	56223     	0.4462	0.6265	0.8887	0.6528	0.1087	0.4462	0.6720	0.8887	0.0000	0.0000	
0.7258	56019     	0.4448	0.6254	0.8880	0.6516	0.1091	0.4448	0.6710	0.8880	0.0000	0.0000	
0.7268	55815     	0.4434	0.6242	0.8874	0.6505	0.1096	0.4434	0.6700	0.8874	0.0000	0.0000	
0.7278	55611     	0.4420	0.6230	0.8867	0.6494	0.1100	0.4420	0.6689	0.8867	0.0000	0.0000	
0.7288	55407     	0.4406	0.6218	0.8861	0.6482	0.1105	0.4406	0.6679	0.8861	0.0000	0.0000	
0.7298	55203     	0.4393	0.6206	0.8855	0.6471	0.1109	0.4393	0.6669	0.8855	0.0000	0.0000	
0.7308	54999     	0.4379	0.6194	0.8849	0.6459	0.1114	0.4379	0.6659	0.8849	0.0000	0.0000	
0.7318	54795     	0.4365	0.6181	0.8840	0.6447	0.1119	0.4365	0.6648	0.8840	0.0000	0.0000	
0.7328	54591     	0.4351	0.6169	0.8833	0.6435	0.1123	0.4351	0.6637	0.8833	0.0000	0.0000	
0.7338	54387     	0.4338	0.6155	0.8823	0.6422	0.1128	0.4338	0.6625	0.8823	0.0000	0.0000	
0.7348	54183     	0.4324	0.6142	0.8814	0.6410	0.1133	0.4324	0.6614	0.8814	0.0000	0.0000	
0.7358	53979     	0.4310	0.6130	0.8807	0.6397	0.1138	0.4310	0.6603	0.8807	0.0000	0.0000	
0.7368	53775     	0.4296	0.6117	0.8800	0.6385	0.1143	0.4296	0.6592	0.8800	0.0000	0.0000	
0.7378	53571     	0.4282	0.6104	0.8791	0.6373	0.1148	0.4282	0.6581	0.8791	0.0000	0.0000	
0.7388	53367     	0.4268	0.6091	0.8782	0.6360	0.1153	0.4268	0.6569	0.8782	0.0000	0.0000	
0.7398	53163     	0.4254	0.6078	0.8775	0.6348	0.1158	0.4254	0.6558	0.8775	0.0000	0.0000	
0.7408	52959     	0.4240	0.6065	0.8765	0.6335	0.1163	0.4240	0.6546	0.8765	0.0000	0.0000	
0.7418	52755     	0.4226	0.6052	0.8757	0.6322	0.1168	0.4226	0.6535	0.8757	0.0000	0.0000	
0.7428	52551     	0.4212	0.6039	0.8748	0.6310	0.1173	0.4212	0.6523	0.8748	0.0000	0.0000	
0.7438	52347     	0.4198	0.6025	0.8738	0.6297	0.1178	0.4198	0.6511	0.8738	0.0000	0.0000	
0.7448	52143     	0.4184	0.6012	0.8729	0.6283	0.1183	0.4184	0.6499	0.8729	0.0000	0.0000	
0.7458	51939     	0.4170	0.5999	0.8721	0.6271	0.1188	0.4170	0.6488	0.8721	0.0000	0.0000	
0.7468	51735     	0.4156	0.5985	0.8712	0.6258	0.1193	0.4156	0.6476	0.8712	0.0000	0.0000	
0.7478	51531     	0.4142	0.5972	0.8702	0.6245	0.1198	0.4142	0.6464	0.8702	0.0000	0.0000	
0.7488	51327     	0.4128	0.5958	0.8692	0.6232	0.1204	0.4128	0.6452	0.8692	0.0000	0.0000	
0.7498	51123     	0.4114	0.5945	0.8682	0.6218	0.1209	0.4114	0.6440	0.8682	0.0000	0.0000	
0.7508	50919     	0.4100	0.5931	0.8672	0.6205	0.1214	0.4100	0.6427	0.8672	0.0000	0.0000	
0.7518	50715     	0.4086	0.5917	0.8663	0.6192	0.1219	0.4086	0.6415	0.8663	0.0000	0.0000	
0.7528	50511     	0.4071	0.5902	0.8652	0.6177	0.1225	0.4071	0.6402	0.8652	0.0000	0.0000	
0.7538	50307     	0.4054	0.5886	0.8642	0.6162	0.1232	0.4054	0.6388	0.8642	0.0000	0.0000	
0.7548	50103     	0.4040	0.5871	0.8626	0.6146	0.1238	0.4040	0.6372	0.8626	0.0000	0.0000	
0.7558	49899     	0.4026	0.5857	0.8616	0.6133	0.1243	0.4026	0.6360	0.8616	0.0000	0.0000	
0.7568	49695     	0.4011	0.5842	0.8606	0.6119	0.1249	0.4011	0.6347	0.8606	0.0000	0.0000	
0.7578	49491     	0.3996	0.5828	0.8596	0.6105	0.1254	0.3996	0.6334	0.8596	0.0000	0.0000	
0.7588	49287     	0.3982	0.5814	0.8585	0.6091	0.1260	0.3982	0.6322	0.8585	0.0000	0.0000	
0.7598	49083     	0.3968	0.5800	0.8575	0.6078	0.1265	0.3968	0.6309	0.8575	0.0000	0.0000	
0.7608	48879     	0.3953	0.5785	0.8562	0.6063	0.1271	0.3953	0.6295	0.8562	0.0000	0.0000	
0.7618	48675     	0.3939	0.5771	0.8551	0.6049	0.1277	0.3939	0.6282	0.8551	0.0000	0.0000	
0.7628	48471     	0.3924	0.5756	0.8538	0.6034	0.1283	0.3924	0.6268	0.8538	0.0000	0.0000	
0.7638	48267     	0.3910	0.5741	0.8526	0.6020	0.1289	0.3910	0.6254	0.8526	0.0000	0.0000	
0.7648	48063     	0.3895	0.5727	0.8515	0.6006	0.1294	0.3895	0.6242	0.8515	0.0000	0.0000	
0.7658	47859     	0.3880	0.5712	0.8502	0.5991	0.1300	0.3880	0.6228	0.8502	0.0000	0.0000	
0.7668	47655     	0.3865	0.5697	0.8490	0.5977	0.1306	0.3865	0.6214	0.8490	0.0000	0.0000	
0.7678	47451     	0.3850	0.5682	0.8476	0.5961	0.1312	0.3850	0.6200	0.8476	0.0000	0.0000	
0.7688	47247     	0.3835	0.5667	0.8463	0.5946	0.1318	0.3835	0.6185	0.8463	0.0000	0.0000	
0.7698	47043     	0.3819	0.5652	0.8451	0.5931	0.1325	0.3819	0.6171	0.8451	0.0000	0.0000	
0.7708	46839     	0.3805	0.5636	0.8437	0.5916	0.1331	0.3805	0.6157	0.8437	0.0000	0.0000	
0.7718	46635     	0.3790	0.5621	0.8423	0.5901	0.1337	0.3790	0.6142	0.8423	0.0000	0.0000	
0.7728	46431     	0.3774	0.5606	0.8411	0.5886	0.1343	0.3774	0.6128	0.8411	0.0000	0.0000	
0.7738	46227     	0.3759	0.5590	0.8398	0.5871	0.1349	0.3759	0.6114	0.8398	0.0000	0.0000	
0.7748	46023     	0.3741	0.5577	0.8394	0.5859	0.1355	0.3741	0.6104	0.8394	0.0000	0.0000	
0.7758	45819     	0.3724	0.5563	0.8386	0.5846	0.1361	0.3724	0.6092	0.8386	0.0000	0.0000	
0.7768	45615     	0.3709	0.5548	0.8371	0.5830	0.1367	0.3709	0.6077	0.8371	0.0000	0.0000	
0.7778	45411     	0.3693	0.5531	0.8356	0.5814	0.1374	0.3693	0.6062	0.8356	0.0000	0.0000	
0.7788	45207     	0.3677	0.5516	0.8343	0.5798	0.1380	0.3677	0.6047	0.8343	0.0000	0.0000	
0.7798	45003     	0.3661	0.5500	0.8330	0.5783	0.1387	0.3661	0.6033	0.8330	0.0000	0.0000	
0.7808	44799     	0.3645	0.5485	0.8317	0.5768	0.1393	0.3645	0.6018	0.8317	0.0000	0.0000	
0.7817	44595     	0.3629	0.5469	0.8304	0.5752	0.1400	0.3629	0.6004	0.8304	0.0000	0.0000	
0.7827	44391     	0.3614	0.5453	0.8291	0.5737	0.1406	0.3614	0.5990	0.8291	0.0000	0.0000	
0.7837	44187     	0.3598	0.5438	0.8278	0.5722	0.1413	0.3598	0.5975	0.8278	0.0000	0.0000	
0.7847	43983     	0.3582	0.5422	0.8265	0.5706	0.1419	0.3582	0.5961	0.8265	0.0000	0.0000	
0.7857	43779     	0.3567	0.5406	0.8251	0.5691	0.1426	0.3567	0.5946	0.8251	0.0000	0.0000	
0.7867	43575     	0.3551	0.5391	0.8237	0.5676	0.1432	0.3551	0.5932	0.8237	0.0000	0.0000	
0.7877	43371     	0.3536	0.5375	0.8222	0.5660	0.1439	0.3536	0.5917	0.8222	0.0000	0.0000	
0.7887	43167     	0.3520	0.5359	0.8208	0.5644	0.1446	0.3520	0.5902	0.8208	0.0000	0.0000	
0.7897	42963     	0.3504	0.5343	0.8194	0.5628	0.1452	0.3504	0.5887	0.8194	0.0000	0.0000	
0.7907	42759     	0.3488	0.5328	0.8181	0.5613	0.1459	0.3488	0.5872	0.8181	0.0000	0.0000	
0.7917	42555     	0.3473	0.5312	0.8166	0.5597	0.1466	0.3473	0.5857	0.8166	0.0000	0.0000	
0.7927	42351     	0.3455	0.5298	0.8164	0.5584	0.1472	0.3455	0.5848	0.8164	0.0000	0.0000	
0.7937	42147     	0.3439	0.5283	0.8157	0.5570	0.1479	0.3439	0.5836	0.8157	0.0000	0.0000	
0.7947	41943     	0.3424	0.5266	0.8135	0.5553	0.1486	0.3424	0.5818	0.8135	0.0000	0.0000	
0.7957	41739     	0.3409	0.5248	0.8116	0.5535	0.1493	0.3409	0.5800	0.8116	0.0000	0.0000	
0.7967	41535     	0.3393	0.5232	0.8103	0.5519	0.1500	0.3393	0.5785	0.8103	0.0000	0.0000	
0.7977	41331     	0.3377	0.5216	0.8089	0.5504	0.1507	0.3377	0.5771	0.8089	0.0000	0.0000	
0.7987	41127     	0.3361	0.5199	0.8073	0.5487	0.1514	0.3361	0.5755	0.8073	0.0000	0.0000	
0.7997	40923     	0.3345	0.5183	0.8059	0.5471	0.1521	0.3345	0.5739	0.8059	0.0000	0.0000	
0.8007	40719     	0.3329	0.5166	0.8043	0.5454	0.1529	0.3329	0.5724	0.8043	0.0000	0.0000	
0.8017	40515     	0.3313	0.5149	0.8026	0.5437	0.1536	0.3313	0.5707	0.8026	0.0000	0.0000	
0.8027	40311     	0.3297	0.5133	0.8012	0.5421	0.1543	0.3297	0.5692	0.8012	0.0000	0.0000	
0.8037	40107     	0.3280	0.5116	0.7995	0.5404	0.1551	0.3280	0.5676	0.7995	0.0000	0.0000	
0.8047	39903     	0.3264	0.5099	0.7979	0.5387	0.1558	0.3264	0.5660	0.7979	0.0000	0.0000	
0.8057	39699     	0.3249	0.5082	0.7964	0.5371	0.1565	0.3249	0.5644	0.7964	0.0000	0.0000	
0.8067	39495     	0.3231	0.5067	0.7958	0.5356	0.1572	0.3231	0.5632	0.7958	0.0000	0.0000	
0.8077	39291     	0.3212	0.5053	0.7956	0.5343	0.1579	0.3212	0.5622	0.7956	0.0000	0.0000	
0.8087	39087     	0.3194	0.5039	0.7955	0.5330	0.1586	0.3194	0.5613	0.7955	0.0000	0.0000	
0.8097	38883     	0.3175	0.5024	0.7954	0.5317	0.1593	0.3175	0.5604	0.7954	0.0000	0.0000	
0.8107	38679     	0.3157	0.5008	0.7943	0.5301	0.1601	0.3157	0.5590	0.7943	0.0000	0.0000	
0.8117	38475     	0.3141	0.4991	0.7925	0.5284	0.1608	0.3141	0.5573	0.7925	0.0000	0.0000	
0.8127	38271     	0.3125	0.4973	0.7907	0.5267	0.1616	0.3125	0.5556	0.7907	0.0000	0.0000	
0.8137	38067     	0.3110	0.4956	0.7888	0.5249	0.1624	0.3110	0.5539	0.7888	0.0000	0.0000	
0.8147	37863     	0.3094	0.4938	0.7868	0.5231	0.1632	0.3094	0.5521	0.7868	0.0000	0.0000	
0.8157	37659     	0.3078	0.4920	0.7852	0.5214	0.1640	0.3078	0.5505	0.7852	0.0000	0.0000	
0.8167	37455     	0.3063	0.4903	0.7834	0.5196	0.1648	0.3063	0.5488	0.7834	0.0000	0.0000	
0.8177	37251     	0.3047	0.4886	0.7818	0.5179	0.1656	0.3047	0.5471	0.7818	0.0000	0.0000	
0.8187	37047     	0.3031	0.4868	0.7800	0.5162	0.1664	0.3031	0.5455	0.7800	0.0000	0.0000	
0.8197	36843     	0.3015	0.4851	0.7783	0.5144	0.1672	0.3015	0.5438	0.7783	0.0000	0.0000	
0.8207	36639     	0.2999	0.4833	0.7765	0.5126	0.1680	0.2999	0.5421	0.7765	0.0000	0.0000	
0.8217	36435     	0.2982	0.4816	0.7749	0.5109	0.1688	0.2982	0.5404	0.7749	0.0000	0.0000	
0.8227	36231     	0.2966	0.4798	0.7732	0.5092	0.1696	0.2966	0.5388	0.7732	0.0000	0.0000	
0.8237	36027     	0.2950	0.4781	0.7717	0.5075	0.1704	0.2950	0.5372	0.7717	0.0000	0.0000	
0.8247	35823     	0.2934	0.4764	0.7700	0.5057	0.1712	0.2934	0.5355	0.7700	0.0000	0.0000	
0.8257	35619     	0.2918	0.4746	0.7683	0.5040	0.1720	0.2918	0.5339	0.7683	0.0000	0.0000	
0.8267	35415     	0.2902	0.4729	0.7666	0.5023	0.1728	0.2902	0.5322	0.7666	0.0000	0.0000	
0.8277	35211     	0.2886	0.4712	0.7650	0.5006	0.1737	0.2886	0.5306	0.7650	0.0000	0.0000	
0.8287	35007     	0.2869	0.4694	0.7633	0.4988	0.1745	0.2869	0.5290	0.7633	0.0000	0.0000	
0.8297	34803     	0.2853	0.4676	0.7615	0.4970	0.1753	0.2853	0.5272	0.7615	0.0000	0.0000	
0.8307	34599     	0.2837	0.4659	0.7598	0.4953	0.1762	0.2837	0.5256	0.7598	0.0000	0.0000	
0.8317	34395     	0.2821	0.4641	0.7581	0.4935	0.1770	0.2821	0.5239	0.7581	0.0000	0.0000	
0.8327	34191     	0.2805	0.4623	0.7563	0.4917	0.1779	0.2805	0.5222	0.7563	0.0000	0.0000	
0.8337	33987     	0.2788	0.4605	0.7546	0.4900	0.1787	0.2788	0.5205	0.7546	0.0000	0.0000	
0.8347	33783     	0.2772	0.4587	0.7528	0.4881	0.1796	0.2772	0.5188	0.7528	0.0000	0.0000	
0.8357	33579     	0.2755	0.4569	0.7510	0.4863	0.1805	0.2755	0.5171	0.7510	0.0000	0.0000	
0.8367	33375     	0.2739	0.4552	0.7493	0.4846	0.1813	0.2739	0.5154	0.7493	0.0000	0.0000	
0.8377	33171     	0.2722	0.4534	0.7476	0.4828	0.1822	0.2722	0.5137	0.7476	0.0000	0.0000	
0.8387	32967     	0.2706	0.4515	0.7457	0.4810	0.1831	0.2706	0.5119	0.7457	0.0000	0.0000	
0.8397	32763     	0.2690	0.4497	0.7439	0.4791	0.1840	0.2690	0.5102	0.7439	0.0000	0.0000	
0.8407	32559     	0.2673	0.4478	0.7418	0.4772	0.1849	0.2673	0.5083	0.7418	0.0000	0.0000	
0.8417	32355     	0.2657	0.4460	0.7399	0.4754	0.1858	0.2657	0.5065	0.7399	0.0000	0.0000	
0.8427	32151     	0.2641	0.4441	0.7380	0.4735	0.1868	0.2641	0.5047	0.7380	0.0000	0.0000	
0.8436	31947     	0.2624	0.4423	0.7361	0.4717	0.1877	0.2624	0.5029	0.7361	0.0000	0.0000	
0.8446	31743     	0.2607	0.4405	0.7343	0.4698	0.1886	0.2607	0.5012	0.7343	0.0000	0.0000	
0.8456	31539     	0.2591	0.4386	0.7324	0.4680	0.1895	0.2591	0.4994	0.7324	0.0000	0.0000	
0.8466	31335     	0.2575	0.4367	0.7304	0.4661	0.1905	0.2575	0.4976	0.7304	0.0000	0.0000	
0.8476	31131     	0.2558	0.4349	0.7284	0.4642	0.1914	0.2558	0.4958	0.7284	0.0000	0.0000	
0.8486	30927     	0.2541	0.4330	0.7266	0.4624	0.1924	0.2541	0.4940	0.7266	0.0000	0.0000	
0.8496	30723     	0.2525	0.4311	0.7246	0.4604	0.1933	0.2525	0.4922	0.7246	0.0000	0.0000	
0.8506	30519     	0.2508	0.4291	0.7224	0.4585	0.1943	0.2508	0.4902	0.7224	0.0000	0.0000	
0.8516	30315     	0.2492	0.4272	0.7201	0.4565	0.1953	0.2492	0.4883	0.7201	0.0000	0.0000	
0.8526	30111     	0.2472	0.4251	0.7184	0.4545	0.1964	0.2472	0.4865	0.7184	0.0000	0.0000	
0.8536	29907     	0.2456	0.4230	0.7154	0.4522	0.1974	0.2456	0.4842	0.7154	0.0000	0.0000	
0.8546	29703     	0.2440	0.4210	0.7132	0.4502	0.1985	0.2440	0.4822	0.7132	0.0000	0.0000	
0.8556	29499     	0.2423	0.4191	0.7111	0.4483	0.1995	0.2423	0.4803	0.7111	0.0000	0.0000	
0.8566	29295     	0.2406	0.4171	0.7089	0.4463	0.2005	0.2406	0.4784	0.7089	0.0000	0.0000	
0.8576	29091     	0.2389	0.4152	0.7067	0.4443	0.2015	0.2389	0.4765	0.7067	0.0000	0.0000	
0.8586	28887     	0.2373	0.4132	0.7045	0.4424	0.2025	0.2373	0.4745	0.7045	0.0000	0.0000	
0.8596	28683     	0.2356	0.4113	0.7025	0.4404	0.2035	0.2356	0.4727	0.7025	0.0000	0.0000	
0.8606	28479     	0.2339	0.4094	0.7004	0.4385	0.2046	0.2339	0.4708	0.7004	0.0000	0.0000	
0.8616	28275     	0.2323	0.4074	0.6982	0.4365	0.2056	0.2323	0.4688	0.6982	0.0000	0.0000	
0.8626	28071     	0.2306	0.4054	0.6961	0.4345	0.2067	0.2306	0.4669	0.6961	0.0000	0.0000	
0.8636	27867     	0.2289	0.4034	0.6937	0.4325	0.2077	0.2289	0.4649	0.6937	0.0000	0.0000	
0.8646	27663     	0.2273	0.4015	0.6915	0.4305	0.2088	0.2273	0.4630	0.6915	0.0000	0.0000	
0.8656	27459     	0.2256	0.3995	0.6893	0.4284	0.2099	0.2256	0.4610	0.6893	0.0000	0.0000	
0.8666	27255     	0.2239	0.3974	0.6870	0.4264	0.2110	0.2239	0.4590	0.6870	0.0000	0.0000	
0.8676	27051     	0.2222	0.3953	0.6846	0.4242	0.2121	0.2222	0.4569	0.6846	0.0000	0.0000	
0.8686	26847     	0.2205	0.3933	0.6823	0.4222	0.2132	0.2205	0.4549	0.6823	0.0000	0.0000	
0.8696	26643     	0.2188	0.3913	0.6799	0.4201	0.2143	0.2188	0.4529	0.6799	0.0000	0.0000	
0.8706	26439     	0.2171	0.3892	0.6774	0.4180	0.2155	0.2171	0.4507	0.6774	0.0000	0.0000	
0.8716	26235     	0.2154	0.3871	0.6751	0.4159	0.2166	0.2154	0.4487	0.6751	0.0000	0.0000	
0.8726	26031     	0.2136	0.3850	0.6728	0.4138	0.2178	0.2136	0.4467	0.6728	0.0000	0.0000	
0.8736	25827     	0.2120	0.3829	0.6703	0.4117	0.2189	0.2120	0.4446	0.6703	0.0000	0.0000	
0.8746	25623     	0.2103	0.3809	0.6678	0.4096	0.2201	0.2103	0.4425	0.6678	0.0000	0.0000	
0.8756	25419     	0.2085	0.3788	0.6655	0.4075	0.2213	0.2085	0.4405	0.6655	0.0000	0.0000	
0.8766	25215     	0.2068	0.3768	0.6632	0.4054	0.2224	0.2068	0.4385	0.6632	0.0000	0.0000	
0.8776	25011     	0.2051	0.3747	0.6608	0.4033	0.2236	0.2051	0.4364	0.6608	0.0000	0.0000	
0.8786	24807     	0.2034	0.3726	0.6583	0.4012	0.2248	0.2034	0.4343	0.6583	0.0000	0.0000	
0.8796	24603     	0.2017	0.3706	0.6561	0.3991	0.2260	0.2017	0.4323	0.6561	0.0000	0.0000	
0.8806	24399     	0.2000	0.3685	0.6536	0.3970	0.2272	0.2000	0.4302	0.6536	0.0000	0.0000	
0.8816	24195     	0.1983	0.3664	0.6512	0.3949	0.2284	0.1983	0.4282	0.6512	0.0000	0.0000	
0.8826	23991     	0.1966	0.3643	0.6486	0.3927	0.2296	0.1966	0.4260	0.6486	0.0000	0.0000	
0.8836	23787     	0.1949	0.3623	0.6463	0.3907	0.2308	0.1949	0.4240	0.6463	0.0000	0.0000	
0.8846	23583     	0.1932	0.3602	0.6438	0.3885	0.2321	0.1932	0.4219	0.6438	0.0000	0.0000	
0.8856	23379     	0.1915	0.3581	0.6416	0.3865	0.2333	0.1915	0.4199	0.6416	0.0000	0.0000	
0.8866	23175     	0.1897	0.3560	0.6392	0.3843	0.2346	0.1897	0.4179	0.6392	0.0000	0.0000	
0.8876	22971     	0.1880	0.3539	0.6367	0.3822	0.2358	0.1880	0.4158	0.6367	0.0000	0.0000	
0.8886	22767     	0.1863	0.3518	0.6343	0.3801	0.2371	0.1863	0.4137	0.6343	0.0000	0.0000	
0.8896	22563     	0.1846	0.3497	0.6318	0.3779	0.2384	0.1846	0.4116	0.6318	0.0000	0.0000	
0.8906	22359     	0.1829	0.3476	0.6292	0.3758	0.2397	0.1829	0.4094	0.6292	0.0000	0.0000	
0.8916	22155     	0.1812	0.3455	0.6266	0.3736	0.2410	0.1812	0.4072	0.6266	0.0000	0.0000	
0.8926	21951     	0.1795	0.3434	0.6242	0.3715	0.2422	0.1795	0.4052	0.6242	0.0000	0.0000	
0.8936	21747     	0.1778	0.3414	0.6220	0.3694	0.2435	0.1778	0.4032	0.6220	0.0000	0.0000	
0.8946	21543     	0.1760	0.3392	0.6195	0.3673	0.2448	0.1760	0.4011	0.6195	0.0000	0.0000	
0.8956	21339     	0.1743	0.3371	0.6170	0.3651	0.2462	0.1743	0.3989	0.6170	0.0000	0.0000	
0.8966	21135     	0.1726	0.3349	0.6144	0.3629	0.2476	0.1726	0.3968	0.6144	0.0000	0.0000	
0.8976	20931     	0.1707	0.3331	0.6131	0.3611	0.2488	0.1707	0.3952	0.6131	0.0000	0.0000	
0.8986	20727     	0.1690	0.3309	0.6104	0.3588	0.2502	0.1690	0.3930	0.6104	0.0000	0.0000	
0.8996	20523     	0.1673	0.3286	0.6074	0.3565	0.2516	0.1673	0.3906	0.6074	0.0000	0.0000	
0.9006	20319     	0.1655	0.3264	0.6047	0.3542	0.2531	0.1655	0.3884	0.6047	0.0000	0.0000	
0.9016	20115     	0.1639	0.3242	0.6017	0.3519	0.2545	0.1639	0.3860	0.6017	0.0000	0.0000	
0.9026	19911     	0.1621	0.3220	0.5990	0.3497	0.2559	0.1621	0.3838	0.5990	0.0000	0.0000	
0.9036	19707     	0.1604	0.3197	0.5963	0.3474	0.2574	0.1604	0.3816	0.5963	0.0000	0.0000	
0.9046	19503     	0.1587	0.3175	0.5932	0.3450	0.2589	0.1587	0.3792	0.5932	0.0000	0.0000	
0.9055	19299     	0.1570	0.3153	0.5904	0.3428	0.2603	0.1570	0.3769	0.5904	0.0000	0.0000	
0.9065	19095     	0.1553	0.3131	0.5877	0.3405	0.2618	0.1553	0.3747	0.5877	0.0000	0.0000	
0.9075	18891     	0.1536	0.3108	0.5847	0.3382	0.2633	0.1536	0.3723	0.5847	0.0000	0.0000	
0.9085	18687     	0.1518	0.3085	0.5818	0.3358	0.2648	0.1518	0.3700	0.5818	0.0000	0.0000	
0.9095	18483     	0.1501	0.3062	0.5789	0.3335	0.2664	0.1501	0.3676	0.5789	0.0000	0.0000	
0.9105	18279     	0.1484	0.3040	0.5759	0.3312	0.2679	0.1484	0.3653	0.5759	0.0000	0.0000	
0.9115	18075     	0.1467	0.3017	0.5730	0.3288	0.2695	0.1467	0.3630	0.5730	0.0000	0.0000	
0.9125	17871     	0.1450	0.2994	0.5701	0.3265	0.2710	0.1450	0.3606	0.5701	0.0000	0.0000	
0.9135	17667     	0.1433	0.2972	0.5672	0.3242	0.2726	0.1433	0.3583	0.5672	0.0000	0.0000	
0.9145	17463     	0.1416	0.2950	0.5643	0.3219	0.2742	0.1416	0.3560	0.5643	0.0000	0.0000	
0.9155	17259     	0.1398	0.2926	0.5611	0.3194	0.2758	0.1398	0.3535	0.5611	0.0000	0.0000	
0.9165	17055     	0.1381	0.2903	0.5582	0.3171	0.2775	0.1381	0.3511	0.5582	0.0000	0.0000	
0.9175	16851     	0.1364	0.2879	0.5548	0.3146	0.2791	0.1364	0.3486	0.5548	0.0000	0.0000	
0.9185	16647     	0.1347	0.2856	0.5517	0.3122	0.2808	0.1347	0.3461	0.5517	0.0000	0.0000	
0.9195	16443     	0.1330	0.2832	0.5485	0.3097	0.2825	0.1330	0.3437	0.5485	0.0000	0.0000	
0.9205	16239     	0.1313	0.2808	0.5449	0.3072	0.2842	0.1313	0.3410	0.5449	0.0000	0.0000	
0.9215	16035     	0.1296	0.2785	0.5418	0.3048	0.2859	0.1296	0.3386	0.5418	0.0000	0.0000	
0.9225	15831     	0.1279	0.2760	0.5384	0.3022	0.2877	0.1279	0.3360	0.5384	0.0000	0.0000	
0.9235	15627     	0.1262	0.2736	0.5351	0.2998	0.2895	0.1262	0.3334	0.5351	0.0000	0.0000	
0.9245	15423     	0.1245	0.2712	0.5316	0.2972	0.2913	0.1245	0.3308	0.5316	0.0000	0.0000	
0.9255	15219     	0.1227	0.2687	0.5280	0.2946	0.2931	0.1227	0.3281	0.5280	0.0000	0.0000	
0.9265	15015     	0.1209	0.2657	0.5230	0.2914	0.2953	0.1209	0.3247	0.5230	0.0000	0.0000	
0.9275	14811     	0.1192	0.2632	0.5193	0.2888	0.2972	0.1192	0.3220	0.5193	0.0000	0.0000	
0.9285	14607     	0.1175	0.2606	0.5155	0.2861	0.2991	0.1175	0.3192	0.5155	0.0000	0.0000	
0.9295	14403     	0.1158	0.2580	0.5115	0.2834	0.3010	0.1158	0.3164	0.5115	0.0000	0.0000	
0.9305	14199     	0.1141	0.2554	0.5075	0.2806	0.3030	0.1141	0.3135	0.5075	0.0000	0.0000	
0.9315	13995     	0.1124	0.2527	0.5032	0.2778	0.3051	0.1124	0.3105	0.5032	0.0000	0.0000	
0.9325	13791     	0.1106	0.2502	0.4995	0.2751	0.3071	0.1106	0.3077	0.4995	0.0000	0.0000	
0.9335	13587     	0.1089	0.2476	0.4958	0.2724	0.3091	0.1089	0.3050	0.4958	0.0000	0.0000	
0.9345	13383     	0.1071	0.2450	0.4918	0.2696	0.3112	0.1071	0.3021	0.4918	0.0000	0.0000	
0.9355	13179     	0.1054	0.2423	0.4875	0.2668	0.3133	0.1054	0.2991	0.4875	0.0000	0.0000	
0.9365	12975     	0.1037	0.2396	0.4834	0.2640	0.3155	0.1037	0.2961	0.4834	0.0000	0.0000	
0.9375	12771     	0.1019	0.2368	0.4790	0.2610	0.3178	0.1019	0.2930	0.4790	0.0000	0.0000	
0.9385	12567     	0.1002	0.2341	0.4747	0.2581	0.3200	0.1002	0.2900	0.4747	0.0000	0.0000	
0.9395	12363     	0.0985	0.2314	0.4704	0.2553	0.3222	0.0985	0.2870	0.4704	0.0000	0.0000	
0.9405	12159     	0.0967	0.2286	0.4660	0.2523	0.3245	0.0967	0.2839	0.4660	0.0000	0.0000	
0.9415	11955     	0.0950	0.2257	0.4612	0.2493	0.3269	0.0950	0.2806	0.4612	0.0000	0.0000	
0.9425	11751     	0.0933	0.2229	0.4567	0.2463	0.3293	0.0933	0.2775	0.4567	0.0000	0.0000	
0.9435	11547     	0.0915	0.2200	0.4520	0.2432	0.3318	0.0915	0.2742	0.4520	0.0000	0.0000	
0.9445	11343     	0.0899	0.2171	0.4470	0.2401	0.3342	0.0899	0.2708	0.4470	0.0000	0.0000	
0.9455	11139     	0.0882	0.2141	0.4420	0.2369	0.3367	0.0882	0.2674	0.4420	0.0000	0.0000	
0.9465	10935     	0.0864	0.2113	0.4373	0.2339	0.3393	0.0864	0.2642	0.4373	0.0000	0.0000	
0.9475	10731     	0.0847	0.2083	0.4325	0.2308	0.3418	0.0847	0.2609	0.4325	0.0000	0.0000	
0.9485	10527     	0.0830	0.2054	0.4276	0.2277	0.3444	0.0830	0.2576	0.4276	0.0000	0.0000	
0.9495	10323     	0.0813	0.2025	0.4225	0.2245	0.3471	0.0813	0.2542	0.4225	0.0000	0.0000	
0.9505	10119     	0.0796	0.1995	0.4174	0.2212	0.3498	0.0796	0.2507	0.4174	0.0000	0.0000	
0.9515	9915      	0.0780	0.1964	0.4120	0.2180	0.3526	0.0780	0.2472	0.4120	0.0000	0.0000	
0.9525	9711      	0.0762	0.1933	0.4066	0.2147	0.3555	0.0762	0.2436	0.4066	0.0000	0.0000	
0.9535	9507      	0.0745	0.1903	0.4015	0.2114	0.3583	0.0745	0.2401	0.4015	0.0000	0.0000	
0.9545	9303      	0.0729	0.1872	0.3959	0.2081	0.3613	0.0729	0.2365	0.3959	0.0000	0.0000	
0.9555	9099      	0.0711	0.1840	0.3903	0.2046	0.3643	0.0711	0.2328	0.3903	0.0000	0.0000	
0.9565	8895      	0.0694	0.1808	0.3846	0.2012	0.3674	0.0694	0.2290	0.3846	0.0000	0.0000	
0.9575	8691      	0.0677	0.1777	0.3791	0.1978	0.3705	0.0677	0.2254	0.3791	0.0000	0.0000	
0.9585	8487      	0.0660	0.1746	0.3735	0.1945	0.3736	0.0660	0.2217	0.3735	0.0000	0.0000	
0.9595	8283      	0.0643	0.1713	0.3675	0.1909	0.3769	0.0643	0.2179	0.3675	0.0000	0.0000	
0.9605	8079      	0.0627	0.1681	0.3617	0.1875	0.3802	0.0627	0.2141	0.3617	0.0000	0.0000	
0.9615	7875      	0.0610	0.1649	0.3558	0.1840	0.3835	0.0610	0.2103	0.3558	0.0000	0.0000	
0.9625	7671      	0.0593	0.1617	0.3499	0.1805	0.3869	0.0593	0.2064	0.3499	0.0000	0.0000	
0.9635	7467      	0.0576	0.1584	0.3438	0.1769	0.3904	0.0576	0.2025	0.3438	0.0000	0.0000	
0.9645	7263      	0.0559	0.1550	0.3374	0.1732	0.3941	0.0559	0.1985	0.3374	0.0000	0.0000	
0.9655	7059      	0.0542	0.1516	0.3311	0.1696	0.3978	0.0542	0.1944	0.3311	0.0000	0.0000	
0.9665	6855      	0.0526	0.1481	0.3245	0.1658	0.4016	0.0526	0.1902	0.3245	0.0000	0.0000	
0.9674	6651      	0.0509	0.1447	0.3180	0.1621	0.4055	0.0509	0.1861	0.3180	0.0000	0.0000	
0.9684	6447      	0.0492	0.1412	0.3112	0.1582	0.4095	0.0492	0.1819	0.3112	0.0000	0.0000	
0.9694	6243      	0.0476	0.1377	0.3044	0.1544	0.4136	0.0476	0.1776	0.3044	0.0000	0.0000	
0.9704	6039      	0.0459	0.1342	0.2978	0.1506	0.4178	0.0459	0.1734	0.2978	0.0000	0.0000	
0.9714	5835      	0.0442	0.1307	0.2910	0.1467	0.4222	0.0442	0.1691	0.2910	0.0000	0.0000	
0.9724	5631      	0.0425	0.1270	0.2838	0.1427	0.4268	0.0425	0.1647	0.2838	0.0000	0.0000	
0.9734	5427      	0.0408	0.1233	0.2766	0.1386	0.4315	0.0408	0.1602	0.2766	0.0000	0.0000	
0.9744	5223      	0.0391	0.1196	0.2695	0.1346	0.4364	0.0391	0.1557	0.2695	0.0000	0.0000	
0.9754	5019      	0.0374	0.1159	0.2624	0.1306	0.4414	0.0374	0.1513	0.2624	0.0000	0.0000	
0.9764	4815      	0.0357	0.1121	0.2547	0.1263	0.4467	0.0357	0.1465	0.2547	0.0000	0.0000	
0.9774	4611      	0.0340	0.1081	0.2468	0.1220	0.4522	0.0340	0.1417	0.2468	0.0000	0.0000	
0.9784	4407      	0.0323	0.1041	0.2388	0.1176	0.4580	0.0323	0.1368	0.2388	0.0000	0.0000	
0.9794	4203      	0.0306	0.1000	0.2303	0.1130	0.4641	0.0306	0.1316	0.2303	0.0000	0.0000	
0.9804	3999      	0.0289	0.0958	0.2218	0.1084	0.4704	0.0289	0.1264	0.2218	0.0000	0.0000	
0.9814	3795      	0.0272	0.0915	0.2128	0.1037	0.4771	0.0272	0.1210	0.2128	0.0000	0.0000	
0.9824	3591      	0.0256	0.0872	0.2036	0.0988	0.4840	0.0256	0.1155	0.2036	0.0000	0.0000	
0.9834	3387      	0.0239	0.0827	0.1939	0.0938	0.4915	0.0239	0.1098	0.1939	0.0000	0.0000	
0.9844	3183      	0.0222	0.0780	0.1837	0.0886	0.4995	0.0222	0.1038	0.1837	0.0000	0.0000	
0.9854	2979      	0.0206	0.0732	0.1730	0.0832	0.5079	0.0206	0.0976	0.1730	0.0000	0.0000	
0.9864	2775      	0.0190	0.0683	0.1620	0.0777	0.5169	0.0190	0.0912	0.1620	0.0000	0.0000	
0.9874	2571      	0.0174	0.0634	0.1510	0.0721	0.5264	0.0174	0.0848	0.1510	0.0000	0.0000	
0.9884	2367      	0.0158	0.0586	0.1400	0.0667	0.5363	0.0158	0.0785	0.1400	0.0000	0.0000	
0.9894	2163      	0.0142	0.0537	0.1290	0.0612	0.5471	0.0142	0.0722	0.1290	0.0000	0.0000	
0.9904	1959      	0.0126	0.0490	0.1186	0.0559	0.5585	0.0126	0.0661	0.1186	0.0000	0.0000	
0.9914	1755      	0.0111	0.0442	0.1078	0.0505	0.5710	0.0111	0.0599	0.1078	0.0000	0.0000	
0.9924	1551      	0.0095	0.0391	0.0961	0.0448	0.5850	0.0095	0.0532	0.0961	0.0000	0.0000	
0.9934	1347      	0.0080	0.0336	0.0831	0.0386	0.6013	0.0080	0.0459	0.0831	0.0000	0.0000	
0.9944	1143      	0.0066	0.0278	0.0690	0.0319	0.6201	0.0066	0.0381	0.0690	0.0000	0.0000	
0.9954	939       	0.0052	0.0224	0.0558	0.0257	0.6412	0.0052	0.0308	0.0558	0.0000	0.0000	
0.9964	735       	0.0042	0.0185	0.0466	0.0213	0.6589	0.0042	0.0256	0.0466	0.0000	0.0000	
0.9974	531       	0.0031	0.0144	0.0365	0.0166	0.6815	0.0031	0.0199	0.0365	0.0000	0.0000	
0.9984	327       	0.0020	0.0095	0.0243	0.0109	0.7142	0.0020	0.0132	0.0243	0.0000	0.0000	
0.9994	123       	0.0007	0.0037	0.0097	0.0043	0.7747	0.0007	0.0052	0.0097	0.0000	0.0000	
1.0000	0         	0.0000	0.0000	0.0000	0.0000	0.9999	0.0000	0.0000	0.0000	0.0000	0.0000	
