ADMU id: 1: F-lost, TF-cost	min-1 mean-1 wmean-1 max-1	min-2 mean-2 wmean-2 max-2	
0.00001	0         	0.07828 	0.27487 	inf     	0.35771 	0.32397 	0.32397 	0.00000 	0.32397 	
0.00101	0         	0.07828 	0.27487 	inf     	0.35771 	0.32397 	0.32397 	0.00000 	0.32397 	
0.00201	0         	0.07828 	0.27487 	inf     	0.35771 	0.32397 	0.32397 	0.00000 	0.32397 	
0.00301	0         	0.07828 	0.27487 	inf     	0.35771 	0.32397 	0.32397 	0.00000 	0.32397 	
0.00400	0         	0.07828 	0.27487 	inf     	0.35771 	0.32397 	0.32397 	0.00000 	0.32397 	
0.00500	0         	0.07828 	0.27487 	inf     	0.35771 	0.32397 	0.32397 	0.00000 	0.32397 	
0.00600	0         	0.07828 	0.27487 	inf     	0.35771 	0.32397 	0.32397 	0.00000 	0.32397 	
0.00700	0         	0.07828 	0.27487 	inf     	0.35771 	0.32397 	0.32397 	0.00000 	0.32397 	
0.00800	0         	0.07828 	0.27487 	inf     	0.35771 	0.32397 	0.32397 	0.00000 	0.32397 	
0.00900	0         	0.07828 	0.27487 	inf     	0.35771 	0.32397 	0.32397 	0.00000 	0.32397 	
0.01000	0         	0.07828 	0.27487 	inf     	0.35771 	0.32397 	0.32397 	0.00000 	0.32397 	
0.01099	0         	0.07828 	0.27487 	inf     	0.35771 	0.32397 	0.32397 	0.00000 	0.32397 	
0.01199	0         	0.07828 	0.27487 	inf     	0.35771 	0.32397 	0.32397 	0.00000 	0.32397 	
0.01299	0         	0.07828 	0.27487 	inf     	0.35771 	0.32397 	0.32397 	0.00000 	0.32397 	
0.01399	0         	0.07828 	0.27487 	inf     	0.35771 	0.32397 	0.32397 	0.00000 	0.32397 	
0.01499	0         	0.07828 	0.27487 	inf     	0.35771 	0.32397 	0.32397 	0.00000 	0.32397 	
0.01599	0         	0.07828 	0.27487 	inf     	0.35771 	0.32397 	0.32397 	0.00000 	0.32397 	
0.01698	0         	0.07828 	0.27487 	inf     	0.35771 	0.32397 	0.32397 	0.00000 	0.32397 	
0.01798	0         	0.07828 	0.27487 	inf     	0.35771 	0.32397 	0.32397 	0.00000 	0.32397 	
0.01898	0         	0.07828 	0.27487 	inf     	0.35771 	0.32397 	0.32397 	0.00000 	0.32397 	
0.01998	0         	0.07828 	0.27487 	inf     	0.35771 	0.32397 	0.32397 	0.00000 	0.32397 	
0.02098	0         	0.07828 	0.27487 	inf     	0.35771 	0.32397 	0.32397 	0.00000 	0.32397 	
0.02198	0         	0.07828 	0.27487 	inf     	0.35771 	0.32397 	0.32397 	0.00000 	0.32397 	
0.02298	0         	0.07828 	0.27487 	inf     	0.35771 	0.32397 	0.32397 	0.00000 	0.32397 	
0.02397	0         	0.07828 	0.27487 	inf     	0.35771 	0.32397 	0.32397 	0.00000 	0.32397 	
0.02497	0         	0.07828 	0.27487 	inf     	0.35771 	0.32397 	0.32397 	0.00000 	0.32397 	
0.02597	0         	0.07828 	0.27487 	inf     	0.35771 	0.32397 	0.32397 	0.00000 	0.32397 	
0.02697	0         	0.07828 	0.27487 	inf     	0.35771 	0.32397 	0.32397 	0.00000 	0.32397 	
0.02797	0         	0.07828 	0.27487 	inf     	0.35771 	0.32397 	0.32397 	0.00000 	0.32397 	
0.02897	0         	0.07828 	0.27487 	inf     	0.35771 	0.32397 	0.32397 	0.00000 	0.32397 	
0.02997	0         	0.07828 	0.27487 	inf     	0.35771 	0.32397 	0.32397 	0.00000 	0.32397 	
0.03096	0         	0.07828 	0.27487 	inf     	0.35771 	0.32397 	0.32397 	0.00000 	0.32397 	
0.03196	0         	0.07828 	0.27487 	inf     	0.35771 	0.32397 	0.32397 	0.00000 	0.32397 	
0.03296	0         	0.07828 	0.27487 	inf     	0.35771 	0.32397 	0.32397 	0.00000 	0.32397 	
0.03396	0         	0.07828 	0.27487 	inf     	0.35771 	0.32397 	0.32397 	0.00000 	0.32397 	
0.03496	0         	0.07828 	0.27487 	inf     	0.35771 	0.32397 	0.32397 	0.00000 	0.32397 	
0.03596	0         	0.07828 	0.27487 	inf     	0.35771 	0.32397 	0.32397 	0.00000 	0.32397 	
0.03696	0         	0.07828 	0.27487 	inf     	0.35771 	0.32397 	0.32397 	0.00000 	0.32397 	
0.03795	0         	0.07828 	0.27487 	inf     	0.35771 	0.32397 	0.32397 	0.00000 	0.32397 	
0.03895	0         	0.07828 	0.27487 	inf     	0.35771 	0.32397 	0.32397 	0.00000 	0.32397 	
0.03995	0         	0.07828 	0.27487 	inf     	0.35771 	0.32397 	0.32397 	0.00000 	0.32397 	
0.04095	0         	0.07828 	0.27487 	inf     	0.35771 	0.32397 	0.32397 	0.00000 	0.32397 	
0.04195	0         	0.07828 	0.27487 	inf     	0.35771 	0.32397 	0.32397 	0.00000 	0.32397 	
0.04295	0         	0.07828 	0.27487 	inf     	0.35771 	0.32397 	0.32397 	0.00000 	0.32397 	
0.04394	0         	0.07828 	0.27487 	inf     	0.35771 	0.32397 	0.32397 	0.00000 	0.32397 	
0.04494	0         	0.07828 	0.27487 	inf     	0.35771 	0.32397 	0.32397 	0.00000 	0.32397 	
0.04594	0         	0.07828 	0.27487 	inf     	0.35771 	0.32397 	0.32397 	0.00000 	0.32397 	
0.04694	0         	0.07828 	0.27487 	inf     	0.35771 	0.32397 	0.32397 	0.00000 	0.32397 	
0.04794	0         	0.07828 	0.27487 	inf     	0.35771 	0.32397 	0.32397 	0.00000 	0.32397 	
0.04894	0         	0.07828 	0.27487 	inf     	0.35771 	0.32397 	0.32397 	0.00000 	0.32397 	
0.04994	0         	0.07828 	0.27487 	inf     	0.35771 	0.32397 	0.32397 	0.00000 	0.32397 	
0.05093	0         	0.07828 	0.27487 	inf     	0.35771 	0.32397 	0.32397 	0.00000 	0.32397 	
0.05193	0         	0.07828 	0.27487 	inf     	0.35771 	0.32397 	0.32397 	0.00000 	0.32397 	
0.05293	0         	0.07828 	0.27487 	inf     	0.35771 	0.32397 	0.32397 	0.00000 	0.32397 	
0.05393	0         	0.07828 	0.27487 	inf     	0.35771 	0.32397 	0.32397 	0.00000 	0.32397 	
0.05493	0         	0.07828 	0.27487 	inf     	0.35771 	0.32397 	0.32397 	0.00000 	0.32397 	
0.05593	0         	0.07828 	0.27487 	inf     	0.35771 	0.32397 	0.32397 	0.00000 	0.32397 	
0.05693	0         	0.07828 	0.27487 	inf     	0.35771 	0.32397 	0.32397 	0.00000 	0.32397 	
0.05792	0         	0.07828 	0.27487 	inf     	0.35771 	0.32397 	0.32397 	0.00000 	0.32397 	
0.05892	0         	0.07828 	0.27487 	inf     	0.35771 	0.32397 	0.32397 	0.00000 	0.32397 	
0.05992	0         	0.07828 	0.27487 	inf     	0.35771 	0.32397 	0.32397 	0.00000 	0.32397 	
0.06092	0         	0.07828 	0.27487 	inf     	0.35771 	0.32397 	0.32397 	0.00000 	0.32397 	
0.06192	0         	0.07828 	0.27487 	inf     	0.35771 	0.32397 	0.32397 	0.00000 	0.32397 	
0.06292	0         	0.07828 	0.27487 	inf     	0.35771 	0.32397 	0.32397 	0.00000 	0.32397 	
0.06392	0         	0.07828 	0.27487 	inf     	0.35771 	0.32397 	0.32397 	0.00000 	0.32397 	
0.06491	0         	0.07828 	0.27487 	inf     	0.35771 	0.32397 	0.32397 	0.00000 	0.32397 	
0.06591	0         	0.07828 	0.27487 	inf     	0.35771 	0.32397 	0.32397 	0.00000 	0.32397 	
0.06691	0         	0.07828 	0.27487 	inf     	0.35771 	0.32397 	0.32397 	0.00000 	0.32397 	
0.06791	0         	0.07828 	0.27487 	inf     	0.35771 	0.32397 	0.32397 	0.00000 	0.32397 	
0.06891	0         	0.07828 	0.27487 	inf     	0.35771 	0.32397 	0.32397 	0.00000 	0.32397 	
0.06991	0         	0.07828 	0.27487 	inf     	0.35771 	0.32397 	0.32397 	0.00000 	0.32397 	
0.07090	0         	0.07828 	0.27487 	inf     	0.35771 	0.32397 	0.32397 	0.00000 	0.32397 	
0.07190	0         	0.07828 	0.27487 	inf     	0.35771 	0.32397 	0.32397 	0.00000 	0.32397 	
0.07290	0         	0.07828 	0.27487 	inf     	0.35771 	0.32397 	0.32397 	0.00000 	0.32397 	
0.07390	0         	0.07828 	0.27487 	inf     	0.35771 	0.32397 	0.32397 	0.00000 	0.32397 	
0.07490	0         	0.07828 	0.27487 	inf     	0.35771 	0.32397 	0.32397 	0.00000 	0.32397 	
0.07590	0         	0.07828 	0.27487 	inf     	0.35771 	0.32397 	0.32397 	0.00000 	0.32397 	
0.07690	0         	0.07828 	0.27487 	inf     	0.35771 	0.32397 	0.32397 	0.00000 	0.32397 	
0.07789	0         	0.07828 	0.27487 	inf     	0.35771 	0.32397 	0.32397 	0.00000 	0.32397 	
0.07889	0         	0.07828 	0.27487 	inf     	0.35771 	0.32397 	0.32397 	0.00000 	0.32397 	
0.07989	0         	0.07828 	0.27487 	inf     	0.35771 	0.32397 	0.32397 	0.00000 	0.32397 	
0.08089	0         	0.07828 	0.27487 	inf     	0.35771 	0.32397 	0.32397 	0.00000 	0.32397 	
0.08189	0         	0.07828 	0.27487 	inf     	0.35771 	0.32397 	0.32397 	0.00000 	0.32397 	
0.08289	0         	0.07828 	0.27487 	inf     	0.35771 	0.32397 	0.32397 	0.00000 	0.32397 	
0.08389	0         	0.07828 	0.27487 	inf     	0.35771 	0.32397 	0.32397 	0.00000 	0.32397 	
0.08488	0         	0.07828 	0.27487 	inf     	0.35771 	0.32397 	0.32397 	0.00000 	0.32397 	
0.08588	0         	0.07828 	0.27487 	inf     	0.35771 	0.32397 	0.32397 	0.00000 	0.32397 	
0.08688	0         	0.07828 	0.27487 	inf     	0.35771 	0.32397 	0.32397 	0.00000 	0.32397 	
0.08788	0         	0.07828 	0.27487 	inf     	0.35771 	0.32397 	0.32397 	0.00000 	0.32397 	
0.08888	0         	0.07828 	0.27487 	inf     	0.35771 	0.32397 	0.32397 	0.00000 	0.32397 	
0.08988	0         	0.07828 	0.27487 	inf     	0.35771 	0.32397 	0.32397 	0.00000 	0.32397 	
0.09088	0         	0.07828 	0.27487 	inf     	0.35771 	0.32397 	0.32397 	0.00000 	0.32397 	
0.09187	0         	0.07828 	0.27487 	inf     	0.35771 	0.32397 	0.32397 	0.00000 	0.32397 	
0.09287	0         	0.07828 	0.27487 	inf     	0.35771 	0.32397 	0.32397 	0.00000 	0.32397 	
0.09387	0         	0.07828 	0.27487 	inf     	0.35771 	0.32397 	0.32397 	0.00000 	0.32397 	
0.09487	0         	0.07828 	0.27487 	inf     	0.35771 	0.32397 	0.32397 	0.00000 	0.32397 	
0.09587	0         	0.07828 	0.27487 	inf     	0.35771 	0.32397 	0.32397 	0.00000 	0.32397 	
0.09687	0         	0.07828 	0.27487 	inf     	0.35771 	0.32397 	0.32397 	0.00000 	0.32397 	
0.09786	0         	0.07828 	0.27487 	inf     	0.35771 	0.32397 	0.32397 	0.00000 	0.32397 	
0.09886	0         	0.07828 	0.27487 	inf     	0.35771 	0.32397 	0.32397 	0.00000 	0.32397 	
0.09986	0         	0.07828 	0.27487 	inf     	0.35771 	0.32397 	0.32397 	0.00000 	0.32397 	
0.10086	0         	0.07828 	0.27487 	inf     	0.35771 	0.32397 	0.32397 	0.00000 	0.32397 	
0.10186	0         	0.07828 	0.27487 	inf     	0.35771 	0.32397 	0.32397 	0.00000 	0.32397 	
0.10286	0         	0.07828 	0.27487 	inf     	0.35771 	0.32397 	0.32397 	0.00000 	0.32397 	
0.10386	0         	0.07828 	0.27487 	inf     	0.35771 	0.32397 	0.32397 	0.00000 	0.32397 	
0.10485	0         	0.07828 	0.27487 	inf     	0.35771 	0.32397 	0.32397 	0.00000 	0.32397 	
0.10585	0         	0.07828 	0.27487 	inf     	0.35771 	0.32397 	0.32397 	0.00000 	0.32397 	
0.10685	0         	0.07828 	0.27487 	inf     	0.35771 	0.32397 	0.32397 	0.00000 	0.32397 	
0.10785	0         	0.07828 	0.27487 	inf     	0.35771 	0.32397 	0.32397 	0.00000 	0.32397 	
0.10885	0         	0.07828 	0.27487 	inf     	0.35771 	0.32397 	0.32397 	0.00000 	0.32397 	
0.10985	0         	0.07828 	0.27487 	inf     	0.35771 	0.32397 	0.32397 	0.00000 	0.32397 	
0.11085	0         	0.07828 	0.27487 	inf     	0.35771 	0.32397 	0.32397 	0.00000 	0.32397 	
0.11184	0         	0.07828 	0.27487 	inf     	0.35771 	0.32397 	0.32397 	0.00000 	0.32397 	
0.11284	0         	0.07828 	0.27487 	inf     	0.35771 	0.32397 	0.32397 	0.00000 	0.32397 	
0.11384	0         	0.07828 	0.27487 	inf     	0.35771 	0.32397 	0.32397 	0.00000 	0.32397 	
0.11484	0         	0.07828 	0.27487 	inf     	0.35771 	0.32397 	0.32397 	0.00000 	0.32397 	
0.11584	0         	0.07828 	0.27487 	inf     	0.35771 	0.32397 	0.32397 	0.00000 	0.32397 	
0.11684	0         	0.07828 	0.27487 	inf     	0.35771 	0.32397 	0.32397 	0.00000 	0.32397 	
0.11784	0         	0.07828 	0.27487 	inf     	0.35771 	0.32397 	0.32397 	0.00000 	0.32397 	
0.11883	0         	0.07828 	0.27487 	inf     	0.35771 	0.32397 	0.32397 	0.00000 	0.32397 	
0.11983	0         	0.07828 	0.27487 	inf     	0.35771 	0.32397 	0.32397 	0.00000 	0.32397 	
0.12083	0         	0.07828 	0.27487 	inf     	0.35771 	0.32397 	0.32397 	0.00000 	0.32397 	
0.12183	0         	0.07828 	0.27487 	inf     	0.35771 	0.32397 	0.32397 	0.00000 	0.32397 	
0.12283	0         	0.07828 	0.27487 	inf     	0.35771 	0.32397 	0.32397 	0.00000 	0.32397 	
0.12383	0         	0.07828 	0.27487 	inf     	0.35771 	0.32397 	0.32397 	0.00000 	0.32397 	
0.12482	0         	0.07828 	0.27487 	inf     	0.35771 	0.32397 	0.32397 	0.00000 	0.32397 	
0.12582	0         	0.07828 	0.27487 	inf     	0.35771 	0.32397 	0.32397 	0.00000 	0.32397 	
0.12682	0         	0.07828 	0.27487 	inf     	0.35771 	0.32397 	0.32397 	0.00000 	0.32397 	
0.12782	0         	0.07828 	0.27487 	inf     	0.35771 	0.32397 	0.32397 	0.00000 	0.32397 	
0.12882	0         	0.07828 	0.27487 	inf     	0.35771 	0.32397 	0.32397 	0.00000 	0.32397 	
0.12982	0         	0.07828 	0.27487 	inf     	0.35771 	0.32397 	0.32397 	0.00000 	0.32397 	
0.13082	0         	0.07828 	0.27487 	inf     	0.35771 	0.32397 	0.32397 	0.00000 	0.32397 	
0.13181	0         	0.07828 	0.27487 	inf     	0.35771 	0.32397 	0.32397 	0.00000 	0.32397 	
0.13281	0         	0.07828 	0.27487 	inf     	0.35771 	0.32397 	0.32397 	0.00000 	0.32397 	
0.13381	0         	0.07828 	0.27487 	inf     	0.35771 	0.32397 	0.32397 	0.00000 	0.32397 	
0.13481	0         	0.07828 	0.27487 	inf     	0.35771 	0.32397 	0.32397 	0.00000 	0.32397 	
0.13581	0         	0.07828 	0.27487 	inf     	0.35771 	0.32397 	0.32397 	0.00000 	0.32397 	
0.13681	0         	0.07828 	0.27487 	inf     	0.35771 	0.32397 	0.32397 	0.00000 	0.32397 	
0.13781	0         	0.07828 	0.27487 	inf     	0.35771 	0.32397 	0.32397 	0.00000 	0.32397 	
0.13880	0         	0.07828 	0.27487 	inf     	0.35771 	0.32397 	0.32397 	0.00000 	0.32397 	
0.13980	0         	0.07828 	0.27487 	inf     	0.35771 	0.32397 	0.32397 	0.00000 	0.32397 	
0.14080	0         	0.07828 	0.27487 	inf     	0.35771 	0.32397 	0.32397 	0.00000 	0.32397 	
0.14180	0         	0.07828 	0.27487 	inf     	0.35771 	0.32397 	0.32397 	0.00000 	0.32397 	
0.14280	0         	0.07828 	0.27487 	inf     	0.35771 	0.32397 	0.32397 	0.00000 	0.32397 	
0.14380	0         	0.07828 	0.27487 	inf     	0.35771 	0.32397 	0.32397 	0.00000 	0.32397 	
0.14480	0         	0.07828 	0.27487 	inf     	0.35771 	0.32397 	0.32397 	0.00000 	0.32397 	
0.14579	0         	0.07828 	0.27487 	inf     	0.35771 	0.32397 	0.32397 	0.00000 	0.32397 	
0.14679	0         	0.07828 	0.27487 	inf     	0.35771 	0.32397 	0.32397 	0.00000 	0.32397 	
0.14779	0         	0.07828 	0.27487 	inf     	0.35771 	0.32397 	0.32397 	0.00000 	0.32397 	
0.14879	0         	0.07828 	0.27487 	inf     	0.35771 	0.32397 	0.32397 	0.00000 	0.32397 	
0.14979	0         	0.07828 	0.27487 	inf     	0.35771 	0.32397 	0.32397 	0.00000 	0.32397 	
0.15079	0         	0.07828 	0.27487 	inf     	0.35771 	0.32397 	0.32397 	0.00000 	0.32397 	
0.15178	0         	0.07828 	0.27487 	inf     	0.35771 	0.32397 	0.32397 	0.00000 	0.32397 	
0.15278	0         	0.07828 	0.27487 	inf     	0.35771 	0.32397 	0.32397 	0.00000 	0.32397 	
0.15378	0         	0.07828 	0.27487 	inf     	0.35771 	0.32397 	0.32397 	0.00000 	0.32397 	
0.15478	0         	0.07828 	0.27487 	inf     	0.35771 	0.32397 	0.32397 	0.00000 	0.32397 	
0.15578	0         	0.07828 	0.27487 	inf     	0.35771 	0.32397 	0.32397 	0.00000 	0.32397 	
0.15678	0         	0.07828 	0.27487 	inf     	0.35771 	0.32397 	0.32397 	0.00000 	0.32397 	
0.15778	0         	0.07828 	0.27487 	inf     	0.35771 	0.32397 	0.32397 	0.00000 	0.32397 	
0.15877	0         	0.07828 	0.27487 	inf     	0.35771 	0.32397 	0.32397 	0.00000 	0.32397 	
0.15977	0         	0.07828 	0.27487 	inf     	0.35771 	0.32396 	0.32396 	0.00000 	0.32396 	
0.16077	0         	0.07828 	0.27487 	inf     	0.35771 	0.32396 	0.32396 	0.00000 	0.32396 	
0.16177	0         	0.07828 	0.27487 	inf     	0.35771 	0.32396 	0.32396 	0.00000 	0.32396 	
0.16277	0         	0.07828 	0.27487 	inf     	0.35771 	0.32396 	0.32396 	0.00000 	0.32396 	
0.16377	0         	0.07828 	0.27487 	inf     	0.35771 	0.32396 	0.32396 	0.00000 	0.32396 	
0.16477	0         	0.07828 	0.27487 	inf     	0.35771 	0.32396 	0.32396 	0.00000 	0.32396 	
0.16576	0         	0.07828 	0.27487 	inf     	0.35771 	0.32396 	0.32396 	0.00000 	0.32396 	
0.16676	0         	0.07828 	0.27487 	inf     	0.35771 	0.32396 	0.32396 	0.00000 	0.32396 	
0.16776	0         	0.07828 	0.27487 	inf     	0.35771 	0.32396 	0.32396 	0.00000 	0.32396 	
0.16876	0         	0.07828 	0.27487 	inf     	0.35771 	0.32396 	0.32396 	0.00000 	0.32396 	
0.16976	0         	0.07828 	0.27487 	inf     	0.35771 	0.32396 	0.32396 	0.00000 	0.32396 	
0.17076	0         	0.07828 	0.27487 	inf     	0.35771 	0.32396 	0.32396 	0.00000 	0.32396 	
0.17176	0         	0.07828 	0.27487 	inf     	0.35771 	0.32396 	0.32396 	0.00000 	0.32396 	
0.17275	0         	0.07828 	0.27487 	inf     	0.35771 	0.32396 	0.32396 	0.00000 	0.32396 	
0.17375	0         	0.07828 	0.27487 	inf     	0.35771 	0.32396 	0.32396 	0.00000 	0.32396 	
0.17475	0         	0.07828 	0.27487 	inf     	0.35771 	0.32396 	0.32396 	0.00000 	0.32396 	
0.17575	0         	0.07828 	0.27487 	inf     	0.35771 	0.32396 	0.32396 	0.00000 	0.32396 	
0.17675	0         	0.07828 	0.27487 	inf     	0.35771 	0.32396 	0.32396 	0.00000 	0.32396 	
0.17775	0         	0.07828 	0.27487 	inf     	0.35771 	0.32396 	0.32396 	0.00000 	0.32396 	
0.17874	0         	0.07828 	0.27487 	inf     	0.35771 	0.32396 	0.32396 	0.00000 	0.32396 	
0.17974	0         	0.07828 	0.27487 	inf     	0.35771 	0.32396 	0.32396 	0.00000 	0.32396 	
0.18074	0         	0.07828 	0.27487 	inf     	0.35771 	0.32396 	0.32396 	0.00000 	0.32396 	
0.18174	0         	0.07828 	0.27487 	inf     	0.35771 	0.32396 	0.32396 	0.00000 	0.32396 	
0.18274	0         	0.07828 	0.27487 	inf     	0.35771 	0.32396 	0.32396 	0.00000 	0.32396 	
0.18374	0         	0.07828 	0.27487 	inf     	0.35771 	0.32396 	0.32396 	0.00000 	0.32396 	
0.18474	0         	0.07828 	0.27487 	inf     	0.35771 	0.32396 	0.32396 	0.00000 	0.32396 	
0.18573	0         	0.07828 	0.27487 	inf     	0.35771 	0.32396 	0.32396 	0.00000 	0.32396 	
0.18673	0         	0.07828 	0.27487 	inf     	0.35771 	0.32396 	0.32396 	0.00000 	0.32396 	
0.18773	0         	0.07828 	0.27487 	inf     	0.35771 	0.32396 	0.32396 	0.00000 	0.32396 	
0.18873	0         	0.07828 	0.27487 	inf     	0.35771 	0.32396 	0.32396 	0.00000 	0.32396 	
0.18973	0         	0.07828 	0.27487 	inf     	0.35771 	0.32396 	0.32396 	0.00000 	0.32396 	
0.19073	0         	0.07828 	0.27487 	inf     	0.35771 	0.32396 	0.32396 	0.00000 	0.32396 	
0.19173	0         	0.07828 	0.27487 	inf     	0.35771 	0.32396 	0.32396 	0.00000 	0.32396 	
0.19272	0         	0.07828 	0.27487 	inf     	0.35771 	0.32396 	0.32396 	0.00000 	0.32396 	
0.19372	0         	0.07828 	0.27487 	inf     	0.35771 	0.32396 	0.32396 	0.00000 	0.32396 	
0.19472	0         	0.07828 	0.27487 	inf     	0.35771 	0.32396 	0.32396 	0.00000 	0.32396 	
0.19572	0         	0.07828 	0.27487 	inf     	0.35771 	0.32396 	0.32396 	0.00000 	0.32396 	
0.19672	0         	0.07828 	0.27487 	inf     	0.35771 	0.32396 	0.32396 	0.00000 	0.32396 	
0.19772	0         	0.07828 	0.27487 	inf     	0.35771 	0.32396 	0.32396 	0.00000 	0.32396 	
0.19872	0         	0.07828 	0.27487 	inf     	0.35771 	0.32396 	0.32396 	0.00000 	0.32396 	
0.19971	0         	0.07828 	0.27487 	inf     	0.35771 	0.32396 	0.32396 	0.00000 	0.32396 	
0.20071	0         	0.07828 	0.27487 	inf     	0.35771 	0.32396 	0.32396 	0.00000 	0.32396 	
0.20171	0         	0.07828 	0.27487 	inf     	0.35771 	0.32396 	0.32396 	0.00000 	0.32396 	
0.20271	0         	0.07828 	0.27487 	inf     	0.35771 	0.32396 	0.32396 	0.00000 	0.32396 	
0.20371	0         	0.07828 	0.27487 	inf     	0.35771 	0.32396 	0.32396 	0.00000 	0.32396 	
0.20471	0         	0.07828 	0.27487 	inf     	0.35771 	0.32396 	0.32396 	0.00000 	0.32396 	
0.20570	0         	0.07828 	0.27487 	inf     	0.35771 	0.32396 	0.32396 	0.00000 	0.32396 	
0.20670	0         	0.07828 	0.27487 	inf     	0.35771 	0.32396 	0.32396 	0.00000 	0.32396 	
0.20770	0         	0.07828 	0.27487 	inf     	0.35771 	0.32396 	0.32396 	0.00000 	0.32396 	
0.20870	0         	0.07828 	0.27487 	inf     	0.35771 	0.32396 	0.32396 	0.00000 	0.32396 	
0.20970	0         	0.07828 	0.27487 	inf     	0.35771 	0.32396 	0.32396 	0.00000 	0.32396 	
0.21070	0         	0.07828 	0.27487 	inf     	0.35771 	0.32396 	0.32396 	0.00000 	0.32396 	
0.21170	0         	0.07828 	0.27487 	inf     	0.35771 	0.32396 	0.32396 	0.00000 	0.32396 	
0.21269	0         	0.07828 	0.27487 	inf     	0.35771 	0.32396 	0.32396 	0.00000 	0.32396 	
0.21369	0         	0.07828 	0.27487 	inf     	0.35771 	0.32396 	0.32396 	0.00000 	0.32396 	
0.21469	0         	0.07828 	0.27487 	inf     	0.35771 	0.32396 	0.32396 	0.00000 	0.32396 	
0.21569	0         	0.07828 	0.27487 	inf     	0.35771 	0.32396 	0.32396 	0.00000 	0.32396 	
0.21669	0         	0.07828 	0.27487 	inf     	0.35771 	0.32396 	0.32396 	0.00000 	0.32396 	
0.21769	0         	0.07828 	0.27487 	inf     	0.35771 	0.32396 	0.32396 	0.00000 	0.32396 	
0.21869	0         	0.07828 	0.27487 	inf     	0.35771 	0.32396 	0.32396 	0.00000 	0.32396 	
0.21968	0         	0.07828 	0.27487 	inf     	0.35771 	0.32396 	0.32396 	0.00000 	0.32396 	
0.22068	0         	0.07828 	0.27487 	inf     	0.35771 	0.32396 	0.32396 	0.00000 	0.32396 	
0.22168	0         	0.07828 	0.27487 	inf     	0.35771 	0.32396 	0.32396 	0.00000 	0.32396 	
0.22268	0         	0.07828 	0.27487 	inf     	0.35771 	0.32396 	0.32396 	0.00000 	0.32396 	
0.22368	0         	0.07828 	0.27487 	inf     	0.35771 	0.32396 	0.32396 	0.00000 	0.32396 	
0.22468	0         	0.07828 	0.27487 	inf     	0.35771 	0.32396 	0.32396 	0.00000 	0.32396 	
0.22568	0         	0.07828 	0.27487 	inf     	0.35771 	0.32396 	0.32396 	0.00000 	0.32396 	
0.22667	0         	0.07828 	0.27487 	inf     	0.35771 	0.32396 	0.32396 	0.00000 	0.32396 	
0.22767	0         	0.07828 	0.27487 	inf     	0.35771 	0.32396 	0.32396 	0.00000 	0.32396 	
0.22867	0         	0.07828 	0.27487 	inf     	0.35771 	0.32396 	0.32396 	0.00000 	0.32396 	
0.22967	0         	0.07828 	0.27487 	inf     	0.35771 	0.32396 	0.32396 	0.00000 	0.32396 	
0.23067	0         	0.07828 	0.27487 	inf     	0.35771 	0.32396 	0.32396 	0.00000 	0.32396 	
0.23167	0         	0.07828 	0.27487 	inf     	0.35771 	0.32396 	0.32396 	0.00000 	0.32396 	
0.23266	0         	0.07828 	0.27487 	inf     	0.35771 	0.32396 	0.32396 	0.00000 	0.32396 	
0.23366	0         	0.07828 	0.27487 	inf     	0.35771 	0.32396 	0.32396 	0.00000 	0.32396 	
0.23466	0         	0.07828 	0.27487 	inf     	0.35771 	0.32396 	0.32396 	0.00000 	0.32396 	
0.23566	0         	0.07828 	0.27487 	inf     	0.35771 	0.32396 	0.32396 	0.00000 	0.32396 	
0.23666	0         	0.07828 	0.27487 	inf     	0.35771 	0.32396 	0.32396 	0.00000 	0.32396 	
0.23766	0         	0.07828 	0.27487 	inf     	0.35771 	0.32396 	0.32396 	0.00000 	0.32396 	
0.23866	0         	0.07828 	0.27487 	inf     	0.35771 	0.32396 	0.32396 	0.00000 	0.32396 	
0.23965	0         	0.07828 	0.27487 	inf     	0.35771 	0.32396 	0.32396 	0.00000 	0.32396 	
0.24065	0         	0.07828 	0.27487 	inf     	0.35771 	0.32396 	0.32396 	0.00000 	0.32396 	
0.24165	0         	0.07828 	0.27487 	inf     	0.35771 	0.32395 	0.32395 	0.00000 	0.32395 	
0.24265	0         	0.07828 	0.27487 	inf     	0.35771 	0.32395 	0.32395 	0.00000 	0.32395 	
0.24365	0         	0.07828 	0.27487 	inf     	0.35771 	0.32395 	0.32395 	0.00000 	0.32395 	
0.24465	0         	0.07828 	0.27487 	inf     	0.35771 	0.32395 	0.32395 	0.00000 	0.32395 	
0.24565	0         	0.07828 	0.27487 	inf     	0.35771 	0.32395 	0.32395 	0.00000 	0.32395 	
0.24664	0         	0.07828 	0.27487 	inf     	0.35771 	0.32395 	0.32395 	0.00000 	0.32395 	
0.24764	0         	0.07828 	0.27487 	inf     	0.35771 	0.32395 	0.32395 	0.00000 	0.32395 	
0.24864	0         	0.07828 	0.27487 	inf     	0.35771 	0.32395 	0.32395 	0.00000 	0.32395 	
0.24964	0         	0.07828 	0.27487 	inf     	0.35771 	0.32395 	0.32395 	0.00000 	0.32395 	
0.25064	0         	0.07828 	0.27487 	inf     	0.35771 	0.32395 	0.32395 	0.00000 	0.32395 	
0.25164	0         	0.07828 	0.27487 	inf     	0.35771 	0.32395 	0.32395 	0.00000 	0.32395 	
0.25264	0         	0.07828 	0.27487 	inf     	0.35771 	0.32395 	0.32395 	0.00000 	0.32395 	
0.25363	0         	0.07828 	0.27487 	inf     	0.35771 	0.32395 	0.32395 	0.00000 	0.32395 	
0.25463	0         	0.07828 	0.27487 	inf     	0.35771 	0.32395 	0.32395 	0.00000 	0.32395 	
0.25563	0         	0.07828 	0.27487 	inf     	0.35771 	0.32395 	0.32395 	0.00000 	0.32395 	
0.25663	0         	0.07828 	0.27487 	inf     	0.35771 	0.32395 	0.32395 	0.00000 	0.32395 	
0.25763	0         	0.07828 	0.27487 	inf     	0.35771 	0.32395 	0.32395 	0.00000 	0.32395 	
0.25863	0         	0.07828 	0.27486 	inf     	0.35771 	0.32395 	0.32395 	0.00000 	0.32395 	
0.25962	0         	0.07828 	0.27486 	inf     	0.35771 	0.32395 	0.32395 	0.00000 	0.32395 	
0.26062	0         	0.07828 	0.27486 	inf     	0.35771 	0.32395 	0.32395 	0.00000 	0.32395 	
0.26162	0         	0.07828 	0.27486 	inf     	0.35771 	0.32395 	0.32395 	0.00000 	0.32395 	
0.26262	0         	0.07828 	0.27486 	inf     	0.35771 	0.32395 	0.32395 	0.00000 	0.32395 	
0.26362	0         	0.07828 	0.27486 	inf     	0.35771 	0.32395 	0.32395 	0.00000 	0.32395 	
0.26462	0         	0.07828 	0.27486 	inf     	0.35771 	0.32395 	0.32395 	0.00000 	0.32395 	
0.26562	0         	0.07828 	0.27486 	inf     	0.35771 	0.32395 	0.32395 	0.00000 	0.32395 	
0.26661	0         	0.07828 	0.27486 	inf     	0.35771 	0.32395 	0.32395 	0.00000 	0.32395 	
0.26761	0         	0.07828 	0.27486 	inf     	0.35771 	0.32395 	0.32395 	0.00000 	0.32395 	
0.26861	0         	0.07828 	0.27486 	inf     	0.35771 	0.32395 	0.32395 	0.00000 	0.32395 	
0.26961	0         	0.07828 	0.27486 	inf     	0.35771 	0.32395 	0.32395 	0.00000 	0.32395 	
0.27061	0         	0.07828 	0.27486 	inf     	0.35771 	0.32395 	0.32395 	0.00000 	0.32395 	
0.27161	0         	0.07828 	0.27486 	inf     	0.35771 	0.32395 	0.32395 	0.00000 	0.32395 	
0.27261	0         	0.07828 	0.27486 	inf     	0.35771 	0.32395 	0.32395 	0.00000 	0.32395 	
0.27360	0         	0.07828 	0.27486 	inf     	0.35771 	0.32395 	0.32395 	0.00000 	0.32395 	
0.27460	0         	0.07828 	0.27486 	inf     	0.35771 	0.32395 	0.32395 	0.00000 	0.32395 	
0.27560	0         	0.07828 	0.27486 	inf     	0.35771 	0.32395 	0.32395 	0.00000 	0.32395 	
0.27660	0         	0.07828 	0.27486 	inf     	0.35771 	0.32395 	0.32395 	0.00000 	0.32395 	
0.27760	0         	0.07828 	0.27486 	inf     	0.35771 	0.32395 	0.32395 	0.00000 	0.32395 	
0.27860	0         	0.07828 	0.27486 	inf     	0.35771 	0.32395 	0.32395 	0.00000 	0.32395 	
0.27960	0         	0.07828 	0.27486 	inf     	0.35771 	0.32395 	0.32395 	0.00000 	0.32395 	
0.28059	0         	0.07828 	0.27486 	inf     	0.35771 	0.32395 	0.32395 	0.00000 	0.32395 	
0.28159	0         	0.07828 	0.27486 	inf     	0.35771 	0.32395 	0.32395 	0.00000 	0.32395 	
0.28259	0         	0.07828 	0.27486 	inf     	0.35771 	0.32395 	0.32395 	0.00000 	0.32395 	
0.28359	0         	0.07828 	0.27486 	inf     	0.35771 	0.32395 	0.32395 	0.00000 	0.32395 	
0.28459	0         	0.07828 	0.27486 	inf     	0.35771 	0.32395 	0.32395 	0.00000 	0.32395 	
0.28559	0         	0.07828 	0.27486 	inf     	0.35771 	0.32395 	0.32395 	0.00000 	0.32395 	
0.28658	0         	0.07828 	0.27486 	inf     	0.35771 	0.32395 	0.32395 	0.00000 	0.32395 	
0.28758	0         	0.07828 	0.27486 	inf     	0.35771 	0.32395 	0.32395 	0.00000 	0.32395 	
0.28858	0         	0.07828 	0.27486 	inf     	0.35771 	0.32395 	0.32395 	0.00000 	0.32395 	
0.28958	0         	0.07828 	0.27486 	inf     	0.35771 	0.32394 	0.32394 	0.00000 	0.32394 	
0.29058	0         	0.07828 	0.27486 	inf     	0.35771 	0.32394 	0.32394 	0.00000 	0.32394 	
0.29158	0         	0.07828 	0.27486 	inf     	0.35771 	0.32394 	0.32394 	0.00000 	0.32394 	
0.29258	0         	0.07828 	0.27486 	inf     	0.35771 	0.32394 	0.32394 	0.00000 	0.32394 	
0.29357	0         	0.07828 	0.27486 	inf     	0.35771 	0.32394 	0.32394 	0.00000 	0.32394 	
0.29457	0         	0.07828 	0.27486 	inf     	0.35771 	0.32394 	0.32394 	0.00000 	0.32394 	
0.29557	0         	0.07828 	0.27486 	inf     	0.35771 	0.32394 	0.32394 	0.00000 	0.32394 	
0.29657	0         	0.07828 	0.27486 	inf     	0.35771 	0.32394 	0.32394 	0.00000 	0.32394 	
0.29757	0         	0.07828 	0.27486 	inf     	0.35771 	0.32394 	0.32394 	0.00000 	0.32394 	
0.29857	0         	0.07828 	0.27486 	inf     	0.35771 	0.32394 	0.32394 	0.00000 	0.32394 	
0.29957	0         	0.07828 	0.27486 	inf     	0.35771 	0.32394 	0.32394 	0.00000 	0.32394 	
0.30056	0         	0.07828 	0.27486 	inf     	0.35771 	0.32394 	0.32394 	0.00000 	0.32394 	
0.30156	0         	0.07828 	0.27486 	inf     	0.35771 	0.32394 	0.32394 	0.00000 	0.32394 	
0.30256	0         	0.07828 	0.27486 	inf     	0.35771 	0.32394 	0.32394 	0.00000 	0.32394 	
0.30356	0         	0.07828 	0.27486 	inf     	0.35771 	0.32394 	0.32394 	0.00000 	0.32394 	
0.30456	0         	0.07828 	0.27486 	inf     	0.35771 	0.32394 	0.32394 	0.00000 	0.32394 	
0.30556	0         	0.07828 	0.27486 	inf     	0.35771 	0.32394 	0.32394 	0.00000 	0.32394 	
0.30656	0         	0.07828 	0.27486 	inf     	0.35771 	0.32394 	0.32394 	0.00000 	0.32394 	
0.30755	0         	0.07828 	0.27486 	inf     	0.35771 	0.32394 	0.32394 	0.00000 	0.32394 	
0.30855	0         	0.07828 	0.27486 	inf     	0.35771 	0.32393 	0.32393 	0.00000 	0.32393 	
0.30955	0         	0.07828 	0.27486 	inf     	0.35771 	0.32393 	0.32393 	0.00000 	0.32393 	
0.31055	0         	0.07828 	0.27486 	inf     	0.35771 	0.32393 	0.32393 	0.00000 	0.32393 	
0.31155	0         	0.07828 	0.27486 	inf     	0.35771 	0.32393 	0.32393 	0.00000 	0.32393 	
0.31255	0         	0.07828 	0.27486 	inf     	0.35771 	0.32393 	0.32393 	0.00000 	0.32393 	
0.31354	0         	0.07828 	0.27486 	inf     	0.35771 	0.32393 	0.32393 	0.00000 	0.32393 	
0.31454	0         	0.07828 	0.27486 	inf     	0.35771 	0.32393 	0.32393 	0.00000 	0.32393 	
0.31554	0         	0.07828 	0.27486 	inf     	0.35771 	0.32393 	0.32393 	0.00000 	0.32393 	
0.31654	0         	0.07828 	0.27486 	inf     	0.35771 	0.32393 	0.32393 	0.00000 	0.32393 	
0.31754	0         	0.07828 	0.27486 	inf     	0.35771 	0.32393 	0.32393 	0.00000 	0.32393 	
0.31854	0         	0.07828 	0.27486 	inf     	0.35771 	0.32393 	0.32393 	0.00000 	0.32393 	
0.31954	0         	0.07828 	0.27486 	inf     	0.35771 	0.32393 	0.32393 	0.00000 	0.32393 	
0.32053	0         	0.07828 	0.27486 	inf     	0.35771 	0.32393 	0.32393 	0.00000 	0.32393 	
0.32153	0         	0.07828 	0.27486 	inf     	0.35771 	0.32393 	0.32393 	0.00000 	0.32393 	
0.32253	0         	0.07828 	0.27486 	inf     	0.35771 	0.32392 	0.32392 	0.00000 	0.32392 	
0.32353	0         	0.07828 	0.27486 	inf     	0.35771 	0.32392 	0.32392 	0.00000 	0.32392 	
0.32453	0         	0.07828 	0.27486 	inf     	0.35771 	0.32392 	0.32392 	0.00000 	0.32392 	
0.32553	0         	0.07828 	0.27486 	inf     	0.35771 	0.32392 	0.32392 	0.00000 	0.32392 	
0.32653	0         	0.07828 	0.27486 	inf     	0.35771 	0.32392 	0.32392 	0.00000 	0.32392 	
0.32752	0         	0.07828 	0.27486 	inf     	0.35771 	0.32392 	0.32392 	0.00000 	0.32392 	
0.32852	0         	0.07828 	0.27486 	inf     	0.35771 	0.32392 	0.32392 	0.00000 	0.32392 	
0.32952	0         	0.07828 	0.27486 	inf     	0.35771 	0.32392 	0.32392 	0.00000 	0.32392 	
0.33052	0         	0.07828 	0.27486 	inf     	0.35771 	0.32392 	0.32392 	0.00000 	0.32392 	
0.33152	0         	0.07828 	0.27486 	inf     	0.35771 	0.32392 	0.32392 	0.00000 	0.32392 	
0.33252	0         	0.07828 	0.27486 	inf     	0.35771 	0.32392 	0.32392 	0.00000 	0.32392 	
0.33352	0         	0.07828 	0.27486 	inf     	0.35771 	0.32392 	0.32392 	0.00000 	0.32392 	
0.33451	0         	0.07828 	0.27486 	inf     	0.35771 	0.32391 	0.32391 	0.00000 	0.32391 	
0.33551	0         	0.07828 	0.27486 	inf     	0.35771 	0.32391 	0.32391 	0.00000 	0.32391 	
0.33651	0         	0.07828 	0.27486 	inf     	0.35771 	0.32391 	0.32391 	0.00000 	0.32391 	
0.33751	0         	0.07828 	0.27486 	inf     	0.35771 	0.32391 	0.32391 	0.00000 	0.32391 	
0.33851	0         	0.07828 	0.27486 	inf     	0.35771 	0.32391 	0.32391 	0.00000 	0.32391 	
0.33951	0         	0.07828 	0.27486 	inf     	0.35771 	0.32391 	0.32391 	0.00000 	0.32391 	
0.34050	0         	0.07828 	0.27486 	inf     	0.35771 	0.32391 	0.32391 	0.00000 	0.32391 	
0.34150	0         	0.07828 	0.27486 	inf     	0.35771 	0.32391 	0.32391 	0.00000 	0.32391 	
0.34250	0         	0.07828 	0.27486 	inf     	0.35771 	0.32391 	0.32391 	0.00000 	0.32391 	
0.34350	0         	0.07828 	0.27486 	inf     	0.35771 	0.32391 	0.32391 	0.00000 	0.32391 	
0.34450	0         	0.07828 	0.27486 	inf     	0.35771 	0.32391 	0.32391 	0.00000 	0.32391 	
0.34550	0         	0.07828 	0.27486 	inf     	0.35771 	0.32391 	0.32391 	0.00000 	0.32391 	
0.34650	0         	0.07828 	0.27486 	inf     	0.35771 	0.32391 	0.32391 	0.00000 	0.32391 	
0.34749	0         	0.07828 	0.27485 	inf     	0.35771 	0.32391 	0.32391 	0.00000 	0.32391 	
0.34849	0         	0.07828 	0.27485 	inf     	0.35771 	0.32390 	0.32390 	0.00000 	0.32390 	
0.34949	0         	0.07828 	0.27485 	inf     	0.35771 	0.32390 	0.32390 	0.00000 	0.32390 	
0.35049	0         	0.07828 	0.27485 	inf     	0.35771 	0.32390 	0.32390 	0.00000 	0.32390 	
0.35149	0         	0.07828 	0.27485 	inf     	0.35771 	0.32390 	0.32390 	0.00000 	0.32390 	
0.35249	0         	0.07828 	0.27485 	inf     	0.35771 	0.32390 	0.32390 	0.00000 	0.32390 	
0.35349	0         	0.07828 	0.27485 	inf     	0.35771 	0.32390 	0.32390 	0.00000 	0.32390 	
0.35448	0         	0.07828 	0.27485 	inf     	0.35771 	0.32390 	0.32390 	0.00000 	0.32390 	
0.35548	0         	0.07828 	0.27485 	inf     	0.35771 	0.32390 	0.32390 	0.00000 	0.32390 	
0.35648	0         	0.07828 	0.27485 	inf     	0.35771 	0.32390 	0.32390 	0.00000 	0.32390 	
0.35748	0         	0.07828 	0.27485 	inf     	0.35771 	0.32390 	0.32390 	0.00000 	0.32390 	
0.35848	0         	0.07828 	0.27485 	inf     	0.35771 	0.32390 	0.32390 	0.00000 	0.32390 	
0.35948	0         	0.07828 	0.27485 	inf     	0.35771 	0.32390 	0.32390 	0.00000 	0.32390 	
0.36048	0         	0.07828 	0.27485 	inf     	0.35771 	0.32390 	0.32390 	0.00000 	0.32390 	
0.36147	0         	0.07828 	0.27485 	inf     	0.35771 	0.32390 	0.32390 	0.00000 	0.32390 	
0.36247	0         	0.07828 	0.27485 	inf     	0.35771 	0.32390 	0.32390 	0.00000 	0.32390 	
0.36347	0         	0.07828 	0.27485 	inf     	0.35771 	0.32390 	0.32390 	0.00000 	0.32390 	
0.36447	0         	0.07828 	0.27485 	inf     	0.35771 	0.32390 	0.32390 	0.00000 	0.32390 	
0.36547	0         	0.07828 	0.27485 	inf     	0.35771 	0.32390 	0.32390 	0.00000 	0.32390 	
0.36647	0         	0.07828 	0.27485 	inf     	0.35771 	0.32389 	0.32389 	0.00000 	0.32389 	
0.36746	0         	0.07828 	0.27485 	inf     	0.35771 	0.32389 	0.32389 	0.00000 	0.32389 	
0.36846	0         	0.07828 	0.27485 	inf     	0.35771 	0.32389 	0.32389 	0.00000 	0.32389 	
0.36946	0         	0.07828 	0.27485 	inf     	0.35771 	0.32389 	0.32389 	0.00000 	0.32389 	
0.37046	0         	0.07828 	0.27485 	inf     	0.35771 	0.32389 	0.32389 	0.00000 	0.32389 	
0.37146	0         	0.07828 	0.27485 	inf     	0.35771 	0.32389 	0.32389 	0.00000 	0.32389 	
0.37246	0         	0.07828 	0.27485 	inf     	0.35771 	0.32389 	0.32389 	0.00000 	0.32389 	
0.37346	0         	0.07828 	0.27485 	inf     	0.35771 	0.32389 	0.32389 	0.00000 	0.32389 	
0.37445	0         	0.07828 	0.27485 	inf     	0.35771 	0.32389 	0.32389 	0.00000 	0.32389 	
0.37545	0         	0.07828 	0.27485 	inf     	0.35771 	0.32389 	0.32389 	0.00000 	0.32389 	
0.37645	0         	0.07828 	0.27485 	inf     	0.35771 	0.32389 	0.32389 	0.00000 	0.32389 	
0.37745	0         	0.07828 	0.27485 	inf     	0.35771 	0.32389 	0.32389 	0.00000 	0.32389 	
0.37845	0         	0.07828 	0.27485 	inf     	0.35771 	0.32389 	0.32389 	0.00000 	0.32389 	
0.37945	0         	0.07828 	0.27485 	inf     	0.35771 	0.32389 	0.32389 	0.00000 	0.32389 	
0.38045	0         	0.07828 	0.27485 	inf     	0.35771 	0.32389 	0.32389 	0.00000 	0.32389 	
0.38144	0         	0.07828 	0.27485 	inf     	0.35771 	0.32389 	0.32389 	0.00000 	0.32389 	
0.38244	0         	0.07828 	0.27485 	inf     	0.35771 	0.32389 	0.32389 	0.00000 	0.32389 	
0.38344	0         	0.07828 	0.27485 	inf     	0.35771 	0.32389 	0.32389 	0.00000 	0.32389 	
0.38444	0         	0.07828 	0.27485 	inf     	0.35771 	0.32389 	0.32389 	0.00000 	0.32389 	
0.38544	0         	0.07828 	0.27485 	inf     	0.35771 	0.32389 	0.32389 	0.00000 	0.32389 	
0.38644	0         	0.07828 	0.27485 	inf     	0.35771 	0.32389 	0.32389 	0.00000 	0.32389 	
0.38744	0         	0.07828 	0.27485 	inf     	0.35771 	0.32389 	0.32389 	0.00000 	0.32389 	
0.38843	0         	0.07828 	0.27485 	inf     	0.35771 	0.32389 	0.32389 	0.00000 	0.32389 	
0.38943	0         	0.07828 	0.27485 	inf     	0.35771 	0.32389 	0.32389 	0.00000 	0.32389 	
0.39043	0         	0.07828 	0.27485 	inf     	0.35771 	0.32389 	0.32389 	0.00000 	0.32389 	
0.39143	0         	0.07828 	0.27485 	inf     	0.35771 	0.32389 	0.32389 	0.00000 	0.32389 	
0.39243	0         	0.07828 	0.27485 	inf     	0.35771 	0.32389 	0.32389 	0.00000 	0.32389 	
0.39343	0         	0.07828 	0.27485 	inf     	0.35771 	0.32389 	0.32389 	0.00000 	0.32389 	
0.39443	0         	0.07828 	0.27485 	inf     	0.35771 	0.32389 	0.32389 	0.00000 	0.32389 	
0.39542	0         	0.07828 	0.27485 	inf     	0.35771 	0.32389 	0.32389 	0.00000 	0.32389 	
0.39642	0         	0.07828 	0.27485 	inf     	0.35771 	0.32389 	0.32389 	0.00000 	0.32389 	
0.39742	0         	0.07828 	0.27485 	inf     	0.35771 	0.32389 	0.32389 	0.00000 	0.32389 	
0.39842	0         	0.07828 	0.27485 	inf     	0.35771 	0.32389 	0.32389 	0.00000 	0.32389 	
0.39942	0         	0.07828 	0.27485 	inf     	0.35771 	0.32389 	0.32389 	0.00000 	0.32389 	
0.40042	0         	0.07828 	0.27485 	inf     	0.35771 	0.32389 	0.32389 	0.00000 	0.32389 	
0.40141	0         	0.07828 	0.27485 	inf     	0.35771 	0.32388 	0.32388 	0.00000 	0.32388 	
0.40241	0         	0.07828 	0.27485 	inf     	0.35771 	0.32388 	0.32388 	0.00000 	0.32388 	
0.40341	0         	0.07828 	0.27485 	inf     	0.35771 	0.32388 	0.32388 	0.00000 	0.32388 	
0.40441	0         	0.07828 	0.27485 	inf     	0.35771 	0.32388 	0.32388 	0.00000 	0.32388 	
0.40541	0         	0.07828 	0.27485 	inf     	0.35771 	0.32388 	0.32388 	0.00000 	0.32388 	
0.40641	0         	0.07828 	0.27485 	inf     	0.35771 	0.32388 	0.32388 	0.00000 	0.32388 	
0.40741	0         	0.07828 	0.27485 	inf     	0.35771 	0.32388 	0.32388 	0.00000 	0.32388 	
0.40840	0         	0.07828 	0.27485 	inf     	0.35771 	0.32388 	0.32388 	0.00000 	0.32388 	
0.40940	0         	0.07828 	0.27485 	inf     	0.35771 	0.32388 	0.32388 	0.00000 	0.32388 	
0.41040	0         	0.07828 	0.27485 	inf     	0.35771 	0.32388 	0.32388 	0.00000 	0.32388 	
0.41140	0         	0.07828 	0.27485 	inf     	0.35771 	0.32388 	0.32388 	0.00000 	0.32388 	
0.41240	0         	0.07828 	0.27485 	inf     	0.35771 	0.32388 	0.32388 	0.00000 	0.32388 	
0.41340	0         	0.07828 	0.27485 	inf     	0.35771 	0.32388 	0.32388 	0.00000 	0.32388 	
0.41440	0         	0.07828 	0.27485 	inf     	0.35771 	0.32388 	0.32388 	0.00000 	0.32388 	
0.41539	0         	0.07828 	0.27485 	inf     	0.35771 	0.32388 	0.32388 	0.00000 	0.32388 	
0.41639	0         	0.07828 	0.27485 	inf     	0.35771 	0.32388 	0.32388 	0.00000 	0.32388 	
0.41739	0         	0.07828 	0.27485 	inf     	0.35771 	0.32387 	0.32387 	0.00000 	0.32387 	
0.41839	0         	0.07828 	0.27485 	inf     	0.35771 	0.32387 	0.32387 	0.00000 	0.32387 	
0.41939	0         	0.07828 	0.27485 	inf     	0.35771 	0.32387 	0.32387 	0.00000 	0.32387 	
0.42039	0         	0.07828 	0.27485 	inf     	0.35771 	0.32387 	0.32387 	0.00000 	0.32387 	
0.42139	0         	0.07828 	0.27485 	inf     	0.35771 	0.32387 	0.32387 	0.00000 	0.32387 	
0.42238	0         	0.07828 	0.27485 	inf     	0.35771 	0.32387 	0.32387 	0.00000 	0.32387 	
0.42338	0         	0.07828 	0.27485 	inf     	0.35771 	0.32387 	0.32387 	0.00000 	0.32387 	
0.42438	0         	0.07828 	0.27484 	inf     	0.35771 	0.32387 	0.32387 	0.00000 	0.32387 	
0.42538	0         	0.07828 	0.27484 	inf     	0.35771 	0.32387 	0.32387 	0.00000 	0.32387 	
0.42638	0         	0.07828 	0.27484 	inf     	0.35771 	0.32387 	0.32387 	0.00000 	0.32387 	
0.42738	0         	0.07828 	0.27484 	inf     	0.35771 	0.32387 	0.32387 	0.00000 	0.32387 	
0.42837	0         	0.07828 	0.27484 	inf     	0.35771 	0.32387 	0.32387 	0.00000 	0.32387 	
0.42937	0         	0.07828 	0.27484 	inf     	0.35771 	0.32387 	0.32387 	0.00000 	0.32387 	
0.43037	0         	0.07828 	0.27484 	inf     	0.35771 	0.32387 	0.32387 	0.00000 	0.32387 	
0.43137	0         	0.07828 	0.27484 	inf     	0.35771 	0.32387 	0.32387 	0.00000 	0.32387 	
0.43237	0         	0.07828 	0.27484 	inf     	0.35771 	0.32386 	0.32386 	0.00000 	0.32386 	
0.43337	0         	0.07828 	0.27484 	inf     	0.35771 	0.32386 	0.32386 	0.00000 	0.32386 	
0.43437	0         	0.07828 	0.27484 	inf     	0.35771 	0.32386 	0.32386 	0.00000 	0.32386 	
0.43536	0         	0.07828 	0.27484 	inf     	0.35771 	0.32386 	0.32386 	0.00000 	0.32386 	
0.43636	0         	0.07828 	0.27484 	inf     	0.35771 	0.32386 	0.32386 	0.00000 	0.32386 	
0.43736	0         	0.07828 	0.27484 	inf     	0.35771 	0.32386 	0.32386 	0.00000 	0.32386 	
0.43836	0         	0.07828 	0.27484 	inf     	0.35771 	0.32386 	0.32386 	0.00000 	0.32386 	
0.43936	0         	0.07828 	0.27484 	inf     	0.35771 	0.32386 	0.32386 	0.00000 	0.32386 	
0.44036	0         	0.07828 	0.27484 	inf     	0.35771 	0.32386 	0.32386 	0.00000 	0.32386 	
0.44136	0         	0.07828 	0.27484 	inf     	0.35771 	0.32386 	0.32386 	0.00000 	0.32386 	
0.44235	0         	0.07828 	0.27484 	inf     	0.35771 	0.32385 	0.32385 	0.00000 	0.32385 	
0.44335	0         	0.07828 	0.27484 	inf     	0.35771 	0.32385 	0.32385 	0.00000 	0.32385 	
0.44435	0         	0.07828 	0.27484 	inf     	0.35771 	0.32385 	0.32385 	0.00000 	0.32385 	
0.44535	0         	0.07828 	0.27484 	inf     	0.35771 	0.32385 	0.32385 	0.00000 	0.32385 	
0.44635	0         	0.07828 	0.27484 	inf     	0.35771 	0.32385 	0.32385 	0.00000 	0.32385 	
0.44735	0         	0.07828 	0.27484 	inf     	0.35771 	0.32385 	0.32385 	0.00000 	0.32385 	
0.44835	0         	0.07828 	0.27484 	inf     	0.35771 	0.32385 	0.32385 	0.00000 	0.32385 	
0.44934	0         	0.07828 	0.27484 	inf     	0.35771 	0.32385 	0.32385 	0.00000 	0.32385 	
0.45034	0         	0.07828 	0.27484 	inf     	0.35771 	0.32385 	0.32385 	0.00000 	0.32385 	
0.45134	0         	0.07828 	0.27484 	inf     	0.35771 	0.32385 	0.32385 	0.00000 	0.32385 	
0.45234	0         	0.07828 	0.27484 	inf     	0.35771 	0.32385 	0.32385 	0.00000 	0.32385 	
0.45334	0         	0.07828 	0.27484 	inf     	0.35771 	0.32385 	0.32385 	0.00000 	0.32385 	
0.45434	0         	0.07828 	0.27484 	inf     	0.35771 	0.32385 	0.32385 	0.00000 	0.32385 	
0.45533	0         	0.07828 	0.27484 	inf     	0.35771 	0.32385 	0.32385 	0.00000 	0.32385 	
0.45633	0         	0.07828 	0.27484 	inf     	0.35771 	0.32385 	0.32385 	0.00000 	0.32385 	
0.45733	0         	0.07828 	0.27484 	inf     	0.35771 	0.32385 	0.32385 	0.00000 	0.32385 	
0.45833	0         	0.07828 	0.27484 	inf     	0.35771 	0.32385 	0.32385 	0.00000 	0.32385 	
0.45933	0         	0.07828 	0.27484 	inf     	0.35771 	0.32385 	0.32385 	0.00000 	0.32385 	
0.46033	0         	0.07828 	0.27484 	inf     	0.35771 	0.32385 	0.32385 	0.00000 	0.32385 	
0.46133	0         	0.07828 	0.27484 	inf     	0.35771 	0.32385 	0.32385 	0.00000 	0.32385 	
0.46232	0         	0.07828 	0.27484 	inf     	0.35771 	0.32385 	0.32385 	0.00000 	0.32385 	
0.46332	0         	0.07828 	0.27484 	inf     	0.35771 	0.32385 	0.32385 	0.00000 	0.32385 	
0.46432	0         	0.07828 	0.27484 	inf     	0.35771 	0.32385 	0.32385 	0.00000 	0.32385 	
0.46532	0         	0.07828 	0.27484 	inf     	0.35771 	0.32385 	0.32385 	0.00000 	0.32385 	
0.46632	0         	0.07828 	0.27484 	inf     	0.35771 	0.32384 	0.32384 	0.00000 	0.32384 	
0.46732	0         	0.07828 	0.27484 	inf     	0.35771 	0.32384 	0.32384 	0.00000 	0.32384 	
0.46832	0         	0.07828 	0.27484 	inf     	0.35771 	0.32384 	0.32384 	0.00000 	0.32384 	
0.46931	0         	0.07828 	0.27484 	inf     	0.35771 	0.32384 	0.32384 	0.00000 	0.32384 	
0.47031	0         	0.07828 	0.27484 	inf     	0.35771 	0.32384 	0.32384 	0.00000 	0.32384 	
0.47131	0         	0.07828 	0.27484 	inf     	0.35771 	0.32384 	0.32384 	0.00000 	0.32384 	
0.47231	0         	0.07828 	0.27484 	inf     	0.35771 	0.32384 	0.32384 	0.00000 	0.32384 	
0.47331	0         	0.07828 	0.27484 	inf     	0.35771 	0.32384 	0.32384 	0.00000 	0.32384 	
0.47431	0         	0.07828 	0.27484 	inf     	0.35771 	0.32384 	0.32384 	0.00000 	0.32384 	
0.47531	0         	0.07828 	0.27484 	inf     	0.35771 	0.32384 	0.32384 	0.00000 	0.32384 	
0.47630	0         	0.07828 	0.27484 	inf     	0.35771 	0.32384 	0.32384 	0.00000 	0.32384 	
0.47730	0         	0.07828 	0.27484 	inf     	0.35771 	0.32384 	0.32384 	0.00000 	0.32384 	
0.47830	0         	0.07828 	0.27484 	inf     	0.35771 	0.32383 	0.32383 	0.00000 	0.32383 	
0.47930	0         	0.07828 	0.27484 	inf     	0.35771 	0.32383 	0.32383 	0.00000 	0.32383 	
0.48030	0         	0.07828 	0.27484 	inf     	0.35771 	0.32383 	0.32383 	0.00000 	0.32383 	
0.48130	0         	0.07828 	0.27484 	inf     	0.35771 	0.32383 	0.32383 	0.00000 	0.32383 	
0.48229	0         	0.07828 	0.27483 	inf     	0.35771 	0.32383 	0.32383 	0.00000 	0.32383 	
0.48329	0         	0.07828 	0.27483 	inf     	0.35771 	0.32382 	0.32382 	0.00000 	0.32382 	
0.48429	0         	0.07828 	0.27483 	inf     	0.35771 	0.32382 	0.32382 	0.00000 	0.32382 	
0.48529	0         	0.07828 	0.27483 	inf     	0.35771 	0.32382 	0.32382 	0.00000 	0.32382 	
0.48629	0         	0.07828 	0.27483 	inf     	0.35771 	0.32382 	0.32382 	0.00000 	0.32382 	
0.48729	0         	0.07828 	0.27483 	inf     	0.35771 	0.32381 	0.32381 	0.00000 	0.32381 	
0.48829	0         	0.07828 	0.27483 	inf     	0.35771 	0.32381 	0.32381 	0.00000 	0.32381 	
0.48928	0         	0.07828 	0.27483 	inf     	0.35771 	0.32381 	0.32381 	0.00000 	0.32381 	
0.49028	0         	0.07828 	0.27483 	inf     	0.35771 	0.32380 	0.32380 	0.00000 	0.32380 	
0.49128	0         	0.07828 	0.27483 	inf     	0.35771 	0.32380 	0.32380 	0.00000 	0.32380 	
0.49228	0         	0.07828 	0.27483 	inf     	0.35771 	0.32380 	0.32380 	0.00000 	0.32380 	
0.49328	0         	0.07828 	0.27483 	inf     	0.35771 	0.32380 	0.32380 	0.00000 	0.32380 	
0.49428	0         	0.07828 	0.27483 	inf     	0.35771 	0.32379 	0.32379 	0.00000 	0.32379 	
0.49528	0         	0.07828 	0.27483 	inf     	0.35771 	0.32379 	0.32379 	0.00000 	0.32379 	
0.49627	0         	0.07828 	0.27482 	inf     	0.35771 	0.32379 	0.32379 	0.00000 	0.32379 	
0.49727	0         	0.07828 	0.27482 	inf     	0.35771 	0.32378 	0.32378 	0.00000 	0.32378 	
0.49827	0         	0.07828 	0.27482 	inf     	0.35771 	0.32378 	0.32378 	0.00000 	0.32378 	
0.49927	0         	0.07828 	0.27482 	inf     	0.35771 	0.32378 	0.32378 	0.00000 	0.32378 	
0.50027	0         	0.07828 	0.27482 	inf     	0.35771 	0.32378 	0.32378 	0.00000 	0.32378 	
0.50127	0         	0.07828 	0.27482 	inf     	0.35771 	0.32378 	0.32378 	0.00000 	0.32378 	
0.50227	0         	0.07828 	0.27482 	inf     	0.35771 	0.32378 	0.32378 	0.00000 	0.32378 	
0.50326	0         	0.07828 	0.27482 	inf     	0.35771 	0.32377 	0.32377 	0.00000 	0.32377 	
0.50426	0         	0.07828 	0.27482 	inf     	0.35771 	0.32377 	0.32377 	0.00000 	0.32377 	
0.50526	0         	0.07828 	0.27482 	inf     	0.35771 	0.32377 	0.32377 	0.00000 	0.32377 	
0.50626	0         	0.07828 	0.27482 	inf     	0.35771 	0.32377 	0.32377 	0.00000 	0.32377 	
0.50726	0         	0.07828 	0.27482 	inf     	0.35771 	0.32377 	0.32377 	0.00000 	0.32377 	
0.50826	0         	0.07828 	0.27482 	inf     	0.35771 	0.32377 	0.32377 	0.00000 	0.32377 	
0.50925	0         	0.07828 	0.27482 	inf     	0.35771 	0.32377 	0.32377 	0.00000 	0.32377 	
0.51025	0         	0.07828 	0.27482 	inf     	0.35771 	0.32377 	0.32377 	0.00000 	0.32377 	
0.51125	0         	0.07828 	0.27482 	inf     	0.35771 	0.32376 	0.32376 	0.00000 	0.32376 	
0.51225	0         	0.07828 	0.27482 	inf     	0.35771 	0.32376 	0.32376 	0.00000 	0.32376 	
0.51325	0         	0.07828 	0.27482 	inf     	0.35771 	0.32376 	0.32376 	0.00000 	0.32376 	
0.51425	0         	0.07828 	0.27482 	inf     	0.35771 	0.32376 	0.32376 	0.00000 	0.32376 	
0.51525	0         	0.07828 	0.27482 	inf     	0.35771 	0.32376 	0.32376 	0.00000 	0.32376 	
0.51624	0         	0.07828 	0.27481 	inf     	0.35771 	0.32375 	0.32375 	0.00000 	0.32375 	
0.51724	0         	0.07828 	0.27481 	inf     	0.35771 	0.32375 	0.32375 	0.00000 	0.32375 	
0.51824	0         	0.07828 	0.27481 	inf     	0.35771 	0.32375 	0.32375 	0.00000 	0.32375 	
0.51924	0         	0.07828 	0.27481 	inf     	0.35771 	0.32375 	0.32375 	0.00000 	0.32375 	
0.52024	0         	0.07828 	0.27481 	inf     	0.35771 	0.32375 	0.32375 	0.00000 	0.32375 	
0.52124	0         	0.07828 	0.27481 	inf     	0.35771 	0.32375 	0.32375 	0.00000 	0.32375 	
0.52224	0         	0.07828 	0.27481 	inf     	0.35771 	0.32375 	0.32375 	0.00000 	0.32375 	
0.52323	0         	0.07828 	0.27481 	inf     	0.35771 	0.32375 	0.32375 	0.00000 	0.32375 	
0.52423	0         	0.07828 	0.27481 	inf     	0.35771 	0.32373 	0.32373 	0.00000 	0.32373 	
0.52523	0         	0.07828 	0.27481 	inf     	0.35771 	0.32373 	0.32373 	0.00000 	0.32373 	
0.52623	0         	0.07828 	0.27481 	inf     	0.35771 	0.32373 	0.32373 	0.00000 	0.32373 	
0.52723	0         	0.07828 	0.27481 	inf     	0.35771 	0.32373 	0.32373 	0.00000 	0.32373 	
0.52823	0         	0.07828 	0.27481 	inf     	0.35771 	0.32373 	0.32373 	0.00000 	0.32373 	
0.52923	0         	0.07828 	0.27481 	inf     	0.35771 	0.32373 	0.32373 	0.00000 	0.32373 	
0.53022	0         	0.07828 	0.27481 	inf     	0.35771 	0.32372 	0.32372 	0.00000 	0.32372 	
0.53122	0         	0.07828 	0.27481 	inf     	0.35771 	0.32372 	0.32372 	0.00000 	0.32372 	
0.53222	0         	0.07828 	0.27481 	inf     	0.35771 	0.32372 	0.32372 	0.00000 	0.32372 	
0.53322	0         	0.07828 	0.27481 	inf     	0.35771 	0.32372 	0.32372 	0.00000 	0.32372 	
0.53422	0         	0.07828 	0.27481 	inf     	0.35771 	0.32372 	0.32372 	0.00000 	0.32372 	
0.53522	0         	0.07828 	0.27481 	inf     	0.35771 	0.32371 	0.32371 	0.00000 	0.32371 	
0.53621	0         	0.07828 	0.27481 	inf     	0.35771 	0.32371 	0.32371 	0.00000 	0.32371 	
0.53721	0         	0.07828 	0.27480 	inf     	0.35771 	0.32371 	0.32371 	0.00000 	0.32371 	
0.53821	0         	0.07828 	0.27480 	inf     	0.35771 	0.32371 	0.32371 	0.00000 	0.32371 	
0.53921	0         	0.07828 	0.27480 	inf     	0.35771 	0.32370 	0.32370 	0.00000 	0.32370 	
0.54021	0         	0.07828 	0.27480 	inf     	0.35771 	0.32370 	0.32370 	0.00000 	0.32370 	
0.54121	0         	0.07828 	0.27480 	inf     	0.35771 	0.32370 	0.32370 	0.00000 	0.32370 	
0.54221	0         	0.07828 	0.27480 	inf     	0.35771 	0.32369 	0.32369 	0.00000 	0.32369 	
0.54320	0         	0.07828 	0.27480 	inf     	0.35771 	0.32369 	0.32369 	0.00000 	0.32369 	
0.54420	0         	0.07828 	0.27480 	inf     	0.35771 	0.32369 	0.32369 	0.00000 	0.32369 	
0.54520	0         	0.07828 	0.27480 	inf     	0.35771 	0.32369 	0.32369 	0.00000 	0.32369 	
0.54620	0         	0.07828 	0.27480 	inf     	0.35771 	0.32367 	0.32367 	0.00000 	0.32367 	
0.54720	0         	0.07828 	0.27479 	inf     	0.35771 	0.32367 	0.32367 	0.00000 	0.32367 	
0.54820	0         	0.07828 	0.27479 	inf     	0.35771 	0.32367 	0.32367 	0.00000 	0.32367 	
0.54920	0         	0.07828 	0.27479 	inf     	0.35771 	0.32366 	0.32366 	0.00000 	0.32366 	
0.55019	0         	0.07828 	0.27479 	inf     	0.35771 	0.32366 	0.32366 	0.00000 	0.32366 	
0.55119	0         	0.07828 	0.27479 	inf     	0.35771 	0.32364 	0.32364 	0.00000 	0.32364 	
0.55219	0         	0.07828 	0.27479 	inf     	0.35771 	0.32364 	0.32364 	0.00000 	0.32364 	
0.55319	0         	0.07828 	0.27479 	inf     	0.35771 	0.32364 	0.32364 	0.00000 	0.32364 	
0.55419	0         	0.07828 	0.27478 	inf     	0.35771 	0.32362 	0.32362 	0.00000 	0.32362 	
0.55519	0         	0.07828 	0.27478 	inf     	0.35771 	0.32361 	0.32361 	0.00000 	0.32361 	
0.55619	0         	0.07828 	0.27478 	inf     	0.35771 	0.32359 	0.32359 	0.00000 	0.32359 	
0.55718	0         	0.07828 	0.27478 	inf     	0.35771 	0.32359 	0.32359 	0.00000 	0.32359 	
0.55818	0         	0.07828 	0.27477 	inf     	0.35771 	0.32358 	0.32358 	0.00000 	0.32358 	
0.55918	0         	0.07828 	0.27477 	inf     	0.35771 	0.32358 	0.32358 	0.00000 	0.32358 	
0.56018	0         	0.07828 	0.27477 	inf     	0.35771 	0.32358 	0.32358 	0.00000 	0.32358 	
0.56118	0         	0.07828 	0.27477 	inf     	0.35771 	0.32356 	0.32356 	0.00000 	0.32356 	
0.56218	0         	0.07828 	0.27477 	inf     	0.35771 	0.32355 	0.32355 	0.00000 	0.32355 	
0.56317	0         	0.07828 	0.27477 	inf     	0.35771 	0.32355 	0.32355 	0.00000 	0.32355 	
0.56417	0         	0.07828 	0.27476 	inf     	0.35771 	0.32355 	0.32355 	0.00000 	0.32355 	
0.56517	0         	0.07828 	0.27476 	inf     	0.35771 	0.32354 	0.32354 	0.00000 	0.32354 	
0.56617	0         	0.07828 	0.27476 	inf     	0.35771 	0.32354 	0.32354 	0.00000 	0.32354 	
0.56717	0         	0.07828 	0.27476 	inf     	0.35771 	0.32354 	0.32354 	0.00000 	0.32354 	
0.56817	0         	0.07828 	0.27476 	inf     	0.35771 	0.32353 	0.32353 	0.00000 	0.32353 	
0.56917	0         	0.07828 	0.27476 	inf     	0.35771 	0.32353 	0.32353 	0.00000 	0.32353 	
0.57016	0         	0.07828 	0.27476 	inf     	0.35771 	0.32352 	0.32352 	0.00000 	0.32352 	
0.57116	0         	0.07828 	0.27476 	inf     	0.35771 	0.32351 	0.32351 	0.00000 	0.32351 	
0.57216	0         	0.07828 	0.27476 	inf     	0.35771 	0.32351 	0.32351 	0.00000 	0.32351 	
0.57316	0         	0.07828 	0.27475 	inf     	0.35771 	0.32351 	0.32351 	0.00000 	0.32351 	
0.57416	0         	0.07828 	0.27475 	inf     	0.35771 	0.32350 	0.32350 	0.00000 	0.32350 	
0.57516	0         	0.07828 	0.27475 	inf     	0.35771 	0.32349 	0.32349 	0.00000 	0.32349 	
0.57616	0         	0.07828 	0.27475 	inf     	0.35771 	0.32349 	0.32349 	0.00000 	0.32349 	
0.57715	0         	0.07828 	0.27474 	inf     	0.35771 	0.32347 	0.32347 	0.00000 	0.32347 	
0.57815	0         	0.07828 	0.27474 	inf     	0.35771 	0.32346 	0.32346 	0.00000 	0.32346 	
0.57915	0         	0.07828 	0.27474 	inf     	0.35771 	0.32346 	0.32346 	0.00000 	0.32346 	
0.58015	0         	0.07828 	0.27474 	inf     	0.35771 	0.32345 	0.32345 	0.00000 	0.32345 	
0.58115	0         	0.07828 	0.27474 	inf     	0.35771 	0.32345 	0.32345 	0.00000 	0.32345 	
0.58215	0         	0.07828 	0.27474 	inf     	0.35771 	0.32345 	0.32345 	0.00000 	0.32345 	
0.58315	0         	0.07828 	0.27474 	inf     	0.35771 	0.32345 	0.32345 	0.00000 	0.32345 	
0.58414	0         	0.07828 	0.27474 	inf     	0.35771 	0.32344 	0.32344 	0.00000 	0.32344 	
0.58514	0         	0.07828 	0.27474 	inf     	0.35771 	0.32344 	0.32344 	0.00000 	0.32344 	
0.58614	0         	0.07828 	0.27474 	inf     	0.35771 	0.32344 	0.32344 	0.00000 	0.32344 	
0.58714	0         	0.07828 	0.27474 	inf     	0.35771 	0.32343 	0.32343 	0.00000 	0.32343 	
0.58814	0         	0.07828 	0.27473 	inf     	0.35771 	0.32342 	0.32342 	0.00000 	0.32342 	
0.58914	0         	0.07828 	0.27473 	inf     	0.35771 	0.32342 	0.32342 	0.00000 	0.32342 	
0.59013	0         	0.07828 	0.27473 	inf     	0.35771 	0.32340 	0.32340 	0.00000 	0.32340 	
0.59113	0         	0.07828 	0.27472 	inf     	0.35771 	0.32339 	0.32339 	0.00000 	0.32339 	
0.59213	0         	0.07828 	0.27472 	inf     	0.35771 	0.32339 	0.32339 	0.00000 	0.32339 	
0.59313	0         	0.07828 	0.27472 	inf     	0.35771 	0.32338 	0.32338 	0.00000 	0.32338 	
0.59413	0         	0.07828 	0.27472 	inf     	0.35771 	0.32337 	0.32337 	0.00000 	0.32337 	
0.59513	0         	0.07828 	0.27472 	inf     	0.35771 	0.32336 	0.32336 	0.00000 	0.32336 	
0.59613	0         	0.07828 	0.27472 	inf     	0.35771 	0.32335 	0.32335 	0.00000 	0.32335 	
0.59712	0         	0.07828 	0.27472 	inf     	0.35771 	0.32335 	0.32335 	0.00000 	0.32335 	
0.59812	0         	0.07828 	0.27471 	inf     	0.35771 	0.32334 	0.32334 	0.00000 	0.32334 	
0.59912	0         	0.07828 	0.27471 	inf     	0.35771 	0.32334 	0.32334 	0.00000 	0.32334 	
0.60012	0         	0.07828 	0.27471 	inf     	0.35771 	0.32333 	0.32333 	0.00000 	0.32333 	
0.60112	0         	0.07828 	0.27471 	inf     	0.35771 	0.32333 	0.32333 	0.00000 	0.32333 	
0.60212	0         	0.07828 	0.27471 	inf     	0.35771 	0.32332 	0.32332 	0.00000 	0.32332 	
0.60312	0         	0.07828 	0.27470 	inf     	0.35771 	0.32331 	0.32331 	0.00000 	0.32331 	
0.60411	0         	0.07828 	0.27470 	inf     	0.35771 	0.32329 	0.32329 	0.00000 	0.32329 	
0.60511	0         	0.07828 	0.27470 	inf     	0.35771 	0.32329 	0.32329 	0.00000 	0.32329 	
0.60611	0         	0.07828 	0.27470 	inf     	0.35771 	0.32328 	0.32328 	0.00000 	0.32328 	
0.60711	0         	0.07828 	0.27470 	inf     	0.35771 	0.32328 	0.32328 	0.00000 	0.32328 	
0.60811	0         	0.07828 	0.27469 	inf     	0.35771 	0.32326 	0.32326 	0.00000 	0.32326 	
0.60911	0         	0.07828 	0.27469 	inf     	0.35771 	0.32325 	0.32325 	0.00000 	0.32325 	
0.61011	0         	0.07828 	0.27469 	inf     	0.35771 	0.32324 	0.32324 	0.00000 	0.32324 	
0.61110	0         	0.07828 	0.27469 	inf     	0.35771 	0.32324 	0.32324 	0.00000 	0.32324 	
0.61210	0         	0.07828 	0.27469 	inf     	0.35771 	0.32323 	0.32323 	0.00000 	0.32323 	
0.61310	0         	0.07828 	0.27468 	inf     	0.35771 	0.32323 	0.32323 	0.00000 	0.32323 	
0.61410	0         	0.07828 	0.27452 	inf     	0.35771 	0.32322 	0.32322 	0.00000 	0.32322 	
0.61510	0         	0.07828 	0.27432 	inf     	0.35771 	0.32322 	0.32322 	0.00000 	0.32322 	
0.61610	0         	0.07828 	0.27411 	inf     	0.35771 	0.32322 	0.32322 	0.00000 	0.32322 	
0.61709	0         	0.07828 	0.27391 	inf     	0.35771 	0.32322 	0.32322 	0.00000 	0.32322 	
0.61809	0         	0.07828 	0.27373 	inf     	0.35771 	0.32321 	0.32321 	0.00000 	0.32321 	
0.61909	0         	0.07828 	0.27353 	inf     	0.35771 	0.32321 	0.32321 	0.00000 	0.32321 	
0.62009	0         	0.07828 	0.27333 	inf     	0.35771 	0.32320 	0.32320 	0.00000 	0.32320 	
0.62109	0         	0.07828 	0.27313 	inf     	0.35771 	0.32319 	0.32319 	0.00000 	0.32319 	
0.62209	0         	0.07828 	0.27292 	inf     	0.35771 	0.32319 	0.32319 	0.00000 	0.32319 	
0.62309	0         	0.07828 	0.27272 	inf     	0.35771 	0.32318 	0.32318 	0.00000 	0.32318 	
0.62408	0         	0.07828 	0.27252 	inf     	0.35771 	0.32318 	0.32318 	0.00000 	0.32318 	
0.62508	0         	0.07828 	0.27231 	inf     	0.35771 	0.32317 	0.32317 	0.00000 	0.32317 	
0.62608	0         	0.07828 	0.27211 	inf     	0.35771 	0.32316 	0.32316 	0.00000 	0.32316 	
0.62708	0         	0.07828 	0.27190 	inf     	0.35771 	0.32315 	0.32315 	0.00000 	0.32315 	
0.62808	0         	0.07828 	0.27170 	inf     	0.35771 	0.32314 	0.32314 	0.00000 	0.32314 	
0.62908	0         	0.07828 	0.27148 	inf     	0.35771 	0.32313 	0.32313 	0.00000 	0.32313 	
0.63008	0         	0.07828 	0.27131 	inf     	0.35771 	0.32312 	0.32312 	0.00000 	0.32312 	
0.63107	0         	0.07828 	0.27112 	inf     	0.35771 	0.32311 	0.32311 	0.00000 	0.32311 	
0.63207	0         	0.07828 	0.27097 	inf     	0.35771 	0.32309 	0.32309 	0.00000 	0.32309 	
0.63307	0         	0.07828 	0.27091 	inf     	0.35771 	0.32309 	0.32309 	0.00000 	0.32309 	
0.63407	0         	0.07828 	0.27064 	inf     	0.35771 	0.32306 	0.32306 	0.00000 	0.32306 	
0.63507	0         	0.07828 	0.27044 	inf     	0.35771 	0.32304 	0.32304 	0.00000 	0.32304 	
0.63607	0         	0.07828 	0.27026 	inf     	0.35771 	0.32303 	0.32303 	0.00000 	0.32303 	
0.63707	0         	0.07828 	0.27005 	inf     	0.35771 	0.32300 	0.32300 	0.00000 	0.32300 	
0.63806	0         	0.07828 	0.26985 	inf     	0.35771 	0.32298 	0.32298 	0.00000 	0.32298 	
0.63906	0         	0.07828 	0.26966 	inf     	0.35771 	0.32296 	0.32296 	0.00000 	0.32296 	
0.64006	0         	0.07828 	0.26946 	inf     	0.35771 	0.32294 	0.32294 	0.00000 	0.32294 	
0.64106	0         	0.07828 	0.26924 	inf     	0.35771 	0.32290 	0.32290 	0.00000 	0.32290 	
0.64206	0         	0.07828 	0.26906 	inf     	0.35771 	0.32288 	0.32288 	0.00000 	0.32288 	
0.64306	0         	0.07828 	0.26885 	inf     	0.35771 	0.32284 	0.32284 	0.00000 	0.32284 	
0.64405	0         	0.07828 	0.26866 	inf     	0.35771 	0.32282 	0.32282 	0.00000 	0.32282 	
0.64505	0         	0.07828 	0.26845 	inf     	0.35771 	0.32279 	0.32279 	0.00000 	0.32279 	
0.64605	0         	0.07828 	0.26828 	inf     	0.35771 	0.32275 	0.32275 	0.00000 	0.32275 	
0.64705	0         	0.07828 	0.26806 	inf     	0.35771 	0.32272 	0.32272 	0.00000 	0.32272 	
0.64805	0         	0.07828 	0.26786 	inf     	0.35771 	0.32268 	0.32268 	0.00000 	0.32268 	
0.64905	0         	0.07828 	0.26767 	inf     	0.35771 	0.32265 	0.32265 	0.00000 	0.32265 	
0.65005	0         	0.07828 	0.26749 	inf     	0.35771 	0.32262 	0.32262 	0.00000 	0.32262 	
0.65104	0         	0.07828 	0.26729 	inf     	0.35771 	0.32258 	0.32258 	0.00000 	0.32258 	
0.65204	0         	0.07828 	0.26709 	inf     	0.35771 	0.32254 	0.32254 	0.00000 	0.32254 	
0.65304	0         	0.07828 	0.26689 	inf     	0.35771 	0.32250 	0.32250 	0.00000 	0.32250 	
0.65404	0         	0.07828 	0.26671 	inf     	0.35771 	0.32246 	0.32246 	0.00000 	0.32246 	
0.65504	0         	0.07828 	0.26651 	inf     	0.35771 	0.32242 	0.32242 	0.00000 	0.32242 	
0.65604	0         	0.07828 	0.26630 	inf     	0.35771 	0.32237 	0.32237 	0.00000 	0.32237 	
0.65704	0         	0.07828 	0.26610 	inf     	0.35771 	0.32232 	0.32232 	0.00000 	0.32232 	
0.65803	0         	0.07828 	0.26594 	inf     	0.35771 	0.32229 	0.32229 	0.00000 	0.32229 	
0.65903	0         	0.07828 	0.26573 	inf     	0.35771 	0.32223 	0.32223 	0.00000 	0.32223 	
0.66003	0         	0.07828 	0.26554 	inf     	0.35771 	0.32217 	0.32217 	0.00000 	0.32217 	
0.66103	0         	0.07828 	0.26535 	inf     	0.35771 	0.32212 	0.32212 	0.00000 	0.32212 	
0.66203	0         	0.07828 	0.26516 	inf     	0.35771 	0.32206 	0.32206 	0.00000 	0.32206 	
0.66303	0         	0.07828 	0.26496 	inf     	0.35771 	0.32201 	0.32201 	0.00000 	0.32201 	
0.66403	0         	0.07828 	0.26476 	inf     	0.35771 	0.32195 	0.32195 	0.00000 	0.32195 	
0.66502	0         	0.07828 	0.26456 	inf     	0.35771 	0.32188 	0.32188 	0.00000 	0.32188 	
0.66602	0         	0.07828 	0.26434 	inf     	0.35771 	0.32181 	0.32181 	0.00000 	0.32181 	
0.66702	0         	0.07828 	0.26415 	inf     	0.35771 	0.32173 	0.32173 	0.00000 	0.32173 	
0.66802	0         	0.07828 	0.26395 	inf     	0.35771 	0.32167 	0.32167 	0.00000 	0.32167 	
0.66902	0         	0.07828 	0.26373 	inf     	0.35771 	0.32160 	0.32160 	0.00000 	0.32160 	
0.67002	0         	0.07828 	0.26353 	inf     	0.35771 	0.32152 	0.32152 	0.00000 	0.32152 	
0.67101	0         	0.07828 	0.26332 	inf     	0.35771 	0.32144 	0.32144 	0.00000 	0.32144 	
0.67201	0         	0.07828 	0.26311 	inf     	0.35771 	0.32135 	0.32135 	0.00000 	0.32135 	
0.67301	0         	0.07828 	0.26291 	inf     	0.35771 	0.32127 	0.32127 	0.00000 	0.32127 	
0.67401	0         	0.07828 	0.26270 	inf     	0.35771 	0.32119 	0.32119 	0.00000 	0.32119 	
0.67501	0         	0.07828 	0.26243 	inf     	0.35771 	0.32112 	0.32112 	0.00000 	0.32112 	
0.67601	0         	0.07828 	0.26224 	inf     	0.35771 	0.32105 	0.32105 	0.00000 	0.32105 	
0.67701	0         	0.07828 	0.26204 	inf     	0.35771 	0.32096 	0.32096 	0.00000 	0.32096 	
0.67800	0         	0.07828 	0.26182 	inf     	0.35771 	0.32086 	0.32086 	0.00000 	0.32086 	
0.67900	0         	0.07828 	0.26161 	inf     	0.35771 	0.32078 	0.32078 	0.00000 	0.32078 	
0.68000	0         	0.07828 	0.26139 	inf     	0.35771 	0.32067 	0.32067 	0.00000 	0.32067 	
0.68100	0         	0.07828 	0.26118 	inf     	0.35771 	0.32057 	0.32057 	0.00000 	0.32057 	
0.68200	0         	0.07828 	0.26096 	inf     	0.35771 	0.32046 	0.32046 	0.00000 	0.32046 	
0.68300	0         	0.07828 	0.26074 	inf     	0.35771 	0.32035 	0.32035 	0.00000 	0.32035 	
0.68400	0         	0.07828 	0.26053 	inf     	0.35771 	0.32024 	0.32024 	0.00000 	0.32024 	
0.68499	0         	0.07828 	0.26042 	inf     	0.35771 	0.32018 	0.32018 	0.00000 	0.32018 	
0.68599	0         	0.07828 	0.26016 	inf     	0.35771 	0.32005 	0.32005 	0.00000 	0.32005 	
0.68699	0         	0.07828 	0.25995 	inf     	0.35771 	0.31992 	0.31992 	0.00000 	0.31992 	
0.68799	0         	0.07828 	0.25974 	inf     	0.35771 	0.31981 	0.31981 	0.00000 	0.31981 	
0.68899	0         	0.07828 	0.25953 	inf     	0.35771 	0.31969 	0.31969 	0.00000 	0.31969 	
0.68999	0         	0.07828 	0.25931 	inf     	0.35771 	0.31957 	0.31957 	0.00000 	0.31957 	
0.69099	0         	0.07828 	0.25909 	inf     	0.35771 	0.31944 	0.31944 	0.00000 	0.31944 	
0.69198	0         	0.07828 	0.25886 	inf     	0.35771 	0.31931 	0.31931 	0.00000 	0.31931 	
0.69298	0         	0.07828 	0.25864 	inf     	0.35771 	0.31917 	0.31917 	0.00000 	0.31917 	
0.69398	0         	0.07828 	0.25843 	inf     	0.35771 	0.31903 	0.31903 	0.00000 	0.31903 	
0.69498	0         	0.07828 	0.25821 	inf     	0.35771 	0.31889 	0.31889 	0.00000 	0.31889 	
0.69598	0         	0.07828 	0.25792 	inf     	0.35771 	0.31875 	0.31875 	0.00000 	0.31875 	
0.69698	0         	0.07828 	0.25772 	inf     	0.35771 	0.31861 	0.31861 	0.00000 	0.31861 	
0.69797	0         	0.07828 	0.25753 	inf     	0.35771 	0.31849 	0.31849 	0.00000 	0.31849 	
0.69897	0         	0.07828 	0.25733 	inf     	0.35771 	0.31835 	0.31835 	0.00000 	0.31835 	
0.69997	0         	0.07828 	0.25712 	inf     	0.35771 	0.31820 	0.31820 	0.00000 	0.31820 	
0.70097	0         	0.07828 	0.25690 	inf     	0.35771 	0.31805 	0.31805 	0.00000 	0.31805 	
0.70197	0         	0.07828 	0.25667 	inf     	0.35771 	0.31790 	0.31790 	0.00000 	0.31790 	
0.70297	0         	0.07828 	0.25643 	inf     	0.35771 	0.31773 	0.31773 	0.00000 	0.31773 	
0.70397	0         	0.07828 	0.25625 	inf     	0.35771 	0.31759 	0.31759 	0.00000 	0.31759 	
0.70496	0         	0.07828 	0.25601 	inf     	0.35771 	0.31740 	0.31740 	0.00000 	0.31740 	
0.70596	0         	0.07828 	0.25577 	inf     	0.35771 	0.31721 	0.31721 	0.00000 	0.31721 	
0.70696	0         	0.07828 	0.25554 	inf     	0.35771 	0.31705 	0.31705 	0.00000 	0.31705 	
0.70796	0         	0.07828 	0.25530 	inf     	0.35771 	0.31686 	0.31686 	0.00000 	0.31686 	
0.70896	0         	0.07828 	0.25504 	inf     	0.35771 	0.31665 	0.31665 	0.00000 	0.31665 	
0.70996	0         	0.07828 	0.25480 	inf     	0.35771 	0.31646 	0.31646 	0.00000 	0.31646 	
0.71096	0         	0.07828 	0.25457 	inf     	0.35771 	0.31628 	0.31628 	0.00000 	0.31628 	
0.71195	0         	0.07828 	0.25432 	inf     	0.35771 	0.31607 	0.31607 	0.00000 	0.31607 	
0.71295	0         	0.07828 	0.25406 	inf     	0.35771 	0.31587 	0.31587 	0.00000 	0.31587 	
0.71395	0         	0.07828 	0.25381 	inf     	0.35771 	0.31567 	0.31567 	0.00000 	0.31567 	
0.71495	0         	0.07828 	0.25357 	inf     	0.35771 	0.31545 	0.31545 	0.00000 	0.31545 	
0.71595	0         	0.07828 	0.25333 	inf     	0.35771 	0.31523 	0.31523 	0.00000 	0.31523 	
0.71695	0         	0.07828 	0.25309 	inf     	0.35771 	0.31503 	0.31503 	0.00000 	0.31503 	
0.71795	0         	0.07828 	0.25284 	inf     	0.35771 	0.31481 	0.31481 	0.00000 	0.31481 	
0.71894	0         	0.07828 	0.25259 	inf     	0.35771 	0.31460 	0.31460 	0.00000 	0.31460 	
0.71994	0         	0.07828 	0.25234 	inf     	0.35771 	0.31436 	0.31436 	0.00000 	0.31436 	
0.72094	0         	0.07828 	0.25208 	inf     	0.35771 	0.31411 	0.31411 	0.00000 	0.31411 	
0.72194	0         	0.07828 	0.25185 	inf     	0.35771 	0.31389 	0.31389 	0.00000 	0.31389 	
0.72294	0         	0.07828 	0.25159 	inf     	0.35771 	0.31364 	0.31364 	0.00000 	0.31364 	
0.72394	0         	0.07828 	0.25134 	inf     	0.35771 	0.31339 	0.31339 	0.00000 	0.31339 	
0.72493	0         	0.07828 	0.25107 	inf     	0.35771 	0.31312 	0.31312 	0.00000 	0.31312 	
0.72593	0         	0.07828 	0.25080 	inf     	0.35771 	0.31287 	0.31287 	0.00000 	0.31287 	
0.72693	0         	0.07828 	0.25053 	inf     	0.35771 	0.31261 	0.31261 	0.00000 	0.31261 	
0.72793	0         	0.07828 	0.25026 	inf     	0.35771 	0.31232 	0.31232 	0.00000 	0.31232 	
0.72893	0         	0.07828 	0.24999 	inf     	0.35771 	0.31204 	0.31204 	0.00000 	0.31204 	
0.72993	0         	0.07828 	0.24971 	inf     	0.35771 	0.31175 	0.31175 	0.00000 	0.31175 	
0.73093	0         	0.07828 	0.24943 	inf     	0.35771 	0.31145 	0.31145 	0.00000 	0.31145 	
0.73192	0         	0.07828 	0.24915 	inf     	0.35771 	0.31114 	0.31114 	0.00000 	0.31114 	
0.73292	0         	0.07828 	0.24886 	inf     	0.35771 	0.31082 	0.31082 	0.00000 	0.31082 	
0.73392	0         	0.07828 	0.24858 	inf     	0.35771 	0.31053 	0.31053 	0.00000 	0.31053 	
0.73492	0         	0.07828 	0.24829 	inf     	0.35771 	0.31019 	0.31019 	0.00000 	0.31019 	
0.73592	0         	0.07828 	0.24800 	inf     	0.35771 	0.30987 	0.30987 	0.00000 	0.30987 	
0.73692	0         	0.07828 	0.24771 	inf     	0.35771 	0.30953 	0.30953 	0.00000 	0.30953 	
0.73792	0         	0.07828 	0.24745 	inf     	0.35771 	0.30924 	0.30924 	0.00000 	0.30924 	
0.73891	0         	0.07828 	0.24716 	inf     	0.35771 	0.30891 	0.30891 	0.00000 	0.30891 	
0.73991	0         	0.07828 	0.24688 	inf     	0.35771 	0.30858 	0.30858 	0.00000 	0.30858 	
0.74091	0         	0.07828 	0.24661 	inf     	0.35771 	0.30825 	0.30825 	0.00000 	0.30825 	
0.74191	0         	0.07828 	0.24630 	inf     	0.35771 	0.30788 	0.30788 	0.00000 	0.30788 	
0.74291	0         	0.07828 	0.24599 	inf     	0.35771 	0.30750 	0.30750 	0.00000 	0.30750 	
0.74391	0         	0.07828 	0.24569 	inf     	0.35771 	0.30713 	0.30713 	0.00000 	0.30713 	
0.74491	0         	0.07828 	0.24538 	inf     	0.35771 	0.30674 	0.30674 	0.00000 	0.30674 	
0.74590	0         	0.07828 	0.24511 	inf     	0.35771 	0.30639 	0.30639 	0.00000 	0.30639 	
0.74690	0         	0.07828 	0.24477 	inf     	0.35771 	0.30593 	0.30593 	0.00000 	0.30593 	
0.74790	0         	0.07828 	0.24447 	inf     	0.35771 	0.30551 	0.30551 	0.00000 	0.30551 	
0.74890	0         	0.07828 	0.24413 	inf     	0.35771 	0.30507 	0.30507 	0.00000 	0.30507 	
0.74990	0         	0.07828 	0.24381 	inf     	0.35771 	0.30463 	0.30463 	0.00000 	0.30463 	
0.75090	0         	0.07828 	0.24348 	inf     	0.35771 	0.30418 	0.30418 	0.00000 	0.30418 	
0.75189	0         	0.07828 	0.24314 	inf     	0.35771 	0.30371 	0.30371 	0.00000 	0.30371 	
0.75289	0         	0.07828 	0.24278 	inf     	0.35771 	0.30322 	0.30322 	0.00000 	0.30322 	
0.75389	0         	0.07828 	0.24245 	inf     	0.35771 	0.30276 	0.30276 	0.00000 	0.30276 	
0.75489	0         	0.07828 	0.24209 	inf     	0.35771 	0.30226 	0.30226 	0.00000 	0.30226 	
0.75589	0         	0.07828 	0.24174 	inf     	0.35771 	0.30176 	0.30176 	0.00000 	0.30176 	
0.75689	0         	0.07828 	0.24136 	inf     	0.35771 	0.30123 	0.30123 	0.00000 	0.30123 	
0.75789	0         	0.07828 	0.24100 	inf     	0.35771 	0.30070 	0.30070 	0.00000 	0.30070 	
0.75888	0         	0.07828 	0.24063 	inf     	0.35771 	0.30016 	0.30016 	0.00000 	0.30016 	
0.75988	0         	0.07828 	0.24026 	inf     	0.35771 	0.29961 	0.29961 	0.00000 	0.29961 	
0.76088	0         	0.07828 	0.23991 	inf     	0.35771 	0.29908 	0.29908 	0.00000 	0.29908 	
0.76188	0         	0.07828 	0.23953 	inf     	0.35771 	0.29849 	0.29849 	0.00000 	0.29849 	
0.76288	0         	0.07828 	0.23918 	inf     	0.35771 	0.29797 	0.29797 	0.00000 	0.29797 	
0.76388	0         	0.07828 	0.23879 	inf     	0.35771 	0.29737 	0.29737 	0.00000 	0.29737 	
0.76488	0         	0.07828 	0.23838 	inf     	0.35771 	0.29675 	0.29675 	0.00000 	0.29675 	
0.76587	0         	0.07828 	0.23797 	inf     	0.35771 	0.29611 	0.29611 	0.00000 	0.29611 	
0.76687	0         	0.07828 	0.23759 	inf     	0.35771 	0.29550 	0.29550 	0.00000 	0.29550 	
0.76787	0         	0.07828 	0.23719 	inf     	0.35771 	0.29487 	0.29487 	0.00000 	0.29487 	
0.76887	0         	0.07828 	0.23676 	inf     	0.35771 	0.29420 	0.29420 	0.00000 	0.29420 	
0.76987	0         	0.07828 	0.23636 	inf     	0.35771 	0.29356 	0.29356 	0.00000 	0.29356 	
0.77087	0         	0.07828 	0.23611 	inf     	0.35771 	0.29314 	0.29314 	0.00000 	0.29314 	
0.77187	0         	0.07828 	0.23600 	inf     	0.35771 	0.29297 	0.29297 	0.00000 	0.29297 	
0.77286	0         	0.07828 	0.23559 	inf     	0.35771 	0.29231 	0.29231 	0.00000 	0.29231 	
0.77386	0         	0.07828 	0.23533 	inf     	0.35771 	0.29188 	0.29188 	0.00000 	0.29188 	
0.77486	0         	0.07828 	0.23533 	inf     	0.35771 	0.29188 	0.29188 	0.00000 	0.29188 	
0.77586	0         	0.07828 	0.23502 	inf     	0.35771 	0.29134 	0.29134 	0.00000 	0.29134 	
0.77686	0         	0.07828 	0.23463 	inf     	0.35771 	0.29069 	0.29069 	0.00000 	0.29069 	
0.77786	0         	0.07828 	0.23421 	inf     	0.35771 	0.28998 	0.28998 	0.00000 	0.28998 	
0.77886	0         	0.07828 	0.23382 	inf     	0.35771 	0.28933 	0.28933 	0.00000 	0.28933 	
0.77985	0         	0.07828 	0.23368 	inf     	0.35771 	0.28909 	0.28909 	0.00000 	0.28909 	
0.78085	0         	0.07828 	0.23326 	inf     	0.35771 	0.28837 	0.28837 	0.00000 	0.28837 	
0.78185	0         	0.07828 	0.23281 	inf     	0.35771 	0.28762 	0.28762 	0.00000 	0.28762 	
0.78285	0         	0.07828 	0.23239 	inf     	0.35771 	0.28692 	0.28692 	0.00000 	0.28692 	
0.78385	0         	0.07828 	0.23194 	inf     	0.35771 	0.28615 	0.28615 	0.00000 	0.28615 	
0.78485	0         	0.07828 	0.23155 	inf     	0.35771 	0.28547 	0.28547 	0.00000 	0.28547 	
0.78584	0         	0.07828 	0.23110 	inf     	0.35771 	0.28469 	0.28469 	0.00000 	0.28469 	
0.78684	0         	0.07828 	0.23065 	inf     	0.35771 	0.28391 	0.28391 	0.00000 	0.28391 	
0.78784	0         	0.07828 	0.23023 	inf     	0.35771 	0.28318 	0.28318 	0.00000 	0.28318 	
0.78884	0         	0.07828 	0.22980 	inf     	0.35771 	0.28252 	0.28252 	0.00000 	0.28252 	
0.78984	0         	0.07828 	0.22937 	inf     	0.35771 	0.28178 	0.28178 	0.00000 	0.28178 	
0.79084	0         	0.07828 	0.22890 	inf     	0.35771 	0.28098 	0.28098 	0.00000 	0.28098 	
0.79184	0         	0.07828 	0.22844 	inf     	0.35771 	0.28017 	0.28017 	0.00000 	0.28017 	
0.79283	0         	0.07828 	0.22799 	inf     	0.35771 	0.27936 	0.27936 	0.00000 	0.27936 	
0.79383	0         	0.07828 	0.22796 	inf     	0.35771 	0.27931 	0.27931 	0.00000 	0.27931 	
0.79483	0         	0.07828 	0.22770 	inf     	0.35771 	0.27884 	0.27884 	0.00000 	0.27884 	
0.79583	0         	0.07828 	0.22721 	inf     	0.35771 	0.27800 	0.27800 	0.00000 	0.27800 	
0.79683	0         	0.07828 	0.22673 	inf     	0.35771 	0.27716 	0.27716 	0.00000 	0.27716 	
0.79783	0         	0.07828 	0.22629 	inf     	0.35771 	0.27636 	0.27636 	0.00000 	0.27636 	
0.79883	0         	0.07828 	0.22589 	inf     	0.35771 	0.27566 	0.27566 	0.00000 	0.27566 	
0.79982	0         	0.07828 	0.22542 	inf     	0.35771 	0.27482 	0.27482 	0.00000 	0.27482 	
0.80082	0         	0.07828 	0.22494 	inf     	0.35771 	0.27396 	0.27396 	0.00000 	0.27396 	
0.80182	0         	0.07828 	0.22446 	inf     	0.35771 	0.27309 	0.27309 	0.00000 	0.27309 	
0.80282	0         	0.07828 	0.22402 	inf     	0.35771 	0.27230 	0.27230 	0.00000 	0.27230 	
0.80382	0         	0.07828 	0.22355 	inf     	0.35771 	0.27145 	0.27145 	0.00000 	0.27145 	
0.80482	0         	0.07828 	0.22307 	inf     	0.35771 	0.27058 	0.27058 	0.00000 	0.27058 	
0.80582	0         	0.07828 	0.22258 	inf     	0.35771 	0.26969 	0.26969 	0.00000 	0.26969 	
0.80681	0         	0.07828 	0.22209 	inf     	0.35771 	0.26880 	0.26880 	0.00000 	0.26880 	
0.80781	0         	0.07828 	0.22160 	inf     	0.35771 	0.26790 	0.26790 	0.00000 	0.26790 	
0.80881	0         	0.07828 	0.22110 	inf     	0.35771 	0.26700 	0.26700 	0.00000 	0.26700 	
0.80981	0         	0.07828 	0.22062 	inf     	0.35771 	0.26612 	0.26612 	0.00000 	0.26612 	
0.81081	0         	0.07828 	0.22013 	inf     	0.35771 	0.26523 	0.26523 	0.00000 	0.26523 	
0.81181	0         	0.07828 	0.21964 	inf     	0.35771 	0.26437 	0.26437 	0.00000 	0.26437 	
0.81280	0         	0.07828 	0.21918 	inf     	0.35771 	0.26353 	0.26353 	0.00000 	0.26353 	
0.81380	0         	0.07828 	0.21870 	inf     	0.35771 	0.26263 	0.26263 	0.00000 	0.26263 	
0.81480	0         	0.07828 	0.21825 	inf     	0.35771 	0.26178 	0.26178 	0.00000 	0.26178 	
0.81580	0         	0.07828 	0.21779 	inf     	0.35771 	0.26094 	0.26094 	0.00000 	0.26094 	
0.81680	0         	0.07828 	0.21733 	inf     	0.35771 	0.26017 	0.26017 	0.00000 	0.26017 	
0.81780	0         	0.07828 	0.21689 	inf     	0.35771 	0.25942 	0.25942 	0.00000 	0.25942 	
0.81880	0         	0.07828 	0.21641 	inf     	0.35771 	0.25851 	0.25851 	0.00000 	0.25851 	
0.81979	0         	0.07828 	0.21591 	inf     	0.35771 	0.25757 	0.25757 	0.00000 	0.25757 	
0.82079	0         	0.07828 	0.21541 	inf     	0.35771 	0.25663 	0.25663 	0.00000 	0.25663 	
0.82179	0         	0.07828 	0.21491 	inf     	0.35771 	0.25569 	0.25569 	0.00000 	0.25569 	
0.82279	0         	0.07828 	0.21442 	inf     	0.35771 	0.25476 	0.25476 	0.00000 	0.25476 	
0.82379	0         	0.07828 	0.21393 	inf     	0.35771 	0.25384 	0.25384 	0.00000 	0.25384 	
0.82479	0         	0.07828 	0.21343 	inf     	0.35771 	0.25288 	0.25288 	0.00000 	0.25288 	
0.82579	0         	0.07828 	0.21293 	inf     	0.35771 	0.25193 	0.25193 	0.00000 	0.25193 	
0.82678	0         	0.07828 	0.21242 	inf     	0.35771 	0.25098 	0.25098 	0.00000 	0.25098 	
0.82778	0         	0.07828 	0.21192 	inf     	0.35771 	0.25002 	0.25002 	0.00000 	0.25002 	
0.82878	0         	0.07828 	0.21141 	inf     	0.35771 	0.24906 	0.24906 	0.00000 	0.24906 	
0.82978	0         	0.07828 	0.21089 	inf     	0.35771 	0.24806 	0.24806 	0.00000 	0.24806 	
0.83078	0         	0.07828 	0.21035 	inf     	0.35771 	0.24704 	0.24704 	0.00000 	0.24704 	
0.83178	0         	0.07828 	0.20983 	inf     	0.35771 	0.24607 	0.24607 	0.00000 	0.24607 	
0.83278	0         	0.07828 	0.20935 	inf     	0.35771 	0.24513 	0.24513 	0.00000 	0.24513 	
0.83377	0         	0.07828 	0.20882 	inf     	0.35771 	0.24413 	0.24413 	0.00000 	0.24413 	
0.83477	0         	0.07828 	0.20829 	inf     	0.35771 	0.24311 	0.24311 	0.00000 	0.24311 	
0.83577	0         	0.07828 	0.20782 	inf     	0.35771 	0.24216 	0.24216 	0.00000 	0.24216 	
0.83677	0         	0.07828 	0.20737 	inf     	0.35771 	0.24126 	0.24126 	0.00000 	0.24126 	
0.83777	0         	0.07828 	0.20687 	inf     	0.35771 	0.24029 	0.24029 	0.00000 	0.24029 	
0.83877	0         	0.07828 	0.20635 	inf     	0.35771 	0.23926 	0.23926 	0.00000 	0.23926 	
0.83976	0         	0.07828 	0.20586 	inf     	0.35771 	0.23826 	0.23826 	0.00000 	0.23826 	
0.84076	0         	0.07828 	0.20536 	inf     	0.35771 	0.23728 	0.23728 	0.00000 	0.23728 	
0.84176	0         	0.07828 	0.20482 	inf     	0.35771 	0.23622 	0.23622 	0.00000 	0.23622 	
0.84276	0         	0.07828 	0.20428 	inf     	0.35771 	0.23516 	0.23516 	0.00000 	0.23516 	
0.84376	0         	0.07828 	0.20374 	inf     	0.35771 	0.23408 	0.23408 	0.00000 	0.23408 	
0.84476	0         	0.07828 	0.20322 	inf     	0.35771 	0.23305 	0.23305 	0.00000 	0.23305 	
0.84576	0         	0.07828 	0.20273 	inf     	0.35771 	0.23205 	0.23205 	0.00000 	0.23205 	
0.84675	0         	0.07828 	0.20217 	inf     	0.35771 	0.23094 	0.23094 	0.00000 	0.23094 	
0.84775	0         	0.07828 	0.20164 	inf     	0.35771 	0.22987 	0.22987 	0.00000 	0.22987 	
0.84875	0         	0.07828 	0.20109 	inf     	0.35771 	0.22877 	0.22877 	0.00000 	0.22877 	
0.84975	0         	0.07828 	0.20054 	inf     	0.35771 	0.22764 	0.22764 	0.00000 	0.22764 	
0.85075	0         	0.07828 	0.19999 	inf     	0.35771 	0.22652 	0.22652 	0.00000 	0.22652 	
0.85175	0         	0.07828 	0.19950 	inf     	0.35771 	0.22555 	0.22555 	0.00000 	0.22555 	
0.85275	0         	0.07828 	0.19895 	inf     	0.35771 	0.22442 	0.22442 	0.00000 	0.22442 	
0.85374	0         	0.07828 	0.19842 	inf     	0.35771 	0.22334 	0.22334 	0.00000 	0.22334 	
0.85474	0         	0.07828 	0.19787 	inf     	0.35771 	0.22221 	0.22221 	0.00000 	0.22221 	
0.85574	0         	0.07828 	0.19735 	inf     	0.35771 	0.22115 	0.22115 	0.00000 	0.22115 	
0.85674	0         	0.07828 	0.19681 	inf     	0.35771 	0.22004 	0.22004 	0.00000 	0.22004 	
0.85774	0         	0.07828 	0.19624 	inf     	0.35771 	0.21887 	0.21887 	0.00000 	0.21887 	
0.85874	0         	0.07828 	0.19573 	-0.00020	0.35771 	0.21780 	0.21780 	0.00000 	0.21780 	
0.85974	0         	0.07828 	0.19516 	-0.00138	0.35771 	0.21661 	0.21661 	0.00000 	0.21661 	
0.86073	0         	0.07828 	0.19463 	-0.00252	0.35771 	0.21548 	0.21548 	0.00000 	0.21548 	
0.86173	0         	0.07828 	0.19405 	-0.00372	0.35771 	0.21428 	0.21428 	0.00000 	0.21428 	
0.86273	0         	0.07828 	0.19348 	-0.00492	0.35771 	0.21308 	0.21308 	0.00000 	0.21308 	
0.86373	0         	0.07828 	0.19293 	-0.00607	0.35771 	0.21192 	0.21192 	0.00000 	0.21192 	
0.86473	0         	0.07828 	0.19238 	-0.00726	0.35771 	0.21074 	0.21074 	0.00000 	0.21074 	
0.86573	0         	0.07828 	0.19181 	-0.00846	0.35771 	0.20953 	0.20953 	0.00000 	0.20953 	
0.86672	0         	0.07828 	0.19137 	-0.00938	0.35771 	0.20861 	0.20861 	0.00000 	0.20861 	
0.86772	0         	0.07828 	0.19085 	-0.01048	0.35771 	0.20751 	0.20751 	0.00000 	0.20751 	
0.86872	0         	0.07828 	0.19026 	-0.01172	0.35771 	0.20628 	0.20628 	0.00000 	0.20628 	
0.86972	0         	0.07828 	0.18968 	-0.01296	0.35771 	0.20504 	0.20504 	0.00000 	0.20504 	
0.87072	0         	0.07828 	0.18905 	-0.01403	0.35743 	0.20383 	0.20383 	0.00000 	0.20383 	
0.87172	0         	0.07828 	0.18846 	-0.01527	0.35743 	0.20258 	0.20258 	0.00000 	0.20258 	
0.87272	0         	0.07828 	0.18789 	-0.01651	0.35743 	0.20134 	0.20134 	0.00000 	0.20134 	
0.87371	0         	0.07828 	0.18730 	-0.01778	0.35743 	0.20007 	0.20007 	0.00000 	0.20007 	
0.87471	0         	0.07828 	0.18672 	-0.01902	0.35743 	0.19883 	0.19883 	0.00000 	0.19883 	
0.87571	0         	0.07828 	0.18613 	-0.02030	0.35743 	0.19756 	0.19756 	0.00000 	0.19756 	
0.87671	0         	0.07828 	0.18554 	-0.02159	0.35743 	0.19626 	0.19626 	0.00000 	0.19626 	
0.87771	0         	0.07828 	0.18493 	-0.02289	0.35743 	0.19496 	0.19496 	0.00000 	0.19496 	
0.87871	0         	0.07828 	0.18433 	-0.02419	0.35743 	0.19366 	0.19366 	0.00000 	0.19366 	
0.87971	0         	0.07828 	0.18380 	-0.02536	0.35743 	0.19250 	0.19250 	0.00000 	0.19250 	
0.88070	0         	0.07828 	0.18320 	-0.02666	0.35743 	0.19119 	0.19119 	0.00000 	0.19119 	
0.88170	0         	0.07828 	0.18260 	-0.02797	0.35743 	0.18988 	0.18988 	0.00000 	0.18988 	
0.88270	0         	0.07828 	0.18200 	-0.02929	0.35743 	0.18856 	0.18856 	0.00000 	0.18856 	
0.88370	0         	0.07828 	0.18142 	-0.03057	0.35743 	0.18728 	0.18728 	0.00000 	0.18728 	
0.88470	0         	0.07828 	0.18082 	-0.03190	0.35743 	0.18595 	0.18595 	0.00000 	0.18595 	
0.88570	0         	0.07828 	0.18023 	-0.03320	0.35743 	0.18465 	0.18465 	0.00000 	0.18465 	
0.88670	0         	0.07828 	0.17962 	-0.03457	0.35743 	0.18328 	0.18328 	0.00000 	0.18328 	
0.88769	0         	0.07828 	0.17904 	-0.03586	0.35743 	0.18200 	0.18200 	0.00000 	0.18200 	
0.88869	0         	0.07828 	0.17842 	-0.03724	0.35743 	0.18062 	0.18062 	0.00000 	0.18062 	
0.88969	0         	0.07828 	0.17781 	-0.03861	0.35743 	0.17925 	0.17925 	0.00000 	0.17925 	
0.89069	0         	0.07828 	0.17718 	-0.04001	0.35743 	0.17784 	0.17784 	0.00000 	0.17784 	
0.89169	0         	0.07828 	0.17656 	-0.04142	0.35743 	0.17643 	0.17643 	0.00000 	0.17643 	
0.89269	0         	0.07828 	0.17594 	-0.04280	0.35743 	0.17505 	0.17505 	0.00000 	0.17505 	
0.89368	0         	0.07828 	0.17536 	-0.04414	0.35743 	0.17372 	0.17372 	0.00000 	0.17372 	
0.89468	0         	0.07828 	0.17472 	-0.04558	0.35743 	0.17227 	0.17227 	0.00000 	0.17227 	
0.89568	0         	0.07828 	0.17409 	-0.04700	0.35743 	0.17085 	0.17085 	0.00000 	0.17085 	
0.89668	0         	0.07828 	0.17345 	-0.04848	0.35743 	0.16938 	0.16938 	0.00000 	0.16938 	
0.89768	0         	0.07828 	0.17282 	-0.04994	0.35743 	0.16792 	0.16792 	0.00000 	0.16792 	
0.89868	0         	0.07828 	0.17218 	-0.05141	0.35743 	0.16644 	0.16644 	0.00000 	0.16644 	
0.89968	0         	0.07828 	0.17163 	-0.05269	0.35743 	0.16517 	0.16517 	0.00000 	0.16517 	
0.90067	0         	0.07828 	0.17099 	-0.05419	0.35743 	0.16367 	0.16367 	0.00000 	0.16367 	
0.90167	0         	0.07828 	0.17035 	-0.05568	0.35743 	0.16218 	0.16218 	0.00000 	0.16218 	
0.90267	0         	0.07828 	0.16969 	-0.05720	0.35743 	0.16065 	0.16065 	0.00000 	0.16065 	
0.90367	0         	0.07828 	0.16903 	-0.05873	0.35743 	0.15912 	0.15912 	0.00000 	0.15912 	
0.90467	0         	0.07828 	0.16837 	-0.06027	0.35743 	0.15758 	0.15758 	0.00000 	0.15758 	
0.90567	0         	0.07828 	0.16774 	-0.06178	0.35743 	0.15608 	0.15608 	0.00000 	0.15608 	
0.90667	0         	0.07806 	0.16707 	-0.06333	0.35743 	0.15452 	0.15452 	0.00000 	0.15452 	
0.90766	0         	0.07697 	0.16641 	-0.06490	0.35743 	0.15295 	0.15295 	0.00000 	0.15295 	
0.90866	0         	0.07601 	0.16582 	-0.06630	0.35743 	0.15156 	0.15156 	0.00000 	0.15156 	
0.90966	0         	0.07497 	0.16518 	-0.06784	0.35743 	0.15002 	0.15002 	0.00000 	0.15002 	
0.91066	0         	0.07426 	0.16473 	-0.06892	0.35743 	0.14894 	0.14894 	0.00000 	0.14894 	
0.91166	0         	0.07316 	0.16405 	-0.07052	0.35743 	0.14734 	0.14734 	0.00000 	0.14734 	
0.91266	0         	0.07215 	0.16342 	-0.07205	0.35743 	0.14580 	0.14580 	0.00000 	0.14580 	
0.91366	0         	0.07109 	0.16275 	-0.07364	0.35743 	0.14422 	0.14422 	0.00000 	0.14422 	
0.91465	0         	0.07001 	0.16208 	-0.07524	0.35743 	0.14261 	0.14261 	0.00000 	0.14261 	
0.91565	0         	0.06891 	0.16140 	-0.07686	0.35743 	0.14099 	0.14099 	0.00000 	0.14099 	
0.91665	0         	0.06782 	0.16072 	-0.07852	0.35743 	0.13934 	0.13934 	0.00000 	0.13934 	
0.91765	0         	0.06687 	0.16012 	-0.07996	0.35743 	0.13789 	0.13789 	0.00000 	0.13789 	
0.91865	0         	0.06580 	0.15944 	-0.08160	0.35743 	0.13626 	0.13626 	0.00000 	0.13626 	
0.91965	0         	0.06470 	0.15875 	-0.08328	0.35743 	0.13458 	0.13458 	0.00000 	0.13458 	
0.92064	0         	0.06383 	0.15819 	-0.08462	0.35743 	0.13323 	0.13323 	0.00000 	0.13323 	
0.92164	0         	0.06286 	0.15757 	-0.08616	0.35743 	0.13169 	0.13169 	0.00000 	0.13169 	
0.92264	0         	0.06185 	0.15660 	-0.08709	0.35616 	0.13013 	0.13013 	0.00000 	0.13013 	
0.92364	0         	0.06109 	0.15507 	-0.08613	0.35192 	0.12898 	0.12898 	0.00000 	0.12898 	
0.92464	0         	0.06025 	0.15351 	-0.08525	0.34776 	0.12777 	0.12777 	0.00000 	0.12777 	
0.92564	0         	0.05934 	0.15192 	-0.08437	0.34353 	0.12653 	0.12653 	0.00000 	0.12653 	
0.92664	0         	0.05852 	0.15045 	-0.08371	0.33972 	0.12529 	0.12529 	0.00000 	0.12529 	
0.92763	0         	0.05767 	0.14895 	-0.08307	0.33584 	0.12400 	0.12400 	0.00000 	0.12400 	
0.92863	0         	0.05684 	0.14742 	-0.08229	0.33182 	0.12276 	0.12276 	0.00000 	0.12276 	
0.92963	0         	0.05596 	0.14591 	-0.08164	0.32794 	0.12147 	0.12147 	0.00000 	0.12147 	
0.93063	0         	0.05509 	0.14440 	-0.08100	0.32406 	0.12017 	0.12017 	0.00000 	0.12017 	
0.93163	0         	0.05423 	0.14293 	-0.08051	0.32039 	0.11883 	0.11883 	0.00000 	0.11883 	
0.93263	0         	0.05339 	0.14143 	-0.07987	0.31651 	0.11753 	0.11753 	0.00000 	0.11753 	
0.93363	0         	0.05252 	0.13989 	-0.07921	0.31256 	0.11621 	0.11621 	0.00000 	0.11621 	
0.93462	0         	0.05165 	0.13832 	-0.07851	0.30847 	0.11487 	0.11487 	0.00000 	0.11487 	
0.93562	0         	0.05082 	0.13683 	-0.07803	0.30473 	0.11348 	0.11348 	0.00000 	0.11348 	
0.93662	0         	0.04995 	0.13531 	-0.07751	0.30092 	0.11209 	0.11209 	0.00000 	0.11209 	
0.93762	0         	0.04912 	0.13383 	-0.07700	0.29718 	0.11073 	0.11073 	0.00000 	0.11073 	
0.93862	0         	0.04830 	0.13234 	-0.07653	0.29344 	0.10933 	0.10933 	0.00000 	0.10933 	
0.93962	0         	0.04747 	0.13085 	-0.07615	0.28978 	0.10788 	0.10788 	0.00000 	0.10788 	
0.94062	0         	0.04664 	0.12937 	-0.07573	0.28611 	0.10647 	0.10647 	0.00000 	0.10647 	
0.94161	0         	0.04578 	0.12783 	-0.07524	0.28223 	0.10501 	0.10501 	0.00000 	0.10501 	
0.94261	0         	0.04492 	0.12628 	-0.07476	0.27835 	0.10356 	0.10356 	0.00000 	0.10356 	
0.94361	0         	0.04408 	0.12473 	-0.07429	0.27447 	0.10209 	0.10209 	0.00000 	0.10209 	
0.94461	0         	0.04326 	0.12321 	-0.07382	0.27066 	0.10065 	0.10065 	0.00000 	0.10065 	
0.94561	0         	0.04245 	0.12174 	-0.07352	0.26706 	0.09915 	0.09915 	0.00000 	0.09915 	
0.94661	0         	0.04159 	0.12012 	-0.07298	0.26297 	0.09765 	0.09765 	0.00000 	0.09765 	
0.94760	0         	0.04073 	0.11854 	-0.07253	0.25902 	0.09612 	0.09612 	0.00000 	0.09612 	
0.94860	0         	0.03994 	0.11696 	-0.07202	0.25500 	0.09462 	0.09462 	0.00000 	0.09462 	
0.94960	0         	0.03914 	0.11540 	-0.07142	0.25098 	0.09321 	0.09321 	0.00000 	0.09321 	
0.95060	0         	0.03834 	0.11387 	-0.07091	0.24710 	0.09178 	0.09178 	0.00000 	0.09178 	
0.95160	0         	0.03749 	0.11218 	-0.07028	0.24272 	0.09022 	0.09022 	0.00000 	0.09022 	
0.95260	0         	0.03667 	0.11055 	-0.06975	0.23856 	0.08867 	0.08867 	0.00000 	0.08867 	
0.95360	0         	0.03585 	0.10885 	-0.06915	0.23419 	0.08709 	0.08709 	0.00000 	0.08709 	
0.95459	0         	0.03506 	0.10716 	-0.06847	0.22974 	0.08554 	0.08554 	0.00000 	0.08554 	
0.95559	0         	0.03428 	0.10542 	-0.06775	0.22516 	0.08397 	0.08397 	0.00000 	0.08397 	
0.95659	0         	0.03352 	0.10367 	-0.06701	0.22050 	0.08239 	0.08239 	0.00000 	0.08239 	
0.95759	0         	0.03274 	0.10185 	-0.06613	0.21557 	0.08080 	0.08080 	0.00000 	0.08080 	
0.95859	0         	0.03194 	0.10002 	-0.06532	0.21070 	0.07917 	0.07917 	0.00000 	0.07917 	
0.95959	0         	0.03114 	0.09815 	-0.06441	0.20562 	0.07754 	0.07754 	0.00000 	0.07754 	
0.96059	0         	0.03037 	0.09634 	-0.06354	0.20075 	0.07597 	0.07597 	0.00000 	0.07597 	
0.96158	0         	0.02959 	0.09446 	-0.06259	0.19560 	0.07435 	0.07435 	0.00000 	0.07435 	
0.96258	0         	0.02879 	0.09259 	-0.06176	0.19059 	0.07268 	0.07268 	0.00000 	0.07268 	
0.96358	0         	0.02802 	0.09068 	-0.06087	0.18544 	0.07099 	0.07099 	0.00000 	0.07099 	
0.96458	0         	0.02725 	0.08883 	-0.06012	0.18051 	0.06927 	0.06927 	0.00000 	0.06927 	
0.96558	0         	0.02655 	0.08702 	-0.05936	0.17564 	0.06760 	0.06760 	0.00000 	0.06760 	
0.96658	0         	0.02584 	0.08518 	-0.05850	0.17063 	0.06596 	0.06596 	0.00000 	0.06596 	
0.96758	0         	0.02509 	0.08328 	-0.05762	0.16548 	0.06426 	0.06426 	0.00000 	0.06426 	
0.96857	0         	0.02431 	0.08134 	-0.05676	0.16026 	0.06251 	0.06251 	0.00000 	0.06251 	
0.96957	0         	0.02354 	0.07942 	-0.05596	0.15511 	0.06074 	0.06074 	0.00000 	0.06074 	
0.97057	0         	0.02280 	0.07758 	-0.05525	0.15024 	0.05901 	0.05901 	0.00000 	0.05901 	
0.97157	0         	0.02202 	0.07566 	-0.05454	0.14516 	0.05718 	0.05718 	0.00000 	0.05718 	
0.97257	0         	0.02125 	0.07376 	-0.05387	0.14016 	0.05535 	0.05535 	0.00000 	0.05535 	
0.97357	0         	0.02049 	0.07189 	-0.05328	0.13529 	0.05350 	0.05350 	0.00000 	0.05350 	
0.97456	0         	0.01972 	0.07010 	-0.05282	0.13070 	0.05168 	0.05168 	0.00000 	0.05168 	
0.97556	0         	0.01897 	0.06817 	-0.05216	0.12562 	0.04979 	0.04979 	0.00000 	0.04979 	
0.97656	0         	0.01821 	0.06635 	-0.05168	0.12097 	0.04794 	0.04794 	0.00000 	0.04794 	
0.97756	0         	0.01739 	0.06440 	-0.05116	0.11596 	0.04596 	0.04596 	0.00000 	0.04596 	
0.97856	0         	0.01661 	0.06246 	-0.05061	0.11095 	0.04401 	0.04401 	0.00000 	0.04401 	
0.97956	0         	0.01579 	0.06043 	-0.04997	0.10566 	0.04200 	0.04200 	0.00000 	0.04200 	
0.98056	0         	0.01500 	0.05841 	-0.04936	0.10037 	0.03997 	0.03997 	0.00000 	0.03997 	
0.98155	0         	0.01423 	0.05639 	-0.04882	0.09515 	0.03790 	0.03790 	0.00000 	0.03790 	
0.98255	0         	0.01346 	0.05440 	-0.04838	0.09008 	0.03580 	0.03580 	0.00000 	0.03580 	
0.98355	0         	0.01271 	0.05215 	-0.04710	0.08535 	0.03389 	0.03389 	0.00000 	0.03389 	
0.98455	0         	0.01194 	0.04940 	-0.04449	0.08048 	0.03222 	0.03222 	0.00000 	0.03222 	
0.98555	0         	0.01116 	0.04671 	-0.04211	0.07562 	0.03048 	0.03048 	0.00000 	0.03048 	
0.98655	0         	0.01033 	0.04387 	-0.03945	0.07061 	0.02875 	0.02875 	0.00000 	0.02875 	
0.98755	0         	0.00954 	0.04094 	-0.03665	0.06553 	0.02698 	0.02698 	0.00000 	0.02698 	
0.98854	0         	0.00878 	0.03804 	-0.03383	0.06066 	0.02524 	0.02524 	0.00000 	0.02524 	
0.98954	0         	0.00799 	0.03502 	-0.03093	0.05551 	0.02341 	0.02341 	0.00000 	0.02341 	
0.99054	0         	0.00721 	0.03212 	-0.02831	0.05072 	0.02154 	0.02154 	0.00000 	0.02154 	
0.99154	0         	0.00645 	0.02889 	-0.02500	0.04528 	0.01971 	0.01971 	0.00000 	0.01971 	
0.99254	0         	0.00569 	0.02583 	-0.02218	0.04021 	0.01775 	0.01775 	0.00000 	0.01775 	
0.99354	0         	0.00488 	0.02259 	-0.01918	0.03494 	0.01571 	0.01571 	0.00000 	0.01571 	
0.99454	0         	0.00413 	0.01943 	-0.01645	0.03046 	0.01356 	0.01356 	0.00000 	0.01356 	
0.99553	0         	0.00338 	0.01620 	-0.01370	0.02568 	0.01134 	0.01134 	0.00000 	0.01134 	
0.99653	0         	0.00265 	0.01289 	-0.01080	0.02041 	0.00911 	0.00911 	0.00000 	0.00911 	
0.99753	0         	0.00188 	0.00937 	-0.00773	0.01492 	0.00671 	0.00671 	0.00000 	0.00671 	
0.99853	0         	0.00115 	0.00586 	-0.00488	0.00950 	0.00417 	0.00417 	0.00000 	0.00417 	
0.99953	0         	0.00037 	0.00201 	-0.00171	0.00330 	0.00142 	0.00142 	0.00000 	0.00142 	
1.00000	0         	0.00000 	0.00000 	inf     	0.00000 	0.00000 	0.00000 	0.00000 	0.00000 	
