# Prop_landscape_lost  cost_needed_for_top_fraction  min_prop_rem  ave_prop_rem  W_prop_rem  ext-1  ext-2  prop_for_each_biodiversity_feature_(e.g._species)_remaining_at_level_of_removal...
0.00001  2.0433e+005  0.76119 0.84237 0.83425   0.04348 0.04573   0.761 1.000 0.766 
0.00101  2.0412e+005  0.76119 0.84234 0.83422   0.02174 0.04573   0.761 1.000 0.766 
0.00201  2.0392e+005  0.76119 0.84230 0.83419   0.01450 0.04574   0.761 1.000 0.766 
0.00300  2.0372e+005  0.76118 0.84225 0.83415   0.01088 0.04576   0.761 1.000 0.766 
0.00400  2.0351e+005  0.76118 0.84220 0.83410   0.00871 0.04577   0.761 1.000 0.766 
0.00500  2.0331e+005  0.76118 0.84215 0.83405   0.00726 0.04578   0.761 1.000 0.766 
0.00600  2.031e+005  0.76118 0.84209 0.83400   0.00622 0.04580   0.761 1.000 0.765 
0.00700  2.029e+005  0.76118 0.84203 0.83394   0.00545 0.04581   0.761 1.000 0.765 
0.00800  2.027e+005  0.76118 0.84197 0.83389   0.00484 0.04583   0.761 0.999 0.765 
0.00900  2.0249e+005  0.76118 0.84190 0.83383   0.00436 0.04584   0.761 0.999 0.765 
0.00999  2.0229e+005  0.76118 0.84183 0.83377   0.00397 0.04586   0.761 0.999 0.765 
0.01099  2.0208e+005  0.76118 0.84176 0.83370   0.00364 0.04588   0.761 0.999 0.765 
0.01199  2.0188e+005  0.76118 0.84169 0.83364   0.00336 0.04590   0.761 0.999 0.765 
0.01299  2.0168e+005  0.76118 0.84161 0.83357   0.00312 0.04592   0.761 0.999 0.765 
0.01399  2.0147e+005  0.76118 0.84154 0.83351   0.00291 0.04594   0.761 0.999 0.765 
0.01499  2.0127e+005  0.76118 0.84147 0.83344   0.00273 0.04595   0.761 0.999 0.764 
0.01598  2.0106e+005  0.76118 0.84139 0.83337   0.00257 0.04597   0.761 0.999 0.764 
0.01698  2.0086e+005  0.76118 0.84132 0.83330   0.00243 0.04599   0.761 0.999 0.764 
0.01798  2.0066e+005  0.76118 0.84124 0.83323   0.00231 0.04601   0.761 0.998 0.764 
0.01898  2.0045e+005  0.76118 0.84116 0.83316   0.00219 0.04603   0.761 0.998 0.764 
0.01998  2.0025e+005  0.76118 0.84108 0.83309   0.00209 0.04605   0.761 0.998 0.764 
0.02098  2.0004e+005  0.76118 0.84100 0.83302   0.00199 0.04607   0.761 0.998 0.764 
0.02197  1.9984e+005  0.76118 0.84092 0.83294   0.00191 0.04609   0.761 0.998 0.764 
0.02297  1.9964e+005  0.76118 0.84084 0.83287   0.00183 0.04611   0.761 0.998 0.763 
0.02397  1.9943e+005  0.76118 0.84075 0.83280   0.00176 0.04614   0.761 0.998 0.763 
0.02497  1.9923e+005  0.76118 0.84067 0.83272   0.00169 0.04616   0.761 0.998 0.763 
0.02597  1.9902e+005  0.76118 0.84058 0.83264   0.00163 0.04618   0.761 0.998 0.763 
0.02697  1.9882e+005  0.76118 0.84049 0.83256   0.00157 0.04620   0.761 0.998 0.763 
0.02796  1.9862e+005  0.76118 0.84041 0.83249   0.00152 0.04622   0.761 0.997 0.763 
0.02896  1.9841e+005  0.76118 0.84032 0.83240   0.00147 0.04625   0.761 0.997 0.762 
0.02996  1.9821e+005  0.76118 0.84023 0.83232   0.00142 0.04627   0.761 0.997 0.762 
0.03096  1.98e+005   0.76118 0.84013 0.83224   0.00138 0.04629   0.761 0.997 0.762 
0.03196  1.978e+005  0.76118 0.84004 0.83216   0.00134 0.04632   0.761 0.997 0.762 
0.03296  1.976e+005  0.76117 0.83995 0.83207   0.00130 0.04634   0.761 0.997 0.762 
0.03396  1.9739e+005  0.76117 0.83985 0.83198   0.00126 0.04637   0.761 0.997 0.762 
0.03495  1.9719e+005  0.76117 0.83976 0.83190   0.00123 0.04639   0.761 0.997 0.761 
0.03595  1.9698e+005  0.76117 0.83966 0.83181   0.00120 0.04641   0.761 0.997 0.761 
0.03695  1.9678e+005  0.76112 0.83956 0.83172   0.00117 0.04644   0.761 0.996 0.761 
0.03795  1.9658e+005  0.76095 0.83946 0.83164   0.00114 0.04646   0.761 0.996 0.761 
0.03895  1.9637e+005  0.76078 0.83936 0.83155   0.00111 0.04649   0.761 0.996 0.761 
0.03995  1.9617e+005  0.76060 0.83927 0.83146   0.00108 0.04652   0.761 0.996 0.761 
0.04094  1.9596e+005  0.76042 0.83917 0.83137   0.00106 0.04654   0.761 0.996 0.760 
0.04194  1.9576e+005  0.76023 0.83906 0.83127   0.00103 0.04657   0.761 0.996 0.760 
0.04294  1.9556e+005  0.76004 0.83896 0.83118   0.00101 0.04659   0.761 0.996 0.760 
0.04394  1.9535e+005  0.75989 0.83887 0.83110   0.00099 0.04662   0.761 0.996 0.760 
0.04494  1.9515e+005  0.75971 0.83876 0.83100   0.00097 0.04664   0.761 0.995 0.760 
0.04594  1.9494e+005  0.75957 0.83868 0.83093   0.00095 0.04667   0.761 0.995 0.760 
0.04693  1.9474e+005  0.75941 0.83856 0.83082   0.00093 0.04669   0.761 0.995 0.759 
0.04793  1.9454e+005  0.75922 0.83845 0.83072   0.00091 0.04672   0.761 0.995 0.759 
0.04893  1.9433e+005  0.75903 0.83834 0.83062   0.00089 0.04675   0.761 0.995 0.759 
0.04993  1.9413e+005  0.75884 0.83823 0.83052   0.00088 0.04678   0.761 0.995 0.759 
0.05093  1.9392e+005  0.75865 0.83812 0.83043   0.00086 0.04681   0.761 0.995 0.759 
0.05193  1.9372e+005  0.75845 0.83801 0.83032   0.00084 0.04684   0.761 0.994 0.758 
0.05292  1.9352e+005  0.75825 0.83790 0.83023   0.00083 0.04686   0.761 0.994 0.758 
0.05392  1.9331e+005  0.75805 0.83779 0.83012   0.00081 0.04689   0.761 0.994 0.758 
0.05492  1.9311e+005  0.75785 0.83767 0.83002   0.00080 0.04692   0.761 0.994 0.758 
0.05592  1.929e+005  0.75764 0.83756 0.82992   0.00079 0.04695   0.761 0.994 0.758 
0.05692  1.927e+005  0.75744 0.83744 0.82981   0.00077 0.04698   0.761 0.994 0.757 
0.05792  1.925e+005  0.75724 0.83733 0.82971   0.00076 0.04701   0.761 0.994 0.757 
0.05891  1.9229e+005  0.75703 0.83722 0.82961   0.00075 0.04704   0.761 0.993 0.757 
0.05991  1.9209e+005  0.75681 0.83710 0.82951   0.00074 0.04707   0.761 0.993 0.757 
0.06091  1.9188e+005  0.75660 0.83698 0.82940   0.00073 0.04710   0.761 0.993 0.757 
0.06191  1.9168e+005  0.75639 0.83686 0.82929   0.00071 0.04713   0.761 0.993 0.756 
0.06291  1.9148e+005  0.75618 0.83675 0.82918   0.00070 0.04716   0.761 0.993 0.756 
0.06391  1.9127e+005  0.75597 0.83662 0.82907   0.00069 0.04719   0.761 0.993 0.756 
0.06491  1.9107e+005  0.75575 0.83650 0.82896   0.00068 0.04722   0.761 0.993 0.756 
0.06590  1.9086e+005  0.75557 0.83637 0.82884   0.00067 0.04726   0.761 0.992 0.756 
0.06690  1.9066e+005  0.75535 0.83623 0.82871   0.00067 0.04730   0.761 0.992 0.755 
0.06790  1.9046e+005  0.75513 0.83610 0.82860   0.00066 0.04733   0.761 0.992 0.755 
0.06890  1.9025e+005  0.75491 0.83597 0.82848   0.00065 0.04736   0.761 0.992 0.755 
0.06990  1.9005e+005  0.75469 0.83585 0.82837   0.00064 0.04740   0.761 0.992 0.755 
0.07090  1.8984e+005  0.75447 0.83572 0.82825   0.00063 0.04743   0.761 0.992 0.754 
0.07189  1.8964e+005  0.75424 0.83559 0.82814   0.00062 0.04746   0.761 0.992 0.754 
0.07289  1.8944e+005  0.75401 0.83547 0.82802   0.00061 0.04749   0.761 0.991 0.754 
0.07389  1.8923e+005  0.75377 0.83533 0.82790   0.00061 0.04753   0.761 0.991 0.754 
0.07489  1.8903e+005  0.75354 0.83520 0.82778   0.00060 0.04756   0.761 0.991 0.754 
0.07589  1.8882e+005  0.75330 0.83507 0.82766   0.00059 0.04760   0.761 0.991 0.753 
0.07689  1.8862e+005  0.75307 0.83494 0.82755   0.00058 0.04763   0.761 0.991 0.753 
0.07788  1.8842e+005  0.75283 0.83481 0.82743   0.00058 0.04766   0.761 0.991 0.753 
0.07888  1.8821e+005  0.75259 0.83467 0.82730   0.00057 0.04770   0.761 0.990 0.753 
0.07988  1.8801e+005  0.75235 0.83453 0.82717   0.00056 0.04774   0.761 0.990 0.752 
0.08088  1.878e+005  0.75211 0.83439 0.82705   0.00056 0.04777   0.761 0.990 0.752 
0.08188  1.876e+005  0.75187 0.83425 0.82693   0.00055 0.04781   0.761 0.990 0.752 
0.08288  1.874e+005  0.75162 0.83411 0.82680   0.00055 0.04784   0.761 0.990 0.752 
0.08387  1.8719e+005  0.75137 0.83397 0.82667   0.00054 0.04788   0.761 0.990 0.751 
0.08487  1.8699e+005  0.75112 0.83383 0.82654   0.00053 0.04792   0.761 0.989 0.751 
0.08587  1.8678e+005  0.75089 0.83369 0.82642   0.00053 0.04795   0.761 0.989 0.751 
0.08687  1.8658e+005  0.75064 0.83355 0.82629   0.00052 0.04799   0.761 0.989 0.751 
0.08787  1.8638e+005  0.75039 0.83341 0.82616   0.00052 0.04803   0.761 0.989 0.750 
0.08887  1.8617e+005  0.75013 0.83326 0.82603   0.00051 0.04807   0.761 0.989 0.750 
0.08986  1.8597e+005  0.74988 0.83312 0.82590   0.00051 0.04810   0.761 0.989 0.750 
0.09086  1.8576e+005  0.74962 0.83297 0.82576   0.00050 0.04814   0.761 0.988 0.750 
0.09186  1.8556e+005  0.74936 0.83282 0.82563   0.00050 0.04818   0.761 0.988 0.749 
0.09286  1.8536e+005  0.74910 0.83268 0.82549   0.00049 0.04822   0.761 0.988 0.749 
0.09386  1.8515e+005  0.74884 0.83252 0.82536   0.00049 0.04826   0.761 0.988 0.749 
0.09486  1.8495e+005  0.74858 0.83238 0.82523   0.00048 0.04830   0.761 0.988 0.749 
0.09586  1.8474e+005  0.74832 0.83223 0.82509   0.00048 0.04834   0.761 0.988 0.748 
0.09685  1.8454e+005  0.74805 0.83208 0.82495   0.00047 0.04837   0.761 0.987 0.748 
0.09785  1.8434e+005  0.74779 0.83192 0.82481   0.00047 0.04842   0.761 0.987 0.748 
0.09885  1.8413e+005  0.74755 0.83178 0.82469   0.00046 0.04845   0.761 0.987 0.748 
0.09985  1.8393e+005  0.74735 0.83164 0.82456   0.00046 0.04849   0.761 0.987 0.747 
0.10085  1.8372e+005  0.74712 0.83147 0.82440   0.00046 0.04853   0.761 0.986 0.747 
0.10185  1.8352e+005  0.74684 0.83131 0.82426   0.00045 0.04857   0.761 0.986 0.747 
0.10284  1.8332e+005  0.74657 0.83115 0.82411   0.00045 0.04861   0.761 0.986 0.747 
0.10384  1.8311e+005  0.74631 0.83100 0.82398   0.00044 0.04865   0.761 0.986 0.746 
0.10484  1.8291e+005  0.74605 0.83085 0.82385   0.00044 0.04869   0.761 0.986 0.746 
0.10584  1.827e+005  0.74578 0.83070 0.82371   0.00044 0.04873   0.761 0.986 0.746 
0.10684  1.825e+005  0.74550 0.83055 0.82357   0.00043 0.04877   0.761 0.985 0.746 
0.10784  1.823e+005  0.74526 0.83039 0.82343   0.00043 0.04881   0.761 0.985 0.745 
0.10883  1.8209e+005  0.74500 0.83024 0.82329   0.00043 0.04885   0.761 0.985 0.745 
0.10983  1.8189e+005  0.74472 0.83008 0.82315   0.00042 0.04889   0.761 0.985 0.745 
0.11083  1.8168e+005  0.74444 0.82992 0.82300   0.00042 0.04893   0.761 0.985 0.744 
0.11183  1.8148e+005  0.74416 0.82976 0.82285   0.00042 0.04898   0.761 0.984 0.744 
0.11283  1.8128e+005  0.74388 0.82960 0.82271   0.00041 0.04902   0.761 0.984 0.744 
0.11383  1.8107e+005  0.74360 0.82944 0.82256   0.00041 0.04906   0.761 0.984 0.744 
0.11482  1.8087e+005  0.74332 0.82927 0.82242   0.00041 0.04910   0.761 0.984 0.743 
0.11582  1.8066e+005  0.74303 0.82911 0.82227   0.00040 0.04914   0.761 0.984 0.743 
0.11682  1.8046e+005  0.74275 0.82895 0.82212   0.00040 0.04919   0.761 0.983 0.743 
0.11782  1.8026e+005  0.74246 0.82878 0.82197   0.00040 0.04923   0.761 0.983 0.742 
0.11882  1.8005e+005  0.74217 0.82862 0.82182   0.00040 0.04927   0.761 0.983 0.742 
0.11982  1.7985e+005  0.74189 0.82845 0.82167   0.00039 0.04932   0.761 0.983 0.742 
0.12081  1.7964e+005  0.74160 0.82828 0.82152   0.00039 0.04936   0.761 0.983 0.742 
0.12181  1.7944e+005  0.74131 0.82812 0.82137   0.00039 0.04940   0.761 0.982 0.741 
0.12281  1.7924e+005  0.74101 0.82795 0.82122   0.00038 0.04945   0.761 0.982 0.741 
0.12381  1.7903e+005  0.74072 0.82778 0.82107   0.00038 0.04949   0.761 0.982 0.741 
0.12481  1.7883e+005  0.74043 0.82762 0.82092   0.00038 0.04953   0.761 0.982 0.740 
0.12581  1.7862e+005  0.74013 0.82745 0.82077   0.00038 0.04958   0.761 0.982 0.740 
0.12681  1.7842e+005  0.73985 0.82729 0.82063   0.00037 0.04962   0.761 0.981 0.740 
0.12780  1.7822e+005  0.73955 0.82712 0.82047   0.00037 0.04966   0.761 0.981 0.740 
0.12880  1.7801e+005  0.73927 0.82696 0.82033   0.00037 0.04971   0.761 0.981 0.739 
0.12980  1.7781e+005  0.73905 0.82684 0.82022   0.00037 0.04974   0.761 0.981 0.739 
0.13080  1.776e+005  0.73875 0.82667 0.82007   0.00036 0.04978   0.761 0.981 0.739 
0.13180  1.774e+005  0.73846 0.82651 0.81992   0.00036 0.04982   0.761 0.980 0.738 
0.13280  1.772e+005  0.73816 0.82633 0.81976   0.00036 0.04987   0.761 0.980 0.738 
0.13379  1.7699e+005  0.73785 0.82616 0.81960   0.00036 0.04991   0.761 0.980 0.738 
0.13479  1.7679e+005  0.73755 0.82599 0.81945   0.00035 0.04996   0.761 0.980 0.738 
0.13579  1.7658e+005  0.73725 0.82582 0.81929   0.00035 0.05000   0.761 0.980 0.737 
0.13679  1.7638e+005  0.73694 0.82564 0.81914   0.00035 0.05005   0.761 0.979 0.737 
0.13779  1.7618e+005  0.73664 0.82548 0.81899   0.00035 0.05009   0.761 0.979 0.737 
0.13879  1.7597e+005  0.73633 0.82530 0.81883   0.00035 0.05014   0.761 0.979 0.736 
0.13978  1.7577e+005  0.73602 0.82513 0.81867   0.00034 0.05019   0.761 0.979 0.736 
0.14078  1.7556e+005  0.73571 0.82495 0.81851   0.00034 0.05023   0.761 0.979 0.736 
0.14178  1.7536e+005  0.73540 0.82478 0.81835   0.00034 0.05028   0.761 0.978 0.735 
0.14278  1.7516e+005  0.73510 0.82461 0.81820   0.00034 0.05032   0.761 0.978 0.735 
0.14378  1.7495e+005  0.73479 0.82443 0.81805   0.00034 0.05037   0.761 0.978 0.735 
0.14478  1.7475e+005  0.73458 0.82427 0.81790   0.00033 0.05041   0.761 0.978 0.735 
0.14577  1.7454e+005  0.73430 0.82406 0.81771   0.00033 0.05046   0.760 0.977 0.734 
0.14677  1.7434e+005  0.73399 0.82388 0.81754   0.00033 0.05051   0.760 0.977 0.734 
0.14777  1.7414e+005  0.73368 0.82370 0.81738   0.00033 0.05056   0.760 0.977 0.734 
0.14877  1.7393e+005  0.73337 0.82353 0.81723   0.00033 0.05060   0.760 0.977 0.733 
0.14977  1.7373e+005  0.73306 0.82335 0.81706   0.00032 0.05065   0.760 0.977 0.733 
0.15077  1.7352e+005  0.73274 0.82317 0.81690   0.00032 0.05070   0.760 0.976 0.733 
0.15177  1.7332e+005  0.73243 0.82299 0.81674   0.00032 0.05075   0.760 0.976 0.732 
0.15276  1.7312e+005  0.73211 0.82281 0.81657   0.00032 0.05079   0.760 0.976 0.732 
0.15376  1.7291e+005  0.73179 0.82263 0.81641   0.00032 0.05084   0.760 0.976 0.732 
0.15476  1.7271e+005  0.73147 0.82245 0.81625   0.00032 0.05089   0.760 0.975 0.731 
0.15576  1.725e+005  0.73115 0.82227 0.81609   0.00031 0.05093   0.760 0.975 0.731 
0.15676  1.723e+005  0.73083 0.82209 0.81593   0.00031 0.05098   0.760 0.975 0.731 
0.15776  1.721e+005  0.73051 0.82191 0.81576   0.00031 0.05103   0.760 0.975 0.731 
0.15875  1.7189e+005  0.73019 0.82173 0.81560   0.00031 0.05108   0.760 0.975 0.730 
0.15975  1.7169e+005  0.72987 0.82155 0.81544   0.00031 0.05112   0.760 0.974 0.730 
0.16075  1.7148e+005  0.72954 0.82137 0.81527   0.00031 0.05117   0.760 0.974 0.730 
0.16175  1.7128e+005  0.72922 0.82118 0.81511   0.00030 0.05122   0.760 0.974 0.729 
0.16275  1.7108e+005  0.72889 0.82100 0.81494   0.00030 0.05127   0.760 0.974 0.729 
0.16375  1.7087e+005  0.72857 0.82082 0.81478   0.00030 0.05132   0.760 0.974 0.729 
0.16474  1.7067e+005  0.72824 0.82064 0.81461   0.00030 0.05137   0.760 0.973 0.728 
0.16574  1.7046e+005  0.72792 0.82045 0.81444   0.00030 0.05142   0.760 0.973 0.728 
0.16674  1.7026e+005  0.72759 0.82027 0.81428   0.00030 0.05146   0.760 0.973 0.728 
0.16774  1.7006e+005  0.72725 0.82008 0.81411   0.00030 0.05151   0.760 0.973 0.727 
0.16874  1.6985e+005  0.72692 0.81990 0.81394   0.00029 0.05156   0.760 0.972 0.727 
0.16974  1.6965e+005  0.72659 0.81971 0.81377   0.00029 0.05161   0.760 0.972 0.727 
0.17073  1.6944e+005  0.72626 0.81952 0.81360   0.00029 0.05166   0.760 0.972 0.726 
0.17173  1.6924e+005  0.72592 0.81934 0.81343   0.00029 0.05171   0.760 0.972 0.726 
0.17273  1.6904e+005  0.72559 0.81915 0.81327   0.00029 0.05176   0.760 0.972 0.726 
0.17373  1.6883e+005  0.72526 0.81897 0.81310   0.00029 0.05181   0.760 0.971 0.725 
0.17473  1.6863e+005  0.72493 0.81877 0.81292   0.00029 0.05186   0.760 0.971 0.725 
0.17573  1.6842e+005  0.72460 0.81859 0.81275   0.00028 0.05191   0.760 0.971 0.725 
0.17672  1.6822e+005  0.72426 0.81839 0.81258   0.00028 0.05196   0.760 0.971 0.724 
0.17772  1.6802e+005  0.72392 0.81820 0.81241   0.00028 0.05201   0.760 0.970 0.724 
0.17872  1.6781e+005  0.72358 0.81801 0.81223   0.00028 0.05206   0.760 0.970 0.724 
0.17972  1.6761e+005  0.72324 0.81782 0.81206   0.00028 0.05211   0.760 0.970 0.723 
0.18072  1.674e+005  0.72290 0.81763 0.81189   0.00028 0.05216   0.760 0.970 0.723 
0.18172  1.672e+005  0.72259 0.81746 0.81173   0.00028 0.05221   0.760 0.970 0.723 
0.18272  1.67e+005   0.72225 0.81727 0.81156   0.00028 0.05226   0.760 0.969 0.722 
0.18371  1.6679e+005  0.72191 0.81708 0.81139   0.00027 0.05231   0.760 0.969 0.722 
0.18471  1.6659e+005  0.72157 0.81688 0.81121   0.00027 0.05236   0.760 0.969 0.722 
0.18571  1.6638e+005  0.72122 0.81670 0.81104   0.00027 0.05241   0.760 0.969 0.721 
0.18671  1.6618e+005  0.72088 0.81650 0.81087   0.00027 0.05247   0.760 0.968 0.721 
0.18771  1.6598e+005  0.72054 0.81630 0.81069   0.00027 0.05252   0.760 0.968 0.721 
0.18871  1.6577e+005  0.72019 0.81611 0.81051   0.00027 0.05257   0.760 0.968 0.720 
0.18970  1.6557e+005  0.71984 0.81592 0.81034   0.00027 0.05262   0.760 0.968 0.720 
0.19070  1.6536e+005  0.71950 0.81572 0.81016   0.00027 0.05267   0.760 0.968 0.719 
0.19170  1.6516e+005  0.71915 0.81554 0.80999   0.00027 0.05272   0.760 0.967 0.719 
0.19270  1.6496e+005  0.71882 0.81535 0.80982   0.00026 0.05277   0.760 0.967 0.719 
0.19370  1.6475e+005  0.71847 0.81515 0.80965   0.00026 0.05283   0.760 0.967 0.718 
0.19470  1.6455e+005  0.71812 0.81496 0.80947   0.00026 0.05288   0.760 0.967 0.718 
0.19569  1.6434e+005  0.71777 0.81476 0.80929   0.00026 0.05293   0.760 0.966 0.718 
0.19669  1.6414e+005  0.71743 0.81457 0.80912   0.00026 0.05298   0.760 0.966 0.717 
0.19769  1.6394e+005  0.71707 0.81437 0.80894   0.00026 0.05303   0.760 0.966 0.717 
0.19869  1.6373e+005  0.71672 0.81417 0.80876   0.00026 0.05309   0.760 0.966 0.717 
0.19969  1.6353e+005  0.71637 0.81397 0.80858   0.00026 0.05314   0.760 0.966 0.716 
0.20069  1.6332e+005  0.71601 0.81378 0.80840   0.00026 0.05320   0.760 0.965 0.716 
0.20168  1.6312e+005  0.71565 0.81358 0.80822   0.00026 0.05325   0.760 0.965 0.716 
0.20268  1.6292e+005  0.71530 0.81338 0.80804   0.00025 0.05330   0.760 0.965 0.715 
0.20368  1.6271e+005  0.71494 0.81317 0.80785   0.00025 0.05336   0.760 0.965 0.715 
0.20468  1.6251e+005  0.71458 0.81297 0.80767   0.00025 0.05341   0.760 0.964 0.715 
0.20568  1.623e+005  0.71422 0.81277 0.80749   0.00025 0.05346   0.760 0.964 0.714 
0.20668  1.621e+005  0.71386 0.81257 0.80731   0.00025 0.05352   0.760 0.964 0.714 
0.20767  1.619e+005  0.71350 0.81237 0.80713   0.00025 0.05357   0.760 0.964 0.714 
0.20867  1.6169e+005  0.71314 0.81216 0.80694   0.00025 0.05363   0.760 0.963 0.713 
0.20967  1.6149e+005  0.71278 0.81195 0.80674   0.00025 0.05369   0.760 0.963 0.713 
0.21067  1.6128e+005  0.71243 0.81175 0.80656   0.00025 0.05374   0.760 0.963 0.712 
0.21167  1.6108e+005  0.71207 0.81155 0.80638   0.00025 0.05379   0.760 0.963 0.712 
0.21267  1.6088e+005  0.71170 0.81133 0.80618   0.00025 0.05385   0.760 0.962 0.712 
0.21367  1.6067e+005  0.71134 0.81113 0.80600   0.00024 0.05391   0.760 0.962 0.711 
0.21466  1.6047e+005  0.71097 0.81092 0.80581   0.00024 0.05396   0.760 0.962 0.711 
0.21566  1.6026e+005  0.71061 0.81071 0.80562   0.00024 0.05402   0.760 0.962 0.711 
0.21666  1.6006e+005  0.71024 0.81050 0.80543   0.00024 0.05408   0.760 0.961 0.710 
0.21766  1.5986e+005  0.70987 0.81029 0.80524   0.00024 0.05413   0.760 0.961 0.710 
0.21866  1.5965e+005  0.70950 0.81008 0.80505   0.00024 0.05419   0.760 0.961 0.710 
0.21966  1.5945e+005  0.70914 0.80988 0.80487   0.00024 0.05424   0.760 0.961 0.709 
0.22065  1.5924e+005  0.70877 0.80967 0.80468   0.00024 0.05430   0.760 0.960 0.709 
0.22165  1.5904e+005  0.70840 0.80945 0.80448   0.00024 0.05436   0.760 0.960 0.708 
0.22265  1.5884e+005  0.70802 0.80924 0.80429   0.00024 0.05441   0.760 0.960 0.708 
0.22365  1.5863e+005  0.70766 0.80904 0.80411   0.00024 0.05447   0.760 0.960 0.708 
0.22465  1.5843e+005  0.70728 0.80882 0.80391   0.00024 0.05453   0.760 0.959 0.707 
0.22565  1.5822e+005  0.70691 0.80862 0.80373   0.00023 0.05458   0.760 0.959 0.707 
0.22664  1.5802e+005  0.70654 0.80841 0.80353   0.00023 0.05464   0.760 0.959 0.707 
0.22764  1.5782e+005  0.70617 0.80819 0.80334   0.00023 0.05470   0.760 0.959 0.706 
0.22864  1.5761e+005  0.70579 0.80798 0.80314   0.00023 0.05476   0.760 0.958 0.706 
0.22964  1.5741e+005  0.70541 0.80775 0.80294   0.00023 0.05482   0.760 0.958 0.705 
0.23064  1.572e+005  0.70503 0.80753 0.80274   0.00023 0.05488   0.760 0.958 0.705 
0.23164  1.57e+005   0.70465 0.80732 0.80255   0.00023 0.05493   0.760 0.958 0.705 
0.23263  1.568e+005  0.70427 0.80710 0.80235   0.00023 0.05499   0.760 0.957 0.704 
0.23363  1.5659e+005  0.70390 0.80688 0.80215   0.00023 0.05505   0.760 0.957 0.704 
0.23463  1.5639e+005  0.70351 0.80666 0.80194   0.00023 0.05511   0.760 0.957 0.704 
0.23563  1.5618e+005  0.70313 0.80644 0.80174   0.00023 0.05517   0.760 0.957 0.703 
0.23663  1.5598e+005  0.70274 0.80621 0.80154   0.00023 0.05523   0.759 0.956 0.703 
0.23763  1.5578e+005  0.70236 0.80599 0.80134   0.00023 0.05530   0.759 0.956 0.702 
0.23862  1.5557e+005  0.70197 0.80577 0.80114   0.00023 0.05535   0.759 0.956 0.702 
0.23962  1.5537e+005  0.70158 0.80555 0.80094   0.00022 0.05542   0.759 0.956 0.702 
0.24062  1.5516e+005  0.70120 0.80533 0.80074   0.00022 0.05547   0.759 0.955 0.701 
0.24162  1.5496e+005  0.70081 0.80511 0.80054   0.00022 0.05553   0.759 0.955 0.701 
0.24262  1.5476e+005  0.70042 0.80488 0.80033   0.00022 0.05560   0.759 0.955 0.700 
0.24362  1.5455e+005  0.70003 0.80466 0.80013   0.00022 0.05566   0.759 0.955 0.700 
0.24462  1.5435e+005  0.69963 0.80443 0.79992   0.00022 0.05572   0.759 0.954 0.700 
0.24561  1.5414e+005  0.69924 0.80421 0.79972   0.00022 0.05578   0.759 0.954 0.699 
0.24661  1.5394e+005  0.69884 0.80399 0.79952   0.00022 0.05584   0.759 0.954 0.699 
0.24761  1.5374e+005  0.69845 0.80376 0.79932   0.00022 0.05590   0.759 0.954 0.698 
0.24861  1.5353e+005  0.69805 0.80354 0.79911   0.00022 0.05596   0.759 0.953 0.698 
0.24961  1.5333e+005  0.69766 0.80331 0.79891   0.00022 0.05602   0.759 0.953 0.698 
0.25061  1.5312e+005  0.69726 0.80309 0.79870   0.00022 0.05609   0.759 0.953 0.697 
0.25160  1.5292e+005  0.69686 0.80286 0.79849   0.00022 0.05615   0.759 0.952 0.697 
0.25260  1.5272e+005  0.69646 0.80262 0.79828   0.00022 0.05621   0.759 0.952 0.696 
0.25360  1.5251e+005  0.69606 0.80240 0.79807   0.00022 0.05627   0.759 0.952 0.696 
0.25460  1.5231e+005  0.69566 0.80217 0.79787   0.00022 0.05634   0.759 0.952 0.696 
0.25560  1.521e+005  0.69526 0.80194 0.79766   0.00022 0.05640   0.759 0.951 0.695 
0.25660  1.519e+005  0.69486 0.80170 0.79744   0.00021 0.05647   0.759 0.951 0.695 
0.25759  1.517e+005  0.69446 0.80147 0.79723   0.00021 0.05653   0.759 0.951 0.694 
0.25859  1.5149e+005  0.69406 0.80123 0.79701   0.00021 0.05660   0.759 0.951 0.694 
0.25959  1.5129e+005  0.69366 0.80100 0.79680   0.00021 0.05666   0.759 0.950 0.694 
0.26059  1.5108e+005  0.69325 0.80076 0.79658   0.00021 0.05672   0.759 0.950 0.693 
0.26159  1.5088e+005  0.69284 0.80053 0.79637   0.00021 0.05679   0.759 0.950 0.693 
0.26259  1.5068e+005  0.69243 0.80031 0.79617   0.00021 0.05685   0.759 0.950 0.692 
0.26358  1.5047e+005  0.69202 0.80007 0.79596   0.00021 0.05691   0.759 0.949 0.692 
0.26458  1.5027e+005  0.69161 0.79984 0.79574   0.00021 0.05698   0.759 0.949 0.692 
0.26558  1.5006e+005  0.69119 0.79960 0.79553   0.00021 0.05704   0.759 0.949 0.691 
0.26658  1.4986e+005  0.69078 0.79937 0.79531   0.00021 0.05711   0.759 0.948 0.691 
0.26758  1.4966e+005  0.69037 0.79913 0.79510   0.00021 0.05717   0.759 0.948 0.690 
0.26858  1.4945e+005  0.68996 0.79890 0.79489   0.00021 0.05723   0.759 0.948 0.690 
0.26958  1.4925e+005  0.68954 0.79866 0.79467   0.00021 0.05730   0.759 0.948 0.690 
0.27057  1.4904e+005  0.68913 0.79842 0.79446   0.00021 0.05737   0.759 0.947 0.689 
0.27157  1.4884e+005  0.68871 0.79820 0.79425   0.00021 0.05743   0.759 0.947 0.689 
0.27257  1.4864e+005  0.68829 0.79796 0.79404   0.00021 0.05749   0.759 0.947 0.688 
0.27357  1.4843e+005  0.68787 0.79772 0.79381   0.00021 0.05756   0.759 0.947 0.688 
0.27457  1.4823e+005  0.68745 0.79747 0.79359   0.00021 0.05763   0.759 0.946 0.687 
0.27557  1.4802e+005  0.68703 0.79723 0.79336   0.00020 0.05770   0.759 0.946 0.687 
0.27656  1.4782e+005  0.68660 0.79698 0.79315   0.00020 0.05777   0.759 0.946 0.687 
0.27756  1.4762e+005  0.68618 0.79674 0.79292   0.00020 0.05783   0.759 0.945 0.686 
0.27856  1.4741e+005  0.68576 0.79648 0.79268   0.00020 0.05791   0.759 0.945 0.686 
0.27956  1.4721e+005  0.68533 0.79622 0.79245   0.00020 0.05798   0.758 0.945 0.685 
0.28056  1.47e+005   0.68491 0.79597 0.79222   0.00020 0.05804   0.758 0.945 0.685 
0.28156  1.468e+005  0.68448 0.79572 0.79200   0.00020 0.05811   0.758 0.944 0.684 
0.28255  1.466e+005  0.68406 0.79548 0.79177   0.00020 0.05818   0.758 0.944 0.684 
0.28355  1.4639e+005  0.68363 0.79523 0.79154   0.00020 0.05825   0.758 0.944 0.684 
0.28455  1.4619e+005  0.68319 0.79498 0.79131   0.00020 0.05832   0.758 0.943 0.683 
0.28555  1.4598e+005  0.68276 0.79473 0.79108   0.00020 0.05839   0.758 0.943 0.683 
0.28655  1.4578e+005  0.68232 0.79447 0.79085   0.00020 0.05846   0.758 0.943 0.682 
0.28755  1.4558e+005  0.68188 0.79421 0.79061   0.00020 0.05853   0.758 0.942 0.682 
0.28854  1.4537e+005  0.68144 0.79395 0.79038   0.00020 0.05860   0.758 0.942 0.681 
0.28954  1.4517e+005  0.68100 0.79369 0.79014   0.00020 0.05868   0.758 0.942 0.681 
0.29054  1.4496e+005  0.68058 0.79344 0.78991   0.00020 0.05875   0.758 0.942 0.681 
0.29154  1.4476e+005  0.68014 0.79318 0.78967   0.00020 0.05882   0.758 0.941 0.680 
0.29254  1.4456e+005  0.67969 0.79291 0.78943   0.00020 0.05889   0.758 0.941 0.680 
0.29354  1.4435e+005  0.67926 0.79263 0.78917   0.00020 0.05897   0.758 0.941 0.679 
0.29453  1.4415e+005  0.67883 0.79237 0.78893   0.00020 0.05904   0.758 0.940 0.679 
0.29553  1.4394e+005  0.67838 0.79210 0.78869   0.00020 0.05912   0.758 0.940 0.678 
0.29653  1.4374e+005  0.67794 0.79183 0.78843   0.00020 0.05920   0.758 0.940 0.678 
0.29753  1.4354e+005  0.67749 0.79155 0.78819   0.00020 0.05927   0.758 0.939 0.677 
0.29853  1.4333e+005  0.67704 0.79128 0.78794   0.00019 0.05935   0.758 0.939 0.677 
0.29953  1.4313e+005  0.67658 0.79101 0.78769   0.00019 0.05942   0.758 0.939 0.677 
0.30053  1.4292e+005  0.67613 0.79073 0.78744   0.00019 0.05950   0.758 0.938 0.676 
0.30152  1.4272e+005  0.67567 0.79046 0.78719   0.00019 0.05957   0.758 0.938 0.676 
0.30252  1.4252e+005  0.67522 0.79019 0.78694   0.00019 0.05965   0.758 0.938 0.675 
0.30352  1.4231e+005  0.67476 0.78991 0.78668   0.00019 0.05973   0.758 0.937 0.675 
0.30452  1.4211e+005  0.67429 0.78963 0.78643   0.00019 0.05981   0.758 0.937 0.674 
0.30552  1.419e+005  0.67383 0.78934 0.78616   0.00019 0.05989   0.758 0.937 0.674 
0.30652  1.417e+005  0.67336 0.78906 0.78590   0.00019 0.05997   0.758 0.936 0.673 
0.30751  1.415e+005  0.67291 0.78878 0.78565   0.00019 0.06004   0.757 0.936 0.673 
0.30851  1.4129e+005  0.67244 0.78850 0.78540   0.00019 0.06012   0.757 0.936 0.672 
0.30951  1.4109e+005  0.67197 0.78822 0.78514   0.00019 0.06020   0.757 0.935 0.672 
0.31051  1.4088e+005  0.67150 0.78793 0.78487   0.00019 0.06028   0.757 0.935 0.672 
0.31151  1.4068e+005  0.67103 0.78765 0.78462   0.00019 0.06036   0.757 0.935 0.671 
0.31251  1.4048e+005  0.67056 0.78735 0.78434   0.00019 0.06045   0.757 0.934 0.671 
0.31350  1.4027e+005  0.67008 0.78705 0.78407   0.00019 0.06053   0.757 0.934 0.670 
0.31450  1.4007e+005  0.66961 0.78676 0.78380   0.00019 0.06061   0.757 0.934 0.670 
0.31550  1.3986e+005  0.66914 0.78646 0.78353   0.00019 0.06069   0.757 0.933 0.669 
0.31650  1.3966e+005  0.66866 0.78616 0.78326   0.00019 0.06078   0.757 0.933 0.669 
0.31750  1.3946e+005  0.66827 0.78592 0.78303   0.00019 0.06084   0.757 0.932 0.668 
0.31850  1.3925e+005  0.66795 0.78568 0.78282   0.00019 0.06091   0.757 0.932 0.668 
0.31949  1.3905e+005  0.66769 0.78545 0.78262   0.00019 0.06097   0.757 0.932 0.668 
0.32049  1.3884e+005  0.66734 0.78518 0.78237   0.00019 0.06104   0.757 0.931 0.667 
0.32149  1.3864e+005  0.66695 0.78489 0.78210   0.00019 0.06112   0.757 0.931 0.667 
0.32249  1.3844e+005  0.66655 0.78457 0.78182   0.00019 0.06120   0.757 0.930 0.667 
0.32349  1.3823e+005  0.66613 0.78426 0.78154   0.00019 0.06129   0.757 0.930 0.666 
0.32449  1.3803e+005  0.66571 0.78393 0.78124   0.00019 0.06137   0.757 0.929 0.666 
0.32548  1.3782e+005  0.66528 0.78358 0.78091   0.00019 0.06147   0.757 0.929 0.665 
0.32648  1.3762e+005  0.66482 0.78323 0.78058   0.00019 0.06157   0.757 0.928 0.665 
0.32748  1.3742e+005  0.66434 0.78292 0.78030   0.00019 0.06166   0.757 0.928 0.664 
0.32848  1.3721e+005  0.66385 0.78262 0.78003   0.00019 0.06174   0.757 0.927 0.664 
0.32948  1.3701e+005  0.66337 0.78231 0.77974   0.00018 0.06183   0.757 0.927 0.663 
0.33048  1.368e+005  0.66288 0.78199 0.77945   0.00018 0.06192   0.757 0.927 0.663 
0.33148  1.366e+005  0.66240 0.78168 0.77916   0.00018 0.06201   0.756 0.926 0.662 
0.33247  1.364e+005  0.66193 0.78137 0.77887   0.00018 0.06210   0.756 0.926 0.662 
0.33347  1.3619e+005  0.66148 0.78105 0.77858   0.00018 0.06218   0.756 0.925 0.661 
0.33447  1.3599e+005  0.66099 0.78073 0.77829   0.00018 0.06227   0.756 0.925 0.661 
0.33547  1.3578e+005  0.66050 0.78041 0.77800   0.00018 0.06236   0.756 0.924 0.661 
0.33647  1.3558e+005  0.66001 0.78011 0.77772   0.00018 0.06245   0.756 0.924 0.660 
0.33747  1.3538e+005  0.65952 0.77980 0.77744   0.00018 0.06254   0.756 0.924 0.660 
0.33846  1.3517e+005  0.65902 0.77949 0.77716   0.00018 0.06262   0.756 0.923 0.659 
0.33946  1.3497e+005  0.65853 0.77918 0.77688   0.00018 0.06271   0.756 0.923 0.659 
0.34046  1.3476e+005  0.65803 0.77886 0.77658   0.00018 0.06280   0.756 0.923 0.658 
0.34146  1.3456e+005  0.65752 0.77855 0.77630   0.00018 0.06289   0.756 0.922 0.658 
0.34246  1.3436e+005  0.65704 0.77824 0.77601   0.00018 0.06298   0.756 0.922 0.657 
0.34346  1.3415e+005  0.65655 0.77794 0.77574   0.00018 0.06306   0.756 0.921 0.657 
0.34445  1.3395e+005  0.65604 0.77762 0.77545   0.00018 0.06315   0.756 0.921 0.656 
0.34545  1.3374e+005  0.65552 0.77731 0.77516   0.00018 0.06324   0.756 0.921 0.656 
0.34645  1.3354e+005  0.65502 0.77698 0.77487   0.00018 0.06333   0.756 0.920 0.655 
0.34745  1.3334e+005  0.65451 0.77665 0.77456   0.00018 0.06343   0.756 0.920 0.655 
0.34845  1.3313e+005  0.65400 0.77632 0.77425   0.00018 0.06352   0.756 0.919 0.654 
0.34945  1.3293e+005  0.65350 0.77599 0.77395   0.00018 0.06361   0.756 0.919 0.653 
0.35044  1.3272e+005  0.65298 0.77566 0.77365   0.00018 0.06370   0.756 0.918 0.653 
0.35144  1.3252e+005  0.65247 0.77533 0.77335   0.00018 0.06380   0.756 0.918 0.652 
0.35244  1.3232e+005  0.65197 0.77500 0.77305   0.00018 0.06389   0.755 0.918 0.652 
0.35344  1.3211e+005  0.65146 0.77467 0.77274   0.00018 0.06399   0.755 0.917 0.651 
0.35444  1.3191e+005  0.65094 0.77434 0.77244   0.00018 0.06408   0.755 0.917 0.651 
0.35544  1.317e+005  0.65046 0.77401 0.77214   0.00018 0.06417   0.755 0.916 0.650 
0.35643  1.315e+005  0.64994 0.77367 0.77182   0.00018 0.06427   0.755 0.916 0.650 
0.35743  1.313e+005  0.64942 0.77333 0.77151   0.00018 0.06437   0.755 0.915 0.649 
0.35843  1.3109e+005  0.64889 0.77300 0.77121   0.00018 0.06446   0.755 0.915 0.649 
0.35943  1.3089e+005  0.64837 0.77265 0.77088   0.00018 0.06456   0.755 0.915 0.648 
0.36043  1.3068e+005  0.64785 0.77230 0.77056   0.00018 0.06466   0.755 0.914 0.648 
0.36143  1.3048e+005  0.64734 0.77196 0.77025   0.00018 0.06476   0.755 0.914 0.647 
0.36243  1.3028e+005  0.64682 0.77161 0.76992   0.00018 0.06486   0.755 0.913 0.647 
0.36342  1.3007e+005  0.64630 0.77126 0.76960   0.00018 0.06496   0.755 0.913 0.646 
0.36442  1.2987e+005  0.64576 0.77092 0.76929   0.00018 0.06506   0.755 0.912 0.646 
0.36542  1.2966e+005  0.64524 0.77057 0.76897   0.00018 0.06516   0.755 0.912 0.645 
0.36642  1.2946e+005  0.64472 0.77021 0.76864   0.00018 0.06526   0.755 0.911 0.645 
0.36742  1.2926e+005  0.64418 0.76986 0.76832   0.00018 0.06536   0.754 0.911 0.644 
0.36842  1.2905e+005  0.64364 0.76951 0.76800   0.00018 0.06545   0.754 0.910 0.644 
0.36941  1.2885e+005  0.64310 0.76916 0.76768   0.00018 0.06556   0.754 0.910 0.643 
0.37041  1.2864e+005  0.64256 0.76881 0.76736   0.00018 0.06566   0.754 0.910 0.643 
0.37141  1.2844e+005  0.64202 0.76846 0.76704   0.00018 0.06576   0.754 0.909 0.642 
0.37241  1.2824e+005  0.64150 0.76813 0.76673   0.00018 0.06585   0.754 0.909 0.641 
0.37341  1.2803e+005  0.64110 0.76792 0.76653   0.00018 0.06592   0.754 0.909 0.641 
0.37441  1.2783e+005  0.64066 0.76763 0.76625   0.00017 0.06601   0.754 0.908 0.641 
0.37540  1.2762e+005  0.64017 0.76731 0.76594   0.00017 0.06611   0.754 0.908 0.640 
0.37640  1.2742e+005  0.63973 0.76695 0.76560   0.00017 0.06621   0.753 0.908 0.640 
0.37740  1.2722e+005  0.63919 0.76659 0.76526   0.00017 0.06631   0.753 0.907 0.639 
0.37840  1.2701e+005  0.63864 0.76622 0.76493   0.00017 0.06642   0.753 0.907 0.639 
0.37940  1.2681e+005  0.63810 0.76585 0.76459   0.00017 0.06653   0.753 0.906 0.638 
0.38040  1.266e+005  0.63756 0.76550 0.76426   0.00017 0.06663   0.753 0.906 0.638 
0.38139  1.264e+005  0.63702 0.76513 0.76393   0.00017 0.06673   0.753 0.905 0.637 
0.38239  1.262e+005  0.63647 0.76477 0.76359   0.00017 0.06684   0.753 0.905 0.636 
0.38339  1.2599e+005  0.63591 0.76441 0.76326   0.00017 0.06694   0.753 0.904 0.636 
0.38439  1.2579e+005  0.63536 0.76405 0.76293   0.00017 0.06704   0.753 0.904 0.635 
0.38539  1.2558e+005  0.63481 0.76369 0.76259   0.00017 0.06715   0.753 0.903 0.635 
0.38639  1.2538e+005  0.63425 0.76332 0.76226   0.00017 0.06726   0.753 0.903 0.634 
0.38739  1.2518e+005  0.63371 0.76295 0.76191   0.00017 0.06736   0.753 0.903 0.634 
0.38838  1.2497e+005  0.63316 0.76257 0.76157   0.00017 0.06747   0.753 0.902 0.633 
0.38938  1.2477e+005  0.63260 0.76219 0.76121   0.00017 0.06758   0.752 0.902 0.633 
0.39038  1.2456e+005  0.63204 0.76181 0.76086   0.00017 0.06769   0.752 0.901 0.632 
0.39138  1.2436e+005  0.63150 0.76144 0.76052   0.00017 0.06780   0.752 0.901 0.632 
0.39238  1.2416e+005  0.63094 0.76105 0.76016   0.00017 0.06791   0.752 0.900 0.631 
0.39338  1.2395e+005  0.63039 0.76067 0.75980   0.00017 0.06802   0.752 0.900 0.630 
0.39437  1.2375e+005  0.62983 0.76029 0.75945   0.00017 0.06813   0.752 0.899 0.630 
0.39537  1.2354e+005  0.62926 0.75991 0.75910   0.00017 0.06824   0.752 0.899 0.629 
0.39637  1.2334e+005  0.62869 0.75951 0.75874   0.00017 0.06836   0.752 0.898 0.629 
0.39737  1.2314e+005  0.62813 0.75913 0.75839   0.00017 0.06847   0.752 0.898 0.628 
0.39837  1.2293e+005  0.62756 0.75875 0.75803   0.00017 0.06858   0.752 0.897 0.628 
0.39937  1.2273e+005  0.62700 0.75836 0.75768   0.00017 0.06869   0.751 0.897 0.627 
0.40036  1.2252e+005  0.62643 0.75798 0.75733   0.00017 0.06880   0.751 0.896 0.626 
0.40136  1.2232e+005  0.62588 0.75761 0.75699   0.00017 0.06891   0.751 0.896 0.626 
0.40236  1.2212e+005  0.62531 0.75721 0.75661   0.00017 0.06903   0.751 0.895 0.625 
0.40336  1.2191e+005  0.62474 0.75681 0.75624   0.00017 0.06915   0.751 0.895 0.625 
0.40436  1.2171e+005  0.62415 0.75641 0.75587   0.00017 0.06926   0.751 0.894 0.624 
0.40536  1.215e+005  0.62361 0.75601 0.75551   0.00017 0.06938   0.751 0.893 0.624 
0.40635  1.213e+005  0.62304 0.75561 0.75514   0.00017 0.06949   0.751 0.893 0.623 
0.40735  1.211e+005  0.62246 0.75521 0.75477   0.00017 0.06961   0.751 0.892 0.622 
0.40835  1.2089e+005  0.62188 0.75481 0.75440   0.00017 0.06973   0.751 0.892 0.622 
0.40935  1.2069e+005  0.62130 0.75441 0.75403   0.00017 0.06984   0.751 0.891 0.621 
0.41035  1.2048e+005  0.62071 0.75400 0.75366   0.00017 0.06996   0.751 0.891 0.621 
0.41135  1.2028e+005  0.62013 0.75360 0.75329   0.00017 0.07008   0.750 0.890 0.620 
0.41234  1.2008e+005  0.61954 0.75319 0.75290   0.00017 0.07020   0.750 0.890 0.620 
0.41334  1.1987e+005  0.61895 0.75279 0.75253   0.00017 0.07032   0.750 0.889 0.619 
0.41434  1.1967e+005  0.61836 0.75238 0.75216   0.00017 0.07043   0.750 0.889 0.618 
0.41534  1.1946e+005  0.61777 0.75197 0.75178   0.00017 0.07056   0.750 0.888 0.618 
0.41634  1.1926e+005  0.61718 0.75156 0.75140   0.00017 0.07068   0.750 0.888 0.617 
0.41734  1.1906e+005  0.61661 0.75115 0.75101   0.00017 0.07080   0.750 0.887 0.617 
0.41834  1.1885e+005  0.61601 0.75074 0.75064   0.00017 0.07092   0.750 0.886 0.616 
0.41933  1.1865e+005  0.61540 0.75033 0.75026   0.00017 0.07104   0.750 0.886 0.615 
0.42033  1.1844e+005  0.61480 0.74992 0.74988   0.00017 0.07116   0.750 0.885 0.615 
0.42133  1.1824e+005  0.61420 0.74951 0.74950   0.00017 0.07128   0.749 0.885 0.614 
0.42233  1.1804e+005  0.61359 0.74910 0.74912   0.00017 0.07140   0.749 0.884 0.614 
0.42333  1.1783e+005  0.61299 0.74868 0.74874   0.00017 0.07152   0.749 0.884 0.613 
0.42433  1.1763e+005  0.61238 0.74827 0.74836   0.00017 0.07164   0.749 0.883 0.612 
0.42532  1.1742e+005  0.61177 0.74786 0.74798   0.00017 0.07176   0.749 0.883 0.612 
0.42632  1.1722e+005  0.61116 0.74744 0.74759   0.00017 0.07189   0.749 0.882 0.611 
0.42732  1.1702e+005  0.61054 0.74701 0.74720   0.00017 0.07201   0.749 0.882 0.611 
0.42832  1.1681e+005  0.60994 0.74659 0.74681   0.00017 0.07214   0.749 0.881 0.610 
0.42932  1.1661e+005  0.60933 0.74617 0.74643   0.00017 0.07226   0.749 0.880 0.609 
0.43032  1.164e+005  0.60873 0.74573 0.74602   0.00017 0.07239   0.749 0.880 0.609 
0.43131  1.162e+005  0.60813 0.74530 0.74562   0.00017 0.07252   0.749 0.879 0.608 
0.43231  1.16e+005   0.60751 0.74487 0.74522   0.00017 0.07264   0.748 0.879 0.608 
0.43331  1.1579e+005  0.60690 0.74443 0.74482   0.00017 0.07277   0.748 0.878 0.607 
0.43431  1.1559e+005  0.60629 0.74399 0.74441   0.00017 0.07290   0.748 0.877 0.606 
0.43531  1.1538e+005  0.60567 0.74355 0.74401   0.00017 0.07303   0.748 0.877 0.606 
0.43631  1.1518e+005  0.60506 0.74311 0.74361   0.00017 0.07316   0.748 0.876 0.605 
0.43730  1.1498e+005  0.60444 0.74268 0.74321   0.00017 0.07329   0.748 0.876 0.604 
0.43830  1.1477e+005  0.60383 0.74225 0.74281   0.00017 0.07341   0.748 0.875 0.604 
0.43930  1.1457e+005  0.60320 0.74181 0.74241   0.00017 0.07354   0.748 0.874 0.603 
0.44030  1.1436e+005  0.60257 0.74138 0.74201   0.00017 0.07367   0.748 0.874 0.603 
0.44130  1.1416e+005  0.60196 0.74093 0.74159   0.00017 0.07381   0.748 0.873 0.602 
0.44230  1.1396e+005  0.60133 0.74047 0.74116   0.00017 0.07394   0.747 0.873 0.601 
0.44329  1.1375e+005  0.60071 0.74001 0.74074   0.00017 0.07408   0.747 0.872 0.601 
0.44429  1.1355e+005  0.60008 0.73956 0.74033   0.00017 0.07421   0.747 0.871 0.600 
0.44529  1.1334e+005  0.59945 0.73911 0.73992   0.00017 0.07434   0.747 0.871 0.599 
0.44629  1.1314e+005  0.59893 0.73869 0.73953   0.00017 0.07447   0.747 0.870 0.599 
0.44729  1.1294e+005  0.59832 0.73824 0.73911   0.00017 0.07460   0.747 0.870 0.598 
0.44829  1.1273e+005  0.59768 0.73779 0.73869   0.00017 0.07473   0.747 0.869 0.598 
0.44929  1.1253e+005  0.59704 0.73731 0.73825   0.00017 0.07488   0.747 0.868 0.597 
0.45028  1.1232e+005  0.59640 0.73685 0.73783   0.00017 0.07501   0.747 0.868 0.596 
0.45128  1.1212e+005  0.59577 0.73638 0.73740   0.00017 0.07515   0.747 0.867 0.596 
0.45228  1.1192e+005  0.59513 0.73593 0.73698   0.00017 0.07529   0.746 0.866 0.595 
0.45328  1.1171e+005  0.59450 0.73546 0.73655   0.00017 0.07542   0.746 0.866 0.594 
0.45428  1.1151e+005  0.59387 0.73498 0.73610   0.00017 0.07557   0.746 0.865 0.594 
0.45528  1.113e+005  0.59323 0.73449 0.73565   0.00017 0.07571   0.746 0.864 0.593 
0.45627  1.111e+005  0.59261 0.73400 0.73520   0.00017 0.07586   0.746 0.863 0.593 
0.45727  1.109e+005  0.59197 0.73352 0.73475   0.00017 0.07600   0.746 0.863 0.592 
0.45827  1.1069e+005  0.59131 0.73304 0.73431   0.00017 0.07614   0.746 0.862 0.591 
0.45927  1.1049e+005  0.59065 0.73255 0.73386   0.00017 0.07629   0.746 0.861 0.591 
0.46027  1.1028e+005  0.59000 0.73206 0.73340   0.00017 0.07644   0.746 0.861 0.590 
0.46127  1.1008e+005  0.58935 0.73158 0.73296   0.00017 0.07658   0.745 0.860 0.589 
0.46226  1.0988e+005  0.58870 0.73110 0.73251   0.00017 0.07672   0.745 0.859 0.589 
0.46326  1.0967e+005  0.58804 0.73061 0.73206   0.00017 0.07687   0.745 0.859 0.588 
0.46426  1.0947e+005  0.58738 0.73012 0.73160   0.00017 0.07702   0.745 0.858 0.587 
0.46526  1.0926e+005  0.58673 0.72961 0.73114   0.00017 0.07717   0.745 0.857 0.587 
0.46626  1.0906e+005  0.58607 0.72913 0.73068   0.00017 0.07732   0.745 0.857 0.586 
0.46726  1.0886e+005  0.58540 0.72863 0.73022   0.00017 0.07747   0.745 0.856 0.585 
0.46825  1.0865e+005  0.58473 0.72812 0.72975   0.00017 0.07762   0.744 0.855 0.585 
0.46925  1.0845e+005  0.58405 0.72762 0.72928   0.00017 0.07777   0.744 0.855 0.584 
0.47025  1.0824e+005  0.58340 0.72711 0.72881   0.00017 0.07792   0.744 0.854 0.583 
0.47125  1.0804e+005  0.58276 0.72664 0.72837   0.00017 0.07807   0.744 0.853 0.583 
0.47225  1.0784e+005  0.58209 0.72613 0.72791   0.00017 0.07822   0.744 0.852 0.582 
0.47325  1.0763e+005  0.58143 0.72564 0.72744   0.00017 0.07837   0.744 0.852 0.581 
0.47424  1.0743e+005  0.58077 0.72512 0.72696   0.00017 0.07853   0.744 0.851 0.581 
0.47524  1.0722e+005  0.58013 0.72461 0.72649   0.00017 0.07868   0.743 0.850 0.580 
0.47624  1.0702e+005  0.57944 0.72410 0.72602   0.00017 0.07883   0.743 0.850 0.579 
0.47724  1.0682e+005  0.57875 0.72359 0.72555   0.00017 0.07899   0.743 0.849 0.579 
0.47824  1.0661e+005  0.57806 0.72307 0.72507   0.00017 0.07914   0.743 0.848 0.578 
0.47924  1.0641e+005  0.57738 0.72255 0.72458   0.00017 0.07930   0.743 0.847 0.577 
0.48024  1.062e+005  0.57669 0.72201 0.72408   0.00017 0.07946   0.743 0.847 0.577 
0.48123  1.06e+005   0.57602 0.72148 0.72359   0.00017 0.07963   0.743 0.846 0.576 
0.48223  1.058e+005  0.57535 0.72093 0.72308   0.00017 0.07979   0.742 0.845 0.575 
0.48323  1.0559e+005  0.57466 0.72040 0.72258   0.00017 0.07995   0.742 0.844 0.575 
0.48423  1.0539e+005  0.57397 0.71984 0.72207   0.00017 0.08012   0.742 0.843 0.574 
0.48523  1.0518e+005  0.57329 0.71930 0.72157   0.00017 0.08028   0.742 0.843 0.573 
0.48623  1.0498e+005  0.57260 0.71875 0.72106   0.00017 0.08045   0.742 0.842 0.573 
0.48722  1.0478e+005  0.57190 0.71822 0.72057   0.00017 0.08061   0.742 0.841 0.572 
0.48822  1.0457e+005  0.57121 0.71767 0.72006   0.00017 0.08078   0.742 0.840 0.571 
0.48922  1.0437e+005  0.57051 0.71710 0.71952   0.00017 0.08095   0.741 0.839 0.571 
0.49022  1.0416e+005  0.56982 0.71656 0.71902   0.00017 0.08112   0.741 0.839 0.570 
0.49122  1.0396e+005  0.56916 0.71601 0.71851   0.00017 0.08129   0.741 0.838 0.569 
0.49222  1.0376e+005  0.56845 0.71547 0.71801   0.00017 0.08145   0.741 0.837 0.568 
0.49321  1.0355e+005  0.56774 0.71490 0.71748   0.00017 0.08162   0.741 0.836 0.568 
0.49421  1.0335e+005  0.56703 0.71435 0.71697   0.00017 0.08179   0.741 0.835 0.567 
0.49521  1.0314e+005  0.56639 0.71385 0.71648   0.00017 0.08195   0.740 0.835 0.566 
0.49621  1.0294e+005  0.56568 0.71329 0.71596   0.00017 0.08212   0.740 0.834 0.566 
0.49721  1.0274e+005  0.56495 0.71272 0.71544   0.00017 0.08230   0.740 0.833 0.565 
0.49821  1.0253e+005  0.56424 0.71215 0.71490   0.00017 0.08247   0.740 0.833 0.564 
0.49920  1.0233e+005  0.56351 0.71158 0.71437   0.00017 0.08265   0.739 0.832 0.564 
0.50020  1.0212e+005  0.56279 0.71101 0.71383   0.00017 0.08283   0.739 0.831 0.563 
0.50120  1.0192e+005  0.56207 0.71043 0.71329   0.00017 0.08301   0.739 0.830 0.562 
0.50220  1.0172e+005  0.56133 0.70984 0.71274   0.00017 0.08319   0.739 0.829 0.561 
0.50320  1.0151e+005  0.56060 0.70926 0.71220   0.00017 0.08337   0.739 0.829 0.561 
0.50420  1.0131e+005  0.55988 0.70867 0.71165   0.00017 0.08355   0.738 0.828 0.560 
0.50520  1.011e+005  0.55920 0.70818 0.71121   0.00017 0.08370   0.738 0.827 0.559 
0.50619  1.009e+005  0.55849 0.70761 0.71067   0.00017 0.08387   0.738 0.826 0.558 
0.50719  1.007e+005  0.55778 0.70701 0.71011   0.00017 0.08406   0.738 0.825 0.558 
0.50819  1.0049e+005  0.55704 0.70642 0.70956   0.00017 0.08424   0.738 0.824 0.557 
0.50919  1.0029e+005  0.55630 0.70582 0.70901   0.00017 0.08442   0.738 0.823 0.556 
0.51019  1.0008e+005  0.55557 0.70522 0.70845   0.00017 0.08461   0.738 0.823 0.556 
0.51119  99879       0.55481 0.70463 0.70790   0.00017 0.08480   0.737 0.822 0.555 
0.51218  99675       0.55416 0.70404 0.70736   0.00017 0.08497   0.737 0.821 0.554 
0.51318  99471       0.55348 0.70349 0.70685   0.00017 0.08514   0.737 0.820 0.553 
0.51418  99267       0.55276 0.70292 0.70634   0.00017 0.08531   0.737 0.819 0.553 
0.51518  99063       0.55203 0.70234 0.70579   0.00017 0.08549   0.737 0.818 0.552 
0.51618  98859       0.55127 0.70172 0.70522   0.00017 0.08568   0.737 0.817 0.551 
0.51718  98655       0.55052 0.70113 0.70466   0.00017 0.08587   0.736 0.816 0.551 
0.51817  98451       0.54977 0.70050 0.70409   0.00017 0.08606   0.736 0.815 0.550 
0.51917  98247       0.54901 0.69988 0.70351   0.00017 0.08626   0.736 0.814 0.549 
0.52017  98043       0.54826 0.69925 0.70293   0.00017 0.08645   0.736 0.814 0.548 
0.52117  97839       0.54750 0.69864 0.70236   0.00017 0.08664   0.736 0.813 0.547 
0.52217  97635       0.54675 0.69804 0.70181   0.00017 0.08682   0.736 0.812 0.547 
0.52317  97431       0.54601 0.69741 0.70123   0.00017 0.08702   0.736 0.811 0.546 
0.52416  97227       0.54526 0.69677 0.70062   0.00017 0.08722   0.735 0.810 0.545 
0.52516  97023       0.54447 0.69613 0.70004   0.00017 0.08742   0.735 0.809 0.544 
0.52616  96819       0.54372 0.69550 0.69945   0.00017 0.08761   0.735 0.808 0.544 
0.52716  96615       0.54294 0.69487 0.69886   0.00017 0.08781   0.735 0.807 0.543 
0.52816  96411       0.54217 0.69422 0.69826   0.00017 0.08801   0.735 0.806 0.542 
0.52916  96207       0.54138 0.69358 0.69766   0.00017 0.08822   0.734 0.805 0.541 
0.53015  96003       0.54062 0.69292 0.69705   0.00017 0.08842   0.734 0.804 0.541 
0.53115  95799       0.53983 0.69227 0.69645   0.00017 0.08862   0.734 0.803 0.540 
0.53215  95595       0.53913 0.69180 0.69601   0.00017 0.08877   0.734 0.802 0.539 
0.53315  95391       0.53864 0.69159 0.69582   0.00017 0.08884   0.734 0.802 0.539 
0.53415  95187       0.53804 0.69134 0.69559   0.00017 0.08893   0.734 0.802 0.538 
0.53515  94983       0.53738 0.69106 0.69534   0.00017 0.08902   0.734 0.802 0.537 
0.53615  94779       0.53672 0.69078 0.69509   0.00017 0.08912   0.734 0.802 0.537 
0.53714  94575       0.53600 0.69047 0.69482   0.00017 0.08922   0.734 0.802 0.536 
0.53814  94371       0.53536 0.69021 0.69458   0.00017 0.08931   0.734 0.801 0.535 
0.53914  94167       0.53461 0.68989 0.69429   0.00017 0.08942   0.734 0.801 0.535 
0.54014  93963       0.53384 0.68957 0.69400   0.00017 0.08953   0.734 0.801 0.534 
0.54114  93759       0.53305 0.68923 0.69370   0.00017 0.08964   0.734 0.801 0.533 
0.54214  93555       0.53224 0.68889 0.69339   0.00017 0.08976   0.734 0.800 0.532 
0.54313  93351       0.53142 0.68853 0.69307   0.00017 0.08988   0.734 0.800 0.531 
0.54413  93147       0.53058 0.68817 0.69274   0.00017 0.09001   0.734 0.800 0.531 
0.54513  92943       0.52972 0.68779 0.69240   0.00017 0.09013   0.734 0.800 0.530 
0.54613  92739       0.52885 0.68741 0.69206   0.00017 0.09026   0.734 0.799 0.529 
0.54713  92535       0.52806 0.68689 0.69157   0.00017 0.09043   0.734 0.799 0.528 
0.54813  92331       0.52729 0.68637 0.69110   0.00017 0.09060   0.734 0.798 0.527 
0.54912  92127       0.52654 0.68578 0.69054   0.00017 0.09079   0.733 0.797 0.527 
0.55012  91923       0.52577 0.68521 0.69002   0.00017 0.09097   0.733 0.797 0.526 
0.55112  91719       0.52498 0.68457 0.68942   0.00017 0.09118   0.733 0.796 0.525 
0.55212  91515       0.52417 0.68394 0.68884   0.00017 0.09138   0.733 0.795 0.524 
0.55312  91311       0.52337 0.68334 0.68828   0.00017 0.09157   0.733 0.794 0.523 
0.55412  91107       0.52255 0.68271 0.68768   0.00017 0.09178   0.732 0.793 0.523 
0.55511  90903       0.52174 0.68209 0.68711   0.00017 0.09198   0.732 0.792 0.522 
0.55611  90699       0.52095 0.68149 0.68655   0.00017 0.09217   0.732 0.791 0.521 
0.55711  90495       0.52011 0.68090 0.68601   0.00017 0.09236   0.732 0.791 0.520 
0.55811  90291       0.51926 0.68032 0.68547   0.00017 0.09255   0.732 0.790 0.519 
0.55911  90087       0.51842 0.67971 0.68491   0.00017 0.09275   0.732 0.789 0.518 
0.56011  89883       0.51758 0.67913 0.68437   0.00017 0.09294   0.732 0.788 0.518 
0.56110  89679       0.51676 0.67851 0.68379   0.00017 0.09314   0.731 0.787 0.517 
0.56210  89475       0.51593 0.67791 0.68324   0.00017 0.09333   0.731 0.787 0.516 
0.56310  89271       0.51513 0.67730 0.68267   0.00017 0.09353   0.731 0.786 0.515 
0.56410  89067       0.51430 0.67668 0.68210   0.00017 0.09373   0.731 0.785 0.514 
0.56510  88863       0.51346 0.67608 0.68154   0.00017 0.09393   0.731 0.784 0.513 
0.56610  88659       0.51263 0.67547 0.68099   0.00017 0.09412   0.731 0.783 0.513 
0.56710  88455       0.51177 0.67494 0.68050   0.00017 0.09430   0.731 0.783 0.512 
0.56809  88251       0.51090 0.67454 0.68014   0.00017 0.09444   0.731 0.782 0.511 
0.56909  88047       0.51005 0.67400 0.67964   0.00017 0.09462   0.730 0.782 0.510 
0.57009  87843       0.50920 0.67338 0.67906   0.00017 0.09482   0.730 0.781 0.509 
0.57109  87639       0.50835 0.67280 0.67853   0.00017 0.09501   0.730 0.780 0.508 
0.57209  87435       0.50748 0.67219 0.67798   0.00017 0.09521   0.730 0.779 0.507 
0.57309  87231       0.50662 0.67158 0.67742   0.00017 0.09540   0.730 0.778 0.507 
0.57408  87027       0.50576 0.67097 0.67686   0.00017 0.09560   0.730 0.777 0.506 
0.57508  86823       0.50490 0.67036 0.67630   0.00017 0.09580   0.730 0.777 0.505 
0.57608  86619       0.50406 0.66974 0.67573   0.00017 0.09601   0.730 0.776 0.504 
0.57708  86415       0.50321 0.66909 0.67512   0.00017 0.09622   0.729 0.775 0.503 
0.57808  86211       0.50236 0.66847 0.67454   0.00017 0.09643   0.729 0.774 0.502 
0.57908  86007       0.50147 0.66783 0.67396   0.00017 0.09663   0.729 0.773 0.501 
0.58007  85803       0.50060 0.66722 0.67339   0.00017 0.09684   0.729 0.772 0.501 
0.58107  85599       0.49972 0.66659 0.67281   0.00017 0.09705   0.729 0.771 0.500 
0.58207  85395       0.49886 0.66593 0.67220   0.00017 0.09726   0.729 0.770 0.499 
0.58307  85191       0.49800 0.66532 0.67164   0.00017 0.09746   0.728 0.769 0.498 
0.58407  84987       0.49714 0.66474 0.67110   0.00017 0.09766   0.728 0.769 0.497 
0.58507  84783       0.49625 0.66412 0.67053   0.00017 0.09786   0.728 0.768 0.496 
0.58606  84579       0.49539 0.66348 0.66995   0.00017 0.09807   0.728 0.767 0.495 
0.58706  84375       0.49451 0.66284 0.66936   0.00017 0.09828   0.728 0.766 0.495 
0.58806  84171       0.49364 0.66220 0.66877   0.00017 0.09850   0.728 0.765 0.494 
0.58906  83967       0.49276 0.66158 0.66820   0.00017 0.09870   0.728 0.764 0.493 
0.59006  83763       0.49188 0.66094 0.66760   0.00017 0.09892   0.728 0.763 0.492 
0.59106  83559       0.49101 0.66030 0.66701   0.00017 0.09913   0.727 0.762 0.491 
0.59205  83355       0.49012 0.65966 0.66642   0.00017 0.09934   0.727 0.762 0.490 
0.59305  83151       0.48924 0.65901 0.66582   0.00017 0.09956   0.727 0.761 0.489 
0.59405  82947       0.48834 0.65840 0.66526   0.00017 0.09977   0.727 0.760 0.488 
0.59505  82743       0.48746 0.65777 0.66468   0.00017 0.09998   0.727 0.759 0.487 
0.59605  82539       0.48659 0.65710 0.66405   0.00017 0.10020   0.727 0.758 0.487 
0.59705  82335       0.48573 0.65645 0.66345   0.00017 0.10042   0.726 0.757 0.486 
0.59805  82131       0.48485 0.65578 0.66284   0.00017 0.10064   0.726 0.756 0.485 
0.59904  81927       0.48394 0.65514 0.66224   0.00017 0.10086   0.726 0.755 0.484 
0.60004  81723       0.48309 0.65449 0.66164   0.00017 0.10108   0.726 0.754 0.483 
0.60104  81519       0.48217 0.65385 0.66105   0.00017 0.10129   0.726 0.754 0.482 
0.60204  81315       0.48129 0.65320 0.66045   0.00017 0.10151   0.726 0.753 0.481 
0.60304  81111       0.48038 0.65256 0.65987   0.00017 0.10173   0.726 0.752 0.480 
0.60404  80907       0.47950 0.65190 0.65925   0.00017 0.10195   0.725 0.751 0.479 
0.60503  80703       0.47864 0.65123 0.65863   0.00017 0.10218   0.725 0.750 0.479 
0.60603  80499       0.47776 0.65054 0.65799   0.00017 0.10241   0.725 0.749 0.478 
0.60703  80295       0.47685 0.64988 0.65738   0.00017 0.10263   0.725 0.748 0.477 
0.60803  80091       0.47594 0.64923 0.65678   0.00017 0.10285   0.725 0.747 0.476 
0.60903  79887       0.47504 0.64855 0.65614   0.00017 0.10309   0.724 0.746 0.475 
0.61003  79683       0.47412 0.64789 0.65554   0.00017 0.10331   0.724 0.745 0.474 
0.61102  79479       0.47321 0.64724 0.65493   0.00017 0.10353   0.724 0.744 0.473 
0.61202  79275       0.47227 0.64653 0.65427   0.00017 0.10378   0.724 0.743 0.472 
0.61302  79071       0.47135 0.64587 0.65365   0.00017 0.10400   0.724 0.743 0.471 
0.61402  78867       0.47041 0.64520 0.65303   0.00017 0.10424   0.724 0.742 0.470 
0.61502  78663       0.46949 0.64453 0.65241   0.00017 0.10446   0.723 0.741 0.469 
0.61602  78459       0.46857 0.64385 0.65179   0.00017 0.10470   0.723 0.740 0.469 
0.61701  78255       0.46766 0.64317 0.65116   0.00017 0.10493   0.723 0.739 0.468 
0.61801  78051       0.46675 0.64250 0.65054   0.00017 0.10516   0.723 0.738 0.467 
0.61901  77847       0.46582 0.64180 0.64989   0.00017 0.10540   0.723 0.737 0.466 
0.62001  77643       0.46488 0.64113 0.64927   0.00017 0.10563   0.723 0.736 0.465 
0.62101  77439       0.46394 0.64046 0.64865   0.00017 0.10586   0.722 0.735 0.464 
0.62201  77235       0.46301 0.63971 0.64795   0.00018 0.10612   0.722 0.734 0.463 
0.62301  77031       0.46207 0.63903 0.64732   0.00018 0.10635   0.722 0.733 0.462 
0.62400  76827       0.46115 0.63833 0.64667   0.00018 0.10659   0.722 0.732 0.461 
0.62500  76623       0.46021 0.63765 0.64604   0.00018 0.10683   0.722 0.731 0.460 
0.62600  76419       0.45927 0.63694 0.64539   0.00018 0.10708   0.721 0.730 0.459 
0.62700  76215       0.45832 0.63626 0.64475   0.00018 0.10732   0.721 0.729 0.458 
0.62800  76011       0.45737 0.63554 0.64408   0.00018 0.10757   0.721 0.728 0.457 
0.62900  75807       0.45642 0.63484 0.64344   0.00018 0.10781   0.721 0.727 0.456 
0.62999  75603       0.45546 0.63415 0.64279   0.00018 0.10805   0.721 0.726 0.455 
0.63099  75399       0.45450 0.63345 0.64215   0.00018 0.10830   0.720 0.725 0.455 
0.63199  75195       0.45354 0.63278 0.64153   0.00018 0.10853   0.720 0.725 0.454 
0.63299  74991       0.45259 0.63209 0.64089   0.00018 0.10877   0.720 0.724 0.453 
0.63399  74787       0.45164 0.63139 0.64025   0.00018 0.10902   0.720 0.723 0.452 
0.63499  74583       0.45067 0.63072 0.63962   0.00018 0.10925   0.720 0.722 0.451 
0.63598  74379       0.44971 0.63003 0.63898   0.00018 0.10950   0.720 0.721 0.450 
0.63698  74175       0.44874 0.62933 0.63833   0.00018 0.10974   0.719 0.720 0.449 
0.63798  73971       0.44776 0.62865 0.63771   0.00018 0.10998   0.719 0.719 0.448 
0.63898  73767       0.44681 0.62796 0.63707   0.00018 0.11023   0.719 0.718 0.447 
0.63998  73563       0.44584 0.62726 0.63642   0.00018 0.11048   0.719 0.717 0.446 
0.64098  73359       0.44486 0.62655 0.63577   0.00018 0.11073   0.719 0.716 0.445 
0.64197  73155       0.44397 0.62580 0.63508   0.00018 0.11098   0.719 0.715 0.444 
0.64297  72951       0.44303 0.62511 0.63444   0.00018 0.11123   0.718 0.714 0.443 
0.64397  72747       0.44205 0.62440 0.63377   0.00018 0.11148   0.718 0.713 0.442 
0.64497  72543       0.44108 0.62367 0.63309   0.00018 0.11174   0.718 0.712 0.441 
0.64597  72339       0.44012 0.62290 0.63238   0.00018 0.11201   0.718 0.711 0.440 
0.64697  72135       0.43917 0.62216 0.63170   0.00018 0.11227   0.718 0.710 0.439 
0.64796  71931       0.43821 0.62139 0.63098   0.00018 0.11255   0.717 0.709 0.438 
0.64896  71727       0.43725 0.62065 0.63029   0.00018 0.11281   0.717 0.708 0.437 
0.64996  71523       0.43644 0.61990 0.62960   0.00018 0.11307   0.717 0.706 0.436 
0.65096  71319       0.43553 0.61902 0.62878   0.00018 0.11337   0.717 0.705 0.436 
0.65196  71115       0.43454 0.61830 0.62811   0.00018 0.11363   0.716 0.704 0.435 
0.65296  70911       0.43361 0.61754 0.62739   0.00018 0.11391   0.716 0.703 0.434 
0.65396  70707       0.43262 0.61679 0.62670   0.00018 0.11417   0.716 0.702 0.433 
0.65495  70503       0.43166 0.61606 0.62602   0.00018 0.11443   0.716 0.701 0.432 
0.65595  70299       0.43070 0.61531 0.62533   0.00018 0.11470   0.716 0.700 0.431 
0.65695  70095       0.42972 0.61455 0.62462   0.00018 0.11497   0.715 0.699 0.430 
0.65795  69891       0.42871 0.61382 0.62395   0.00018 0.11524   0.715 0.698 0.429 
0.65895  69687       0.42772 0.61305 0.62323   0.00018 0.11552   0.715 0.697 0.428 
0.65995  69483       0.42677 0.61227 0.62249   0.00018 0.11580   0.714 0.696 0.427 
0.66094  69279       0.42577 0.61155 0.62182   0.00018 0.11606   0.714 0.695 0.426 
0.66194  69075       0.42480 0.61079 0.62111   0.00018 0.11634   0.714 0.694 0.425 
0.66294  68871       0.42381 0.61002 0.62039   0.00018 0.11661   0.714 0.693 0.424 
0.66394  68667       0.42285 0.60927 0.61969   0.00018 0.11689   0.713 0.691 0.423 
0.66494  68463       0.42184 0.60850 0.61898   0.00018 0.11717   0.713 0.690 0.422 
0.66594  68259       0.42085 0.60772 0.61824   0.00018 0.11745   0.713 0.689 0.421 
0.66693  68055       0.41983 0.60696 0.61754   0.00018 0.11773   0.713 0.688 0.420 
0.66793  67851       0.41883 0.60614 0.61677   0.00018 0.11803   0.712 0.687 0.419 
0.66893  67647       0.41784 0.60535 0.61603   0.00018 0.11832   0.712 0.686 0.418 
0.66993  67443       0.41685 0.60457 0.61531   0.00018 0.11860   0.712 0.685 0.417 
0.67093  67239       0.41585 0.60376 0.61455   0.00018 0.11890   0.712 0.684 0.416 
0.67193  67035       0.41485 0.60301 0.61384   0.00018 0.11918   0.711 0.683 0.415 
0.67292  66831       0.41382 0.60231 0.61319   0.00018 0.11944   0.711 0.682 0.414 
0.67392  66627       0.41286 0.60145 0.61238   0.00018 0.11975   0.711 0.681 0.413 
0.67492  66423       0.41182 0.60065 0.61164   0.00018 0.12004   0.710 0.680 0.412 
0.67592  66219       0.41078 0.59988 0.61093   0.00018 0.12033   0.710 0.679 0.411 
0.67692  66015       0.40977 0.59906 0.61016   0.00018 0.12063   0.710 0.677 0.410 
0.67792  65811       0.40878 0.59825 0.60940   0.00018 0.12093   0.710 0.676 0.409 
0.67891  65607       0.40777 0.59744 0.60863   0.00018 0.12123   0.709 0.675 0.408 
0.67991  65403       0.40679 0.59659 0.60784   0.00018 0.12154   0.709 0.674 0.407 
0.68091  65199       0.40582 0.59577 0.60707   0.00018 0.12184   0.709 0.673 0.406 
0.68191  64995       0.40482 0.59494 0.60630   0.00019 0.12215   0.709 0.671 0.405 
0.68291  64791       0.40380 0.59413 0.60554   0.00019 0.12245   0.708 0.670 0.404 
0.68391  64587       0.40279 0.59330 0.60477   0.00019 0.12276   0.708 0.669 0.403 
0.68491  64383       0.40197 0.59248 0.60396   0.00019 0.12307   0.707 0.668 0.402 
0.68590  64179       0.40114 0.59170 0.60317   0.00019 0.12337   0.706 0.667 0.401 
0.68690  63975       0.40017 0.59072 0.60218   0.00019 0.12374   0.705 0.667 0.400 
0.68790  63771       0.39919 0.58983 0.60134   0.00019 0.12407   0.705 0.665 0.399 
0.68890  63567       0.39816 0.58899 0.60054   0.00019 0.12439   0.705 0.664 0.398 
0.68990  63363       0.39715 0.58818 0.59979   0.00019 0.12469   0.704 0.663 0.397 
0.69090  63159       0.39612 0.58735 0.59903   0.00019 0.12500   0.704 0.662 0.396 
0.69189  62955       0.39516 0.58652 0.59825   0.00019 0.12531   0.704 0.661 0.395 
0.69289  62751       0.39416 0.58567 0.59744   0.00019 0.12563   0.703 0.659 0.394 
0.69389  62547       0.39314 0.58481 0.59663   0.00019 0.12595   0.703 0.658 0.393 
0.69489  62343       0.39208 0.58397 0.59586   0.00019 0.12627   0.703 0.657 0.392 
0.69589  62139       0.39104 0.58305 0.59497   0.00019 0.12662   0.702 0.656 0.391 
0.69689  61935       0.39001 0.58219 0.59415   0.00019 0.12695   0.702 0.655 0.390 
0.69788  61731       0.38899 0.58128 0.59329   0.00019 0.12729   0.701 0.653 0.389 
0.69888  61527       0.38802 0.58041 0.59247   0.00019 0.12762   0.701 0.652 0.388 
0.69988  61323       0.38700 0.57954 0.59166   0.00019 0.12795   0.701 0.651 0.387 
0.70088  61119       0.38599 0.57868 0.59085   0.00019 0.12827   0.700 0.650 0.386 
0.70188  60915       0.38501 0.57779 0.59002   0.00019 0.12861   0.700 0.648 0.385 
0.70288  60711       0.38399 0.57689 0.58917   0.00019 0.12895   0.700 0.647 0.384 
0.70387  60507       0.38301 0.57599 0.58832   0.00019 0.12929   0.699 0.646 0.383 
0.70487  60303       0.38201 0.57507 0.58746   0.00019 0.12963   0.699 0.644 0.382 
0.70587  60099       0.38094 0.57422 0.58666   0.00019 0.12996   0.699 0.643 0.381 
0.70687  59895       0.37994 0.57331 0.58580   0.00019 0.13031   0.698 0.642 0.380 
0.70787  59691       0.37894 0.57238 0.58492   0.00019 0.13066   0.698 0.640 0.379 
0.70887  59487       0.37790 0.57149 0.58409   0.00019 0.13100   0.697 0.639 0.378 
0.70986  59283       0.37688 0.57058 0.58325   0.00019 0.13135   0.697 0.638 0.377 
0.71086  59079       0.37583 0.56968 0.58240   0.00019 0.13170   0.697 0.636 0.376 
0.71186  58875       0.37478 0.56879 0.58156   0.00019 0.13204   0.697 0.635 0.375 
0.71286  58671       0.37374 0.56788 0.58071   0.00019 0.13239   0.696 0.634 0.374 
0.71386  58467       0.37269 0.56697 0.57985   0.00019 0.13274   0.696 0.632 0.373 
0.71486  58263       0.37164 0.56606 0.57900   0.00019 0.13309   0.695 0.631 0.372 
0.71586  58059       0.37066 0.56512 0.57812   0.00019 0.13345   0.695 0.630 0.371 
0.71685  57855       0.36965 0.56420 0.57726   0.00019 0.13381   0.695 0.628 0.370 
0.71785  57651       0.36883 0.56328 0.57643   0.00019 0.13414   0.695 0.626 0.369 
0.71885  57447       0.36783 0.56235 0.57555   0.00019 0.13450   0.694 0.625 0.368 
0.71985  57243       0.36675 0.56146 0.57473   0.00019 0.13485   0.694 0.624 0.367 
0.72085  57039       0.36573 0.56048 0.57380   0.00019 0.13523   0.694 0.622 0.366 
0.72185  56835       0.36471 0.55953 0.57290   0.00019 0.13560   0.693 0.621 0.365 
0.72284  56631       0.36366 0.55856 0.57200   0.00019 0.13597   0.693 0.619 0.364 
0.72384  56427       0.36263 0.55762 0.57112   0.00020 0.13634   0.693 0.618 0.363 
0.72484  56223       0.36160 0.55663 0.57019   0.00020 0.13672   0.692 0.616 0.362 
0.72584  56019       0.36057 0.55566 0.56927   0.00020 0.13710   0.692 0.615 0.361 
0.72684  55815       0.35951 0.55467 0.56834   0.00020 0.13749   0.691 0.613 0.360 
0.72784  55611       0.35843 0.55368 0.56741   0.00020 0.13788   0.691 0.612 0.358 
0.72883  55407       0.35747 0.55262 0.56640   0.00020 0.13829   0.690 0.610 0.357 
0.72983  55203       0.35644 0.55160 0.56542   0.00020 0.13869   0.690 0.609 0.356 
0.73083  54999       0.35536 0.55063 0.56451   0.00020 0.13907   0.689 0.607 0.355 
0.73183  54795       0.35430 0.54965 0.56359   0.00020 0.13946   0.689 0.606 0.354 
0.73283  54591       0.35324 0.54861 0.56261   0.00020 0.13987   0.689 0.604 0.353 
0.73383  54387       0.35219 0.54757 0.56163   0.00020 0.14028   0.688 0.602 0.352 
0.73482  54183       0.35112 0.54653 0.56065   0.00020 0.14069   0.688 0.601 0.351 
0.73582  53979       0.35009 0.54552 0.55970   0.00020 0.14109   0.687 0.599 0.350 
0.73682  53775       0.34898 0.54462 0.55887   0.00020 0.14145   0.687 0.598 0.349 
0.73782  53571       0.34791 0.54359 0.55789   0.00020 0.14186   0.687 0.596 0.348 
0.73882  53367       0.34686 0.54253 0.55689   0.00020 0.14228   0.686 0.595 0.347 
0.73982  53163       0.34580 0.54148 0.55588   0.00020 0.14271   0.685 0.593 0.346 
0.74082  52959       0.34473 0.54045 0.55490   0.00020 0.14312   0.685 0.592 0.345 
0.74181  52755       0.34367 0.53941 0.55392   0.00020 0.14354   0.684 0.590 0.344 
0.74281  52551       0.34256 0.53823 0.55278   0.00020 0.14401   0.684 0.588 0.343 
0.74381  52347       0.34150 0.53716 0.55176   0.00020 0.14444   0.683 0.587 0.341 
0.74481  52143       0.34042 0.53608 0.55074   0.00020 0.14487   0.683 0.585 0.340 
0.74581  51939       0.33934 0.53502 0.54974   0.00020 0.14530   0.682 0.584 0.339 
0.74681  51735       0.33829 0.53387 0.54863   0.00020 0.14576   0.681 0.582 0.338 
0.74780  51531       0.33731 0.53270 0.54751   0.00020 0.14623   0.681 0.580 0.337 
0.74880  51327       0.33622 0.53163 0.54648   0.00020 0.14667   0.680 0.579 0.336 
0.74980  51123       0.33515 0.53049 0.54538   0.00020 0.14713   0.679 0.577 0.335 
0.75080  50919       0.33405 0.52939 0.54433   0.00020 0.14758   0.679 0.575 0.334 
0.75180  50715       0.33301 0.52828 0.54327   0.00020 0.14803   0.678 0.574 0.333 
0.75280  50511       0.33191 0.52714 0.54219   0.00020 0.14849   0.678 0.572 0.332 
0.75379  50307       0.33081 0.52601 0.54111   0.00021 0.14895   0.677 0.570 0.331 
0.75479  50103       0.32970 0.52488 0.54003   0.00021 0.14942   0.676 0.569 0.330 
0.75579  49899       0.32857 0.52374 0.53894   0.00021 0.14989   0.676 0.567 0.329 
0.75679  49695       0.32746 0.52257 0.53782   0.00021 0.15037   0.675 0.565 0.327 
0.75779  49491       0.32632 0.52142 0.53673   0.00021 0.15084   0.675 0.563 0.326 
0.75879  49287       0.32522 0.52029 0.53566   0.00021 0.15131   0.674 0.562 0.325 
0.75978  49083       0.32413 0.51917 0.53460   0.00021 0.15177   0.673 0.560 0.324 
0.76078  48879       0.32302 0.51801 0.53348   0.00021 0.15225   0.673 0.558 0.323 
0.76178  48675       0.32189 0.51686 0.53238   0.00021 0.15274   0.672 0.557 0.322 
0.76278  48471       0.32075 0.51572 0.53131   0.00021 0.15321   0.672 0.555 0.321 
0.76378  48267       0.31964 0.51453 0.53015   0.00021 0.15371   0.671 0.553 0.320 
0.76478  48063       0.31850 0.51336 0.52904   0.00021 0.15420   0.670 0.551 0.318 
0.76577  47859       0.31737 0.51219 0.52791   0.00021 0.15469   0.669 0.550 0.317 
0.76677  47655       0.31623 0.51103 0.52680   0.00021 0.15518   0.669 0.548 0.316 
0.76777  47451       0.31509 0.50983 0.52565   0.00021 0.15569   0.668 0.546 0.315 
0.76877  47247       0.31397 0.50861 0.52447   0.00021 0.15620   0.667 0.545 0.314 
0.76977  47043       0.31279 0.50743 0.52335   0.00021 0.15670   0.667 0.543 0.313 
0.77077  46839       0.31164 0.50622 0.52219   0.00021 0.15721   0.666 0.541 0.312 
0.77177  46635       0.31047 0.50501 0.52104   0.00021 0.15773   0.665 0.539 0.310 
0.77276  46431       0.30934 0.50374 0.51980   0.00021 0.15827   0.664 0.538 0.309 
0.77376  46227       0.30822 0.50251 0.51861   0.00021 0.15879   0.664 0.536 0.308 
0.77476  46023       0.30707 0.50127 0.51742   0.00021 0.15932   0.663 0.534 0.307 
0.77576  45819       0.30592 0.49998 0.51617   0.00021 0.15987   0.662 0.532 0.306 
0.77676  45615       0.30475 0.49874 0.51499   0.00021 0.16040   0.661 0.530 0.305 
0.77776  45411       0.30361 0.49751 0.51380   0.00022 0.16093   0.660 0.529 0.304 
0.77875  45207       0.30246 0.49619 0.51252   0.00022 0.16150   0.659 0.527 0.302 
0.77975  45003       0.30128 0.49487 0.51124   0.00022 0.16207   0.659 0.525 0.301 
0.78075  44799       0.30012 0.49357 0.50997   0.00022 0.16263   0.658 0.523 0.300 
0.78175  44595       0.29895 0.49225 0.50869   0.00022 0.16320   0.657 0.521 0.299 
0.78275  44391       0.29780 0.49098 0.50747   0.00022 0.16375   0.656 0.519 0.298 
0.78375  44187       0.29659 0.48971 0.50624   0.00022 0.16431   0.655 0.517 0.297 
0.78474  43983       0.29544 0.48839 0.50497   0.00022 0.16488   0.654 0.516 0.295 
0.78574  43779       0.29424 0.48709 0.50371   0.00022 0.16545   0.653 0.514 0.294 
0.78674  43575       0.29301 0.48580 0.50248   0.00022 0.16602   0.653 0.512 0.293 
0.78774  43371       0.29184 0.48444 0.50116   0.00022 0.16661   0.652 0.510 0.292 
0.78874  43167       0.29064 0.48309 0.49985   0.00022 0.16721   0.651 0.508 0.291 
0.78974  42963       0.28943 0.48176 0.49857   0.00022 0.16779   0.650 0.506 0.289 
0.79073  42759       0.28822 0.48043 0.49729   0.00022 0.16838   0.649 0.504 0.288 
0.79173  42555       0.28700 0.47909 0.49600   0.00022 0.16898   0.648 0.502 0.287 
0.79273  42351       0.28580 0.47773 0.49469   0.00022 0.16958   0.647 0.500 0.286 
0.79373  42147       0.28462 0.47635 0.49334   0.00022 0.17020   0.646 0.498 0.285 
0.79473  41943       0.28336 0.47502 0.49206   0.00022 0.17080   0.645 0.496 0.283 
0.79573  41739       0.28196 0.47388 0.49102   0.00022 0.17132   0.645 0.494 0.282 
0.79672  41535       0.28052 0.47264 0.48990   0.00022 0.17189   0.645 0.492 0.281 
0.79772  41331       0.27921 0.47128 0.48857   0.00023 0.17252   0.644 0.490 0.279 
0.79872  41127       0.27807 0.46978 0.48707   0.00023 0.17319   0.643 0.489 0.278 
0.79972  40923       0.27683 0.46840 0.48573   0.00023 0.17381   0.642 0.487 0.277 
0.80072  40719       0.27553 0.46703 0.48440   0.00023 0.17444   0.641 0.485 0.276 
0.80172  40515       0.27428 0.46562 0.48303   0.00023 0.17508   0.640 0.483 0.274 
0.80272  40311       0.27300 0.46422 0.48167   0.00023 0.17573   0.639 0.481 0.273 
0.80371  40107       0.27174 0.46282 0.48030   0.00023 0.17637   0.638 0.479 0.272 
0.80471  39903       0.27046 0.46139 0.47893   0.00023 0.17703   0.637 0.477 0.270 
0.80571  39699       0.26917 0.46001 0.47759   0.00023 0.17767   0.636 0.475 0.269 
0.80671  39495       0.26787 0.45854 0.47616   0.00023 0.17835   0.635 0.473 0.268 
0.80771  39291       0.26658 0.45711 0.47477   0.00023 0.17901   0.634 0.471 0.267 
0.80871  39087       0.26533 0.45561 0.47331   0.00023 0.17970   0.633 0.469 0.265 
0.80970  38883       0.26399 0.45418 0.47194   0.00023 0.18037   0.632 0.467 0.264 
0.81070  38679       0.26272 0.45271 0.47050   0.00023 0.18106   0.631 0.465 0.263 
0.81170  38475       0.26142 0.45122 0.46906   0.00023 0.18176   0.630 0.463 0.261 
0.81270  38271       0.26015 0.44976 0.46766   0.00023 0.18244   0.629 0.460 0.260 
0.81370  38067       0.25873 0.44840 0.46643   0.00023 0.18309   0.629 0.458 0.259 
0.81470  37863       0.25753 0.44694 0.46500   0.00023 0.18378   0.628 0.456 0.258 
0.81569  37659       0.25610 0.44555 0.46375   0.00024 0.18445   0.627 0.453 0.256 
0.81669  37455       0.25485 0.44403 0.46224   0.00024 0.18517   0.626 0.451 0.255 
0.81769  37251       0.25354 0.44252 0.46076   0.00024 0.18589   0.625 0.449 0.254 
0.81869  37047       0.25226 0.44102 0.45930   0.00024 0.18660   0.624 0.447 0.252 
0.81969  36843       0.25091 0.43952 0.45786   0.00024 0.18733   0.623 0.445 0.251 
0.82069  36639       0.24961 0.43802 0.45639   0.00024 0.18805   0.622 0.443 0.250 
0.82168  36435       0.24828 0.43651 0.45491   0.00024 0.18878   0.621 0.441 0.248 
0.82268  36231       0.24695 0.43506 0.45351   0.00024 0.18949   0.620 0.439 0.247 
0.82368  36027       0.24562 0.43356 0.45205   0.00024 0.19022   0.619 0.437 0.246 
0.82468  35823       0.24427 0.43203 0.45057   0.00024 0.19097   0.617 0.434 0.244 
0.82568  35619       0.24291 0.43045 0.44903   0.00024 0.19174   0.616 0.432 0.243 
0.82668  35415       0.24160 0.42895 0.44758   0.00024 0.19248   0.615 0.430 0.242 
0.82767  35211       0.24030 0.42737 0.44603   0.00024 0.19325   0.614 0.428 0.240 
0.82867  35007       0.23888 0.42576 0.44448   0.00024 0.19405   0.613 0.425 0.239 
0.82967  34803       0.23747 0.42414 0.44290   0.00024 0.19486   0.612 0.423 0.237 
0.83067  34599       0.23615 0.42253 0.44133   0.00025 0.19565   0.611 0.421 0.236 
0.83167  34395       0.23481 0.42097 0.43980   0.00025 0.19643   0.609 0.419 0.235 
0.83267  34191       0.23345 0.41938 0.43825   0.00025 0.19723   0.608 0.417 0.233 
0.83367  33987       0.23206 0.41777 0.43669   0.00025 0.19803   0.607 0.414 0.232 
0.83466  33783       0.23070 0.41617 0.43513   0.00025 0.19884   0.606 0.412 0.231 
0.83566  33579       0.22932 0.41450 0.43353   0.00025 0.19968   0.605 0.409 0.229 
0.83666  33375       0.22799 0.41277 0.43180   0.00025 0.20055   0.603 0.407 0.228 
0.83766  33171       0.22660 0.41112 0.43018   0.00025 0.20139   0.602 0.405 0.227 
0.83866  32967       0.22524 0.40969 0.42881   0.00025 0.20213   0.601 0.403 0.225 
0.83966  32763       0.22391 0.40824 0.42742   0.00025 0.20289   0.600 0.401 0.224 
0.84065  32559       0.22241 0.40683 0.42615   0.00025 0.20364   0.600 0.398 0.222 
0.84165  32355       0.22110 0.40513 0.42445   0.00025 0.20451   0.598 0.396 0.221 
0.84265  32151       0.21970 0.40350 0.42286   0.00025 0.20536   0.597 0.394 0.220 
0.84365  31947       0.21830 0.40185 0.42125   0.00025 0.20622   0.596 0.391 0.218 
0.84465  31743       0.21688 0.40016 0.41960   0.00026 0.20710   0.595 0.389 0.217 
0.84565  31539       0.21556 0.39853 0.41800   0.00026 0.20795   0.593 0.387 0.216 
0.84664  31335       0.21421 0.39691 0.41642   0.00026 0.20880   0.592 0.385 0.214 
0.84764  31131       0.21287 0.39525 0.41479   0.00026 0.20967   0.591 0.382 0.213 
0.84864  30927       0.21147 0.39362 0.41320   0.00026 0.21054   0.589 0.380 0.211 
0.84964  30723       0.21006 0.39193 0.41155   0.00026 0.21144   0.588 0.378 0.210 
0.85064  30519       0.20871 0.39027 0.40993   0.00026 0.21233   0.587 0.375 0.209 
0.85164  30315       0.20733 0.38861 0.40830   0.00026 0.21322   0.586 0.373 0.207 
0.85263  30111       0.20593 0.38697 0.40671   0.00026 0.21411   0.584 0.371 0.206 
0.85363  29907       0.20456 0.38567 0.40554   0.00026 0.21484   0.584 0.368 0.205 
0.85463  29703       0.20313 0.38427 0.40428   0.00026 0.21564   0.584 0.365 0.203 
0.85563  29499       0.20162 0.38278 0.40292   0.00026 0.21648   0.584 0.362 0.202 
0.85663  29295       0.20026 0.38120 0.40142   0.00026 0.21736   0.583 0.360 0.200 
0.85763  29091       0.19894 0.37955 0.39979   0.00027 0.21826   0.582 0.358 0.199 
0.85863  28887       0.19768 0.37777 0.39798   0.00027 0.21922   0.580 0.356 0.198 
0.85962  28683       0.19637 0.37578 0.39593   0.00027 0.22028   0.577 0.354 0.196 
0.86062  28479       0.19503 0.37402 0.39421   0.00027 0.22125   0.576 0.351 0.195 
0.86162  28275       0.19386 0.37239 0.39255   0.00027 0.22213   0.574 0.349 0.194 
0.86262  28071       0.19251 0.37065 0.39082   0.00027 0.22310   0.572 0.347 0.193 
0.86362  27867       0.19116 0.36891 0.38910   0.00027 0.22407   0.571 0.345 0.191 
0.86462  27663       0.18977 0.36721 0.38744   0.00027 0.22504   0.570 0.342 0.190 
0.86561  27459       0.18838 0.36542 0.38568   0.00027 0.22604   0.568 0.340 0.188 
0.86661  27255       0.18696 0.36369 0.38398   0.00027 0.22703   0.567 0.338 0.187 
0.86761  27051       0.18553 0.36184 0.38215   0.00027 0.22808   0.565 0.335 0.186 
0.86861  26847       0.18417 0.36008 0.38041   0.00028 0.22908   0.563 0.333 0.184 
0.86961  26643       0.18275 0.35826 0.37861   0.00028 0.23013   0.562 0.330 0.183 
0.87061  26439       0.18137 0.35648 0.37685   0.00028 0.23116   0.560 0.328 0.181 
0.87160  26235       0.17998 0.35473 0.37513   0.00028 0.23217   0.559 0.326 0.180 
0.87260  26031       0.17857 0.35301 0.37344   0.00028 0.23318   0.557 0.323 0.179 
0.87360  25827       0.17715 0.35122 0.37168   0.00028 0.23424   0.556 0.321 0.177 
0.87460  25623       0.17575 0.34942 0.36990   0.00028 0.23530   0.554 0.318 0.176 
0.87560  25419       0.17438 0.34763 0.36814   0.00028 0.23635   0.553 0.316 0.174 
0.87660  25215       0.17297 0.34580 0.36632   0.00028 0.23744   0.551 0.313 0.173 
0.87759  25011       0.17158 0.34399 0.36452   0.00028 0.23851   0.549 0.311 0.172 
0.87859  24807       0.17019 0.34220 0.36276   0.00028 0.23959   0.548 0.309 0.170 
0.87959  24603       0.16877 0.34039 0.36097   0.00029 0.24068   0.546 0.306 0.169 
0.88059  24399       0.16737 0.33859 0.35919   0.00029 0.24177   0.545 0.304 0.167 
0.88159  24195       0.16591 0.33668 0.35730   0.00029 0.24293   0.543 0.301 0.166 
0.88259  23991       0.16453 0.33479 0.35542   0.00029 0.24408   0.541 0.299 0.165 
0.88358  23787       0.16311 0.33300 0.35366   0.00029 0.24518   0.540 0.296 0.163 
0.88458  23583       0.16172 0.33110 0.35176   0.00029 0.24634   0.538 0.294 0.162 
0.88558  23379       0.16030 0.32927 0.34995   0.00029 0.24749   0.536 0.291 0.160 
0.88658  23175       0.15889 0.32733 0.34802   0.00029 0.24868   0.534 0.289 0.159 
0.88758  22971       0.15750 0.32541 0.34610   0.00029 0.24988   0.532 0.286 0.158 
0.88858  22767       0.15603 0.32344 0.34415   0.00029 0.25111   0.531 0.284 0.156 
0.88958  22563       0.15461 0.32150 0.34221   0.00030 0.25234   0.529 0.281 0.155 
0.89057  22359       0.15321 0.31960 0.34032   0.00030 0.25354   0.527 0.279 0.153 
0.89157  22155       0.15177 0.31772 0.33846   0.00030 0.25475   0.525 0.276 0.152 
0.89257  21951       0.15037 0.31574 0.33647   0.00030 0.25600   0.523 0.274 0.150 
0.89357  21747       0.14893 0.31383 0.33459   0.00030 0.25725   0.521 0.271 0.149 
0.89457  21543       0.14748 0.31186 0.33262   0.00030 0.25853   0.520 0.269 0.147 
0.89557  21339       0.14628 0.31040 0.33123   0.00030 0.25952   0.519 0.266 0.146 
0.89656  21135       0.14504 0.30907 0.33003   0.00030 0.26047   0.519 0.263 0.145 
0.89756  20931       0.14369 0.30744 0.32849   0.00030 0.26160   0.518 0.261 0.144 
0.89856  20727       0.14252 0.30528 0.32621   0.00031 0.26293   0.515 0.259 0.143 
0.89956  20523       0.14112 0.30322 0.32410   0.00031 0.26426   0.512 0.257 0.141 
0.90056  20319       0.13970 0.30125 0.32213   0.00031 0.26558   0.510 0.254 0.140 
0.90156  20115       0.13834 0.29927 0.32013   0.00031 0.26690   0.508 0.252 0.138 
0.90255  19911       0.13688 0.29735 0.31824   0.00031 0.26822   0.506 0.249 0.137 
0.90355  19707       0.13545 0.29533 0.31622   0.00031 0.26959   0.504 0.246 0.135 
0.90455  19503       0.13399 0.29328 0.31417   0.00031 0.27099   0.502 0.244 0.134 
0.90555  19299       0.13260 0.29126 0.31213   0.00031 0.27237   0.500 0.241 0.133 
0.90655  19095       0.13119 0.28930 0.31019   0.00032 0.27374   0.498 0.239 0.131 
0.90755  18891       0.12977 0.28728 0.30816   0.00032 0.27515   0.496 0.236 0.130 
0.90854  18687       0.12837 0.28521 0.30607   0.00032 0.27659   0.494 0.233 0.128 
0.90954  18483       0.12678 0.28328 0.30418   0.00032 0.27800   0.492 0.231 0.127 
0.91054  18279       0.12541 0.28120 0.30208   0.00032 0.27946   0.490 0.228 0.125 
0.91154  18075       0.12395 0.27911 0.29998   0.00032 0.28095   0.488 0.226 0.124 
0.91254  17871       0.12250 0.27703 0.29789   0.00032 0.28245   0.486 0.223 0.122 
0.91354  17667       0.12105 0.27490 0.29574   0.00032 0.28399   0.483 0.220 0.121 
0.91453  17463       0.11963 0.27288 0.29371   0.00033 0.28546   0.481 0.218 0.120 
0.91553  17259       0.11824 0.27074 0.29153   0.00033 0.28702   0.479 0.215 0.118 
0.91653  17055       0.11682 0.26860 0.28937   0.00033 0.28858   0.476 0.213 0.117 
0.91753  16851       0.11539 0.26637 0.28711   0.00033 0.29022   0.474 0.210 0.115 
0.91853  16647       0.11389 0.26408 0.28478   0.00033 0.29192   0.471 0.207 0.114 
0.91953  16443       0.11248 0.26192 0.28258   0.00033 0.29353   0.469 0.205 0.112 
0.92053  16239       0.11101 0.25976 0.28040   0.00033 0.29517   0.466 0.202 0.111 
0.92152  16035       0.10957 0.25759 0.27820   0.00034 0.29682   0.464 0.199 0.110 
0.92252  15831       0.10817 0.25539 0.27595   0.00034 0.29850   0.461 0.197 0.108 
0.92352  15627       0.10678 0.25311 0.27362   0.00034 0.30022   0.458 0.194 0.107 
0.92452  15423       0.10537 0.25092 0.27139   0.00034 0.30192   0.456 0.192 0.105 
0.92552  15219       0.10393 0.24869 0.26913   0.00034 0.30367   0.453 0.189 0.104 
0.92652  15015       0.10252 0.24640 0.26679   0.00034 0.30546   0.450 0.186 0.103 
0.92751  14811       0.10107 0.24417 0.26451   0.00035 0.30723   0.448 0.184 0.101 
0.92851  14607       0.09966 0.24193 0.26222   0.00035 0.30901   0.445 0.181 0.100 
0.92951  14403       0.09824 0.23964 0.25987   0.00035 0.31085   0.442 0.179 0.098 
0.93051  14199       0.09678 0.23733 0.25751   0.00035 0.31273   0.439 0.176 0.097 
0.93151  13995       0.09535 0.23494 0.25506   0.00035 0.31466   0.436 0.173 0.095 
0.93251  13791       0.09389 0.23263 0.25270   0.00035 0.31657   0.433 0.171 0.094 
0.93350  13587       0.09245 0.23032 0.25033   0.00036 0.31850   0.430 0.168 0.092 
0.93450  13383       0.09096 0.22795 0.24790   0.00036 0.32050   0.428 0.165 0.091 
0.93550  13179       0.08956 0.22563 0.24552   0.00036 0.32244   0.425 0.163 0.090 
0.93650  12975       0.08807 0.22332 0.24315   0.00036 0.32444   0.422 0.160 0.088 
0.93750  12771       0.08665 0.22083 0.24057   0.00036 0.32653   0.418 0.158 0.087 
0.93850  12567       0.08516 0.21843 0.23810   0.00036 0.32863   0.415 0.155 0.085 
0.93949  12363       0.08373 0.21591 0.23549   0.00037 0.33080   0.412 0.152 0.084 
0.94049  12159       0.08235 0.21341 0.23288   0.00037 0.33295   0.408 0.150 0.082 
0.94149  11955       0.08092 0.21090 0.23026   0.00037 0.33515   0.405 0.147 0.081 
0.94249  11751       0.07940 0.20853 0.22784   0.00037 0.33733   0.402 0.145 0.079 
0.94349  11547       0.07800 0.20571 0.22485   0.00037 0.33975   0.397 0.142 0.078 
0.94449  11343       0.07658 0.20317 0.22220   0.00038 0.34205   0.393 0.139 0.077 
0.94548  11139       0.07511 0.20071 0.21965   0.00038 0.34435   0.390 0.137 0.075 
0.94648  10935       0.07370 0.19806 0.21687   0.00038 0.34675   0.386 0.134 0.074 
0.94748  10731       0.07225 0.19549 0.21419   0.00038 0.34916   0.383 0.132 0.072 
0.94848  10527       0.07083 0.19282 0.21139   0.00039 0.35166   0.379 0.129 0.071 
0.94948  10323       0.06946 0.19006 0.20846   0.00039 0.35420   0.374 0.127 0.069 
0.95048  10119       0.06804 0.18734 0.20560   0.00039 0.35679   0.370 0.124 0.068 
0.95148  9915        0.06661 0.18466 0.20279   0.00039 0.35938   0.366 0.121 0.067 
0.95247  9711        0.06515 0.18191 0.19990   0.00040 0.36210   0.362 0.119 0.065 
0.95347  9507        0.06373 0.17911 0.19695   0.00040 0.36485   0.357 0.116 0.064 
0.95447  9303        0.06230 0.17639 0.19408   0.00040 0.36758   0.353 0.114 0.062 
0.95547  9099        0.06092 0.17359 0.19111   0.00040 0.37038   0.349 0.111 0.061 
0.95647  8895        0.05951 0.17076 0.18810   0.00041 0.37324   0.344 0.109 0.060 
0.95747  8691        0.05807 0.16792 0.18510   0.00041 0.37618   0.340 0.106 0.058 
0.95846  8487        0.05661 0.16489 0.18186   0.00041 0.37931   0.335 0.103 0.057 
0.95946  8283        0.05519 0.16189 0.17868   0.00041 0.38246   0.330 0.101 0.055 
0.96046  8079        0.05387 0.15889 0.17542   0.00042 0.38555   0.324 0.099 0.054 
0.96146  7875        0.05248 0.15588 0.17221   0.00042 0.38876   0.319 0.096 0.052 
0.96246  7671        0.05108 0.15272 0.16880   0.00042 0.39215   0.314 0.094 0.051 
0.96346  7467        0.04962 0.14967 0.16554   0.00043 0.39556   0.308 0.091 0.050 
0.96445  7263        0.04816 0.14659 0.16225   0.00043 0.39905   0.303 0.088 0.048 
0.96545  7059        0.04678 0.14359 0.15904   0.00043 0.40250   0.298 0.086 0.047 
0.96645  6855        0.04534 0.14040 0.15561   0.00044 0.40618   0.292 0.083 0.045 
0.96745  6651        0.04394 0.13725 0.15222   0.00044 0.40989   0.287 0.081 0.044 
0.96845  6447        0.04246 0.13402 0.14875   0.00044 0.41382   0.281 0.078 0.042 
0.96945  6243        0.04103 0.13084 0.14533   0.00045 0.41775   0.276 0.076 0.041 
0.97044  6039        0.03962 0.12747 0.14169   0.00045 0.42189   0.270 0.073 0.040 
0.97144  5835        0.03817 0.12413 0.13808   0.00045 0.42615   0.264 0.071 0.038 
0.97244  5631        0.03674 0.12073 0.13440   0.00046 0.43055   0.257 0.068 0.037 
0.97344  5427        0.03532 0.11728 0.13066   0.00046 0.43509   0.251 0.065 0.035 
0.97444  5223        0.03388 0.11373 0.12681   0.00047 0.43987   0.245 0.063 0.034 
0.97544  5019        0.03242 0.11017 0.12295   0.00047 0.44478   0.238 0.060 0.032 
0.97644  4815        0.03099 0.10647 0.11891   0.00048 0.44994   0.231 0.057 0.031 
0.97743  4611        0.02955 0.10277 0.11488   0.00048 0.45527   0.224 0.055 0.030 
0.97843  4407        0.02810 0.09908 0.11087   0.00049 0.46078   0.217 0.052 0.028 
0.97943  4203        0.02665 0.09536 0.10680   0.00049 0.46650   0.210 0.050 0.027 
0.98043  3999        0.02523 0.09144 0.10251   0.00050 0.47257   0.202 0.047 0.025 
0.98143  3795        0.02382 0.08753 0.09821   0.00050 0.47886   0.194 0.044 0.024 
0.98243  3591        0.02239 0.08358 0.09388   0.00051 0.48546   0.187 0.042 0.022 
0.98342  3387        0.02100 0.07934 0.08919   0.00052 0.49256   0.178 0.039 0.021 
0.98442  3183        0.01959 0.07517 0.08458   0.00052 0.49993   0.169 0.037 0.020 
0.98542  2979        0.01816 0.07083 0.07978   0.00053 0.50794   0.160 0.034 0.018 
0.98642  2775        0.01680 0.06648 0.07496   0.00054 0.51624   0.151 0.031 0.017 
0.98742  2571        0.01546 0.06203 0.07000   0.00055 0.52513   0.142 0.029 0.015 
0.98842  2367        0.01410 0.05750 0.06496   0.00055 0.53469   0.132 0.026 0.014 
0.98941  2163        0.01275 0.05289 0.05982   0.00056 0.54497   0.122 0.024 0.013 
0.99041  1959        0.01136 0.04823 0.05464   0.00058 0.55625   0.112 0.021 0.011 
0.99141  1755        0.01002 0.04326 0.04906   0.00059 0.56887   0.101 0.018 0.010 
0.99241  1551        0.00865 0.03809 0.04326   0.00060 0.58320   0.090 0.016 0.009 
0.99341  1347        0.00730 0.03295 0.03751   0.00062 0.59915   0.078 0.013 0.007 
0.99441  1143        0.00597 0.02753 0.03139   0.00063 0.61779   0.066 0.010 0.006 
0.99540  939         0.00474 0.02234 0.02553   0.00065 0.63836   0.054 0.008 0.005 
0.99640  735         0.00379 0.01853 0.02123   0.00067 0.65620   0.045 0.006 0.004 
0.99740  531         0.00279 0.01418 0.01627   0.00069 0.67960   0.035 0.005 0.003 
0.99840  327         0.00174 0.00899 0.01033   0.00073 0.71510   0.022 0.003 0.002 
0.99940  123         0.00067 0.00361 0.00416   0.00078 0.77428   0.009 0.001 0.001 
1.00000  0           0.00000 0.00000 0.00000   0.00100 1.00000   0.000 0.000 0.000 
