F-lost	   TF_cost	min-1	mean-1	max-1	w-mean-1	ext2-1	
0.0000	2.0433e+005	0.7612	0.8424	1.0000	0.8342	0.0457	
0.0010	2.0412e+005	0.7612	0.8423	1.0000	0.8342	0.0457	
0.0020	2.0392e+005	0.7612	0.8423	0.9999	0.8342	0.0457	
0.0030	2.0372e+005	0.7612	0.8423	0.9999	0.8341	0.0458	
0.0040	2.0351e+005	0.7612	0.8422	0.9998	0.8341	0.0458	
0.0050	2.0331e+005	0.7612	0.8421	0.9997	0.8341	0.0458	
0.0060	2.031e+005	0.7612	0.8421	0.9996	0.8340	0.0458	
0.0070	2.029e+005	0.7612	0.8420	0.9996	0.8339	0.0458	
0.0080	2.027e+005	0.7612	0.8420	0.9995	0.8339	0.0458	
0.0090	2.0249e+005	0.7612	0.8419	0.9994	0.8338	0.0458	
0.0100	2.0229e+005	0.7612	0.8418	0.9993	0.8338	0.0459	
0.0110	2.0208e+005	0.7612	0.8418	0.9992	0.8337	0.0459	
0.0120	2.0188e+005	0.7612	0.8417	0.9991	0.8336	0.0459	
0.0130	2.0168e+005	0.7612	0.8416	0.9990	0.8336	0.0459	
0.0140	2.0147e+005	0.7612	0.8415	0.9989	0.8335	0.0459	
0.0150	2.0127e+005	0.7612	0.8415	0.9988	0.8334	0.0460	
0.0160	2.0106e+005	0.7612	0.8414	0.9987	0.8334	0.0460	
0.0170	2.0086e+005	0.7612	0.8413	0.9986	0.8333	0.0460	
0.0180	2.0066e+005	0.7612	0.8412	0.9985	0.8332	0.0460	
0.0190	2.0045e+005	0.7612	0.8412	0.9984	0.8332	0.0460	
0.0200	2.0025e+005	0.7612	0.8411	0.9983	0.8331	0.0461	
0.0210	2.0004e+005	0.7612	0.8410	0.9982	0.8330	0.0461	
0.0220	1.9984e+005	0.7612	0.8409	0.9981	0.8329	0.0461	
0.0230	1.9964e+005	0.7612	0.8408	0.9980	0.8329	0.0461	
0.0240	1.9943e+005	0.7612	0.8408	0.9979	0.8328	0.0461	
0.0250	1.9923e+005	0.7612	0.8407	0.9977	0.8327	0.0462	
0.0260	1.9902e+005	0.7612	0.8406	0.9976	0.8326	0.0462	
0.0270	1.9882e+005	0.7612	0.8405	0.9975	0.8326	0.0462	
0.0280	1.9862e+005	0.7612	0.8404	0.9974	0.8325	0.0462	
0.0290	1.9841e+005	0.7612	0.8403	0.9973	0.8324	0.0462	
0.0300	1.9821e+005	0.7612	0.8402	0.9972	0.8323	0.0463	
0.0310	1.98e+005 	0.7612	0.8401	0.9971	0.8322	0.0463	
0.0320	1.978e+005	0.7612	0.8400	0.9970	0.8322	0.0463	
0.0330	1.976e+005	0.7612	0.8399	0.9969	0.8321	0.0463	
0.0340	1.9739e+005	0.7612	0.8399	0.9967	0.8320	0.0464	
0.0350	1.9719e+005	0.7612	0.8398	0.9966	0.8319	0.0464	
0.0360	1.9698e+005	0.7612	0.8397	0.9965	0.8318	0.0464	
0.0370	1.9678e+005	0.7611	0.8396	0.9964	0.8317	0.0464	
0.0379	1.9658e+005	0.7610	0.8395	0.9963	0.8316	0.0465	
0.0389	1.9637e+005	0.7608	0.8394	0.9961	0.8315	0.0465	
0.0399	1.9617e+005	0.7606	0.8393	0.9960	0.8315	0.0465	
0.0409	1.9596e+005	0.7604	0.8392	0.9959	0.8314	0.0465	
0.0419	1.9576e+005	0.7602	0.8391	0.9958	0.8313	0.0466	
0.0429	1.9556e+005	0.7600	0.8390	0.9957	0.8312	0.0466	
0.0439	1.9535e+005	0.7599	0.8389	0.9956	0.8311	0.0466	
0.0449	1.9515e+005	0.7597	0.8388	0.9954	0.8310	0.0466	
0.0459	1.9494e+005	0.7596	0.8387	0.9953	0.8309	0.0467	
0.0469	1.9474e+005	0.7594	0.8386	0.9951	0.8308	0.0467	
0.0479	1.9454e+005	0.7592	0.8385	0.9950	0.8307	0.0467	
0.0489	1.9433e+005	0.7590	0.8383	0.9948	0.8306	0.0468	
0.0499	1.9413e+005	0.7588	0.8382	0.9947	0.8305	0.0468	
0.0509	1.9392e+005	0.7586	0.8381	0.9946	0.8304	0.0468	
0.0519	1.9372e+005	0.7585	0.8380	0.9944	0.8303	0.0468	
0.0529	1.9352e+005	0.7583	0.8379	0.9943	0.8302	0.0469	
0.0539	1.9331e+005	0.7581	0.8378	0.9942	0.8301	0.0469	
0.0549	1.9311e+005	0.7578	0.8377	0.9940	0.8300	0.0469	
0.0559	1.929e+005	0.7576	0.8376	0.9939	0.8299	0.0470	
0.0569	1.927e+005	0.7574	0.8374	0.9937	0.8298	0.0470	
0.0579	1.925e+005	0.7572	0.8373	0.9936	0.8297	0.0470	
0.0589	1.9229e+005	0.7570	0.8372	0.9935	0.8296	0.0470	
0.0599	1.9209e+005	0.7568	0.8371	0.9934	0.8295	0.0471	
0.0609	1.9188e+005	0.7566	0.8370	0.9932	0.8294	0.0471	
0.0619	1.9168e+005	0.7564	0.8369	0.9931	0.8293	0.0471	
0.0629	1.9148e+005	0.7562	0.8367	0.9929	0.8292	0.0472	
0.0639	1.9127e+005	0.7560	0.8366	0.9928	0.8291	0.0472	
0.0649	1.9107e+005	0.7557	0.8365	0.9926	0.8290	0.0472	
0.0659	1.9086e+005	0.7556	0.8364	0.9925	0.8288	0.0473	
0.0669	1.9066e+005	0.7554	0.8362	0.9923	0.8287	0.0473	
0.0679	1.9046e+005	0.7551	0.8361	0.9921	0.8286	0.0473	
0.0689	1.9025e+005	0.7549	0.8360	0.9920	0.8285	0.0474	
0.0699	1.9005e+005	0.7547	0.8358	0.9918	0.8284	0.0474	
0.0709	1.8984e+005	0.7545	0.8357	0.9917	0.8283	0.0474	
0.0719	1.8964e+005	0.7542	0.8356	0.9915	0.8281	0.0475	
0.0729	1.8944e+005	0.7540	0.8355	0.9914	0.8280	0.0475	
0.0739	1.8923e+005	0.7538	0.8353	0.9912	0.8279	0.0475	
0.0749	1.8903e+005	0.7535	0.8352	0.9911	0.8278	0.0476	
0.0759	1.8882e+005	0.7533	0.8351	0.9909	0.8277	0.0476	
0.0769	1.8862e+005	0.7531	0.8349	0.9908	0.8275	0.0476	
0.0779	1.8842e+005	0.7528	0.8348	0.9906	0.8274	0.0477	
0.0789	1.8821e+005	0.7526	0.8347	0.9904	0.8273	0.0477	
0.0799	1.8801e+005	0.7523	0.8345	0.9903	0.8272	0.0477	
0.0809	1.878e+005	0.7521	0.8344	0.9901	0.8271	0.0478	
0.0819	1.876e+005	0.7519	0.8343	0.9899	0.8269	0.0478	
0.0829	1.874e+005	0.7516	0.8341	0.9898	0.8268	0.0478	
0.0839	1.8719e+005	0.7514	0.8340	0.9896	0.8267	0.0479	
0.0849	1.8699e+005	0.7511	0.8338	0.9894	0.8265	0.0479	
0.0859	1.8678e+005	0.7509	0.8337	0.9893	0.8264	0.0480	
0.0869	1.8658e+005	0.7506	0.8336	0.9891	0.8263	0.0480	
0.0879	1.8638e+005	0.7504	0.8334	0.9889	0.8262	0.0480	
0.0889	1.8617e+005	0.7501	0.8333	0.9888	0.8260	0.0481	
0.0899	1.8597e+005	0.7499	0.8331	0.9886	0.8259	0.0481	
0.0909	1.8576e+005	0.7496	0.8330	0.9884	0.8258	0.0481	
0.0919	1.8556e+005	0.7494	0.8328	0.9882	0.8256	0.0482	
0.0929	1.8536e+005	0.7491	0.8327	0.9881	0.8255	0.0482	
0.0939	1.8515e+005	0.7488	0.8325	0.9879	0.8254	0.0483	
0.0949	1.8495e+005	0.7486	0.8324	0.9877	0.8252	0.0483	
0.0959	1.8474e+005	0.7483	0.8322	0.9875	0.8251	0.0483	
0.0969	1.8454e+005	0.7481	0.8321	0.9874	0.8250	0.0484	
0.0979	1.8434e+005	0.7478	0.8319	0.9871	0.8248	0.0484	
0.0989	1.8413e+005	0.7476	0.8318	0.9870	0.8247	0.0485	
0.0998	1.8393e+005	0.7474	0.8316	0.9867	0.8246	0.0485	
0.1008	1.8372e+005	0.7471	0.8315	0.9865	0.8244	0.0485	
0.1018	1.8352e+005	0.7468	0.8313	0.9863	0.8243	0.0486	
0.1028	1.8332e+005	0.7466	0.8311	0.9861	0.8241	0.0486	
0.1038	1.8311e+005	0.7463	0.8310	0.9859	0.8240	0.0487	
0.1048	1.8291e+005	0.7461	0.8309	0.9857	0.8238	0.0487	
0.1058	1.827e+005	0.7458	0.8307	0.9855	0.8237	0.0487	
0.1068	1.825e+005	0.7455	0.8305	0.9854	0.8236	0.0488	
0.1078	1.823e+005	0.7453	0.8304	0.9851	0.8234	0.0488	
0.1088	1.8209e+005	0.7450	0.8302	0.9849	0.8233	0.0488	
0.1098	1.8189e+005	0.7447	0.8301	0.9848	0.8231	0.0489	
0.1108	1.8168e+005	0.7444	0.8299	0.9846	0.8230	0.0489	
0.1118	1.8148e+005	0.7442	0.8298	0.9844	0.8229	0.0490	
0.1128	1.8128e+005	0.7439	0.8296	0.9842	0.8227	0.0490	
0.1138	1.8107e+005	0.7436	0.8294	0.9840	0.8226	0.0491	
0.1148	1.8087e+005	0.7433	0.8293	0.9838	0.8224	0.0491	
0.1158	1.8066e+005	0.7430	0.8291	0.9836	0.8223	0.0491	
0.1168	1.8046e+005	0.7427	0.8289	0.9834	0.8221	0.0492	
0.1178	1.8026e+005	0.7425	0.8288	0.9832	0.8220	0.0492	
0.1188	1.8005e+005	0.7422	0.8286	0.9830	0.8218	0.0493	
0.1198	1.7985e+005	0.7419	0.8285	0.9828	0.8217	0.0493	
0.1208	1.7964e+005	0.7416	0.8283	0.9826	0.8215	0.0494	
0.1218	1.7944e+005	0.7413	0.8281	0.9824	0.8214	0.0494	
0.1228	1.7924e+005	0.7410	0.8279	0.9822	0.8212	0.0494	
0.1238	1.7903e+005	0.7407	0.8278	0.9820	0.8211	0.0495	
0.1248	1.7883e+005	0.7404	0.8276	0.9818	0.8209	0.0495	
0.1258	1.7862e+005	0.7401	0.8275	0.9816	0.8208	0.0496	
0.1268	1.7842e+005	0.7399	0.8273	0.9814	0.8206	0.0496	
0.1278	1.7822e+005	0.7396	0.8271	0.9812	0.8205	0.0497	
0.1288	1.7801e+005	0.7393	0.8270	0.9810	0.8203	0.0497	
0.1298	1.7781e+005	0.7391	0.8268	0.9808	0.8202	0.0497	
0.1308	1.776e+005	0.7388	0.8267	0.9806	0.8201	0.0498	
0.1318	1.774e+005	0.7385	0.8265	0.9804	0.8199	0.0498	
0.1328	1.772e+005	0.7382	0.8263	0.9802	0.8198	0.0499	
0.1338	1.7699e+005	0.7379	0.8262	0.9800	0.8196	0.0499	
0.1348	1.7679e+005	0.7375	0.8260	0.9798	0.8194	0.0500	
0.1358	1.7658e+005	0.7372	0.8258	0.9796	0.8193	0.0500	
0.1368	1.7638e+005	0.7369	0.8256	0.9794	0.8191	0.0501	
0.1378	1.7618e+005	0.7366	0.8255	0.9792	0.8190	0.0501	
0.1388	1.7597e+005	0.7363	0.8253	0.9790	0.8188	0.0501	
0.1398	1.7577e+005	0.7360	0.8251	0.9788	0.8187	0.0502	
0.1408	1.7556e+005	0.7357	0.8250	0.9786	0.8185	0.0502	
0.1418	1.7536e+005	0.7354	0.8248	0.9784	0.8184	0.0503	
0.1428	1.7516e+005	0.7351	0.8246	0.9782	0.8182	0.0503	
0.1438	1.7495e+005	0.7348	0.8244	0.9780	0.8180	0.0504	
0.1448	1.7475e+005	0.7346	0.8243	0.9777	0.8179	0.0504	
0.1458	1.7454e+005	0.7343	0.8241	0.9774	0.8177	0.0505	
0.1468	1.7434e+005	0.7340	0.8239	0.9771	0.8175	0.0505	
0.1478	1.7414e+005	0.7337	0.8237	0.9769	0.8174	0.0506	
0.1488	1.7393e+005	0.7334	0.8235	0.9767	0.8172	0.0506	
0.1498	1.7373e+005	0.7331	0.8234	0.9765	0.8171	0.0507	
0.1508	1.7352e+005	0.7327	0.8232	0.9763	0.8169	0.0507	
0.1518	1.7332e+005	0.7324	0.8230	0.9761	0.8167	0.0507	
0.1528	1.7312e+005	0.7321	0.8228	0.9759	0.8166	0.0508	
0.1538	1.7291e+005	0.7318	0.8226	0.9757	0.8164	0.0508	
0.1548	1.7271e+005	0.7315	0.8225	0.9754	0.8162	0.0509	
0.1558	1.725e+005	0.7312	0.8223	0.9752	0.8161	0.0509	
0.1568	1.723e+005	0.7308	0.8221	0.9750	0.8159	0.0510	
0.1578	1.721e+005	0.7305	0.8219	0.9748	0.8158	0.0510	
0.1588	1.7189e+005	0.7302	0.8217	0.9746	0.8156	0.0511	
0.1598	1.7169e+005	0.7299	0.8216	0.9744	0.8154	0.0511	
0.1608	1.7148e+005	0.7295	0.8214	0.9742	0.8153	0.0512	
0.1617	1.7128e+005	0.7292	0.8212	0.9739	0.8151	0.0512	
0.1627	1.7108e+005	0.7289	0.8210	0.9737	0.8149	0.0513	
0.1637	1.7087e+005	0.7286	0.8208	0.9735	0.8148	0.0513	
0.1647	1.7067e+005	0.7282	0.8206	0.9733	0.8146	0.0514	
0.1657	1.7046e+005	0.7279	0.8205	0.9731	0.8144	0.0514	
0.1667	1.7026e+005	0.7276	0.8203	0.9729	0.8143	0.0515	
0.1677	1.7006e+005	0.7273	0.8201	0.9727	0.8141	0.0515	
0.1687	1.6985e+005	0.7269	0.8199	0.9724	0.8139	0.0516	
0.1697	1.6965e+005	0.7266	0.8197	0.9722	0.8138	0.0516	
0.1707	1.6944e+005	0.7263	0.8195	0.9720	0.8136	0.0517	
0.1717	1.6924e+005	0.7259	0.8193	0.9718	0.8134	0.0517	
0.1727	1.6904e+005	0.7256	0.8192	0.9716	0.8133	0.0518	
0.1737	1.6883e+005	0.7253	0.8190	0.9714	0.8131	0.0518	
0.1747	1.6863e+005	0.7249	0.8188	0.9711	0.8129	0.0519	
0.1757	1.6842e+005	0.7246	0.8186	0.9709	0.8128	0.0519	
0.1767	1.6822e+005	0.7243	0.8184	0.9707	0.8126	0.0520	
0.1777	1.6802e+005	0.7239	0.8182	0.9705	0.8124	0.0520	
0.1787	1.6781e+005	0.7236	0.8180	0.9702	0.8122	0.0521	
0.1797	1.6761e+005	0.7232	0.8178	0.9700	0.8121	0.0521	
0.1807	1.674e+005	0.7229	0.8176	0.9698	0.8119	0.0522	
0.1817	1.672e+005	0.7226	0.8175	0.9696	0.8117	0.0522	
0.1827	1.67e+005 	0.7223	0.8173	0.9694	0.8116	0.0523	
0.1837	1.6679e+005	0.7219	0.8171	0.9691	0.8114	0.0523	
0.1847	1.6659e+005	0.7216	0.8169	0.9689	0.8112	0.0524	
0.1857	1.6638e+005	0.7212	0.8167	0.9687	0.8110	0.0524	
0.1867	1.6618e+005	0.7209	0.8165	0.9685	0.8109	0.0525	
0.1877	1.6598e+005	0.7205	0.8163	0.9682	0.8107	0.0525	
0.1887	1.6577e+005	0.7202	0.8161	0.9680	0.8105	0.0526	
0.1897	1.6557e+005	0.7198	0.8159	0.9678	0.8103	0.0526	
0.1907	1.6536e+005	0.7195	0.8157	0.9676	0.8102	0.0527	
0.1917	1.6516e+005	0.7192	0.8155	0.9673	0.8100	0.0527	
0.1927	1.6496e+005	0.7188	0.8153	0.9671	0.8098	0.0528	
0.1937	1.6475e+005	0.7185	0.8152	0.9669	0.8096	0.0528	
0.1947	1.6455e+005	0.7181	0.8150	0.9667	0.8095	0.0529	
0.1957	1.6434e+005	0.7178	0.8148	0.9664	0.8093	0.0529	
0.1967	1.6414e+005	0.7174	0.8146	0.9662	0.8091	0.0530	
0.1977	1.6394e+005	0.7171	0.8144	0.9660	0.8089	0.0530	
0.1987	1.6373e+005	0.7167	0.8142	0.9658	0.8088	0.0531	
0.1997	1.6353e+005	0.7164	0.8140	0.9655	0.8086	0.0531	
0.2007	1.6332e+005	0.7160	0.8138	0.9653	0.8084	0.0532	
0.2017	1.6312e+005	0.7157	0.8136	0.9651	0.8082	0.0532	
0.2027	1.6292e+005	0.7153	0.8134	0.9648	0.8080	0.0533	
0.2037	1.6271e+005	0.7149	0.8132	0.9646	0.8079	0.0534	
0.2047	1.6251e+005	0.7146	0.8130	0.9644	0.8077	0.0534	
0.2057	1.623e+005	0.7142	0.8128	0.9641	0.8075	0.0535	
0.2067	1.621e+005	0.7139	0.8126	0.9639	0.8073	0.0535	
0.2077	1.619e+005	0.7135	0.8124	0.9637	0.8071	0.0536	
0.2087	1.6169e+005	0.7131	0.8122	0.9634	0.8069	0.0536	
0.2097	1.6149e+005	0.7128	0.8119	0.9632	0.8067	0.0537	
0.2107	1.6128e+005	0.7124	0.8117	0.9629	0.8066	0.0537	
0.2117	1.6108e+005	0.7121	0.8115	0.9627	0.8064	0.0538	
0.2127	1.6088e+005	0.7117	0.8113	0.9624	0.8062	0.0539	
0.2137	1.6067e+005	0.7113	0.8111	0.9622	0.8060	0.0539	
0.2147	1.6047e+005	0.7110	0.8109	0.9619	0.8058	0.0540	
0.2157	1.6026e+005	0.7106	0.8107	0.9617	0.8056	0.0540	
0.2167	1.6006e+005	0.7102	0.8105	0.9614	0.8054	0.0541	
0.2177	1.5986e+005	0.7099	0.8103	0.9612	0.8052	0.0541	
0.2187	1.5965e+005	0.7095	0.8101	0.9610	0.8051	0.0542	
0.2197	1.5945e+005	0.7091	0.8099	0.9607	0.8049	0.0542	
0.2207	1.5924e+005	0.7088	0.8097	0.9605	0.8047	0.0543	
0.2217	1.5904e+005	0.7084	0.8095	0.9602	0.8045	0.0544	
0.2227	1.5884e+005	0.7080	0.8092	0.9600	0.8043	0.0544	
0.2236	1.5863e+005	0.7077	0.8090	0.9597	0.8041	0.0545	
0.2246	1.5843e+005	0.7073	0.8088	0.9595	0.8039	0.0545	
0.2256	1.5822e+005	0.7069	0.8086	0.9592	0.8037	0.0546	
0.2266	1.5802e+005	0.7065	0.8084	0.9590	0.8035	0.0546	
0.2276	1.5782e+005	0.7062	0.8082	0.9587	0.8033	0.0547	
0.2286	1.5761e+005	0.7058	0.8080	0.9585	0.8031	0.0548	
0.2296	1.5741e+005	0.7054	0.8078	0.9582	0.8029	0.0548	
0.2306	1.572e+005	0.7050	0.8075	0.9579	0.8027	0.0549	
0.2316	1.57e+005 	0.7047	0.8073	0.9577	0.8025	0.0549	
0.2326	1.568e+005	0.7043	0.8071	0.9574	0.8023	0.0550	
0.2336	1.5659e+005	0.7039	0.8069	0.9572	0.8021	0.0551	
0.2346	1.5639e+005	0.7035	0.8067	0.9569	0.8019	0.0551	
0.2356	1.5618e+005	0.7031	0.8064	0.9567	0.8017	0.0552	
0.2366	1.5598e+005	0.7027	0.8062	0.9564	0.8015	0.0552	
0.2376	1.5578e+005	0.7024	0.8060	0.9561	0.8013	0.0553	
0.2386	1.5557e+005	0.7020	0.8058	0.9559	0.8011	0.0554	
0.2396	1.5537e+005	0.7016	0.8055	0.9556	0.8009	0.0554	
0.2406	1.5516e+005	0.7012	0.8053	0.9554	0.8007	0.0555	
0.2416	1.5496e+005	0.7008	0.8051	0.9551	0.8005	0.0555	
0.2426	1.5476e+005	0.7004	0.8049	0.9549	0.8003	0.0556	
0.2436	1.5455e+005	0.7000	0.8047	0.9546	0.8001	0.0557	
0.2446	1.5435e+005	0.6996	0.8044	0.9543	0.7999	0.0557	
0.2456	1.5414e+005	0.6992	0.8042	0.9541	0.7997	0.0558	
0.2466	1.5394e+005	0.6988	0.8040	0.9538	0.7995	0.0558	
0.2476	1.5374e+005	0.6984	0.8038	0.9535	0.7993	0.0559	
0.2486	1.5353e+005	0.6981	0.8035	0.9533	0.7991	0.0560	
0.2496	1.5333e+005	0.6977	0.8033	0.9530	0.7989	0.0560	
0.2506	1.5312e+005	0.6973	0.8031	0.9528	0.7987	0.0561	
0.2516	1.5292e+005	0.6969	0.8029	0.9525	0.7985	0.0561	
0.2526	1.5272e+005	0.6965	0.8026	0.9522	0.7983	0.0562	
0.2536	1.5251e+005	0.6961	0.8024	0.9520	0.7981	0.0563	
0.2546	1.5231e+005	0.6957	0.8022	0.9517	0.7979	0.0563	
0.2556	1.521e+005	0.6953	0.8019	0.9514	0.7977	0.0564	
0.2566	1.519e+005	0.6949	0.8017	0.9512	0.7974	0.0565	
0.2576	1.517e+005	0.6945	0.8015	0.9509	0.7972	0.0565	
0.2586	1.5149e+005	0.6941	0.8012	0.9506	0.7970	0.0566	
0.2596	1.5129e+005	0.6937	0.8010	0.9503	0.7968	0.0567	
0.2606	1.5108e+005	0.6932	0.8008	0.9501	0.7966	0.0567	
0.2616	1.5088e+005	0.6928	0.8005	0.9498	0.7964	0.0568	
0.2626	1.5068e+005	0.6924	0.8003	0.9495	0.7962	0.0568	
0.2636	1.5047e+005	0.6920	0.8001	0.9493	0.7960	0.0569	
0.2646	1.5027e+005	0.6916	0.7998	0.9490	0.7957	0.0570	
0.2656	1.5006e+005	0.6912	0.7996	0.9487	0.7955	0.0570	
0.2666	1.4986e+005	0.6908	0.7994	0.9485	0.7953	0.0571	
0.2676	1.4966e+005	0.6904	0.7991	0.9482	0.7951	0.0572	
0.2686	1.4945e+005	0.6900	0.7989	0.9479	0.7949	0.0572	
0.2696	1.4925e+005	0.6895	0.7987	0.9477	0.7947	0.0573	
0.2706	1.4904e+005	0.6891	0.7984	0.9474	0.7945	0.0574	
0.2716	1.4884e+005	0.6887	0.7982	0.9472	0.7943	0.0574	
0.2726	1.4864e+005	0.6883	0.7980	0.9469	0.7940	0.0575	
0.2736	1.4843e+005	0.6879	0.7977	0.9466	0.7938	0.0576	
0.2746	1.4823e+005	0.6874	0.7975	0.9463	0.7936	0.0576	
0.2756	1.4802e+005	0.6870	0.7972	0.9460	0.7934	0.0577	
0.2766	1.4782e+005	0.6866	0.7970	0.9458	0.7931	0.0578	
0.2776	1.4762e+005	0.6862	0.7967	0.9455	0.7929	0.0578	
0.2786	1.4741e+005	0.6858	0.7965	0.9452	0.7927	0.0579	
0.2796	1.4721e+005	0.6853	0.7962	0.9448	0.7924	0.0580	
0.2806	1.47e+005 	0.6849	0.7960	0.9446	0.7922	0.0580	
0.2816	1.468e+005	0.6845	0.7957	0.9443	0.7920	0.0581	
0.2826	1.466e+005	0.6841	0.7955	0.9440	0.7918	0.0582	
0.2836	1.4639e+005	0.6836	0.7952	0.9437	0.7915	0.0583	
0.2846	1.4619e+005	0.6832	0.7950	0.9434	0.7913	0.0583	
0.2855	1.4598e+005	0.6828	0.7947	0.9431	0.7911	0.0584	
0.2865	1.4578e+005	0.6823	0.7945	0.9428	0.7909	0.0585	
0.2875	1.4558e+005	0.6819	0.7942	0.9425	0.7906	0.0585	
0.2885	1.4537e+005	0.6814	0.7940	0.9422	0.7904	0.0586	
0.2895	1.4517e+005	0.6810	0.7937	0.9419	0.7901	0.0587	
0.2905	1.4496e+005	0.6806	0.7934	0.9416	0.7899	0.0587	
0.2915	1.4476e+005	0.6801	0.7932	0.9413	0.7897	0.0588	
0.2925	1.4456e+005	0.6797	0.7929	0.9409	0.7894	0.0589	
0.2935	1.4435e+005	0.6793	0.7926	0.9406	0.7892	0.0590	
0.2945	1.4415e+005	0.6788	0.7924	0.9403	0.7889	0.0590	
0.2955	1.4394e+005	0.6784	0.7921	0.9400	0.7887	0.0591	
0.2965	1.4374e+005	0.6779	0.7918	0.9396	0.7884	0.0592	
0.2975	1.4354e+005	0.6775	0.7916	0.9393	0.7882	0.0593	
0.2985	1.4333e+005	0.6770	0.7913	0.9390	0.7879	0.0593	
0.2995	1.4313e+005	0.6766	0.7910	0.9386	0.7877	0.0594	
0.3005	1.4292e+005	0.6761	0.7907	0.9383	0.7874	0.0595	
0.3015	1.4272e+005	0.6757	0.7905	0.9380	0.7872	0.0596	
0.3025	1.4252e+005	0.6752	0.7902	0.9377	0.7869	0.0596	
0.3035	1.4231e+005	0.6748	0.7899	0.9373	0.7867	0.0597	
0.3045	1.4211e+005	0.6743	0.7896	0.9370	0.7864	0.0598	
0.3055	1.419e+005	0.6738	0.7893	0.9366	0.7862	0.0599	
0.3065	1.417e+005	0.6734	0.7891	0.9363	0.7859	0.0600	
0.3075	1.415e+005	0.6729	0.7888	0.9359	0.7856	0.0600	
0.3085	1.4129e+005	0.6724	0.7885	0.9356	0.7854	0.0601	
0.3095	1.4109e+005	0.6720	0.7882	0.9353	0.7851	0.0602	
0.3105	1.4088e+005	0.6715	0.7879	0.9349	0.7849	0.0603	
0.3115	1.4068e+005	0.6710	0.7877	0.9346	0.7846	0.0604	
0.3125	1.4048e+005	0.6706	0.7873	0.9342	0.7843	0.0604	
0.3135	1.4027e+005	0.6701	0.7871	0.9339	0.7841	0.0605	
0.3145	1.4007e+005	0.6696	0.7868	0.9335	0.7838	0.0606	
0.3155	1.3986e+005	0.6691	0.7865	0.9331	0.7835	0.0607	
0.3165	1.3966e+005	0.6687	0.7862	0.9328	0.7833	0.0608	
0.3175	1.3946e+005	0.6683	0.7859	0.9324	0.7830	0.0608	
0.3185	1.3925e+005	0.6679	0.7857	0.9320	0.7828	0.0609	
0.3195	1.3905e+005	0.6677	0.7855	0.9316	0.7826	0.0610	
0.3205	1.3884e+005	0.6673	0.7852	0.9311	0.7824	0.0610	
0.3215	1.3864e+005	0.6670	0.7849	0.9307	0.7821	0.0611	
0.3225	1.3844e+005	0.6665	0.7846	0.9301	0.7818	0.0612	
0.3235	1.3823e+005	0.6661	0.7843	0.9296	0.7815	0.0613	
0.3245	1.3803e+005	0.6657	0.7839	0.9291	0.7812	0.0614	
0.3255	1.3782e+005	0.6653	0.7836	0.9285	0.7809	0.0615	
0.3265	1.3762e+005	0.6648	0.7832	0.9281	0.7806	0.0616	
0.3275	1.3742e+005	0.6643	0.7829	0.9277	0.7803	0.0617	
0.3285	1.3721e+005	0.6639	0.7826	0.9274	0.7800	0.0617	
0.3295	1.3701e+005	0.6634	0.7823	0.9270	0.7797	0.0618	
0.3305	1.368e+005	0.6629	0.7820	0.9265	0.7794	0.0619	
0.3315	1.366e+005	0.6624	0.7817	0.9262	0.7792	0.0620	
0.3325	1.364e+005	0.6619	0.7814	0.9258	0.7789	0.0621	
0.3335	1.3619e+005	0.6615	0.7810	0.9253	0.7786	0.0622	
0.3345	1.3599e+005	0.6610	0.7807	0.9248	0.7783	0.0623	
0.3355	1.3578e+005	0.6605	0.7804	0.9244	0.7780	0.0624	
0.3365	1.3558e+005	0.6600	0.7801	0.9240	0.7777	0.0624	
0.3375	1.3538e+005	0.6595	0.7798	0.9237	0.7774	0.0625	
0.3385	1.3517e+005	0.6590	0.7795	0.9233	0.7772	0.0626	
0.3395	1.3497e+005	0.6585	0.7792	0.9229	0.7769	0.0627	
0.3405	1.3476e+005	0.6580	0.7789	0.9225	0.7766	0.0628	
0.3415	1.3456e+005	0.6575	0.7786	0.9221	0.7763	0.0629	
0.3425	1.3436e+005	0.6570	0.7782	0.9217	0.7760	0.0630	
0.3435	1.3415e+005	0.6565	0.7779	0.9213	0.7757	0.0631	
0.3445	1.3395e+005	0.6560	0.7776	0.9209	0.7755	0.0631	
0.3455	1.3374e+005	0.6555	0.7773	0.9205	0.7752	0.0632	
0.3465	1.3354e+005	0.6550	0.7770	0.9201	0.7749	0.0633	
0.3474	1.3334e+005	0.6545	0.7766	0.9197	0.7746	0.0634	
0.3484	1.3313e+005	0.6540	0.7763	0.9193	0.7743	0.0635	
0.3494	1.3293e+005	0.6535	0.7760	0.9188	0.7740	0.0636	
0.3504	1.3272e+005	0.6530	0.7757	0.9184	0.7737	0.0637	
0.3514	1.3252e+005	0.6525	0.7753	0.9180	0.7733	0.0638	
0.3524	1.3232e+005	0.6520	0.7750	0.9176	0.7730	0.0639	
0.3534	1.3211e+005	0.6515	0.7747	0.9172	0.7727	0.0640	
0.3544	1.3191e+005	0.6509	0.7743	0.9167	0.7724	0.0641	
0.3554	1.317e+005	0.6505	0.7740	0.9163	0.7721	0.0642	
0.3564	1.315e+005	0.6499	0.7737	0.9159	0.7718	0.0643	
0.3574	1.313e+005	0.6494	0.7733	0.9155	0.7715	0.0644	
0.3584	1.3109e+005	0.6489	0.7730	0.9150	0.7712	0.0645	
0.3594	1.3089e+005	0.6484	0.7727	0.9146	0.7709	0.0646	
0.3604	1.3068e+005	0.6478	0.7723	0.9141	0.7706	0.0647	
0.3614	1.3048e+005	0.6473	0.7720	0.9137	0.7702	0.0648	
0.3624	1.3028e+005	0.6468	0.7716	0.9132	0.7699	0.0649	
0.3634	1.3007e+005	0.6463	0.7713	0.9128	0.7696	0.0650	
0.3644	1.2987e+005	0.6458	0.7709	0.9123	0.7693	0.0651	
0.3654	1.2966e+005	0.6452	0.7706	0.9119	0.7690	0.0652	
0.3664	1.2946e+005	0.6447	0.7702	0.9114	0.7686	0.0653	
0.3674	1.2926e+005	0.6442	0.7699	0.9109	0.7683	0.0654	
0.3684	1.2905e+005	0.6436	0.7695	0.9105	0.7680	0.0655	
0.3694	1.2885e+005	0.6431	0.7692	0.9100	0.7677	0.0656	
0.3704	1.2864e+005	0.6426	0.7688	0.9096	0.7674	0.0657	
0.3714	1.2844e+005	0.6420	0.7685	0.9091	0.7670	0.0658	
0.3724	1.2824e+005	0.6415	0.7681	0.9088	0.7667	0.0659	
0.3734	1.2803e+005	0.6411	0.7679	0.9086	0.7665	0.0659	
0.3744	1.2783e+005	0.6407	0.7676	0.9084	0.7663	0.0660	
0.3754	1.2762e+005	0.6402	0.7673	0.9082	0.7659	0.0661	
0.3764	1.2742e+005	0.6397	0.7669	0.9077	0.7656	0.0662	
0.3774	1.2722e+005	0.6392	0.7666	0.9072	0.7653	0.0663	
0.3784	1.2701e+005	0.6386	0.7662	0.9068	0.7649	0.0664	
0.3794	1.2681e+005	0.6381	0.7659	0.9063	0.7646	0.0665	
0.3804	1.266e+005	0.6376	0.7655	0.9058	0.7643	0.0666	
0.3814	1.264e+005	0.6370	0.7651	0.9053	0.7639	0.0667	
0.3824	1.262e+005	0.6365	0.7648	0.9049	0.7636	0.0668	
0.3834	1.2599e+005	0.6359	0.7644	0.9044	0.7633	0.0669	
0.3844	1.2579e+005	0.6354	0.7641	0.9039	0.7629	0.0670	
0.3854	1.2558e+005	0.6348	0.7637	0.9035	0.7626	0.0671	
0.3864	1.2538e+005	0.6342	0.7633	0.9030	0.7623	0.0673	
0.3874	1.2518e+005	0.6337	0.7629	0.9025	0.7619	0.0674	
0.3884	1.2497e+005	0.6332	0.7626	0.9021	0.7616	0.0675	
0.3894	1.2477e+005	0.6326	0.7622	0.9016	0.7612	0.0676	
0.3904	1.2456e+005	0.6320	0.7618	0.9011	0.7609	0.0677	
0.3914	1.2436e+005	0.6315	0.7614	0.9006	0.7605	0.0678	
0.3924	1.2416e+005	0.6309	0.7611	0.9001	0.7602	0.0679	
0.3934	1.2395e+005	0.6304	0.7607	0.8996	0.7598	0.0680	
0.3944	1.2375e+005	0.6298	0.7603	0.8991	0.7595	0.0681	
0.3954	1.2354e+005	0.6293	0.7599	0.8986	0.7591	0.0682	
0.3964	1.2334e+005	0.6287	0.7595	0.8981	0.7587	0.0684	
0.3974	1.2314e+005	0.6281	0.7591	0.8976	0.7584	0.0685	
0.3984	1.2293e+005	0.6276	0.7588	0.8971	0.7580	0.0686	
0.3994	1.2273e+005	0.6270	0.7584	0.8966	0.7577	0.0687	
0.4004	1.2252e+005	0.6264	0.7580	0.8961	0.7573	0.0688	
0.4014	1.2232e+005	0.6259	0.7576	0.8956	0.7570	0.0689	
0.4024	1.2212e+005	0.6253	0.7572	0.8951	0.7566	0.0690	
0.4034	1.2191e+005	0.6247	0.7568	0.8946	0.7562	0.0691	
0.4044	1.2171e+005	0.6242	0.7564	0.8941	0.7559	0.0693	
0.4054	1.215e+005	0.6236	0.7560	0.8935	0.7555	0.0694	
0.4064	1.213e+005	0.6230	0.7556	0.8929	0.7551	0.0695	
0.4074	1.211e+005	0.6225	0.7552	0.8924	0.7548	0.0696	
0.4084	1.2089e+005	0.6219	0.7548	0.8919	0.7544	0.0697	
0.4093	1.2069e+005	0.6213	0.7544	0.8913	0.7540	0.0698	
0.4103	1.2048e+005	0.6207	0.7540	0.8908	0.7537	0.0700	
0.4113	1.2028e+005	0.6201	0.7536	0.8902	0.7533	0.0701	
0.4123	1.2008e+005	0.6195	0.7532	0.8897	0.7529	0.0702	
0.4133	1.1987e+005	0.6190	0.7528	0.8892	0.7525	0.0703	
0.4143	1.1967e+005	0.6184	0.7524	0.8886	0.7522	0.0704	
0.4153	1.1946e+005	0.6178	0.7520	0.8881	0.7518	0.0706	
0.4163	1.1926e+005	0.6172	0.7516	0.8876	0.7514	0.0707	
0.4173	1.1906e+005	0.6166	0.7511	0.8870	0.7510	0.0708	
0.4183	1.1885e+005	0.6160	0.7507	0.8865	0.7506	0.0709	
0.4193	1.1865e+005	0.6154	0.7503	0.8860	0.7503	0.0710	
0.4203	1.1844e+005	0.6148	0.7499	0.8854	0.7499	0.0712	
0.4213	1.1824e+005	0.6142	0.7495	0.8849	0.7495	0.0713	
0.4223	1.1804e+005	0.6136	0.7491	0.8844	0.7491	0.0714	
0.4233	1.1783e+005	0.6130	0.7487	0.8838	0.7487	0.0715	
0.4243	1.1763e+005	0.6124	0.7483	0.8833	0.7484	0.0716	
0.4253	1.1742e+005	0.6118	0.7479	0.8827	0.7480	0.0718	
0.4263	1.1722e+005	0.6112	0.7474	0.8822	0.7476	0.0719	
0.4273	1.1702e+005	0.6105	0.7470	0.8816	0.7472	0.0720	
0.4283	1.1681e+005	0.6099	0.7466	0.8810	0.7468	0.0721	
0.4293	1.1661e+005	0.6093	0.7462	0.8805	0.7464	0.0723	
0.4303	1.164e+005	0.6087	0.7457	0.8799	0.7460	0.0724	
0.4313	1.162e+005	0.6081	0.7453	0.8793	0.7456	0.0725	
0.4323	1.16e+005 	0.6075	0.7449	0.8787	0.7452	0.0726	
0.4333	1.1579e+005	0.6069	0.7444	0.8781	0.7448	0.0728	
0.4343	1.1559e+005	0.6063	0.7440	0.8774	0.7444	0.0729	
0.4353	1.1538e+005	0.6057	0.7435	0.8768	0.7440	0.0730	
0.4363	1.1518e+005	0.6051	0.7431	0.8762	0.7436	0.0732	
0.4373	1.1498e+005	0.6044	0.7427	0.8756	0.7432	0.0733	
0.4383	1.1477e+005	0.6038	0.7422	0.8750	0.7428	0.0734	
0.4393	1.1457e+005	0.6032	0.7418	0.8744	0.7424	0.0735	
0.4403	1.1436e+005	0.6026	0.7414	0.8739	0.7420	0.0737	
0.4413	1.1416e+005	0.6020	0.7409	0.8733	0.7416	0.0738	
0.4423	1.1396e+005	0.6013	0.7405	0.8726	0.7412	0.0739	
0.4433	1.1375e+005	0.6007	0.7400	0.8720	0.7407	0.0741	
0.4443	1.1355e+005	0.6001	0.7396	0.8714	0.7403	0.0742	
0.4453	1.1334e+005	0.5994	0.7391	0.8708	0.7399	0.0743	
0.4463	1.1314e+005	0.5989	0.7387	0.8701	0.7395	0.0745	
0.4473	1.1294e+005	0.5983	0.7382	0.8695	0.7391	0.0746	
0.4483	1.1273e+005	0.5977	0.7378	0.8689	0.7387	0.0747	
0.4493	1.1253e+005	0.5970	0.7373	0.8682	0.7383	0.0749	
0.4503	1.1232e+005	0.5964	0.7369	0.8675	0.7378	0.0750	
0.4513	1.1212e+005	0.5958	0.7364	0.8669	0.7374	0.0752	
0.4523	1.1192e+005	0.5951	0.7359	0.8662	0.7370	0.0753	
0.4533	1.1171e+005	0.5945	0.7355	0.8656	0.7365	0.0754	
0.4543	1.1151e+005	0.5939	0.7350	0.8648	0.7361	0.0756	
0.4553	1.113e+005	0.5932	0.7345	0.8641	0.7356	0.0757	
0.4563	1.111e+005	0.5926	0.7340	0.8634	0.7352	0.0759	
0.4573	1.109e+005	0.5920	0.7335	0.8627	0.7347	0.0760	
0.4583	1.1069e+005	0.5913	0.7330	0.8620	0.7343	0.0761	
0.4593	1.1049e+005	0.5907	0.7326	0.8614	0.7339	0.0763	
0.4603	1.1028e+005	0.5900	0.7321	0.8607	0.7334	0.0764	
0.4613	1.1008e+005	0.5894	0.7316	0.8600	0.7330	0.0766	
0.4623	1.0988e+005	0.5887	0.7311	0.8594	0.7325	0.0767	
0.4633	1.0967e+005	0.5880	0.7306	0.8587	0.7321	0.0769	
0.4643	1.0947e+005	0.5874	0.7301	0.8580	0.7316	0.0770	
0.4653	1.0926e+005	0.5867	0.7296	0.8573	0.7311	0.0772	
0.4663	1.0906e+005	0.5861	0.7291	0.8566	0.7307	0.0773	
0.4673	1.0886e+005	0.5854	0.7286	0.8559	0.7302	0.0775	
0.4683	1.0865e+005	0.5847	0.7281	0.8552	0.7297	0.0776	
0.4693	1.0845e+005	0.5841	0.7276	0.8545	0.7293	0.0778	
0.4703	1.0824e+005	0.5834	0.7271	0.8538	0.7288	0.0779	
0.4712	1.0804e+005	0.5828	0.7266	0.8532	0.7284	0.0781	
0.4722	1.0784e+005	0.5821	0.7261	0.8525	0.7279	0.0782	
0.4732	1.0763e+005	0.5814	0.7256	0.8518	0.7274	0.0784	
0.4742	1.0743e+005	0.5808	0.7251	0.8511	0.7270	0.0785	
0.4752	1.0722e+005	0.5801	0.7246	0.8503	0.7265	0.0787	
0.4762	1.0702e+005	0.5794	0.7241	0.8496	0.7260	0.0788	
0.4772	1.0682e+005	0.5787	0.7236	0.8489	0.7256	0.0790	
0.4782	1.0661e+005	0.5781	0.7231	0.8481	0.7251	0.0791	
0.4792	1.0641e+005	0.5774	0.7225	0.8474	0.7246	0.0793	
0.4802	1.062e+005	0.5767	0.7220	0.8466	0.7241	0.0795	
0.4812	1.06e+005 	0.5760	0.7215	0.8459	0.7236	0.0796	
0.4822	1.058e+005	0.5754	0.7209	0.8450	0.7231	0.0798	
0.4832	1.0559e+005	0.5747	0.7204	0.8443	0.7226	0.0800	
0.4842	1.0539e+005	0.5740	0.7198	0.8434	0.7221	0.0801	
0.4852	1.0518e+005	0.5733	0.7193	0.8426	0.7216	0.0803	
0.4862	1.0498e+005	0.5726	0.7188	0.8418	0.7211	0.0804	
0.4872	1.0478e+005	0.5719	0.7182	0.8410	0.7206	0.0806	
0.4882	1.0457e+005	0.5712	0.7177	0.8402	0.7201	0.0808	
0.4892	1.0437e+005	0.5705	0.7171	0.8394	0.7195	0.0810	
0.4902	1.0416e+005	0.5698	0.7166	0.8387	0.7190	0.0811	
0.4912	1.0396e+005	0.5692	0.7160	0.8379	0.7185	0.0813	
0.4922	1.0376e+005	0.5685	0.7155	0.8371	0.7180	0.0815	
0.4932	1.0355e+005	0.5677	0.7149	0.8363	0.7175	0.0816	
0.4942	1.0335e+005	0.5670	0.7143	0.8355	0.7170	0.0818	
0.4952	1.0314e+005	0.5664	0.7139	0.8350	0.7165	0.0820	
0.4962	1.0294e+005	0.5657	0.7133	0.8342	0.7160	0.0821	
0.4972	1.0274e+005	0.5650	0.7127	0.8334	0.7154	0.0823	
0.4982	1.0253e+005	0.5642	0.7121	0.8325	0.7149	0.0825	
0.4992	1.0233e+005	0.5635	0.7116	0.8318	0.7144	0.0826	
0.5002	1.0212e+005	0.5628	0.7110	0.8310	0.7138	0.0828	
0.5012	1.0192e+005	0.5621	0.7104	0.8302	0.7133	0.0830	
0.5022	1.0172e+005	0.5613	0.7098	0.8294	0.7127	0.0832	
0.5032	1.0151e+005	0.5606	0.7093	0.8285	0.7122	0.0834	
0.5042	1.0131e+005	0.5599	0.7087	0.8277	0.7116	0.0836	
0.5052	1.011e+005	0.5592	0.7082	0.8269	0.7112	0.0837	
0.5062	1.009e+005	0.5585	0.7076	0.8261	0.7107	0.0839	
0.5072	1.007e+005	0.5578	0.7070	0.8252	0.7101	0.0841	
0.5082	1.0049e+005	0.5570	0.7064	0.8244	0.7096	0.0842	
0.5092	1.0029e+005	0.5563	0.7058	0.8235	0.7090	0.0844	
0.5102	1.0008e+005	0.5556	0.7052	0.8226	0.7085	0.0846	
0.5112	99879     	0.5548	0.7046	0.8217	0.7079	0.0848	
0.5122	99675     	0.5542	0.7040	0.8208	0.7074	0.0850	
0.5132	99471     	0.5535	0.7035	0.8199	0.7068	0.0851	
0.5142	99267     	0.5528	0.7029	0.8190	0.7063	0.0853	
0.5152	99063     	0.5520	0.7023	0.8181	0.7058	0.0855	
0.5162	98859     	0.5513	0.7017	0.8172	0.7052	0.0857	
0.5172	98655     	0.5505	0.7011	0.8164	0.7047	0.0859	
0.5182	98451     	0.5498	0.7005	0.8154	0.7041	0.0861	
0.5192	98247     	0.5490	0.6999	0.8144	0.7035	0.0863	
0.5202	98043     	0.5483	0.6993	0.8135	0.7029	0.0864	
0.5212	97839     	0.5475	0.6986	0.8126	0.7024	0.0866	
0.5222	97635     	0.5468	0.6980	0.8117	0.7018	0.0868	
0.5232	97431     	0.5460	0.6974	0.8107	0.7012	0.0870	
0.5242	97227     	0.5453	0.6968	0.8097	0.7006	0.0872	
0.5252	97023     	0.5445	0.6961	0.8088	0.7000	0.0874	
0.5262	96819     	0.5437	0.6955	0.8078	0.6994	0.0876	
0.5272	96615     	0.5429	0.6949	0.8069	0.6989	0.0878	
0.5282	96411     	0.5422	0.6942	0.8059	0.6983	0.0880	
0.5292	96207     	0.5414	0.6936	0.8049	0.6977	0.0882	
0.5302	96003     	0.5406	0.6929	0.8040	0.6970	0.0884	
0.5312	95799     	0.5398	0.6923	0.8030	0.6964	0.0886	
0.5322	95595     	0.5391	0.6918	0.8024	0.6960	0.0888	
0.5331	95391     	0.5386	0.6916	0.8022	0.6958	0.0888	
0.5341	95187     	0.5380	0.6913	0.8020	0.6956	0.0889	
0.5351	94983     	0.5374	0.6911	0.8019	0.6953	0.0890	
0.5361	94779     	0.5367	0.6908	0.8017	0.6951	0.0891	
0.5371	94575     	0.5360	0.6905	0.8015	0.6948	0.0892	
0.5381	94371     	0.5354	0.6902	0.8013	0.6946	0.0893	
0.5391	94167     	0.5346	0.6899	0.8011	0.6943	0.0894	
0.5401	93963     	0.5338	0.6896	0.8009	0.6940	0.0895	
0.5411	93759     	0.5331	0.6892	0.8007	0.6937	0.0896	
0.5421	93555     	0.5322	0.6889	0.8005	0.6934	0.0898	
0.5431	93351     	0.5314	0.6885	0.8003	0.6931	0.0899	
0.5441	93147     	0.5306	0.6882	0.8000	0.6927	0.0900	
0.5451	92943     	0.5297	0.6878	0.7997	0.6924	0.0901	
0.5461	92739     	0.5288	0.6874	0.7995	0.6921	0.0903	
0.5471	92535     	0.5281	0.6869	0.7989	0.6916	0.0904	
0.5481	92331     	0.5273	0.6864	0.7982	0.6911	0.0906	
0.5491	92127     	0.5265	0.6858	0.7974	0.6905	0.0908	
0.5501	91923     	0.5258	0.6852	0.7966	0.6900	0.0910	
0.5511	91719     	0.5250	0.6846	0.7957	0.6894	0.0912	
0.5521	91515     	0.5242	0.6839	0.7948	0.6888	0.0914	
0.5531	91311     	0.5234	0.6833	0.7939	0.6883	0.0916	
0.5541	91107     	0.5226	0.6827	0.7931	0.6877	0.0918	
0.5551	90903     	0.5217	0.6821	0.7922	0.6871	0.0920	
0.5561	90699     	0.5209	0.6815	0.7914	0.6866	0.0922	
0.5571	90495     	0.5201	0.6809	0.7906	0.6860	0.0924	
0.5581	90291     	0.5193	0.6803	0.7899	0.6855	0.0925	
0.5591	90087     	0.5184	0.6797	0.7891	0.6849	0.0927	
0.5601	89883     	0.5176	0.6791	0.7883	0.6844	0.0929	
0.5611	89679     	0.5168	0.6785	0.7875	0.6838	0.0931	
0.5621	89475     	0.5159	0.6779	0.7867	0.6832	0.0933	
0.5631	89271     	0.5151	0.6773	0.7858	0.6827	0.0935	
0.5641	89067     	0.5143	0.6767	0.7849	0.6821	0.0937	
0.5651	88863     	0.5135	0.6761	0.7840	0.6815	0.0939	
0.5661	88659     	0.5126	0.6755	0.7832	0.6810	0.0941	
0.5671	88455     	0.5118	0.6749	0.7825	0.6805	0.0943	
0.5681	88251     	0.5109	0.6745	0.7822	0.6801	0.0944	
0.5691	88047     	0.5100	0.6740	0.7816	0.6796	0.0946	
0.5701	87843     	0.5092	0.6734	0.7807	0.6791	0.0948	
0.5711	87639     	0.5083	0.6728	0.7799	0.6785	0.0950	
0.5721	87435     	0.5075	0.6722	0.7791	0.6780	0.0952	
0.5731	87231     	0.5066	0.6716	0.7782	0.6774	0.0954	
0.5741	87027     	0.5058	0.6710	0.7774	0.6769	0.0956	
0.5751	86823     	0.5049	0.6704	0.7765	0.6763	0.0958	
0.5761	86619     	0.5041	0.6697	0.7756	0.6757	0.0960	
0.5771	86415     	0.5032	0.6691	0.7747	0.6751	0.0962	
0.5781	86211     	0.5024	0.6685	0.7739	0.6745	0.0964	
0.5791	86007     	0.5015	0.6678	0.7730	0.6740	0.0966	
0.5801	85803     	0.5006	0.6672	0.7722	0.6734	0.0968	
0.5811	85599     	0.4997	0.6666	0.7713	0.6728	0.0970	
0.5821	85395     	0.4989	0.6659	0.7703	0.6722	0.0973	
0.5831	85191     	0.4980	0.6653	0.7695	0.6716	0.0975	
0.5841	84987     	0.4971	0.6647	0.7687	0.6711	0.0977	
0.5851	84783     	0.4963	0.6641	0.7679	0.6705	0.0979	
0.5861	84579     	0.4954	0.6635	0.7669	0.6699	0.0981	
0.5871	84375     	0.4945	0.6628	0.7660	0.6694	0.0983	
0.5881	84171     	0.4936	0.6622	0.7651	0.6688	0.0985	
0.5891	83967     	0.4928	0.6616	0.7643	0.6682	0.0987	
0.5901	83763     	0.4919	0.6609	0.7634	0.6676	0.0989	
0.5911	83559     	0.4910	0.6603	0.7625	0.6670	0.0991	
0.5921	83355     	0.4901	0.6597	0.7616	0.6664	0.0993	
0.5931	83151     	0.4892	0.6590	0.7607	0.6658	0.0996	
0.5941	82947     	0.4883	0.6584	0.7599	0.6653	0.0998	
0.5951	82743     	0.4875	0.6578	0.7590	0.6647	0.1000	
0.5960	82539     	0.4866	0.6571	0.7581	0.6641	0.1002	
0.5970	82335     	0.4857	0.6564	0.7571	0.6635	0.1004	
0.5980	82131     	0.4848	0.6558	0.7562	0.6628	0.1006	
0.5990	81927     	0.4839	0.6551	0.7553	0.6622	0.1009	
0.6000	81723     	0.4831	0.6545	0.7544	0.6616	0.1011	
0.6010	81519     	0.4822	0.6538	0.7535	0.6610	0.1013	
0.6020	81315     	0.4813	0.6532	0.7526	0.6604	0.1015	
0.6030	81111     	0.4804	0.6526	0.7517	0.6599	0.1017	
0.6040	80907     	0.4795	0.6519	0.7507	0.6593	0.1020	
0.6050	80703     	0.4786	0.6512	0.7499	0.6586	0.1022	
0.6060	80499     	0.4778	0.6505	0.7488	0.6580	0.1024	
0.6070	80295     	0.4769	0.6499	0.7479	0.6574	0.1026	
0.6080	80091     	0.4759	0.6492	0.7470	0.6568	0.1029	
0.6090	79887     	0.4750	0.6485	0.7461	0.6561	0.1031	
0.6100	79683     	0.4741	0.6479	0.7452	0.6555	0.1033	
0.6110	79479     	0.4732	0.6472	0.7444	0.6549	0.1035	
0.6120	79275     	0.4723	0.6465	0.7434	0.6543	0.1038	
0.6130	79071     	0.4714	0.6459	0.7425	0.6536	0.1040	
0.6140	78867     	0.4704	0.6452	0.7416	0.6530	0.1042	
0.6150	78663     	0.4695	0.6445	0.7407	0.6524	0.1045	
0.6160	78459     	0.4686	0.6438	0.7397	0.6518	0.1047	
0.6170	78255     	0.4677	0.6432	0.7388	0.6512	0.1049	
0.6180	78051     	0.4667	0.6425	0.7378	0.6505	0.1052	
0.6190	77847     	0.4658	0.6418	0.7368	0.6499	0.1054	
0.6200	77643     	0.4649	0.6411	0.7360	0.6493	0.1056	
0.6210	77439     	0.4639	0.6405	0.7350	0.6486	0.1059	
0.6220	77235     	0.4630	0.6397	0.7341	0.6479	0.1061	
0.6230	77031     	0.4621	0.6390	0.7331	0.6473	0.1064	
0.6240	76827     	0.4612	0.6383	0.7321	0.6467	0.1066	
0.6250	76623     	0.4602	0.6376	0.7312	0.6460	0.1068	
0.6260	76419     	0.4593	0.6369	0.7302	0.6454	0.1071	
0.6270	76215     	0.4583	0.6363	0.7292	0.6447	0.1073	
0.6280	76011     	0.4574	0.6355	0.7283	0.6441	0.1076	
0.6290	75807     	0.4564	0.6348	0.7274	0.6434	0.1078	
0.6300	75603     	0.4555	0.6341	0.7264	0.6428	0.1081	
0.6310	75399     	0.4545	0.6334	0.7254	0.6421	0.1083	
0.6320	75195     	0.4535	0.6328	0.7245	0.6415	0.1085	
0.6330	74991     	0.4526	0.6321	0.7236	0.6409	0.1088	
0.6340	74787     	0.4516	0.6314	0.7226	0.6402	0.1090	
0.6350	74583     	0.4507	0.6307	0.7217	0.6396	0.1093	
0.6360	74379     	0.4497	0.6300	0.7208	0.6390	0.1095	
0.6370	74175     	0.4487	0.6293	0.7199	0.6383	0.1097	
0.6380	73971     	0.4478	0.6287	0.7192	0.6377	0.1100	
0.6390	73767     	0.4468	0.6280	0.7191	0.6371	0.1102	
0.6400	73563     	0.4458	0.6273	0.7189	0.6364	0.1105	
0.6410	73359     	0.4449	0.6265	0.7187	0.6358	0.1107	
0.6420	73155     	0.4440	0.6258	0.7186	0.6351	0.1110	
0.6430	72951     	0.4430	0.6251	0.7184	0.6344	0.1112	
0.6440	72747     	0.4420	0.6244	0.7181	0.6338	0.1115	
0.6450	72543     	0.4411	0.6237	0.7179	0.6331	0.1117	
0.6460	72339     	0.4401	0.6229	0.7177	0.6324	0.1120	
0.6470	72135     	0.4392	0.6222	0.7175	0.6317	0.1123	
0.6480	71931     	0.4382	0.6214	0.7173	0.6310	0.1125	
0.6490	71727     	0.4372	0.6206	0.7171	0.6303	0.1128	
0.6500	71523     	0.4364	0.6199	0.7169	0.6296	0.1131	
0.6510	71319     	0.4355	0.6190	0.7166	0.6288	0.1134	
0.6520	71115     	0.4345	0.6183	0.7164	0.6281	0.1136	
0.6530	70911     	0.4336	0.6175	0.7161	0.6274	0.1139	
0.6540	70707     	0.4326	0.6168	0.7159	0.6267	0.1142	
0.6550	70503     	0.4317	0.6161	0.7157	0.6260	0.1144	
0.6560	70299     	0.4307	0.6153	0.7155	0.6253	0.1147	
0.6570	70095     	0.4297	0.6146	0.7153	0.6246	0.1150	
0.6579	69891     	0.4287	0.6138	0.7151	0.6239	0.1152	
0.6589	69687     	0.4277	0.6131	0.7149	0.6232	0.1155	
0.6599	69483     	0.4268	0.6123	0.7145	0.6225	0.1158	
0.6609	69279     	0.4258	0.6115	0.7143	0.6218	0.1161	
0.6619	69075     	0.4248	0.6108	0.7140	0.6211	0.1163	
0.6629	68871     	0.4238	0.6100	0.7138	0.6204	0.1166	
0.6639	68667     	0.4228	0.6093	0.7135	0.6197	0.1169	
0.6649	68463     	0.4218	0.6085	0.7133	0.6190	0.1172	
0.6659	68259     	0.4208	0.6077	0.7130	0.6182	0.1175	
0.6669	68055     	0.4198	0.6070	0.7128	0.6175	0.1177	
0.6679	67851     	0.4188	0.6061	0.7124	0.6168	0.1180	
0.6689	67647     	0.4178	0.6053	0.7122	0.6160	0.1183	
0.6699	67443     	0.4168	0.6046	0.7120	0.6153	0.1186	
0.6709	67239     	0.4158	0.6038	0.7116	0.6145	0.1189	
0.6719	67035     	0.4148	0.6030	0.7113	0.6138	0.1192	
0.6729	66831     	0.4138	0.6023	0.7111	0.6132	0.1194	
0.6739	66627     	0.4129	0.6014	0.7107	0.6124	0.1198	
0.6749	66423     	0.4118	0.6007	0.7105	0.6116	0.1200	
0.6759	66219     	0.4108	0.5999	0.7103	0.6109	0.1203	
0.6769	66015     	0.4098	0.5991	0.7100	0.6102	0.1206	
0.6779	65811     	0.4088	0.5983	0.7097	0.6094	0.1209	
0.6789	65607     	0.4078	0.5974	0.7094	0.6086	0.1212	
0.6799	65403     	0.4068	0.5966	0.7090	0.6078	0.1215	
0.6809	65199     	0.4058	0.5958	0.7088	0.6071	0.1218	
0.6819	64995     	0.4048	0.5949	0.7086	0.6063	0.1221	
0.6829	64791     	0.4038	0.5941	0.7083	0.6055	0.1225	
0.6839	64587     	0.4028	0.5933	0.7080	0.6048	0.1228	
0.6849	64383     	0.4020	0.5925	0.7073	0.6040	0.1231	
0.6859	64179     	0.4011	0.5917	0.7065	0.6032	0.1234	
0.6869	63975     	0.4002	0.5907	0.7053	0.6022	0.1237	
0.6879	63771     	0.3992	0.5898	0.7049	0.6013	0.1241	
0.6889	63567     	0.3982	0.5890	0.7045	0.6005	0.1244	
0.6899	63363     	0.3971	0.5882	0.7043	0.5998	0.1247	
0.6909	63159     	0.3961	0.5874	0.7041	0.5990	0.1250	
0.6919	62955     	0.3952	0.5865	0.7038	0.5982	0.1253	
0.6929	62751     	0.3942	0.5857	0.7034	0.5974	0.1256	
0.6939	62547     	0.3931	0.5848	0.7030	0.5966	0.1260	
0.6949	62343     	0.3921	0.5840	0.7028	0.5959	0.1263	
0.6959	62139     	0.3910	0.5831	0.7023	0.5950	0.1266	
0.6969	61935     	0.3900	0.5822	0.7018	0.5942	0.1269	
0.6979	61731     	0.3890	0.5813	0.7014	0.5933	0.1273	
0.6989	61527     	0.3880	0.5804	0.7010	0.5925	0.1276	
0.6999	61323     	0.3870	0.5795	0.7007	0.5917	0.1279	
0.7009	61119     	0.3860	0.5787	0.7004	0.5909	0.1283	
0.7019	60915     	0.3850	0.5778	0.7001	0.5900	0.1286	
0.7029	60711     	0.3840	0.5769	0.6997	0.5892	0.1289	
0.7039	60507     	0.3830	0.5760	0.6994	0.5883	0.1293	
0.7049	60303     	0.3820	0.5751	0.6990	0.5875	0.1296	
0.7059	60099     	0.3809	0.5742	0.6987	0.5867	0.1300	
0.7069	59895     	0.3799	0.5733	0.6983	0.5858	0.1303	
0.7079	59691     	0.3789	0.5724	0.6979	0.5849	0.1307	
0.7089	59487     	0.3779	0.5715	0.6975	0.5841	0.1310	
0.7099	59283     	0.3769	0.5706	0.6972	0.5832	0.1313	
0.7109	59079     	0.3758	0.5697	0.6969	0.5824	0.1317	
0.7119	58875     	0.3748	0.5688	0.6965	0.5816	0.1320	
0.7129	58671     	0.3737	0.5679	0.6962	0.5807	0.1324	
0.7139	58467     	0.3727	0.5670	0.6958	0.5798	0.1327	
0.7149	58263     	0.3716	0.5661	0.6955	0.5790	0.1331	
0.7159	58059     	0.3707	0.5651	0.6951	0.5781	0.1335	
0.7169	57855     	0.3697	0.5642	0.6948	0.5773	0.1338	
0.7179	57651     	0.3688	0.5633	0.6948	0.5764	0.1341	
0.7189	57447     	0.3678	0.5624	0.6944	0.5756	0.1345	
0.7198	57243     	0.3668	0.5615	0.6941	0.5747	0.1349	
0.7208	57039     	0.3657	0.5605	0.6937	0.5738	0.1352	
0.7218	56835     	0.3647	0.5595	0.6933	0.5729	0.1356	
0.7228	56631     	0.3637	0.5586	0.6929	0.5720	0.1360	
0.7238	56427     	0.3626	0.5576	0.6926	0.5711	0.1363	
0.7248	56223     	0.3616	0.5566	0.6922	0.5702	0.1367	
0.7258	56019     	0.3606	0.5557	0.6918	0.5693	0.1371	
0.7268	55815     	0.3595	0.5547	0.6914	0.5683	0.1375	
0.7278	55611     	0.3584	0.5537	0.6910	0.5674	0.1379	
0.7288	55407     	0.3575	0.5526	0.6904	0.5664	0.1383	
0.7298	55203     	0.3564	0.5516	0.6898	0.5654	0.1387	
0.7308	54999     	0.3554	0.5506	0.6894	0.5645	0.1391	
0.7318	54795     	0.3543	0.5496	0.6891	0.5636	0.1395	
0.7328	54591     	0.3532	0.5486	0.6886	0.5626	0.1399	
0.7338	54387     	0.3522	0.5476	0.6881	0.5616	0.1403	
0.7348	54183     	0.3511	0.5465	0.6877	0.5606	0.1407	
0.7358	53979     	0.3501	0.5455	0.6873	0.5597	0.1411	
0.7368	53775     	0.3490	0.5446	0.6871	0.5589	0.1415	
0.7378	53571     	0.3479	0.5436	0.6866	0.5579	0.1419	
0.7388	53367     	0.3469	0.5425	0.6860	0.5569	0.1423	
0.7398	53163     	0.3458	0.5415	0.6855	0.5559	0.1427	
0.7408	52959     	0.3447	0.5404	0.6850	0.5549	0.1431	
0.7418	52755     	0.3437	0.5394	0.6845	0.5539	0.1435	
0.7428	52551     	0.3426	0.5382	0.6837	0.5528	0.1440	
0.7438	52347     	0.3415	0.5372	0.6832	0.5518	0.1444	
0.7448	52143     	0.3404	0.5361	0.6826	0.5507	0.1449	
0.7458	51939     	0.3393	0.5350	0.6822	0.5497	0.1453	
0.7468	51735     	0.3383	0.5339	0.6815	0.5486	0.1458	
0.7478	51531     	0.3373	0.5327	0.6807	0.5475	0.1462	
0.7488	51327     	0.3362	0.5316	0.6801	0.5465	0.1467	
0.7498	51123     	0.3351	0.5305	0.6793	0.5454	0.1471	
0.7508	50919     	0.3341	0.5294	0.6787	0.5443	0.1476	
0.7518	50715     	0.3330	0.5283	0.6782	0.5433	0.1480	
0.7528	50511     	0.3319	0.5271	0.6776	0.5422	0.1485	
0.7538	50307     	0.3308	0.5260	0.6770	0.5411	0.1490	
0.7548	50103     	0.3297	0.5249	0.6764	0.5400	0.1494	
0.7558	49899     	0.3286	0.5237	0.6758	0.5389	0.1499	
0.7568	49695     	0.3275	0.5226	0.6751	0.5378	0.1504	
0.7578	49491     	0.3263	0.5214	0.6745	0.5367	0.1508	
0.7588	49287     	0.3252	0.5203	0.6739	0.5357	0.1513	
0.7598	49083     	0.3241	0.5192	0.6734	0.5346	0.1518	
0.7608	48879     	0.3230	0.5180	0.6727	0.5335	0.1523	
0.7618	48675     	0.3219	0.5169	0.6720	0.5324	0.1527	
0.7628	48471     	0.3208	0.5157	0.6715	0.5313	0.1532	
0.7638	48267     	0.3196	0.5145	0.6708	0.5302	0.1537	
0.7648	48063     	0.3185	0.5134	0.6701	0.5290	0.1542	
0.7658	47859     	0.3174	0.5122	0.6694	0.5279	0.1547	
0.7668	47655     	0.3162	0.5110	0.6688	0.5268	0.1552	
0.7678	47451     	0.3151	0.5098	0.6681	0.5256	0.1557	
0.7688	47247     	0.3140	0.5086	0.6672	0.5245	0.1562	
0.7698	47043     	0.3128	0.5074	0.6666	0.5234	0.1567	
0.7708	46839     	0.3116	0.5062	0.6659	0.5222	0.1572	
0.7718	46635     	0.3105	0.5050	0.6653	0.5210	0.1577	
0.7728	46431     	0.3093	0.5037	0.6644	0.5198	0.1583	
0.7738	46227     	0.3082	0.5025	0.6635	0.5186	0.1588	
0.7748	46023     	0.3071	0.5013	0.6627	0.5174	0.1593	
0.7758	45819     	0.3059	0.5000	0.6619	0.5162	0.1599	
0.7768	45615     	0.3047	0.4987	0.6612	0.5150	0.1604	
0.7778	45411     	0.3036	0.4975	0.6603	0.5138	0.1609	
0.7788	45207     	0.3025	0.4962	0.6595	0.5125	0.1615	
0.7798	45003     	0.3013	0.4949	0.6586	0.5112	0.1621	
0.7808	44799     	0.3001	0.4936	0.6576	0.5100	0.1626	
0.7817	44595     	0.2989	0.4922	0.6567	0.5087	0.1632	
0.7827	44391     	0.2978	0.4910	0.6559	0.5075	0.1637	
0.7837	44187     	0.2966	0.4897	0.6551	0.5062	0.1643	
0.7847	43983     	0.2954	0.4884	0.6542	0.5050	0.1649	
0.7857	43779     	0.2942	0.4871	0.6533	0.5037	0.1655	
0.7867	43575     	0.2930	0.4858	0.6526	0.5025	0.1660	
0.7877	43371     	0.2918	0.4844	0.6516	0.5012	0.1666	
0.7887	43167     	0.2906	0.4831	0.6507	0.4999	0.1672	
0.7897	42963     	0.2894	0.4818	0.6498	0.4986	0.1678	
0.7907	42759     	0.2882	0.4804	0.6490	0.4973	0.1684	
0.7917	42555     	0.2870	0.4791	0.6482	0.4960	0.1690	
0.7927	42351     	0.2858	0.4777	0.6473	0.4947	0.1696	
0.7937	42147     	0.2846	0.4763	0.6463	0.4933	0.1702	
0.7947	41943     	0.2834	0.4750	0.6454	0.4921	0.1708	
0.7957	41739     	0.2820	0.4739	0.6453	0.4910	0.1713	
0.7967	41535     	0.2805	0.4726	0.6452	0.4899	0.1719	
0.7977	41331     	0.2792	0.4713	0.6442	0.4886	0.1725	
0.7987	41127     	0.2781	0.4698	0.6427	0.4871	0.1732	
0.7997	40923     	0.2768	0.4684	0.6417	0.4857	0.1738	
0.8007	40719     	0.2755	0.4670	0.6408	0.4844	0.1744	
0.8017	40515     	0.2743	0.4656	0.6397	0.4830	0.1751	
0.8027	40311     	0.2730	0.4642	0.6387	0.4817	0.1757	
0.8037	40107     	0.2717	0.4628	0.6377	0.4803	0.1764	
0.8047	39903     	0.2705	0.4614	0.6367	0.4789	0.1770	
0.8057	39699     	0.2692	0.4600	0.6358	0.4776	0.1777	
0.8067	39495     	0.2679	0.4585	0.6348	0.4762	0.1783	
0.8077	39291     	0.2666	0.4571	0.6338	0.4748	0.1790	
0.8087	39087     	0.2653	0.4556	0.6326	0.4733	0.1797	
0.8097	38883     	0.2640	0.4542	0.6317	0.4719	0.1804	
0.8107	38679     	0.2627	0.4527	0.6306	0.4705	0.1811	
0.8117	38475     	0.2614	0.4512	0.6296	0.4691	0.1818	
0.8127	38271     	0.2601	0.4498	0.6288	0.4677	0.1824	
0.8137	38067     	0.2587	0.4484	0.6287	0.4664	0.1831	
0.8147	37863     	0.2575	0.4469	0.6276	0.4650	0.1838	
0.8157	37659     	0.2561	0.4456	0.6275	0.4637	0.1844	
0.8167	37455     	0.2548	0.4440	0.6261	0.4622	0.1852	
0.8177	37251     	0.2535	0.4425	0.6249	0.4608	0.1859	
0.8187	37047     	0.2523	0.4410	0.6238	0.4593	0.1866	
0.8197	36843     	0.2509	0.4395	0.6229	0.4579	0.1873	
0.8207	36639     	0.2496	0.4380	0.6217	0.4564	0.1881	
0.8217	36435     	0.2483	0.4365	0.6206	0.4549	0.1888	
0.8227	36231     	0.2469	0.4351	0.6196	0.4535	0.1895	
0.8237	36027     	0.2456	0.4336	0.6185	0.4521	0.1902	
0.8247	35823     	0.2443	0.4320	0.6175	0.4506	0.1910	
0.8257	35619     	0.2429	0.4304	0.6163	0.4490	0.1917	
0.8267	35415     	0.2416	0.4289	0.6153	0.4476	0.1925	
0.8277	35211     	0.2403	0.4274	0.6140	0.4460	0.1933	
0.8287	35007     	0.2389	0.4258	0.6130	0.4445	0.1941	
0.8297	34803     	0.2375	0.4241	0.6118	0.4429	0.1949	
0.8307	34599     	0.2361	0.4225	0.6105	0.4413	0.1956	
0.8317	34395     	0.2348	0.4210	0.6093	0.4398	0.1964	
0.8327	34191     	0.2334	0.4194	0.6081	0.4383	0.1972	
0.8337	33987     	0.2321	0.4178	0.6070	0.4367	0.1980	
0.8347	33783     	0.2307	0.4162	0.6058	0.4351	0.1988	
0.8357	33579     	0.2293	0.4145	0.6047	0.4335	0.1997	
0.8367	33375     	0.2280	0.4128	0.6030	0.4318	0.2006	
0.8377	33171     	0.2266	0.4111	0.6017	0.4302	0.2014	
0.8387	32967     	0.2252	0.4097	0.6008	0.4288	0.2021	
0.8397	32763     	0.2239	0.4082	0.6000	0.4274	0.2029	
0.8407	32559     	0.2224	0.4068	0.6000	0.4261	0.2036	
0.8417	32355     	0.2211	0.4051	0.5983	0.4245	0.2045	
0.8427	32151     	0.2197	0.4035	0.5971	0.4229	0.2054	
0.8436	31947     	0.2183	0.4018	0.5958	0.4212	0.2062	
0.8446	31743     	0.2169	0.4002	0.5946	0.4196	0.2071	
0.8456	31539     	0.2156	0.3985	0.5933	0.4180	0.2079	
0.8466	31335     	0.2142	0.3969	0.5920	0.4164	0.2088	
0.8476	31131     	0.2129	0.3953	0.5906	0.4148	0.2097	
0.8486	30927     	0.2115	0.3936	0.5894	0.4132	0.2105	
0.8496	30723     	0.2101	0.3919	0.5881	0.4116	0.2114	
0.8506	30519     	0.2087	0.3903	0.5869	0.4099	0.2123	
0.8516	30315     	0.2073	0.3886	0.5855	0.4083	0.2132	
0.8526	30111     	0.2059	0.3870	0.5844	0.4067	0.2141	
0.8536	29907     	0.2046	0.3857	0.5844	0.4055	0.2148	
0.8546	29703     	0.2031	0.3843	0.5844	0.4043	0.2156	
0.8556	29499     	0.2016	0.3828	0.5842	0.4029	0.2165	
0.8566	29295     	0.2003	0.3812	0.5834	0.4014	0.2174	
0.8576	29091     	0.1989	0.3795	0.5819	0.3998	0.2183	
0.8586	28887     	0.1977	0.3778	0.5799	0.3980	0.2192	
0.8596	28683     	0.1964	0.3758	0.5773	0.3959	0.2203	
0.8606	28479     	0.1950	0.3740	0.5759	0.3942	0.2212	
0.8616	28275     	0.1939	0.3724	0.5740	0.3926	0.2221	
0.8626	28071     	0.1925	0.3706	0.5724	0.3908	0.2231	
0.8636	27867     	0.1912	0.3689	0.5708	0.3891	0.2241	
0.8646	27663     	0.1898	0.3672	0.5696	0.3874	0.2250	
0.8656	27459     	0.1884	0.3654	0.5680	0.3857	0.2260	
0.8666	27255     	0.1870	0.3637	0.5666	0.3840	0.2270	
0.8676	27051     	0.1855	0.3618	0.5649	0.3821	0.2281	
0.8686	26847     	0.1842	0.3601	0.5634	0.3804	0.2291	
0.8696	26643     	0.1828	0.3583	0.5618	0.3786	0.2301	
0.8706	26439     	0.1814	0.3565	0.5602	0.3769	0.2312	
0.8716	26235     	0.1800	0.3547	0.5587	0.3751	0.2322	
0.8726	26031     	0.1786	0.3530	0.5573	0.3734	0.2332	
0.8736	25827     	0.1771	0.3512	0.5558	0.3717	0.2342	
0.8746	25623     	0.1757	0.3494	0.5542	0.3699	0.2353	
0.8756	25419     	0.1744	0.3476	0.5527	0.3681	0.2364	
0.8766	25215     	0.1730	0.3458	0.5510	0.3663	0.2374	
0.8776	25011     	0.1716	0.3440	0.5493	0.3645	0.2385	
0.8786	24807     	0.1702	0.3422	0.5478	0.3628	0.2396	
0.8796	24603     	0.1688	0.3404	0.5462	0.3610	0.2407	
0.8806	24399     	0.1674	0.3386	0.5446	0.3592	0.2418	
0.8816	24195     	0.1659	0.3367	0.5429	0.3573	0.2429	
0.8826	23991     	0.1645	0.3348	0.5411	0.3554	0.2441	
0.8836	23787     	0.1631	0.3330	0.5395	0.3537	0.2452	
0.8846	23583     	0.1617	0.3311	0.5377	0.3518	0.2463	
0.8856	23379     	0.1603	0.3293	0.5361	0.3500	0.2475	
0.8866	23175     	0.1589	0.3273	0.5342	0.3480	0.2487	
0.8876	22971     	0.1575	0.3254	0.5323	0.3461	0.2499	
0.8886	22767     	0.1560	0.3234	0.5305	0.3442	0.2511	
0.8896	22563     	0.1546	0.3215	0.5286	0.3422	0.2523	
0.8906	22359     	0.1532	0.3196	0.5268	0.3403	0.2535	
0.8916	22155     	0.1518	0.3177	0.5251	0.3385	0.2547	
0.8926	21951     	0.1504	0.3157	0.5230	0.3365	0.2560	
0.8936	21747     	0.1489	0.3138	0.5214	0.3346	0.2572	
0.8946	21543     	0.1475	0.3119	0.5195	0.3326	0.2585	
0.8956	21339     	0.1463	0.3104	0.5187	0.3312	0.2595	
0.8966	21135     	0.1450	0.3091	0.5187	0.3300	0.2605	
0.8976	20931     	0.1437	0.3074	0.5180	0.3285	0.2616	
0.8986	20727     	0.1425	0.3053	0.5145	0.3262	0.2629	
0.8996	20523     	0.1411	0.3032	0.5120	0.3241	0.2643	
0.9006	20319     	0.1397	0.3013	0.5101	0.3221	0.2656	
0.9016	20115     	0.1383	0.2993	0.5079	0.3201	0.2669	
0.9026	19911     	0.1369	0.2973	0.5063	0.3182	0.2682	
0.9036	19707     	0.1355	0.2953	0.5042	0.3162	0.2696	
0.9046	19503     	0.1340	0.2933	0.5022	0.3142	0.2710	
0.9055	19299     	0.1326	0.2913	0.5000	0.3121	0.2724	
0.9065	19095     	0.1312	0.2893	0.4982	0.3102	0.2737	
0.9075	18891     	0.1298	0.2873	0.4961	0.3082	0.2751	
0.9085	18687     	0.1284	0.2852	0.4939	0.3061	0.2766	
0.9095	18483     	0.1268	0.2833	0.4923	0.3042	0.2780	
0.9105	18279     	0.1254	0.2812	0.4900	0.3021	0.2795	
0.9115	18075     	0.1239	0.2791	0.4878	0.3000	0.2810	
0.9125	17871     	0.1225	0.2770	0.4856	0.2979	0.2825	
0.9135	17667     	0.1211	0.2749	0.4833	0.2957	0.2840	
0.9145	17463     	0.1196	0.2729	0.4812	0.2937	0.2855	
0.9155	17259     	0.1182	0.2707	0.4787	0.2915	0.2870	
0.9165	17055     	0.1168	0.2686	0.4763	0.2894	0.2886	
0.9175	16851     	0.1154	0.2664	0.4738	0.2871	0.2902	
0.9185	16647     	0.1139	0.2641	0.4711	0.2848	0.2919	
0.9195	16443     	0.1125	0.2619	0.4685	0.2826	0.2935	
0.9205	16239     	0.1110	0.2598	0.4662	0.2804	0.2952	
0.9215	16035     	0.1096	0.2576	0.4637	0.2782	0.2968	
0.9225	15831     	0.1082	0.2554	0.4611	0.2760	0.2985	
0.9235	15627     	0.1068	0.2531	0.4582	0.2736	0.3002	
0.9245	15423     	0.1054	0.2509	0.4556	0.2714	0.3019	
0.9255	15219     	0.1039	0.2487	0.4531	0.2691	0.3037	
0.9265	15015     	0.1025	0.2464	0.4503	0.2668	0.3055	
0.9275	14811     	0.1011	0.2442	0.4476	0.2645	0.3072	
0.9285	14607     	0.0997	0.2419	0.4448	0.2622	0.3090	
0.9295	14403     	0.0982	0.2396	0.4420	0.2599	0.3109	
0.9305	14199     	0.0968	0.2373	0.4392	0.2575	0.3127	
0.9315	13995     	0.0953	0.2349	0.4361	0.2551	0.3147	
0.9325	13791     	0.0939	0.2326	0.4333	0.2527	0.3166	
0.9335	13587     	0.0924	0.2303	0.4305	0.2503	0.3185	
0.9345	13383     	0.0910	0.2279	0.4275	0.2479	0.3205	
0.9355	13179     	0.0896	0.2256	0.4245	0.2455	0.3224	
0.9365	12975     	0.0881	0.2233	0.4216	0.2432	0.3244	
0.9375	12771     	0.0866	0.2208	0.4182	0.2406	0.3265	
0.9385	12567     	0.0852	0.2184	0.4152	0.2381	0.3286	
0.9395	12363     	0.0837	0.2159	0.4117	0.2355	0.3308	
0.9405	12159     	0.0823	0.2134	0.4081	0.2329	0.3329	
0.9415	11955     	0.0809	0.2109	0.4045	0.2303	0.3352	
0.9425	11751     	0.0794	0.2085	0.4016	0.2278	0.3373	
0.9435	11547     	0.0780	0.2057	0.3971	0.2248	0.3398	
0.9445	11343     	0.0766	0.2032	0.3935	0.2222	0.3420	
0.9455	11139     	0.0751	0.2007	0.3901	0.2196	0.3443	
0.9465	10935     	0.0737	0.1981	0.3862	0.2169	0.3468	
0.9475	10731     	0.0723	0.1955	0.3825	0.2142	0.3492	
0.9485	10527     	0.0708	0.1928	0.3785	0.2114	0.3517	
0.9495	10323     	0.0695	0.1901	0.3741	0.2085	0.3542	
0.9505	10119     	0.0680	0.1873	0.3700	0.2056	0.3568	
0.9515	9915      	0.0666	0.1847	0.3659	0.2028	0.3594	
0.9525	9711      	0.0652	0.1819	0.3618	0.1999	0.3621	
0.9535	9507      	0.0637	0.1791	0.3575	0.1970	0.3648	
0.9545	9303      	0.0623	0.1764	0.3533	0.1941	0.3676	
0.9555	9099      	0.0609	0.1736	0.3488	0.1911	0.3704	
0.9565	8895      	0.0595	0.1708	0.3442	0.1881	0.3732	
0.9575	8691      	0.0581	0.1679	0.3397	0.1851	0.3762	
0.9585	8487      	0.0566	0.1649	0.3346	0.1819	0.3793	
0.9595	8283      	0.0552	0.1619	0.3297	0.1787	0.3825	
0.9605	8079      	0.0539	0.1589	0.3243	0.1754	0.3855	
0.9615	7875      	0.0525	0.1559	0.3191	0.1722	0.3888	
0.9625	7671      	0.0511	0.1527	0.3135	0.1688	0.3922	
0.9635	7467      	0.0496	0.1497	0.3084	0.1655	0.3956	
0.9645	7263      	0.0482	0.1466	0.3032	0.1623	0.3990	
0.9655	7059      	0.0468	0.1436	0.2981	0.1590	0.4025	
0.9665	6855      	0.0453	0.1404	0.2924	0.1556	0.4062	
0.9674	6651      	0.0439	0.1373	0.2869	0.1522	0.4099	
0.9684	6447      	0.0425	0.1340	0.2813	0.1487	0.4138	
0.9694	6243      	0.0410	0.1308	0.2758	0.1453	0.4177	
0.9704	6039      	0.0396	0.1275	0.2696	0.1417	0.4219	
0.9714	5835      	0.0382	0.1241	0.2636	0.1381	0.4262	
0.9724	5631      	0.0367	0.1207	0.2575	0.1344	0.4306	
0.9734	5427      	0.0353	0.1173	0.2511	0.1307	0.4351	
0.9744	5223      	0.0339	0.1137	0.2446	0.1268	0.4399	
0.9754	5019      	0.0324	0.1102	0.2380	0.1230	0.4448	
0.9764	4815      	0.0310	0.1065	0.2309	0.1189	0.4499	
0.9774	4611      	0.0295	0.1028	0.2239	0.1149	0.4553	
0.9784	4407      	0.0281	0.0991	0.2169	0.1109	0.4608	
0.9794	4203      	0.0266	0.0954	0.2098	0.1068	0.4665	
0.9804	3999      	0.0252	0.0914	0.2021	0.1025	0.4726	
0.9814	3795      	0.0238	0.0875	0.1944	0.0982	0.4789	
0.9824	3591      	0.0224	0.0836	0.1866	0.0939	0.4855	
0.9834	3387      	0.0210	0.0793	0.1778	0.0892	0.4926	
0.9844	3183      	0.0196	0.0752	0.1693	0.0846	0.4999	
0.9854	2979      	0.0182	0.0708	0.1603	0.0798	0.5079	
0.9864	2775      	0.0168	0.0665	0.1512	0.0750	0.5162	
0.9874	2571      	0.0155	0.0620	0.1418	0.0700	0.5251	
0.9884	2367      	0.0141	0.0575	0.1321	0.0650	0.5347	
0.9894	2163      	0.0127	0.0529	0.1222	0.0598	0.5450	
0.9904	1959      	0.0114	0.0482	0.1123	0.0546	0.5562	
0.9914	1755      	0.0100	0.0433	0.1013	0.0491	0.5689	
0.9924	1551      	0.0087	0.0381	0.0898	0.0433	0.5832	
0.9934	1347      	0.0073	0.0330	0.0785	0.0375	0.5992	
0.9944	1143      	0.0060	0.0275	0.0662	0.0314	0.6178	
0.9954	939       	0.0047	0.0223	0.0542	0.0255	0.6384	
0.9964	735       	0.0038	0.0185	0.0455	0.0212	0.6562	
0.9974	531       	0.0028	0.0142	0.0351	0.0163	0.6796	
0.9984	327       	0.0017	0.0090	0.0225	0.0103	0.7151	
0.9994	123       	0.0007	0.0036	0.0091	0.0042	0.7743	
1.0000	0         	0.0000	0.0000	0.0000	0.0000	1.0000	
